# Det2
#x y z Px Py Pz t PDGid EventID TrackID ParentID Weight Edep VisibleEdep Ntracks
-6.25944 -0.106223 -7.9 -3.83369 0.990729 1887.63 3.36199 11 1 1 0 1 25.5404 25.5404 231 
-0.511153 6.07476 -7.9 5.38265 -17.0169 2097.21 3.36199 11 2 1 0 1 28.4869 28.4869 217 
4.62716 -1.3312 -7.9 48.9324 16.1567 1187.27 3.36202 11 3 1 0 1 18.884 18.884 296 
9.63586 2.47982 -7.9 8.67022 -7.07039 3819.88 3.36199 11 4 1 0 1 118.845 118.845 992 
-4.63541 -2.16494 -7.9 1.83779 -0.710662 2330.36 3.36199 11 5 1 0 1 50.9184 50.9184 376 
5.59263 14.0197 -7.9 -7.37984 3.06545 4821.93 3.36199 11 6 1 0 1 7.87644 7.87644 121 
0.489651 14.3188 -7.9 -5.65476 0.780693 5258.79 3.36199 11 7 1 0 1 66.9823 66.9823 745 
11.047 -2.6391 -7.9 4.23907 -3.33155 9329.94 3.36199 11 8 1 0 1 40.6918 40.6918 321 
-3.8854 -1.51109 -7.9 -6.01567 10.4141 1908.09 3.36199 11 9 1 0 1 9.13159 9.13159 99 
5.16089 -2.63366 -7.9 -7.22404 -0.620041 9971.03 3.36199 11 10 1 0 1 25.6801 25.6801 275 
6.59332 10.5361 -7.9 -16.0641 0.736026 86.3937 3.36202 11 11 1 0 1 66.6619 66.6619 476 
-2.36319 4.28 -7.9 2.1952 -1.49773 362.397 3.36199 11 12 1 0 1 40.1436 40.1436 294 
10.1106 4.35214 -7.9 3.08747 -4.88118 2878.84 3.36199 11 13 1 0 1 12.877 12.877 80 
8.95118 8.16853 -7.9 -2.9615 -3.6193 6179.83 3.36199 11 14 1 0 1 8.96508 8.96508 89 
-0.427581 -13.3603 -7.9 3.46982 -7.42551 7349.18 3.36199 11 15 1 0 1 39.4459 39.4459 476 
4.17612 5.65378 -7.9 1.70162 0.248328 139.055 3.36199 11 16 1 0 1 99.1525 99.1525 779 
-2.38691 -10.9586 -7.9 5.22768 -11.082 9856.77 3.36199 11 17 1 0 1 8.26069 8.26069 85 
-0.154358 9.95107 -7.9 -3.36699 1.65101 6796.69 3.36199 11 18 1 0 1 31.4807 31.4807 241 
3.87709 -9.02088 -7.9 -4.90204 3.65365 6803.41 3.36199 11 19 1 0 1 85.3455 85.3455 770 
-5.24333 5.89976 -7.9 -1.3663 -4.72891 3568.19 3.36199 11 20 1 0 1 40.5587 40.5587 585 
4.33293 -3.96963 -7.9 3.3905 2.18947 1438.64 3.36199 11 21 1 0 1 14.7178 14.7178 235 
-3.86439 12.7611 -7.9 -17.3212 7.24883 8865.69 3.36199 11 22 1 0 1 63.0449 63.0449 539 
7.02117 2.76047 -7.9 2.91085 10.6305 7448.81 3.36199 11 23 1 0 1 14.3413 14.3413 164 
-2.10896 4.26773 -7.9 -2.00234 0.654062 7578.49 3.36199 11 24 1 0 1 46.0652 46.0652 527 
-8.1686 2.00878 -7.9 1.11621 -0.632 5828.17 3.36199 11 25 1 0 1 27.4801 27.4801 200 
5.55514 -4.6525 -7.9 0.432822 -0.516168 9859.5 3.36199 11 26 1 0 1 15.6508 15.6508 97 
-4.60333 3.08653 -7.9 14.2955 6.06591 9036.03 3.36199 11 27 1 0 1 8.17648 8.17648 118 
1.03953 -5.21079 -7.9 3.94066 -5.39847 4433.23 3.36199 11 28 1 0 1 103.532 103.532 1029 
3.48843 -2.21587 -7.9 -10.3898 -4.44316 1328.96 3.36199 11 29 1 0 1 22.0869 22.0869 331 
-1.92398 -11.9954 -7.9 8.1971 -0.0840699 2757.86 3.36199 11 30 1 0 1 37.1381 37.1381 449 
4.23449 8.74366 -7.9 3.18937 11.1877 7345.06 3.36199 11 31 1 0 1 28.1096 28.1096 296 
-3.58147 4.29527 -7.9 2.29583 -4.81892 993.832 3.36199 11 32 1 0 1 65.6124 65.6124 743 
0.188933 2.60805 -7.9 5.52343 5.1259 738.98 3.36199 11 33 1 0 1 94.7363 94.7363 941 
7.69067 8.53751 -7.9 -12.2377 5.82085 8696.35 3.36199 11 34 1 0 1 25.7788 25.7788 224 
-4.31068 -9.67958 -7.9 -0.194029 0.944959 5463.92 3.36199 11 35 1 0 1 78.5797 78.5797 548 
-1.89111 -0.0575223 -7.9 5.57061 -0.205208 9535.66 3.36199 11 36 1 0 1 8.53303 8.53303 206 
-7.24723 -2.53707 -7.9 5.46679 -13.84 5053.52 3.36199 11 37 1 0 1 34.3751 34.3751 362 
0.3459 -0.0500637 -7.9 8.2948 -0.323193 9443.28 3.36199 11 38 1 0 1 26.8603 26.8603 303 
-0.0137497 -7.1141 -7.9 2.17398 2.5123 8419.02 3.36199 11 39 1 0 1 30.0457 30.0457 318 
-6.94371 2.66247 -7.9 -6.95994 -0.594894 9911.12 3.36199 11 40 1 0 1 44.3162 44.3162 442 
8.87812 -3.50673 -7.9 -12.9352 -5.09622 8285.22 3.36199 11 41 1 0 1 48.4153 48.4153 408 
2.24248 2.23283 -7.9 0.121138 2.03155 9354.54 3.36199 11 42 1 0 1 25.085 25.085 310 
12.4195 6.68019 -7.9 -2.1878 2.10923 20.4298 3.36249 11 43 1 0 1 14.4667 14.4667 119 
-7.66106 3.28441 -7.9 7.07844 7.27182 2921.72 3.36199 11 44 1 0 1 23.6825 23.6825 378 
0.90725 -3.82351 -7.9 4.64898 4.03665 6355.35 3.36199 11 45 1 0 1 56.6942 56.6942 541 
13.6671 5.65592 -7.9 -11.2814 -3.45336 4232.27 3.36199 11 46 1 0 1 49.4153 49.4153 556 
5.40484 -1.77694 -7.9 15.4028 8.22826 8737.88 3.36199 11 47 1 0 1 46.6748 46.6748 414 
2.17763 -1.44821 -7.9 -3.06614 -0.542029 2741.83 3.36199 11 48 1 0 1 12.5617 12.5617 300 
-8.18652 -5.30254 -7.9 -3.46345 -22.1163 9923.09 3.36199 11 49 1 0 1 24.5735 24.5735 156 
15.323 -0.32329 -7.9 -7.21798 12.2056 4614.6 3.36199 11 50 1 0 1 41.765 41.765 324 
-0.228797 0.628034 -7.9 -1.21881 11.7721 3341.39 3.36199 11 51 1 0 1 8.36845 8.36845 185 
-3.59167 10.5335 -7.9 7.21445 -6.85744 4342.22 3.36199 11 52 1 0 1 19.4196 19.4196 245 
-7.29113 -3.70723 -7.9 -7.35241 -0.499 2351.58 3.36199 11 53 1 0 1 6.97882 6.97882 68 
4.5826 -2.67547 -7.9 -6.69405 11.2278 8094.75 3.36199 11 54 1 0 1 30.1232 30.1232 345 
7.28336 -4.66975 -7.9 6.77162 1.40999 8023.28 3.36199 11 55 1 0 1 39.5904 39.5904 391 
1.39013 5.91429 -7.9 -3.25995 -11.5814 9853.62 3.36199 11 56 1 0 1 16.2155 16.2155 231 
11.7189 8.37863 -7.9 -4.7426 -7.5774 9951.56 3.36199 11 57 1 0 1 20.1476 20.1476 319 
3.0246 -13.5765 -7.9 0.1129 -8.43629 9915.96 3.36199 11 58 1 0 1 38.2425 38.2425 478 
3.76874 -0.738937 -7.9 -12.2688 1.67828 9813.19 3.36199 11 59 1 0 1 34.7819 34.7819 385 
-11.2691 6.9093 -7.9 11.4944 -6.8655 445.02 3.36199 11 60 1 0 1 58.5859 58.5859 488 
-0.552034 -5.47819 -7.9 3.40093 7.60065 1087.05 3.36199 11 61 1 0 1 29.7842 29.7842 299 
5.63223 -11.3254 -7.9 4.23803 -20.305 3713.5 3.36199 11 62 1 0 1 49.9749 49.9749 535 
3.86375 -2.50304 -7.9 10.5272 8.66309 3044.32 3.36199 11 63 1 0 1 8.98688 8.98688 158 
4.3356 -6.4934 -7.9 -9.86452 14.882 6369.8 3.36199 11 64 1 0 1 62.4091 62.4091 626 
5.67686 -0.469958 -7.9 -0.851418 3.49915 2180.75 3.36199 11 65 1 0 1 47.7762 47.7762 442 
6.34676 1.24273 -7.9 2.76001 15.026 6305.75 3.36199 11 66 1 0 1 16.232 16.232 94 
-1.61813 -1.28545 -7.9 -6.62125 -6.13309 9119.32 3.36199 11 67 1 0 1 37.7216 37.7216 415 
3.47856 0.417433 -7.9 -2.16195 -8.56332 6629.11 3.36199 11 68 1 0 1 21.9737 21.9737 315 
10.768 4.86173 -7.9 1.46327 7.07242 8899.23 3.36199 11 69 1 0 1 40.0436 40.0436 431 
0.529533 1.97134 -7.9 -8.7142 12.9247 8904.37 3.36199 11 70 1 0 1 129.229 129.229 1002 
4.64341 13.3154 -7.9 -8.51287 -8.26583 1687.92 3.36199 11 71 1 0 1 69.6043 69.6043 703 
-1.20087 1.84341 -7.9 11.7075 -2.76491 9127.95 3.36199 11 72 1 0 1 32.234 32.234 402 
2.18616 1.61457 -7.9 0.663515 7.81269 8896.33 3.36199 11 73 1 0 1 23.7415 23.7415 242 
-2.79909 3.60248 -7.9 -3.092 1.30511 1381.29 3.36199 11 74 1 0 1 25.377 25.377 272 
2.34575 2.354 -7.9 3.53683 9.40444 7518.53 3.36199 11 75 1 0 1 28.0034 28.0034 232 
2.79847 0.73047 -7.9 3.80591 -0.745855 3292.07 3.36199 11 76 1 0 1 15.4941 15.4941 281 
-3.31177 7.82159 -7.9 10.0959 -8.82124 6419.21 3.36199 11 77 1 0 1 7.24649 7.24649 76 
0.242332 -4.10405 -7.9 0.945969 0.428137 1642.32 3.36199 11 78 1 0 1 46.0356 46.0356 494 
-10.3702 -0.086213 -7.9 -11.3066 -3.24277 971.883 3.36199 11 79 1 0 1 102.68 102.68 1076 
7.74163 -0.761966 -7.9 -7.55238 2.5816 8797.29 3.36199 11 80 1 0 1 29.832 29.832 260 
-7.66023 6.6287 -7.9 13.6614 -14.9023 9994.19 3.36199 11 81 1 0 1 22.0441 22.0441 178 
-1.3737 -4.30298 -7.9 13.5128 9.31578 8744.86 3.36199 11 82 1 0 1 16.5111 16.5111 249 
-1.39521 -0.8488 -7.9 7.4061 -4.65214 3770.22 3.36199 11 83 1 0 1 29.3745 29.3745 360 
8.95377 4.0558 -7.9 6.62193 12.4267 9080.01 3.36199 11 84 1 0 1 28.8282 28.8282 171 
-9.20655 6.1493 -7.9 1.54455 4.59085 8675.68 3.36199 11 85 1 0 1 21.3005 21.3005 251 
-5.73844 2.76661 -7.9 -14.8657 1.43506 9206.37 3.36199 11 86 1 0 1 26.5265 26.5265 398 
-8.12205 8.01037 -7.9 9.6504 4.62785 7771.31 3.36199 11 87 1 0 1 37.0352 37.0352 491 
2.8332 -6.51858 -7.9 0.488035 -6.88699 7707.07 3.36199 11 88 1 0 1 18.6951 18.6951 211 
-2.07616 2.03712 -7.9 -3.34534 -15.3445 9847.54 3.36199 11 89 1 0 1 11.1812 11.1812 176 
3.47525 9.93222 -7.9 7.08391 8.70615 7009.63 3.36199 11 90 1 0 1 98.1469 98.1469 1002 
12.7886 -6.69978 -7.9 11.6054 -15.0617 9107.74 3.36199 11 91 1 0 1 50.228 50.228 485 
-4.86177 5.97604 -7.9 -26.7331 -10.5267 8499.45 3.36199 11 92 1 0 1 26.1052 26.1052 301 
-5.72342 -1.02319 -7.9 7.99295 -18.2941 6111.91 3.36199 11 93 1 0 1 18.0675 18.0675 218 
5.9095 6.83587 -7.9 -11.8208 1.87111 510.218 3.36199 11 94 1 0 1 27.6913 27.6913 404 
-1.92774 -25.5417 -7.9 2.41157 -5.05144 7181.8 3.36199 11 95 1 0 1 39.6722 39.6722 551 
-1.32867 -12.9534 -7.9 0.349823 5.24966 69.2214 3.36199 11 96 1 0 1 23.4385 23.4385 229 
-3.8569 1.4307 -7.9 -10.8166 0.801599 1042.13 3.36199 11 97 1 0 1 20.2053 20.2053 281 
-3.01504 -3.30408 -7.9 -1.43533 9.16727 9385.04 3.36199 11 98 1 0 1 8.26198 8.26198 127 
1.05698 -8.51348 -7.9 -10.6492 3.64185 2345.04 3.36199 11 99 1 0 1 43.5402 43.5402 322 
-2.16832 -4.84038 -7.9 -4.87134 -18.9112 284.211 3.362 11 100 1 0 1 13.8354 13.8354 144 
-1.95435 5.57102 -7.9 9.6131 -2.04763 8155.63 3.36199 11 101 1 0 1 10.5023 10.5023 224 
8.14721 6.64544 -7.9 2.93342 14.2313 4900.34 3.36199 11 102 1 0 1 49.6036 49.6036 326 
7.55688 -2.02942 -7.9 -12.4388 13.6583 9895.09 3.36199 11 103 1 0 1 15.5033 15.5033 186 
-4.82212 -1.32251 -7.9 -1.06985 -4.03594 5129.21 3.36199 11 104 1 0 1 34.6051 34.6051 367 
1.58742 2.8871 -7.9 0.0568563 0.293456 2681.28 3.36199 11 105 1 0 1 55.0975 55.0975 776 
-4.50841 -1.36945 -7.9 -1.28295 12.9316 9428.16 3.36199 11 106 1 0 1 26.716 26.716 149 
8.84295 -2.70966 -7.9 -6.00813 -5.92473 403.984 3.362 11 107 1 0 1 41.5015 41.5015 297 
-1.71969 9.64331 -7.9 4.23013 -4.83347 2319.03 3.36199 11 108 1 0 1 42.6147 42.6147 500 
-0.649738 -3.63259 -7.9 0.794103 2.65818 7502.67 3.36199 11 109 1 0 1 71.7052 71.7052 827 
10.0604 -1.09972 -7.9 -13.1734 -15.2778 9828.98 3.36199 11 110 1 0 1 31.9424 31.9424 185 
-1.06871 -5.14567 -7.9 3.80816 -0.242258 5179.7 3.36199 11 111 1 0 1 32.3433 32.3433 304 
-2.76293 1.27578 -7.9 -3.56911 -3.23037 759.981 3.36199 11 112 1 0 1 39.1154 39.1154 392 
7.75081 15.486 -7.9 5.91295 2.47726 2175.23 3.36199 11 113 1 0 1 23.0313 23.0313 281 
7.12989 2.71209 -7.9 -4.34018 5.35412 1466.77 3.36199 11 114 1 0 1 63.7052 63.7052 591 
2.96631 -0.844947 -7.9 4.13225 18.1849 6772.53 3.36199 11 115 1 0 1 38.3087 38.3087 446 
-10.0207 1.76645 -7.9 11.135 -0.548353 9168.01 3.36199 11 116 1 0 1 42.7833 42.7833 376 
-6.85973 -7.31466 -7.9 -9.71425 -18.368 5017.56 3.36199 11 117 1 0 1 9.29628 9.29628 26 
4.72681 1.63189 -7.9 2.98916 -0.0359891 8332.76 3.36199 11 118 1 0 1 22.2366 22.2366 171 
3.6102 -3.85469 -7.9 -9.1535 -4.03614 9853.86 3.36199 11 119 1 0 1 26.3633 26.3633 273 
4.07647 -6.00988 -7.9 5.09581 -1.90693 8303.98 3.36199 11 120 1 0 1 17.1824 17.1824 142 
-5.08294 -7.68871 -7.9 11.5633 -4.78856 9860.64 3.36199 11 121 1 0 1 15.6594 15.6594 165 
3.94508 1.75983 -7.9 4.70315 -5.40593 9182.86 3.36199 11 122 1 0 1 10.1297 10.1297 48 
9.99515 -0.0885022 -7.9 4.98246 33.9444 4751.98 3.36199 11 123 1 0 1 36.1041 36.1041 381 
-11.6097 -3.81863 -7.9 16.5432 -1.80418 9373 3.36199 11 124 1 0 1 54.4053 54.4053 456 
-0.282252 2.37061 -7.9 -7.96323 -10.0741 7805.69 3.36199 11 125 1 0 1 30.9429 30.9429 345 
7.76721 1.10586 -7.9 1.36809 11.706 7636.1 3.36199 11 126 1 0 1 70.4662 70.4662 880 
-4.47816 0.00900766 -7.9 1.92607 0.298328 4546.29 3.36199 11 127 1 0 1 17.9963 17.9963 257 
-12.8089 -2.51194 -7.9 -0.300924 -2.95129 5408.72 3.36199 11 128 1 0 1 28.9017 28.9017 424 
0.981937 0.88624 -7.9 -2.8253 1.86904 2805.7 3.36199 11 129 1 0 1 30.9985 30.9985 442 
-1.23136 -5.24325 -7.9 4.49947 -7.55768 9785.58 3.36199 11 130 1 0 1 17.6802 17.6802 183 
-1.91947 -0.137588 -7.9 -6.63997 -3.65843 9734.65 3.36199 11 131 1 0 1 39.0454 39.0454 179 
-5.83518 -4.79689 -7.9 12.3434 -6.54254 1737.06 3.36199 11 132 1 0 1 47.4482 47.4482 469 
2.27658 3.49718 -7.9 -3.3561 -0.957905 60.1689 3.36199 11 133 1 0 1 16.3853 16.3853 208 
-1.44412 2.78727 -7.9 6.02525 -9.45284 4019.65 3.36199 11 134 1 0 1 54.3095 54.3095 622 
1.94821 3.7503 -7.9 0.679051 0.890455 2666.69 3.36199 11 135 1 0 1 13.7128 13.7128 186 
-6.44717 -6.76629 -7.9 4.07206 9.04177 6184.66 3.36199 11 136 1 0 1 31.2435 31.2435 414 
-0.526351 6.96807 -7.9 -4.62603 2.75385 6767.51 3.36199 11 137 1 0 1 25.5414 25.5414 199 
-0.230929 -2.41196 -7.9 -14.781 -7.36142 8022.52 3.36199 11 138 1 0 1 43.3979 43.3979 401 
2.8157 8.8362 -7.9 -3.88529 -12.9324 5674.02 3.36199 11 139 1 0 1 10.728 10.728 154 
-4.32536 -4.44917 -7.9 0.279965 -4.00313 5954.56 3.36199 11 140 1 0 1 45.4609 45.4609 530 
-7.52541 0.240388 -7.9 -4.35928 -2.88653 8606.34 3.36199 11 141 1 0 1 27.941 27.941 214 
-5.27062 5.04492 -7.9 -1.13494 2.05735 1442.77 3.36199 11 142 1 0 1 62.6289 62.6289 539 
-6.50622 -2.93582 -7.9 -2.11088 2.19443 2096.42 3.36199 11 143 1 0 1 35.0132 35.0132 317 
15.008 -2.74135 -7.9 12.3089 -1.09829 3084.51 3.36199 11 144 1 0 1 57.1923 57.1923 528 
-0.491549 7.5811 -7.9 -11.1935 11.0958 9717.48 3.36199 11 145 1 0 1 38.4574 38.4574 256 
-3.08825 0.126721 -7.9 -7.96251 -9.18843 3097.64 3.36199 11 146 1 0 1 47.0606 47.0606 454 
-7.67639 -4.23244 -7.9 34.1892 -17.3686 2743.63 3.36199 11 147 1 0 1 78.1705 78.1705 554 
-3.47192 -11.9483 -7.9 17.8846 -16.6596 9183.79 3.36199 11 148 1 0 1 25.9208 25.9208 211 
-1.32453 1.59039 -7.9 4.29494 -24.1654 8870.88 3.36199 11 149 1 0 1 36.4641 36.4641 354 
0.728929 -2.7464 -7.9 -1.92426 -0.820126 805.335 3.36199 11 150 1 0 1 18.3346 18.3346 80 
7.27565 2.38573 -7.9 -5.23336 -7.4714 3089.54 3.36199 11 151 1 0 1 96.7374 96.7374 1065 
-1.16512 -2.30633 -7.9 -4.03495 -0.325544 1377.71 3.36199 11 152 1 0 1 59.6359 59.6359 422 
-0.16728 -5.83335 -7.9 2.68854 5.72346 7820.94 3.36199 11 153 1 0 1 85.2875 85.2875 1000 
-3.38092 8.04416 -7.9 5.52691 3.13182 2248.41 3.36199 11 154 1 0 1 38.5301 38.5301 335 
0.0118844 -0.117828 -7.9 7.34672 14.809 6232.1 3.36199 11 155 1 0 1 64.8841 64.8841 531 
-0.28559 5.74339 -7.9 -3.61603 0.216401 8102.99 3.36199 11 156 1 0 1 38.0119 38.0119 541 
4.93454 0.414549 -7.9 18.7382 10.2098 3136.32 3.36199 11 157 1 0 1 53.8454 53.8454 400 
10.5268 8.74924 -7.9 2.16796 15.0549 7974.5 3.36199 11 158 1 0 1 40.779 40.779 575 
-2.90729 -3.42193 -7.9 -24.0341 4.23658 7074.25 3.36199 11 159 1 0 1 29.3622 29.3622 361 
-1.60843 -3.31309 -7.9 4.28547 -2.27976 7546.45 3.36199 11 160 1 0 1 19.2597 19.2597 186 
-1.68798 5.16304 -7.9 6.87542 25.8804 9577.01 3.36199 11 161 1 0 1 8.55985 8.55985 111 
-5.0044 -12.0273 -7.9 -1.28696 3.07293 3066.05 3.36199 11 162 1 0 1 24.1214 24.1214 342 
-3.05594 -2.97632 -7.9 -2.07199 -6.62608 5291.53 3.36199 11 163 1 0 1 50.0981 50.0981 544 
-9.17749 1.42206 -7.9 8.1285 13.1523 9690.93 3.36199 11 164 1 0 1 24.1382 24.1382 146 
2.04376 -4.53624 -7.9 4.93186 -3.80121 3981.02 3.36199 11 165 1 0 1 57.4565 57.4565 896 
12.9016 -12.2182 -7.9 3.80567 19.4397 9312.07 3.36199 11 166 1 0 1 57.0923 57.0923 462 
3.52263 -14.9732 -7.9 7.09306 -0.893787 239.47 3.362 11 167 1 0 1 96.0251 96.0251 910 
0.413581 9.60736 -7.9 -1.64707 -6.03246 218.998 3.36199 11 168 1 0 1 71.0458 71.0458 541 
2.41 -4.89101 -7.9 -1.42666 1.88163 8863.24 3.36199 11 169 1 0 1 13.9747 13.9747 200 
-0.967006 0.619711 -7.9 0.469322 -8.68928 599.68 3.36199 11 170 1 0 1 68.5406 68.5406 579 
4.42181 -6.44981 -7.9 -3.07735 0.963745 4590.8 3.36199 11 171 1 0 1 72.0187 72.0187 673 
-10.7983 4.8222 -7.9 5.58082 2.25447 2499.33 3.36199 11 172 1 0 1 25.2125 25.2125 255 
-1.17317 -5.09241 -7.9 4.53638 -3.66329 1242.82 3.36199 11 173 1 0 1 49.1299 49.1299 340 
12.7424 -2.88904 -7.9 -10.2901 16.3898 1872.72 3.36199 11 174 1 0 1 83.4535 83.4535 848 
-7.13776 2.61565 -7.9 27.5494 0.385554 5229.54 3.36199 11 175 1 0 1 22.5188 22.5188 221 
2.36185 -7.22621 -7.9 7.4783 4.74848 9906.84 3.36199 11 176 1 0 1 29.3021 29.3021 281 
-4.39553 -3.54796 -7.9 -0.287035 9.88535 8105.53 3.36199 11 177 1 0 1 27.4659 27.4659 377 
10.8206 -2.12206 -7.9 -1.98292 -5.74866 7838.51 3.36199 11 178 1 0 1 30.6283 30.6283 258 
-2.69959 -0.491855 -7.9 11.5678 7.71362 2318.57 3.36199 11 179 1 0 1 24.3032 24.3032 230 
5.03226 0.108317 -7.9 2.29107 2.45475 2723.53 3.36199 11 180 1 0 1 43.6765 43.6765 267 
14.3052 5.12829 -7.9 4.99825 -10.4195 6249.68 3.36199 11 181 1 0 1 33.869 33.869 316 
4.5223 -9.15586 -7.9 -1.80409 0.238631 4585.93 3.36199 11 182 1 0 1 26.2539 26.2539 387 
0.536661 3.22206 -7.9 6.19317 6.45632 9872.89 3.36199 11 183 1 0 1 12.3394 12.3394 113 
0.217128 2.23539 -7.9 2.06414 -0.967876 144.764 3.362 11 184 1 0 1 71.3234 71.3234 688 
1.12963 -0.452539 -7.9 -5.905 5.81455 2016.29 3.36199 11 185 1 0 1 73.5682 73.5682 499 
5.00708 8.30812 -7.9 -0.0603607 1.4154 5787.25 3.36199 11 186 1 0 1 91.1374 91.1374 922 
5.07709 -9.57899 -7.9 -7.07834 5.44634 277.362 3.362 11 187 1 0 1 31.7166 31.7166 193 
-3.70623 7.52756 -7.9 3.17263 -23.9797 9690.02 3.36199 11 188 1 0 1 33.2264 33.2264 232 
2.39268 -14.8449 -7.9 -8.13879 0.233963 3191.3 3.36199 11 189 1 0 1 95.2096 95.2096 682 
5.86609 -3.06097 -7.9 -6.03281 2.86362 6343.94 3.36199 11 190 1 0 1 26.7646 26.7646 299 
9.14603 -2.44953 -7.9 -2.32821 2.62715 9010.87 3.36199 11 191 1 0 1 27.9867 27.9867 245 
-4.1257 -3.13361 -7.9 0.480844 5.68611 5283.62 3.36199 11 192 1 0 1 27.906 27.906 315 
1.01319 0.814854 -7.9 -3.04923 10.5496 7196.83 3.36199 11 193 1 0 1 42.1286 42.1286 433 
6.16808 -3.48039 -7.9 -10.1018 4.18824 3435.45 3.36199 11 194 1 0 1 49.992 49.992 442 
-1.23584 -4.4041 -7.9 9.42349 -6.92135 154.116 3.36199 11 195 1 0 1 39.7176 39.7176 566 
8.51147 8.57779 -7.9 0.0428135 -6.83952 709.97 3.36199 11 196 1 0 1 6.29974 6.29974 14 
3.77238 8.06639 -7.9 -2.31561 -24.4479 8727.76 3.36199 11 197 1 0 1 61.1045 61.1045 590 
0.826243 5.00411 -7.9 8.12518 -14.8985 1742.27 3.36199 11 198 1 0 1 131.288 131.288 928 
1.25859 -8.72057 -7.9 -1.02756 -0.030032 9180.5 3.36199 11 199 1 0 1 21.6198 21.6198 282 
4.96682 -4.16029 -7.9 13.4797 14.1118 9211.98 3.36199 11 200 1 0 1 6.64463 6.64463 43 
6.33451 -1.93478 -7.9 11.2107 12.2841 8091.65 3.36199 11 201 1 0 1 35.7387 35.7387 369 
-0.0931622 2.60005 -7.9 13.389 -11.3456 1336.41 3.36199 11 202 1 0 1 11.6996 11.6996 148 
-11.2259 -0.815822 -7.9 -2.34847 -1.51662 9552.96 3.36199 11 203 1 0 1 22.4327 22.4327 244 
6.80147 -14.9463 -7.9 -26.8168 -13.8517 8983.92 3.36199 11 204 1 0 1 67.7551 67.7551 572 
1.9958 -8.27417 -7.9 5.80044 -3.45652 4774.67 3.36199 11 205 1 0 1 13.5252 13.5252 138 
3.36001 -0.23778 -7.9 8.39864 -4.02863 8009.8 3.36199 11 206 1 0 1 46.6593 46.6593 599 
-6.43067 -0.323135 -7.9 4.36241 -11.8015 358.637 3.362 11 207 1 0 1 10.8057 10.8057 146 
8.86307 -0.478821 -7.9 3.30413 -0.838527 3591.76 3.36199 11 208 1 0 1 38.1587 38.1587 642 
-8.97328 0.598299 -7.9 3.3533 12.8405 9641.44 3.36199 11 209 1 0 1 7.31184 7.31184 89 
5.86035 -1.60222 -7.9 4.35051 10.2516 6965.99 3.36199 11 210 1 0 1 7.24843 7.24843 119 
10.9842 8.03319 -7.9 -5.78585 -10.8326 2361.96 3.36199 11 211 1 0 1 125.835 125.835 974 
0.150605 0.159251 -7.9 -12.4314 -0.876473 9122.68 3.36199 11 212 1 0 1 30.4633 30.4633 233 
-1.07307 -4.44678 -7.9 -7.99855 3.88557 134.095 3.36204 11 213 1 0 1 27.8796 27.8796 373 
-7.10907 7.39063 -7.9 2.26203 4.82139 3676.98 3.36199 11 214 1 0 1 55.4701 55.4701 599 
5.71035 0.89835 -7.9 16.3 7.90279 5877.14 3.36199 11 215 1 0 1 58.0358 58.0358 648 
-5.84452 0.916512 -7.9 2.60316 8.68948 8797.1 3.36199 11 216 1 0 1 14.1684 14.1684 223 
6.6347 -1.31667 -7.9 9.1318 -0.632162 5440.85 3.36199 11 217 1 0 1 52.4349 52.4349 531 
0.879329 -1.80503 -7.9 -12.4151 -0.106123 4364.09 3.36199 11 218 1 0 1 25.2694 25.2694 312 
-4.31624 -5.01556 -7.9 8.05965 1.29546 6960.51 3.36199 11 219 1 0 1 24.1243 24.1243 211 
-0.796443 -8.02097 -7.9 -6.68224 5.3317 6893.27 3.36199 11 220 1 0 1 49.1901 49.1901 400 
8.99385 3.15906 -7.9 -3.89003 -8.61373 1726.17 3.36199 11 221 1 0 1 25.5189 25.5189 377 
0.676615 8.96765 -7.9 -0.139881 4.24623 6865.63 3.36199 11 222 1 0 1 21.1019 21.1019 223 
6.56107 4.16432 -7.9 0.251896 3.5941 6264.81 3.36199 11 223 1 0 1 33.4424 33.4424 291 
-6.66298 7.53779 -7.9 -3.79437 -37.6467 9917.48 3.36199 11 224 1 0 1 32.3197 32.3197 283 
3.27481 4.10524 -7.9 2.14326 1.94202 7640.91 3.36199 11 225 1 0 1 21.148 21.148 338 
-0.85354 11.8647 -7.9 -14.063 26.1961 8887.13 3.36199 11 226 1 0 1 21.364 21.364 180 
4.08879 -15.4647 -7.9 -9.61393 2.09998 5746.44 3.36199 11 227 1 0 1 55.1054 55.1054 423 
-2.52155 3.78058 -7.9 0.480019 2.1981 1675.3 3.36199 11 228 1 0 1 36.6325 36.6325 365 
2.38442 -4.96454 -7.9 5.22689 11.4529 2458.72 3.36199 11 229 1 0 1 112.469 112.469 1095 
-10.9195 -5.16107 -7.9 6.68944 8.14413 5294.82 3.36199 11 230 1 0 1 39.2297 39.2297 347 
1.17914 -11.7958 -7.9 -4.57595 12.0238 9458.17 3.36199 11 231 1 0 1 48.9127 48.9127 392 
-3.05763 -1.14103 -7.9 7.43426 -4.62755 4373.91 3.36199 11 232 1 0 1 23.7002 23.7002 302 
1.066 -2.88187 -7.9 -3.7946 13.0276 4378.49 3.36199 11 233 1 0 1 32.9379 32.9379 327 
5.45876 8.88675 -7.9 -3.49906 -2.88226 1636.86 3.36199 11 234 1 0 1 23.8943 23.8943 314 
-4.25192 1.32962 -7.9 5.96289 17.0079 2800.3 3.36199 11 235 1 0 1 35.4106 35.4106 366 
0.619754 -5.13116 -7.9 -11.9329 -3.94754 8988.86 3.36199 11 236 1 0 1 15.4368 15.4368 191 
-2.52981 -1.41072 -7.9 -11.4179 8.46455 6603.69 3.36199 11 237 1 0 1 30.381 30.381 398 
-1.03534 -9.64918 -7.9 6.09543 5.56973 884.071 3.36199 11 238 1 0 1 16.3884 16.3884 184 
10.4251 -1.8674 -7.9 -4.65818 3.04787 6847.24 3.36199 11 239 1 0 1 27.8431 27.8431 374 
-2.83179 5.34892 -7.9 -8.26719 5.18082 6496.91 3.36199 11 240 1 0 1 119.485 119.485 853 
2.12598 -4.98291 -7.9 -3.30063 3.29344 5125.65 3.36199 11 241 1 0 1 42.1698 42.1698 508 
-2.01295 3.9067 -7.9 -1.4225 10.0763 2554.46 3.36199 11 242 1 0 1 55.8191 55.8191 566 
-1.88479 2.20077 -7.9 -0.356328 -2.92692 737.322 3.36199 11 243 1 0 1 19.4588 19.4588 262 
2.30414 -6.20759 -7.9 -11.0403 -18.8642 4442.12 3.36199 11 244 1 0 1 57.1844 57.1844 667 
-11.6957 3.07169 -7.9 1.47977 16.0374 780.035 3.36199 11 245 1 0 1 25.4656 25.4656 253 
8.48439 3.5381 -7.9 5.78297 -8.92083 6961.52 3.36199 11 246 1 0 1 60.6192 60.6192 599 
-8.15893 0.249971 -7.9 23.1729 19.0557 8457.67 3.36199 11 247 1 0 1 14.1589 14.1589 252 
-7.04801 -6.19758 -7.9 -1.47912 -3.7147 3018.38 3.36199 11 248 1 0 1 32.5891 32.5891 397 
3.18747 8.87663 -7.9 13.5241 -6.01801 8799.83 3.36199 11 249 1 0 1 37.2352 37.2352 420 
4.91403 -13.7573 -7.9 -4.99371 4.42835 6289.46 3.36199 11 250 1 0 1 38.256 38.256 274 
-0.383942 -2.59855 -7.9 -0.463248 0.030121 6873.67 3.36199 11 251 1 0 1 54.9881 54.9881 509 
-6.47636 -8.14121 -7.9 22.4941 -0.0339974 6633.07 3.36199 11 252 1 0 1 51.9883 51.9883 482 
4.55094 2.49295 -7.9 -5.72416 -6.75999 8004.83 3.36199 11 253 1 0 1 35.5431 35.5431 351 
8.43401 2.34269 -7.9 17.4333 -14.4066 7390.94 3.36199 11 254 1 0 1 56.576 56.576 536 
0.478839 -3.87925 -7.9 -12.3816 -0.596468 228.535 3.362 11 255 1 0 1 10.0621 10.0621 78 
-6.16809 -0.490805 -7.9 0.71551 -4.43683 121.917 3.362 11 256 1 0 1 22.3708 22.3708 225 
8.31033 -9.3806 -7.9 -11.906 -6.8334 5966.39 3.36199 11 257 1 0 1 78.8755 78.8755 729 
-4.44898 4.15858 -7.9 9.67452 -5.19955 9341.16 3.36199 11 258 1 0 1 45.3011 45.3011 436 
-11.0605 9.56378 -7.9 28.9285 -3.9357 7776.92 3.36199 11 259 1 0 1 40.7653 40.7653 641 
6.93564 -8.5636 -7.9 -6.86822 0.247467 8897.89 3.36199 11 260 1 0 1 24.0919 24.0919 220 
-1.21288 4.83171 -7.9 -1.4212 -7.94013 5965.56 3.36199 11 261 1 0 1 20.1451 20.1451 304 
2.91959 -5.21885 -7.9 4.93967 -12.9684 9975.61 3.36199 11 262 1 0 1 17.4544 17.4544 299 
4.53371 12.0621 -7.9 0.665305 -5.24452 3547.05 3.36199 11 263 1 0 1 27.927 27.927 316 
10.5438 7.19048 -7.9 1.15035 -6.51956 7880.53 3.36199 11 264 1 0 1 16.4356 16.4356 135 
5.77925 0.766421 -7.9 0.786117 -4.73699 2287.79 3.36199 11 265 1 0 1 10.1464 10.1464 204 
-1.30002 2.75875 -7.9 2.09288 21.8637 9830.98 3.36199 11 266 1 0 1 7.59019 7.59019 127 
0.334728 -2.62276 -7.9 -9.47446 -3.62538 1463.9 3.36199 11 267 1 0 1 34.7846 34.7846 315 
-3.76234 12.4674 -7.9 6.66142 5.87668 8854.65 3.36199 11 268 1 0 1 18.7309 18.7309 279 
5.36967 0.0145922 -7.9 -22.5158 2.37557 7270.66 3.36199 11 269 1 0 1 46.0959 46.0959 645 
-10.1832 3.16292 -7.9 5.42186 -6.63345 5098.66 3.36199 11 270 1 0 1 58.9225 58.9225 561 
-10.1834 -12.591 -7.9 8.15935 16.851 9496.74 3.36199 11 271 1 0 1 42.8427 42.8427 509 
2.63854 5.77722 -7.9 -9.8152 12.7576 170.061 3.36207 11 272 1 0 1 39.9003 39.9003 350 
-3.31747 1.45261 -7.9 -4.41869 -3.28878 609.632 3.36199 11 273 1 0 1 157.713 157.713 1486 
-0.707564 -2.87987 -7.9 -6.77528 -5.41541 4607.77 3.36199 11 274 1 0 1 40.9677 40.9677 516 
0.852582 1.33044 -7.9 -4.527 -7.58297 9143.99 3.36199 11 275 1 0 1 51.9825 51.9825 429 
10.6572 0.657277 -7.9 -21.9407 1.24229 9021.21 3.36199 11 276 1 0 1 25.0084 25.0084 152 
9.42425 2.82339 -7.9 5.3245 -2.3339 8213.32 3.36199 11 277 1 0 1 48.7638 48.7638 577 
-0.536279 -3.12963 -7.9 0.751382 7.6938 5332.19 3.36199 11 278 1 0 1 41.7611 41.7611 457 
-5.50308 -11.7175 -7.9 1.22419 -3.07043 3553.84 3.36199 11 279 1 0 1 14.4564 14.4564 149 
-5.78126 -5.88043 -7.9 7.44693 -2.88452 8444.11 3.36199 11 280 1 0 1 12.7388 12.7388 164 
-7.19396 2.21527 -7.9 -5.50154 5.06096 9307.65 3.36199 11 281 1 0 1 18.3988 18.3988 137 
2.58374 4.05478 -7.9 -5.04235 -12.1543 9699.59 3.36199 11 282 1 0 1 64.625 64.625 520 
-3.22155 -1.2613 -7.9 13.5318 -1.07625 7977.33 3.36199 11 283 1 0 1 16.1633 16.1633 320 
0.646586 -8.03848 -7.9 -27.9271 -2.62634 8951.29 3.36199 11 284 1 0 1 41.8651 41.8651 508 
4.23365 -3.22427 -7.9 9.24352 4.31947 6834.35 3.36199 11 285 1 0 1 54.2944 54.2944 495 
-15.2596 -5.08019 -7.9 -10.0572 -0.136229 338.247 3.362 11 286 1 0 1 56.4283 56.4283 552 
-4.85623 -5.73031 -7.9 -9.19022 -2.62503 617.391 3.36199 11 287 1 0 1 26.9878 26.9878 358 
2.34833 -8.29997 -7.9 3.74963 -8.71247 3685.56 3.36199 11 288 1 0 1 89.1198 89.1198 701 
-3.29101 -3.02137 -7.9 10.9613 10.8638 4565.58 3.36199 11 289 1 0 1 29.4075 29.4075 179 
-5.83346 -4.63837 -7.9 -5.1366 -5.03193 4570.09 3.36199 11 290 1 0 1 29.1746 29.1746 386 
-2.06986 -4.60239 -7.9 -3.62753 10.3019 3596.51 3.36199 11 291 1 0 1 30.407 30.407 314 
4.42171 -0.169141 -7.9 3.95027 2.3628 9905.79 3.36199 11 292 1 0 1 16.3051 16.3051 84 
2.60345 -4.03152 -7.9 -2.49569 1.99127 132.706 3.36199 11 293 1 0 1 34.0653 34.0653 393 
-5.37307 7.6918 -7.9 -14.3993 -5.10935 6523.34 3.36199 11 294 1 0 1 44.4298 44.4298 487 
0.27687 -4.48274 -7.9 -6.55124 1.72757 5844.8 3.36199 11 295 1 0 1 34.5139 34.5139 286 
-0.244618 2.08415 -7.9 12.6534 -1.12432 6536.89 3.36199 11 296 1 0 1 71.2096 71.2096 745 
2.60515 -1.83739 -7.9 3.44035 -1.74318 2144.34 3.36199 11 297 1 0 1 64.7163 64.7163 370 
3.25622 4.05243 -7.9 -11.3666 8.4015 2013.4 3.36199 11 298 1 0 1 67.8452 67.8452 833 
8.52936 1.07506 -7.9 -17.7582 9.20284 9195.11 3.36199 11 299 1 0 1 37.368 37.368 596 
2.16977 -0.207042 -7.9 -3.43388 -11.8679 5028.2 3.36199 11 300 1 0 1 41.8183 41.8183 299 
6.07013 3.1304 -7.9 -3.60693 1.74497 1521.74 3.36199 11 301 1 0 1 7.83693 7.83693 58 
-3.13022 -4.79948 -7.9 -0.34128 -4.7204 1143.18 3.36199 11 302 1 0 1 41.9036 41.9036 573 
4.93125 0.885386 -7.9 2.14381 5.99747 9798.67 3.36199 11 303 1 0 1 18.2588 18.2588 259 
-2.903 -8.1737 -7.9 -13.1644 9.21379 9117.7 3.36199 11 304 1 0 1 26.1696 26.1696 336 
9.82317 4.84499 -7.9 -17.3987 -5.97853 9247.79 3.36199 11 305 1 0 1 21.8542 21.8542 427 
5.55553 3.3501 -7.9 -1.00855 -9.07695 1690.83 3.36199 11 306 1 0 1 17.8847 17.8847 290 
5.56862 0.151503 -7.9 -7.31682 6.96436 6539.09 3.36199 11 307 1 0 1 50.2007 50.2007 530 
-2.44005 -8.11334 -7.9 3.53852 -3.12048 9689.12 3.36199 11 308 1 0 1 9.14872 9.14872 164 
3.59545 -0.422649 -7.9 -9.1901 -9.90847 9673.18 3.36199 11 309 1 0 1 10.9209 10.9209 85 
3.39383 -5.13795 -7.9 -5.67045 1.472 856.133 3.36199 11 310 1 0 1 52.185 52.185 518 
5.43758 -6.57244 -7.9 2.62542 4.52235 8076.42 3.36199 11 311 1 0 1 72.6718 72.6718 717 
3.61387 -3.73839 -7.9 10.5991 0.619705 6390.07 3.36199 11 312 1 0 1 51.9085 51.9085 398 
-11.9328 5.14629 -7.9 -6.1795 1.13096 2610.29 3.36199 11 313 1 0 1 36.7924 36.7924 405 
5.99371 -11.8919 -7.9 -15.405 15.8407 9838.72 3.36199 11 314 1 0 1 17.1349 17.1349 180 
-1.30908 5.14313 -7.9 17.0342 -0.937747 8866.74 3.36199 11 315 1 0 1 18.912 18.912 320 
12.1773 9.33349 -7.9 0.155047 -0.762577 1943.62 3.36199 11 316 1 0 1 23.4067 23.4067 222 
3.07072 4.65568 -7.9 -1.62849 5.50603 5484.69 3.36199 11 317 1 0 1 48.555 48.555 501 
3.83549 -5.46199 -7.9 -0.566126 2.13618 9572.9 3.36199 11 318 1 0 1 17.6212 17.6212 91 
5.20889 -4.88363 -7.9 1.09023 5.4382 3570.89 3.36199 11 319 1 0 1 40.2231 40.2231 533 
1.00153 3.12675 -7.9 6.45047 -0.793939 5228.83 3.36199 11 320 1 0 1 23.2248 23.2248 299 
3.31018 3.39896 -7.9 -3.45043 3.23385 1548.55 3.36199 11 321 1 0 1 10.1848 10.1848 73 
9.47175 -5.17681 -7.9 3.90732 0.873532 1833.99 3.36199 11 322 1 0 1 35.5823 35.5823 328 
-4.11835 -0.0246816 -7.9 1.97792 -9.05341 8569.95 3.36199 11 323 1 0 1 11.8483 11.8483 92 
-6.08832 -2.03441 -7.9 0.998493 -0.783656 498.528 3.36199 11 324 1 0 1 46.7904 46.7904 382 
-4.30895 -5.12987 -7.9 0.896438 7.86595 8437.63 3.36199 11 325 1 0 1 53.1618 53.1618 474 
-3.72964 12.4422 -7.9 12.8115 8.28898 1412.09 3.36199 11 326 1 0 1 28.1477 28.1477 331 
-3.50274 -3.03988 -7.9 -4.76496 -8.73216 8531.01 3.36199 11 327 1 0 1 10.0075 10.0075 153 
7.9904 2.61541 -7.9 -5.77176 2.90597 7115.07 3.36199 11 328 1 0 1 67.3896 67.3896 800 
7.45097 -5.17714 -7.9 -4.22115 24.5005 1660.06 3.362 11 329 1 0 1 82.6047 82.6047 918 
-2.81131 4.56845 -7.9 -3.17698 9.29489 6569.63 3.36199 11 330 1 0 1 44.0777 44.0777 364 
3.45348 -6.56059 -7.9 1.98294 -4.18311 8800.63 3.36199 11 331 1 0 1 8.08166 8.08166 76 
-0.64277 13.7573 -7.9 -6.93126 -3.49073 5078.7 3.36199 11 332 1 0 1 47.406 47.406 448 
-4.74946 1.84443 -7.9 -4.70067 10.6934 6420.17 3.36199 11 333 1 0 1 46.4951 46.4951 371 
-4.23847 2.54124 -7.9 10.3873 -12.2239 3653.48 3.36199 11 334 1 0 1 19.3798 19.3798 240 
7.45427 5.4002 -7.9 2.01774 -0.223313 8330.54 3.36199 11 335 1 0 1 31.127 31.127 360 
1.69578 15.96 -7.9 -10.4201 1.20365 2953.8 3.36199 11 336 1 0 1 62.1661 62.1661 468 
2.71056 -6.59201 -7.9 -12.127 -10.895 9371.6 3.36199 11 337 1 0 1 8.17224 8.17224 46 
-2.22917 6.36201 -7.9 -1.37839 2.9685 3279.1 3.36199 11 338 1 0 1 138.039 138.039 1481 
2.9161 1.9937 -7.9 -8.28435 -3.18869 3004.31 3.36199 11 339 1 0 1 7.76132 7.76132 50 
-3.83316 -2.75496 -7.9 -13.3963 -8.50781 8398.87 3.36199 11 340 1 0 1 55.9105 55.9105 464 
0.723053 -3.47407 -7.9 3.2103 5.05127 4280.62 3.36199 11 341 1 0 1 52.7303 52.7303 595 
-7.73841 2.89046 -7.9 7.53072 -15.205 7938.74 3.36199 11 342 1 0 1 39.2015 39.2015 408 
9.9516 -12.2857 -7.9 3.97234 -8.81384 9465.12 3.36199 11 343 1 0 1 41.3031 41.3031 413 
8.83356 -2.00408 -7.9 5.31479 1.6374 3129.44 3.36199 11 344 1 0 1 57.7159 57.7159 332 
4.745 -2.3876 -7.9 1.1117 -4.80428 342.308 3.36199 11 345 1 0 1 35.1971 35.1971 274 
-10.6272 -6.10092 -7.9 -0.414947 0.450031 1508.76 3.36199 11 346 1 0 1 52.4521 52.4521 713 
-4.17216 -2.00876 -7.9 -17.4746 -8.99744 8203.5 3.36199 11 347 1 0 1 32.3807 32.3807 433 
3.80683 0.594699 -7.9 -0.740282 0.380034 350.421 3.36199 11 348 1 0 1 19.0774 19.0774 217 
-0.692634 7.3782 -7.9 -5.75583 4.38051 999.861 3.36199 11 349 1 0 1 32.6856 32.6856 367 
-4.01535 -1.70696 -7.9 -7.23761 -3.52792 9790.83 3.36199 11 350 1 0 1 41.8359 41.8359 611 
1.42874 11.5176 -7.9 16.4208 -4.52533 8302.8 3.36199 11 351 1 0 1 68.4878 68.4878 847 
6.78948 -1.7266 -7.9 1.41938 3.33245 9668.36 3.36199 11 352 1 0 1 21.2992 21.2992 335 
-1.84828 -4.76499 -7.9 -2.14849 4.84209 8638.39 3.36199 11 353 1 0 1 22.7339 22.7339 196 
6.24137 -7.60462 -7.9 -7.38576 -2.96707 9384.67 3.36199 11 354 1 0 1 21.7531 21.7531 230 
-0.589482 -1.49412 -7.9 -7.58388 2.9996 5721.16 3.36199 11 355 1 0 1 35.7974 35.7974 419 
-0.555461 3.9905 -7.9 -0.61334 -11.0874 9965.68 3.36199 11 356 1 0 1 17.8933 17.8933 223 
9.17149 -0.565872 -7.9 0.734303 3.35516 5954.59 3.36199 11 357 1 0 1 45.8191 45.8191 508 
-0.963186 2.66901 -7.9 -4.01657 -11.4134 2897.6 3.36199 11 358 1 0 1 79.0734 79.0734 645 
-4.59091 -4.31521 -7.9 3.46257 8.3979 5732.08 3.36199 11 359 1 0 1 16.0718 16.0718 334 
0.137606 -3.08164 -7.9 -2.89261 13.3564 6393.29 3.36199 11 360 1 0 1 25.8298 25.8298 303 
-4.79916 14.2461 -7.9 5.66279 -5.94404 9556.73 3.36199 11 361 1 0 1 38.7218 38.7218 312 
-3.75181 -0.316097 -7.9 7.46913 4.87066 6206.06 3.36199 11 362 1 0 1 80.2851 80.2851 632 
-1.01497 -4.15886 -7.9 2.53765 1.48747 9589.06 3.36199 11 363 1 0 1 47.7244 47.7244 355 
-0.640918 5.74098 -7.9 7.89843 -0.324362 8937.46 3.36199 11 364 1 0 1 46.1169 46.1169 578 
-1.36494 -0.812685 -7.9 -6.44222 -4.22732 7259.67 3.36199 11 365 1 0 1 26.6875 26.6875 270 
6.77808 3.16322 -7.9 -5.76651 -6.56776 9738.8 3.36199 11 366 1 0 1 36.0316 36.0316 406 
5.77895 0.466664 -7.9 13.9938 8.62949 7347.47 3.36199 11 367 1 0 1 17.896 17.896 200 
2.08549 -1.78907 -7.9 14.0563 -8.22287 6792.76 3.36199 11 368 1 0 1 40.0915 40.0915 366 
2.49249 -5.40775 -7.9 -3.43998 -2.80379 8135.12 3.36199 11 369 1 0 1 7.3905 7.3905 124 
11.1657 -4.71872 -7.9 1.4042 2.44394 2066.72 3.36199 11 370 1 0 1 25.4418 25.4418 333 
-3.90685 1.25461 -7.9 7.17463 -4.0953 9895.17 3.36199 11 371 1 0 1 35.6373 35.6373 482 
-4.44601 -1.01939 -7.9 -18.911 -21.6989 3674.49 3.36199 11 372 1 0 1 29.8182 29.8182 281 
-10.7043 -3.61378 -7.9 -13.2166 5.49253 9615.72 3.36199 11 373 1 0 1 37.5537 37.5537 448 
8.22781 2.89698 -7.9 -14.992 -3.36989 9718.19 3.36199 11 374 1 0 1 10.9173 10.9173 142 
2.88043 -0.260642 -7.9 -7.28869 -8.98094 3822.66 3.36199 11 375 1 0 1 16.36 16.36 211 
-5.85796 -1.66009 -7.9 -1.41592 -2.1126 671.874 3.36199 11 376 1 0 1 20.4179 20.4179 235 
-6.31729 -7.87537 -7.9 -0.931463 1.04859 9879.3 3.36199 11 377 1 0 1 45.2406 45.2406 496 
-0.320769 1.14889 -7.9 2.36946 -1.89224 5030.09 3.36199 11 378 1 0 1 34.882 34.882 225 
-3.03282 6.70092 -7.9 6.10061 -7.69467 9828.67 3.36199 11 379 1 0 1 39.4267 39.4267 418 
8.98096 -10.2291 -7.9 2.83174 0.503603 9686.53 3.36199 11 380 1 0 1 35.4444 35.4444 190 
-7.26958 6.69755 -7.9 -7.72991 -13.664 4818.33 3.36199 11 381 1 0 1 22.9043 22.9043 167 
-3.86163 2.27462 -7.9 5.35153 2.99665 9345.15 3.36199 11 382 1 0 1 10.8271 10.8271 180 
3.88689 -0.969319 -7.9 -0.796252 6.2654 7654.84 3.36199 11 383 1 0 1 37.1293 37.1293 285 
-3.83747 -1.53819 -7.9 -6.51766 2.32645 2692.33 3.36199 11 384 1 0 1 37.3216 37.3216 300 
-6.87225 -14.4556 -7.9 24.8123 -8.79039 9987.09 3.36199 11 385 1 0 1 21.9881 21.9881 141 
-2.49489 2.3297 -7.9 1.24295 2.17645 7759.45 3.36199 11 386 1 0 1 21.0361 21.0361 154 
-3.91109 -0.431435 -7.9 -6.88751 11.2017 8927.6 3.36199 11 387 1 0 1 27.9858 27.9858 308 
-6.1961 15.2097 -7.9 0.98629 -1.5036 2913.25 3.36199 11 388 1 0 1 21.3819 21.3819 296 
-1.00441 -1.21787 -7.9 28.2411 -12.2884 8526.41 3.36199 11 389 1 0 1 16.2859 16.2859 54 
5.99275 -6.29684 -7.9 1.20504 13.4163 4965.65 3.36199 11 390 1 0 1 50.8004 50.8004 421 
1.60396 -2.13846 -7.9 8.47899 -8.97555 6494.76 3.36199 11 391 1 0 1 69.9818 69.9818 606 
-1.9995 -3.36957 -7.9 -3.77613 -3.82302 2543.51 3.36199 11 392 1 0 1 21.3667 21.3667 399 
0.383929 -15.355 -7.9 -19.1296 -8.62642 8608.8 3.36199 11 393 1 0 1 34.5802 34.5802 397 
0.230803 -3.52237 -7.9 19.9162 2.21382 1162.03 3.36199 11 394 1 0 1 55.4952 55.4952 394 
-9.70357 2.34841 -7.9 4.97463 -4.44805 7759.26 3.36199 11 395 1 0 1 21.2931 21.2931 135 
1.04486 -9.39107 -7.9 -1.6069 10.6052 6735.39 3.36199 11 396 1 0 1 82.4984 82.4984 678 
2.57681 0.672174 -7.9 -23.1968 -3.58652 9828.96 3.36199 11 397 1 0 1 11.5862 11.5862 87 
3.70572 5.17303 -7.9 -7.57731 -5.12099 9206.1 3.36199 11 398 1 0 1 51.2226 51.2226 484 
-0.461823 -9.78362 -7.9 4.70818 1.8256 581.653 3.36199 11 399 1 0 1 8.05502 8.05502 81 
4.47713 7.13081 -7.9 -6.50105 4.86281 4293.98 3.36199 11 400 1 0 1 20.6851 20.6851 190 
3.49637 1.09963 -7.9 -20.7315 -0.201594 2996.94 3.36199 11 401 1 0 1 23.4582 23.4582 339 
-2.9491 -0.513645 -7.9 -4.39829 0.846896 6841.71 3.36199 11 402 1 0 1 79.7633 79.7633 857 
5.79451 1.06945 -7.9 14.3861 7.8541 7149.73 3.36199 11 403 1 0 1 47.9447 47.9447 532 
-5.57739 -4.8515 -7.9 9.57092 -10.1176 9994.85 3.36199 11 404 1 0 1 10.4464 10.4464 82 
-0.723097 -8.6463 -7.9 -5.6482 15.2927 6769.64 3.36199 11 405 1 0 1 41.5698 41.5698 292 
4.23374 -2.97248 -7.9 8.32231 -22.7786 9739.67 3.36199 11 406 1 0 1 34.0394 34.0394 218 
3.29129 -5.43755 -7.9 -6.9688 -4.13396 7206.39 3.36199 11 407 1 0 1 79.4055 79.4055 721 
-5.23564 2.21859 -7.9 2.69088 -1.78151 9473.38 3.36199 11 408 1 0 1 12.4773 12.4773 126 
-5.25439 7.42917 -7.9 -8.33725 -6.04965 7125.93 3.36199 11 409 1 0 1 68.5206 68.5206 405 
0.62988 3.73972 -7.9 -5.69496 -14.1344 9392.08 3.36199 11 410 1 0 1 14.048 14.048 223 
-4.86433 -2.82485 -7.9 10.8725 -3.50968 6883.02 3.36199 11 411 1 0 1 49.101 49.101 499 
-4.85827 -7.30941 -7.9 -0.55602 2.82436 5266.23 3.36199 11 412 1 0 1 21.5381 21.5381 211 
-1.2239 6.77313 -7.9 16.0087 -6.4249 9962.41 3.36199 11 413 1 0 1 8.91748 8.91748 154 
-0.864362 -1.86583 -7.9 10.4888 -12.4023 2038.19 3.36199 11 414 1 0 1 19.0802 19.0802 202 
2.95006 -7.2581 -7.9 0.629628 -2.92278 7587.09 3.36199 11 415 1 0 1 52.6138 52.6138 610 
10.7347 -10.7622 -7.9 -23.4901 -10.5805 9944.1 3.36199 11 416 1 0 1 20.3833 20.3833 159 
-6.13717 3.97592 -7.9 -8.82071 3.20096 9326.18 3.36199 11 417 1 0 1 70.6315 70.6315 547 
-9.63822 -0.214096 -7.9 7.25486 -4.59896 776.005 3.36199 11 418 1 0 1 15.869 15.869 168 
0.536545 -7.86429 -7.9 -4.37666 12.819 6975 3.36199 11 419 1 0 1 39.161 39.161 393 
-4.68593 5.33926 -7.9 -4.31518 3.8869 4496.96 3.36199 11 420 1 0 1 22.7788 22.7788 236 
2.60596 -0.167321 -7.9 1.20353 -9.3703 704.005 3.36199 11 421 1 0 1 51.8705 51.8705 659 
9.90553 -0.493665 -7.9 1.23253 -7.83424 9936 3.36199 11 422 1 0 1 7.33356 7.33356 135 
6.607 -0.748369 -7.9 3.94604 8.22111 9870.76 3.36199 11 423 1 0 1 22.8033 22.8033 158 
4.94805 -2.84764 -7.9 -5.38636 -1.19832 7318.12 3.36199 11 424 1 0 1 51.4111 51.4111 412 
-2.30536 -1.29456 -7.9 7.58275 4.23554 9603.22 3.36199 11 425 1 0 1 15.4369 15.4369 133 
4.06415 6.93502 -7.9 10.8043 6.16259 1915.87 3.36199 11 426 1 0 1 41.9447 41.9447 395 
1.86408 -5.47826 -7.9 4.29831 8.64345 1030.02 3.36199 11 427 1 0 1 17.7389 17.7389 174 
2.25864 -9.38457 -7.9 -2.0183 -0.358508 7762.93 3.36199 11 428 1 0 1 79.9473 79.9473 791 
-6.92305 -3.28415 -7.9 7.71234 2.38815 6583.61 3.36199 11 429 1 0 1 28.3018 28.3018 276 
8.11265 -9.98393 -7.9 -14.5155 22.8238 6088.67 3.36199 11 430 1 0 1 32.1325 32.1325 358 
-0.324047 0.319228 -7.9 -4.72398 -1.34845 6505.12 3.36199 11 431 1 0 1 15.5727 15.5727 323 
0.313485 -3.67743 -7.9 0.78833 -1.22074 1601.58 3.36199 11 432 1 0 1 18.6661 18.6661 162 
-9.36512 3.335 -7.9 0.997483 1.2078 5677.91 3.36199 11 433 1 0 1 13.2118 13.2118 140 
-1.11671 -3.31396 -7.9 13.3975 8.37872 4553.16 3.36199 11 434 1 0 1 16.8069 16.8069 230 
-5.18909 1.16935 -7.9 -2.68578 6.22549 7746.59 3.36199 11 435 1 0 1 16.902 16.902 335 
-4.34614 -3.75532 -7.9 -11.9946 -1.79762 5815.33 3.36199 11 436 1 0 1 43.593 43.593 569 
-2.44796 -1.07238 -7.9 10.4116 -10.1333 9813.21 3.36199 11 437 1 0 1 24.0427 24.0427 201 
3.39754 3.66321 -7.9 8.9587 -0.290992 6795.62 3.36199 11 438 1 0 1 24.797 24.797 246 
9.08965 2.72013 -7.9 -3.72909 -0.637011 7410.27 3.36199 11 439 1 0 1 30.314 30.314 315 
7.61611 -0.843691 -7.9 2.72261 10.5592 507.47 3.362 11 440 1 0 1 59.3989 59.3989 753 
0.63142 0.298001 -7.9 -2.63619 -0.464298 2015.16 3.36199 11 441 1 0 1 7.27735 7.27735 129 
7.68155 -2.11248 -7.9 -3.14239 2.65141 4875.25 3.36199 11 442 1 0 1 101.83 101.83 993 
-12.9396 -0.452264 -7.9 -0.0707007 -3.2005 6561.2 3.36199 11 443 1 0 1 29.9165 29.9165 278 
1.10824 -12.2174 -7.9 -8.5554 0.965476 4261.45 3.36199 11 444 1 0 1 36.8195 36.8195 211 
-5.3066 -8.47807 -7.9 -0.586992 -7.15331 9299.55 3.36199 11 445 1 0 1 111.329 111.329 911 
4.104 -6.75544 -7.9 2.33656 -8.60289 125.642 3.36201 11 446 1 0 1 42.9676 42.9676 446 
-12.6626 7.49097 -7.9 17.9254 8.49991 7690.89 3.36199 11 447 1 0 1 34.071 34.071 231 
1.14918 -0.00133439 -7.9 7.67126 19.6858 9904 3.36199 11 448 1 0 1 11.1299 11.1299 174 
-6.46436 -1.76555 -7.9 6.88767 -12.0074 5424.86 3.36199 11 449 1 0 1 38.2151 38.2151 272 
0.885713 -5.93487 -7.9 7.73121 -3.43894 8953.64 3.36199 11 450 1 0 1 40.9302 40.9302 421 
-6.35978 -0.671557 -7.9 -11.3676 -6.23743 8333.95 3.36199 11 451 1 0 1 94.2089 94.2089 929 
6.4101 9.7199 -7.9 -4.08096 2.28509 826.793 3.362 11 452 1 0 1 21.4907 21.4907 168 
2.0333 -10.86 -7.9 5.37672 -19.5872 5275.06 3.36199 11 453 1 0 1 42.6951 42.6951 415 
-8.15928 6.12691 -7.9 -8.20218 1.90054 7070.5 3.36199 11 454 1 0 1 43.436 43.436 445 
4.4027 3.10854 -7.9 -13.2275 1.50084 1564.76 3.36199 11 455 1 0 1 50.6534 50.6534 590 
3.45007 4.03761 -7.9 0.22371 10.9005 7684.73 3.36199 11 456 1 0 1 10.6181 10.6181 204 
8.74817 -0.956455 -7.9 4.61956 -10.4007 9688.44 3.36199 11 457 1 0 1 27.0328 27.0328 181 
4.93392 -3.11753 -7.9 -0.385095 -7.22626 1883.87 3.36199 11 458 1 0 1 37.5129 37.5129 278 
1.95415 6.16592 -7.9 -9.73858 0.394066 9670.64 3.36199 11 459 1 0 1 35.2455 35.2455 306 
-9.86427 -5.27604 -7.9 -17.2865 10.9472 4672.58 3.36199 11 460 1 0 1 42.5746 42.5746 451 
-0.860481 1.38566 -7.9 3.44621 3.07773 3989.62 3.36199 11 461 1 0 1 13.9111 13.9111 212 
-7.6687 5.28911 -7.9 8.28606 -1.27161 1592.33 3.36199 11 462 1 0 1 19.7524 19.7524 166 
-8.30829 -2.71556 -7.9 2.74607 19.2541 901.169 3.362 11 463 1 0 1 85.0859 85.0859 834 
-8.77378 -6.67251 -7.9 1.67213 1.0655 2130.28 3.36199 11 464 1 0 1 32.3774 32.3774 223 
0.148787 8.18656 -7.9 30.5269 9.33832 9987.85 3.36199 11 465 1 0 1 10.1196 10.1196 85 
-3.37906 8.41244 -7.9 -6.35331 9.61842 1239.41 3.36199 11 466 1 0 1 29.3245 29.3245 420 
-9.70943 -2.33703 -7.9 1.53069 8.34129 1574.82 3.36199 11 467 1 0 1 52.9575 52.9575 545 
-1.51942 0.280787 -7.9 3.12158 0.549556 6275.69 3.36199 11 468 1 0 1 13.6293 13.6293 119 
-0.0694817 0.406927 -7.9 2.73223 2.37666 5276.42 3.36199 11 469 1 0 1 53.5278 53.5278 519 
2.58304 -3.06611 -7.9 10.0697 0.067162 4721.07 3.36199 11 470 1 0 1 88.5544 88.5544 829 
-10.3332 2.94205 -7.9 10.2721 -0.0615393 9002.69 3.36199 11 471 1 0 1 13.4468 13.4468 171 
-2.46459 -0.185636 -7.9 -3.62447 15.6329 8663.18 3.36199 11 472 1 0 1 43.8674 43.8674 385 
5.04471 -0.79 -7.9 -7.84126 -2.02336 3558.51 3.36199 11 473 1 0 1 55.3828 55.3828 548 
-4.14831 -1.19591 -7.9 -4.12035 -1.7815 355.874 3.36199 11 474 1 0 1 15.4972 15.4972 107 
-16.809 19.4474 -7.9 4.99892 -0.602473 393.02 3.36199 11 475 1 0 1 50.9267 50.9267 454 
1.30051 -5.37893 -7.9 -1.73257 1.53156 4371.91 3.36199 11 476 1 0 1 75.7145 75.7145 702 
-0.901921 6.16558 -7.9 1.95953 -10.1667 8126.35 3.36199 11 477 1 0 1 23.2439 23.2439 383 
2.04275 6.93316 -7.9 -5.28506 2.8084 4647.5 3.36199 11 478 1 0 1 28.765 28.765 345 
-11.8086 -9.84407 -7.9 10.3205 7.93799 7204.35 3.36199 11 479 1 0 1 8.59407 8.59407 165 
2.35139 1.31307 -7.9 -8.16898 -2.8014 5708.17 3.36199 11 480 1 0 1 42.7227 42.7227 526 
-4.44325 -0.18154 -7.9 5.66844 -6.88308 5928.63 3.36199 11 481 1 0 1 10.6584 10.6584 105 
2.3447 8.45065 -7.9 3.73019 11.9689 9420.58 3.36199 11 482 1 0 1 89.7462 89.7462 872 
7.42325 -5.33738 -7.9 -0.186049 13.3995 9664.06 3.36199 11 483 1 0 1 14.9833 14.9833 108 
-1.72508 -6.46771 -7.9 9.95478 9.66136 1474.95 3.36199 11 484 1 0 1 24.1772 24.1772 347 
-3.18787 -3.19584 -7.9 0.337296 1.68239 130.635 3.36199 11 485 1 0 1 64.3985 64.3985 656 
-5.64249 14.0516 -7.9 13.8548 -16.1237 8526.74 3.36199 11 486 1 0 1 40.9045 40.9045 470 
6.69379 -6.2069 -7.9 -6.25079 -16.8912 9808.04 3.36199 11 487 1 0 1 38.5795 38.5795 370 
-1.79043 -6.74261 -7.9 -7.06923 -3.22728 8324.33 3.36199 11 488 1 0 1 17.2185 17.2185 62 
4.19793 3.27154 -7.9 -10.3958 -2.64589 8905.37 3.36199 11 489 1 0 1 61.0022 61.0022 691 
-6.85655 -3.4841 -7.9 18.4869 1.11658 9606.73 3.36199 11 490 1 0 1 27.6443 27.6443 157 
-5.72599 -11.6221 -7.9 2.0081 4.60383 1433.64 3.36199 11 491 1 0 1 30.1208 30.1208 287 
1.43978 -8.22196 -7.9 -1.79619 2.28633 5900.14 3.36199 11 492 1 0 1 30.4178 30.4178 241 
2.29416 -1.73366 -7.9 10.5089 1.39724 861.991 3.362 11 493 1 0 1 95.5959 95.5959 827 
2.36101 2.84095 -7.9 9.86489 -16.9278 7072.31 3.36199 11 494 1 0 1 31.9138 31.9138 457 
4.56654 -2.35295 -7.9 -7.11573 -5.06633 8781.53 3.36199 11 495 1 0 1 63.0571 63.0571 561 
5.22579 -8.02749 -7.9 -14.0982 3.6777 7282.66 3.36199 11 496 1 0 1 29.5909 29.5909 354 
8.11395 9.57265 -7.9 -8.29776 14.9978 736.811 3.36199 11 497 1 0 1 28.5509 28.5509 305 
3.18985 -9.08936 -7.9 7.81983 10.6646 6505.89 3.36199 11 498 1 0 1 13.0069 13.0069 268 
9.33512 7.07158 -7.9 12.9522 -22.1383 9945.46 3.36199 11 499 1 0 1 16.7976 16.7976 279 
-10.0287 7.42723 -7.9 -0.0830976 -13.7549 8706.89 3.36199 11 500 1 0 1 24.8078 24.8078 198 
2.44796 8.02023 -7.9 4.79739 -3.39329 9811.81 3.36199 11 501 1 0 1 33.2076 33.2076 296 
-0.595739 -3.16671 -7.9 0.885523 2.80911 52.8813 3.36199 11 502 1 0 1 40.634 40.634 332 
5.56996 1.94816 -7.9 0.798108 -6.49781 476.915 3.36199 11 503 1 0 1 29.4034 29.4034 245 
0.233229 0.604547 -7.9 -8.53573 18.1877 8522.03 3.36199 11 504 1 0 1 22.6683 22.6683 240 
16.9698 1.49097 -7.9 -4.84445 -5.05671 2269.53 3.36199 11 505 1 0 1 142.486 142.486 1450 
0.393803 -5.32503 -7.9 -3.51904 -0.711692 1385.79 3.36199 11 506 1 0 1 19.3886 19.3886 289 
-0.803484 -7.34654 -7.9 -3.08311 8.46563 4517.21 3.36199 11 507 1 0 1 49.6251 49.6251 589 
1.09681 -2.74598 -7.9 4.30669 -2.47049 4948.53 3.36199 11 508 1 0 1 31.5726 31.5726 377 
0.699082 1.09914 -7.9 -5.25723 2.16316 1076.71 3.36199 11 509 1 0 1 38.7821 38.7821 391 
-5.56145 4.16154 -7.9 18.0792 2.12554 9829.73 3.36199 11 510 1 0 1 47.2133 47.2133 431 
9.65598 -1.91286 -7.9 -11.5736 19.0035 9756.84 3.36199 11 511 1 0 1 11.3451 11.3451 79 
-10.3589 -6.19596 -7.9 -19.1739 15.0754 7995.48 3.36199 11 512 1 0 1 29.0524 29.0524 256 
-6.25783 -4.88821 -7.9 1.47153 3.19056 2558.03 3.36199 11 513 1 0 1 18.1159 18.1159 240 
-4.59519 1.0455 -7.9 4.82671 -8.27951 7025.66 3.36199 11 514 1 0 1 18.7459 18.7459 273 
3.47402 -2.31478 -7.9 -1.04408 11.6905 8348.79 3.36199 11 515 1 0 1 52.5659 52.5659 592 
5.10166 6.98184 -7.9 -0.204087 -9.26993 2749.37 3.36199 11 516 1 0 1 52.0297 52.0297 516 
9.60499 -4.37355 -7.9 -5.99087 15.3418 6181.5 3.36199 11 517 1 0 1 37.5614 37.5614 522 
10.4182 2.39968 -7.9 1.36773 -6.393 4699.42 3.36199 11 518 1 0 1 40.6618 40.6618 300 
-0.225744 9.76848 -7.9 -7.06315 -16.7711 3622.66 3.36199 11 519 1 0 1 47.1855 47.1855 614 
-0.635953 -1.57623 -7.9 -2.01735 -0.341065 1165.63 3.36199 11 520 1 0 1 48.8182 48.8182 502 
1.04563 -7.56932 -7.9 -0.681066 3.43225 9858.98 3.36199 11 521 1 0 1 36.9448 36.9448 207 
-6.84142 -4.38137 -7.9 -9.04798 -10.8476 7661.8 3.36199 11 522 1 0 1 28.1663 28.1663 179 
-8.26118 -2.6328 -7.9 3.31586 -3.75793 6586.39 3.36199 11 523 1 0 1 51.406 51.406 410 
-2.66866 8.0458 -7.9 8.15186 -3.11971 4567.87 3.36199 11 524 1 0 1 31.2875 31.2875 483 
6.86428 -1.26363 -7.9 -1.70888 -1.93162 2373.18 3.36199 11 525 1 0 1 27.2984 27.2984 247 
0.320333 3.57902 -7.9 -5.34087 5.19658 11.829 3.36246 11 526 1 0 1 19.2792 19.2792 288 
8.54366 4.36055 -7.9 -1.32439 8.14459 8368.93 3.36199 11 527 1 0 1 81.0842 81.0842 857 
9.11567 -4.20306 -7.9 1.10921 -1.12409 3774.12 3.36199 11 528 1 0 1 35.5013 35.5013 392 
6.12283 -2.14958 -7.9 2.17668 -11.2449 5691.83 3.36199 11 529 1 0 1 50.3525 50.3525 550 
8.69617 -1.80581 -7.9 3.068 6.5062 2917.43 3.36199 11 530 1 0 1 37.5202 37.5202 247 
-7.20516 -3.65535 -7.9 19.1499 -7.00263 9190.54 3.36199 11 531 1 0 1 32.1087 32.1087 276 
13.2032 -2.1672 -7.9 2.46018 1.40517 960.991 3.36199 11 532 1 0 1 28.6768 28.6768 325 
-1.29009 5.91608 -7.9 -7.1481 -2.821 7789.09 3.36199 11 533 1 0 1 84.5851 84.5851 761 
1.7213 -1.46881 -7.9 10.015 9.30174 8882.21 3.36199 11 534 1 0 1 33.771 33.771 284 
6.74355 -0.659784 -7.9 -4.42147 4.20285 9155.94 3.36199 11 535 1 0 1 29.3398 29.3398 246 
-2.00101 -6.27956 -7.9 -9.16898 15.0101 3934.49 3.36199 11 536 1 0 1 25.802 25.802 203 
-6.41787 2.38116 -7.9 11.1908 18.0645 9949.13 3.36199 11 537 1 0 1 12.0606 12.0606 102 
-10.1968 0.947075 -7.9 -5.31578 2.50304 3875.84 3.36199 11 538 1 0 1 21.6978 21.6978 272 
-6.288 -0.39711 -7.9 9.28904 -3.20589 5693.17 3.36199 11 539 1 0 1 38.3462 38.3462 362 
-5.3651 0.276849 -7.9 6.22562 8.73003 4595 3.36199 11 540 1 0 1 31.7578 31.7578 327 
0.417317 3.01272 -7.9 1.32325 -7.71035 4685.35 3.36199 11 541 1 0 1 50.2271 50.2271 808 
-0.346929 1.50515 -7.9 14.4369 -24.1176 7488.18 3.36199 11 542 1 0 1 29.554 29.554 174 
-3.87268 5.14614 -7.9 5.44461 9.77859 6385.33 3.36199 11 543 1 0 1 108.539 108.539 763 
-3.63107 -8.70481 -7.9 6.52323 -9.54557 9932.35 3.36199 11 544 1 0 1 7.88001 7.88001 103 
-3.84908 -2.17054 -7.9 3.94531 -7.92767 3162.23 3.36199 11 545 1 0 1 22.2268 22.2268 283 
-12.9056 -0.562741 -7.9 0.778528 7.86784 8796.91 3.36199 11 546 1 0 1 83.2224 83.2224 790 
-3.9875 -6.32604 -7.9 23.2618 6.3659 6870.88 3.36199 11 547 1 0 1 10.6524 10.6524 94 
-0.362417 -3.0514 -7.9 -4.81689 4.01092 7653.08 3.36199 11 548 1 0 1 11.2342 11.2342 236 
-3.56944 10.2115 -7.9 -2.89016 1.87192 7110.35 3.36199 11 549 1 0 1 35.1268 35.1268 382 
-4.61663 -3.28398 -7.9 -0.0270858 3.79973 8774.78 3.36199 11 550 1 0 1 23.3233 23.3233 294 
6.86652 -2.66552 -7.9 1.03956 -16.3857 7043.22 3.36199 11 551 1 0 1 41.6012 41.6012 426 
0.633951 1.50516 -7.9 -0.742876 2.95196 7866.02 3.36199 11 552 1 0 1 51.336 51.336 478 
2.2743 6.26198 -7.9 3.08319 0.985194 8811.08 3.36199 11 553 1 0 1 23.1504 23.1504 358 
-10.5278 -5.1864 -7.9 9.65234 -5.67546 263.098 3.36201 11 554 1 0 1 97.9173 97.9173 919 
-5.14902 -5.20884 -7.9 -31.527 17.0551 6581.11 3.36199 11 555 1 0 1 30.9317 30.9317 216 
-1.55095 3.51076 -7.9 1.04405 -4.57078 2878.04 3.36199 11 556 1 0 1 11.7014 11.7014 104 
-4.39962 -7.8034 -7.9 -11.7811 4.10077 8744.01 3.36199 11 557 1 0 1 22.0408 22.0408 240 
8.86123 12.9839 -7.9 -4.35167 -5.76578 3320.94 3.36199 11 558 1 0 1 10.6958 10.6958 210 
3.24733 -3.02174 -7.9 5.32992 -11.0089 6480.08 3.36199 11 559 1 0 1 29.6011 29.6011 231 
-2.39176 0.650739 -7.9 14.322 4.56747 7175.39 3.36199 11 560 1 0 1 39.0364 39.0364 361 
2.77758 -7.13194 -7.9 -0.255804 -3.22106 2954.64 3.36199 11 561 1 0 1 20.4652 20.4652 247 
-2.35554 -3.25101 -7.9 -9.24864 -3.85028 3735.95 3.36199 11 562 1 0 1 38.1081 38.1081 459 
1.17634 -0.362665 -7.9 -12.7103 4.69536 5506.43 3.36199 11 563 1 0 1 19.0985 19.0985 281 
0.553054 2.91427 -7.9 0.597856 1.03536 9989.91 3.36199 11 564 1 0 1 7.29522 7.29522 101 
-5.26577 1.01596 -7.9 -0.155346 2.81204 7388.66 3.36199 11 565 1 0 1 18.2763 18.2763 237 
-9.6146 -0.472858 -7.9 18.295 -0.920595 8416.96 3.36199 11 566 1 0 1 27.2842 27.2842 255 
0.571311 7.23466 -7.9 -12.2745 -6.50453 9868.01 3.36199 11 567 1 0 1 33.8941 33.8941 234 
1.15541 -3.95924 -7.9 -0.598111 7.85931 6616.27 3.36199 11 568 1 0 1 7.89713 7.89713 103 
6.53603 -11.4952 -7.9 11.3018 12.3597 432.72 3.362 11 569 1 0 1 19.1774 19.1774 288 
10.3416 3.18178 -7.9 4.60726 22.2457 9668.87 3.36199 11 570 1 0 1 21.2344 21.2344 182 
6.0845 0.4653 -7.9 -8.98606 -7.27646 9954.25 3.36199 11 571 1 0 1 14.343 14.343 151 
3.7053 -1.37702 -7.9 -4.04497 -4.66507 2034.73 3.36199 11 572 1 0 1 14.8862 14.8862 230 
-6.08447 -5.03702 -7.9 3.40321 -8.68273 335.246 3.362 11 573 1 0 1 24.958 24.958 227 
3.51232 -6.01595 -7.9 4.15755 -11.3714 9494.15 3.36199 11 574 1 0 1 9.64969 9.64969 104 
-13.6256 -11.0373 -7.9 3.33632 -15.3322 4240.61 3.36199 11 575 1 0 1 81.0374 81.0374 1011 
1.63431 -0.729493 -7.9 4.66149 -0.291303 2917.72 3.36199 11 576 1 0 1 30.1059 30.1059 382 
6.0546 8.02902 -7.9 5.07152 -1.63144 9966.65 3.36199 11 577 1 0 1 9.01736 9.01736 157 
-4.54624 6.53391 -7.9 0.986271 -0.360737 897.826 3.36199 11 578 1 0 1 78.7645 78.7645 790 
1.85751 3.27281 -7.9 7.72768 15.3883 9408.81 3.36199 11 579 1 0 1 28.9291 28.9291 188 
4.301 4.84727 -7.9 -3.60042 -12.5045 9326.12 3.36199 11 580 1 0 1 47.7954 47.7954 388 
6.79271 6.29901 -7.9 -3.6334 -2.08042 1309.81 3.36199 11 581 1 0 1 129.335 129.335 1265 
6.66375 -8.38148 -7.9 -4.76597 -19.1679 9845.76 3.36199 11 582 1 0 1 14.7691 14.7691 183 
6.67132 -2.07788 -7.9 -6.67318 18.5551 4776.82 3.36199 11 583 1 0 1 42.4309 42.4309 460 
-1.80006 -8.54317 -7.9 4.77457 4.81421 6620.23 3.36199 11 584 1 0 1 29.1403 29.1403 296 
-5.62392 4.89057 -7.9 -1.97707 -0.754895 3225.91 3.36199 11 585 1 0 1 24.9606 24.9606 175 
0.296381 6.97067 -7.9 6.45899 -6.98945 957.579 3.36199 11 586 1 0 1 57.3598 57.3598 761 
-4.45912 5.61937 -7.9 12.4055 -5.73432 2468.79 3.36199 11 587 1 0 1 67.5658 67.5658 671 
-8.25137 -4.48335 -7.9 2.15042 -8.87895 9926.04 3.36199 11 588 1 0 1 13.7962 13.7962 165 
-4.19092 -9.37345 -7.9 -9.64016 -15.3413 7320.28 3.36199 11 589 1 0 1 38.7561 38.7561 478 
-1.86721 10.0345 -7.9 4.25988 -3.27928 6523.47 3.36199 11 590 1 0 1 25.4559 25.4559 137 
2.01357 -0.586926 -7.9 -4.12734 -3.82394 9303.65 3.36199 11 591 1 0 1 46.4036 46.4036 362 
8.3102 3.33827 -7.9 11.3523 -6.24429 706.895 3.36199 11 592 1 0 1 43.4974 43.4974 531 
-1.22288 -10.8716 -7.9 5.249 -2.87964 488.582 3.36199 11 593 1 0 1 21.9709 21.9709 393 
1.65003 3.69356 -7.9 1.00492 0.86242 1168.41 3.36199 11 594 1 0 1 19.3792 19.3792 228 
7.9223 -2.25669 -7.9 11.9671 12.547 9849.57 3.36199 11 595 1 0 1 20.7279 20.7279 334 
-0.751351 -2.50995 -7.9 1.02688 10.2103 482.166 3.36199 11 596 1 0 1 18.2354 18.2354 158 
-12.2213 4.96169 -7.9 -0.340515 1.154 2471.49 3.36199 11 597 1 0 1 48.3805 48.3805 733 
7.18139 -5.78648 -7.9 -1.04896 1.82504 7025.57 3.36199 11 598 1 0 1 37.786 37.786 317 
0.816098 6.77796 -7.9 1.92833 5.38525 6805.35 3.36199 11 599 1 0 1 13.0552 13.0552 113 
0.397906 -11.3944 -7.9 -15.5889 1.12161 5323.42 3.36199 11 600 1 0 1 49.6466 49.6466 342 
-4.00752 7.57769 -7.9 6.02758 -7.15356 4249.21 3.36199 11 601 1 0 1 59.7374 59.7374 448 
-11.3143 5.16678 -7.9 -1.03753 -3.82973 147.686 3.36201 11 602 1 0 1 69.1466 69.1466 695 
3.57576 -0.313628 -7.9 8.52744 -6.78625 7911.14 3.36199 11 603 1 0 1 43.2394 43.2394 482 
-5.1192 -7.11917 -7.9 7.69937 7.74467 4950.39 3.36199 11 604 1 0 1 38.1123 38.1123 585 
-8.46204 1.35865 -7.9 -2.64067 -2.71208 8095.07 3.36199 11 605 1 0 1 12.0335 12.0335 115 
3.52637 5.87441 -7.9 10.5258 -1.12095 5850.97 3.36199 11 606 1 0 1 7.30771 7.30771 105 
-4.3202 -5.98416 -7.9 1.02303 -0.167072 6206.29 3.36199 11 607 1 0 1 33.5162 33.5162 271 
10.2993 3.82767 -7.9 -8.24055 37.6697 7454.16 3.36199 11 608 1 0 1 47.6129 47.6129 500 
-7.65918 7.88004 -7.9 3.37814 -0.339002 8631.64 3.36199 11 609 1 0 1 25.6826 25.6826 308 
-3.51601 6.86983 -7.9 -6.65118 1.40459 2652.35 3.36199 11 610 1 0 1 113.16 113.16 825 
10.1752 2.865 -7.9 2.04295 0.154694 54.9668 3.362 11 611 1 0 1 31.6111 31.6111 329 
8.02045 -3.79517 -7.9 -4.22112 -2.06503 5616.59 3.36199 11 612 1 0 1 50.9087 50.9087 409 
1.47852 8.53185 -7.9 -5.28726 1.46155 6421.86 3.36199 11 613 1 0 1 31.845 31.845 324 
-3.02206 8.14294 -7.9 -4.66878 7.96451 3794.29 3.36199 11 614 1 0 1 37.5952 37.5952 535 
13.1902 -6.39356 -7.9 8.88465 7.55994 9950.32 3.36199 11 615 1 0 1 28.5598 28.5598 373 
6.74732 -4.16417 -7.9 1.19134 3.76221 5684.74 3.36199 11 616 1 0 1 17.6275 17.6275 219 
2.53896 4.64085 -7.9 13.2499 -32.3236 9197.77 3.36199 11 617 1 0 1 26.7139 26.7139 204 
-3.29706 -2.92008 -7.9 -24.7856 -22.213 9642.18 3.36199 11 618 1 0 1 17.6818 17.6818 174 
-1.54399 -7.68624 -7.9 1.5094 4.20434 9640.42 3.36199 11 619 1 0 1 21.394 21.394 278 
6.80128 -8.89386 -7.9 -5.7889 3.01387 6404.08 3.36199 11 620 1 0 1 58.1831 58.1831 540 
2.14445 10.2927 -7.9 -17.9577 8.02751 6325.71 3.36199 11 621 1 0 1 26.5024 26.5024 296 
-0.92282 4.63794 -7.9 -12.3033 -6.38998 8544.71 3.36199 11 622 1 0 1 28.0432 28.0432 335 
0.523598 1.58262 -7.9 4.91638 -8.38309 4304.15 3.36199 11 623 1 0 1 85.7152 85.7152 774 
-8.32782 2.15517 -7.9 4.35252 10.7212 748.539 3.36199 11 624 1 0 1 22.6755 22.6755 237 
5.82104 -3.61583 -7.9 -7.9135 9.42553 132.951 3.36199 11 625 1 0 1 17.2696 17.2696 329 
2.63032 1.88527 -7.9 -18.4718 -14.5594 9783.94 3.36199 11 626 1 0 1 13.5584 13.5584 169 
7.116 7.88482 -7.9 -4.01188 -2.41219 1049.62 3.36199 11 627 1 0 1 79.5897 79.5897 783 
-2.17039 9.52381 -7.9 -17.487 2.90141 3142.58 3.36199 11 628 1 0 1 18.8259 18.8259 141 
0.0825787 13.6807 -7.9 -0.389827 -0.291403 1746.99 3.36199 11 629 1 0 1 39.7271 39.7271 402 
9.2808 3.89918 -7.9 1.69745 4.74888 5013.5 3.36199 11 630 1 0 1 10.8944 10.8944 219 
2.748 2.28167 -7.9 -1.79786 26.8948 26.2631 3.37245 11 631 1 0 1 59.4178 59.4178 538 
-7.32896 -5.67519 -7.9 -0.152987 -1.87524 1974.34 3.36199 11 632 1 0 1 68.6514 68.6514 722 
8.3054 9.07142 -7.9 3.39905 -6.74152 1149.13 3.36199 11 633 1 0 1 72.5362 72.5362 690 
11.0598 1.01233 -7.9 3.24523 4.33698 1989.28 3.36199 11 634 1 0 1 45.3613 45.3613 500 
6.88321 0.616084 -7.9 -10.7634 4.73464 7113.79 3.36199 11 635 1 0 1 64.4699 64.4699 634 
0.661244 -0.315498 -7.9 -3.92286 -9.91166 6490.11 3.36199 11 636 1 0 1 24.0656 24.0656 544 
1.69979 -1.00809 -7.9 -4.52027 -2.34031 2292.76 3.36199 11 637 1 0 1 20.8256 20.8256 420 
-1.98565 -3.52838 -7.9 -1.0672 17.8968 131.49 3.36204 11 638 1 0 1 79.1581 79.1581 759 
-12.5805 0.251853 -7.9 6.3177 -2.85146 5031.11 3.36199 11 639 1 0 1 14.862 14.862 198 
-10.1039 -3.87312 -7.9 -13.1219 5.13147 8138.45 3.36199 11 640 1 0 1 79.6242 79.6242 795 
-3.60952 -3.62479 -7.9 -2.34817 -11.5029 5344.86 3.36199 11 641 1 0 1 29.2859 29.2859 297 
4.59526 3.24891 -7.9 17.3949 1.27214 7547.88 3.36199 11 642 1 0 1 53.3341 53.3341 647 
4.75782 7.79061 -7.9 4.96706 1.4632 102.127 3.362 11 643 1 0 1 45.7476 45.7476 401 
4.80936 13.2955 -7.9 14.7469 9.49478 6391.83 3.36199 11 644 1 0 1 25.2045 25.2045 174 
11.0721 5.82209 -7.9 9.83532 10.9164 3123.83 3.36199 11 645 1 0 1 21.9169 21.9169 362 
8.10136 -1.94139 -7.9 -1.1353 -7.36378 9592.83 3.36199 11 646 1 0 1 7.91598 7.91598 127 
1.30019 -5.32016 -7.9 1.06512 7.09812 3216.18 3.36199 11 647 1 0 1 124.725 124.725 1251 
-5.38447 -4.06768 -7.9 -5.75523 10.0323 3454.04 3.36199 11 648 1 0 1 86.5945 86.5945 798 
-4.82231 6.74654 -7.9 11.0534 -11.7406 3368.52 3.36199 11 649 1 0 1 69.2648 69.2648 713 
-0.651889 -4.39723 -7.9 9.59589 -7.24005 9665.17 3.36199 11 650 1 0 1 31.1325 31.1325 286 
-6.91154 1.9536 -7.9 10.303 12.2024 6189.14 3.36199 11 651 1 0 1 74.4009 74.4009 513 
-14.093 4.14084 -7.9 -3.99854 -1.72922 4751.71 3.36199 11 652 1 0 1 15.9646 15.9646 309 
-3.03083 -5.90348 -7.9 3.20355 9.37942 2494.45 3.36199 11 653 1 0 1 34.0931 34.0931 301 
-11.1139 5.26515 -7.9 17.5759 -18.2407 9693.02 3.36199 11 654 1 0 1 32.27 32.27 327 
2.34719 -1.06967 -7.9 -2.9086 -8.91693 4485.71 3.36199 11 655 1 0 1 27.4638 27.4638 366 
-6.70108 -0.373524 -7.9 7.93447 -5.78938 611.847 3.36199 11 656 1 0 1 26.8035 26.8035 437 
9.40526 -8.03092 -7.9 -12.6248 2.40915 9991.1 3.36199 11 657 1 0 1 9.41592 9.41592 106 
1.08083 2.03062 -7.9 5.70221 -4.48712 2159.85 3.36199 11 658 1 0 1 42.8426 42.8426 292 
6.69196 12.6167 -7.9 10.3135 4.83825 9894.15 3.36199 11 659 1 0 1 19.6348 19.6348 260 
0.607432 -5.55714 -7.9 -3.12695 -1.89157 7068.39 3.36199 11 660 1 0 1 52.6457 52.6457 474 
0.181663 -10.5734 -7.9 -2.93065 9.26963 1975.44 3.36199 11 661 1 0 1 23.5561 23.5561 441 
-4.16065 -2.56196 -7.9 -2.78534 28.0257 4625.18 3.36199 11 662 1 0 1 15.7216 15.7216 198 
5.72537 0.000385444 -7.9 -15.9912 -9.80858 9803.25 3.36199 11 663 1 0 1 10.1804 10.1804 224 
-6.92137 -13.4401 -7.9 7.68125 1.94063 2583.08 3.36199 11 664 1 0 1 51.5573 51.5573 529 
4.87946 1.29319 -7.9 -8.20414 -4.21912 4536.19 3.36199 11 665 1 0 1 46.6284 46.6284 687 
1.34111 5.97048 -7.9 -3.19245 -13.8233 3875.4 3.36199 11 666 1 0 1 71.3325 71.3325 688 
-8.9949 -0.569903 -7.9 1.71787 -3.30967 5008.62 3.36199 11 667 1 0 1 40.1255 40.1255 600 
-4.06687 -6.41381 -7.9 -2.69297 -5.5204 8939.15 3.36199 11 668 1 0 1 23.6853 23.6853 153 
0.454971 -5.94017 -7.9 -6.34715 -6.24591 1839.27 3.36199 11 669 1 0 1 31.9375 31.9375 332 
-17.7078 2.03505 -7.9 2.84551 -0.277039 276.435 3.36199 11 670 1 0 1 8.32164 8.32164 158 
-3.60481 3.35605 -7.9 -0.791319 -6.88452 368.156 3.36199 11 671 1 0 1 31.9619 31.9619 368 
2.69137 -7.15655 -7.9 -8.09404 -13.2351 2909.49 3.36199 11 672 1 0 1 30.9487 30.9487 291 
-9.7881 6.66177 -7.9 -2.26514 -7.20839 577.51 3.362 11 673 1 0 1 72.0538 72.0538 719 
13.008 -6.62475 -7.9 3.40539 5.85272 5321.86 3.36199 11 674 1 0 1 48.3953 48.3953 243 
-2.40896 -7.52804 -7.9 -2.37706 1.64332 925.943 3.36199 11 675 1 0 1 60.6558 60.6558 766 
-1.00028 7.02204 -7.9 2.70383 -0.927107 7684.58 3.36199 11 676 1 0 1 52.638 52.638 454 
-7.66757 -2.82716 -7.9 -1.39292 -3.95084 6050.13 3.36199 11 677 1 0 1 14.2868 14.2868 160 
-6.01614 -0.901949 -7.9 5.06178 10.1817 3277.04 3.36199 11 678 1 0 1 60.8837 60.8837 688 
5.04207 1.84032 -7.9 -4.33252 3.24695 6639.85 3.36199 11 679 1 0 1 32.8121 32.8121 345 
5.44982 1.47264 -7.9 -4.76643 -14.1289 5696.97 3.36199 11 680 1 0 1 17.9945 17.9945 171 
-14.8645 4.84137 -7.9 -22.4657 -3.64034 9288.61 3.36199 11 681 1 0 1 33.9989 33.9989 258 
1.40109 -1.62549 -7.9 -2.12379 -0.11628 2907.52 3.36199 11 682 1 0 1 54.8612 54.8612 693 
2.80702 -9.67638 -7.9 -10.9885 10.0302 9990.44 3.36199 11 683 1 0 1 9.31384 9.31384 56 
-2.01912 2.3499 -7.9 -4.121 -3.93395 2036.95 3.36199 11 684 1 0 1 24.9754 24.9754 336 
2.59226 3.94991 -7.9 7.84797 14.4301 6927.56 3.36199 11 685 1 0 1 50.6581 50.6581 635 
-1.34322 -2.45132 -7.9 5.85563 10.971 5982.75 3.36199 11 686 1 0 1 49.3409 49.3409 640 
4.45636 1.05948 -7.9 1.87948 -4.89059 8591.41 3.36199 11 687 1 0 1 21.5775 21.5775 209 
1.08866 4.99125 -7.9 12.0785 1.56774 9648.58 3.36199 11 688 1 0 1 40.6177 40.6177 370 
-0.165287 3.06155 -7.9 10.0902 -0.702308 3563.85 3.36199 11 689 1 0 1 48.2787 48.2787 441 
11.3857 3.88461 -7.9 -23.7952 5.29423 6900.15 3.36199 11 690 1 0 1 45.4177 45.4177 544 
-0.432858 -5.34177 -7.9 0.931935 -1.16112 102.973 3.36199 11 691 1 0 1 28.4983 28.4983 234 
-8.1819 0.407773 -7.9 -0.867384 -7.28786 2847.39 3.36199 11 692 1 0 1 10.6225 10.6225 104 
-6.61876 -6.10135 -7.9 3.06608 -0.820009 642.388 3.36199 22 693 1151 1 1 18.9826 18.9826 219 
11.6474 0.585987 -7.9 7.39462 -1.77006 7634.84 3.36199 11 694 1 0 1 40.6285 40.6285 408 
6.38238 -1.10856 -7.9 1.56805 -17.662 6507.38 3.36199 11 695 1 0 1 50.7814 50.7814 494 
-0.903117 0.851178 -7.9 2.97835 -0.475657 2331.91 3.36199 11 696 1 0 1 22.4317 22.4317 166 
-7.37541 -12.266 -7.9 0.812886 -0.730513 203.997 3.36199 11 697 1 0 1 17.6525 17.6525 240 
6.56717 1.80751 -7.9 11.1868 -2.54135 7346 3.36199 11 698 1 0 1 13.1531 13.1531 172 
-0.0464106 -2.99552 -7.9 -2.66963 6.93637 219.791 3.36199 11 699 1 0 1 47.0219 47.0219 393 
3.43393 6.47455 -7.9 -12.9154 -13.4227 9717.56 3.36199 11 700 1 0 1 32.5682 32.5682 354 
5.88577 9.08149 -7.9 5.66591 1.26916 2049.94 3.36199 11 701 1 0 1 45.3579 45.3579 597 
1.03604 4.5974 -7.9 15.7204 7.04387 6792.6 3.36199 11 702 1 0 1 40.525 40.525 441 
0.171926 3.11947 -7.9 5.51754 12.6106 6761.4 3.36199 11 703 1 0 1 64.5423 64.5423 612 
-6.68032 -4.81501 -7.9 4.54433 -1.62554 1637.59 3.36199 11 704 1 0 1 22.6839 22.6839 350 
-6.53299 8.00532 -7.9 5.46467 14.6702 2974.56 3.36199 11 705 1 0 1 37.1738 37.1738 346 
-1.88818 2.51034 -7.9 4.62288 -6.94803 8005.67 3.36199 11 706 1 0 1 42.7583 42.7583 555 
3.45325 -1.82904 -7.9 29.6554 -22.2888 9131.16 3.36199 11 707 1 0 1 14.2699 14.2699 206 
5.3866 10.1686 -7.9 1.78445 2.07646 6848.85 3.36199 11 708 1 0 1 54.3256 54.3256 663 
-1.93664 -3.68136 -7.9 8.33665 3.95189 8814.81 3.36199 11 709 1 0 1 37.6978 37.6978 195 
0.524429 -6.25067 -7.9 1.68662 -2.3894 2989.23 3.36199 11 710 1 0 1 12.4207 12.4207 207 
-3.5215 -2.89324 -7.9 -14.5757 -2.82858 9923.63 3.36199 11 711 1 0 1 9.91763 9.91763 152 
6.14035 2.98844 -7.9 -9.04431 -10.0457 5551.93 3.36199 11 712 1 0 1 34.4648 34.4648 509 
-13.7203 1.76157 -7.9 -11.7452 -17.9739 8318.4 3.36199 11 713 1 0 1 39.5059 39.5059 293 
1.66788 -7.07705 -7.9 3.16223 4.36004 599.741 3.36199 11 714 1 0 1 33.3761 33.3761 321 
-10.5756 7.71378 -7.9 9.27727 -2.31093 2444.24 3.36199 11 715 1 0 1 22.4765 22.4765 144 
-6.96578 -7.77095 -7.9 1.57717 -10.1265 5957.37 3.36199 11 716 1 0 1 37.5576 37.5576 435 
5.08408 2.0973 -7.9 -3.94059 11.2716 9611.46 3.36199 11 717 1 0 1 46.4292 46.4292 415 
-0.0195734 -2.92652 -7.9 -8.82812 -8.75527 9594.6 3.36199 11 718 1 0 1 14.8497 14.8497 264 
8.26152 -8.58753 -7.9 14.9741 -3.49933 2543.13 3.36199 11 719 1 0 1 36.725 36.725 410 
-5.72199 -8.22912 -7.9 -5.18188 -17.0767 7014.62 3.36199 11 720 1 0 1 57.0654 57.0654 544 
4.27593 5.29488 -7.9 -2.07812 -3.72477 4115.86 3.36199 11 721 1 0 1 41.1495 41.1495 348 
-7.45192 11.5209 -7.9 9.14354 -0.372274 8283.32 3.36199 11 722 1 0 1 29.5015 29.5015 407 
-1.4434 -14.0657 -7.9 -1.53701 -0.754471 7910 3.36199 11 723 1 0 1 34.7054 34.7054 317 
13.6707 -1.89966 -7.9 5.01663 0.72163 4082.83 3.36199 11 724 1 0 1 38.5185 38.5185 352 
5.81403 1.26438 -7.9 3.89753 -7.75178 8605.28 3.36199 11 725 1 0 1 25.7533 25.7533 189 
0.254632 3.43756 -7.9 -10.4125 2.05916 9912.4 3.36199 11 726 1 0 1 17.0555 17.0555 189 
1.40783 5.95298 -7.9 5.92385 -1.70203 4137.55 3.36199 11 727 1 0 1 47.8389 47.8389 422 
-5.01907 1.34104 -7.9 1.78045 -0.0341995 6907.73 3.36199 11 728 1 0 1 50.6197 50.6197 492 
-11.0138 6.86185 -7.9 8.6472 -13.3422 8473.19 3.36199 11 729 1 0 1 46.2387 46.2387 545 
-5.34536 8.33079 -7.9 2.59033 -19.0389 9882.78 3.36199 11 730 1 0 1 20.0546 20.0546 185 
-8.66575 9.82726 -7.9 9.97927 0.361802 6600.52 3.36199 11 731 1 0 1 19.7334 19.7334 258 
-3.02773 -6.31664 -7.9 2.21642 7.70102 4009.26 3.36199 11 732 1 0 1 42.9096 42.9096 361 
4.35513 -6.38205 -7.9 2.34614 6.49035 8209.77 3.36199 11 733 1 0 1 32.4212 32.4212 325 
-7.31638 -6.73268 -7.9 -0.331996 10.2935 7985.23 3.36199 11 734 1 0 1 90.3401 90.3401 884 
-1.3133 2.27985 -7.9 4.70394 -1.18567 2387.49 3.36199 11 735 1 0 1 8.46951 8.46951 196 
-1.66545 1.60662 -7.9 1.18772 13.1516 9927.18 3.36199 11 736 1 0 1 7.50691 7.50691 68 
1.39959 0.18722 -7.9 -3.26195 4.90773 1011.65 3.36199 11 737 1 0 1 29.3944 29.3944 377 
4.04207 3.43382 -7.9 -2.42391 -11.2284 6229 3.36199 11 738 1 0 1 40.2399 40.2399 500 
8.49539 -4.60684 -7.9 1.49978 -6.40133 4291.4 3.36199 11 739 1 0 1 81.9297 81.9297 702 
0.824803 -1.3359 -7.9 -6.94433 0.471679 8506.15 3.36199 11 740 1 0 1 36.2989 36.2989 491 
5.15179 -2.16608 -7.9 4.60422 6.44782 9462.01 3.36199 11 741 1 0 1 84.0231 84.0231 608 
4.69261 3.87629 -7.9 -0.355476 7.54274 9330.6 3.36199 11 742 1 0 1 19.298 19.298 314 
1.85044 2.20662 -7.9 -3.39669 7.56374 3583.53 3.36199 11 743 1 0 1 57.5818 57.5818 428 
-2.01666 1.38165 -7.9 -5.34057 2.39876 393.06 3.36201 11 744 1 0 1 12.9437 12.9437 91 
7.24681 -2.53835 -7.9 3.99772 6.56236 9023.15 3.36199 11 745 1 0 1 59.2789 59.2789 501 
0.405659 -13.1276 -7.9 3.89141 6.16641 9818.56 3.36199 11 746 1 0 1 20.5768 20.5768 394 
-5.28262 -5.76351 -7.9 7.5983 11.2539 9582.22 3.36199 11 747 1 0 1 16.384 16.384 217 
-0.76566 1.10871 -7.9 -8.00316 6.70842 9125.72 3.36199 11 748 1 0 1 40.5156 40.5156 390 
1.9575 -0.841321 -7.9 -6.35507 -10.9307 8708.6 3.36199 11 749 1 0 1 15.135 15.135 297 
-2.18241 -7.83011 -7.9 -8.48505 -11.7819 7480.56 3.36199 11 750 1 0 1 38.6702 38.6702 573 
7.94392 -1.13259 -7.9 -1.6471 -1.92204 1605.68 3.36199 11 751 1 0 1 116.28 116.28 1049 
-1.43755 3.09735 -7.9 -3.85051 -6.04935 3315.31 3.36199 11 752 1 0 1 40.4122 40.4122 587 
-5.37955 -1.70095 -7.9 -3.96081 -8.0286 7753.02 3.36199 11 753 1 0 1 17.0605 17.0605 185 
2.66803 5.20392 -7.9 -13.8887 4.91797 4550.71 3.36199 11 754 1 0 1 7.71631 7.71631 73 
-1.93437 7.54461 -7.9 2.0922 9.39535 6506.3 3.36199 11 755 1 0 1 72.1429 72.1429 722 
-1.90305 -1.44273 -7.9 0.0566516 3.75898 3620.58 3.36199 11 756 1 0 1 34.306 34.306 520 
-1.99404 -2.23788 -7.9 -4.91395 -2.99015 3928.64 3.36199 11 757 1 0 1 19.797 19.797 233 
-3.43573 1.71021 -7.9 -0.68779 -4.52499 2345.18 3.36199 11 758 1 0 1 29.9166 29.9166 299 
-0.674584 -11.4944 -7.9 -2.17363 -2.54976 5024.15 3.36199 11 759 1 0 1 74.8306 74.8306 937 
5.80084 -2.43605 -7.9 -6.09294 -9.51453 2114.66 3.36199 11 760 1 0 1 92.602 92.602 762 
-4.37702 -6.47113 -7.9 -11.7792 10.3917 9805.98 3.36199 11 761 1 0 1 34.0082 34.0082 370 
-9.88035 -7.14545 -7.9 -4.12289 -5.1289 117.813 3.36201 11 762 1 0 1 55.6828 55.6828 601 
-5.77268 -0.0474316 -7.9 -7.4626 -5.36407 51.3438 3.36222 11 763 1 0 1 27.8183 27.8183 375 
-6.05651 1.14357 -7.9 -11.7862 -0.70345 9359.51 3.36199 11 764 1 0 1 29.9255 29.9255 173 
-3.25113 -8.92098 -7.9 17.8551 -1.85056 9822.28 3.36199 11 765 1 0 1 9.12977 9.12977 235 
7.5348 -1.50051 -7.9 -11.165 2.13766 7646.26 3.36199 11 766 1 0 1 18.2972 18.2972 295 
3.18507 -3.95259 -7.9 11.9445 1.58849 6314.41 3.36199 11 767 1 0 1 37.7683 37.7683 182 
-6.92761 6.68238 -7.9 -2.68121 -6.23604 2060.8 3.36199 11 768 1 0 1 61.4622 61.4622 626 
8.44817 0.562412 -7.9 3.17283 1.38435 5016.29 3.36199 11 769 1 0 1 45.245 45.245 602 
-6.35059 -11.2916 -7.9 2.46403 -1.18272 9638.1 3.36199 11 770 1 0 1 9.50018 9.50018 68 
-4.31019 3.46958 -7.9 34.1185 -1.53361 9634.08 3.36199 11 771 1 0 1 29.8254 29.8254 318 
-5.04106 -4.41915 -7.9 5.43886 -4.04056 4866.79 3.36199 11 772 1 0 1 37.2983 37.2983 353 
2.25842 11.758 -7.9 -7.37835 -6.45586 1222.89 3.36199 11 773 1 0 1 96.3231 96.3231 745 
6.61415 -0.569842 -7.9 2.1387 -1.34691 5522.08 3.36199 11 774 1 0 1 25.4117 25.4117 318 
6.22002 -0.618658 -7.9 0.939797 -5.46291 1771.66 3.36199 11 775 1 0 1 37.4239 37.4239 294 
-4.51864 -1.58923 -7.9 1.74638 -0.210848 5244.27 3.36199 11 776 1 0 1 55.553 55.553 451 
1.90402 -0.0516037 -7.9 -4.5367 2.2688 9428.71 3.36199 11 777 1 0 1 19.4736 19.4736 272 
-4.41363 1.35992 -7.9 -1.08238 1.20988 1665.91 3.36199 11 778 1 0 1 23.7544 23.7544 126 
-9.57794 -0.696922 -7.9 -11.2638 -0.614291 9672.31 3.36199 11 779 1 0 1 18.9206 18.9206 154 
2.25517 1.73388 -7.9 -3.54368 -18.6049 9807.07 3.36199 11 780 1 0 1 12.6651 12.6651 225 
-4.93243 -1.19443 -7.9 -2.2743 1.12569 1695.5 3.36199 11 781 1 0 1 26.7411 26.7411 299 
-4.4827 0.298462 -7.9 4.67811 -11.2297 8602.32 3.36199 11 782 1 0 1 78.0876 78.0876 795 
-3.94078 11.1353 -7.9 2.03824 -1.04519 1233.94 3.36199 11 783 1 0 1 19.7387 19.7387 154 
13.2295 1.31504 -7.9 -8.47633 0.780172 7377.9 3.36199 11 784 1 0 1 86.9065 86.9065 755 
-3.20006 -3.24104 -7.9 3.69802 -2.68997 6798.9 3.36199 11 785 1 0 1 36.1447 36.1447 380 
-0.49852 5.52026 -7.9 4.86851 -24.733 9379.27 3.36199 11 786 1 0 1 42.0861 42.0861 350 
-2.54535 -2.67376 -7.9 -5.36366 -0.595373 6164.81 3.36199 11 787 1 0 1 51.2143 51.2143 545 
3.99453 1.97933 -7.9 -2.56905 -2.81104 6358.82 3.36199 11 788 1 0 1 22.086 22.086 255 
6.19558 -0.843159 -7.9 7.61673 5.09813 3864.11 3.36199 11 789 1 0 1 44.8767 44.8767 508 
0.592801 3.47877 -7.9 2.81507 7.05648 6011.19 3.36199 11 790 1 0 1 30.2926 30.2926 307 
1.81496 -1.17573 -7.9 -6.60761 -6.75593 8455.63 3.36199 11 791 1 0 1 33.4095 33.4095 349 
-1.7818 -2.9767 -7.9 5.27404 8.70885 5555.35 3.36199 11 792 1 0 1 30.6763 30.6763 156 
-0.0529447 1.43021 -7.9 -24.117 -2.10582 8610.81 3.36199 11 793 1 0 1 19.6355 19.6355 257 
-9.4813 1.49484 -7.9 3.24317 3.60753 9994.58 3.36199 11 794 1 0 1 7.68561 7.68561 80 
11.9673 10.8838 -7.9 -19.0955 -0.386359 8154.36 3.36199 11 795 1 0 1 54.9189 54.9189 792 
5.59237 -9.38098 -7.9 0.395639 -0.696922 5784.2 3.36199 11 796 1 0 1 7.13776 7.13776 76 
5.56732 -2.09852 -7.9 6.04484 4.78778 956.1 3.36199 11 797 1 0 1 67.4153 67.4153 706 
1.11001 -1.21623 -7.9 -5.59977 -8.86822 6082.61 3.36199 11 798 1 0 1 47.4736 47.4736 486 
-0.967332 -3.68721 -7.9 -7.18718 3.07386 418.862 3.36199 11 799 1 0 1 43.0153 43.0153 609 
7.73333 -7.8561 -7.9 2.80425 -6.91578 6514.44 3.36199 11 800 1 0 1 98.3454 98.3454 806 
5.90247 -3.08188 -7.9 -0.75119 7.12803 4451.05 3.36199 11 801 1 0 1 50.2105 50.2105 533 
9.94751 -7.3834 -7.9 -0.124195 13.4973 4520.68 3.36199 11 802 1 0 1 22.6614 22.6614 135 
4.73661 -7.71496 -7.9 8.04812 -3.845 6223.72 3.36199 11 803 1 0 1 50.9281 50.9281 523 
-2.88468 1.64606 -7.9 -8.31178 26.5343 2519.51 3.36199 11 804 1 0 1 27.9552 27.9552 251 
-0.683559 5.819 -7.9 -3.06986 -1.87206 3657.09 3.36199 11 805 1 0 1 36.4523 36.4523 296 
-12.1088 5.46294 -7.9 -4.1061 -8.65367 2480.8 3.36199 11 806 1 0 1 111.608 111.608 1005 
6.97757 1.65223 -7.9 -20.1318 -12.0296 5044.25 3.36199 11 807 1 0 1 35.4505 35.4505 289 
17.6463 4.27378 -7.9 -4.20854 0.896837 2665.57 3.36199 11 808 1 0 1 13.2715 13.2715 86 
0.335242 5.14102 -7.9 6.19672 -2.45969 4842.7 3.36199 11 809 1 0 1 31.2389 31.2389 357 
-4.88044 14.12 -7.9 1.01741 8.62662 9363.12 3.36199 11 810 1 0 1 41.5849 41.5849 250 
9.88147 -7.34242 -7.9 9.68302 0.322016 379.714 3.36199 11 811 1 0 1 46.7653 46.7653 524 
2.62022 -8.26834 -7.9 -16.5251 12.0186 8737.34 3.36199 11 812 1 0 1 17.0673 17.0673 299 
0.984019 -1.813 -7.9 -11.9533 3.29316 536.984 3.362 11 813 1 0 1 14.3058 14.3058 234 
-8.92796 -4.60531 -7.9 17.924 -3.86403 8024.88 3.36199 11 814 1 0 1 21.6595 21.6595 93 
0.249638 -10.4648 -7.9 -3.5278 -16.8591 7770.32 3.36199 11 815 1 0 1 90.3139 90.3139 720 
0.971067 11.1121 -7.9 -4.54215 4.99326 4486.13 3.36199 11 816 1 0 1 49.6406 49.6406 450 
-10.3259 5.34081 -7.9 1.83739 5.34362 1394.39 3.36199 11 817 1 0 1 30.7266 30.7266 296 
3.2215 -7.26518 -7.9 -4.38191 23.6793 8466.04 3.36199 11 818 1 0 1 50.7078 50.7078 563 
-2.93483 6.90873 -7.9 -14.438 -5.5222 8696.61 3.36199 11 819 1 0 1 18.2099 18.2099 156 
2.69338 3.00376 -7.9 1.93802 -3.32021 1933.51 3.36199 11 820 1 0 1 17.1209 17.1209 293 
-2.15052 1.56514 -7.9 -1.37586 3.98567 9736.19 3.36199 11 821 1 0 1 9.24105 9.24105 151 
6.35224 12.0301 -7.9 -12.2938 -7.03589 544.797 3.36199 11 822 1 0 1 59.8087 59.8087 580 
10.7369 -0.940801 -7.9 -7.22538 -15.2869 6236.67 3.36199 11 823 1 0 1 18.8726 18.8726 258 
-6.70213 2.58019 -7.9 -6.10672 12.1541 6138.19 3.36199 11 824 1 0 1 23.4482 23.4482 170 
-9.22307 -2.01039 -7.9 2.90135 -20.4285 8304.6 3.36199 11 825 1 0 1 32.2462 32.2462 350 
2.34691 -6.8015 -7.9 1.89368 3.6288 209.912 3.36201 11 826 1 0 1 79.3801 79.3801 888 
-0.0090764 0.810112 -7.9 0.37256 3.27048 1993.88 3.36199 11 827 1 0 1 51.6929 51.6929 616 
-7.53243 1.11783 -7.9 -2.74438 4.85627 3180.02 3.36199 11 828 1 0 1 27.6632 27.6632 311 
1.71642 0.538677 -7.9 4.53992 -2.89102 7212.18 3.36199 11 829 1 0 1 21.068 21.068 175 
-1.95747 4.14781 -7.9 16.5568 -4.32295 9274.65 3.36199 11 830 1 0 1 20.6079 20.6079 350 
2.59125 5.7399 -7.9 -4.05621 -15.6592 6101.65 3.36199 11 831 1 0 1 33.4187 33.4187 486 
-0.481402 6.50549 -7.9 6.56685 -5.79753 1162.16 3.36199 11 832 1 0 1 56.7703 56.7703 533 
-1.92085 -6.03446 -7.9 -11.8789 9.72612 1073.55 3.362 11 833 1 0 1 20.7255 20.7255 231 
-4.28708 -11.0372 -7.9 -2.75528 -4.30382 3715.73 3.36199 11 834 1 0 1 30.0072 30.0072 336 
-1.49952 3.85375 -7.9 -11.2501 -1.63481 4069.81 3.36199 11 835 1 0 1 8.78609 8.78609 124 
5.32933 -7.56439 -7.9 14.1574 -3.50602 2560.31 3.36199 11 836 1 0 1 32.6704 32.6704 398 
-1.43278 1.44749 -7.9 7.13914 13.2383 9751.87 3.36199 11 837 1 0 1 10.2853 10.2853 178 
-6.03508 5.74009 -7.9 9.08461 -17.4193 8355.99 3.36199 11 838 1 0 1 15.2035 15.2035 176 
-4.97749 4.39916 -7.9 1.05403 -2.96195 655.804 3.36199 11 839 1 0 1 20.2135 20.2135 156 
-3.79804 11.7623 -7.9 5.59293 0.669371 9087.61 3.36199 11 840 1 0 1 21.2682 21.2682 231 
6.28737 1.1549 -7.9 3.31256 -1.9829 815.103 3.36199 11 841 1 0 1 20.5033 20.5033 138 
-5.58996 4.44872 -7.9 9.09586 5.60293 5447 3.36199 11 842 1 0 1 48.9417 48.9417 570 
-4.08844 2.19541 -7.9 2.38182 -22.9384 4391.74 3.36199 11 843 1 0 1 43.0399 43.0399 563 
11.8066 3.59759 -7.9 11.2128 16.644 4131.19 3.36199 11 844 1 0 1 37.5756 37.5756 344 
9.26913 15.3072 -7.9 -1.61021 7.75807 4633.7 3.36199 11 845 1 0 1 48.2841 48.2841 352 
1.0703 -1.74971 -7.9 4.09025 -6.1815 5715.16 3.36199 11 846 1 0 1 11.4493 11.4493 262 
-12.7144 -9.26018 -7.9 0.289108 0.421044 1391.92 3.36199 11 847 1 0 1 31.5747 31.5747 251 
9.00407 -10.5989 -7.9 2.22036 1.20174 2919.45 3.36199 11 848 1 0 1 13.6093 13.6093 60 
-5.09446 -15.5619 -7.9 -5.59384 3.88859 5894.82 3.36199 11 849 1 0 1 26.0765 26.0765 296 
3.12594 -3.30052 -7.9 9.75124 4.71908 7253.82 3.36199 11 850 1 0 1 19.2823 19.2823 254 
-0.513061 7.81266 -7.9 0.894955 3.13084 5713.46 3.36199 11 851 1 0 1 8.73449 8.73449 121 
4.36936 -10.9405 -7.9 -1.57309 3.55963 9620.78 3.36199 11 852 1 0 1 33.8626 33.8626 259 
0.986814 -5.54658 -7.9 -1.01727 -2.78593 6255.72 3.36199 11 853 1 0 1 52.1486 52.1486 596 
4.5906 -7.82164 -7.9 4.62196 3.23507 3836.67 3.36199 11 854 1 0 1 49.4884 49.4884 559 
1.29729 7.09568 -7.9 -6.64425 -5.85007 8536.04 3.36199 11 855 1 0 1 18.0518 18.0518 288 
1.55941 -9.80078 -7.9 -4.43058 -1.73446 9916.57 3.36199 11 856 1 0 1 13.4748 13.4748 179 
-3.50664 0.182538 -7.9 7.25427 -14.7637 2756.64 3.36199 11 857 1 0 1 11.9461 11.9461 156 
-2.34376 9.18036 -7.9 -10.0577 -0.447418 9882.16 3.36199 11 858 1 0 1 19.0068 19.0068 316 
0.236785 18.7343 -7.9 -9.87861 -22.6799 9561.42 3.36199 11 859 1 0 1 18.0932 18.0932 244 
-0.666096 1.306 -7.9 10.4262 3.19249 8095.14 3.36199 11 860 1 0 1 42.9774 42.9774 384 
-1.18502 4.81172 -7.9 -4.55976 4.06765 4310.36 3.36199 11 861 1 0 1 38.0377 38.0377 344 
-0.577972 6.97162 -7.9 5.38409 -2.65852 6322.17 3.36199 11 862 1 0 1 26.0268 26.0268 415 
2.95187 1.43781 -7.9 9.00959 -8.57969 7699.14 3.36199 11 863 1 0 1 35.5856 35.5856 344 
-0.459138 1.02081 -7.9 -11.1737 2.98447 9571.13 3.36199 11 864 1 0 1 47.7756 47.7756 445 
-0.2959 4.35547 -7.9 -6.02611 4.03633 8967.16 3.36199 11 865 1 0 1 31.5217 31.5217 230 
-9.96362 -3.19894 -7.9 -4.70916 5.75825 158.738 3.362 11 866 1 0 1 17.9318 17.9318 239 
3.71498 -11.1781 -7.9 7.47589 -6.36143 6399.38 3.36199 11 867 1 0 1 55.2748 55.2748 532 
0.857604 -6.60885 -7.9 -8.40493 -4.66755 3852.56 3.36199 11 868 1 0 1 26.0249 26.0249 245 
1.71912 -3.17623 -7.9 16.1538 -1.37274 9301.14 3.36199 11 869 1 0 1 30.8304 30.8304 341 
1.12547 -3.52188 -7.9 6.5683 0.172002 7405.7 3.36199 11 870 1 0 1 55.1462 55.1462 405 
0.574515 -11.221 -7.9 5.69156 -4.13054 1125.4 3.36199 11 871 1 0 1 55.5099 55.5099 477 
3.81481 -6.16179 -7.9 -2.32598 7.21684 6607.78 3.36199 11 872 1 0 1 46.5673 46.5673 289 
4.17506 -3.45382 -7.9 -11.8383 -12.8071 9385.51 3.36199 11 873 1 0 1 27.8039 27.8039 232 
-7.08285 -4.58655 -7.9 14.4556 -0.756239 2165.94 3.36199 11 874 1 0 1 26.4658 26.4658 373 
-8.04671 -5.53092 -7.9 14.9835 -33.6201 9583.74 3.36199 11 875 1 0 1 35.3879 35.3879 411 
-2.3574 5.96356 -7.9 14.5394 6.83263 4367.54 3.36199 11 876 1 0 1 10.2381 10.2381 147 
-1.50598 0.963148 -7.9 2.12339 5.29071 4141.91 3.36199 11 877 1 0 1 23.1996 23.1996 172 
5.68943 19.5832 -7.9 -3.39658 -12.5403 3840.3 3.36199 11 878 1 0 1 51.3516 51.3516 575 
6.11317 -9.50512 -7.9 5.55972 10.8769 6371.24 3.36199 11 879 1 0 1 48.5412 48.5412 358 
-5.17368 6.85445 -7.9 -1.32611 -1.61891 1318.87 3.36199 11 880 1 0 1 50.0901 50.0901 592 
-1.01219 -0.652872 -7.9 -0.172871 -7.1748 127.886 3.36202 11 881 1 0 1 26.2558 26.2558 542 
5.24114 1.00167 -7.9 -14.118 -18.185 5996.99 3.36199 11 882 1 0 1 53.8349 53.8349 472 
7.9202 -2.78975 -7.9 -12.2294 5.04151 5694.41 3.36199 11 883 1 0 1 8.3417 8.3417 128 
1.52378 -2.23277 -7.9 21.401 12.8131 6473.1 3.36199 11 884 1 0 1 71.7599 71.7599 491 
-4.22279 -1.94354 -7.9 1.76478 -0.263493 267.443 3.36199 11 885 1 0 1 26.9284 26.9284 231 
12.4158 4.6671 -7.9 -6.63596 -14.0284 6926.94 3.36199 11 886 1 0 1 54.6184 54.6184 488 
7.88245 -3.82638 -7.9 4.45348 -6.54995 1701.96 3.36199 11 887 1 0 1 87.5925 87.5925 876 
-7.73503 3.10272 -7.9 -30.617 -1.31243 8704.02 3.36199 11 888 1 0 1 16.4015 16.4015 218 
2.38229 4.31797 -7.9 -15.7225 12.8412 9984.62 3.36199 11 889 1 0 1 10.1374 10.1374 130 
-0.840052 0.284453 -7.9 4.45551 -4.3286 2355.2 3.36199 11 890 1 0 1 36.4226 36.4226 252 
-4.90831 3.0088 -7.9 -2.40621 -4.19559 3167.38 3.36199 11 891 1 0 1 23.1108 23.1108 162 
2.1569 -1.56426 -7.9 3.72848 -10.4061 3280.18 3.36199 11 892 1 0 1 36.3192 36.3192 502 
4.17901 7.21222 -7.9 -8.81343 -8.61946 9868.64 3.36199 11 893 1 0 1 24.7762 24.7762 178 
0.597039 -4.16567 -7.9 -2.12421 9.7118 3317.64 3.36199 11 894 1 0 1 44.3891 44.3891 304 
1.70393 -0.106827 -7.9 -4.99594 9.8879 9472.44 3.36199 11 895 1 0 1 43.0952 43.0952 514 
-4.86631 -11.305 -7.9 0.73382 -0.326327 9401.82 3.36199 11 896 1 0 1 17.0837 17.0837 259 
-6.74684 -5.30473 -7.9 -7.99165 -0.371384 4507.38 3.36199 11 897 1 0 1 34.8581 34.8581 370 
-1.76162 -11.389 -7.9 -2.61495 17.8192 9458.42 3.36199 11 898 1 0 1 37.6558 37.6558 402 
3.5435 6.80685 -7.9 8.98502 2.67764 1622.02 3.36199 11 899 1 0 1 46.621 46.621 420 
7.85351 -9.28551 -7.9 7.51517 -5.45891 8900.9 3.36199 11 900 1 0 1 35.3037 35.3037 377 
19.1447 -11.3186 -7.9 0.987577 1.06565 603.73 3.36199 11 901 1 0 1 79.3573 79.3573 804 
-1.21969 1.80548 -7.9 7.88403 -19.5985 7403.59 3.36199 11 902 1 0 1 21.962 21.962 223 
2.82716 -1.33358 -7.9 8.42549 -6.89359 6782.64 3.36199 11 903 1 0 1 48.7718 48.7718 412 
-8.70761 -3.0325 -7.9 0.475117 16.5835 7988.97 3.36199 11 904 1 0 1 26.1798 26.1798 373 
8.19785 -5.05934 -7.9 -1.81888 -5.5448 8573.93 3.36199 11 905 1 0 1 9.50919 9.50919 127 
9.66415 -1.50086 -7.9 4.99294 -2.21966 3044.78 3.36199 11 906 1 0 1 44.9329 44.9329 526 
-6.89728 -0.986202 -7.9 7.03906 -11.318 4265.42 3.36199 11 907 1 0 1 13.6953 13.6953 118 
-4.2787 2.34322 -7.9 6.02095 8.40123 9349.48 3.36199 11 908 1 0 1 37.9173 37.9173 350 
-0.154928 -3.8366 -7.9 7.49233 15.0726 8916.79 3.36199 11 909 1 0 1 24.4184 24.4184 206 
-4.58363 2.065 -7.9 -7.59762 -7.71216 4502.02 3.36199 11 910 1 0 1 50.9057 50.9057 446 
-5.38772 -1.92986 -7.9 10.5074 -10.7349 8988.46 3.36199 11 911 1 0 1 56.9878 56.9878 356 
-4.34823 15.2379 -7.9 8.23677 -3.19957 3458.02 3.36199 11 912 1 0 1 26.048 26.048 144 
11.3109 -7.41513 -7.9 8.9745 -4.08616 8909.79 3.36199 11 913 1 0 1 27.0322 27.0322 301 
-0.56175 -7.25147 -7.9 -13.5518 -6.79625 8979.76 3.36199 11 914 1 0 1 24.7049 24.7049 429 
0.397829 -0.372527 -7.9 -6.061 -10.2513 9458.21 3.36199 11 915 1 0 1 31.738 31.738 509 
-7.66025 -5.20631 -7.9 -15.2706 13.7184 7929.16 3.36199 11 916 1 0 1 40.9358 40.9358 537 
-6.1258 4.12757 -7.9 3.13469 10.9645 4324.66 3.36199 11 917 1 0 1 72.3053 72.3053 743 
1.31104 -7.37304 -7.9 24.641 7.61447 9689.79 3.36199 11 918 1 0 1 42.0875 42.0875 456 
0.233743 0.292497 -7.9 3.40154 -3.73618 3608.21 3.36199 11 919 1 0 1 45.4581 45.4581 612 
-4.67695 -4.65042 -7.9 -2.56037 4.92758 6418.34 3.36199 11 920 1 0 1 32.5417 32.5417 428 
0.529535 3.27343 -7.9 14.9278 6.27953 540.3 3.36199 11 921 1 0 1 69.6147 69.6147 660 
3.40494 13.4606 -7.9 -0.648412 9.60504 2448.18 3.36199 11 922 1 0 1 89.6279 89.6279 557 
-7.33013 3.18787 -7.9 -5.25648 -1.65061 9823.87 3.36199 11 923 1 0 1 12.9036 12.9036 118 
-4.48914 -5.77019 -7.9 -3.6537 1.00715 141.732 3.362 11 924 1 0 1 90.738 90.738 764 
-0.731481 -2.1184 -7.9 -2.36508 -7.94853 8744.48 3.36199 11 925 1 0 1 19.8259 19.8259 210 
-5.02712 4.77162 -7.9 -9.1352 8.7777 8929.63 3.36199 11 926 1 0 1 12.8239 12.8239 231 
1.55628 5.8322 -7.9 1.96488 0.0587038 600.312 3.36199 11 927 1 0 1 59.6192 59.6192 550 
-3.17319 3.58695 -7.9 0.905258 2.93457 9075.33 3.36199 11 928 1 0 1 46.1389 46.1389 666 
10.6661 -3.25017 -7.9 5.98584 -4.72086 6926.19 3.36199 11 929 1 0 1 35.4838 35.4838 513 
2.67964 -0.317898 -7.9 -2.75263 -5.43757 2553.42 3.36199 11 930 1 0 1 45.3093 45.3093 453 
-5.27225 -3.12191 -7.9 8.06126 6.30056 7174.45 3.36199 11 931 1 0 1 8.49712 8.49712 96 
2.51003 -6.35039 -7.9 -11.2779 -10.3629 9248.76 3.36199 11 932 1 0 1 15.9655 15.9655 242 
-11.1548 4.35416 -7.9 3.52644 11.8453 1408.42 3.36199 11 933 1 0 1 39.6804 39.6804 328 
6.4151 3.97698 -7.9 2.42644 -6.98599 14.7936 3.36573 22 934 1026 1 1 15.4871 15.4871 183 
5.19261 7.27137 -7.9 7.88996 29.8994 7886.19 3.36199 11 935 1 0 1 39.4869 39.4869 367 
0.78217 -0.149487 -7.9 14.8975 24.698 8232.92 3.36199 11 936 1 0 1 47.5093 47.5093 436 
-3.8801 -11.7234 -7.9 -2.38593 -4.38537 2496.51 3.36199 11 937 1 0 1 43.4271 43.4271 245 
2.16118 2.32009 -7.9 -1.65913 4.8863 1975.73 3.36199 11 938 1 0 1 13.1659 13.1659 126 
10.6754 10.5642 -7.9 -2.00864 -11.901 5429.73 3.36199 11 939 1 0 1 25.9604 25.9604 284 
-0.86779 6.17423 -7.9 -0.842862 8.44806 7825.94 3.36199 11 940 1 0 1 15.4398 15.4398 237 
-11.8934 -3.2139 -7.9 -1.13982 0.464501 7470.17 3.36199 11 941 1 0 1 8.92679 8.92679 143 
2.6474 5.5321 -7.9 6.44018 -6.49477 6636.72 3.36199 11 942 1 0 1 76.0566 76.0566 762 
10.9834 -17.1482 -7.9 -0.656159 14.586 9601.18 3.36199 11 943 1 0 1 10.9955 10.9955 223 
2.90692 -2.02142 -7.9 0.970983 -0.117311 9857.35 3.36199 11 944 1 0 1 27.3952 27.3952 220 
-1.49383 -0.778731 -7.9 2.48951 -0.0483913 8862.44 3.36199 11 945 1 0 1 15.7812 15.7812 143 
15.2535 3.71784 -7.9 3.91627 -12.7226 5387.84 3.36199 11 946 1 0 1 44.6796 44.6796 792 
-1.98142 -14.0204 -7.9 40.7592 4.26676 8619.56 3.36199 11 947 1 0 1 19.7864 19.7864 383 
1.39154 -2.43548 -7.9 -0.390305 -9.0078 9909.18 3.36199 11 948 1 0 1 7.78141 7.78141 134 
2.9519 5.65171 -7.9 -11.2332 -10.2909 2789.06 3.36199 11 949 1 0 1 65.8292 65.8292 538 
-3.52959 -6.25728 -7.9 0.077586 -15.2577 7559.01 3.36199 11 950 1 0 1 25.0061 25.0061 255 
-0.147221 -2.21463 -7.9 2.31724 17.9741 6828.79 3.36199 11 951 1 0 1 66.0974 66.0974 682 
4.50469 1.15984 -7.9 0.0453669 -21.6113 7552.56 3.36199 11 952 1 0 1 87.2184 87.2184 906 
-1.29787 -0.977053 -7.9 -5.95089 2.94581 1044.46 3.36199 11 953 1 0 1 44.162 44.162 457 
7.15307 3.94999 -7.9 -11.5992 -8.84754 9074.4 3.36199 11 954 1 0 1 58.1281 58.1281 632 
0.995913 -4.66936 -7.9 10.0038 5.86995 9753.55 3.36199 11 955 1 0 1 7.41658 7.41658 76 
8.38461 -3.01933 -7.9 2.83485 -11.4182 9746.42 3.36199 11 956 1 0 1 32.0828 32.0828 324 
2.05917 2.33172 -7.9 -9.7842 14.0671 6992.73 3.36199 11 957 1 0 1 107.083 107.083 1068 
10.954 2.22867 -7.9 0.0417205 -1.32366 1058.5 3.36199 11 958 1 0 1 43.9185 43.9185 342 
4.00348 -3.95642 -7.9 3.50489 11.4778 1345.15 3.36199 11 959 1 0 1 107.605 107.605 1401 
1.79004 3.81424 -7.9 -18.4677 -4.18667 9199.87 3.36199 11 960 1 0 1 11.7871 11.7871 113 
7.78263 7.42281 -7.9 7.50627 21.7526 6000.43 3.36199 11 961 1 0 1 21.7077 21.7077 182 
-7.12436 -12.3964 -7.9 5.68919 -7.99953 3460.7 3.36199 11 962 1 0 1 25.3691 25.3691 114 
-1.59998 7.64222 -7.9 4.65987 -13.9794 9763.03 3.36199 11 963 1 0 1 18.368 18.368 195 
-1.08769 -0.117638 -7.9 5.64462 -8.15139 2821.92 3.36199 11 964 1 0 1 67.1938 67.1938 765 
-3.08352 6.16313 -7.9 -3.1457 -0.0102618 120.736 3.36199 11 965 1 0 1 29.7675 29.7675 311 
4.73262 0.358376 -7.9 3.88468 -13.2923 4909.33 3.36199 11 966 1 0 1 111.015 111.015 922 
-9.34441 4.08862 -7.9 -12.2069 3.7169 2863.37 3.36199 11 967 1 0 1 41.299 41.299 427 
-9.67065 -4.31739 -7.9 4.48938 -18.7163 9637.33 3.36199 11 968 1 0 1 48.1536 48.1536 507 
14.2948 4.76051 -7.9 -5.1253 -0.871423 9169.84 3.36199 11 969 1 0 1 23.0855 23.0855 189 
-4.20603 -1.9827 -7.9 7.59162 0.593113 3248.45 3.36199 11 970 1 0 1 71.5668 71.5668 555 
0.970257 2.70359 -7.9 7.28608 -22.0746 9257.83 3.36199 11 971 1 0 1 13.973 13.973 104 
4.12632 7.54611 -7.9 -0.934457 -6.36885 3157.91 3.36199 11 972 1 0 1 67.097 67.097 495 
0.856529 -12.4608 -7.9 4.49746 2.75998 366.991 3.36199 11 973 1 0 1 38.8818 38.8818 379 
-9.76647 3.74566 -7.9 0.433568 0.128917 1641.21 3.36199 11 974 1 0 1 58.5146 58.5146 820 
-4.61503 -1.60303 -7.9 0.789974 -0.716806 2341.18 3.36199 11 975 1 0 1 78.3639 78.3639 647 
-4.10997 -3.35623 -7.9 -0.994307 14.5554 9065.01 3.36199 11 976 1 0 1 25.4833 25.4833 290 
-1.98201 -3.78468 -7.9 -5.37639 -13.2761 8552.46 3.36199 11 977 1 0 1 18.4401 18.4401 341 
4.4983 -3.95881 -7.9 -6.30758 -2.01311 5343.73 3.36199 11 978 1 0 1 8.05332 8.05332 129 
1.5668 -7.08968 -7.9 1.91916 0.661559 4539.98 3.36199 11 979 1 0 1 16.8816 16.8816 190 
5.76148 6.02347 -7.9 11.142 -8.0228 8401.34 3.36199 11 980 1 0 1 13.3206 13.3206 83 
10.2067 0.180914 -7.9 -17.1096 -0.0638301 4316.3 3.36199 11 981 1 0 1 165.79 165.79 1378 
-7.3731 5.5041 -7.9 3.2844 -4.10901 7961.68 3.36199 11 982 1 0 1 45.873 45.873 833 
2.07627 3.17498 -7.9 -5.26448 0.688829 789.108 3.36199 11 983 1 0 1 63.4877 63.4877 556 
-5.67496 -7.36001 -7.9 5.6188 -0.677633 8832.56 3.36199 11 984 1 0 1 31.6294 31.6294 297 
2.49857 -2.41963 -7.9 -1.3848 -0.792499 8045.66 3.36199 11 985 1 0 1 21.8717 21.8717 308 
2.90126 -3.55762 -7.9 6.09422 6.83426 7960.64 3.36199 11 986 1 0 1 17.1157 17.1157 140 
10.8333 -4.4193 -7.9 4.53644 -2.01264 4766.32 3.36199 11 987 1 0 1 46.3039 46.3039 571 
0.952899 7.14566 -7.9 2.39672 -5.63569 408.267 3.36199 11 988 1 0 1 107.899 107.899 962 
-1.695 4.16327 -7.9 3.74929 -2.49647 8651.28 3.36199 11 989 1 0 1 60.0444 60.0444 655 
-6.17446 1.76487 -7.9 -3.22504 0.439693 9646.15 3.36199 11 990 1 0 1 15.5512 15.5512 177 
6.4263 -8.49663 -7.9 1.30642 6.74053 6688.87 3.36199 11 991 1 0 1 17.8958 17.8958 102 
-4.42068 -6.9928 -7.9 -6.07821 -2.63132 425.68 3.362 11 992 1 0 1 38.3188 38.3188 458 
1.54162 4.15423 -7.9 11.0468 8.31656 8805.53 3.36199 11 993 1 0 1 32.7157 32.7157 264 
2.99764 -1.14321 -7.9 -11.8702 3.81996 8820.1 3.36199 11 994 1 0 1 30.7537 30.7537 243 
-7.4132 -1.09404 -7.9 8.55211 3.35113 7422.21 3.36199 11 995 1 0 1 40.9112 40.9112 436 
-7.9526 -0.383699 -7.9 9.25803 2.87394 5563.21 3.36199 11 996 1 0 1 60.6756 60.6756 602 
3.90661 -3.36327 -7.9 3.49227 1.36542 6431.55 3.36199 11 997 1 0 1 16.6262 16.6262 193 
-11.4183 1.42458 -7.9 -2.71893 -1.79423 2412.36 3.36199 11 998 1 0 1 20.9317 20.9317 283 
-4.00586 -3.71652 -7.9 5.29285 2.02998 6831.49 3.36199 11 999 1 0 1 42.7742 42.7742 351 
-2.70194 6.68833 -7.9 1.74068 1.49633 6225.66 3.36199 11 1000 1 0 1 24.4883 24.4883 338 
