# Det125
#x y z Px Py Pz t PDGid EventID TrackID ParentID Weight Edep VisibleEdep Ntracks
-26.8821 22.8789 15.3799 -0.156155 0.24528 -0.304434 3.75038 22 1 1218 1216 1 4.09154 4.09154 533 
-33.8528 10.0039 26.2618 -1.5865 -0.43283 0.848093 3.5076 22 2 1070 1 1 0.967675 0.967675 288 
-31.9977 14.9075 61.5262 -2.98522 1.07383 3.46481 3.61942 22 3 1086 1 1 1.5678 1.5678 357 
-29.4181 -19.5106 8.35985 -0.605006 -0.360836 0.104508 3.50929 22 4 1001 1 1 3.77049 3.77049 531 
-22.8272 26.926 64.0485 -0.37813 0.430628 0.852631 3.58432 22 5 1002 1 1 2.00552 2.00552 299 
32.8724 12.8645 8.68036 0.248935 -0.0321104 0.0466622 3.52533 22 6 1105 1104 1 1.68024 1.68024 417 
34.8955 -5.32867 17.938 0.123239 -0.164777 -0.424068 3.77878 22 7 1093 1092 1 0.828996 0.828996 229 
32.1919 -14.4835 59.7746 0.397773 -0.195437 -0.0455825 3.61799 22 8 1056 1 1 0.704123 0.704123 259 
-18.2959 -30.1886 42.6082 -0.247685 -0.302499 -0.0382161 3.54891 22 9 1062 1 1 1.86758 1.86758 359 
-32.0183 -14.8633 52.1944 -0.47893 -0.180453 0.0375168 3.63469 22 10 1210 1209 1 1.04599 1.04599 324 
19.281 29.5691 32.7805 0.527506 0.956395 1.8216 3.48891 22 11 1063 1062 1 0.14166 0.14166 172 
-33.883 -9.9011 -13.3418 -1.93414 -0.474337 -0.862521 3.39979 22 12 1100 1 1 0.872972 0.872972 337 
25.9088 23.9754 -8.06211 -0.207468 0.654916 0.161591 3.34282 22 13 1159 1 1 1.36686 1.36686 284 
27.8864 -21.6434 33.1021 0.135036 -0.492719 -0.0106472 3.5899 22 14 1104 1103 1 2.40176 2.40176 332 
-12.8317 -32.8852 77.6001 -0.241743 -0.402044 0.146966 3.6615 22 15 1452 1451 1 1.88084 1.88084 350 
-34.2564 -8.51984 21.5139 -0.90544 -0.186218 1.09606 3.46213 22 16 1064 1 1 0.428906 0.428906 229 
-7.33392 -34.5297 43.8271 -0.00157792 -0.428088 0.446049 3.51308 22 17 1032 1 1 0.441138 0.441138 279 
1.68385 -35.2598 66.9004 0.0108808 -0.460887 0.417693 3.62277 22 18 1109 1068 1 1.07427 1.07427 305 
-11.0792 -33.5163 45.1422 -0.264477 -0.625283 -0.245259 3.61131 22 19 1045 1 1 1.75211 1.75211 546 
-15.7208 31.6061 72.5627 -0.607429 0.696545 0.344168 3.61701 22 20 1002 1 1 0.40425 0.40425 223 
-35.2243 2.31068 48.4439 -0.546412 0.0132972 0.0707138 3.60071 22 21 1065 1 1 1.90887 1.90887 346 
-27.4669 22.1734 32.2236 -4.62109 1.54658 5.84271 3.47165 22 22 1054 1 1 1.96789 1.96789 221 
-27.9883 21.5115 66.6477 -0.769326 0.604583 -0.162721 4.6561 22 23 1103 1029 1 0.999274 0.999274 303 
-21.2622 -28.1782 53.8489 -0.19653 -0.571854 0.010947 3.62324 22 24 1207 1 1 1.17033 1.17033 241 
10.5139 33.6979 45.3448 1.55368 1.54327 1.02178 3.58938 22 25 1001 1 1 2.44825 2.44825 551 
14.8339 32.032 45.6556 0.183976 0.474866 -0.0421344 3.62747 22 26 1221 1220 1 0.328619 0.328619 139 
35.2373 2.10367 63.887 2.70557 2.81069 -3.44995 3.64755 11 27 1 0 1 0.799564 0.799564 246 
6.89292 -34.6205 20.3227 0.19742 -0.469776 -0.416246 3.7119 22 28 1027 1 1 1.18797 1.18797 355 
2.35944 35.2211 30.2227 -0.0870386 0.398086 -0.308337 3.74324 22 29 1180 1179 1 3.21839 3.21839 648 
30.3383 18.0465 65.4251 0.323217 0.39546 -0.0161844 3.73041 22 30 1209 1208 1 1.71506 1.71506 340 
32.5981 13.5445 70.0399 1.10978 0.255737 0.859195 3.60956 22 31 1665 1496 1 2.30438 2.30438 480 
15.1296 31.8933 26.1965 0.190557 0.162467 -0.442506 3.68919 22 32 1001 1 1 0.990112 0.990112 281 
23.5824 26.2671 69.4554 0.447487 0.393451 0.287798 3.63186 22 33 1354 1032 1 1.0971 1.0971 132 
-35.1582 3.1612 48.4298 -0.235347 -0.000212991 -0.114563 3.6871 22 34 1295 1 1 0.539214 0.539214 202 
-31.7463 15.4358 71.2508 -0.349727 0.366732 -0.0657163 3.7461 22 35 1788 1787 1 1.7281 1.7281 450 
34.2252 8.64428 63.2482 1.79436 0.289136 1.49962 3.60439 22 36 1021 1 1 0.673672 0.673672 261 
-10.054 -33.838 76.3 -0.298856 -3.53547 8.65067 3.61007 22 37 1030 1 1 1.58696 1.58696 383 
6.93875 -34.6113 70.8851 0.110108 -0.541176 -0.0913861 3.70802 22 38 1621 1620 1 0.472095 0.472095 167 
26.2876 -23.5596 62.9467 2.261 -1.57281 3.10824 3.58366 22 39 1056 1 1 2.11981 2.11981 375 
33.613 -10.7823 33.3325 4.44278 -1.22798 0.705353 3.55519 22 40 1146 1 1 1.68459 1.68459 415 
-22.8594 -26.8986 -47.5962 -0.449159 -0.423548 -0.181892 3.43946 22 41 1001 1 1 2.72726 2.72726 402 
-34.0156 9.43563 31.9837 -0.294109 0.0948042 -0.406979 3.77549 22 42 1065 1063 1 2.98792 2.98792 386 
18.0956 30.309 -31.5052 0.0063138 0.150823 0.236572 3.26025 22 43 1044 1 1 1.27714 1.27714 298 
-12.633 32.962 49.6935 -0.24472 0.424429 -0.14523 3.64519 22 44 1113 1112 1 1.20348 1.20348 352 
-10.664 33.6507 -9.91591 -0.151761 0.339334 0.0940836 3.39626 22 45 1016 1 1 0.730372 0.730372 320 
33.6607 10.6322 30.8524 0.380672 -0.038599 0.0817387 3.48741 22 46 1020 1 1 0.998016 0.998016 286 
16.5223 31.1946 63.1728 0.166522 0.479014 0.0627354 3.65913 22 47 1254 1253 1 2.81371 2.81371 382 
-20.8477 28.4862 -56.2058 -0.832343 0.445282 -1.05521 3.59494 22 48 1050 1049 1 2.28952 2.28952 431 
-34.1697 -8.86124 76.3198 -0.330859 -1.65785 2.09011 3.63591 22 49 1001 1 1 0.413843 0.413843 173 
17.6653 30.5618 27.6199 0.529987 11.7687 19.4474 3.45794 22 50 1001 1 1 2.71174 2.71174 313 
32.3514 -14.1236 74.6548 0.421687 0.105947 -0.335964 3.66117 11 51 1116 1091 1 2.49483 2.49483 344 
-19.8745 29.1735 37.1491 -0.962319 0.977438 1.14361 3.49538 22 52 1002 1 1 3.3312 3.3312 389 
34.4618 7.64675 74.489 3.34572 0.178686 2.25396 3.68135 22 53 1212 1211 1 1.10801 1.10801 325 
35.2494 -1.88881 63.5745 0.471422 -0.0396281 -0.193161 3.71563 22 54 1246 1244 1 0.194339 0.194339 363 
-12.1406 33.1466 26.1202 -2.21146 4.31281 4.29042 3.48357 22 55 1176 1 1 2.75682 2.75682 294 
-21.113 28.2901 75.5342 -0.0733847 0.255989 0.0422967 3.67472 22 56 1003 1 1 1.54238 1.54238 279 
22.4006 -27.2819 -24.3933 0.180915 -0.320411 0.0295673 3.3972 22 57 1042 1 1 1.20539 1.20539 132 
34.9642 -4.85745 66.8144 0.466988 0.141178 -0.121462 3.72515 22 58 1197 1196 1 0.0731014 0.0731014 64 
-30.0568 18.5116 70.6662 -0.372141 0.0175514 -0.100305 3.70363 22 59 1064 1063 1 2.66164 2.66164 326 
-33.6591 -10.6375 27.0308 -0.188433 -0.0236653 0.20084 3.54405 22 60 1001 1 1 2.43539 2.43539 314 
10.4065 33.7312 14.5029 0.00157154 0.586335 0.328083 3.45319 22 61 1019 1 1 1.80417 1.80417 257 
35.2915 0.775197 64.2244 11.5245 -5.46126 4.99509 3.60748 11 62 1 0 1 2.55 2.55 487 
-18.6803 -29.9522 56.0367 -0.515881 -0.818089 -0.0566497 3.59938 22 63 1045 1 1 1.09026 1.09026 185 
-30.9446 -16.986 56.4686 -0.486761 0.166729 -0.133342 3.72689 22 64 1131 1130 1 1.63253 1.63253 172 
24.7696 25.1507 61.4501 3.10836 1.69057 -1.70369 3.64726 22 65 1001 1 1 1.34599 1.34599 360 
21.1313 28.2765 59.2511 0.253908 0.431588 -0.101894 3.66391 22 66 1042 1010 1 0.749575 0.749575 392 
-15.6146 -31.6587 29.7172 -0.120892 -0.269533 -0.416961 3.77659 22 67 1106 1104 1 0.659039 0.659039 252 
22.7556 -26.9865 69.8594 0.212069 -0.826351 -0.350994 3.68305 22 68 1025 1 1 1.47245 1.47245 445 
34.9527 -4.9392 53.9158 0.365062 -0.156279 0.3216 3.55978 22 69 1335 1334 1 0.357552 0.357552 151 
-25.5084 24.401 22.677 -0.736798 0.198941 0.444163 3.504 22 70 1083 1035 1 1.36504 1.36504 202 
26.2732 -23.5756 29.0564 0.256545 -0.390535 -0.20534 3.67909 22 71 1099 1083 1 1.85187 1.85187 392 
13.1248 -32.7693 44.7811 0.0602876 -0.424017 0.278737 3.59019 22 72 1628 1627 1 0.866833 0.866833 317 
27.5944 -22.0145 31.9059 0.358335 -0.285369 -0.57638 3.75502 22 73 1107 1061 1 1.27275 1.27275 303 
-27.5744 22.0395 27.1412 -0.807525 1.21653 0.363173 3.5138 22 74 1001 1 1 2.15457 2.15457 439 
28.1126 21.3488 42.4914 0.298997 0.206383 0.359343 3.56759 22 75 1116 1115 1 3.54463 3.54463 302 
8.76678 34.1941 25.0774 1.17659 6.9558 6.38982 3.46512 22 76 1001 1 1 1.01985 1.01985 217 
2.30706 35.2245 57.2872 0.0934709 0.449525 0.2243 3.76488 22 77 1247 1246 1 2.23065 2.23065 293 
-34.1091 -9.0918 50.7134 -0.457383 0.0658631 0.0614678 3.59466 22 78 1248 1 1 2.30628 2.30628 499 
-15.485 -31.7223 45.2066 -0.00529524 -0.459028 0.224466 3.59608 22 79 1183 1182 1 3.89865 3.89865 620 
33.9012 9.83875 5.9139 0.425459 0.184434 -0.214682 3.61875 22 80 1177 1176 1 2.41681 2.41681 335 
-16.8355 31.0267 67.2482 -0.508052 1.00468 0.064182 3.66226 22 81 1374 1338 1 0.486043 0.486043 220 
35.2968 -0.476249 60.0395 0.298561 0.03287 -0.150741 3.68976 22 82 1143 1142 1 0.256204 0.256204 253 
-17.5941 30.6029 32.1309 -0.27806 0.327181 0.277047 3.61276 22 83 1575 1574 1 1.51296 1.51296 271 
30.9336 -17.0059 77.8865 0.386459 -0.380311 0.532942 3.63385 22 84 1106 1 1 1.75367 1.75367 451 
-34.9474 4.97716 36.6519 -0.176452 -0.0107608 -0.156689 3.64702 22 85 1037 1 1 0.801241 0.801241 337 
32.0354 14.8264 61.9212 0.44766 -0.0557396 -0.0268221 3.8437 22 86 1279 1243 1 2.35573 2.35573 321 
-21.1793 28.2406 60.1717 -0.206825 0.252652 0.187253 3.57501 22 87 1002 1 1 0.609618 0.609618 246 
16.7419 31.0773 58.2952 0.16818 0.745824 0.168844 3.6301 22 88 1018 1 1 1.19083 1.19083 258 
18.5393 -30.0397 68.1603 0.121695 -0.31465 -0.0630536 3.71792 22 89 1004 1003 1 0.281805 0.281805 171 
31.216 16.4818 48.112 39.5394 -0.0658838 -3.39429 3.57411 11 90 1 0 1 0.682941 0.682941 352 
-18.5334 -30.0433 68.2186 -0.906323 -0.434777 0.677146 3.63857 22 91 1129 1 1 0.464949 0.464949 256 
-34.5009 7.46842 61.9502 -0.388091 0.0146935 0.0107004 3.63663 22 92 1685 1555 1 2.02589 2.02589 249 
32.3351 14.1608 6.49148 0.298939 0.284681 -0.450923 3.73584 22 93 1086 1054 1 0.635624 0.635624 361 
27.7603 21.8049 15.5681 0.0320813 0.00118094 -0.0100167 3.43821 22 94 1037 1031 1 1.98635 1.98635 293 
-34.476 -7.58275 78.5507 -0.313197 -0.124912 -0.115837 3.72639 22 95 1043 1042 1 4.19413 4.19413 284 
-21.5605 -27.9506 -0.422486 -1.06074 -0.270491 0.925778 3.39114 22 96 1001 1 1 1.15517 1.15517 352 
-34.3531 -8.12141 48.4556 -0.251952 -0.227869 -0.0553165 3.63023 22 97 1001 1 1 0.672707 0.672707 240 
16.683 -31.109 59.4048 0.0288771 -0.386513 -0.0792612 3.61985 22 98 1274 1 1 0.966128 0.966128 278 
34.8026 -5.905 54.3955 0.451131 0.0356024 0.18654 3.59641 22 99 1235 1 1 2.45796 2.45796 425 
23.431 -26.4022 -4.77307 0.859532 -0.650873 1.13301 3.35913 22 100 1108 1 1 2.26961 2.26961 500 
35.0526 -4.17162 70.2307 0.245755 0.0325205 0.0955859 3.66773 22 101 1103 1 1 0.909059 0.909059 284 
-17.0162 -30.928 64.0219 -0.199276 -0.272573 0.0712141 3.68 22 102 1259 1 1 1.33209 1.33209 313 
34.9147 -5.20106 63.8712 21.1032 -1.43537 17.2947 3.59206 11 103 1300 1230 1 1.12686 1.12686 280 
-32.8072 13.0299 31.4208 -0.437905 0.216259 0.112055 3.52432 22 104 1221 1 1 1.37373 1.37373 189 
-27.2638 22.4226 33.8062 -0.105405 0.0543774 -0.17308 3.77803 22 105 1001 1 1 0.626753 0.626753 258 
19.4059 29.4873 64.1019 0.272098 0.228003 0.00810514 3.7526 22 106 1293 1290 1 1.66601 1.66601 380 
35.2924 -0.733522 -14.6789 0.278454 0.0852105 -0.0740973 3.38619 22 107 1069 1 1 1.67588 1.67588 337 
24.2659 25.637 69.4747 0.0664607 0.211917 -0.0323284 3.74305 22 108 1001 1 1 1.18984 1.18984 189 
34.4257 7.80775 73.4357 0.404905 0.293619 0.104687 3.75268 22 109 1516 1515 1 1.10083 1.10083 308 
31.6451 15.6423 39.0981 0.211601 0.167808 0.0339404 3.58268 22 110 1146 1 1 0.50259 0.50259 68 
-21.8261 -27.7437 -11.56 -0.282499 -0.155338 0.00539805 3.39887 22 111 1112 1 1 1.6525 1.6525 324 
32.3003 -14.2401 43.094 0.213238 -0.0920635 -0.112994 3.6572 22 112 1219 1 1 0.237806 0.237806 145 
15.6642 31.6342 38.1884 11.2316 10.4955 8.81699 3.48335 11 113 1 0 1 1.30161 1.30161 281 
-29.0867 -20.0014 31.045 -0.358016 -0.187862 -0.148071 3.7901 22 114 1247 1246 1 1.56006 1.56006 365 
3.97425 -35.0756 32.4695 -0.00569438 -0.18922 0.0998637 3.59922 22 115 1125 1073 1 0.685797 0.685797 378 
-35.0981 -3.77048 61.4388 -0.16975 -0.0112685 -0.0409645 3.6171 22 116 1062 1 1 0.810005 0.810005 242 
-34.8589 -5.56318 78.0663 -0.506498 0.0421754 0.052928 3.70399 22 117 1071 1070 1 0.811305 0.811305 354 
16.1517 -31.3881 57.2519 0.116488 -1.53495 0.0426866 3.60211 22 118 1025 1 1 0.524937 0.524937 296 
34.8328 5.72442 69.5786 0.497124 0.10532 -0.053812 3.69621 22 119 1339 1338 1 0.659044 0.659044 158 
-23.111 26.6828 78.5569 -1.21291 1.30929 0.425194 3.70898 22 120 1034 1 1 0.22415 0.22415 113 
-34.2363 -8.60043 0.126603 -1.25653 0.132874 -0.140447 3.44829 22 121 1001 1 1 2.06151 2.06151 273 
6.56642 34.6839 6.85371 0.093325 0.521888 -0.0601306 3.47964 22 122 1040 1039 1 0.718272 0.718272 216 
34.0851 -9.18123 45.3587 1.49562 -1.1066 -0.508779 3.56445 22 123 1040 1002 1 0.579665 0.579665 114 
-35.0366 4.30395 25.0596 -0.0915894 -0.158113 0.0774637 3.7403 22 124 1247 1178 1 1.42457 1.42457 271 
-19.9695 29.1086 7.294 -0.232914 0.351505 0.319361 3.41165 22 125 1001 1 1 2.55383 2.55383 269 
-15.5889 31.6714 62.0407 -4.85264 6.3197 14.9401 3.5726 22 126 1110 1 1 0.167851 0.167851 264 
-25.9511 -23.9297 28.732 -0.304315 -0.249098 0.507862 3.48023 22 127 1013 1 1 1.19856 1.19856 230 
-23.6804 26.1788 -12.6964 -0.0841519 0.22767 -0.162643 3.77798 22 128 1183 1182 1 3.65123 3.65123 456 
-1.45934 -35.2698 20.5025 -0.0858772 -0.550538 -0.0954043 3.89534 22 129 1335 1333 1 0.716888 0.716888 348 
27.9671 -21.5391 -5.03984 0.279738 -0.156011 -0.14059 3.48876 22 130 1614 1 1 1.86972 1.86972 199 
-4.36547 35.029 63.5546 0.0587904 0.500351 0.0870933 3.6834 22 131 1228 1227 1 0.448844 0.448844 201 
-13.9532 -32.4253 55.8259 -0.240405 -0.830759 -0.209418 3.66383 22 132 1082 1081 1 0.0646458 0.0646458 175 
-33.3506 11.5684 38.6371 -0.383461 0.0845759 -0.0522035 3.80235 22 133 1229 1228 1 1.17261 1.17261 306 
-24.3035 25.6014 43.8535 -0.201524 0.488784 -0.184786 3.6768 22 134 1066 1035 1 1.11264 1.11264 378 
3.08558 -35.1649 63.4068 0.201572 -0.426165 0.0972448 3.63356 22 135 1001 1 1 1.49153 1.49153 427 
4.54367 -35.0064 43.4082 0.724437 -2.02139 3.03974 3.51097 22 136 1103 1 1 2.26857 2.26857 392 
-31.2337 16.4482 59.3219 -0.329994 0.196641 0.111342 3.59167 22 137 1090 1 1 3.34332 3.34332 406 
-33.3969 -11.4341 66.4132 -0.283956 0.0597747 0.0950643 3.63366 22 138 1466 1 1 2.34564 2.34564 380 
32.1397 14.599 28.706 0.252751 0.114566 -0.429082 3.7974 22 139 1077 1076 1 3.40362 3.40362 506 
-4.74551 34.9796 15.2986 0.412298 0.824491 -0.486943 3.54653 22 140 1001 1 1 1.49296 1.49296 295 
-34.6237 6.87667 36.4194 -0.287702 -0.00685732 -0.164619 3.603 22 141 1002 1001 1 1.35831 1.35831 311 
34.0207 9.41694 59.626 1.16553 0.165327 -0.0318477 3.66111 22 142 1100 1040 1 0.298217 0.298217 138 
33.2651 -11.812 52.6052 1.6327 -0.700137 3.33503 3.54388 22 143 1001 1 1 0.988096 0.988096 335 
-12.0413 33.1828 76.8551 -0.251253 0.227536 0.1294 3.68401 22 144 1142 1121 1 5.41171 5.41171 422 
35.2813 -1.15025 11.5806 3.27928 -0.886048 -1.66752 4.61798 22 145 1260 1259 1 1.01504 1.01504 114 
-13.6486 32.5546 -34.4364 -0.157503 0.225266 -0.384011 3.65581 22 146 1003 1002 1 1.98449 1.98449 540 
-9.96638 -33.8639 49.3079 -0.0302192 -0.337159 -0.00542245 3.60004 22 147 1033 1 1 2.05051 2.05051 319 
-26.3745 23.4623 78.4203 -0.548634 0.698894 0.570555 3.66642 22 148 1291 1 1 0.666068 0.666068 294 
31.3496 -16.2262 36.7497 0.416515 -0.253548 -0.152801 3.57582 22 149 1086 1085 1 1.22315 1.22315 373 
35.2912 -0.78686 60.8621 0.908159 0.0234827 1.04343 3.58276 22 150 1242 1 1 1.81634 1.81634 408 
-33.4433 11.2977 52.3502 -0.347964 -0.150534 -0.258683 3.68667 22 151 1247 1231 1 3.88133 3.88133 343 
-11.7714 33.2795 78.312 -0.235807 0.177198 0.417272 3.70686 22 152 1207 1170 1 2.08014 2.08014 266 
-18.22 30.2344 76.2761 -0.232346 0.36956 0.335888 3.66005 22 153 1040 1025 1 0.730738 0.730738 236 
-5.59818 34.8533 78.6724 -0.0698163 0.500225 0.0775909 3.6759 22 154 1069 1068 1 2.21555 2.21555 513 
-31.9893 14.9257 7.19786 -0.393509 0.211868 0.214476 3.4578 22 155 1023 1 1 1.96224 1.96224 372 
-16.4886 -31.2124 52.6945 -0.103133 -0.167273 -0.0232022 3.64241 22 156 1181 1180 1 0.730075 0.730075 236 
27.726 -21.8486 67.3469 0.178912 -0.266737 0.290767 3.61266 22 157 1129 1 1 0.57422 0.57422 300 
-6.58186 34.681 -15.7932 -0.0827613 0.147489 -0.482201 3.78277 22 158 1394 1368 1 2.56692 2.56692 308 
-35.2805 -1.17306 44.82 -0.510802 0.00342109 -0.0137744 3.61338 22 159 1228 1204 1 0 0 111 
10.5922 -33.6734 62.6284 -0.143141 -0.744208 0.777671 3.60275 22 160 1012 1 1 0.942004 0.942004 272 
10.8338 33.5964 65.2651 0.0929991 0.4806 0.283228 3.63233 22 161 1153 1 1 1.49994 1.49994 280 
-10.4616 -33.7142 45.8874 -0.405029 -1.21671 0.214552 3.56399 22 162 1001 1 1 1.12149 1.12149 436 
31.8306 15.2611 75.1341 0.559915 -0.132119 0.236297 3.76147 22 163 1001 1 1 0.979813 0.979813 394 
19.3087 29.5511 20.4254 0.353568 0.262007 -0.310754 3.76912 11 164 1036 1011 1 1.78252 1.78252 171 
8.97461 -34.1401 -13.7421 0.0997428 -0.676522 0.063098 3.40266 22 165 1001 1 1 2.22899 2.22899 514 
12.955 32.8369 68.0359 -0.00119533 0.386845 0.235687 3.6465 22 166 1326 1 1 3.65111 3.65111 355 
-34.4987 7.47842 -24.1961 -2.20365 0.89373 -0.994081 3.54571 22 167 1050 1 1 3.81126 3.81126 445 
-34.7497 6.20866 9.39335 -13.3003 -2.98813 -1.86376 3.47109 11 168 1 0 1 2.20868 2.20868 338 
32.551 -13.6574 67.5171 0.295923 -0.381081 -0.168306 3.71692 22 169 1190 1189 1 0.802173 0.802173 312 
-11.5562 -33.3548 70.9802 -3.83484 -7.48475 1.82497 3.65779 22 170 1031 1 1 2.01238 2.01238 384 
35.0981 3.76972 72.7844 0.230081 0.341598 0.0242713 3.6248 22 171 1002 1 1 2.24614 2.24614 405 
33.5983 -10.828 19.5835 10.0287 -3.18833 7.66288 3.48185 22 172 1034 1 1 5.94376 5.94376 325 
13.1932 32.7419 29.37 0.191294 1.1773 -0.00815415 3.53631 22 173 1032 1 1 1.26712 1.26712 369 
35.1974 -2.68967 61.444 0.441923 0.0681823 0.140027 3.66304 22 174 1261 1237 1 1.15134 1.15134 282 
-26.1076 23.7589 46.7107 -0.401774 0.280859 -0.144277 3.62402 22 175 1083 1082 1 1.32825 1.32825 281 
-31.1736 -16.562 37.3192 -0.424951 -0.196908 0.0588236 3.56869 22 176 1040 1007 1 1.1625 1.1625 344 
-30.8628 17.1342 27.6322 -24.4803 16.352 8.25738 3.47609 11 177 1 0 1 1.10945 1.10945 228 
24.9631 -24.9586 33.2963 0.27307 -0.422039 0.0918484 3.52952 22 178 1528 1527 1 2.64797 2.64797 350 
35.0257 -4.39232 60.0986 0.341355 0.287284 0.00866593 3.64214 22 179 1044 1 1 1.43624 1.43624 514 
27.0382 -22.6941 -5.6743 0.285411 -0.250823 0.225485 3.36918 22 180 1205 1145 1 0.143408 0.143408 111 
14.299 32.2743 76.3297 0.0788778 0.375636 -0.0187764 3.65987 22 181 1031 1030 1 2.16491 2.16491 357 
7.20322 -34.5573 22.7338 -0.207543 -0.188333 -0.0637486 3.53685 22 182 1001 1 1 2.03627 2.03627 366 
13.5013 32.616 34.4446 -0.104789 0.303207 0.107574 3.63335 22 183 1133 1132 1 0.518515 0.518515 220 
-0.661761 35.2938 49.883 -0.00539937 0.515593 0.288345 3.63343 22 184 1031 1 1 1.32112 1.32112 164 
30.4144 17.918 65.7524 0.652253 0.617785 0.964352 3.59983 22 185 1063 1 1 1.10853 1.10853 469 
-27.416 22.2363 12.5593 -0.157224 0.373657 0.046149 3.45729 22 186 1038 1 1 1.18436 1.18436 452 
34.0746 9.22028 47.6622 0.465153 0.0909229 0.191011 3.58532 22 187 1136 1135 1 3.43763 3.43763 183 
-3.07283 -35.166 20.3203 -0.0580375 -0.158261 0.0473678 3.82779 22 188 1003 1002 1 0.0353404 0.0353404 113 
5.63052 -34.8481 73.9294 0.819152 -1.98504 -0.401026 3.70289 22 189 1001 1 1 1.91272 1.91272 297 
-22.5483 -27.16 7.68285 -2.22026 -1.4514 -1.98215 3.63962 22 190 1001 1 1 0.652435 0.652435 283 
26.1392 23.7241 62.3556 3.14678 3.94831 6.12635 3.57683 -11 191 1026 1025 1 2.32733 2.32733 341 
18.474 -30.0799 62.9349 0.230638 -0.236139 -0.0220201 3.67293 22 192 1247 1 1 0.200157 0.200157 266 
-7.69284 -34.4516 68.5581 -1.83441 -0.852207 -0.195354 3.7164 22 193 1027 1 1 0.697948 0.697948 327 
-26.1181 -23.7473 -15.6138 -3.42896 -2.03169 1.04637 3.37757 22 194 1001 1 1 0.659145 0.659145 136 
35.1289 3.47148 -14.6625 0.399419 -0.00679538 -0.0327104 3.41125 22 195 1032 1031 1 0.0230359 0.0230359 46 
29.4917 19.3992 26.7956 0.571662 0.31887 0.0794719 3.51342 22 196 1001 1 1 0.286334 0.286334 236 
5.48726 -34.8709 3.22924 0.124019 -5.26679 4.32292 3.41359 22 197 1100 1 1 1.83757 1.83757 231 
-34.4973 -7.48487 22.117 -2.20022 -0.836243 1.84839 3.47342 22 198 1041 1 1 2.58732 2.58732 429 
33.6266 10.7396 71.3985 0.227133 0.331265 0.0499422 3.66259 22 199 1504 1503 1 0.340612 0.340612 232 
-35.2153 -2.44459 63.9017 -0.342592 0.0215686 0.016293 3.68673 22 200 1059 1 1 1.65736 1.65736 290 
30.4886 17.7914 43.4425 3.19347 2.26418 6.0223 3.51008 22 201 1001 1 1 1.22659 1.22659 482 
35.2565 -1.75109 60.093 6.63671 -0.468955 13.9434 3.56034 22 202 1120 1 1 0.883327 0.883327 93 
-30.8406 17.1741 73.1518 -1.30096 1.08866 1.25929 3.62887 22 203 1058 1 1 2.52183 2.52183 236 
-3.70917 -35.1046 56.2135 -0.0625508 -0.143823 -0.212015 3.66167 22 204 1088 1 1 1.23393 1.23393 298 
-22.9481 -26.823 76.6911 -1.74633 -4.65328 3.33475 3.684 22 205 1022 1 1 2.67328 2.67328 529 
24.0063 -25.8803 62.5327 0.285363 -0.194966 0.150027 3.60892 22 206 1096 1 1 0.0601268 0.0601268 204 
-20.8596 -28.4775 22.8968 -0.106049 -0.377017 0.225992 3.50572 22 207 1001 1 1 0.388513 0.388513 190 
30.8258 17.2006 10.2201 0.225246 0.22339 -0.0887318 3.46076 22 208 1034 1 1 0.384229 0.384229 190 
35.2829 -1.10019 48.6501 0.476672 -0.0237906 -0.182587 3.7244 22 209 1324 1323 1 2.15629 2.15629 359 
7.99414 34.3829 31.9331 -0.0831179 0.66661 -0.502597 3.64518 22 210 1001 1 1 0.72928 0.72928 282 
35.2651 -1.56855 39.1511 0.412138 -0.0183719 -0.686751 3.68532 22 211 1001 1 1 2.97545 2.97545 369 
-28.3802 20.9918 46.2057 -0.213934 0.237611 0.102399 3.61061 22 212 1001 1 1 0.694941 0.694941 237 
10.727 -33.6307 6.41484 2.46727 -5.41784 4.0295 3.40524 22 213 1015 1 1 0.551319 0.551319 83 
17.024 -30.9237 36.63 0.184934 -0.346455 0.170929 3.55721 22 214 1001 1 1 2.4045 2.4045 326 
35.0632 -4.08223 47.5899 0.950674 -0.166298 0.794995 3.54242 22 215 1028 1 1 3.34642 3.34642 464 
-31.6103 15.7124 54.3376 -3.50188 3.50719 2.86809 3.56943 22 216 1030 1 1 1.17387 1.17387 381 
-19.9627 -29.1132 40.9463 -0.509832 -0.958236 1.20054 3.573 22 217 1044 1 1 2.30044 2.30044 329 
35.0354 4.31381 49.2977 0.465179 0.112944 0.250015 3.55978 22 218 1042 1 1 1.15196 1.15196 485 
2.08412 -35.2384 40.3843 -0.0394951 -0.0284976 0.324124 3.65673 22 219 1314 1259 1 1.48678 1.48678 383 
-33.0545 -12.389 71.5569 -0.471528 -0.10705 0.165293 3.66123 22 220 1115 1090 1 2.03088 2.03088 423 
29.9674 18.656 11.3763 0.362862 0.583687 -0.743793 3.57714 22 221 1019 1018 1 3.22347 3.22347 426 
-32.1596 14.555 23.1769 -0.153615 0.0151721 -0.343215 3.76155 22 222 1157 1156 1 1.22769 1.22769 227 
35.2841 1.0594 50.4475 0.344272 -0.250881 0.096121 3.6602 22 223 1504 1429 1 0.652285 0.652285 338 
-29.8641 18.8208 77.0221 -0.477016 -0.113201 0.0928327 3.68562 22 224 1069 1033 1 1.28316 1.28316 284 
-35.057 -4.13519 39.2748 -0.571399 0.0203542 -0.0349007 3.68438 22 225 1001 1 1 0.187102 0.187102 172 
-3.20554 -35.1542 -14.9178 -0.142603 -1.23452 -0.780765 3.60572 22 226 1001 1 1 2.09027 2.09027 382 
-34.8247 -5.7732 66.375 -0.473928 -0.0948932 0.10695 3.62283 22 227 1169 1 1 2.04943 2.04943 254 
-13.8204 32.4821 24.918 0.0290481 0.823803 -0.295556 3.56007 22 228 1001 1 1 0.735067 0.735067 284 
-2.49288 35.2119 -6.75636 -0.0039224 0.216356 0.0154947 3.44126 22 229 1001 1 1 2.0532 2.0532 471 
-21.4645 -28.0243 -16.0367 -0.50178 -0.268582 0.0915638 3.33673 22 230 1120 1 1 2.78038 2.78038 457 
28.2156 21.2125 35.9468 0.177155 0.21926 -0.0920148 3.6614 22 231 1132 1 1 0.53198 0.53198 218 
4.0522 -35.0666 66.2306 0.111792 -0.468765 0.169945 3.67532 22 232 1079 1078 1 2.53013 2.53013 372 
3.9908 -35.0737 -19.7866 0.15348 -0.0427633 -0.381841 3.62686 22 233 1191 1165 1 0.530755 0.530755 410 
-32.5972 -13.5466 51.8711 -0.400015 -0.19331 -0.252466 3.80129 22 234 1290 1289 1 0.668842 0.668842 236 
-20.3258 -28.8609 37.3598 -0.735925 -1.3028 0.652802 3.53548 22 235 1057 1 1 0.419957 0.419957 337 
-12.3484 33.0697 19.0205 -0.0202363 0.295898 0.104722 3.49912 22 236 1010 1 1 1.61924 1.61924 258 
-20.0725 -29.0376 25.0744 -0.0551487 -0.508014 0.000860342 3.54039 22 237 1093 1092 1 0.408839 0.408839 193 
6.15129 -34.7599 16.3168 -0.321919 -0.36664 -0.151865 3.50874 22 238 1033 1032 1 0.723223 0.723223 132 
27.0033 22.7357 53.8641 0.0710119 0.363164 -0.0473327 3.61182 22 239 1356 1 1 1.69132 1.69132 412 
-19.9584 29.1162 21.9056 -0.0418713 0.331593 -0.239574 3.8051 22 240 1160 1158 1 1.27817 1.27817 353 
22.6551 -27.071 66.4929 1.45179 -8.34387 3.62555 3.63949 -11 241 1424 1423 1 2.62267 2.62267 462 
-24.0057 25.8808 43.6394 -0.216828 0.188808 -0.177752 3.62541 22 242 1135 1 1 2.51036 2.51036 578 
31.4469 -16.0369 10.93 4.11829 -2.6231 0.652977 3.47252 22 243 1001 1 1 0.0475527 0.0475527 94 
20.8292 -28.4997 53.4249 0.329565 -0.332369 0.56043 3.54849 22 244 1196 1 1 0.880086 0.880086 215 
-34.2463 -8.56039 -8.64461 -0.0525517 -0.334582 -0.26774 3.53411 22 245 1001 1 1 1.13972 1.13972 231 
17.8388 -30.4609 72.2594 0.265575 -0.760444 0.365987 3.65346 22 246 1093 1 1 0.715841 0.715841 266 
-31.3469 16.2315 74.34 -3.90869 2.14812 0.00303096 3.68545 22 247 1044 1 1 3.51011 3.51011 318 
-11.874 -33.243 61.2738 0.021271 -0.249335 0.400463 3.56785 22 248 1011 1 1 0.604551 0.604551 432 
5.9437 -34.796 49.6853 0.188149 -0.589673 0.0460795 3.61165 22 249 1089 1 1 1.38668 1.38668 371 
-13.1251 -32.7692 35.4651 -0.688046 -0.478164 0.19007 3.51399 22 250 1060 1 1 2.16702 2.16702 397 
35.119 3.57022 -7.85657 1.71418 0.777659 -2.56958 3.58376 22 251 1035 1 1 2.76795 2.76795 418 
-18.3778 -30.1388 46.2669 -0.0266691 -0.427328 -0.0244653 3.59864 22 252 1001 1 1 2.7187 2.7187 481 
-24.7408 25.179 -6.27636 -0.449458 1.25963 -0.90542 3.72559 22 253 1001 1 1 1.79473 1.79473 432 
12.4507 33.0313 43.6741 0.849189 1.40096 -1.17318 3.73353 22 254 1265 1264 1 0.26605 0.26605 244 
35.238 -2.0906 11.3553 0.860894 0.301687 0.180619 3.51247 22 255 1014 1 1 0 0 39 
-11.2929 -33.4449 -48.8392 0.028683 -0.586864 -0.82791 3.54035 22 256 1016 1015 1 3.28851 3.28851 408 
11.423 33.4007 53.4494 0.0401267 0.163603 -0.0407803 3.70529 22 257 1531 1481 1 0.988166 0.988166 453 
-11.315 33.4374 74.1307 -0.0324033 0.252932 -0.0105136 3.67393 22 258 1325 1290 1 2.85921 2.85921 439 
-28.7256 20.5166 48.1689 -6.99982 3.19239 5.16728 3.53255 22 259 1001 1 1 1.89692 1.89692 310 
29.8904 -18.7791 76.6879 0.265767 -0.0871249 0.0567437 3.65998 22 260 1004 1 1 2.75758 2.75758 401 
-31.1106 16.6799 74.8427 -0.713276 0.188236 0.312108 3.64515 22 261 1066 1 1 0.943255 0.943255 370 
34.8972 -5.31758 68.5846 0.457687 0.0838276 -0.0385259 3.69318 22 262 1006 1005 1 1.62369 1.62369 276 
6.38093 34.7185 78.1095 0.0544246 0.361252 0.174812 3.65671 22 263 1110 1109 1 1.39288 1.39288 248 
33.7172 10.4518 28.6845 0.208181 0.0165214 -0.0920284 3.54503 22 264 1002 1 1 3.34513 3.34513 325 
33.4619 11.2424 63.3164 3.3309 0.222913 2.98345 3.5801 -11 265 1082 1081 1 0.644501 0.644501 253 
-34.046 -9.3253 59.8115 -0.214598 -0.117836 0.155233 3.63741 22 266 1001 1 1 0.66043 0.66043 241 
-13.0682 32.7919 30.4206 -0.188694 0.462113 -0.109389 3.6392 22 267 1285 1251 1 0.729279 0.729279 129 
-22.4804 27.2162 59.8913 -0.183159 0.15446 -0.118215 3.63566 22 268 1004 1 1 0.472817 0.472817 274 
-22.8285 26.9249 14.2929 -0.23222 0.139238 -0.453192 3.68137 22 269 1137 1 1 1.7935 1.7935 502 
17.9984 -30.3669 66.0615 0.1043 -0.291574 0.278274 3.65199 22 270 1054 1 1 2.21132 2.21132 371 
15.7353 -31.5989 21.4758 -0.00778775 -1.50933 -0.892013 3.72746 22 271 1029 1 1 0.885763 0.885763 209 
30.7713 -17.298 2.8947 0.428818 -0.15161 0.230388 3.42828 22 272 1070 1 1 1.74403 1.74403 224 
35.2874 -0.942616 28.7674 5.79107 -0.547393 3.78063 3.4862 11 273 1 0 1 2.19433 2.19433 401 
-25.5745 -24.3317 75.2374 -0.586252 0.0883194 0.278523 3.73076 22 274 1020 1 1 0.943435 0.943435 285 
-32.7851 13.0853 63.2262 -0.404583 0.312112 0.00430836 3.70084 22 275 1243 1242 1 2.37939 2.37939 454 
-3.03252 35.1695 65.1568 -0.154641 0.597857 0.241193 3.62974 22 276 1166 1 1 1.50701 1.50701 278 
4.2929 -35.038 71.9905 -0.0893175 -0.502692 0.021046 3.70698 22 277 1021 1020 1 0.705704 0.705704 235 
-35.161 -3.12939 63.182 -0.461356 -0.144106 -0.165843 3.72047 22 278 1073 1060 1 0.838764 0.838764 196 
18.0806 -30.318 56.874 0.428051 -0.272772 0.059057 3.66061 22 279 1031 1030 1 2.24331 2.24331 365 
26.3207 -23.5226 73.6845 0.345168 -0.112554 -0.0735567 3.67997 22 280 1260 1165 1 1.33517 1.33517 264 
-30.2323 18.2236 45.1476 -1.03355 -0.014883 0.165175 3.54875 22 281 1028 1 1 0.639439 0.639439 282 
-35.1794 -2.91535 75.1011 -0.312638 -0.0303487 -0.0285258 3.74244 22 282 1404 1403 1 2.56618 2.56618 258 
-35.2169 -2.4213 63.3308 -0.493879 0.11741 -0.0584616 3.6874 22 283 1068 1067 1 0.520474 0.520474 242 
24.762 -25.1582 37.1051 0.329706 -0.219192 -0.323061 3.67808 22 284 1038 1037 1 1.68768 1.68768 599 
-7.36266 34.5236 50.9597 -0.147504 0.466775 0.212697 3.56035 22 285 1084 1 1 1.42699 1.42699 220 
14.2541 32.2941 15.7525 0.176926 0.451322 -0.161633 3.54226 22 286 1247 1246 1 1.6071 1.6071 263 
25.2307 24.688 7.42957 0.280989 0.586106 0.168575 3.4802 22 287 1002 1 1 1.55151 1.55151 411 
15.7935 31.5698 69.2045 0.27605 0.429307 0.0247316 3.70035 22 288 1118 1098 1 3.45608 3.45608 384 
-31.4923 -15.9475 38.7166 -3.71548 -1.96151 0.090202 3.54804 22 289 1070 1 1 0.584496 0.584496 208 
34.2181 -8.67249 -4.15846 0.10662 -0.165863 -0.495688 3.96881 22 290 1236 1199 1 1.20047 1.20047 267 
30.1851 -18.3016 51.2669 0.667285 -0.693362 -0.31617 3.59206 22 291 1315 1273 1 2.05103 2.05103 476 
31.1472 -16.6116 62.4853 0.381794 -0.13713 0.0660243 3.62013 22 292 1341 1268 1 0.723403 0.723403 338 
24.2818 25.6219 13.3876 1.30614 1.76916 -0.699405 3.44884 11 293 1 0 1 1.5677 1.5677 364 
5.24723 -34.9078 64.0527 0.356427 -1.15065 0.563711 3.62678 22 294 1024 1 1 2.45117 2.45117 333 
-11.7577 -33.2843 71.4707 -0.198601 -0.394764 0.256591 3.68727 22 295 1283 1282 1 0.743526 0.743526 330 
-31.3324 16.2594 25.0763 -4.57695 1.20906 -0.053903 3.52492 22 296 1001 1 1 0.869142 0.869142 243 
14.9928 -31.9579 32.5567 0.492075 -3.13918 0.299992 3.54516 22 297 1001 1 1 0.630045 0.630045 255 
-24.4572 -25.4545 78.5511 -0.203011 -0.340622 0.231074 3.68946 22 298 1012 1 1 1.24606 1.24606 427 
34.1206 -9.04848 -21.4968 0.198704 -0.0179183 -0.0821567 3.35708 22 299 1086 1085 1 1.79604 1.79604 195 
31.8298 15.2629 64.1831 0.50548 0.0962212 -0.0174734 3.71479 22 300 2071 2070 1 2.31151 2.31151 372 
-2.21384 -35.2305 71.1386 -0.0644037 -0.232709 0.278568 3.61767 22 301 1015 1 1 1.82965 1.82965 439 
10.3269 -33.7557 21.1441 0.0745932 -0.341748 -0.0261232 3.47852 22 302 1002 1 1 2.06518 2.06518 433 
12.9114 32.854 60.6767 -0.312007 0.702135 0.418681 3.57754 22 303 1009 1 1 1.55805 1.55805 183 
-20.3514 -28.8429 22.4588 -0.807287 -0.3651 -0.190431 3.50684 22 304 1003 1002 1 0.689082 0.689082 142 
21.9173 -27.6717 61.4078 0.137138 -0.37559 0.47677 3.58164 22 305 1203 1 1 2.74639 2.74639 328 
19.0117 -29.743 -8.06442 0.51089 -0.557706 -0.412195 3.50388 22 306 1009 1 1 0 0 102 
26.9443 22.8055 2.57124 0.183995 0.155928 0.0895489 3.41088 22 307 1131 1 1 1.99616 1.99616 113 
-34.3826 -7.99538 19.349 -0.6163 -0.0638993 0.0338038 3.4933 22 308 1023 1 1 1.17977 1.17977 314 
32.5199 -13.7312 -47.7181 0.183337 -0.0851691 -0.469312 3.70943 22 309 1179 1178 1 0.275242 0.275242 189 
14.9473 -31.9792 52.2495 0.243246 -0.144348 -0.150167 3.65478 22 310 1291 1 1 2.15164 2.15164 412 
-2.04568 -35.2407 66.6648 -0.0542058 -0.172738 -0.0534468 3.69209 22 311 1100 1 1 1.12985 1.12985 289 
30.5005 -17.7711 61.3654 0.802329 -0.36646 0.603909 3.56469 22 312 1163 1 1 2.76629 2.76629 263 
-24.1354 25.7599 14.5399 -0.153258 0.357369 0.185875 3.44058 22 313 1003 1 1 3.13819 3.13819 254 
-30.391 17.9576 -8.3481 -0.138233 0.108749 -0.0199193 3.45955 22 314 1026 1 1 1.92481 1.92481 396 
32.7463 -13.1821 2.71703 0.0269574 -0.239283 0.256122 3.45625 22 315 1041 1 1 1.01921 1.01921 289 
32.4241 13.9559 78.0666 1.121 -0.274065 0.135869 3.65789 22 316 1158 1157 1 0.340087 0.340087 163 
35.0356 4.31232 6.9455 0.796953 -0.127726 0.0198588 3.47349 22 317 1071 1 1 0.778296 0.778296 314 
30.2589 -18.1794 78.246 0.471415 -0.144072 0.134653 3.67607 22 318 1139 1138 1 2.45151 2.45151 245 
-30.4838 -17.7996 77.9473 -0.702646 -0.0862787 0.24033 3.68355 22 319 1074 1 1 1.68044 1.68044 326 
-34.6153 6.9187 50.434 -0.466198 0.121535 -0.151451 3.69285 22 320 1206 1183 1 0.980759 0.980759 319 
-13.7005 32.5328 17.5625 -0.125012 0.339014 -0.135064 3.53829 22 321 1299 1251 1 0.590365 0.590365 145 
33.5044 11.1152 35.3015 1.38159 0.186386 -1.42679 3.67955 22 322 1270 1250 1 2.41085 2.41085 540 
34.5966 -7.01194 35.8669 0.223968 -0.140267 -0.123769 3.69491 22 323 1079 1013 1 3.31051 3.31051 378 
6.72961 -34.6526 18.5664 2.91757 -10.4224 18.9769 3.42918 22 324 1075 1 1 0.535042 0.535042 154 
-34.6906 6.53103 52.7407 -0.42848 0.0867491 0.108725 3.58853 22 325 1354 1336 1 2.77801 2.77801 249 
19.747 -29.26 -2.47437 0.127389 -0.242859 0.137489 3.46097 22 326 1046 1 1 1.88491 1.88491 239 
31.3114 16.2999 47.3875 0.394297 0.190298 -0.263507 3.75173 22 327 1139 1136 1 0.647797 0.647797 198 
23.2626 26.5508 49.0541 0.187417 0.114299 -0.0758767 3.66427 22 328 1124 1123 1 1.79018 1.79018 432 
25.1437 -24.7767 -7.21887 0.116945 -0.154476 -0.472843 3.7786 22 329 1316 1292 1 2.91961 2.91961 479 
24.2237 -25.6769 67.2643 0.466468 -0.352275 -0.0958397 3.73117 22 330 1200 1177 1 2.64596 2.64596 381 
8.58706 -34.2396 -8.44268 0.206982 -0.805206 0.650353 3.35299 22 331 1048 1 1 1.94931 1.94931 177 
31.5975 -15.7382 67.2909 0.342524 0.0283348 0.00802012 3.66901 22 332 1198 1 1 2.14559 2.14559 416 
-34.6591 -6.69577 39.6046 -0.451258 -0.128331 0.137611 3.54923 22 333 1250 1 1 0.702094 0.702094 269 
-35.2961 -0.527159 2.77435 -0.355681 -0.17365 0.124396 3.55422 22 334 1038 1037 1 0.648686 0.648686 316 
34.5331 7.31801 57.2626 0.529049 -0.127438 1.31458 3.546 22 335 1057 1 1 0.345757 0.345757 266 
2.2412 35.2288 36.8894 -0.253116 0.76499 0.579768 3.4988 22 336 1001 1 1 3.76914 3.76914 344 
13.3892 -32.6622 58.5711 0.178145 -0.448154 -0.168945 3.72541 22 337 1078 1076 1 1.43226 1.43226 308 
-26.9009 22.8568 25.8294 -0.440318 0.170279 0.145964 3.49565 22 338 1010 1 1 1.25796 1.25796 526 
12.9305 32.8465 -11.9043 0.0376027 0.413077 -0.69709 3.60734 22 339 1047 1 1 3.05857 3.05857 342 
-18.6299 -29.9836 47.8643 -0.252918 -0.404072 0.278034 3.56322 22 340 1543 1209 1 0.892865 0.892865 354 
29.931 -18.7143 -10.8559 0.392291 0.0353555 -0.171016 3.44109 22 341 1025 1 1 2.0902 2.0902 306 
15.2982 -31.8128 30.7274 0.00648165 -0.584907 -0.156199 3.62276 22 342 1307 1283 1 1.65824 1.65824 503 
17.5115 -30.6503 35.3652 -0.145724 -0.511438 1.0939 3.47395 22 343 1054 1 1 0.298025 0.298025 169 
33.0454 -12.4135 70.0466 0.762377 0.0357469 0.176673 3.62719 22 344 1073 1 1 0.155002 0.155002 74 
35.2978 -0.398271 2.20188 8.62897 -1.30199 9.72672 3.39377 11 345 1 0 1 1.30927 1.30927 334 
-34.743 -6.24637 43.368 -0.4635 -0.0409048 -0.0649691 3.58328 22 346 1337 1336 1 0.375812 0.375812 212 
-4.54194 35.0066 64.8636 -0.137387 1.22845 0.061503 3.65685 22 347 1027 1 1 0.87499 0.87499 376 
27.7807 -21.779 12.399 0.261078 -0.312834 0.0940665 3.46514 22 348 1022 1 1 1.99036 1.99036 359 
-22.9155 26.8508 58.0077 -4.75438 3.53837 0.375863 3.60999 22 349 1002 1 1 0.926408 0.926408 204 
21.3669 -28.0988 55.0183 0.269247 -0.316476 -0.268454 3.77197 22 350 1098 1097 1 0.376019 0.376019 236 
-20.3072 28.874 23.6096 -0.62396 1.3727 -1.92947 3.70338 22 351 1013 1 1 2.09109 2.09109 325 
29.7981 -18.9252 71.9756 0.932488 -0.242342 -0.267027 3.69107 22 352 1224 1223 1 1.17666 1.17666 201 
12.8052 -32.8955 61.2693 0.177722 -1.77199 -0.30926 3.62043 22 353 1245 1226 1 0.857089 0.857089 210 
-7.3598 -34.5242 2.00358 -0.253797 -0.919634 0.719323 3.39034 22 354 1104 1 1 2.57086 2.57086 410 
-26.3118 23.5325 60.4584 -0.376894 0.338779 0.198734 3.61754 22 355 1292 1 1 0.960263 0.960263 346 
-11.8858 33.2388 77.275 -0.28049 1.41991 5.45305 3.61187 22 356 1133 1 1 1.20436 1.20436 320 
-34.0819 -9.19316 78.515 -0.261915 -0.109381 0.0207085 3.7109 22 357 1039 1038 1 1.79217 1.79217 309 
-22.8037 -26.9459 62.3829 -0.204012 -0.288774 -0.066341 3.63812 22 358 1002 1 1 1.48395 1.48395 400 
-3.33772 -35.1419 54.7257 0.0621003 -0.529074 -0.121248 3.64535 22 359 1028 1027 1 0.482844 0.482844 273 
-22.3229 27.3455 52.8694 -0.285429 0.423368 -0.0202393 3.6776 22 360 1053 1052 1 1.36913 1.36913 390 
-11.531 33.3635 73.6414 -0.59065 1.15719 0.71195 3.63113 22 361 1022 1 1 0.614976 0.614976 254 
34.562 7.18018 28.5607 0.319359 0.0490193 0.244768 3.48899 22 362 1153 1130 1 2.2261 2.2261 372 
35.2997 0.136265 43.6473 0.555549 0.242874 0.00998521 3.58804 22 363 1498 1 1 1.33468 1.33468 230 
26.6501 -23.1487 29.6521 0.191008 -0.295895 0.0601597 3.55164 22 364 1099 1 1 1.77703 1.77703 293 
0.684954 35.2934 38.6588 0.137611 0.254621 -0.313697 3.71666 22 365 1557 1556 1 1.7829 1.7829 322 
-16.5724 31.168 -0.552981 -0.242354 0.289313 0.147555 3.41538 22 366 1001 1 1 0.0922079 0.0922079 215 
33.2636 -11.8161 24.0681 0.1385 -0.00132113 -0.112817 3.64733 22 367 1271 1187 1 2.1951 2.1951 326 
26.3273 -23.5152 28.3294 0.345116 -0.126645 -0.148946 3.58099 22 368 1037 1 1 0.971966 0.971966 288 
-16.1821 -31.3724 74.9642 -0.347805 -0.589048 1.30099 3.62479 22 369 1182 1 1 0.472914 0.472914 271 
34.4657 -7.6293 78.7748 0.559107 -0.00313025 0.157113 3.66868 22 370 1041 1 1 0.745681 0.745681 199 
-34.6374 -6.80755 56.9581 -3.86656 -1.31219 -1.38213 3.67164 22 371 1071 1070 1 0.786897 0.786897 164 
-25.5079 -24.4016 60.6933 -0.195002 -0.283924 0.165884 3.62867 22 372 1241 1199 1 0.0333586 0.0333586 127 
-32.7611 -13.1453 67.0424 -15.9854 -20.2938 28.0791 3.58697 11 373 1 0 1 4.29142 4.29142 259 
-2.4337 -35.216 76.6935 -0.626835 -2.31954 -0.130323 3.72371 22 374 1033 1032 1 0.641765 0.641765 220 
34.9413 -5.01935 73.3815 3.62915 -0.923965 -1.51022 3.64234 -11 375 1169 1168 1 5.96385 5.96385 497 
-33.47 -11.2181 30.0215 -6.60739 -1.99314 7.63366 3.47624 22 376 1030 1 1 0 0 59 
-9.41787 34.0205 60.7726 -0.0543243 0.580654 -0.298042 3.75976 22 377 1049 1048 1 0.77515 0.77515 193 
-34.2495 8.5475 61.9085 -0.954864 0.209593 0.785511 3.59511 22 378 1435 1421 1 1.77423 1.77423 448 
24.0309 25.8574 26.2223 2.53408 1.61257 3.98731 3.4558 22 379 1202 1 1 1.25809 1.25809 197 
19.6087 -29.3529 62.0082 0.268483 -0.457125 0.423585 3.57683 22 380 1213 1 1 0.714856 0.714856 207 
-31.9314 15.049 22.2209 -0.111977 0.220103 -0.337768 3.85981 22 381 1002 1 1 1.78475 1.78475 372 
-9.64875 33.9557 64.0718 -0.0746574 0.424473 0.217834 3.61926 22 382 1547 1546 1 1.83716 1.83716 227 
-23.6762 26.1826 16.919 -0.363391 0.332795 -0.135329 3.56469 22 383 1134 1133 1 0.833897 0.833897 387 
31.1054 16.6897 64.3926 5.86178 3.56722 -3.04644 3.74081 22 384 1515 1514 1 1.14013 1.14013 182 
-28.076 21.3969 37.545 -1.03772 1.3746 0.482177 3.60333 22 385 1069 1068 1 2.10561 2.10561 423 
-23.2013 26.6043 73.2849 -7.08016 6.39878 1.21757 3.62737 -11 386 1023 1022 1 0.573899 0.573899 154 
35.1592 3.14968 39.2227 0.381187 0.0683352 -0.24315 3.77704 22 387 1080 1079 1 1.43519 1.43519 244 
-33.5541 10.9643 -2.58126 -2.83956 -0.125806 1.76476 3.39231 22 388 1399 1299 1 2.99579 2.99579 483 
-23.2104 26.5964 69.7689 -0.328375 0.3915 0.00421188 3.68583 22 389 1021 1020 1 1.05601 1.05601 276 
16.7746 -31.0597 65.2239 0.88328 -2.02966 -1.26754 3.68328 22 390 1005 1004 1 2.19751 2.19751 329 
16.5665 -31.1712 78.9505 -0.024642 -0.346671 0.16944 3.65839 22 391 1074 1 1 1.11299 1.11299 310 
-6.13877 34.7621 -17.1272 -0.149588 0.880398 -0.44183 3.47073 22 392 1001 1 1 0.849077 0.849077 217 
-28.3714 21.0037 54.1464 -0.553544 0.442894 0.143581 3.68797 22 393 1001 1 1 0.704506 0.704506 162 
35.187 2.82201 10.697 2.46754 0.301283 2.27499 3.42321 22 394 1061 1 1 2.22485 2.22485 331 
24.8654 -25.056 63.2511 0.178046 0.0684491 0.184634 3.69297 22 395 1307 1159 1 0.626471 0.626471 357 
34.3011 8.33829 71.6249 0.385973 0.0239794 -0.0451406 3.60095 22 396 1094 1 1 2.22429 2.22429 434 
34.2016 8.73725 40.125 0.273844 0.0524049 -0.0099466 3.73186 22 397 1201 1072 1 0.55472 0.55472 286 
28.9718 -20.1674 51.2283 0.181081 -0.106772 -0.108161 3.77758 22 398 1074 1073 1 0.338123 0.338123 219 
24.0655 25.8252 55.6193 2.13539 2.24094 3.25813 3.57743 22 399 1014 1 1 0.402952 0.402952 80 
8.40158 34.2856 66.926 0.23161 6.41853 -4.26493 3.66229 22 400 1016 1 1 3.20358 3.20358 485 
-30.1966 -18.2827 78.24 0.00325732 -0.355184 0.111359 3.71457 22 401 1001 1 1 2.34762 2.34762 433 
-19.4056 -29.4875 74.002 -0.263071 -0.543232 0.374907 3.64077 22 402 1153 1 1 0.75318 0.75318 296 
7.38316 34.5193 44.4596 0.000395166 0.557798 0.793514 3.52001 22 403 1158 1 1 0.0903799 0.0903799 144 
-35.1658 3.0747 46.582 -2.51507 1.08382 1.10187 3.56616 22 404 1057 1 1 0 0 33 
31.5453 -15.8426 35.3789 0.149255 -0.0527801 -0.201683 3.71475 22 405 1559 1485 1 1.62273 1.62273 427 
-34.9128 -5.21383 64.7194 -0.501639 -0.0196402 -0.0953537 3.73158 22 406 1170 1169 1 1.88738 1.88738 321 
-34.3327 8.20704 59.4286 -3.45986 1.30802 3.46776 3.58979 22 407 1019 1 1 0.649563 0.649563 232 
-9.92911 33.8748 64.6453 -0.429791 0.241277 0.134851 3.71069 22 408 1079 1078 1 0.526597 0.526597 118 
-24.992 24.9297 34.7506 -0.134983 0.380203 -0.137565 3.54616 22 409 1001 1 1 1.21708 1.21708 288 
-25.4286 -24.4842 72.4695 -1.92306 -1.42575 0.948133 3.66888 22 410 1054 1 1 1.63514 1.63514 290 
-20.4444 28.777 77.6658 -0.36848 0.764862 0.430566 3.77548 22 411 1004 1 1 2.51381 2.51381 497 
29.2258 19.7975 75.91 4.20264 3.25224 2.06598 3.67681 22 412 1163 1114 1 1.46696 1.46696 339 
-24.7815 -25.1389 16.2302 -0.0440009 -0.239342 -0.0816541 3.80286 22 413 1661 1598 1 1.14429 1.14429 292 
30.9698 -16.94 65.1541 0.295925 -0.192007 0.102908 3.62976 22 414 1468 1449 1 0.46461 0.46461 163 
-9.55397 -33.9825 33.5841 -0.140995 -0.239532 0.330155 3.50162 22 415 1051 1 1 0.383265 0.383265 120 
11.6241 -33.3312 39.239 1.23485 -6.61876 4.56869 3.50506 22 416 1458 1361 1 1.70585 1.70585 429 
32.0031 -14.8961 59.6632 0.334797 -0.145844 0.0361812 3.68531 22 417 1546 1518 1 1.06852 1.06852 290 
1.56362 35.2654 -18.2158 0.46189 2.09195 -1.09761 3.46376 22 418 1136 1135 1 1.10916 1.10916 112 
-1.08224 -35.2834 -14.7683 0.0834383 -0.044402 -0.17315 3.68705 22 419 1001 1 1 0.601495 0.601495 289 
-21.6671 27.8681 61.062 -0.233847 0.422845 -0.166245 3.67754 22 420 1100 1099 1 0.728647 0.728647 243 
-32.5372 13.6902 75.7939 -0.0251329 0.210073 0.116164 3.6538 22 421 1288 1178 1 1.27785 1.27785 331 
35.1629 -3.10773 63.2279 0.92837 -0.0879136 -0.586379 3.71289 22 422 1367 1366 1 0.592929 0.592929 178 
-33.8068 10.1583 60.7573 -4.84125 1.51001 1.58991 3.63865 22 423 1001 1 1 2.36033 2.36033 251 
-33.4359 11.3194 60.4937 -1.43315 0.445905 0.184592 3.6592 22 424 1009 1008 1 1.09472 1.09472 165 
-26.5201 23.2975 10.4823 -0.360578 0.120951 -0.108294 3.6779 22 425 1051 1031 1 1.3444 1.3444 314 
-32.3588 -14.1067 6.09103 -5.09244 -2.86623 2.20126 3.44875 22 426 1065 1 1 2.10784 2.10784 404 
-9.12534 -34.1001 63.3427 -0.52947 -0.665978 1.62925 3.57651 22 427 1093 1 1 1.01455 1.01455 311 
10.6086 33.6682 21.8531 -0.0680102 0.396189 -0.394013 3.76123 22 428 1181 1179 1 1.95084 1.95084 377 
34.5799 -7.09366 57.6044 0.296899 -0.112112 0.400502 3.64373 22 429 1302 1301 1 0.521961 0.521961 203 
11.7073 33.3021 31.1614 0.0271612 0.316993 -0.0967846 3.63698 22 430 1276 1171 1 0.621836 0.621836 198 
-6.29466 34.7342 64.2717 -0.381267 0.630098 0.235354 3.65281 22 431 1106 1087 1 1.08141 1.08141 308 
-19.0304 29.731 26.3206 -2.22697 6.70266 0.426818 3.51395 22 432 1001 1 1 1.11872 1.11872 260 
-28.7814 20.4382 48.3882 -0.179508 0.0464973 0.312736 3.5548 22 433 1002 1001 1 0.292832 0.292832 158 
28.8355 -20.3618 62.0723 7.82894 -3.29975 5.69744 3.6044 22 434 1024 1 1 1.59275 1.59275 337 
-23.1471 -26.6515 16.6506 -0.445137 -0.650721 0.108405 3.48685 22 435 1073 1 1 0.760938 0.760938 249 
-25.9985 -23.8782 73.2313 -0.449253 -0.243249 -0.0110188 3.72968 22 436 1339 1338 1 0.372926 0.372926 249 
-25.0154 24.9063 17.1027 -0.282118 0.332517 -0.0772092 4.52576 22 437 1197 1196 1 1.00238 1.00238 326 
27.4449 22.2006 60.6744 0.312451 0.368402 0.166656 3.64079 22 438 1331 1330 1 0.496252 0.496252 171 
29.64 -19.1719 16.5761 7.1305 -7.51214 25.2439 3.41045 22 439 1038 1 1 1.45086 1.45086 391 
19.5485 29.393 50.5887 0.513483 1.52002 2.81783 3.54363 22 440 1008 1 1 0.828719 0.828719 216 
35.2565 1.75157 71.6385 1.09955 -0.0525594 1.30141 3.61794 22 441 1268 1 1 0.836654 0.836654 155 
11.3161 33.4371 53.3177 0.0575635 0.192091 -0.104048 3.71054 22 442 1209 1123 1 1.90044 1.90044 430 
-18.0552 30.3331 31.1098 -6.90229 13.537 20.2746 3.46508 22 443 1001 1 1 0.556082 0.556082 317 
-21.1864 -28.2352 53.6255 -0.66861 -1.13749 1.93026 3.54276 22 444 1139 1 1 1.65951 1.65951 382 
1.01166 -35.2855 47.7198 0.213792 -0.346111 -0.360246 3.7045 22 445 1251 1193 1 3.20105 3.20105 318 
33.5734 10.905 10.5819 1.65924 1.08656 0.515255 3.53761 22 446 1001 1 1 1.49204 1.49204 307 
18.5812 30.0138 68.6971 0.432933 0.271055 0.0147507 3.71352 22 447 1037 1036 1 0.884644 0.884644 290 
9.50806 -33.9954 63.1418 0.249193 -0.405377 0.0520008 3.65903 22 448 1063 1 1 1.02812 1.02812 239 
-35.2862 0.986409 12.0315 -0.552506 0.217445 -0.794848 3.56299 22 449 1001 1 1 1.26273 1.26273 209 
-30.3946 17.9515 -3.53851 -0.305873 0.251731 0.0341754 3.43983 22 450 1030 1 1 2.37832 2.37832 358 
-32.1363 -14.6064 40.6367 -5.46604 -1.77473 1.77092 3.53748 11 451 1 0 1 1.00762 1.00762 231 
4.94339 34.9522 72.4384 -0.0140605 0.760222 1.9576 3.59211 22 452 1153 1 1 2.29635 2.29635 430 
20.6862 -28.6037 28.8506 -0.036449 -0.119231 -0.231488 3.7251 22 453 1006 1 1 0.937585 0.937585 175 
-9.52214 33.9915 63.683 0.0281069 0.491172 -0.138131 3.64984 22 454 1278 1276 1 3.04763 3.04763 416 
10.6121 33.6671 49.7404 0.655471 2.65812 1.60331 3.55748 22 455 1679 1646 1 0.6483 0.6483 311 
-23.7487 26.1168 62.6934 -0.337271 0.383427 -0.0187513 3.63473 22 456 1234 1233 1 0.295364 0.295364 174 
30.2634 -18.1719 50.8213 0.304374 -0.0138084 -0.156484 3.61314 22 457 1001 1 1 1.67796 1.67796 455 
28.6586 20.6101 63.864 3.27385 2.77366 3.70801 3.61209 22 458 1099 1 1 0.375343 0.375343 370 
29.9615 18.6654 18.0943 0.360363 0.561678 -0.244872 3.56126 22 459 1036 1 1 0.207501 0.207501 314 
-9.00132 34.1331 -5.11887 0.158709 0.310827 0.0964526 3.43547 22 460 1001 1 1 4.66875 4.66875 416 
-26.8317 22.938 50.2873 -0.248381 0.150744 0.180236 3.57379 22 461 1179 1 1 0.72237 0.72237 227 
18.3789 30.1381 27.1203 0.24371 0.3449 -0.133054 4.65053 22 462 1156 1155 1 0.819669 0.819669 287 
-26.825 22.9458 38.7678 -2.06931 1.98633 2.63879 3.51624 22 463 1001 1 1 0.936877 0.936877 218 
-20.5787 -28.6811 32.2973 -0.372948 -0.16499 0.30791 3.50494 22 464 1098 1073 1 0.416726 0.416726 141 
-35.2707 1.4382 49.125 -0.349464 -0.0115527 0.372641 3.60617 22 465 1368 1367 1 1.01397 1.01397 332 
26.6449 23.1546 40.1208 0.541791 0.209591 0.150245 3.55611 22 466 1014 1 1 1.73695 1.73695 310 
-7.35445 -34.5254 37.1985 0.0650154 -0.399375 -0.312077 3.65649 22 467 1165 1164 1 6.42757 6.42757 613 
19.3558 29.5202 51.8727 0.156222 0.215832 -0.184566 3.6918 22 468 2229 2227 1 0.887051 0.887051 156 
-8.25792 -34.3205 75.2413 0.0547672 -0.372335 0.345669 3.66231 22 469 1022 1021 1 1.58843 1.58843 312 
-18.2022 -30.2451 70.6313 -0.478693 -0.638429 0.636073 3.62229 22 470 1093 1 1 0.851147 0.851147 374 
-35.2921 0.745799 62.0032 -0.483236 0.134926 0.0969439 3.64477 22 471 1107 1075 1 0.944798 0.944798 227 
26.0281 -23.8459 47.431 0.375301 -0.17349 -0.300284 3.74747 22 472 1127 1126 1 0.814538 0.814538 248 
1.47159 -35.2693 65.1001 0.158723 -0.171039 0.0237005 3.75946 22 473 1225 1224 1 0.960695 0.960695 429 
-34.1885 8.78828 15.0259 -0.926633 0.285823 -0.0947518 3.48082 22 474 1023 1 1 0.0704784 0.0704784 85 
-27.729 21.8447 -18.4489 -0.207988 0.119325 -0.172381 3.3519 22 475 1059 1 1 5.78434 5.78434 413 
-9.78197 33.9176 55.1945 -0.0965055 0.341441 -0.0802486 3.68169 22 476 1257 1 1 1.76813 1.76813 557 
-35.1914 2.76679 31.0355 -0.329906 -0.0929311 -0.208011 3.81309 22 477 1111 1109 1 0.482101 0.482101 336 
-7.41795 34.5118 38.4218 -0.026226 0.419059 0.266389 3.52048 22 478 1001 1 1 1.51641 1.51641 293 
-33.9445 -9.68831 60.314 -0.499172 -0.0377328 -0.102583 3.63232 22 479 1199 1172 1 3.18934 3.18934 355 
-12.7774 32.9063 68.8626 -0.34113 0.723187 0.455789 3.63564 22 480 1306 1304 1 0.52558 0.52558 182 
35.1062 3.69409 20.9322 0.458056 0.0800189 0.105907 3.5271 22 481 1052 1 1 2.03191 2.03191 182 
-2.83128 35.1863 34.0162 -0.823964 2.57093 0.643472 3.56337 22 482 1001 1 1 0.884803 0.884803 186 
25.3969 24.5171 72.4167 0.222237 0.259596 0.153461 3.76841 22 483 1524 1523 1 0.405389 0.405389 169 
15.1501 -31.8836 49.8564 0.0932032 -0.204757 -0.00514596 3.59591 22 484 1074 1 1 0.112707 0.112707 189 
15.7076 -31.6127 -56.515 -0.20097 -0.181992 -0.0901442 3.40552 22 485 1054 1 1 1.833 1.833 399 
1.49327 35.2684 74.9429 -0.140554 0.304249 -0.180173 3.63253 22 486 1210 1151 1 1.67493 1.67493 480 
-35.2397 -2.06219 71.1 -0.31574 0.244777 0.274373 3.6285 22 487 1104 1 1 1.37558 1.37558 133 
11.7658 33.2815 56.2819 0.0758464 0.299315 0.0333454 3.67463 22 488 1028 1027 1 2.05858 2.05858 310 
27.7486 21.8198 55.2135 2.22236 0.979485 -0.551194 3.58291 22 489 1001 1 1 0.244781 0.244781 152 
0.155557 -35.2997 -0.0990615 1.01865 -4.24055 -0.254039 3.45274 22 490 1031 1 1 0.729798 0.729798 139 
29.4485 -19.4648 67.5096 0.490652 -0.113702 -0.0863271 3.70579 22 491 1440 1439 1 2.47187 2.47187 353 
12.7441 -32.9193 19.812 -0.133507 -0.26664 -0.0572011 3.5839 22 492 1234 1203 1 3.67888 3.67888 491 
15.7669 -31.5831 26.4097 0.24838 -0.440531 -0.073212 3.60453 22 493 1016 1015 1 0.709821 0.709821 367 
-18.2203 -30.2343 -1.08554 0.0912344 -0.170611 -0.0555324 3.89877 22 494 1065 1 1 1.65537 1.65537 335 
32.3536 14.1185 31.2176 5.11743 5.41442 -0.176728 3.52717 11 495 1 0 1 1.11173 1.11173 308 
16.6725 -31.1146 53.2446 0.396643 -0.338404 -0.488685 4.67738 22 496 1279 1175 1 0.373508 0.373508 170 
35.287 -0.959179 10.8529 0.30892 -0.173044 -0.12838 3.55261 22 497 1032 1029 1 1.24893 1.24893 396 
31.7758 -15.375 5.68851 0.290052 -0.0430069 -0.168846 3.50161 22 498 1001 1 1 1.39728 1.39728 286 
14.6604 32.1117 71.0441 0.311723 0.413592 -0.155025 3.63822 22 499 1063 1035 1 0.809402 0.809402 249 
-33.3328 11.6197 39.0212 -0.912697 0.395617 -0.740761 3.5803 22 500 1375 1372 1 1.30262 1.30262 255 
3.19842 35.1548 77.6106 -0.0627364 0.403459 0.404894 3.63225 22 501 1208 1 1 1.35106 1.35106 248 
5.46354 -34.8746 -25.0579 0.104129 -0.172437 0.160415 3.35048 22 502 1117 1116 1 1.18694 1.18694 377 
35.1165 -3.5946 25.6447 1.0772 -0.139758 2.16292 3.44388 22 503 1166 1 1 0.652252 0.652252 168 
12.5527 32.9927 75.9211 0.180023 0.478235 -0.00155532 3.70326 22 504 1170 1155 1 0.327574 0.327574 166 
31.7481 15.432 69.1979 0.200176 0.252363 0.257242 3.60177 22 505 1001 1 1 3.01003 3.01003 363 
25.157 -24.7632 43.7107 1.17037 -0.838873 1.38032 3.5338 22 506 1026 1 1 1.75404 1.75404 443 
-34.7726 6.07932 -66.843 -0.527023 0.127642 -0.412059 3.34014 22 507 1001 1 1 0.482162 0.482162 303 
-0.113424 35.2998 -19.4234 -0.0148759 3.26653 -2.16644 3.48915 22 508 1001 1 1 1.66527 1.66527 377 
26.0468 -23.8255 -1.394 0.457559 -0.465148 0.230146 3.46678 22 509 1001 1 1 0.7013 0.7013 235 
-33.6804 10.5699 28.8396 -0.376745 0.0810489 -0.458079 3.68589 22 510 1640 1639 1 1.26303 1.26303 216 
22.5844 -27.13 58.737 0.222015 -0.38986 -0.244619 3.70151 22 511 1007 1006 1 0.730679 0.730679 101 
-21.0588 -28.3305 16.8823 -0.174516 -0.265676 -0.4001 3.69391 22 512 1093 1092 1 1.60437 1.60437 369 
-15.6901 -31.6213 24.547 -0.211556 -0.538423 0.0861092 3.48708 22 513 1052 1 1 1.66265 1.66265 480 
-5.99277 -34.7876 32.8059 -0.0532856 -0.481741 -0.0140407 3.62005 22 514 1012 1 1 1.28152 1.28152 399 
35.1814 -2.8909 77.4949 8.81308 0.937457 -0.220072 3.65961 22 515 1007 1006 1 1.0828 1.0828 339 
35.0957 3.79279 55.0349 0.558309 -0.362754 0.169749 3.67787 22 516 1047 1 1 2.31389 2.31389 275 
34.2431 -8.57318 67.0407 0.484822 -0.120106 0.107901 3.6682 22 517 1456 1424 1 5.16794 5.16794 599 
-11.0547 33.5244 64.6581 -0.277377 0.426179 -0.0505317 3.70115 22 518 1085 1060 1 1.79507 1.79507 275 
17.6628 -30.5633 66.2389 0.222317 -0.213188 -0.146955 3.78137 22 519 1031 1030 1 1.30318 1.30318 385 
-20.5572 28.6965 35.1474 -0.339453 0.378473 0.0535728 3.61506 22 520 1001 1 1 0.668385 0.668385 363 
-2.36952 -35.2204 14.1458 -0.0121143 -0.206911 -0.467077 3.80432 22 521 1580 1579 1 1.02178 1.02178 238 
-10.043 -33.8412 70.1946 -0.0783324 -0.593523 0.311736 3.63493 22 522 1074 1 1 1.22273 1.22273 316 
-34.9772 -4.76269 38.0642 -0.147259 -0.423851 -0.244509 3.5934 22 523 1003 1002 1 2.27068 2.27068 425 
-28.3002 21.0994 35.5223 -1.36247 0.959905 2.71116 3.48245 22 524 1198 1 1 2.61571 2.61571 479 
-25.9426 -23.9389 58.5143 -0.202936 -0.167607 0.256283 3.59067 22 525 1144 1081 1 0.555201 0.555201 211 
-26.5613 23.2505 -15.1643 -1.15961 0.442999 1.98492 3.35726 22 526 1001 1 1 0.180377 0.180377 26 
35.2941 0.647244 37.5736 0.299878 -0.180999 -0.0524946 3.5889 22 527 1159 1 1 0.826527 0.826527 180 
24.2957 25.6087 59.2641 0.216841 0.415752 0.0110342 3.63705 22 528 1082 1 1 0.742282 0.742282 321 
12.5463 -32.9951 52.2083 0.0144807 -0.458271 -0.0427142 3.64968 22 529 1169 1168 1 1.44597 1.44597 336 
27.588 -22.0225 30.9128 0.339307 -0.174913 0.262964 3.49239 22 530 1162 1111 1 1.14897 1.14897 476 
-12.3654 -33.0634 52.4522 -0.0738248 -0.476165 0.0192003 3.61961 22 531 1248 1232 1 1.16602 1.16602 283 
34.9106 5.2286 40.422 1.84071 0.419942 3.91172 3.4878 22 532 1051 1 1 2.29921 2.29921 493 
-6.02172 34.7826 50.3861 0.0346076 0.359257 -0.0482542 3.63431 22 533 1008 1 1 2.94893 2.94893 322 
-12.5817 -32.9817 -37.4985 -0.96001 -1.6881 -1.12067 3.45562 22 534 1039 1 1 1.66812 1.66812 178 
6.2135 -34.7488 77.5042 0.0688789 -0.473881 0.178359 3.65171 22 535 1049 1018 1 0.0665498 0.0665498 253 
-5.77389 -34.8246 66.5455 0.0193524 -0.38598 0.170135 3.62758 22 536 1156 1 1 3.66933 3.66933 304 
-25.0854 -24.8358 71.18 -0.507758 -0.527957 0.266776 3.64455 22 537 1050 1 1 0.138178 0.138178 168 
-34.9976 -4.61056 3.02796 -0.437642 -0.260945 -0.038685 3.52358 22 538 1021 1002 1 1.17894 1.17894 400 
-26.9706 22.7745 70.0544 -0.366807 0.317244 0.0847425 3.64591 22 539 1185 1106 1 1.3586 1.3586 292 
-13.6997 -32.5332 77.3037 -0.303728 -0.621565 -0.018022 3.72017 22 540 1088 1032 1 2.67562 2.67562 402 
0.974331 35.2866 -18.2022 0.00423998 0.218915 -0.461712 3.701 22 541 1149 1148 1 1.55441 1.55441 334 
-29.5434 19.3205 74.4851 -0.246907 0.265463 -0.0446265 3.79218 22 542 1708 1707 1 0.252846 0.252846 248 
32.1886 14.4907 67.7078 2.60191 2.38318 2.23399 3.63536 22 543 1099 1 1 2.00927 2.00927 244 
33.0002 -12.5331 -21.9766 0.817008 -0.255598 -0.416719 3.4616 22 544 1029 1 1 0.53411 0.53411 148 
21.7777 -27.7817 73.8822 1.6659 -0.975368 0.964768 3.69375 22 545 1001 1 1 1.37427 1.37427 356 
-34.1097 9.08955 66.0687 -1.52836 0.792345 -0.854706 3.6889 22 546 1088 1087 1 1.43031 1.43031 317 
32.1875 14.4932 53.57 0.331427 0.271839 0.0756266 3.74251 22 547 1171 1170 1 0.65644 0.65644 269 
30.4898 -17.7893 52.4927 2.24695 -1.01629 2.4903 3.55945 22 548 1083 1 1 0.225419 0.225419 276 
35.2439 1.98989 0.0708446 0.158291 0.196751 -0.0141687 3.42053 22 549 1001 1 1 0.797311 0.797311 132 
-11.1946 33.4779 52.4536 -0.1702 0.526506 -0.133849 3.67507 22 550 1266 1161 1 0.414384 0.414384 267 
34.4064 -7.89233 31.8914 0.37383 -0.170062 -0.304056 3.64506 22 551 1069 1068 1 0.623246 0.623246 241 
-34.7229 -6.35699 63.8537 -0.417376 -0.228232 0.509473 3.68098 22 552 1030 1 1 1.40496 1.40496 323 
-30.4812 17.8041 75.7059 -0.339415 0.195644 0.0978409 3.68289 22 553 1109 1045 1 0.762762 0.762762 187 
-33.6221 10.7537 1.80072 -4.92103 7.45163 -3.46052 3.41805 11 554 1 0 1 0.578957 0.578957 269 
35.0034 4.56678 -27.3093 1.27228 0.325433 -0.471756 3.43574 22 555 1001 1 1 2.64578 2.64578 288 
-31.0149 16.8572 76.7491 -1.01826 0.270377 2.43186 3.61972 22 556 1018 1 1 2.38365 2.38365 401 
-28.309 21.0877 71.2869 -0.191777 0.228488 0.174325 3.64898 22 557 1038 1 1 0.869504 0.869504 210 
7.11576 34.5754 -8.5331 -0.0146064 0.412675 0.313643 3.3452 22 558 1002 1 1 2.79511 2.79511 192 
20.9316 -28.4246 60.5486 -0.122782 -0.196186 -0.165111 3.59121 22 559 1062 1 1 0.658185 0.658185 276 
34.1079 9.09614 29.9714 0.321535 0.0163659 -0.523522 3.70145 22 560 1238 1222 1 0.934408 0.934408 337 
-23.1168 26.6778 39.5879 -1.34741 1.39503 1.5959 3.54252 22 561 1079 1 1 0.398126 0.398126 403 
33.5494 -10.9786 62.5548 0.283105 0.217616 0.165912 3.64544 22 562 1086 1 1 1.64053 1.64053 320 
26.8442 22.9233 43.0892 0.265806 0.176086 -0.36389 3.74741 22 563 1222 1221 1 1.86763 1.86763 491 
27.4736 -22.1651 48.8048 1.01942 -1.02977 -0.340808 3.72431 22 564 1296 1239 1 0.222498 0.222498 120 
25.6183 -24.2856 14.7888 0.603622 -0.48494 -1.01586 3.78885 22 565 1557 1556 1 0.8718 0.8718 266 
-34.7435 6.24316 57.0745 -0.282124 -0.00259611 -0.168383 3.64151 22 566 1318 1 1 0.132701 0.132701 273 
33.3102 11.6843 71.011 0.283658 0.0372073 0.288339 3.61884 22 567 1245 1 1 0.665391 0.665391 201 
20.3775 -28.8245 78.6407 0.797558 -0.957707 0.570143 3.66066 22 568 1066 1 1 2.44094 2.44094 203 
35.165 -3.08474 56.2756 0.469581 0.0541595 -0.194115 3.698 22 569 1137 1109 1 2.43497 2.43497 327 
29.2533 19.7568 -1.31107 0.118574 0.141614 -0.265234 3.58806 22 570 1030 1 1 2.0471 2.0471 277 
34.3452 8.15477 3.48843 0.208487 0.173228 -0.262753 3.72832 22 571 1231 1158 1 0.699212 0.699212 145 
-29.4376 19.4812 53.3723 -0.486634 0.363748 -0.258026 3.64569 22 572 1162 1107 1 1.25834 1.25834 416 
20.921 -28.4324 10.2305 0.283935 -0.227488 -0.0740032 3.47064 22 573 1238 1 1 0.19091 0.19091 66 
16.9247 -30.9781 47.2684 0.245992 -0.446556 -0.0345697 3.59637 22 574 1223 1222 1 1.08177 1.08177 173 
-0.517927 35.2962 50.2129 0.146152 0.475694 -0.116081 3.73158 22 575 1024 1023 1 2.65424 2.65424 329 
32.815 -13.0101 40.8083 0.58533 -0.155779 -0.40462 3.67534 22 576 1105 1104 1 2.81046 2.81046 375 
-11.9492 33.216 42.3287 0.237906 0.431673 0.134831 3.62401 22 577 1003 1002 1 1.48925 1.48925 307 
27.0378 -22.6946 -40.3544 1.16464 -1.01815 0.017212 3.33186 22 578 1064 1 1 1.99531 1.99531 479 
-31.714 15.5021 51.5048 -0.438394 0.0616248 -0.255212 3.77072 22 579 1073 1071 1 3.52839 3.52839 276 
-2.97036 35.1748 45.9518 -0.113814 0.379517 -0.322697 3.73354 22 580 1260 1259 1 1.69548 1.69548 319 
18.1337 30.2863 18.632 1.23139 2.64889 -0.414455 3.48743 22 581 1017 1 1 0.215704 0.215704 223 
-35.272 1.40466 71.9478 -0.503807 0.084317 0.0137639 3.70384 22 582 1090 1065 1 1.51066 1.51066 265 
11.7046 33.303 70.0544 -0.119103 0.588311 0.145609 3.74318 22 583 1001 1 1 2.34123 2.34123 327 
-25.1096 -24.8112 35.4811 -0.683194 -0.555902 -0.447476 3.62618 22 584 1276 1275 1 1.48173 1.48173 369 
-25.1887 24.7309 39.4442 -2.52827 0.906835 -3.17068 3.63252 22 585 1001 1 1 2.36098 2.36098 373 
30.1297 18.3926 13.6204 0.591144 0.339896 0.106458 3.469 22 586 1002 1 1 2.92056 2.92056 421 
21.3346 28.1234 35.4039 1.43209 0.728094 -0.182808 3.57969 22 587 1001 1 1 0.67519 0.67519 289 
28.5171 -20.8053 14.0474 3.24539 -2.32786 -1.97711 3.60721 22 588 1052 1 1 0.965104 0.965104 212 
-6.27957 34.737 46.956 0.0856467 0.335559 -0.0457243 3.79478 22 589 1042 1041 1 0.94635 0.94635 277 
6.22043 34.7476 67.3459 0.0759024 0.233983 0.58366 3.57793 22 590 1373 1 1 0.787334 0.787334 306 
32.6944 -13.3103 65.9555 1.20023 -0.487291 0.59621 3.62928 22 591 1100 1 1 0.735332 0.735332 219 
33.4538 -11.2666 61.9409 2.53412 -0.00311476 1.75137 3.58953 22 592 1036 1 1 0.768307 0.768307 279 
-0.483786 -35.2967 21.8936 0.365213 -0.719043 0.375604 3.45781 22 593 1066 1 1 1.54855 1.54855 289 
-33.5879 10.8602 33.257 -0.519092 0.289376 -0.242698 3.55131 22 594 1022 1 1 3.18045 3.18045 586 
-12.2365 -33.1113 78.3976 -0.263274 -0.508141 0.0744904 3.68922 22 595 1244 1243 1 0.840806 0.840806 232 
17.3019 30.769 59.496 0.0625501 0.94185 0.315329 3.59244 22 596 1124 1 1 1.35733 1.35733 224 
2.76493 35.1915 39.4918 0.171882 0.180295 -0.0166621 3.5678 22 597 1022 1 1 3.17577 3.17577 488 
2.88008 -35.1823 60.2719 0.128627 -0.492682 0.0428854 3.60275 22 598 1073 1061 1 1.99289 1.99289 448 
35.23 2.22136 29.879 0.574779 -0.278088 -0.346162 3.80562 22 599 1053 1 1 0.605459 0.605459 204 
-34.6727 -6.62513 31.7589 -0.66702 0.127592 -0.207246 3.59917 22 600 1001 1 1 1.52555 1.52555 377 
-34.5017 -7.46486 30.5581 -1.07113 -0.452839 0.889506 3.49331 22 601 1016 1 1 1.85279 1.85279 376 
-34.3993 -7.92326 -41.623 -0.974802 -0.475192 -0.682432 3.3181 22 602 1001 1 1 0.131096 0.131096 80 
3.41185 35.1347 35.376 -0.221935 0.272534 -0.370931 3.71078 22 603 1194 1193 1 1.31334 1.31334 444 
35.1162 3.59798 62.1789 0.861163 0.0656707 0.501083 3.6119 22 604 1474 1386 1 0.82165 0.82165 354 
5.78067 34.8235 64.3779 0.0677917 0.397883 -0.112873 3.70575 22 605 1500 1455 1 1.14973 1.14973 268 
-29.148 -19.9119 62.8767 -0.120722 -0.464854 -0.17452 3.75138 22 606 1082 1081 1 1.15642 1.15642 169 
26.374 -23.4628 77.4936 0.0425029 -0.511001 0.282344 3.68266 22 607 1014 1 1 2.47809 2.47809 461 
-28.6066 20.6822 66.0032 -5.0463 3.80092 4.5875 3.62155 22 608 1179 1 1 2.70166 2.70166 459 
34.8606 -5.5523 38.6165 0.163612 -0.175725 -0.214401 3.71483 22 609 1030 1 1 0.257181 0.257181 254 
-27.2974 -22.3817 47.1202 -0.16046 -0.0641778 0.223743 3.65304 22 610 1191 1190 1 2.11767 2.11767 402 
11.8797 33.241 -59.1028 0.0623764 0.399374 0.111099 3.35874 22 611 1022 1 1 1.33368 1.33368 375 
-0.964364 35.2868 71.9761 -0.218503 0.1783 -0.06219 3.72769 22 612 1061 1 1 1.39195 1.39195 225 
27.5647 -22.0517 28.3971 0.243005 -0.219782 -0.177001 3.62577 22 613 1084 1063 1 0.574441 0.574441 430 
-24.7276 25.192 32.7589 -0.281785 0.237361 -0.0539204 3.51266 22 614 1028 1 1 1.17029 1.17029 163 
-5.14324 34.9233 43.5415 0.00357854 0.421174 -0.289343 3.86197 22 615 1107 1105 1 0.523999 0.523999 203 
27.7453 -21.824 30.5205 0.374444 0.0622875 -0.342099 3.71723 22 616 1210 1209 1 0.0923839 0.0923839 329 
25.9534 23.9272 -3.61936 1.06042 1.13478 -2.1071 3.68024 22 617 1213 1212 1 0.707698 0.707698 344 
-25.9914 23.8859 38.8972 -0.330612 0.212986 -0.326271 3.81915 22 618 1350 1348 1 1.08306 1.08306 293 
16.8536 -31.0168 47.2118 1.99616 -3.62764 -3.24142 3.78886 22 619 1001 1 1 0.538313 0.538313 283 
6.85984 -34.627 56.5784 0.140803 -0.691482 0.418718 3.57153 22 620 1032 1 1 0.0710091 0.0710091 177 
-31.8549 15.2105 45.4933 -0.282548 0.149844 -0.20856 3.69838 22 621 1123 1 1 2.15757 2.15757 529 
30.3067 18.0996 65.0404 0.414007 0.279803 0.0359286 3.66291 22 622 1023 1022 1 0.622078 0.622078 234 
-33.7733 10.2691 60.7972 -0.28428 -0.0603845 0.464602 3.58247 22 623 1192 1 1 2.30865 2.30865 373 
-9.71999 33.9354 23.404 -0.197635 6.62561 10.3527 3.44109 22 624 1137 1 1 1.5266 1.5266 309 
34.5525 -7.2258 0.151571 1.76738 -0.273641 2.20882 3.37038 22 625 1001 1 1 0.896776 0.896776 226 
25.1833 -24.7365 47.8455 1.16457 -1.54024 -0.489009 3.66573 22 626 1528 1527 1 0.675265 0.675265 230 
35.1579 -3.16385 69.0006 0.180781 -0.056883 -0.0377432 3.69968 22 627 1032 1 1 0.428345 0.428345 345 
-11.5038 33.3729 33.6268 -0.144524 0.561001 0.35175 3.49647 22 628 1079 1 1 0.419744 0.419744 216 
4.80327 34.9717 -16.4533 0.684427 4.11659 -0.80789 3.35497 22 629 1001 1 1 1.9705 1.9705 372 
21.8839 27.6981 69.9947 0.580281 0.825279 0.746895 3.61801 22 630 1244 1242 1 2.0902 2.0902 366 
-15.4212 31.7534 -23.9767 -2.38058 3.25248 3.63411 3.32441 22 631 1001 1 1 0.302723 0.302723 378 
3.43315 35.1327 12.8831 0.365562 2.72523 1.00291 3.47827 22 632 1105 1 1 2.06805 2.06805 366 
35.0448 4.23738 18.6234 4.7995 0.378015 2.05421 3.44754 22 633 1028 1 1 3.2334 3.2334 400 
27.1133 -22.6044 75.3236 0.179588 -0.167344 0.0854372 3.67934 22 634 1370 1 1 2.04742 2.04742 214 
30.9906 16.9019 29.3935 1.00635 0.904667 -0.419196 3.54283 22 635 1052 1 1 0.667186 0.667186 404 
6.11419 34.7665 70.6537 0.0477336 0.469568 0.10589 3.66733 22 636 1119 1 1 0.112308 0.112308 161 
-34.7535 -6.18733 60.4008 -0.615789 -0.0310172 -0.141003 3.68968 22 637 1034 1033 1 0.421795 0.421795 116 
5.59952 34.8531 -2.45305 -0.08631 0.875607 -0.262319 3.54374 22 638 1001 1 1 1.00504 1.00504 133 
-16.3083 -31.307 70.0596 -0.0476325 -0.499246 -0.0980027 3.73662 22 639 1245 1221 1 0.879891 0.879891 300 
32.1589 14.5566 7.08039 0.258593 0.196492 -0.064268 3.45029 22 640 1075 1 1 0.655688 0.655688 125 
7.97149 34.3882 39.7959 0.0824021 0.300236 -0.0217833 3.6284 22 641 1241 1240 1 4.25127 4.25127 445 
27.9512 -21.5597 72.989 3.33717 -3.82331 1.59806 3.66972 22 642 1170 1169 1 1.48701 1.48701 405 
-23.604 26.2477 -55.1047 -0.302869 0.343266 -0.368634 3.50449 22 643 1001 1 1 1.39218 1.39218 117 
12.7175 32.9296 53.7063 2.03594 2.99708 1.99244 3.56226 22 644 1092 1091 1 1.16775 1.16775 274 
17.3557 30.7387 46.6302 0.0620877 0.293695 0.224962 3.5359 22 645 1075 1 1 1.91413 1.91413 632 
14.416 32.2222 44.6999 0.297022 1.10078 0.0259412 3.60136 22 646 1042 1 1 0.353076 0.353076 282 
9.31859 -34.0478 30.912 11.2272 -11.8643 14.4555 3.47778 11 647 1 0 1 3.03978 3.03978 414 
-25.7008 -24.1983 -19.4789 -0.19373 -0.178257 -0.170079 3.44556 22 648 1024 1 1 1.34676 1.34676 382 
-3.29995 35.1454 48.8697 1.07563 23.2583 -8.22134 3.65694 22 649 1325 1279 1 2.87832 2.87832 429 
35.2899 -0.843931 48.0106 0.493741 0.0205935 0.130058 3.61756 22 650 1159 1144 1 1.50253 1.50253 89 
-26.1275 23.7369 68.1971 -0.263367 0.227108 -0.00545721 3.66696 22 651 1035 1 1 1.59591 1.59591 359 
17.1665 -30.8448 0.376044 0.134739 -0.103823 -0.277027 3.88957 22 652 1267 1217 1 2.04827 2.04827 291 
18.5816 30.0135 -29.5814 0.413909 0.273397 -0.169591 3.45731 22 653 1025 1 1 1.03908 1.03908 408 
29.2781 19.7201 8.20956 0.573663 0.169356 -0.218916 3.58815 22 654 1001 1 1 1.20919 1.20919 218 
25.2304 24.6884 24.8385 0.972514 0.813932 1.39214 3.4606 22 655 1043 1 1 1.5914 1.5914 223 
-21.0987 28.3008 18.7464 -0.316186 0.374728 -0.143963 3.53575 22 656 1033 1032 1 0.704732 0.704732 303 
-1.9038 -35.2486 64.6042 -0.142996 -0.34982 0.141742 3.61854 22 657 1034 1 1 0.803359 0.803359 213 
33.0077 12.5133 59.7789 1.43386 0.202655 1.97102 3.60246 22 658 1032 1 1 1.15355 1.15355 307 
-15.8183 31.5574 50.6401 -0.974825 0.750906 1.15321 3.54765 22 659 1072 1 1 1.26118 1.26118 460 
-20.1958 -28.952 11.6968 -2.72348 -4.89929 -3.00624 3.42974 11 660 1 0 1 0.748648 0.748648 313 
-6.0016 -34.7861 55.4649 -0.126813 -0.461745 0.165033 3.59576 22 661 1215 1195 1 0.866363 0.866363 386 
-6.50684 34.6951 67.5022 0.0878979 0.184755 0.202818 3.63542 22 662 1001 1 1 3.93603 3.93603 369 
32.2127 -14.4372 62.7208 0.341564 -0.15836 0.128755 3.67137 22 663 1144 1124 1 1.46504 1.46504 182 
6.50824 -34.6949 22.6888 0.226363 -0.354742 0.484338 3.44141 22 664 1136 1 1 2.36168 2.36168 383 
-4.97954 -34.947 54.1443 -1.98498 -4.13517 -1.44913 3.66001 22 665 1497 1471 1 0.635055 0.635055 163 
-29.8612 18.8255 72.8567 -0.279471 0.244351 0.211579 3.6775 22 666 1123 1091 1 2.54996 2.54996 425 
17.3251 30.756 73.6433 0.489035 0.482939 0.471683 3.64517 22 667 1213 1 1 0.958276 0.958276 367 
-34.6355 6.81717 56.5873 -0.225309 0.0293763 -0.111358 3.68768 22 668 1059 1033 1 1.20208 1.20208 274 
-25.0102 -24.9114 78.8106 -0.191036 0.0345165 0.380242 3.64718 22 669 1139 1138 1 1.01265 1.01265 336 
-34.3954 -7.94025 -23.1349 -0.971523 -0.580423 0.367676 3.30487 22 670 1063 1 1 2.87798 2.87798 175 
-35.3 -0.0378681 66.4614 -0.234881 -0.0922405 0.868444 3.58936 22 671 1002 1 1 1.60449 1.60449 256 
18.8753 -29.8297 31.5644 0.227911 -0.444182 0.108989 3.55257 22 672 1403 1374 1 1.91387 1.91387 403 
20.6336 28.6417 -40.9848 0.585761 0.468732 -0.590108 3.49594 22 673 1020 1 1 0.756005 0.756005 308 
32.2427 14.3699 63.8263 2.98231 2.59582 3.86231 3.58098 22 674 1029 1 1 2.48395 2.48395 316 
-8.11034 34.3557 66.0408 -0.256872 0.215285 0.107281 3.60432 22 675 1075 1026 1 0.519615 0.519615 128 
-19.0423 -29.7234 -20.7483 -0.0316908 -0.177693 -0.237381 3.7655 22 676 1001 1 1 2.95182 2.95182 442 
-35.0349 4.31814 26.2235 -0.498765 0.0796572 -0.077513 3.59321 22 677 1003 1002 1 1.46429 1.46429 387 
29.8951 -18.7716 -31.1742 3.51011 -1.96917 0.762801 3.36258 22 678 1001 1 1 1.46062 1.46062 270 
-24.0853 25.8067 50.5879 -1.06638 3.42866 -2.60801 3.77666 22 679 1085 1084 1 2.3209 2.3209 390 
32.0442 -14.8075 42.485 0.312823 -0.237068 -0.18772 3.75726 22 680 1108 1106 1 4.20785 4.20785 387 
-26.5188 23.299 72.1327 -0.0906953 0.13737 0.0548214 3.63434 22 681 1213 1212 1 3.60579 3.60579 400 
34.671 6.63418 44.7581 0.0205217 0.0472335 0.480188 3.57037 22 682 1001 1 1 2.51075 2.51075 314 
30.5466 -17.6917 73.5295 14.7807 -10.3769 18.9213 3.60872 11 683 1 0 1 0.711207 0.711207 186 
-28.1536 -21.2947 61.3148 -3.27731 -4.0617 5.2042 3.64229 22 684 1001 1 1 0.568999 0.568999 206 
25.6909 24.2089 45.1142 0.155122 0.188423 -0.206001 3.64826 22 685 1105 1 1 1.45037 1.45037 376 
34.4282 -7.79674 42.2431 0.186996 0.124954 0.00661174 3.8112 22 686 1049 1030 1 1.15649 1.15649 261 
-4.39237 -35.0257 75.9974 0.107324 -0.637662 0.729632 3.6497 22 687 1061 1 1 1.14062 1.14062 258 
3.46415 35.1296 61.8202 0.230252 5.60648 2.11136 3.60548 22 688 1391 1367 1 1.30581 1.30581 225 
30.8602 -17.1387 72.5387 0.252909 -0.142446 0.136298 3.64334 22 689 1163 1064 1 0.16928 0.16928 205 
-7.31997 -34.5327 15.5134 -0.104984 -0.265819 -0.0992164 3.62438 22 690 1088 1087 1 1.48325 1.48325 419 
29.4301 19.4926 12.7612 4.57835 3.6831 6.19065 3.42623 22 691 1001 1 1 1.65889 1.65889 234 
-34.9853 4.70322 34.6653 -7.41667 1.83657 0.283319 3.5301 22 692 1025 1 1 0.484957 0.484957 165 
-4.47093 35.0157 -61.8344 -4.81814 16.698 13.6506 3.26848 11 693 1 0 1 2.51461 2.51461 547 
33.8753 -9.92742 62.2713 0.375799 -0.257226 -0.231797 3.68545 22 694 1281 1280 1 1.71493 1.71493 231 
-16.3287 31.2964 26.3619 -5.63811 8.00638 1.46666 3.53246 22 695 1019 1 1 1.0842 1.0842 319 
-20.8212 28.5056 -5.38117 -2.44892 2.70067 -2.13769 3.5151 22 696 1001 1 1 0.32483 0.32483 260 
-16.5439 -31.1831 -6.1566 -0.758902 -1.46532 0.93649 3.35567 11 697 1 0 1 3.39775 3.39775 423 
29.6903 -19.094 67.889 0.188654 -0.474828 0.00822445 3.66741 22 698 1463 1434 1 1.35663 1.35663 282 
34.6662 6.65928 38.4759 0.328518 0.0825292 0.278688 3.56269 22 699 1100 1099 1 0.113757 0.113757 55 
11.9813 33.2045 9.05797 0.370332 1.94055 2.25773 3.40157 22 700 1028 1 1 0.0919617 0.0919617 142 
20.2158 -28.9381 58.4223 0.921148 -2.63466 4.39869 3.56726 22 701 1069 1 1 3.44662 3.44662 434 
12.0635 33.1747 31.7098 0.419141 0.845589 0.365357 3.50424 22 702 1001 1 1 1.0978 1.0978 380 
20.6202 28.6513 50.9005 14.3063 -0.925602 8.01331 3.55293 11 703 1 0 1 1.47724 1.47724 466 
31.6259 -15.681 17.3286 0.415718 -0.174533 -0.126218 3.54942 22 704 1001 1 1 2.2767 2.2767 392 
30.2474 -18.1985 68.3785 0.268061 -0.405652 -0.157194 3.73604 22 705 1191 1168 1 0.395877 0.395877 178 
-14.2562 -32.2932 36.8426 -0.20452 -0.567086 0.0417743 3.56749 22 706 1424 1 1 0.57711 0.57711 250 
-34.3832 7.99297 26.7527 -0.234078 0.135773 -0.0878385 3.57611 22 707 1053 1 1 0.156237 0.156237 221 
-28.6798 -20.5805 59.9659 -0.337516 -0.197815 -0.168062 3.73551 22 708 1119 1118 1 0.647354 0.647354 347 
-12.2038 -33.1234 71.3677 -0.174787 -0.393065 -0.0116315 3.67008 22 709 1272 1165 1 1.5269 1.5269 269 
23.7727 -26.095 71.6042 5.05923 -4.14651 2.99175 3.65337 22 710 1080 1 1 0.290475 0.290475 180 
34.8856 5.39279 69.4224 1.4556 0.34261 -0.161442 3.72363 22 711 1123 1007 1 0.440333 0.440333 253 
20.1928 -28.9541 54.8178 0.219405 -0.363942 -0.0895583 3.66452 22 712 1069 1 1 1.23447 1.23447 453 
22.1871 27.4559 31.6783 0.381064 0.326125 0.0977389 3.58698 22 713 1551 1550 1 1.1209 1.1209 472 
-30.3864 -17.9655 10.6484 -0.952071 -0.10619 0.365786 3.45117 22 714 1001 1 1 0.0690295 0.0690295 264 
-11.6025 -33.3387 -67.3736 0.0447491 -0.706229 -0.70939 3.42608 22 715 1001 1 1 0.22987 0.22987 117 
-19.8849 29.1664 16.3783 -0.15779 0.302897 -0.3801 3.79028 22 716 1371 1370 1 0.462216 0.462216 158 
-28.9915 20.1391 69.1157 -8.14751 0.93461 2.34688 3.69839 22 717 1025 1 1 0.798027 0.798027 267 
33.3129 11.6766 76.8313 0.475774 0.186408 -0.0032932 3.72919 22 718 1197 1196 1 2.04056 2.04056 309 
26.1821 23.6767 65.4288 0.265813 0.399584 -0.228979 3.68436 22 719 1173 1 1 3.38419 3.38419 330 
-35.271 -1.43097 24.5098 -0.335828 0.119916 -0.366005 3.66572 22 720 1226 1201 1 1.32181 1.32181 382 
26.0629 23.8079 67.2502 0.233014 0.229709 0.370204 3.59783 22 721 1001 1 1 0.814411 0.814411 221 
12.5078 33.0098 11.9574 0.660808 0.367913 1.20358 3.41644 22 722 1256 1 1 1.75307 1.75307 471 
-35.0225 -4.41716 38.9531 -0.302839 -0.400046 -0.0968064 3.67876 22 723 1003 1002 1 0.499743 0.499743 308 
35.2821 -1.12494 65.405 0.157241 -0.0539144 0.164979 3.70081 22 724 1007 1006 1 2.07282 2.07282 288 
35.1691 3.03752 78.6538 0.452599 -0.174137 0.16109 3.68163 22 725 1177 1176 1 2.57883 2.57883 257 
-16.2867 31.3183 19.7837 -0.222669 0.434743 0.150123 3.5339 22 726 1160 1159 1 0 0 38 
8.38495 -34.2897 -29.8885 0.177362 -0.81354 -0.460268 3.60762 22 727 1060 1 1 0.527073 0.527073 331 
-14.3389 -32.2566 71.8239 0.039118 -0.616486 0.106114 3.6775 22 728 1173 1 1 0.570278 0.570278 208 
-22.7266 -27.0109 66.1901 -0.156265 -0.474206 0.104615 3.66818 22 729 1376 1375 1 1.3799 1.3799 359 
-33.1029 -12.2592 32.0789 -0.401485 -0.175625 -0.262841 3.63656 22 730 1417 1414 1 1.05487 1.05487 266 
34.0434 9.33466 69.5197 0.495546 0.0363595 -0.119299 3.74185 22 731 1091 1089 1 1.96562 1.96562 344 
-35.104 -3.7148 78.6072 -0.725578 0.248479 0.494152 3.66099 22 732 1052 1 1 0.621207 0.621207 466 
20.1682 -28.9712 53.8314 0.26529 -0.336671 -0.15789 3.7075 22 733 1303 1302 1 1.6248 1.6248 193 
22.6699 -27.0586 61.685 0.54481 -0.386366 0.183428 3.61681 22 734 1097 1 1 0.130932 0.130932 201 
-35.0986 -3.76506 68.8483 -1.19755 -0.270359 -0.181776 3.70743 22 735 1040 1017 1 2.65628 2.65628 334 
-15.2674 -31.8276 2.3281 -0.156388 -0.218997 -0.408274 3.84718 22 736 1091 1090 1 1.0767 1.0767 178 
6.43984 34.7076 30.3824 0.841536 5.85593 -2.90715 3.60536 22 737 1320 1319 1 0 0 169 
-8.21016 34.332 61.59 -0.328593 0.746623 0.796807 3.58634 22 738 1178 1 1 2.43175 2.43175 287 
28.4367 20.9152 78.6253 0.276694 0.0299515 0.173593 3.68187 22 739 1398 1 1 1.09343 1.09343 299 
34.3486 -8.14029 48.3711 0.499272 0.0386169 -0.101766 3.65187 22 740 1076 1060 1 2.22569 2.22569 302 
22.1001 -27.5259 0.410874 -0.0444852 -0.32462 -0.202923 3.89711 22 741 1063 1062 1 1.41553 1.41553 317 
29.3616 19.5955 56.2592 0.0913357 0.000130296 -0.24352 3.63848 22 742 1028 1 1 0.0367613 0.0367613 98 
-35.1743 2.97638 69.5466 -0.48244 -0.0514716 -0.0447227 3.75145 22 743 1017 1002 1 1.07692 1.07692 331 
8.94865 34.1469 44.5316 0.135002 0.490853 0.546925 3.52884 22 744 1217 1 1 0.690772 0.690772 290 
22.3223 -27.3461 17.7599 0.148137 -0.230583 -0.431285 3.71487 22 745 1169 1142 1 0.988493 0.988493 321 
17.6248 -30.5852 50.1649 0.275517 -0.276549 -0.0712236 3.59888 22 746 1046 1 1 2.02446 2.02446 300 
34.1622 8.89015 56.1371 0.454676 0.071404 0.36094 3.63193 22 747 1151 1150 1 0.960229 0.960229 266 
-35.2997 -0.145821 74.9413 -0.338874 -0.0355995 0.139031 3.65134 22 748 1541 1365 1 3.08086 3.08086 308 
0.190823 35.2995 53.5156 -0.149571 0.414229 -0.12972 3.69309 22 749 1091 1090 1 1.62188 1.62188 255 
-27.1446 -22.5668 11.6514 -5.30533 -3.27441 4.2391 3.42006 22 750 1001 1 1 1.70783 1.70783 428 
20.6929 28.5989 49.0743 0.426208 1.12056 2.96332 3.51948 22 751 1030 1 1 1.97199 1.97199 553 
-32.2885 -14.2669 11.1718 -0.579804 -0.536208 -0.426461 3.73252 22 752 1001 1 1 1.75311 1.75311 445 
16.3028 31.3099 -57.1091 1.53089 0.434598 0.426312 3.64053 -11 753 1002 1001 1 1.17174 1.17174 216 
28.1974 21.2367 43.4875 0.308042 0.227817 -0.242059 3.8165 22 754 1524 1523 1 1.0106 1.0106 224 
18.8111 29.8702 35.3291 0.35515 0.226097 -0.0609874 3.57009 22 755 1076 1 1 1.04887 1.04887 364 
-34.6154 -6.91843 17.2292 -0.746037 -0.228276 -0.161227 3.53628 22 756 1002 1 1 1.86281 1.86281 513 
31.1616 -16.5844 6.8637 2.18779 -0.64764 -0.60009 3.50896 22 757 1027 1 1 0.535056 0.535056 366 
24.1082 25.7853 -3.23211 0.395848 0.302547 0.248936 3.4038 22 758 1001 1 1 1.5158 1.5158 268 
10.2767 -33.771 60.8219 0.191769 -0.391812 0.0278524 3.65656 22 759 1380 1379 1 1.69076 1.69076 286 
35.2874 0.943431 66.1963 0.968368 0.176127 2.28435 3.57617 22 760 1024 1 1 0.804886 0.804886 343 
30.1997 -18.2775 24.8483 0.281593 -0.095553 -0.415566 3.80298 22 761 1163 1162 1 0.349936 0.349936 138 
34.5098 -7.4274 37.1157 2.56983 -1.33861 0.642196 3.61891 22 762 1033 1 1 0.374104 0.374104 117 
-22.7416 -26.9983 32.457 -0.0879037 -0.146799 0.378894 3.46872 22 763 1054 1 1 1.37336 1.37336 193 
-32.8191 -12.9999 -30.0999 -0.260419 -0.0715032 -0.122475 3.43425 22 764 1484 1453 1 0.416969 0.416969 178 
17.4079 -30.7092 46.9168 0.0654482 -0.162324 -0.133627 3.70392 22 765 1033 1 1 0.518353 0.518353 143 
-34.2063 -8.71902 34.5579 -0.225771 -0.118676 -0.109899 3.68541 22 766 1142 1 1 1.48829 1.48829 349 
-35.009 4.52329 29.5593 -0.543137 0.32619 -0.022352 3.62992 22 767 1001 1 1 2.02451 2.02451 344 
11.0841 33.5146 62.1809 0.101655 0.189308 0.161985 3.60875 22 768 1262 1 1 1.72001 1.72001 257 
-30.7307 -17.37 47.3494 -0.437613 -0.200346 0.0554918 3.63895 22 769 1148 1147 1 2.25897 2.25897 516 
-1.85935 -35.251 -4.82066 0.0213919 -17.1204 10.6447 3.35768 22 770 1054 1 1 1.64835 1.64835 334 
-14.7993 -32.048 52.4247 -0.114257 -0.510066 -0.224332 3.69061 22 771 1007 1006 1 1.60525 1.60525 260 
-25.4785 -24.4323 59.6825 -2.45046 -2.53037 1.144 3.59479 22 772 1159 1158 1 2.05436 2.05436 462 
31.2129 16.4876 64.0576 0.516402 0.0991503 0.568335 3.58947 22 773 1142 1 1 2.17954 2.17954 448 
31.09 -16.7183 -1.27181 2.01974 -1.78994 1.11221 3.38731 22 774 1094 1 1 0.214398 0.214398 208 
24.4499 25.4616 50.3657 0.206535 0.393909 -0.251592 3.74043 22 775 1005 1004 1 1.88195 1.88195 344 
-17.0614 30.903 45.4091 -0.184078 0.359035 -0.313575 3.71821 22 776 1109 1108 1 0.227208 0.227208 251 
-20.8327 -28.4971 69.7654 -0.175751 -0.146275 0.199924 3.71681 22 777 1520 1519 1 1.21588 1.21588 213 
14.3104 -32.2692 55.136 0.0330961 -0.525496 0.211914 3.66982 22 778 1302 1247 1 0.916868 0.916868 200 
-18.2676 -30.2057 74.3095 1.96151 -3.76977 0.30867 3.72194 22 779 1331 1299 1 1.62753 1.62753 309 
35.155 -3.19573 -29.3827 0.271313 -0.127969 -0.52828 3.89153 22 780 1001 1 1 1.35194 1.35194 405 
19.403 29.4892 13.5058 0.499234 0.335208 -0.122881 3.51781 22 781 1049 1 1 1.26962 1.26962 494 
32.6354 -13.4545 42.6156 0.280897 -0.0693962 -0.42119 3.71324 22 782 1445 1444 1 1.29691 1.29691 332 
17.6348 -30.5795 50.5057 0.22855 -0.461276 0.0289098 3.62083 22 783 1098 1 1 1.70341 1.70341 413 
35.2903 -0.826847 53.0632 0.0397707 -0.0536138 0.0184871 3.57931 22 784 1264 1263 1 5.3326 5.3326 513 
22.9756 26.7995 68.7081 0.324886 0.28487 0.0662827 3.6764 22 785 1130 1057 1 1.38588 1.38588 371 
-19.8801 29.1697 76.8828 -0.271628 0.551976 0.338439 3.6501 22 786 1072 1 1 0.799546 0.799546 255 
-20.89 28.4552 -1.33249 -0.167352 0.437967 -0.227712 3.46683 22 787 1001 1 1 1.41514 1.41514 344 
-27.5171 -22.1111 51.533 -0.429462 -0.17538 -0.214299 3.81484 22 788 1422 1420 1 0.926563 0.926563 306 
30.9721 -16.9357 62.8947 0.425129 -0.141925 0.318384 3.58299 22 789 1082 1 1 1.3515 1.3515 283 
-32.1134 14.6568 44.3953 -1.23621 0.291867 0.157123 3.5874 22 790 1106 1 1 2.35023 2.35023 442 
-12.1772 33.1332 77.2385 -0.661074 1.24002 0.845937 3.6729 22 791 1044 1 1 0.304201 0.304201 176 
33.8026 -10.1723 10.3249 4.54816 -1.35367 -0.88999 3.49321 22 792 1001 1 1 1.55083 1.55083 433 
29.256 19.7528 17.0006 0.717467 0.417071 -0.487157 3.61681 22 793 1065 1042 1 0.67035 0.67035 233 
-31.9682 14.9708 74.227 -0.750326 0.105246 0.539228 3.6387 22 794 1093 1080 1 2.87654 2.87654 276 
-17.7762 -30.4975 31.7016 -0.456639 -0.254389 -0.328186 3.83512 22 795 1013 1012 1 0.753284 0.753284 281 
-29.1412 -19.9219 51.4079 -0.411457 -0.138374 0.111681 3.62966 22 796 1348 1310 1 2.22171 2.22171 321 
-21.6204 -27.9043 -4.95974 -0.295864 -0.281457 0.179259 3.40098 22 797 1001 1 1 2.04164 2.04164 580 
-21.5343 -27.9708 70.1764 -5.70342 -3.80879 0.606901 3.64599 22 798 1001 1 1 0.970328 0.970328 339 
-2.07079 35.2392 16.4633 1.42439 6.71768 5.18754 3.46639 22 799 1063 1 1 0.461598 0.461598 265 
-0.0862246 35.2999 29.9686 -0.0394048 0.462178 -0.0466394 3.84629 22 800 1349 1243 1 2.34614 2.34614 369 
16.6918 -31.1043 46.3236 0.686248 -1.15422 1.39277 3.52688 22 801 1107 1063 1 0.950483 0.950483 227 
20.6685 28.6165 51.6196 0.242687 0.449674 0.00403194 3.61773 22 802 1430 1429 1 2.68596 2.68596 516 
-24.674 -25.2445 -1.60851 -10.2769 -2.33294 2.54224 3.40518 11 803 1 0 1 1.59261 1.59261 442 
-7.11709 34.5751 74.8251 -0.463238 1.96543 0.461168 3.70229 22 804 1030 1029 1 0.541617 0.541617 230 
5.40371 34.8839 49.9628 0.455157 2.09017 0.574664 3.57394 22 805 1081 1 1 0.832477 0.832477 142 
30.3008 -18.1094 42.1858 0.569132 -0.27572 0.45418 3.55404 22 806 1001 1 1 3.05604 3.05604 416 
-15.6421 -31.6451 12.852 -0.654068 -1.08203 0.570217 3.46329 22 807 1001 1 1 1.82842 1.82842 376 
9.78689 -33.9162 59.9045 -0.0218863 -0.325457 0.0531346 3.62183 22 808 1168 1 1 3.79944 3.79944 280 
17.4017 -30.7127 47.5174 0.361862 -0.507894 0.498337 3.58323 22 809 1001 1 1 1.0105 1.0105 288 
-32.5922 13.5587 72.5532 -0.548549 0.0888893 0.0598694 3.64297 22 810 1185 1161 1 2.23612 2.23612 331 
12.0609 -33.1757 49.9979 0.126794 -0.19697 0.454143 3.54342 22 811 1003 1002 1 2.43066 2.43066 401 
-22.997 -26.7811 77.5627 -0.252894 -0.134754 0.32188 3.68559 22 812 1407 1406 1 1.7476 1.7476 412 
-27.9098 21.6133 39.0988 -0.342663 0.153158 -0.00110434 3.58125 22 813 1034 1 1 0.906855 0.906855 221 
-8.31148 -34.3076 57.6314 3.71844 -11.5061 -2.80744 3.59226 11 814 1 0 1 0.379488 0.379488 138 
26.703 -23.0877 47.9527 0.428127 -0.111983 -0.255513 3.75793 22 815 1279 1278 1 1.81858 1.81858 343 
-22.0032 27.6034 70.4999 -0.133109 0.195234 0.108091 3.71084 22 816 1007 1006 1 1.94327 1.94327 293 
-18.9761 -29.7657 -36.1811 -0.0608545 -0.223969 -0.155783 3.46922 22 817 1001 1 1 0.835245 0.835245 297 
11.5509 -33.3566 30.6976 6.04744 -3.20125 2.49818 3.49087 -11 818 1028 1027 1 1.6037 1.6037 224 
-34.7046 6.45617 54.7731 -0.509855 -0.0310958 -0.0141711 3.63329 22 819 1333 1332 1 1.57388 1.57388 287 
-0.198117 -35.2994 78.9369 0.188389 -0.175931 0.168351 3.70368 22 820 1313 1 1 1.19907 1.19907 303 
-20.8343 -28.496 61.5866 -0.300899 -0.339313 0.121929 3.6571 22 821 1638 1619 1 0.198534 0.198534 233 
-6.09012 -34.7707 76.655 -0.127436 -0.348033 0.145642 3.70409 22 822 1246 1245 1 3.24973 3.24973 471 
-22.2763 27.3835 41.659 -6.34532 15.162 8.45683 10.9661 2112 823 1088 1066 1 1.74736 1.74736 356 
-13.3301 32.6864 39.9508 -0.0509812 0.256813 0.317863 3.50527 22 824 1066 1 1 1.18981 1.18981 315 
-12.5696 32.9863 48.1174 -0.0543886 0.129551 0.0180387 3.55294 22 825 1061 1 1 0.589558 0.589558 305 
10.7858 -33.6119 -1.51221 2.95718 -0.300644 1.15813 3.40397 11 826 1 0 1 1.05623 1.05623 163 
33.9193 9.77621 -37.2838 0.25263 0.0893919 -0.199509 3.47852 22 827 1001 1 1 0.0363696 0.0363696 265 
4.59899 34.9991 69.6047 0.101615 0.490647 -0.100298 3.70778 22 828 1033 1031 1 2.11298 2.11298 383 
-12.6332 32.962 2.0513 -0.249127 0.527371 0.0968014 3.43965 22 829 1020 1 1 0.953583 0.953583 338 
20.6267 28.6466 68.7243 0.387827 0.33073 -0.0364454 3.70365 22 830 1102 1101 1 0.642822 0.642822 335 
-15.331 31.797 54.6533 -0.492701 0.418338 -0.252579 3.66408 22 831 1030 1 1 1.14173 1.14173 324 
6.20127 34.751 49.9657 0.127292 0.431659 -0.242048 3.70983 22 832 1072 1071 1 2.81913 2.81913 365 
-28.0001 21.4962 37.4385 -0.401713 0.24886 0.0851022 3.62444 22 833 1011 1010 1 1.2733 1.2733 255 
-34.0228 -9.4097 19.0769 -0.354747 0.0193659 -0.367287 3.64567 22 834 1301 1273 1 0.165102 0.165102 166 
14.5186 32.1761 11.29 4.07826 7.15626 2.07935 3.45049 22 835 1038 1 1 2.9394 2.9394 250 
35.181 -2.89594 46.0833 0.575005 0.0204362 0.442128 3.51644 22 836 1017 1 1 1.2742 1.2742 397 
-35.2554 -1.77355 53.0453 -0.160162 -0.0775224 -0.0610281 3.69813 22 837 1036 1 1 1.88856 1.88856 243 
25.6028 24.302 47.1764 1.926 1.2647 1.04688 3.59014 22 838 1001 1 1 1.23897 1.23897 388 
17.414 -30.7058 56.6755 1.51198 -2.13943 2.72103 3.58717 22 839 1024 1 1 2.00637 2.00637 290 
0.415234 35.2976 21.003 0.0231857 0.304401 -0.183968 3.5382 22 840 1002 1 1 3.26291 3.26291 345 
25.3947 24.5193 -52.2408 0.143039 0.250011 -0.422083 3.56722 22 841 1106 1081 1 1.74866 1.74866 189 
-10.0496 33.8393 71.6986 -0.0778831 1.18373 -0.090247 3.69671 22 842 1372 1370 1 2.08424 2.08424 243 
-23.2328 26.5768 24.8486 -0.133236 0.215204 0.0539411 3.52247 22 843 1001 1 1 0.542354 0.542354 345 
11.292 -33.4452 -2.81148 -0.117499 -0.658651 -0.293097 3.5283 22 844 1026 1 1 1.12677 1.12677 409 
4.9195 34.9555 48.3263 0.0415571 0.139321 -0.113801 3.64867 22 845 1079 1 1 2.62405 2.62405 376 
32.705 13.2844 23.3787 1.10709 0.463974 0.606754 3.4787 22 846 1013 1 1 1.08279 1.08279 356 
7.73511 34.4421 35.285 4.70845 5.2136 7.17869 3.52752 22 847 1001 1 1 3.86686 3.86686 440 
3.93184 35.0803 47.1506 0.387877 1.41078 0.398817 3.64768 22 848 1031 1 1 3.79313 3.79313 340 
-3.45174 -35.1308 58.3796 0.164888 -0.416003 -0.246726 3.62749 22 849 1009 1008 1 4.37796 4.37796 551 
27.0114 -22.7261 27.6592 0.322749 -0.275619 -0.135051 3.54346 22 850 1215 1 1 2.3396 2.3396 331 
15.6051 31.6634 77.4204 0.0173066 0.0236581 -0.00526325 3.62701 22 851 1022 1014 1 2.54838 2.54838 275 
-32.3841 14.0485 41.1356 -1.15059 0.913005 0.831323 3.59558 22 852 1001 1 1 1.73694 1.73694 275 
12.8679 -32.8711 32.7959 0.33554 -1.66717 -0.533599 3.58249 22 853 1001 1 1 0.323956 0.323956 381 
30.2069 -18.2657 73.837 14.8603 -7.74909 9.96894 3.60384 11 854 1 0 1 2.80405 2.80405 425 
17.6102 -30.5936 68.8021 0.49546 -0.807688 0.131395 3.6747 22 855 1301 1281 1 2.20482 2.20482 324 
21.2814 -28.1636 13.6827 0.177372 -0.10833 -0.466823 3.8049 22 856 1361 1328 1 0.217834 0.217834 183 
-31.5129 15.9068 78.9339 -3.91798 2.08497 1.00378 3.68509 22 857 1089 1088 1 0.342035 0.342035 188 
-21.4301 28.0507 68.9299 -5.79892 6.86325 6.12385 3.6107 22 858 1052 1 1 0.759267 0.759267 284 
-26.6836 23.11 55.9864 -0.177898 0.220145 -0.0874859 3.78292 22 859 1376 1359 1 1.3737 1.3737 201 
6.06251 34.7755 14.4086 -0.108829 2.42216 -0.324371 3.47202 22 860 1013 1 1 3.3324 3.3324 576 
-27.1976 22.5029 47.7249 -0.234799 0.354219 -0.260191 3.69907 22 861 1061 1060 1 2.27086 2.27086 403 
-0.0977035 -35.2999 14.0152 0.146398 -0.190608 -0.292779 3.74333 22 862 1301 1299 1 1.35442 1.35442 374 
24.2688 25.6343 29.334 0.30985 0.0646234 -0.0399459 3.52812 22 863 1001 1 1 1.13513 1.13513 233 
-19.8591 -29.184 57.3707 -2.32393 -3.85435 8.52792 3.55539 22 864 1023 1 1 0.182224 0.182224 241 
-35.2887 -0.893934 3.56773 -0.256427 -0.0236557 -0.237338 3.57381 22 865 1027 1 1 0.524584 0.524584 247 
-4.13003 35.0576 -10.1188 -0.352589 0.595236 0.0134498 3.39761 22 866 1001 1 1 0.962455 0.962455 209 
-18.9151 -29.8045 76.9555 -0.535629 -0.536647 1.05708 3.6291 22 867 1133 1 1 1.44114 1.44114 480 
-5.89239 -34.8047 28.5908 -1.34244 -1.2102 1.21835 3.5058 22 868 1088 1 1 1.09074 1.09074 180 
-35.1553 3.19256 74.1342 -0.486907 0.0454613 0.148237 3.71357 22 869 1035 1034 1 0.394715 0.394715 235 
-30.9081 17.0523 35.9035 -11.9164 5.3741 6.61831 3.51088 11 870 1 0 1 0.803316 0.803316 322 
25.9943 -23.8828 78.9633 0.315595 -0.104595 0.565219 3.62106 22 871 1033 1 1 0.267528 0.267528 215 
-25.4481 -24.4639 37.4079 -0.0227409 -0.29788 0.173653 3.51835 22 872 1001 1 1 2.47741 2.47741 452 
8.86973 -34.1675 7.89887 -0.0202991 -0.153309 -0.240097 3.62697 22 873 1056 1 1 0.911316 0.911316 198 
-31.4452 -16.0402 -9.76278 -1.86294 -1.25885 -2.19319 3.53408 22 874 1002 1 1 0.343956 0.343956 150 
-0.336266 -35.2984 65.3647 5.25429 -5.41289 -0.523661 3.62443 11 875 1 0 1 2.13075 2.13075 278 
34.7793 6.0405 31.8479 1.72621 0.00756168 1.96854 3.48349 22 876 1057 1 1 1.34064 1.34064 380 
24.8237 25.0973 66.8324 0.139742 0.129622 0.0139079 3.66731 22 877 1090 1089 1 1.29374 1.29374 370 
-29.9501 18.6838 42.1972 -0.0575963 0.00851264 -0.211599 3.77417 22 878 1058 1057 1 6.46438 6.46438 538 
35.2848 -1.03563 39.9398 0.248987 0.121288 -0.230503 3.62857 22 879 1597 1573 1 4.4907 4.4907 437 
7.37439 -34.5211 2.59044 0.0474435 -1.05217 -0.276173 3.63567 22 880 1027 1026 1 2.55058 2.55058 424 
15.3936 31.7667 8.25237 0.659647 0.827549 1.48564 3.4096 22 881 1034 1 1 0.438543 0.438543 149 
-12.8943 -32.8607 40.9568 0.126369 -0.29037 0.151504 3.58116 22 882 1003 1002 1 2.11717 2.11717 257 
29.4017 -19.5354 45.9338 0.516571 -0.321059 0.114347 3.56411 22 883 1039 1 1 1.08279 1.08279 338 
30.0407 18.5377 48.6095 4.08832 1.9856 -0.943133 3.61859 22 884 1269 1230 1 1.08927 1.08927 288 
-28.2924 -21.11 26.5756 -0.38458 -0.250217 0.0716926 3.52248 22 885 1026 1 1 0.0292538 0.0292538 117 
7.76586 -34.4352 31.5329 -0.0431318 -0.197959 -0.106863 3.73926 22 886 1011 1 1 2.35324 2.35324 413 
33.8124 10.1397 70.803 0.299013 -0.107 0.00812397 3.70596 22 887 1030 1 1 1.3914 1.3914 457 
25.1833 24.7364 38.9524 1.97102 0.471609 0.739912 3.58133 22 888 1001 1 1 0.909229 0.909229 256 
-21.0241 -28.3563 65.9731 -1.76316 -3.98138 3.92243 3.65534 11 889 1 0 1 1.16756 1.16756 112 
-26.6115 -23.1931 50.1371 -0.91902 -0.648059 0.510591 3.57361 22 890 1039 1 1 2.71006 2.71006 423 
32.3806 -14.0565 -30.1599 0.675765 -0.0391733 -0.425313 3.40405 22 891 1031 1 1 1.38815 1.38815 296 
-19.1621 29.6463 33.0236 -0.322339 0.396441 -0.00722783 3.57579 22 892 1065 1064 1 2.66746 2.66746 391 
-23.5201 26.3229 11.0256 -6.70629 8.76172 -1.91464 3.53295 22 893 1002 1 1 1.54116 1.54116 315 
30.0192 18.5725 78.9783 0.531009 -0.114525 0.475372 3.66112 22 894 1084 1 1 1.36869 1.36869 398 
-35.2845 -1.04498 51.0685 -1.23216 -0.0117248 1.30293 3.55532 22 895 1568 1 1 1.43772 1.43772 390 
-27.1941 22.5071 43.5 -0.349199 0.373 0.00713466 3.63369 22 896 1436 1435 1 1.46186 1.46186 272 
35.2648 -1.57548 54.7932 0.219513 0.033763 -0.238128 3.73878 22 897 1405 1 1 0.6455 0.6455 228 
33.8719 9.93918 -39.7644 0.211217 0.0988898 -0.447418 4.0122 22 898 1039 1038 1 2.28202 2.28202 445 
22.0664 27.5529 61.5915 0.315817 0.210391 0.0775889 3.62588 22 899 1253 1 1 3.26307 3.26307 552 
-4.20106 -35.0491 39.139 -0.484389 -1.18913 -1.16778 3.68608 22 900 1389 1388 1 0.354933 0.354933 226 
31.8747 -15.1688 22.4461 3.18162 1.35219 1.38618 3.4364 11 901 1 0 1 6.20284 6.20284 634 
13.7445 32.5143 51.8615 3.90817 1.67262 -0.556121 3.60083 -11 902 1267 1266 1 0.689597 0.689597 408 
-2.19847 -35.2315 33.4773 -0.249369 -4.66436 1.99182 3.50102 22 903 1049 1 1 0.673068 0.673068 271 
-4.59257 -35 11.1889 0.057045 -0.289096 -0.195014 3.55507 22 904 1028 1 1 1.33739 1.33739 429 
18.1088 -30.3012 51.8913 8.07997 -9.76654 2.07012 3.57118 22 905 1049 1 1 1.33628 1.33628 242 
34.0971 9.13655 50.3032 12.2128 1.92415 14.1718 3.52939 11 906 1 0 1 2.21143 2.21143 483 
-30.8607 17.1378 43.2237 -3.41902 7.46994 7.06629 3.52728 22 907 1046 1 1 0.62035 0.62035 177 
-35.0905 -3.84006 64.4367 -0.486438 -0.0907899 -0.127497 3.69271 22 908 1172 1171 1 1.82642 1.82642 338 
-3.72063 35.1034 -9.23872 -8.3281 7.5105 -2.49478 3.40588 11 909 1 0 1 1.10096 1.10096 266 
-35.2606 -1.66661 69.4653 -0.847404 0.233156 0.682967 3.61215 22 910 1057 1 1 0.557752 0.557752 254 
-4.92171 34.9552 54.7383 -0.00133437 0.13995 0.11942 3.57448 22 911 1073 1 1 0.273909 0.273909 291 
-0.72458 35.2926 63.7504 -0.190271 0.21702 -0.111843 3.74751 22 912 1001 1 1 1.51025 1.51025 263 
-18.7954 29.8802 37.3463 -0.837247 0.612995 0.592661 3.60797 22 913 1001 1 1 1.19621 1.19621 255 
23.0431 -26.7414 30.1988 2.07683 -2.38174 0.550198 3.5094 22 914 1092 1 1 0.615221 0.615221 374 
28.7827 -20.4364 49.0368 0.30815 -0.288187 -0.288291 3.7466 22 915 1241 1240 1 0.227482 0.227482 407 
10.6587 -33.6524 49.1391 0.214854 -0.356018 0.293952 3.55407 22 916 1035 1 1 1.74219 1.74219 333 
13.1966 32.7405 52.7325 0.256182 0.373057 0.171677 3.61432 22 917 1001 1 1 1.36211 1.36211 320 
-27.1287 22.5859 12.3739 -0.205651 0.238899 -0.172227 3.65679 22 918 1144 1095 1 1.34164 1.34164 311 
28.4805 20.8555 61.6863 5.93391 8.77425 11.1839 3.5853 22 919 1018 1 1 1.49107 1.49107 394 
-10.6272 -33.6623 55.5679 -0.858459 -2.08949 0.284774 3.63638 22 920 1083 1082 1 2.37697 2.37697 449 
2.12156 -35.2362 24.4307 0.886829 -2.50965 1.15766 3.51682 22 921 1032 1 1 0.855897 0.855897 277 
6.56541 34.6841 -3.7946 0.213836 0.193824 -0.0653179 3.69398 22 922 1064 1033 1 1.79814 1.79814 419 
-33.8269 -10.0912 5.76341 -1.02035 -0.337225 -0.0472371 3.47792 22 923 1002 1 1 1.07907 1.07907 316 
27.4079 -22.2463 -20.4152 0.312351 -0.137664 -0.0562658 3.39287 22 924 1095 1 1 0.0249331 0.0249331 67 
-13.452 -32.6364 62.9681 -0.276224 -0.266835 0.297873 3.7062 22 925 1308 1307 1 1.1537 1.1537 170 
35.215 -2.44825 78.91 0.40054 -0.109554 0.797067 3.64458 22 926 1026 1 1 0.213281 0.213281 202 
8.37987 -34.2909 -76.9268 0.00188201 -0.611863 -0.939102 3.4957 22 927 1040 1 1 1.11679 1.11679 247 
-34.9417 -5.01694 70.5969 -0.494842 -0.113841 0.057371 3.67653 22 928 1035 1034 1 0.786016 0.786016 197 
34.7575 -6.16511 45.0011 0.139267 0.0208104 0.222631 3.52766 22 929 1022 1 1 1.78612 1.78612 255 
17.9416 -30.4005 -27.5384 0.00783828 -0.174129 -0.254171 3.44739 22 930 1094 1 1 1.63784 1.63784 301 
-4.15298 -35.0549 57.1789 -0.126602 -1.21422 2.32704 3.55195 22 931 1191 1 1 0.260975 0.260975 187 
26.8364 22.9325 44.1082 17.6341 10.6728 -0.64212 3.58006 22 932 1022 1 1 1.38344 1.38344 282 
-25.8033 24.089 63.2029 -0.186856 0.284359 -0.0970806 3.63094 22 933 1001 1 1 2.69155 2.69155 287 
11.02 -33.5358 38.2724 0.372683 -2.57102 6.76694 3.48982 22 934 1043 1 1 1.30006 1.30006 570 
32.068 -14.7558 7.37467 0.490547 -0.787261 -0.508729 3.65902 22 935 1023 1 1 2.10004 2.10004 291 
-33.9138 9.79515 70.9804 -2.99246 0.680084 -0.51311 3.69311 22 936 1296 1295 1 0.526674 0.526674 273 
-5.8241 -34.8162 38.1905 0.2069 -0.845386 -0.173076 3.58663 22 937 1023 1 1 0 0 65 
-28.5191 -20.8026 22.2577 -0.545358 -0.459589 0.0207825 3.66808 22 938 1055 1 1 0.481831 0.481831 151 
-19.1491 -29.6547 38.6685 -0.298369 -0.26307 -0.0490764 3.81462 22 939 1063 1062 1 2.22861 2.22861 351 
34.5735 7.12464 61.1484 0.262027 -0.0333413 -0.12559 3.71986 22 940 1071 1 1 0.190229 0.190229 195 
32.584 -13.5784 59.8712 0.938149 -0.133651 -0.160049 3.65223 22 941 1314 1262 1 0.798989 0.798989 321 
-35.1618 -3.12018 -6.23145 -1.60637 0.486063 -1.61978 3.59354 22 942 1032 1 1 0.520815 0.520815 296 
-24.7881 -25.1324 -8.3259 -0.350315 -0.484374 -0.0495526 3.43203 22 943 1003 1 1 4.28022 4.28022 300 
31.281 16.3582 42.7254 -0.0209282 0.321733 0.430745 3.58264 22 944 1001 1 1 1.6257 1.6257 374 
-6.43393 34.7087 63.7983 -0.0467062 0.353009 -0.132642 3.7416 22 945 1118 1076 1 0.746224 0.746224 200 
-31.5978 15.7375 65.991 -0.243569 -0.00333152 -0.0717913 3.73661 22 946 1049 1048 1 1.60397 1.60397 307 
29.0291 -20.0849 29.2278 0.45866 -0.168103 -0.149975 3.58826 22 947 1325 1324 1 1.99591 1.99591 319 
-15.8791 31.5269 21.8885 -0.587343 0.755035 -0.544448 3.58612 22 948 1061 1 1 2.4606 2.4606 375 
-32.3843 14.048 60.5378 -0.324447 0.0413781 -0.0243149 3.66462 22 949 1031 1 1 3.07564 3.07564 339 
32.6333 -13.4595 52.8027 13.2288 -2.11359 25.9536 3.53899 22 950 1061 1 1 2.64498 2.64498 412 
16.7027 -31.0984 55.3132 0.246508 -0.414657 -0.168562 3.69119 22 951 1100 1098 1 3.61882 3.61882 398 
-30.8604 -17.1384 -9.40638 -0.207262 -0.102687 -0.455651 3.8456 22 952 1212 1210 1 1.61973 1.61973 325 
26.4035 -23.4295 40.4872 0.00440384 -0.165458 -0.0232894 3.61433 22 953 1216 1195 1 1.5827 1.5827 406 
35.2722 -1.40158 43.2552 0.534303 -0.0482374 0.0410983 3.55295 22 954 1098 1 1 1.00951 1.00951 337 
35.2917 0.764828 41.015 0.202899 -0.0973087 0.181523 3.54211 22 955 1001 1 1 0.576875 0.576875 136 
35.2996 -0.162042 46.93 0.409344 0.129325 -0.277186 3.69095 22 956 1080 1078 1 0.752888 0.752888 149 
29.4981 -19.3895 25.317 1.31264 -1.0191 1.16765 3.48168 22 957 1208 1 1 1.32415 1.32415 267 
34.3934 -7.94885 61.2869 0.184783 -0.120004 -0.120292 3.66165 22 958 1242 1189 1 0.886098 0.886098 311 
-13.3695 32.6702 63.1102 -2.58954 5.96236 15.2987 3.57261 22 959 1024 1 1 1.36726 1.36726 555 
19.3214 29.5427 -55.6295 0.0388445 0.32864 -0.544531 3.50018 22 960 1017 1 1 2.22412 2.22412 294 
-21.7452 -27.8072 61.8031 -0.16308 -0.194443 0.0957672 3.64372 22 961 1160 1 1 1.708 1.708 414 
17.2614 -30.7918 76.311 0.232964 -0.322951 0.0389063 3.70176 22 962 1232 1228 1 2.15308 2.15308 454 
25.8078 24.0842 38.8703 0.422657 -0.125262 0.225703 3.58227 22 963 1001 1 1 1.22358 1.22358 167 
22.5254 27.179 49.3424 0.797945 0.671368 1.05851 3.55393 22 964 1025 1 1 1.12621 1.12621 339 
-32.7771 -13.1055 55.5538 -0.797011 -0.0201534 0.710545 3.59573 22 965 1044 1 1 0.13907 0.13907 163 
34.7298 6.31916 -16.8615 0.362716 0.0743316 -0.11245 3.37177 22 966 1072 1 1 2.72244 2.72244 457 
-30.9191 17.0323 24.8075 -1.68635 1.54658 0.557454 3.47262 11 967 1 0 1 2.54945 2.54945 364 
20.8159 -28.5094 63.963 2.4247 -2.03038 0.562949 3.69424 11 968 1 0 1 0.610201 0.610201 253 
34.6476 6.75537 68.7386 0.437627 0.24686 0.093071 3.6774 22 969 1317 1316 1 4.51358 4.51358 364 
-7.41976 -34.5114 64.5628 -2.41836 -12.496 -1.11904 3.67658 22 970 1065 1 1 2.14606 2.14606 336 
34.7994 5.92388 22.4057 0.410159 0.0627494 0.122519 3.49711 22 971 1219 1 1 0.0438534 0.0438534 143 
34.9127 -5.21497 44.5172 0.428437 -0.110736 0.0123042 3.61667 22 972 1144 1 1 4.22396 4.22396 461 
-17.1423 30.8582 17.9886 -0.131373 0.26464 0.0632555 3.51337 22 973 1253 1 1 2.14923 2.14923 357 
9.14681 34.0944 23.9354 3.048 4.6009 5.65085 3.46347 22 974 1044 1 1 0.337135 0.337135 388 
34.3465 -8.14919 60.8577 0.328086 -0.132776 -0.253405 3.75124 22 975 1283 1259 1 2.2863 2.2863 484 
24.7415 -25.1783 37.5994 0.428517 -0.277449 -0.0227035 3.68149 22 976 1364 1363 1 0.775307 0.775307 193 
16.1944 -31.3661 38.0516 0.323394 -0.394889 0.0244772 3.59396 22 977 1428 1427 1 1.85699 1.85699 411 
-12.8538 32.8766 2.77525 -0.302074 0.801576 0.150157 3.46336 22 978 1107 1 1 0.69859 0.69859 123 
-34.7902 5.97748 47.1221 -0.336712 0.0492901 0.0368045 3.5625 22 979 1069 1 1 1.05387 1.05387 444 
33.8974 -9.85173 72.6322 0.470013 -0.193559 0.0523745 3.68239 22 980 1058 1057 1 0.923985 0.923985 266 
-34.9201 -5.16477 10.7583 -0.169095 -0.219768 -0.0404167 3.49826 22 981 1093 1 1 3.90575 3.90575 465 
25.2051 -24.7142 55.1944 0.288219 -0.284786 0.0620223 3.64082 22 982 1246 1 1 1.0691 1.0691 229 
15.1092 -31.903 37.8143 0.932107 -1.13355 0.121246 3.52086 22 983 1042 1 1 0.217966 0.217966 177 
-6.67722 -34.6627 0.416863 -0.336793 -0.732021 1.18023 3.38781 22 984 1026 1 1 2.35537 2.35537 221 
20.092 -29.0242 75.3201 0.348817 -0.128926 0.350463 3.78092 22 985 1120 1097 1 1.37218 1.37218 211 
-33.4244 -11.3534 62.4233 -8.12284 1.79827 5.13017 3.61085 22 986 1055 1 1 1.01544 1.01544 200 
24.7917 -25.1289 21.4108 2.67649 -3.7931 7.3185 3.43102 22 987 1001 1 1 0.794732 0.794732 217 
-31.7918 -15.3417 12.1751 -1.45783 -0.105103 0.656271 3.4906 22 988 1023 1 1 1.448 1.448 395 
31.4793 15.9732 74.031 0.0476662 0.0840793 0.240294 3.67123 22 989 1042 1041 1 2.7359 2.7359 358 
-16.6604 -31.1211 38.3894 -0.117257 -0.344652 0.262355 3.51888 22 990 1164 1 1 1.87507 1.87507 307 
21.7812 27.7789 67.4996 0.942251 2.65557 -0.520572 3.71069 22 991 1119 1116 1 0.873149 0.873149 253 
34.5098 -7.42709 15.5305 0.341865 0.0181961 0.0813158 3.50469 22 992 1001 1 1 2.16332 2.16332 573 
11.9848 33.2032 2.93915 0.0886345 0.589329 0.197729 3.4402 22 993 1001 1 1 0.489704 0.489704 188 
-11.4165 33.4029 14.8893 -0.386553 2.39156 0.218543 3.49733 22 994 1035 1 1 2.50462 2.50462 278 
0.162268 -35.2996 12.2253 -0.033312 -0.281554 -0.357377 3.62853 22 995 1219 1194 1 1.90472 1.90472 245 
-21.1448 -28.2664 14.5432 -0.140958 -0.484159 -0.0827097 3.49364 22 996 1021 1020 1 0.742103 0.742103 409 
0.294227 35.2988 71.7826 0.0764198 0.217495 0.0407167 3.66759 22 997 1087 1086 1 1.17147 1.17147 336 
14.8667 32.0167 65.1909 0.505894 0.0843781 -0.0376047 3.71036 22 998 1001 1 1 2.12761 2.12761 440 
-32.1479 14.581 73.1223 -1.62472 0.752175 0.183381 3.68809 22 999 1381 1309 1 1.02007 1.02007 301 
-18.4433 30.0987 33.7605 -0.297489 0.407651 0.0304728 3.56477 22 1000 1237 1236 1 1.06602 1.06602 241 
