# Det216
#x y z Px Py Pz t PDGid EventID TrackID ParentID Weight Edep VisibleEdep Ntracks
-33.1053 32.6541 3.24728 -0.156155 0.24528 -0.304434 3.80634 22 1 1218 1216 1 0.81902 0.81902 341 
-46.0169 6.68523 32.7643 -1.5865 -0.43283 0.848093 3.55492 22 2 1070 1 1 0.686846 0.686846 236 
-42.5696 18.7104 73.7965 -2.98522 1.07383 3.46481 3.67492 22 3 1086 1 1 1.29602 1.29602 246 
-39.0456 -25.2526 10.0229 -0.605006 -0.360836 0.104508 3.54709 22 4 1001 1 1 1.3625 1.3625 294 
-38.9758 25.3601 78.6456 -0.513021 -0.106419 0.401776 3.65997 22 5 1002 1 1 0.247663 0.247663 226 
45.1096 11.286 10.9742 0.248935 -0.0321104 0.0466622 3.56719 22 6 1105 1104 1 0.113408 0.113408 247 
36.1173 29.2881 47.2385 0.344588 0.1176 -0.358537 3.76073 22 7 1479 1477 1 0.718448 0.718448 167 
-20.2825 41.8434 -12.319 -0.484393 0.344526 -0.592366 3.88097 22 8 1223 1129 1 0.446507 0.446507 174 
-25.4454 -38.9202 41.5051 -0.247685 -0.302499 -0.0382161 3.58673 22 9 1062 1 1 0.607265 0.607265 232 
-42.521 -18.8206 53.0171 -0.47893 -0.180453 0.0375168 3.67223 22 10 1210 1209 1 0.219685 0.219685 231 
24.7014 39.3966 51.4984 0.527506 0.956395 1.8216 3.56171 22 11 1063 1062 1 0 0 132 
-44.7686 -12.5707 -18.1962 -1.93414 -0.474337 -0.862521 3.44054 22 12 1100 1 1 0.46384 0.46384 258 
20.2424 41.8628 -3.64866 -0.207468 0.654916 0.161591 3.40712 22 13 1159 1 1 0.262642 0.262642 181 
31.3635 -34.3305 32.828 0.135036 -0.492719 -0.0106472 3.63379 22 14 1104 1103 1 0.09637 0.09637 217 
-42.7341 -18.3317 -11.293 -0.741123 0.0155964 -1.10857 3.86962 22 15 1496 1472 1 0.132757 0.132757 221 
-45.2338 -10.7775 34.8023 -0.90544 -0.186218 1.09606 3.52012 22 16 1064 1 1 0.27757 0.27757 183 
-10.6552 -45.2627 48.4957 -0.169425 -0.177002 -0.150613 3.56686 22 17 1032 1 1 0.0947346 0.0947346 193 
-45.6571 8.81376 64.4549 -0.614694 0.00389311 0.57283 3.6168 22 18 1248 1 1 0 0 192 
-9.11502 -45.5979 62.637 -0.278427 -0.621894 0.234066 3.63346 22 19 1069 1 1 0.702483 0.702483 315 
-23.2676 40.26 76.8387 -0.607429 0.696545 0.344168 3.65788 22 20 1002 1 1 0.104997 0.104997 169 
-46.4282 2.58333 49.8938 -0.546412 0.0132972 0.0707138 3.6384 22 21 1065 1 1 0.570329 0.570329 252 
-38.616 25.9048 46.32 -4.62109 1.54658 5.84271 3.53287 22 22 1054 1 1 0.121408 0.121408 130 
-36.7948 28.4322 64.7851 -0.769326 0.604583 -0.162721 4.69397 22 23 1103 1029 1 0.465947 0.465947 214 
-25.0432 -39.1802 54.0596 -0.19653 -0.571854 0.010947 3.66205 22 24 1207 1 1 0.12842 0.12842 140 
19.2174 42.3431 51.0687 1.55368 1.54327 1.02178 3.63453 22 25 1001 1 1 1.1454 1.1454 407 
18.8863 42.4919 44.7275 0.183976 0.474866 -0.0421344 3.66501 22 26 1221 1220 1 0.499901 0.499901 141 
27.7508 37.3114 40.5668 0.217819 0.187707 0.0223954 3.70806 22 27 1027 1 1 0.0787215 0.0787215 139 
11.2995 -45.1062 11.0318 0.19742 -0.469776 -0.416246 3.76089 22 28 1027 1 1 0 0 249 
-0.106594 46.4999 21.4867 -0.0870386 0.398086 -0.308337 3.79153 22 29 1180 1179 1 1.20509 1.20509 463 
37.7639 27.1318 65.0533 0.323217 0.39546 -0.0161844 3.76957 22 30 1209 1208 1 0.323959 0.323959 204 
43.6289 16.0864 78.5799 1.10978 0.255737 0.859195 3.65686 22 31 1665 1496 1 0.792384 0.792384 320 
24.2546 39.6732 5.00667 0.190557 0.162467 -0.442506 3.7704 22 32 1001 1 1 0.920237 0.920237 186 
32.0381 33.7018 74.8937 0.447487 0.393451 0.287798 3.67357 22 33 1354 1032 1 0.114341 0.114341 102 
-13.9278 44.3651 52.3787 -0.220138 0.453591 -0.0831491 3.7052 22 34 1610 1587 1 0.277221 0.277221 180 
-39.8609 23.9449 69.726 -0.349727 0.366732 -0.0657163 3.78565 22 35 1788 1787 1 1.24171 1.24171 367 
45.3149 10.4312 72.5163 1.79436 0.289136 1.49962 3.65297 22 36 1021 1 1 0.164175 0.164175 169 
12.0266 44.9178 72.3794 0.755993 3.29055 -0.0982136 3.77328 22 37 1144 1143 1 0.584561 0.584561 236 
9.17177 -45.5865 69.0318 0.110108 -0.541176 -0.0913861 3.74588 22 38 1621 1620 1 0.0292768 0.0292768 121 
35.5348 -29.9921 75.659 2.261 -1.57281 3.10824 3.64031 22 39 1056 1 1 0.843133 0.843133 267 
44.415 -13.768 35.0475 4.44278 -1.22798 0.705353 3.593 22 40 1146 1 1 0.510586 0.510586 249 
-30.9903 -34.6677 -51.3775 -0.425095 -0.416157 -0.245619 3.47909 22 41 1001 1 1 0.474378 0.474378 278 
-44.6823 12.874 17.2234 -0.294109 0.0948042 -0.406979 3.8373 22 42 1065 1063 1 0 0 212 
16.5654 43.4492 19.6793 -0.332355 1.11464 2.90897 3.43982 22 43 1169 1111 1 0.579204 0.579204 191 
-37.3503 27.6985 53.3363 -0.276322 -0.0669023 0.0437902 3.7323 22 44 1113 1112 1 0.0435274 0.0435274 219 
-15.2591 43.9251 -7.06724 -0.151761 0.339334 0.0940836 3.43499 22 45 1016 1 1 0.0229021 0.0229021 217 
45.5341 9.4283 33.4019 0.380672 -0.038599 0.0817387 3.52812 22 46 1020 1 1 0.273611 0.273611 163 
20.2326 41.8676 64.5706 0.166522 0.479014 0.0627354 3.69711 22 47 1254 1253 1 1.19555 1.19555 272 
43.8189 15.5614 -4.07978 2.56306 1.18169 0.0390785 3.45086 22 48 1079 1 1 1.10109 1.10109 304 
-46.2563 4.75478 74.3428 -0.694717 0.196847 0.318548 3.64862 22 49 1076 1 1 0.158938 0.158938 102 
18.2157 42.7836 47.816 0.529987 11.7687 19.4474 3.5367 22 50 1001 1 1 0.587483 0.587483 205 
46.3909 3.18364 58.7566 0.508414 0.0444943 0.0255938 3.70357 22 51 1210 1185 1 0.0453513 0.0453513 225 
-27.8291 37.2531 46.6023 -0.962319 0.977438 1.14361 3.54462 22 52 1002 1 1 0.657742 0.657742 270 
-35.6409 29.866 59.7576 -4.26224 5.35618 -0.582458 3.62495 22 53 1342 1313 1 0.357424 0.357424 201 
46.414 -2.82731 58.9999 0.471422 -0.0396281 -0.193161 3.756 22 54 1246 1244 1 0.110466 0.110466 240 
-34.774 30.871 -24.0706 -0.914202 0.680835 -0.444417 3.54652 22 55 1331 1330 1 0 0 169 
-24.358 39.6098 77.4046 -0.0733847 0.255989 0.0422967 3.71449 22 56 1003 1 1 0.21463 0.21463 196 
4.93778 -46.2371 20.1879 0.268755 -2.01132 0.44421 3.66491 22 57 1226 1183 1 0.517439 0.517439 68 
46.4796 -1.37615 63.8193 0.466988 0.141178 -0.121462 3.7665 22 58 1197 1196 1 0.11133 0.11133 54 
37.0858 28.0516 77.1381 0.39451 0.242206 0.144284 3.7022 22 59 1557 1 1 0.234904 0.234904 193 
-1.94163 46.4594 -30.6856 0.179418 0.371063 -0.564084 3.7861 22 60 1107 1106 1 0.409349 0.409349 209 
10.4375 45.3134 20.9837 0.00157154 0.586335 0.328083 3.49746 22 61 1019 1 1 0.128069 0.128069 144 
46.1823 5.42602 72.8727 2.58261 0.87177 1.7753 3.65536 22 62 1074 1 1 0.796747 0.796747 336 
-24.6544 -39.426 55.3807 -0.515881 -0.818089 -0.0566497 3.6368 22 63 1045 1 1 0.26644 0.26644 123 
-44.8663 -12.2174 52.6549 -0.486761 0.166729 -0.133342 3.7776 22 64 1131 1130 1 0 0 105 
30.7352 34.8941 58.8217 0.283799 0.423047 -0.0401179 3.70124 22 65 1032 1002 1 0.143425 0.143425 236 
26.8366 37.9743 56.9615 0.253908 0.431588 -0.101894 3.70221 22 66 1042 1010 1 0.769204 0.769204 263 
27.5073 -37.4913 73.6124 0.151928 -0.404359 0.107255 3.74815 22 67 1245 1244 1 0.0333662 0.0333662 186 
25.7642 -38.7099 64.8799 0.212069 -0.826351 -0.350994 3.72671 22 68 1025 1 1 0 0 258 
45.9821 -6.92056 62.6428 0.393518 -0.0416712 0.300897 3.6074 22 69 1335 1334 1 0.0864383 0.0864383 102 
-37.412 27.6151 29.8528 -0.736798 0.198941 0.444163 3.55159 22 70 1083 1035 1 0.241861 0.241861 116 
32.5808 -33.1774 24.0078 0.256545 -0.390535 -0.20534 3.72095 22 71 1099 1083 1 0.738626 0.738626 259 
14.4949 -44.1831 52.7301 0.0463198 -0.414717 0.29493 3.63682 22 72 1628 1627 1 0.766553 0.766553 241 
45.3622 -10.2235 4.16155 0.154133 0.27325 -0.235174 3.89327 22 73 1107 1061 1 0.209736 0.209736 205 
-34.0007 31.7207 30.0313 -0.807525 1.21653 0.363173 3.55374 22 74 1001 1 1 0.24773 0.24773 244 
37.3372 27.7161 53.5778 0.298997 0.206383 0.359343 3.62018 22 75 1116 1115 1 0 0 195 
10.6397 45.2664 35.2488 1.17659 6.9558 6.38982 3.51566 22 76 1001 1 1 0.232266 0.232266 186 
4.60409 46.2715 62.7993 0.0934709 0.449525 0.2243 3.80677 22 77 1247 1246 1 0.234291 0.234291 219 
-45.9086 -7.39267 52.2992 -0.457383 0.0658631 0.0614678 3.63477 22 78 1248 1 1 0.345222 0.345222 356 
-15.6242 -43.7965 51.1109 -0.00529524 -0.459028 0.224466 3.64092 22 79 1183 1182 1 0.803123 0.803123 408 
45.0982 11.3314 0.286307 0.310826 -0.17018 -0.154814 3.6641 22 80 1177 1176 1 0.0695298 0.0695298 242 
40.2766 23.2388 63.3763 0.419468 0.268895 -0.11341 3.7853 22 81 1509 1508 1 0.361326 0.361326 160 
45.9254 7.28779 59.4925 0.210296 0.186946 0.0135362 3.73571 22 82 1143 1142 1 0.457512 0.457512 195 
-40.1309 23.4896 67.625 -0.208538 -0.041516 0.179723 3.77022 22 83 1575 1574 1 0 0 138 
43.5124 -16.3987 77.2925 0.322379 -0.275988 0.0495905 3.69599 22 84 1107 1 1 0.209939 0.209939 302 
-46.303 4.27615 26.5194 -0.0769966 -0.0290358 -0.208106 3.69787 22 85 1037 1 1 1.35704 1.35704 280 
-9.17478 45.5859 75.8761 0.61681 4.67772 0.345024 3.7187 22 86 1446 1243 1 1.02579 1.02579 207 
-28.2786 36.913 66.5993 -0.206825 0.252652 0.187253 3.61811 22 87 1002 1 1 0.135444 0.135444 175 
19.2762 42.3164 60.8395 0.16818 0.745824 0.168844 3.66946 22 88 1018 1 1 0.178862 0.178862 201 
22.6316 -40.6209 66.0399 0.121695 -0.31465 -0.0630536 3.75641 22 89 1004 1003 1 0 0 119 
43.6016 16.16 47.1423 32.4731 0.662141 -4.29747 3.61569 11 90 1 0 1 1.23497 1.23497 281 
-29.988 -35.5383 76.7767 -0.906323 -0.434777 0.677146 3.68966 22 91 1129 1 1 0.0296074 0.0296074 199 
-45.8245 7.89714 62.2624 -0.388091 0.0146935 0.0107004 3.67444 22 92 1685 1555 1 0.661998 0.661998 178 
40.8306 22.2511 -6.32319 0.298939 0.284681 -0.450923 3.79379 22 93 1086 1054 1 0.158822 0.158822 256 
43.6172 16.1181 21.6344 0.284961 0.184688 0.132393 3.49291 22 94 1073 1 1 0.185821 0.185821 151 
-44.9847 -11.7739 74.664 -0.313197 -0.124912 -0.115837 3.76629 22 95 1043 1042 1 0.30868 0.30868 178 
-34.4461 -31.2364 10.8237 -1.06074 -0.270491 0.925778 3.44923 22 96 1001 1 1 0.706527 0.706527 251 
-43.5106 -16.4036 46.445 -0.251952 -0.227869 -0.0553165 3.67196 22 97 1001 1 1 0.905202 0.905202 196 
18.2989 -42.7481 56.5723 0.196234 -0.234511 -0.154828 3.66102 22 98 1274 1 1 0.163517 0.163517 191 
46.2301 -5.00316 59.1207 0.451131 0.0356024 0.18654 3.63776 22 99 1235 1 1 0.432461 0.432461 276 
30.2868 -35.284 8.12725 0.186916 -0.198287 -0.159318 3.42105 22 100 1108 1 1 0.301982 0.301982 296 
7.66332 45.8642 62.3345 0.0628106 0.539474 0.135938 3.6586 22 101 1181 1 1 0.157053 0.157053 152 
-23.3686 -40.2015 66.2788 0.127685 -0.184076 -0.053789 3.71914 22 102 1259 1 1 0.436631 0.436631 221 
46.4852 -1.17307 68.4285 17.2742 4.43201 6.64753 3.63671 11 103 1300 1230 1 0.504459 0.504459 200 
-42.8742 18.0015 33.9968 -0.437905 0.216259 0.112055 3.56275 22 104 1221 1 1 0.46341 0.46341 136 
-10.3069 45.3433 63.4903 -0.022644 0.970323 0.0834735 3.76719 22 105 1016 1 1 0.639351 0.639351 209 
28.273 36.9173 64.366 0.272098 0.228003 0.00810514 3.79119 22 106 1293 1290 1 0.0922999 0.0922999 284 
46.4231 2.67263 -17.6408 0.278454 0.0852105 -0.0740973 3.42626 22 107 1069 1 1 0.352508 0.352508 250 
27.8937 37.2047 67.71 0.0664607 0.211917 -0.0323284 3.78391 22 108 1001 1 1 0.572897 0.572897 104 
44.0792 14.808 75.9316 0.404905 0.293619 0.104687 3.79332 22 109 1516 1515 1 0.593124 0.593124 218 
40.571 22.7209 40.5298 0.211601 0.167808 0.0339404 3.62098 22 110 1146 1 1 0.17388 0.17388 63 
-29.2012 36.1876 37.431 -0.422968 0.669501 1.03689 3.51628 22 111 1152 1 1 0.302743 0.302743 243 
6.57409 46.0329 23.4631 -0.0277878 0.237492 -0.337555 3.73496 22 112 1288 1248 1 0 0 101 
23.8905 39.8935 49.0144 1.05321 5.87087 3.1077 3.53849 11 113 1 0 1 0.22383 0.22383 180 
-39.0578 -25.2336 26.921 -0.358016 -0.187862 -0.148071 3.8301 22 114 1247 1246 1 0.28291 0.28291 253 
-24.0587 -39.7923 49.0002 0.0729064 -0.636949 0.173423 3.61138 22 115 1216 1144 1 0.268751 0.268751 275 
-27.4335 -37.5453 65.7917 -0.224172 -0.493401 0.0509875 3.68327 22 116 1865 1 1 0.365889 0.365889 177 
40.1232 -23.5027 36.8704 0.426624 -0.146419 -0.0161908 3.63156 22 117 1175 1115 1 0.287371 0.287371 232 
17.0527 -43.2603 57.5821 0.116488 -1.53495 0.0426866 3.64184 22 118 1025 1 1 0.0819344 0.0819344 224 
27.317 -37.6302 58.4044 0.274527 -0.383691 0.00836999 3.7568 22 119 1549 1548 1 0.108651 0.108651 107 
-39.0836 25.1937 -20.9077 -0.227856 0.148716 -0.367217 3.7168 22 120 1323 1307 1 0.52167 0.52167 83 
-45.9129 -7.36565 -1.17854 -1.25653 0.132874 -0.140447 3.4877 22 121 1001 1 1 0.725037 0.725037 183 
5.4597 46.1784 0.448468 0.031157 0.0123521 -0.00183798 3.52676 22 122 1046 1040 1 0.065984 0.065984 164 
43.5835 -16.209 42.1276 1.49562 -1.1066 -0.508779 3.60531 22 123 1040 1002 1 0 0 62 
43.7672 -15.7062 61.839 0.517934 -0.0929513 -0.0523845 3.7515 22 124 1903 1 1 0.394991 0.394991 187 
-26.1566 38.4459 15.7774 -0.232914 0.351505 0.319361 3.45852 22 125 1001 1 1 0.190507 0.190507 198 
42.3852 -19.1245 70.1512 0.201115 -0.381368 -0.0920756 3.8345 22 126 1290 1237 1 0 0 181 
12.7382 -44.7212 -33.6655 0.0816975 -0.254293 -0.127853 3.47664 22 127 1066 1 1 0.0968329 0.0968329 183 
-28.6731 36.6074 -20.2952 -0.14179 0.203681 -0.1542 3.82438 22 128 1183 1182 1 0.989497 0.989497 242 
-3.19398 -46.3902 18.5754 -0.0858772 -0.550538 -0.0954043 3.93343 22 129 1335 1333 1 0.496708 0.496708 256 
37.83 -27.0397 -9.9967 0.279738 -0.156011 -0.14059 3.5299 22 130 1614 1 1 0 0 92 
-2.65213 46.4243 65.5568 0.0819731 0.496436 0.0875922 3.72242 22 131 1228 1227 1 0 0 133 
-17.085 -43.2476 53.0978 -0.240405 -0.830759 -0.209418 3.70249 22 132 1082 1081 1 0.066778 0.066778 108 
42.2462 19.4295 65.4184 0.397866 0.198371 0.251936 3.71187 22 133 1252 1228 1 0.454105 0.454105 215 
-28.8001 36.5076 39.7304 -0.201524 0.488784 -0.184786 3.71848 22 134 1066 1035 1 0.56566 0.56566 262 
8.1099 -45.7873 65.8307 0.201572 -0.426165 0.0972448 3.67358 22 135 1001 1 1 0.612574 0.612574 269 
8.38935 -45.737 59.5447 0.724437 -2.02139 3.03974 3.57688 22 136 1103 1 1 1.05611 1.05611 302 
-40.8652 22.1876 62.5717 -0.329994 0.196641 0.111342 3.63061 22 137 1090 1 1 0.733967 0.733967 251 
-45.6491 -8.85494 70.515 -0.283956 0.0597747 0.0950643 3.6776 22 138 1466 1 1 0.859998 0.859998 248 
42.3407 19.2229 11.3884 0.252751 0.114566 -0.429082 3.8662 22 139 1077 1076 1 0.0842428 0.0842428 311 
-1.39455 46.4791 8.13142 -0.104876 0.657317 -0.45607 3.59459 22 140 1001 1 1 0.205067 0.205067 220 
-44.8802 -12.1663 42.4626 -0.294615 -0.0735136 -0.0348023 3.61468 22 141 1101 1 1 0.246413 0.246413 217 
45.1802 10.9999 59.321 1.16553 0.165327 -0.0318477 3.69872 22 142 1100 1040 1 0 0 100 
43.5746 -16.2329 73.6637 1.6327 -0.700137 3.33503 3.62347 22 143 1001 1 1 0.109287 0.109287 249 
45.6745 8.72278 33.4594 0.51055 0.0674886 -0.063416 3.55282 22 144 1295 1250 1 0.770353 0.770353 268 
46.3161 -4.13181 5.96941 3.27928 -0.886048 -1.66752 4.66045 22 145 1260 1259 1 0.666632 0.666632 94 
-19.5837 42.175 -49.2412 -0.102642 0.322619 -0.302203 3.71831 22 146 1003 1002 1 1.10407 1.10407 363 
-42.9722 17.7662 37.1512 -0.271852 0.18136 -0.358611 3.71545 22 147 1075 1074 1 0.722182 0.722182 252 
-38.7679 25.6768 28.9618 -0.303757 0.295336 -0.160702 3.66542 22 148 1310 1 1 0.214936 0.214936 215 
40.3229 -23.1584 33.8728 0.248774 -0.380297 -0.0266432 3.61575 22 149 1086 1085 1 0.0412189 0.0412189 226 
46.4973 -0.497098 73.7375 0.908159 0.0234827 1.04343 3.6397 22 150 1242 1 1 0.682424 0.682424 297 
-32.9414 32.8194 41.1546 -1.10715 0.814105 -0.472403 3.70608 22 151 1278 1231 1 0.18694 0.18694 225 
-41.8054 -20.3607 59.1018 0.018936 -0.319515 0.189511 3.97022 22 152 1209 1170 1 0.140562 0.140562 181 
2.17717 -46.449 52.7064 0.118399 -1.87457 1.55887 3.5759 22 153 1351 1284 1 0.205173 0.205173 156 
5.7072 -46.1484 66.1081 0.0698163 -0.500225 -0.0775909 3.78111 22 154 1070 1068 1 0.192247 0.192247 294 
-41.8631 20.2418 12.5794 -0.393509 0.211868 0.214476 3.49929 22 155 1023 1 1 0.780887 0.780887 249 
-22.3765 -40.762 51.3699 -0.103133 -0.167273 -0.0232022 3.6801 22 156 1181 1180 1 0.339757 0.339757 170 
34.202 -31.5036 77.8716 0.178912 -0.266737 0.290767 3.66497 22 157 1129 1 1 0.0518254 0.0518254 222 
-26.2969 38.35 -6.13045 -0.104689 0.0073372 0.202664 3.90078 22 158 1394 1368 1 0 0 194 
-46.487 -1.098 44.5178 -0.510802 0.00342109 -0.0137744 3.65077 22 159 1228 1204 1 0.324363 0.324363 86 
8.26759 -45.7591 75.2575 -0.143141 -0.744208 0.777671 3.66157 22 160 1012 1 1 0.0632287 0.0632287 185 
45.5141 -9.52457 57.9268 0.480808 -0.155665 0.0755767 3.69241 22 161 1492 1491 1 0 0 178 
-13.9997 -44.3425 47.7616 -0.405029 -1.21671 0.214552 3.60188 22 162 1001 1 1 0.765934 0.765934 302 
-20.2175 41.8749 46.1617 -1.51794 3.16419 -0.876629 3.68608 22 163 1008 1 1 1.26757 1.26757 295 
4.3562 -46.2955 59.5351 0.106664 -0.476468 -0.150735 3.76892 22 164 1059 1055 1 0.04996 0.04996 133 
10.6158 -45.272 -12.7038 0.0997428 -0.676522 0.063098 3.44035 22 165 1001 1 1 0.446995 0.446995 377 
41.9325 -20.0976 29.7736 1.61904 -0.401454 -1.33918 3.63218 22 166 1349 1348 1 0 0 222 
-44.9948 11.7353 -28.9309 -2.20365 0.89373 -0.994081 3.58666 22 167 1050 1 1 0.340887 0.340887 290 
-46.3144 -4.15 1.77152 -3.05232 -1.03278 2.90893 3.54898 11 168 1 0 1 0.468495 0.468495 202 
40.1546 -23.4491 63.1926 0.295923 -0.381081 -0.168306 3.76071 22 169 1190 1189 1 0.782137 0.782137 223 
-16.7014 -43.3972 73.4288 -3.83484 -7.48475 1.82497 3.69631 22 170 1031 1 1 0.731772 0.731772 259 
43.5453 16.3112 73.6754 0.230081 0.341598 0.0242713 3.67532 22 171 1002 1 1 2.08036 2.08036 292 
44.2719 -14.2213 27.7392 10.0287 -3.18833 7.66288 3.52806 22 172 1034 1 1 0.143044 0.143044 191 
15.0235 44.0062 29.292 0.191294 1.1773 -0.00815415 3.57438 22 173 1032 1 1 0.578355 0.578355 284 
16.8347 43.3456 71.7838 0.00308373 0.686428 0.185526 3.67711 22 174 1477 1 1 0.665352 0.665352 197 
-35.3446 30.216 43.3937 -0.401774 0.280859 -0.144277 3.66321 22 175 1083 1082 1 0.319156 0.319156 168 
-31.839 -33.8899 49.1439 0.0768281 -0.19863 0.150833 3.65509 22 176 1040 1007 1 0.182501 0.182501 229 
-40.5615 22.738 33.0553 -15.5713 8.37358 11.1601 3.51829 11 177 1 0 1 0.526735 0.526735 137 
29.2378 -36.158 35.8544 -0.0578221 -0.396381 0.0990402 3.57263 22 178 1528 1527 1 0 0 214 
46.2267 5.03442 60.383 0.341355 0.287284 0.00866593 3.69098 22 179 1044 1 1 0.5184 0.5184 286 
35.9973 -29.4354 1.05782 0.317007 -0.200825 0.226688 3.4129 22 180 1205 1145 1 0 0 73 
40.9012 -22.121 50.7156 0.364217 -0.355879 0.0426104 3.63785 22 181 1143 1142 1 0.159117 0.159117 211 
-5.58653 -46.1632 18.8054 -0.207543 -0.188333 -0.0637486 3.59593 22 182 1001 1 1 0.602103 0.602103 274 
9.00735 45.6193 39.058 -0.104789 0.303207 0.107574 3.68176 22 183 1133 1132 1 0.384614 0.384614 153 
-0.779046 46.4935 56.1464 -0.00539937 0.515593 0.288345 3.67624 22 184 1031 1 1 0.333517 0.333517 98 
38.7054 25.7709 78.0107 0.652253 0.617785 0.964352 3.65571 22 185 1063 1 1 0.257126 0.257126 327 
38.9953 25.3302 44.3462 0.450799 0.239982 0.0175899 3.69975 22 186 1187 1186 1 0.311829 0.311829 321 
45.0877 11.373 52.1847 0.465153 0.0909229 0.191011 3.62568 22 187 1136 1135 1 0.0191095 0.0191095 138 
45.7249 -8.45463 35.4784 0.474163 -0.0174728 -0.189696 3.71796 22 188 1100 1086 1 0.0125035 0.0125035 82 
9.99071 -45.414 71.7949 0.819152 -1.98504 -0.401026 3.74168 22 189 1001 1 1 0.353615 0.353615 210 
-32.2481 -33.5009 -0.976757 -2.22026 -1.4514 -1.98215 3.68788 22 190 1001 1 1 0.507115 0.507115 181 
37.804 27.076 71.5693 0.412414 -0.296317 0.0568449 3.65334 22 191 1027 1026 1 0.0829231 0.0829231 236 
26.5234 -38.1937 62.2237 0.240418 -0.226797 -0.0142583 3.71114 22 192 1247 1 1 0.273051 0.273051 189 
-21.8682 -41.037 67.0485 -1.83441 -0.852207 -0.195354 3.76878 22 193 1027 1 1 0.386304 0.386304 237 
-35.906 -29.5467 -12.627 -3.42896 -2.03169 1.04637 3.4168 22 194 1001 1 1 0 0 86 
46.3842 3.27999 -15.5843 0.399419 -0.00679538 -0.0327104 3.44893 22 195 1032 1031 1 0 0 35 
39.2401 24.9492 28.2631 0.245319 0.525712 -0.0286615 3.55193 11 196 1023 1001 1 0.246626 0.246626 186 
5.75269 -46.1428 12.4811 0.124019 -5.26679 4.32292 3.46224 22 197 1100 1 1 0.702521 0.702521 178 
-45.056 -11.4979 30.9873 -2.20022 -0.836243 1.84839 3.52133 22 198 1041 1 1 0.529619 0.529619 217 
-14.2472 -44.2636 11.6141 -0.151818 -0.640431 -0.466392 3.60603 22 199 1623 1622 1 0.40998 0.40998 132 
-46.4676 -1.73618 64.4368 -0.342592 0.0215686 0.016293 3.72439 22 200 1059 1 1 0.438923 0.438923 215 
39.6524 24.2886 60.7237 3.19347 2.26418 6.0223 3.57883 22 201 1001 1 1 0.176816 0.176816 313 
46.2482 -4.83225 68.02 0.730549 -0.118749 0.171656 3.65566 22 202 1123 1122 1 0.00339415 0.00339415 40 
-21.8234 -41.0608 71.3125 -0.123018 -0.476338 0.547885 3.62706 22 203 1343 1 1 0.495688 0.495688 157 
0.822553 -46.4927 34.3689 -0.0662649 -0.373733 0.3867 3.49393 22 204 1589 1 1 0.461139 0.461139 195 
46.3367 -3.89353 39.1699 0.399671 -0.229102 -0.221123 3.90154 22 205 1247 1217 1 0.491558 0.491558 332 
33.4317 -32.3199 67.488 0.285363 -0.194966 0.150027 3.65043 22 206 1096 1 1 0 0 153 
-24.0447 -39.8008 29.6843 -0.106049 -0.377017 0.225992 3.55102 22 207 1001 1 1 0.131011 0.131011 130 
39.0061 25.3136 6.9976 0.225246 0.22339 -0.0887318 3.50067 22 208 1034 1 1 0 0 121 
46.4693 -1.6885 43.9818 0.380751 -0.0313548 -0.303765 3.76505 22 209 1324 1323 1 0.839809 0.839809 241 
10.9702 45.1874 25.166 0.259461 0.566114 -0.321542 3.69003 22 210 1001 1 1 0.221251 0.221251 242 
28.588 36.6739 78.1192 -0.0714645 0.200414 -0.00173169 3.70863 22 211 1192 1185 1 0.224513 0.224513 233 
-35.9902 29.444 49.8482 -0.213934 0.237611 0.102399 3.65045 22 212 1001 1 1 0.149504 0.149504 166 
15.3937 -43.8781 14.0363 2.46727 -5.41784 4.0295 3.45059 22 213 1015 1 1 0 0 51 
22.2984 -40.8048 41.505 0.184934 -0.346455 0.170929 3.59795 22 214 1001 1 1 0 0 210 
46.1269 -5.87889 57.2648 0.892442 -0.120549 0.85474 3.59184 22 215 1028 1 1 0.50819 0.50819 262 
-39.8494 23.9641 61.0855 -3.50188 3.50719 2.86809 3.61437 22 216 1030 1 1 0.160125 0.160125 261 
-25.2486 -39.0481 53.3934 -0.509832 -0.958236 1.20054 3.62897 22 217 1044 1 1 0.948298 0.948298 241 
45.9747 6.96984 55.1771 0.465179 0.112944 0.250015 3.60214 22 218 1042 1 1 0.719353 0.719353 353 
-38.7654 -25.6806 -62.0039 -0.437742 0.0145095 -0.239386 3.99786 22 219 1434 1257 1 0.605749 0.605749 258 
24.8977 -39.2729 52.5807 0.210852 -0.417527 -0.205748 3.736 22 220 1197 1195 1 0.110329 0.110329 287 
36.3765 28.9655 -1.76113 0.362862 0.583687 -0.743793 3.63681 22 221 1019 1018 1 0.0295478 0.0295478 276 
-43.7688 15.7016 -2.76104 -0.153615 0.0151721 -0.343215 3.85641 22 222 1157 1156 1 0 0 128 
46.0937 -6.13336 53.0046 0.350466 0.0208962 -0.0748402 3.70488 22 223 1504 1429 1 0.107433 0.107433 227 
-11.8348 44.9687 77.2614 -0.154418 0.599597 0.212405 3.67556 22 224 1118 1033 1 0.0333267 0.0333267 185 
-46.3499 -3.73292 38.5851 -0.571399 0.0203542 -0.0349007 3.72214 22 225 1001 1 1 0.0322016 0.0322016 132 
-4.49101 -46.2826 -21.9559 -0.142603 -1.23452 -0.780765 3.64985 22 226 1001 1 1 0.332421 0.332421 286 
-45.8114 -7.97303 68.8543 -0.473928 -0.0948932 0.10695 3.66111 22 227 1169 1 1 0.631901 0.631901 160 
-13.3956 44.5287 20.596 0.0290481 0.823803 -0.295556 3.60278 22 228 1001 1 1 0.188543 0.188543 220 
-2.69611 46.4218 -5.95354 -0.0039224 0.216356 0.0154947 3.47876 22 229 1001 1 1 0.632342 0.632342 323 
-32.0501 -33.6904 -14.1051 -0.50178 -0.268582 0.0915638 3.3773 22 230 1120 1 1 0.631492 0.631492 332 
34.5253 31.1489 40.1772 0.133143 0.0268279 0.15486 3.71055 22 231 1132 1 1 0.0492856 0.0492856 153 
6.66437 -46.02 70.2016 0.111792 -0.468765 0.169945 3.71515 22 232 1079 1078 1 0.634813 0.634813 228 
-46.3882 -3.22316 15.196 -0.289121 0.0670043 -0.341241 3.85613 22 233 1215 1214 1 0.287543 0.287543 249 
-42.6936 -18.4258 45.4989 -0.400015 -0.19331 -0.252466 3.84431 22 234 1290 1289 1 0.388578 0.388578 185 
-25.855 -38.6493 42.2645 -0.735925 -1.3028 0.652802 3.57639 22 235 1057 1 1 1.2272 1.2272 284 
25.0049 39.2047 77.6248 0.334029 0.306976 0.18412 3.71074 22 236 1247 1220 1 0.186124 0.186124 192 
-21.4018 -41.2821 25.0952 -0.0551487 -0.508014 0.000860342 3.58148 22 237 1093 1092 1 0.0832896 0.0832896 133 
-4.00505 -46.3272 11.5256 -0.321919 -0.36664 -0.151865 3.56252 22 238 1033 1032 1 0.090671 0.090671 91 
-37.9639 26.8512 8.94966 -0.281714 0.161903 -0.148368 3.6598 22 239 1394 1393 1 0.472372 0.472372 272 
-21.4889 41.2369 13.1485 -0.0418713 0.331593 -0.239574 3.85524 22 240 1160 1158 1 0.388215 0.388215 254 
27.951 -37.1617 65.9905 0.102968 -0.205114 -0.00579437 3.67735 22 241 1517 1424 1 1.49352 1.49352 345 
-43.4949 -16.4452 73.6392 -0.376382 -0.345495 0.00948027 3.75178 22 242 1206 1173 1 0.510347 0.510347 369 
40.9263 -22.0746 12.433 4.11829 -2.6231 0.652977 3.51035 22 243 1001 1 1 0 0 74 
28.7829 -36.5212 66.9503 0.329565 -0.332369 0.56043 3.60727 22 244 1196 1 1 0.420346 0.420346 177 
-37.2694 -27.8073 -24.0464 -0.0525517 -0.334582 -0.26774 3.61695 22 245 1001 1 1 0.152658 0.152658 142 
21.5847 -41.1868 77.4216 0.265575 -0.760444 0.365987 3.69509 22 246 1093 1 1 0.458956 0.458956 188 
-41.1645 21.6271 74.3476 -3.90869 2.14812 0.00303096 3.72282 22 247 1044 1 1 0.185524 0.185524 187 
-25.6405 -38.7919 68.4904 -0.205536 -0.338828 0.493925 3.6048 22 248 1044 1 1 1.00437 1.00437 293 
9.37356 -45.5454 50.5253 0.188149 -0.589673 0.0460795 3.64939 22 249 1089 1 1 0.304488 0.304488 237 
-23.6134 -40.0582 38.3624 -0.688046 -0.478164 0.19007 3.55767 22 250 1060 1 1 0.717826 0.717826 259 
45.7373 8.38734 -23.7735 1.71418 0.777659 -2.56958 3.64957 22 251 1035 1 1 0.069172 0.069172 267 
-19.1416 -42.3775 45.5662 -0.0266691 -0.427328 -0.0244653 3.63961 22 252 1001 1 1 0.459713 0.459713 330 
-28.7868 36.5181 -14.4269 -0.449458 1.25963 -0.90542 3.77409 22 253 1001 1 1 0.139102 0.139102 284 
18.332 42.7339 35.549 0.849189 1.40096 -1.17318 3.78008 22 254 1265 1264 1 0.0203859 0.0203859 162 
46.4635 1.84317 13.7105 0.860894 0.301687 0.180619 3.55291 22 255 1014 1 1 0 0 30 
-42.4165 19.055 -7.45029 0.00226846 0.340192 0.164495 3.52461 22 256 1052 1015 1 0.11781 0.11781 276 
19.1101 -42.3917 14.407 0.0649141 -0.231698 -0.0490645 3.73386 22 257 1743 1741 1 0.370131 0.370131 285 
-12.7597 44.7151 73.6619 -0.0324033 0.252932 -0.0105136 3.71189 22 258 1325 1290 1 0.850502 0.850502 276 
-39.0602 25.2299 55.798 -6.99982 3.19239 5.16728 3.57819 22 259 1001 1 1 0.118956 0.118956 191 
-35.7545 -29.7299 56.0691 -0.439231 -0.223086 -0.135753 3.72773 22 260 1369 1366 1 1.54894 1.54894 293 
-43.1996 17.2059 50.3566 -1.95642 0.435407 -0.725918 3.68914 22 261 1068 1067 1 0.0610684 0.0610684 226 
46.3889 -3.21282 67.6173 0.457687 0.0838276 -0.0385259 3.73228 22 262 1006 1005 1 0.361229 0.361229 194 
40.0048 -23.7036 54.0911 0.289424 -0.391718 -0.154631 3.76889 22 263 1112 1109 1 0.658323 0.658323 170 
45.0924 11.3546 23.6559 0.208181 0.0165214 -0.0920284 3.58662 22 264 1002 1 1 0.166064 0.166064 198 
28.2707 -36.9191 40.856 -0.14437 -0.221342 -0.121288 3.68675 22 265 1746 1716 1 0.422679 0.422679 220 
-44.0716 -14.8304 67.0637 -0.214598 -0.117836 0.155233 3.68258 22 266 1001 1 1 0.499841 0.499841 215 
-19.8513 42.0497 28.5936 -0.31988 0.354427 -0.0626443 3.67848 22 267 1285 1251 1 0.0532107 0.0532107 85 
46.3433 3.81478 65.2432 1.08966 -0.214601 -0.152711 3.78161 22 268 1030 1029 1 0.273632 0.273632 230 
-32.8357 32.9252 -5.23684 -0.23222 0.139238 -0.453192 3.75725 22 269 1137 1 1 0.260748 0.260748 326 
24.3925 -39.5886 62.6042 0.458286 -1.04462 0.242343 3.67686 22 270 1086 1 1 0.236534 0.236534 252 
15.6725 -43.7793 14.2772 -0.00778775 -1.50933 -0.892013 3.77465 22 271 1029 1 1 1.01694 1.01694 161 
41.4506 -21.0737 8.6323 0.428818 -0.15161 0.230388 3.47064 22 272 1070 1 1 0.354729 0.354729 145 
37.8493 -27.0126 29.9029 0.0305667 -0.530026 -0.0144253 3.57873 22 273 1015 1 1 0.514289 0.514289 281 
44.6039 -13.1433 55.7928 0.361749 -0.0917096 0.253825 3.60546 22 274 1442 1 1 1.08368 1.08368 193 
-40.5098 22.83 63.9942 -0.222206 0.410518 0.0456778 3.74333 22 275 1243 1242 1 0.262298 0.262298 280 
-5.86713 46.1284 69.5779 -0.154641 0.597857 0.241193 3.67028 22 276 1166 1 1 0.0483383 0.0483383 189 
2.26616 -46.4447 72.4681 -0.0893175 -0.502692 0.021046 3.74566 22 277 1021 1020 1 0 0 156 
-46.0396 -6.52735 59.2715 -0.461356 -0.144106 -0.165843 3.76066 22 278 1073 1060 1 0.0841136 0.0841136 128 
28.3472 -36.8603 58.2904 0.428051 -0.272772 0.059057 3.70149 22 279 1031 1030 1 1.25964 1.25964 257 
35.3846 -30.1692 50.4928 0.769767 -0.409245 -0.29979 3.76861 22 280 1371 1351 1 0.459592 0.459592 188 
-42.8572 18.0418 47.1652 -1.03355 -0.014883 0.165175 3.5914 22 281 1028 1 1 0.840696 0.840696 232 
-46.3278 -3.99756 74.0839 -0.312638 -0.0303487 -0.0285258 3.77996 22 282 1404 1403 1 0.140493 0.140493 176 
-46.4993 0.260877 61.9953 -0.493879 0.11741 -0.0584616 3.72634 22 283 1068 1067 1 0.0667263 0.0667263 209 
34.2417 -31.4604 27.8165 0.329706 -0.219192 -0.323061 3.72709 22 284 1038 1037 1 2.41551 2.41551 415 
-10.7493 45.2405 55.8431 -0.147504 0.466775 0.212697 3.60123 22 285 1084 1 1 0.201269 0.201269 156 
18.3445 42.7285 12.0156 0.176926 0.451322 -0.161633 3.58167 22 286 1247 1246 1 0.45681 0.45681 168 
30.3037 35.2695 10.473 0.280989 0.586106 0.168575 3.52064 22 287 1002 1 1 0.520188 0.520188 248 
21.8778 41.0319 69.7496 0.27605 0.429307 0.0247316 3.73792 22 288 1118 1098 1 0.288059 0.288059 268 
-41.3979 -21.177 38.9571 -3.71548 -1.96151 0.090202 3.58541 22 289 1070 1 1 0.0886547 0.0886547 155 
-39.5487 -24.4571 78.2463 -0.391572 -0.278775 0.173423 3.7649 22 290 2042 2011 1 0.0492952 0.0492952 160 
38.1534 -26.5813 47.4914 0.667285 -0.693362 -0.31617 3.6324 22 291 1315 1273 1 0.333866 0.333866 333 
41.7726 -20.4279 64.3228 0.381794 -0.13713 0.0660243 3.65828 22 292 1341 1268 1 0 0 195 
30.5935 35.0184 1.40416 0.812783 1.21336 -1.54422 3.50381 22 293 1001 1 1 0.204087 0.204087 250 
9.53934 -45.511 71.1357 0.430024 -0.944923 0.720291 3.67185 22 294 1024 1 1 0.248681 0.248681 242 
-16.8219 -43.3506 78.0137 -0.198601 -0.394764 0.256591 3.73074 22 295 1283 1282 1 0.533319 0.533319 244 
-42.3631 19.1733 24.9464 -4.57695 1.20906 -0.053903 3.56298 22 296 1001 1 1 0.605622 0.605622 191 
16.7811 -43.3664 33.647 0.492075 -3.13918 0.299992 3.58385 22 297 1001 1 1 0.0171671 0.0171671 154 
14.9501 -44.0312 16.728 0.0886332 -0.341711 0.147234 3.50204 22 298 1611 1 1 0.223323 0.223323 285 
45.3976 -10.0654 -26.1594 0.198704 -0.0179183 -0.0821567 3.39792 22 299 1086 1085 1 0.0418749 0.0418749 98 
43.053 17.5696 63.8924 0.472944 0.175204 0.0322389 3.75308 22 300 2071 2070 1 0.672189 0.672189 283 
-5.29864 -46.1971 73.7201 -0.354867 -1.27683 1.11074 3.65088 22 301 1017 1 1 0.475687 0.475687 278 
12.7214 -44.726 20.3056 0.0745932 -0.341748 -0.0261232 3.51608 22 302 1002 1 1 0.375692 0.375692 308 
7.0891 45.9564 68.4896 -0.312007 0.702135 0.418681 3.63201 22 303 1009 1 1 0.0457789 0.0457789 102 
-31.7322 -33.9899 19.7742 -0.807287 -0.3651 -0.190431 3.54946 22 304 1003 1002 1 0 0 92 
25.9117 -38.6113 75.2945 0.137138 -0.37559 0.47677 3.6421 22 305 1203 1 1 0.574355 0.574355 207 
26.6635 -38.096 -14.238 0.51089 -0.557706 -0.412195 3.54692 22 306 1009 1 1 0.0295259 0.0295259 97 
35.4888 30.0466 6.72974 0.183995 0.155928 0.0895489 3.45073 22 307 1131 1 1 0.138456 0.138456 84 
-45.5894 -9.15732 19.9637 -0.6163 -0.0638993 0.0338038 3.53094 22 308 1023 1 1 0.487129 0.487129 184 
5.12852 -46.2163 77.7917 0.102975 -1.9005 0.11642 3.72107 22 309 1238 1212 1 0.0657003 0.0657003 124 
26.0108 -38.5446 45.4194 0.243246 -0.144348 -0.150167 3.70337 22 310 1291 1 1 0.281453 0.281453 229 
38.6353 -25.8759 76.1321 0.332126 -0.202986 0.0094376 3.70863 22 311 1128 1 1 0.263938 0.263938 186 
-46.1049 -6.04882 7.2099 -0.4913 -0.0204468 -0.13902 3.59598 22 312 1192 1191 1 0.0679937 0.0679937 170 
-28.7586 36.5403 20.147 -0.153258 0.357369 0.185875 3.48395 22 313 1003 1 1 0 0 148 
-37.2911 27.7781 -8.59401 -0.0640739 0.155836 0.00873158 3.50106 22 314 1026 1 1 0.674706 0.674706 284 
-44.4193 -13.7542 75.1619 -0.337078 -0.261517 0.28126 3.705 22 315 1170 1169 1 0.229237 0.229237 179 
15.6605 43.7835 47.9692 0.0926929 0.446447 -0.230679 3.71075 22 316 1443 1442 1 0 0 93 
46.4335 2.4856 7.22951 0.796953 -0.127726 0.0198588 3.512 22 317 1071 1 1 0.466362 0.466362 210 
-46.2245 5.05447 56.4436 -0.159546 -0.454748 -0.294613 3.77203 11 318 1168 1140 1 0.220229 0.220229 140 
27.1545 -37.7476 48.2762 0.175433 -0.261917 -0.0455541 3.62354 22 319 1132 1 1 0.361292 0.361292 204 
-45.4668 9.74761 46.9087 -0.466198 0.121535 -0.151451 3.73206 22 320 1206 1183 1 0.180346 0.180346 241 
-17.5785 43.0493 13.3727 -0.125012 0.339014 -0.135064 3.5782 22 321 1299 1251 1 0.0275706 0.0275706 123 
44.7512 12.6324 23.6867 1.38159 0.186386 -1.42679 3.73372 22 322 1270 1250 1 0.685132 0.685132 350 
44.5699 -13.258 30.3554 0.223968 -0.140267 -0.123769 3.73825 22 323 1079 1013 1 0.811312 0.811312 224 
9.75634 -45.465 38.2534 2.91757 -10.4224 18.9769 3.50477 22 324 1075 1 1 0.0296091 0.0296091 113 
-20.0548 41.953 70.8665 -0.050942 0.413827 0.248065 3.66993 22 325 1393 1336 1 0.376442 0.376442 180 
24.9737 -39.2245 3.16681 0.127389 -0.242859 0.137489 3.50296 22 326 1046 1 1 0 0 151 
-10.5086 45.297 35.5574 0.132264 0.157557 0.0762758 3.77428 22 327 1648 1647 1 0 0 125 
-25.2387 -39.0545 69.1175 -0.320988 -0.394053 0.0529937 3.75936 22 328 1144 1123 1 0.405618 0.405618 283 
45.8082 7.99138 49.3678 1.79211 0.701938 0.572268 3.59773 22 329 1523 1522 1 1.18912 1.18912 343 
35.8189 -29.6523 62.5559 0.450744 -0.0475874 -0.21174 3.77668 22 330 1200 1177 1 1.44108 1.44108 279 
11.3755 -45.0871 0.318688 0.206982 -0.805206 0.650353 3.40042 22 331 1048 1 1 0 0 118 
44.1144 -14.7027 67.584 0.342524 0.0283348 0.00802012 3.71091 22 332 1198 1 1 0.671967 0.671967 266 
-45.4625 -9.76806 42.899 -0.451258 -0.128331 0.137611 3.58827 22 333 1250 1 1 0.476531 0.476531 200 
-46.1345 -5.81868 6.56499 -0.355681 -0.17365 0.124396 3.59639 22 334 1038 1037 1 0.264148 0.264148 216 
42.5675 18.7152 46.4682 0.28929 0.117701 0.36661 3.53062 22 335 1153 1 1 0.358322 0.358322 265 
-40.2203 23.3361 75.7048 -0.485591 0.094677 0.745516 3.63141 22 336 1233 1 1 0.567924 0.567924 204 
17.5266 -43.0705 54.6473 0.178145 -0.448154 -0.168945 3.765 22 337 1078 1076 1 0.492795 0.492795 222 
45.8891 7.51262 53.4608 0.437403 0.106456 0.241797 3.6319 22 338 1682 1681 1 1.15083 1.15083 419 
-22.1771 40.8708 41.7418 -0.257609 0.330505 -0.00994388 3.66663 22 339 1188 1187 1 0 0 230 
12.7149 44.7278 39.8011 0.243893 0.118051 -0.433244 3.71784 22 340 1610 1609 1 0.293604 0.293604 231 
43.0521 -17.5717 -16.4991 0.335762 -0.0868395 0.0791724 3.48898 22 341 1025 1 1 1.18 1.18 190 
15.4318 -43.8647 27.509 0.00648165 -0.584907 -0.156199 3.66438 22 342 1307 1283 1 0.25417 0.25417 305 
13.5723 -44.4752 64.9348 -0.145724 -0.511438 1.0939 3.58362 22 343 1054 1 1 0.0336442 0.0336442 110 
44.9635 -11.8547 72.8085 0.762377 0.0357469 0.176673 3.66804 22 344 1073 1 1 0 0 41 
45.4874 9.65141 9.93862 0.0734055 0.480181 0.143293 3.46295 22 345 1044 1 1 1.22295 1.22295 217 
-45.9339 -7.23399 41.7994 -0.4635 -0.0409048 -0.0649691 3.62112 22 346 1337 1336 1 0.711725 0.711725 157 
-5.7869 46.1385 65.4209 -0.137387 1.22845 0.061503 3.69426 22 347 1027 1 1 0.217788 0.217788 238 
-3.15063 -46.3931 27.552 0.107646 -0.780186 -0.162574 3.55173 22 348 1088 1 1 0.000553755 0.000553755 239 
-32.0744 33.6672 58.7318 -4.75438 3.53837 0.375863 3.64815 22 349 1002 1 1 0.193342 0.193342 151 
28.6327 -36.6391 47.774 0.269247 -0.316476 -0.268454 3.8165 22 350 1098 1097 1 0.0163052 0.0163052 147 
-25.0034 39.2056 9.08748 -0.62396 1.3727 -1.92947 3.76486 22 351 1013 1 1 0.544186 0.544186 211 
26.0576 38.513 78.1087 0.119905 0.173102 0.1137 3.92104 22 352 1224 1223 1 0.38527 0.38527 138 
13.9547 -44.3567 59.269 0.177722 -1.77199 -0.30926 3.65943 22 353 1245 1226 1 0.333932 0.333932 154 
6.22016 -46.0821 -14.8415 0.127567 -0.252616 -0.0184277 3.43466 22 354 1148 1 1 0.467637 0.467637 291 
-34.6414 31.0197 64.8505 -0.376894 0.338779 0.198734 3.65767 22 355 1292 1 1 0.50217 0.50217 241 
-24.2849 39.6547 27.3334 -0.220223 0.366965 0.455568 3.47989 22 356 1215 1 1 0.0223733 0.0223733 222 
33.9789 31.7441 47.9777 0.280868 0.417838 -0.0874296 3.7155 22 357 1375 1374 1 0.398591 0.398591 253 
-29.2849 -36.1199 60.2753 -0.204012 -0.288774 -0.066341 3.67624 22 358 1002 1 1 0.708773 0.708773 283 
-2.00965 -46.4566 52.1327 0.0621003 -0.529074 -0.121248 3.68432 22 359 1028 1027 1 0.500973 0.500973 186 
-28.6037 36.6617 52.424 -0.285429 0.423368 -0.0202393 3.71511 22 360 1053 1052 1 0.029595 0.029595 267 
-29.4891 35.9534 76.7512 -0.839607 0.688918 0.403974 3.66988 22 361 1023 1 1 0.109629 0.109629 179 
45.644 8.88118 37.0543 0.319359 0.0490193 0.244768 3.53591 22 362 1153 1130 1 0.298345 0.298345 277 
46.2391 4.91873 43.8439 0.555549 0.242874 0.00998521 3.62787 22 363 1498 1 1 0.233636 0.233636 158 
34.2132 -31.4913 36.2404 0.207007 -0.219235 0.19168 3.59551 22 364 1099 1 1 0.273784 0.273784 247 
6.49527 46.0441 25.4137 0.137611 0.254621 -0.313697 3.77677 22 365 1557 1556 1 0.234348 0.234348 259 
-23.8846 39.897 3.899 -0.242354 0.289313 0.147555 3.45616 22 366 1001 1 1 1.36309 1.36309 171 
-37.5376 -27.4441 64.7201 -0.346943 -0.336315 -0.0314561 3.8028 22 367 1325 1323 1 0.119145 0.119145 197 
-30.6332 -34.9837 69.8448 -0.163402 -0.241244 0.284452 3.65362 22 368 1211 1178 1 0.202161 0.202161 214 
21.9545 -40.9908 26.399 0.333417 -0.640263 -0.0130127 3.54831 22 369 1307 1 1 0.166134 0.166134 174 
33.3148 -32.4403 78.3826 0.728899 -0.80447 1.15769 3.64397 22 370 1197 1 1 0.0334894 0.0334894 144 
-46.1849 5.40451 56.9259 -0.277831 0.462951 0.0421636 3.73697 22 371 1071 1070 1 0.0613482 0.0613482 109 
-31.9517 -33.7837 66.1749 -0.195002 -0.283924 0.165884 3.67081 22 372 1241 1199 1 0.134394 0.134394 80 
-43.4435 16.5806 74.8311 -0.557079 0.340497 1.29499 3.61531 22 373 1204 1 1 0 0 152 
-5.39814 -46.1856 76.0772 -0.626835 -2.31954 -0.130323 3.76167 22 374 1033 1032 1 0 0 144 
46.2768 -4.55063 77.1176 1.43306 -0.0485751 0.469079 3.68038 22 375 1283 1169 1 0.264788 0.264788 293 
-44.1966 -14.4538 42.4141 -6.60739 -1.99314 7.63366 3.53197 22 376 1030 1 1 0.319973 0.319973 64 
-10.4736 45.3051 54.9803 -0.0543243 0.580654 -0.298042 3.80221 22 377 1049 1048 1 0.674274 0.674274 124 
-45.1925 10.9495 70.9107 -0.954864 0.209593 0.785511 3.64305 22 378 1435 1421 1 0 0 298 
33.7175 32.0216 41.4639 2.53408 1.61257 3.98731 3.51945 22 379 1202 1 1 0.0296672 0.0296672 118 
25.704 -38.7499 66.2334 0.324263 -0.499821 0.224265 3.61677 22 380 1213 1 1 0.378697 0.378697 155 
-37.9476 26.8744 4.07387 -0.111977 0.220103 -0.337768 3.9348 22 381 1002 1 1 0.5776 0.5776 289 
-11.5966 45.0307 69.7553 -0.0746574 0.424473 0.217834 3.66129 22 382 1547 1546 1 0 0 137 
-31.9637 33.7723 13.8327 -0.363391 0.332795 -0.135329 3.60356 22 383 1134 1133 1 0.114643 0.114643 229 
40.6837 22.5187 59.4146 5.86178 3.56722 -3.04644 3.78174 22 384 1515 1514 1 0.21314 0.21314 115 
-35.0186 30.5933 40.7708 -1.03772 1.3746 0.482177 3.64324 22 385 1069 1068 1 0.604859 0.604859 231 
-16.4636 43.4879 61.7667 0.378664 0.342269 -0.0242003 3.75827 22 386 1024 1023 1 0 0 121 
46.216 5.13182 32.1698 0.381187 0.0683352 -0.24315 3.82128 22 387 1080 1079 1 0.0207116 0.0207116 144 
-45.3121 10.4433 4.72625 -2.83956 -0.125806 1.76476 3.43852 22 388 1399 1299 1 0.925418 0.925418 290 
-30.409 35.1787 69.8612 -0.328375 0.3915 0.00421188 3.7232 22 389 1021 1020 1 0.410191 0.410191 172 
21.256 -41.3574 58.7929 0.88328 -2.02966 -1.26754 3.72645 22 390 1005 1004 1 0.226209 0.226209 196 
-9.92759 -45.4279 77.2705 0.048641 -0.3595 0.128606 3.77124 22 391 1505 1466 1 0.663914 0.663914 231 
-8.01489 45.8041 -22.6686 -0.149588 0.880398 -0.44183 3.51241 22 392 1001 1 1 0.184139 0.184139 146 
-37.1214 28.0045 56.416 -0.553544 0.442894 0.143581 3.72611 22 393 1001 1 1 0 0 93 
46.3117 4.18032 20.9536 2.46754 0.301283 2.27499 3.47389 22 394 1061 1 1 0.675606 0.675606 205 
43.442 -16.5844 77.2214 0.19948 0.0910655 0.149634 3.7755 22 395 1307 1159 1 0.805928 0.805928 223 
45.6126 9.04104 70.302 0.385973 0.0239794 -0.0451406 3.63901 22 396 1094 1 1 0 0 271 
45.2176 10.8454 39.7249 0.273844 0.0524049 -0.0099466 3.76929 22 397 1201 1072 1 0.518161 0.518161 219 
-41.0771 21.7928 56.4479 -0.470806 0.198564 -0.00578369 3.69936 22 398 1448 1424 1 0 0 147 
32.3618 33.3911 64.9523 0.456823 0.218155 -0.0695764 3.63026 22 399 1040 1015 1 0.0669661 0.0669661 48 
8.81193 45.6574 59.3697 0.23161 6.41853 -4.26493 3.70785 22 400 1016 1 1 0.290027 0.290027 347 
42.6881 18.4385 -9.25674 0.385511 -0.00439503 -0.0226692 3.64384 22 401 1545 1544 1 0.851851 0.851851 297 
42.8777 -17.9932 71.7544 0.320464 0.111336 0.400121 3.6847 22 402 1572 1418 1 0.842091 0.842091 232 
7.39123 45.9088 60.6622 0.000395166 0.557798 0.793514 3.58608 22 403 1158 1 1 0.0815154 0.0815154 103 
-45.8608 7.6835 51.2676 -2.51507 1.08382 1.10187 3.60803 22 404 1057 1 1 0 0 25 
42.1679 -19.599 21.0249 0.149255 -0.0527801 -0.201683 3.77562 22 405 1559 1485 1 0.216172 0.216172 261 
42.3019 -19.3081 29.4894 0.397146 -0.29351 -0.131326 3.63765 22 406 1249 1248 1 0.565792 0.565792 232 
-44.8732 12.1919 69.9932 -3.45986 1.30802 3.46776 3.64131 22 407 1019 1 1 0.442229 0.442229 165 
-22.2858 40.8117 68.5223 -0.429791 0.241277 0.134851 3.7597 22 408 1079 1078 1 0.101736 0.101736 89 
-30.9582 34.6964 27.1564 -0.178434 0.288081 -0.227989 3.59203 22 409 1001 1 1 0.123259 0.123259 215 
-34.4822 -31.1966 76.9333 -1.92306 -1.42575 0.948133 3.70931 22 410 1054 1 1 0.535292 0.535292 196 
-40.3437 -23.1221 34.7185 -0.233903 -0.0836322 0.0014817 3.57805 22 411 1519 1 1 0.119428 0.119428 286 
46.4147 -2.81511 -30.013 0.208435 -0.239593 -0.310019 3.71857 22 412 1795 1794 1 0.0745737 0.0745737 197 
-27.1059 -37.7825 11.9167 -0.0440009 -0.239342 -0.0816541 3.84809 22 413 1661 1598 1 0.449285 0.449285 249 
40.3854 -23.0492 68.4284 0.295925 -0.192007 0.102908 3.66876 22 414 1468 1449 1 0 0 117 
30.4742 -35.1223 55.766 0.340498 -0.0311387 -0.0101072 3.69437 22 415 1113 1 1 0.281606 0.281606 103 
13.6961 -44.4372 46.905 1.23485 -6.61876 4.56869 3.5506 22 416 1458 1361 1 0.117164 0.117164 269 
42.2735 -19.3701 60.7732 0.334797 -0.145844 0.0361812 3.72286 22 417 1546 1518 1 0.315289 0.315289 173 
8.08965 45.7909 -34.012 0.336142 0.164378 -0.819347 3.53742 22 418 1136 1135 1 0.0766281 0.0766281 77 
-40.2171 23.3417 -7.94006 -0.290156 0.0213319 -0.420088 3.84635 22 419 1084 1083 1 0.0825318 0.0825318 231 
-27.1375 37.7598 57.173 -0.233847 0.422845 -0.166245 3.71741 22 420 1100 1099 1 0.570216 0.570216 165 
-39.2696 24.9027 39.7389 -0.50657 0.390628 0.0221044 3.61521 22 421 1325 1102 1 0.256139 0.256139 209 
46.3132 -4.16362 56.1851 0.92837 -0.0879136 -0.586379 3.75702 22 422 1367 1366 1 0.596973 0.596973 142 
-44.4992 13.4933 64.2688 -4.84125 1.51001 1.58991 3.6778 22 423 1001 1 1 0.396636 0.396636 160 
-44.1327 14.6476 61.8715 -1.43315 0.445905 0.184592 3.69685 22 424 1009 1008 1 0.059511 0.059511 113 
-37.8002 27.0812 7.09446 -0.360578 0.120951 -0.108294 3.71916 22 425 1051 1031 1 0.0740294 0.0740294 202 
-42.1573 -19.6217 10.3266 -5.09244 -2.86623 2.20126 3.48883 22 426 1065 1 1 0.53059 0.53059 285 
46.4957 0.633914 40.277 0.692673 0.255994 0.454513 3.56592 22 427 1186 1 1 0.48829 0.48829 207 
8.54173 45.7087 9.87867 -0.0680102 0.396189 -0.394013 3.81829 22 428 1181 1179 1 0.0672413 0.0672413 230 
45.1586 -11.0883 71.8746 0.296899 -0.112112 0.400502 3.70446 22 429 1302 1301 1 0.447256 0.447256 143 
12.6483 44.7467 27.6419 -0.0101268 0.0275858 -0.0163526 3.67708 22 430 1282 1276 1 0 0 136 
-12.3959 44.8173 68.0379 -0.381267 0.630098 0.235354 3.69408 22 431 1106 1087 1 0.286038 0.286038 214 
-22.646 40.6129 27.0135 -2.22697 6.70266 0.426818 3.55227 22 432 1001 1 1 0.293974 0.293974 187 
-40.1875 23.3926 68.2596 -0.179508 0.0464973 0.312736 3.63186 22 433 1002 1001 1 0 0 91 
39.3411 -24.7897 69.7176 7.82894 -3.29975 5.69744 3.65019 22 434 1024 1 1 0.850858 0.850858 253 
-29.5026 -35.9423 18.1984 -0.445137 -0.650721 0.108405 3.52475 22 435 1073 1 1 0.238016 0.238016 151 
-41.4832 -21.0093 60.103 -0.437601 -0.15596 -0.208396 3.74924 22 436 1591 1588 1 0 0 158 
-32.2807 33.4695 15.1143 -0.282118 0.332517 -0.0772092 4.5638 22 437 1197 1196 1 0.0569253 0.0569253 201 
34.7865 30.8569 64.5903 0.312451 0.368402 0.166656 3.68084 22 438 1331 1330 1 0.0150715 0.0150715 107 
37.5177 -27.4713 44.4654 7.1305 -7.51214 25.2439 3.511 22 439 1038 1 1 0.060668 0.060668 254 
23.2274 40.2832 70.7771 0.513483 1.52002 2.81783 3.62112 22 440 1008 1 1 0.157567 0.157567 170 
45.7685 8.21565 -46.0691 0.455586 0.0334889 -0.825018 3.7506 22 441 1270 1269 1 0 0 83 
20.0874 -41.9374 57.3906 0.226886 -0.901473 0.631665 3.59999 22 442 1516 1 1 0.236587 0.236587 259 
-23.151 40.3272 46.078 -6.90229 13.537 20.2746 3.52747 22 443 1001 1 1 0.0853908 0.0853908 213 
-17.4002 -43.1217 57.5578 0.211138 -0.667496 0.105933 3.59882 22 444 1139 1 1 0.0667108 0.0667108 263 
7.557 -45.8818 36.6908 0.213792 -0.346111 -0.360246 3.75999 22 445 1251 1193 1 0.436477 0.436477 219 
43.1987 17.2082 13.5709 1.65924 1.08656 0.515255 3.57726 22 446 1001 1 1 0.371238 0.371238 258 
28.8677 36.4541 69.0476 0.432933 0.271055 0.0147507 3.75402 22 447 1037 1036 1 0.647437 0.647437 195 
15.5494 -43.8231 64.4025 0.249193 -0.405377 0.0520008 3.69774 22 448 1063 1 1 0.11773 0.11773 186 
-44.9701 11.8295 3.02213 -0.191483 0.441553 -0.0191469 3.62983 22 449 1001 1 1 0.286731 0.286731 161 
-45.8512 7.74058 23.9438 -1.07364 0.27323 0.821989 3.50053 22 450 1072 1 1 0.401901 0.401901 233 
-43.4615 -16.5332 42.3917 -3.93517 -0.531604 0.44817 3.57703 22 451 1001 1 1 0.159623 0.159623 172 
15.5054 43.8387 67.5906 2.21713 6.11031 9.71386 3.59425 22 452 1154 1 1 0.863658 0.863658 292 
-40.4843 -22.8751 57.313 -9.9026 -2.11626 -1.04617 3.69101 22 453 1064 1 1 0.0296436 0.0296436 140 
-8.85505 45.6491 60.4046 0.0281069 0.491172 -0.138131 3.69029 22 454 1278 1276 1 0 0 224 
13.2978 44.558 56.3095 0.655471 2.65812 1.60331 3.60084 22 455 1679 1646 1 0.308482 0.308482 215 
-31.1467 34.5273 62.2821 -0.337271 0.383427 -0.0187513 3.67212 22 456 1234 1233 1 0 0 120 
42.5611 -18.7298 44.4988 0.304374 -0.0138084 -0.156484 3.6593 22 457 1001 1 1 0.453151 0.453151 298 
37.4326 27.5872 72.6525 1.63245 1.24836 1.51809 3.65967 22 458 1101 1100 1 0.436412 0.436412 271 
36.4834 28.8307 13.6626 0.360363 0.561678 -0.244872 3.60418 22 459 1036 1 1 0.340784 0.340784 218 
-1.44145 46.4777 0.729173 0.175467 0.281255 0.138418 3.4876 22 460 1001 1 1 0.502806 0.502806 240 
-36.5021 28.807 57.3045 -0.248381 0.150744 0.180236 3.6182 22 461 1179 1 1 0.0279324 0.0279324 150 
24.8534 39.3009 23.5855 0.24371 0.3449 -0.133054 4.68976 22 462 1156 1155 1 0.124571 0.124571 187 
-37.227 27.8639 41.1996 -0.846769 0.0803655 -0.783059 3.58797 22 463 1003 1002 1 0.44657 0.44657 177 
-32.003 -33.7351 41.7293 -0.372948 -0.16499 0.30791 3.55715 22 464 1098 1073 1 0.518875 0.518875 113 
-46.4877 1.06738 61.086 -0.349464 -0.0115527 0.372641 3.66088 22 465 1368 1367 1 0.50835 0.50835 197 
37.5807 27.3851 43.1534 0.541791 0.209591 0.150245 3.59651 22 466 1014 1 1 0.0246296 0.0246296 211 
-5.45739 -46.1786 28.0925 0.0650154 -0.399375 -0.312077 3.70623 22 467 1165 1164 1 0.754396 0.754396 438 
25.9281 38.6003 44.1079 0.156222 0.215832 -0.184566 3.73728 22 468 2229 2227 1 0.201044 0.201044 111 
-5.29199 46.1979 21.8865 -0.364964 2.54341 -1.59666 3.69883 22 469 1100 1099 1 0.568394 0.568394 205 
-25.9536 -38.5832 66.2015 -6.42998 -7.94068 4.2721 3.64754 22 470 1112 1 1 0.594794 0.594794 228 
-46.3419 3.83104 64.2199 -0.483236 0.134926 0.0969439 3.68375 22 471 1107 1075 1 0.206116 0.206116 144 
36.571 -28.7195 38.9955 0.375301 -0.17349 -0.300284 3.79535 22 472 1127 1126 1 0.131017 0.131017 175 
10.7292 -45.2453 66.4824 0.158723 -0.171039 0.0237005 3.80509 22 473 1225 1224 1 1.03797 1.03797 358 
-44.9002 12.0923 13.9306 -0.926633 0.285823 -0.0947518 3.51839 22 474 1023 1 1 0.190568 0.190568 63 
-37.4074 -27.6213 58.0917 -0.228726 -0.490827 0.863554 3.57982 22 475 1109 1 1 0.546214 0.546214 252 
-43.1604 -17.3042 8.54055 -0.208373 -0.205911 -0.051436 3.77705 22 476 1356 1355 1 0.312068 0.312068 306 
23.9122 39.8806 65.9074 0.0182414 0.187454 0.231853 3.72582 22 477 1276 1236 1 0.620595 0.620595 266 
-8.12346 45.7849 45.588 -0.026226 0.419059 0.266389 3.5651 22 478 1001 1 1 0.200607 0.200607 183 
-45.2884 -10.5458 57.9828 -0.499172 -0.0377328 -0.102583 3.67106 22 479 1199 1172 1 0.0414178 0.0414178 184 
-17.5646 43.055 75.2588 -0.34113 0.723187 0.455789 3.67873 22 480 1306 1304 1 0.296049 0.296049 140 
38.3563 26.2877 16.6568 0.0868494 0.6337 -0.178204 3.58161 22 481 1079 1 1 0.147347 0.147347 148 
-6.319 46.0686 36.74 -0.823964 2.57093 0.643472 3.60256 22 482 1001 1 1 0.247082 0.247082 156 
31.6103 34.1034 76.7633 0.131946 0.320963 0.0951292 3.80975 22 483 1524 1523 1 0.872454 0.872454 122 
-27.4676 -37.5204 53.0321 -0.498337 -0.591853 0.711262 3.57472 22 484 1548 1 1 0.515076 0.515076 138 
-0.725883 -46.4943 -63.8862 -0.20097 -0.181992 -0.0901442 3.48345 22 485 1054 1 1 0.65644 0.65644 277 
-3.62983 46.3581 68.3757 -0.140554 0.304249 -0.180173 3.67879 22 486 1210 1151 1 0.939959 0.939959 332 
-46.4611 1.90044 41.5087 -0.507603 0.0561932 0.0173711 3.64682 22 487 1399 1398 1 0 0 74 
-21.2901 -41.3398 29.7639 -0.759078 -1.38025 -0.260694 3.58984 22 488 1407 1351 1 0.4221 0.4221 200 
38.2468 26.4468 52.6098 2.22236 0.979485 -0.551194 3.62216 22 489 1001 1 1 0 0 82 
2.82542 -46.4141 -0.764896 1.01865 -4.24055 -0.254039 3.49093 22 490 1031 1 1 0.442049 0.442049 94 
33.5539 -32.1929 -51.9942 0.25132 -0.182237 -0.988881 4.05103 22 491 1759 1734 1 0.433741 0.433741 224 
2.85724 -46.4121 24.0699 -0.161802 -0.198457 0.100053 3.64333 22 492 1234 1203 1 0.370174 0.370174 321 
-39.1745 25.0521 51.6311 -0.295259 0.135888 0.126804 3.6093 22 493 1107 1106 1 0.517762 0.517762 317 
-10.0369 -45.4039 -5.58103 0.0956996 -0.173148 -0.0371077 3.95824 22 494 1065 1 1 0.272627 0.272627 197 
42.5818 18.6826 32.9052 0.443702 0.528883 -0.00657539 3.56336 22 495 1207 1 1 0.324206 0.324206 177 
25.6577 -38.7805 42.1742 0.396643 -0.338404 -0.488685 4.73137 22 496 1279 1175 1 0 0 122 
45.978 -6.94784 6.40994 0.30892 -0.173044 -0.12838 3.59609 22 497 1032 1029 1 0.276709 0.276709 266 
42.3848 -19.1254 5.36514 0.275338 -0.110422 0.0267828 3.54046 22 498 1001 1 1 0.375211 0.375211 183 
21.5241 41.2185 67.6307 0.311723 0.413592 -0.155025 3.67793 22 499 1063 1035 1 0.337014 0.337014 126 
-45.9798 6.93602 11.1075 -0.143303 0.13583 0.0961219 3.70416 22 500 1375 1372 1 0.642423 0.642423 139 
-17.922 42.9075 30.8851 -0.201106 0.278603 -0.0822862 3.63299 22 501 1831 1805 1 0.334127 0.334127 181 
45.0592 -11.4856 13.271 0.700346 -0.0198684 0.740724 3.44341 22 502 1162 1 1 0.586102 0.586102 259 
46.2265 -5.03603 47.9524 1.0772 -0.139758 2.16292 3.52715 22 503 1166 1 1 0.101025 0.101025 110 
-31.2747 -34.4113 -34.0982 -0.277844 -0.39396 -1.19992 4.01704 22 504 2086 2048 1 0.139999 0.139999 109 
39.9336 23.8234 73.7266 0.268452 0.236464 0.0281471 3.64577 22 505 1001 1 1 0.468459 0.468459 225 
34.3443 -31.3483 54.5462 1.17037 -0.838873 1.38032 3.58603 22 506 1026 1 1 0.287037 0.287037 277 
-46.4266 2.61208 -71.1231 -0.307399 -0.163825 -0.0468517 3.38757 22 507 1001 1 1 0.396403 0.396403 220 
-0.164428 46.4997 -26.8515 -0.0148759 3.26653 -2.16644 3.53398 22 508 1001 1 1 1.59652 1.59652 286 
33.9093 -31.8184 2.56073 0.457559 -0.465148 0.230146 3.50643 22 509 1001 1 1 0.148909 0.148909 206 
-44.3469 13.9857 23.4417 -0.463217 0.151739 -0.211451 3.72773 22 510 1640 1639 1 0 0 131 
28.1929 -36.9785 52.5575 0.222015 -0.38986 -0.244619 3.74457 22 511 1007 1006 1 0.106352 0.106352 66 
-27.3272 -37.6228 8.89871 -0.236736 -0.346182 -0.180494 3.74122 22 512 1093 1092 1 0.490465 0.490465 241 
-19.7976 -42.075 26.2189 -0.211556 -0.538423 0.0861092 3.52495 22 513 1052 1 1 0.042863 0.042863 289 
-6.62652 -46.0254 34.0526 0.0670529 -0.277837 0.244558 3.65979 22 514 1012 1 1 0.233757 0.233757 271 
46.4693 -1.6902 77.213 8.81308 0.937457 -0.220072 3.69749 22 515 1007 1006 1 0.238406 0.238406 236 
46.3658 -3.52987 58.4615 0.558309 -0.362754 0.169749 3.72413 22 516 1047 1 1 0.238392 0.238392 154 
45.1145 -11.2664 69.4602 0.484822 -0.120106 0.107901 3.70642 22 517 1456 1424 1 0.977888 0.977888 392 
-17.3217 43.1533 63.5164 -0.277377 0.426179 -0.0505317 3.73966 22 518 1085 1060 1 0.275719 0.275719 170 
25.6562 -38.7816 53.5102 0.268073 -0.66683 -0.388068 3.77932 22 519 1082 1030 1 0.0697998 0.0697998 236 
-32.258 -33.4914 52.9335 -0.348257 -0.373354 -0.0210547 3.70347 22 520 1158 1130 1 0.694146 0.694146 305 
-3.02416 -46.4016 -11.0944 -0.0121143 -0.206911 -0.467077 3.89643 22 521 1580 1579 1 0.0892008 0.0892008 152 
-39.1657 25.0659 1.92505 -0.262725 0.163012 -0.400695 3.87281 22 522 1194 1165 1 0.157277 0.157277 213 
-40.9662 -22.0005 28.1201 -0.147259 -0.423851 -0.244509 3.66272 22 523 1003 1002 1 0.572299 0.572299 298 
-37.4586 27.5518 53.7464 -1.36247 0.959905 2.71116 3.55381 22 524 1198 1 1 1.32005 1.32005 312 
-28.8245 -36.4883 61.3842 -0.899391 -1.51989 1.34006 3.62128 22 525 1282 1081 1 0.229614 0.229614 143 
-37.5378 27.4438 3.62424 -1.15961 0.442999 1.98492 3.43118 22 526 1001 1 1 0 0 17 
46.1254 -5.89031 35.6775 0.299878 -0.180999 -0.0524946 3.63157 22 527 1159 1 1 0.659008 0.659008 91 
29.6304 35.837 59.5356 0.216841 0.415752 0.0110342 3.67554 22 528 1082 1 1 0.114612 0.114612 218 
12.9153 -44.6704 51.1201 0.0144807 -0.458271 -0.0427142 3.68881 22 529 1169 1168 1 0.321665 0.321665 198 
37.6923 -27.2312 38.7437 0.339307 -0.174913 0.262964 3.53844 22 530 1162 1111 1 0.538538 0.538538 290 
-14.1088 -44.3079 52.9056 -0.0738248 -0.476165 0.0192003 3.65759 22 531 1248 1232 1 0.493302 0.493302 243 
45.8538 7.72519 63.6775 1.84071 0.419942 3.91172 3.57393 22 532 1051 1 1 0.357021 0.357021 317 
-46.4997 0.166799 14.7834 -0.340018 0.119013 -0.0752657 3.75163 22 533 1145 1121 1 0.0698702 0.0698702 219 
-18.1676 -42.8041 -44.0192 -0.96001 -1.6881 -1.12067 3.49914 22 534 1039 1 1 0.210517 0.210517 116 
37.7732 27.1189 48.5609 0.278923 0.0198915 -0.0657377 3.68409 22 535 1185 1184 1 0.247095 0.247095 195 
-28.1055 -37.045 54.0678 -0.272524 -0.423007 -0.0889696 3.65319 22 536 1987 1957 1 0.456619 0.456619 198 
-32.8508 -32.9101 75.26 -0.507758 -0.527957 0.266776 3.68432 22 537 1050 1 1 0.154653 0.154653 122 
-45.247 -10.7218 2.12198 -0.437642 -0.260945 -0.038685 3.5635 22 538 1021 1002 1 0.283622 0.283622 292 
-35.4422 30.1015 72.0116 -0.366807 0.317244 0.0847425 3.68384 22 539 1185 1106 1 0.729839 0.729839 248 
-18.6227 -42.608 77.0116 -0.303728 -0.621565 -0.018022 3.75759 22 540 1088 1032 1 0.0128678 0.0128678 248 
-7.00207 45.9698 -23.4288 -0.168367 0.120905 0.105999 3.77628 22 541 1149 1148 1 0.543652 0.543652 307 
-37.3438 27.7072 73.0752 -0.246907 0.265463 -0.0446265 3.83067 22 542 1708 1707 1 0.106304 0.106304 166 
40.7741 22.3545 75.0792 2.60191 2.38318 2.23399 3.68133 22 543 1099 1 1 0.359956 0.359956 148 
43.7038 -15.8817 -27.436 0.817008 -0.255598 -0.416719 3.50321 22 544 1029 1 1 0.0783637 0.0783637 94 
15.4835 -43.8464 16.9152 0.409824 -0.655221 -0.702299 3.75385 22 545 1018 1 1 0.395348 0.395348 241 
-44.2342 14.3384 60.4068 -1.52836 0.792345 -0.854706 3.73137 22 546 1088 1087 1 1.18476 1.18476 247 
41.0801 21.787 55.5991 0.331427 0.271839 0.0756266 3.78146 22 547 1171 1170 1 0.0492795 0.0492795 180 
40.8571 -22.2024 52.179 0.890777 -0.377296 -0.10733 3.59842 22 548 1083 1 1 0.1363 0.1363 193 
44.4991 13.4938 -0.757593 0.158291 0.196751 -0.0141687 3.46986 22 549 1001 1 1 0 0 87 
-14.6397 44.1353 49.7443 -0.1702 0.526506 -0.133849 3.7135 22 550 1266 1161 1 0.0675964 0.0675964 191 
44.7597 -12.6022 23.4705 0.37383 -0.170062 -0.304056 3.69227 22 551 1069 1068 1 0.540806 0.540806 176 
14.9218 44.0408 40.0198 0.123402 0.236563 0.369705 3.52066 22 552 1190 1 1 0.508368 0.508368 174 
-40.1847 23.3974 78.5031 -0.339415 0.195644 0.0978409 3.7214 22 553 1109 1045 1 0.0338653 0.0338653 116 
-42.033 19.8866 -4.31282 -1.92592 2.12663 -1.44779 3.46435 22 554 1024 1 1 0.184332 0.184332 156 
46.3358 -3.90383 -16.2592 0.745094 0.0201272 -0.0360803 3.46186 22 555 1039 1 1 0.435489 0.435489 182 
38.96 25.3844 57.025 0.251846 -0.0181935 0.000160458 3.69265 22 556 1122 1121 1 0.978681 0.978681 232 
-41.2997 21.3679 -6.17163 -5.41852 4.05704 -2.98652 3.53556 22 557 1521 1520 1 0.0994544 0.0994544 123 
-45.8592 7.69319 55.5531 -0.428934 -0.189021 -0.203486 3.73399 22 558 1167 1164 1 0.0294888 0.0294888 137 
42.8318 18.1022 57.566 0.242651 0.338887 0.215155 3.69319 22 559 1291 1270 1 0.261401 0.261401 237 
45.4823 9.67509 11.4516 0.321535 0.0163659 -0.523522 3.77397 22 560 1238 1222 1 1.30388 1.30388 265 
-30.9063 34.7426 48.814 -1.34741 1.39503 1.5959 3.59095 22 561 1079 1 1 0.31945 0.31945 264 
21.0987 -41.4379 22.6835 1.10085 -1.57967 -0.447472 3.57413 22 562 1113 1 1 0.29823 0.29823 213 
36.234 29.1436 30.2346 0.265806 0.176086 -0.36389 3.80442 22 563 1222 1221 1 0.505417 0.505417 337 
35.3904 -30.1624 46.1581 1.01942 -1.02977 -0.340808 3.76287 22 564 1296 1239 1 0.191949 0.191949 98 
34.3719 -31.3181 0.0570567 0.603622 -0.48494 -1.01586 3.85064 22 565 1557 1556 1 0.20212 0.20212 195 
-46.093 6.13873 50.3007 -0.282124 -0.00259611 -0.168383 3.6856 22 566 1318 1 1 0.120742 0.120742 195 
-39.7924 24.0586 66.8957 -0.457358 0.188644 0.127894 3.6699 22 567 1272 1249 1 0.0712959 0.0712959 110 
-17.5466 -43.0624 66.1417 -0.203505 -0.484457 -0.0570442 3.71209 22 568 1173 1130 1 0.608138 0.608138 156 
46.4659 -1.78134 51.6041 0.469581 0.0541595 -0.194115 3.73902 22 569 1137 1109 1 0.35007 0.35007 215 
35.1716 30.4172 -13.7723 0.105611 0.214974 -0.217016 3.64663 22 570 1030 1 1 0.450078 0.450078 129 
-9.81043 -45.4533 68.5305 -0.150596 -1.13988 0.575306 3.6584 22 571 1283 1106 1 0.0304802 0.0304802 109 
-37.5293 27.4555 48.1863 -0.338258 0.456414 -0.274015 3.68773 22 572 1162 1107 1 0.361117 0.361117 208 
0.483106 -46.4975 73.3194 0.0937118 -0.728314 1.53488 3.61193 22 573 1306 1 1 0.0382812 0.0382812 50 
22.3287 -40.7882 46.509 0.245992 -0.446556 -0.0345697 3.63382 22 574 1223 1222 1 0.0435639 0.0435639 131 
2.89659 46.4097 47.5009 0.146152 0.475694 -0.116081 3.7714 22 575 1024 1023 1 0.308433 0.308433 232 
43.6951 -15.9057 33.2873 0.58533 -0.155779 -0.40462 3.72051 22 576 1105 1104 1 0.349599 0.349599 241 
-43.7857 15.6545 10.2632 -0.912047 -0.291764 -1.53388 3.64234 22 577 1097 1046 1 0 0 167 
35.4713 -30.0673 -40.2297 1.16464 -1.01815 0.017212 3.36923 22 578 1064 1 1 0.338189 0.338189 314 
-43.2332 17.1214 44.7989 -0.438394 0.0616248 -0.255212 3.81551 22 579 1073 1071 1 0.735204 0.735204 205 
-6.24053 46.0793 36.6798 -0.113814 0.379517 -0.322697 3.78252 22 580 1260 1259 1 0.317396 0.317396 213 
22.8745 40.4846 17.0364 1.23139 2.64889 -0.414455 3.52532 22 581 1017 1 1 0.0391418 0.0391418 144 
-45.3662 10.2057 71.448 -0.0639566 0.141527 0.0674607 3.76735 22 582 1090 1065 1 0.246999 0.246999 189 
9.21978 45.5768 73.0922 -0.119103 0.588311 0.145609 3.78616 22 583 1001 1 1 0.351673 0.351673 222 
-33.8278 -31.905 29.7709 -0.683194 -0.555902 -0.447476 3.66823 22 584 1276 1275 1 0.748544 0.748544 303 
-36.5133 28.7928 25.2421 -2.52827 0.906835 -3.17068 3.69461 22 585 1001 1 1 0.107128 0.107128 267 
39.8417 23.9768 15.3694 0.591144 0.339896 0.106458 3.50683 22 586 1002 1 1 0.520885 0.520885 267 
32.1315 33.6127 34.0257 1.43209 0.728094 -0.182808 3.62035 22 587 1001 1 1 0.364522 0.364522 230 
37.6183 -27.3334 8.50299 3.24539 -2.32786 -1.97711 3.6489 22 588 1052 1 1 0.199883 0.199883 176 
-3.30728 46.3822 45.3692 0.0856467 0.335559 -0.0457243 3.83522 22 589 1042 1041 1 0.105745 0.105745 194 
-17.3404 43.1458 41.2799 -0.110479 0.464996 -0.00952815 3.63532 22 590 1474 1473 1 0.0295211 0.0295211 231 
43.0718 -17.5235 71.1105 1.20023 -0.487291 0.59621 3.67041 22 591 1100 1 1 0.033264 0.033264 160 
45.1109 -11.2809 69.9973 2.53412 -0.00311476 1.75137 3.6368 22 592 1036 1 1 0.397801 0.397801 194 
5.06598 -46.2232 27.6012 0.365213 -0.719043 0.375604 3.5029 22 593 1066 1 1 0.345673 0.345673 239 
-34.4084 31.278 3.23404 0.0448731 0.205081 -0.320691 3.68166 22 594 1022 1 1 0.420486 0.420486 361 
44.2149 -14.3976 36.583 0.347841 -0.0614172 -0.215585 3.79409 22 595 1522 1509 1 0.742317 0.742317 164 
18.103 42.8314 63.5344 0.0625501 0.94185 0.315329 3.63496 22 596 1124 1 1 0.997251 0.997251 161 
12.0352 44.9155 38.5932 0.171882 0.180295 -0.0166621 3.61272 22 597 1022 1 1 0.548129 0.548129 285 
5.74193 -46.1441 61.226 0.128627 -0.492682 0.0428854 3.64068 22 598 1073 1061 1 0.77686 0.77686 313 
46.3912 -3.17863 23.1572 0.574779 -0.278088 -0.346162 3.85267 22 599 1053 1 1 0.350892 0.350892 152 
-23.446 -40.1564 39.3374 -0.327547 -0.381537 -0.0908977 3.63539 22 600 1186 1164 1 0.170217 0.170217 228 
-44.9556 -11.8845 39.2394 -1.07113 -0.452839 0.889506 3.54097 22 601 1016 1 1 0.504464 0.504464 235 
-44.6666 -12.9283 -48.8109 -0.974802 -0.475192 -0.682432 3.36312 22 602 1001 1 1 0 0 47 
-5.57059 46.1651 20.3631 -0.221935 0.272534 -0.370931 3.77977 22 603 1194 1193 1 0.25687 0.25687 282 
46.2866 4.44982 68.6786 0.861163 0.0656707 0.501083 3.65511 22 604 1474 1386 1 0 0 226 
7.66184 45.8644 61.2458 0.0677917 0.397883 -0.112873 3.74455 22 605 1500 1455 1 0.107919 0.107919 179 
-32.5906 -33.1678 57.9 -0.120722 -0.464854 -0.17452 3.79999 22 606 1082 1081 1 0.137513 0.137513 114 
31.2391 -34.4437 76.3269 0.419907 -0.890355 -0.0652855 3.72052 22 607 1016 1 1 0.937343 0.937343 313 
-37.5541 27.4216 74.1372 -5.0463 3.80092 4.5875 3.66772 22 608 1179 1 1 1.03573 1.03573 330 
43.9178 -15.28 26.7478 0.163612 -0.175725 -0.214401 3.77427 22 609 1030 1 1 0.350819 0.350819 187 
-6.47434 46.0471 50.7491 -0.15567 0.358404 -0.00267689 3.64005 22 610 1219 1190 1 0.320117 0.320117 262 
13.6315 44.4571 -55.9827 0.0623764 0.399374 0.111099 3.39801 22 611 1022 1 1 0.855672 0.855672 258 
-5.61741 46.1594 69.7704 -0.000894036 0.271934 -0.0221815 3.77156 22 612 1061 1 1 0 0 159 
-14.4277 44.2051 35.0521 -0.122607 0.127465 -0.00359511 3.60769 22 613 1127 1 1 0.0606752 0.0606752 307 
9.14438 45.592 44.1672 0.862467 2.69098 2.40872 3.54556 22 614 1109 1 1 0.0221127 0.0221127 90 
42.481 18.9106 -18.9623 0.184271 0.13337 -0.374897 4.03215 22 615 1130 1105 1 0.27916 0.27916 146 
42.255 -19.4103 17.2641 0.374444 0.0622875 -0.342099 3.78328 22 616 1210 1209 1 0.396667 0.396667 231 
33.6165 32.1276 -18.8462 1.06042 1.13478 -2.1071 3.74334 22 617 1213 1212 1 0.950657 0.950657 215 
-16.0157 -43.6549 49.4997 -0.340833 -0.501518 -0.0154307 3.65215 22 618 1668 1639 1 1.26765 1.26765 176 
22.2532 -40.8295 38.4438 1.99616 -3.62764 -3.24142 3.8363 22 619 1001 1 1 0.186465 0.186465 234 
9.0946 -45.602 63.2241 0.140803 -0.691482 0.418718 3.61497 22 620 1032 1 1 0 0 128 
-36.2868 -29.0778 63.2465 -0.105667 -0.159906 -0.0170649 3.77287 22 621 1203 1 1 0.137151 0.137151 369 
39.5972 24.3785 65.8466 0.414007 0.279803 0.0359286 3.70041 22 622 1023 1022 1 0.0925141 0.0925141 164 
-19.4959 42.2157 45.6653 -1.60247 2.53057 3.36594 3.54078 22 623 1234 1 1 0.131691 0.131691 228 
-10.0619 45.3983 41.3151 -0.197635 6.62561 10.3527 3.51203 22 624 1137 1 1 0.164366 0.164366 189 
45.6323 -8.94126 13.9987 1.76738 -0.273641 2.20882 3.42981 22 625 1001 1 1 0.0382749 0.0382749 147 
31.9938 -33.7439 44.9858 1.16457 -1.54024 -0.489009 3.70458 22 626 1528 1527 1 0.0640876 0.0640876 131 
-40.327 -23.1513 -15.7433 -0.357279 -0.210093 -0.298886 3.64847 22 627 1304 1303 1 0.502081 0.502081 250 
-12.7775 44.71 38.679 -0.0535814 0.605834 0.251897 3.53821 22 628 1079 1 1 0.117215 0.117215 144 
6.64073 46.0234 -18.6223 0.684427 4.11659 -0.80789 3.39303 22 629 1001 1 1 0.22032 0.22032 256 
28.3335 36.8709 78.2962 0.580281 0.825279 0.746895 3.66455 22 630 1244 1242 1 1.38528 1.38528 281 
-22.118 40.9029 -13.7536 -2.38058 3.25248 3.63411 3.37534 22 631 1001 1 1 0.116104 0.116104 270 
4.92291 46.2387 16.9703 0.365562 2.72523 1.00291 3.51806 22 632 1105 1 1 0.70447 0.70447 236 
46.0447 6.4911 22.9408 0.816276 0.9359 0.10398 3.48944 22 633 1028 1 1 0.281901 0.281901 317 
40.369 23.078 74.9579 0.620368 0.421756 0.584796 3.64652 22 634 1644 1544 1 0.049905 0.049905 149 
39.4937 24.5459 25.8516 1.00635 0.904667 -0.419196 3.58275 22 635 1052 1 1 0.0925895 0.0925895 289 
7.24916 45.9315 73.1714 0.0477336 0.469568 0.10589 3.7057 22 636 1119 1 1 0.0281042 0.0281042 118 
-46.0069 -6.75416 57.824 -0.615789 -0.0310172 -0.141003 3.72824 22 637 1034 1033 1 0 0 89 
4.47271 46.2844 -5.87771 -0.08631 0.875607 -0.262319 3.58372 22 638 1001 1 1 0 0 77 
-17.4342 -43.108 67.743 -0.0476325 -0.499246 -0.0980027 3.77691 22 639 1245 1221 1 0.334272 0.334272 221 
41.2497 21.4643 4.82106 0.258593 0.196492 -0.064268 3.48911 22 640 1075 1 1 0.397872 0.397872 87 
10.9376 45.1953 39.0118 0.0824021 0.300236 -0.0217833 3.66588 22 641 1241 1240 1 0.382739 0.382739 250 
35.4248 -30.122 76.5678 3.33717 -3.82331 1.59806 3.70946 22 642 1170 1169 1 0.267363 0.267363 306 
-10.7175 -45.2481 16.4383 -1.22534 -4.33184 3.94855 3.47333 22 643 1177 1 1 0.236713 0.236713 77 
19.137 42.3796 59.9886 2.03594 2.99708 1.99244 3.60575 22 644 1092 1091 1 0.444421 0.444421 208 
44.5498 -13.3253 68.7176 0.992166 -0.43345 0.676125 3.64791 22 645 1180 1179 1 1.00715 1.00715 440 
17.3612 43.1374 44.9572 0.297022 1.10078 0.0259412 3.63908 22 646 1042 1 1 0.0316363 0.0316363 210 
17.4634 -43.0962 38.1866 6.38075 -12.3937 -5.74115 3.53112 11 647 1 0 1 0.448183 0.448183 277 
-14.1055 44.309 37.5035 -0.0936759 0.684141 0.126835 3.58754 22 648 1085 1084 1 0.260137 0.260137 274 
-2.77867 46.4169 44.8854 1.07563 23.2583 -8.22134 3.69686 22 649 1325 1279 1 0.547382 0.547382 304 
46.4985 -0.376431 50.9631 0.493741 0.0205935 0.130058 3.65625 22 650 1159 1144 1 0.0602483 0.0602483 76 
-34.6116 31.0529 68.0213 -0.263367 0.227108 -0.00545721 3.70433 22 651 1035 1 1 0.666058 0.666058 287 
26.6182 -38.1277 -19.0568 0.134739 -0.103823 -0.277027 3.96563 22 652 1267 1217 1 0.553176 0.553176 159 
28.6233 36.6463 -33.6958 0.413909 0.273397 -0.169591 3.49974 22 653 1025 1 1 0.833493 0.833493 279 
40.3957 23.0312 57.2579 1.9054 1.24491 0.285606 3.70265 22 654 1115 1085 1 0.375704 0.375704 167 
33.839 31.8932 37.1615 0.972514 0.813932 1.39214 3.51621 22 655 1043 1 1 0.572953 0.572953 168 
-28.3313 36.8726 15.4533 -0.316186 0.374728 -0.143963 3.57474 22 656 1033 1032 1 0.752292 0.752292 224 
-6.32628 -46.0676 68.9879 -0.142996 -0.34982 0.141742 3.66018 22 657 1034 1 1 0.369845 0.369845 168 
44.3074 14.1104 75.3118 1.43386 0.202655 1.97102 3.66676 22 658 1032 1 1 0 0 181 
-25.4082 38.9445 61.9849 -0.974825 0.750906 1.15321 3.60299 22 659 1072 1 1 0.96205 0.96205 293 
-29.5323 -35.9178 19.7219 -1.96632 -1.30006 1.0692 3.47251 22 660 1065 1 1 0.0659011 0.0659011 175 
18.6621 42.5908 66.493 0.0842965 0.503389 0.266935 3.68081 22 661 1330 1 1 0.243796 0.243796 284 
-11.3562 45.092 77.591 -0.0293967 0.244578 0.175954 3.66981 22 662 1034 1 1 0.275346 0.275346 241 
42.3743 -19.1485 66.5513 0.341564 -0.15836 0.128755 3.71086 22 663 1144 1124 1 0.269557 0.269557 138 
9.96171 -45.4204 42.1477 0.363266 -1.3184 0.351755 3.51653 22 664 1162 1 1 0.0977143 0.0977143 224 
-10.0027 -45.4114 50.4771 -1.98498 -4.13517 -1.44913 3.70061 22 665 1497 1471 1 0 0 118 
-38.4678 26.1243 76.7748 -0.296989 0.239317 -0.00875821 3.7187 22 666 1123 1091 1 0.767752 0.767752 332 
25.2612 39.04 70.7225 0.316128 0.395717 -0.236977 3.68643 22 667 1213 1 1 0.709627 0.709627 232 
25.7749 -38.7028 13.0706 0.0145721 -0.237685 -0.0918936 3.73408 22 668 1144 1143 1 0.245669 0.245669 171 
25.6101 38.812 55.7601 0.181359 0.314211 0.113946 3.7551 22 669 1222 1221 1 0.465124 0.465124 196 
-44.3734 -13.9015 -19.3587 -0.971523 -0.580423 0.367676 3.34563 22 670 1063 1 1 0.335379 0.335379 120 
-46.1959 5.30894 24.9688 -0.520736 -0.141816 0.0876011 3.51773 22 671 1042 1 1 0.368732 0.368732 219 
24.0041 -39.8253 34.017 0.227911 -0.444182 0.108989 3.59092 22 672 1403 1374 1 0.119677 0.119677 248 
29.6279 35.839 -50.0458 0.585761 0.468732 -0.590108 3.54483 22 673 1020 1 1 0.558708 0.558708 288 
40.9799 21.9749 75.1416 2.98231 2.59582 3.86231 3.63499 22 674 1029 1 1 0.469811 0.469811 212 
6.13675 46.0933 15.464 0.0321638 0.433547 0.125562 3.53712 22 675 1240 1 1 0.00704898 0.00704898 78 
-30.0796 35.4608 52.3099 -0.46922 0.348377 0.595889 3.56669 22 676 1166 1 1 0.536034 0.536034 298 
-46.1001 6.08535 24.5039 -0.498765 0.0796572 -0.077513 3.63103 22 677 1003 1002 1 0.160493 0.160493 267 
39.6721 -24.2565 -29.0495 3.51011 -1.96917 0.762801 3.40064 22 678 1001 1 1 0.461668 0.461668 181 
-27.6799 37.3641 41.7969 -1.06638 3.42866 -2.60801 3.82656 22 679 1085 1084 1 0.359276 0.359276 281 
37.0142 28.146 9.8295 0.299301 -0.0159265 -0.121159 3.79977 22 680 1294 1292 1 0.375307 0.375307 269 
-23.4171 40.1732 64.7456 -0.0936079 0.463834 -0.0315745 3.6797 22 681 1232 1212 1 0.252777 0.252777 269 
46.1907 -5.35431 -17.2776 0.358268 -0.109074 0.375997 3.38307 22 682 1002 1 1 0.399593 0.399593 229 
30.3093 35.2646 -12.9497 0.18361 0.344678 -0.329552 3.65866 22 683 1455 1454 1 0 0 108 
-35.3484 -30.2116 72.7398 -3.27731 -4.0617 5.2042 3.69627 22 684 1001 1 1 0.0781611 0.0781611 150 
32.8527 32.9082 35.6033 0.155122 0.188423 -0.206001 3.69744 22 685 1105 1 1 0.235948 0.235948 217 
46.4992 0.269327 42.6699 0.186996 0.124954 0.00661174 3.85965 22 686 1049 1030 1 0.680791 0.680791 195 
-16.7722 -43.3698 70.7168 0.220055 -0.424322 0.180684 3.69489 22 687 1087 1086 1 0.203291 0.203291 157 
3.92431 46.3341 66.0397 0.230252 5.60648 2.11136 3.64544 22 688 1391 1367 1 0.776985 0.776985 131 
-45.6599 -8.79894 70.8318 -0.357656 -0.128288 0.0668716 3.70711 22 689 1230 1229 1 0.501999 0.501999 182 
-11.4781 -45.0611 11.5837 -0.104984 -0.265819 -0.0992164 3.66435 22 690 1088 1087 1 0.636284 0.636284 303 
38.7947 25.6363 22.7031 3.60706 -0.253536 0.839841 3.47829 -11 691 1002 1001 1 0.387987 0.387987 176 
-46.121 -5.92512 59.5573 -0.0734171 -0.206953 0.331134 3.65376 22 692 1055 1026 1 0.305718 0.305718 155 
-5.74009 46.1444 -50.3439 0.0474376 0.160745 0.0361051 3.33135 22 693 1035 1 1 0.488311 0.488311 367 
43.4749 -16.4981 56.3502 0.375799 -0.257226 -0.231797 3.72899 22 694 1281 1280 1 0.178524 0.178524 162 
-22.8205 40.5151 28.0506 -5.63811 8.00638 1.46666 3.57049 22 695 1019 1 1 0.353892 0.353892 196 
-28.3766 36.8377 -11.9764 -2.44892 2.70067 -2.13769 3.55859 22 696 1001 1 1 0.354934 0.354934 219 
-24.9795 -39.2208 -4.60921 -6.05227 -10.4355 7.07034 3.37306 22 697 1047 1 1 0.237959 0.237959 257 
34.4937 -31.1839 68.0984 0.188654 -0.474828 0.00822445 3.71081 22 698 1463 1434 1 0.291919 0.291919 186 
45.5418 9.3914 47.7018 0.328518 0.0825292 0.278688 3.61113 22 699 1100 1099 1 0.293452 0.293452 52 
14.1007 44.3105 21.9792 0.370332 1.94055 2.25773 3.45884 22 700 1028 1 1 0.210064 0.210064 93 
24.0191 -39.8163 76.5839 0.921148 -2.63466 4.39869 3.63901 22 701 1069 1 1 0.187037 0.187037 298 
17.0611 43.257 36.0661 0.419141 0.845589 0.365357 3.54449 22 702 1001 1 1 1.00697 1.00697 253 
32.18 33.5663 54.5752 5.20258 5.37138 2.91089 3.5983 22 703 1030 1 1 0.733714 0.733714 351 
41.9682 -20.0231 14.1885 0.415718 -0.174533 -0.126218 3.58827 22 704 1001 1 1 0.276575 0.276575 272 
8.6941 45.68 13.4403 0.200139 0.335087 -0.00833347 3.67862 22 705 1759 1758 1 0 0 95 
-18.0629 -42.8484 37.6202 -0.20452 -0.567086 0.0417743 3.60501 22 706 1424 1 1 0.180887 0.180887 210 
-44.4035 13.8051 22.9925 -0.234078 0.135773 -0.0878385 3.61673 22 707 1053 1 1 1.16437 1.16437 253 
34.8604 -30.7734 32.1452 0.114298 -0.245017 0.117949 3.75649 22 708 1354 1305 1 0.698673 0.698673 237 
-16.762 -43.3738 71.0643 -0.174787 -0.393065 -0.0116315 3.70752 22 709 1272 1165 1 0.366272 0.366272 219 
32.5049 -33.2518 76.7679 5.05923 -4.14651 2.99175 3.69478 22 710 1080 1 1 0.747145 0.747145 117 
45.8128 7.96476 68.2105 1.4556 0.34261 -0.161442 3.76129 22 711 1123 1007 1 0 0 141 
25.985 -38.562 52.4535 0.219405 -0.363942 -0.0895583 3.70276 22 712 1069 1 1 0.586554 0.586554 300 
31.8179 33.9097 27.9233 0.417324 0.29489 0.000811689 3.62213 22 713 1660 1637 1 0.334484 0.334484 327 
-42.3078 -19.2952 15.2286 -0.952071 -0.10619 0.365786 3.494 22 714 1001 1 1 0.578196 0.578196 230 
-36.7812 -28.4498 -40.042 -0.379799 -0.529186 -0.129803 3.37234 22 715 1066 1 1 0.0522648 0.0522648 57 
-25.0869 39.1522 3.84728 -0.15779 0.302897 -0.3801 3.84648 22 716 1371 1370 1 0.520671 0.520671 108 
-41.2098 21.5407 72.6352 -8.14751 0.93461 2.34688 3.74106 22 717 1025 1 1 0.465585 0.465585 183 
43.7463 15.7644 76.759 0.475774 0.186408 -0.0032932 3.76657 22 718 1197 1196 1 0.0237124 0.0237124 195 
32.5333 33.224 59.9578 0.265813 0.399584 -0.228979 3.72674 22 719 1173 1 1 0.25036 0.25036 229 
-46.4298 2.5536 12.3483 -0.335828 0.119916 -0.366005 3.72236 22 720 1226 1201 1 0.287523 0.287523 249 
-43.797 15.6228 1.03466 -0.412387 0.0939194 -0.286768 3.67293 22 721 1035 1005 1 0.360906 0.360906 132 
24.36 39.6086 33.5446 0.660808 0.367913 1.20358 3.50148 22 722 1256 1 1 0.102689 0.102689 280 
-43.2746 -17.0166 34.3986 -0.0986961 -0.339096 -0.267066 3.7327 22 723 1003 1002 1 0.263305 0.263305 211 
39.1465 -25.0958 31.9576 0.177292 -0.162256 -0.108414 3.62128 22 724 1704 1 1 0.361443 0.361443 190 
46.1333 -5.82837 32.1226 0.49477 -0.0778147 -0.101328 3.62401 22 725 1503 1502 1 0.692962 0.692962 143 
-21.3925 41.2869 23.2261 -0.222669 0.434743 0.150123 3.57299 22 726 1160 1159 1 0.0251728 0.0251728 24 
10.7712 -45.2353 -36.081 0.177362 -0.81354 -0.460268 3.65031 22 727 1060 1 1 0.237954 0.237954 225 
-13.5634 -44.4779 73.9275 0.039118 -0.616486 0.106114 3.71895 22 728 1173 1 1 0.335489 0.335489 155 
-26.4325 -38.2567 68.671 -0.156265 -0.474206 0.104615 3.70854 22 729 1376 1375 1 0.585277 0.585277 237 
-43.3771 -16.7535 25.3527 -0.401485 -0.175625 -0.262841 3.68018 22 730 1417 1414 1 0.387653 0.387653 184 
45.3751 10.1661 66.7916 0.495546 0.0363595 -0.119299 3.78083 22 731 1091 1089 1 0.649457 0.649457 268 
39.2486 -24.9359 3.11597 0.278869 -0.0634013 -0.423476 3.84521 22 732 1211 1210 1 0.657057 0.657057 335 
-12.2459 -44.8585 49.6037 -0.16941 -0.436768 0.182218 3.63864 22 733 1540 1539 1 0.0539541 0.0539541 103 
6.29835 -46.0715 55.2419 0.200019 -0.371805 -0.219794 3.73241 22 734 1154 1152 1 0.413951 0.413951 125 
-46.0789 -6.24395 67.1816 -1.19755 -0.270359 -0.181776 3.74539 22 735 1040 1017 1 0.0617015 0.0617015 249 
-21.8506 -41.0463 -14.8583 -0.156388 -0.218997 -0.408274 3.91584 22 736 1091 1090 1 0.430023 0.430023 132 
8.03399 45.8007 24.8753 0.841536 5.85593 -2.90715 3.64702 22 737 1320 1319 1 0.139923 0.139923 138 
-12.7776 44.71 72.6656 -0.328593 0.746623 0.796807 3.63921 22 738 1178 1 1 0.0710788 0.0710788 154 
30.9164 34.7336 48.3554 -0.0152485 0.43318 0.270633 3.6462 22 739 1435 1434 1 0.982992 0.982992 191 
45.9322 -7.24434 46.01 0.499272 0.0386169 -0.101766 3.69142 22 740 1076 1060 1 1.50145 1.50145 199 
41.9269 -20.1093 32.2467 0.266598 -0.110039 -0.102822 3.65789 22 741 1157 1 1 0.857443 0.857443 237 
42.161 19.6138 22.1335 0.0913357 0.000130296 -0.24352 3.76005 22 742 1028 1 1 0.230849 0.230849 109 
-46.4662 1.77164 68.4999 -0.48244 -0.0514716 -0.0447227 3.78949 22 743 1017 1002 1 0.346598 0.346598 234 
11.9189 44.9465 56.5649 0.135002 0.490853 0.546925 3.58368 22 744 1217 1 1 0 0 199 
28.4057 -36.8153 0.0484783 0.148137 -0.230583 -0.431285 3.78486 22 745 1169 1142 1 0.558885 0.558885 189 
25.7371 -38.7279 48.0678 0.275517 -0.276549 -0.0712236 3.63785 22 746 1046 1 1 0.205242 0.205242 196 
45.2677 10.6342 64.9531 0.454676 0.071404 0.36094 3.67959 22 747 1151 1150 1 0.118045 0.118045 134 
26.9845 -37.8694 41.5608 0.103787 -0.295318 0.0619616 3.63548 22 748 1595 1323 1 0.614768 0.614768 215 
-3.79741 46.3447 50.0567 -0.149571 0.414229 -0.12972 3.73393 22 749 1091 1090 1 0.301193 0.301193 159 
-36.7474 -28.4935 19.3242 -5.30533 -3.27441 4.2391 3.46558 22 750 1001 1 1 0.437601 0.437601 308 
24.7808 39.3467 77.4969 0.426208 1.12056 2.96332 3.62175 22 751 1030 1 1 0.677951 0.677951 378 
-40.8611 -22.195 4.86635 -0.579804 -0.536208 -0.426461 3.77679 22 752 1001 1 1 0.995111 0.995111 299 
34.1685 -31.5399 -19.0587 0.333024 -0.267319 -0.280634 3.58826 22 753 1049 1048 1 0.605923 0.605923 152 
37.2025 27.8966 36.4112 0.308042 0.227817 -0.242059 3.86069 22 754 1524 1523 1 0.534936 0.534936 140 
28.9946 36.3533 33.5804 0.35515 0.226097 -0.0609874 3.61077 22 755 1076 1 1 0.315008 0.315008 226 
-45.3657 -10.2079 14.9059 -0.746037 -0.228276 -0.161227 3.57458 22 756 1002 1 1 1.15498 1.15498 316 
42.0678 -19.8129 3.87225 2.18779 -0.64764 -0.60009 3.54819 22 757 1027 1 1 0.243514 0.243514 259 
33.101 32.6585 2.42313 0.395848 0.302547 0.248936 3.446 22 758 1001 1 1 0.385946 0.385946 192 
-34.0012 31.7202 43.9036 -0.121004 0.158424 -0.212162 3.8038 22 759 1410 1379 1 0.476931 0.476931 169 
-30.5083 35.0926 58.1914 -1.04419 1.59101 -0.475614 3.76512 22 760 1243 1241 1 0.124385 0.124385 247 
40.9978 -21.9416 8.91289 0.281593 -0.095553 -0.415566 3.86834 22 761 1163 1162 1 0.259259 0.259259 114 
44.7192 -12.7454 39.667 2.56983 -1.33861 0.642196 3.65824 22 762 1033 1 1 0.110088 0.110088 97 
-0.0339548 -46.5 8.26282 0.595931 -2.63337 2.13811 3.43903 22 763 1134 1 1 0.287343 0.287343 123 
-43.6684 -15.9788 -35.2024 -0.260419 -0.0715032 -0.122475 3.47546 22 764 1484 1453 1 0.324069 0.324069 135 
1.18036 46.485 20.7754 -0.00634027 1.91533 -1.26031 3.73003 22 765 1207 1205 1 0.104029 0.104029 105 
-46.4446 -2.26931 56.1874 -0.504652 -0.118402 0.286898 3.62946 22 766 1190 1 1 0.530375 0.530375 249 
46.4626 1.86339 21.021 1.79026 0.50867 -0.334325 3.59247 22 767 1362 1229 1 0.195503 0.195503 265 
16.4437 43.4955 70.7212 0.101655 0.189308 0.161985 3.65608 22 768 1262 1 1 0.233055 0.233055 150 
-40.9422 -22.045 48.6443 -0.437613 -0.200346 0.0554918 3.67666 22 769 1148 1147 1 0.249091 0.249091 334 
-1.38717 -46.4793 0.939889 6.19187 -11.8107 11.173 3.40061 11 770 1090 1054 1 0.153339 0.153339 227 
-17.2898 -43.1661 47.5348 -0.114257 -0.510066 -0.224332 3.73197 22 771 1007 1006 1 0 0 158 
-33.274 -32.4821 63.3219 -2.45046 -2.53037 1.144 3.63409 22 772 1159 1158 1 0.32335 0.32335 277 
42.5867 18.6714 76.5752 0.516402 0.0991503 0.568335 3.64636 22 773 1142 1 1 0.789354 0.789354 273 
39.6453 -24.3002 3.43934 2.01974 -1.78994 1.11221 3.42855 22 774 1094 1 1 0.280988 0.280988 153 
29.8112 35.6867 43.8348 0.206535 0.393909 -0.251592 3.78468 22 775 1005 1004 1 0.387187 0.387187 219 
-22.1731 40.873 36.7015 -0.184078 0.359035 -0.313575 3.76554 22 776 1109 1108 1 0.745754 0.745754 190 
-0.250247 -46.4993 35.279 -0.0151679 -0.303147 -0.31898 3.8022 22 777 1610 1595 1 0.32178 0.32178 165 
15.049 -43.9975 59.8656 0.0330961 -0.525496 0.211914 3.71208 22 778 1302 1247 1 0.304378 0.304378 120 
-10.4024 -45.3215 75.5472 1.96151 -3.76977 0.30867 3.77893 22 779 1331 1299 1 0.546985 0.546985 215 
45.7708 -8.20282 -50.0528 0.271313 -0.127969 -0.52828 3.97082 22 780 1001 1 1 0.32733 0.32733 263 
29.2819 36.1223 11.0742 0.499234 0.335208 -0.122881 3.55832 22 781 1049 1 1 0.320653 0.320653 330 
32.8952 -32.8658 50.0656 0.157794 -0.286432 -0.0562184 3.70498 22 782 1560 1272 1 0.425573 0.425573 232 
22.6147 -40.6303 51.1357 0.22855 -0.461276 0.0289098 3.6583 22 783 1098 1 1 0.114354 0.114354 265 
-46.1283 -5.86764 45.503 -0.499544 -0.0941684 0.0520362 3.62286 22 784 1348 1317 1 0.428205 0.428205 332 
31.4618 34.2404 70.4394 0.324886 0.28487 0.0662827 3.71448 22 785 1130 1057 1 0.878567 0.878567 236 
26.7215 -38.0554 14.8672 0.267773 -0.310968 -0.304494 3.78556 22 786 1189 1127 1 0.292593 0.292593 157 
-24.9989 39.2085 -6.92343 -0.167352 0.437967 -0.227712 3.50952 22 787 1001 1 1 0.0261615 0.0261615 205 
-38.222 -26.4827 46.1913 -0.429462 -0.17538 -0.214299 3.85733 22 788 1422 1420 1 0.48651 0.48651 264 
41.7248 -20.5254 70.9475 0.425129 -0.141925 0.318384 3.62937 22 789 1082 1 1 0.217794 0.217794 218 
-43.1747 17.2683 45.8012 -1.23621 0.291867 0.157123 3.6256 22 790 1106 1 1 0.480389 0.480389 307 
15.8213 -43.7257 43.7701 0.163931 -0.392891 0.154742 3.57987 22 791 1508 1 1 0.163192 0.163192 119 
44.5372 -13.3673 8.22428 4.54816 -1.35367 -0.88999 3.53122 22 792 1001 1 1 0.403546 0.403546 295 
38.9556 25.3912 10.4146 0.717467 0.417071 -0.487157 3.6602 22 793 1065 1042 1 0.0900894 0.0900894 161 
-18.0145 42.8687 66.6882 -0.0763672 0.35063 0.109432 3.65616 22 794 1175 1080 1 0.263385 0.263385 173 
-28.7025 -36.5844 23.8488 -0.456639 -0.254389 -0.328186 3.88438 22 795 1013 1012 1 0.294829 0.294829 233 
28.3071 -36.8912 49.6712 0.293272 -0.359182 0.162851 3.57572 22 796 1521 1520 1 0.490239 0.490239 236 
-29.8059 -35.6912 -0.000297325 -0.295864 -0.281457 0.179259 3.44213 22 797 1001 1 1 0.923428 0.923428 392 
-31.234 -34.4483 71.2085 -5.70342 -3.80879 0.606901 3.68505 22 798 1001 1 1 1.4805 1.4805 271 
0.316672 46.4989 25.1583 1.42439 6.71768 5.18754 3.51451 22 799 1063 1 1 0.733062 0.733062 179 
-1.04014 46.4884 28.8396 -0.0394048 0.462178 -0.0466394 3.88394 22 800 1349 1243 1 0.211528 0.211528 243 
22.4197 -40.7383 57.9488 0.686248 -1.15422 1.39277 3.58074 22 801 1107 1063 1 0.393482 0.393482 156 
26.0225 38.5368 51.7086 0.242687 0.449674 0.00403194 3.65534 22 802 1430 1429 1 0.805773 0.805773 289 
-23.8253 -39.9325 10.3133 0.497231 -1.52226 0.808021 3.4769 22 803 1050 1 1 0.657136 0.657136 322 
-9.68725 45.4797 77.3837 -0.463238 1.96543 0.461168 3.74062 22 804 1030 1029 1 0.456158 0.456158 186 
7.79012 45.8428 52.9758 0.455157 2.09017 0.574664 3.61267 22 805 1081 1 1 0.247163 0.247163 99 
40.4097 -23.0067 50.2529 0.569132 -0.27572 0.45418 3.60017 22 806 1001 1 1 0.316678 0.316678 280 
-23.6843 40.0163 47.8074 0.584855 1.68037 -0.621524 3.70951 22 807 1094 1093 1 0.173076 0.173076 247 
8.99978 -45.6208 61.8154 -0.0218863 -0.325457 0.0531346 3.66148 22 808 1168 1 1 0.333196 0.333196 150 
23.9271 -39.8716 56.5039 0.361862 -0.507894 0.498337 3.63125 22 809 1001 1 1 0.547117 0.547117 221 
-24.0198 -39.8158 69.4617 -0.174419 -0.470189 0.120961 3.71557 22 810 1380 1339 1 0.200886 0.200886 251 
18.2393 -42.7736 72.1273 0.126794 -0.19697 0.454143 3.62648 22 811 1003 1002 1 0.448215 0.448215 270 
33.9822 31.7405 6.3905 0.441945 0.68896 -0.314685 3.66304 22 812 1642 1582 1 0.0382142 0.0382142 291 
-38.359 26.2838 39.0651 -0.342663 0.153158 -0.00110434 3.61943 22 813 1034 1 1 0.226828 0.226828 140 
-5.95965 -46.1165 58.3713 0.945611 -5.53793 -3.50822 3.63497 11 814 1 0 1 0.167198 0.167198 89 
38.4443 -26.1588 40.9453 0.428127 -0.111983 -0.255513 3.80468 22 815 1279 1278 1 0.237091 0.237091 204 
-32.9374 -32.8235 36.2678 -2.60022 -3.34574 -2.40687 3.77266 22 816 1306 1199 1 0.300715 0.300715 221 
-22.017 -40.9573 -43.9655 -0.0608545 -0.223969 -0.155783 3.51581 22 817 1001 1 1 0.176408 0.176408 206 
15.5267 -43.8312 32.5126 -0.291237 -0.419819 -0.00730307 3.56272 22 818 1092 1028 1 0.596806 0.596806 160 
45.1002 11.3234 56.9913 0.509855 0.0310958 0.0141711 3.70318 22 819 1352 1332 1 0.567393 0.567393 217 
-40.9572 22.0172 19.4998 -0.37018 0.122355 -0.188486 3.8281 22 820 1325 1324 1 0.177933 0.177933 194 
44.7229 12.7323 67.8559 1.19428 0.337043 0.290142 3.70344 22 821 1670 1619 1 0.666547 0.666547 171 
-42.0249 19.9036 35.0298 -0.978716 -0.0894878 0.4468 3.60227 22 822 1305 1304 1 0.110403 0.110403 274 
-26.7377 38.044 47.605 -6.34532 15.162 8.45683 13.1701 2112 823 1088 1066 1 0.0587616 0.0587616 232 
-15.5415 43.8259 53.7385 -0.0509812 0.256813 0.317863 3.56486 22 824 1066 1 1 0.221508 0.221508 202 
-5.82616 46.1336 69.7185 0.676638 3.07165 3.32737 3.62876 22 825 1083 1 1 0.709004 0.709004 214 
44.4345 -13.705 1.84816 0.345815 0.176165 0.266103 3.54645 22 826 1054 1 1 0.043144 0.043144 87 
44.4919 13.5173 -45.6333 0.25263 0.0893919 -0.199509 3.52516 22 827 1001 1 1 0 0 183 
6.87502 45.989 67.3582 0.101615 0.490647 -0.100298 3.74596 22 828 1033 1031 1 0.805866 0.805866 284 
-17.4274 43.1107 3.91415 -0.249127 0.527371 0.0968014 3.4776 22 829 1020 1 1 0.15612 0.15612 210 
29.3388 36.0761 67.9056 0.387827 0.33073 -0.0364454 3.74194 22 830 1102 1101 1 0.430006 0.430006 242 
-24.4591 39.5475 49.9738 -0.492701 0.418338 -0.252579 3.70697 22 831 1030 1 1 0.0575539 0.0575539 216 
9.38381 45.5433 43.914 0.127292 0.431659 -0.242048 3.75245 22 832 1072 1071 1 0.588512 0.588512 230 
46.4999 -0.112965 34.3472 0.374218 0.0279238 -0.122344 3.56465 22 833 1061 1 1 0.322165 0.322165 187 
-45.6647 -8.77416 7.0234 -0.354747 0.0193659 -0.367287 3.70161 22 834 1301 1273 1 0.302752 0.302752 117 
20.0828 41.9396 14.1269 4.07826 7.15626 2.07935 3.48915 22 835 1038 1 1 3.21162 3.21162 228 
5.50781 46.1727 68.8438 0.0262243 0.33197 0.387593 3.6515 22 836 1022 1021 1 0.435621 0.435621 284 
-27.6146 37.4124 36.769 -0.231095 0.378158 -0.22901 3.7629 22 837 1707 1705 1 0.533824 0.533824 212 
35.0787 30.5243 52.327 1.926 1.2647 1.04688 3.63167 22 838 1001 1 1 0.223542 0.223542 239 
23.9022 -39.8865 68.352 1.51198 -2.13943 2.72103 3.64124 22 839 1024 1 1 0.58285 0.58285 233 
-0.276492 -46.4992 -32.7381 -0.0215352 -0.898086 -0.915149 3.79743 22 840 1038 1015 1 0.23519 0.23519 193 
31.1295 34.5428 -69.163 0.143039 0.250011 -0.422083 3.63556 22 841 1106 1081 1 0 0 108 
-10.7989 45.2287 70.8303 -0.0778831 1.18373 -0.090247 3.7349 22 842 1372 1370 1 0.272641 0.272641 150 
-29.189 36.1974 27.26 -0.133236 0.215204 0.0539411 3.56106 22 843 1001 1 1 0.227343 0.227343 238 
9.12432 -45.596 -8.21854 -0.117499 -0.658651 -0.293097 3.57325 22 844 1026 1 1 0.487349 0.487349 291 
21.3544 41.3067 71.4758 1.10095 2.23659 4.55879 3.59448 22 845 1271 1 1 0.319565 0.319565 219 
40.758 22.3839 0.298489 0.168635 0.267187 -0.401613 3.61062 22 846 1052 1050 1 0.648153 0.648153 263 
16.0454 43.644 47.9552 4.70845 5.2136 7.17869 3.58666 22 847 1001 1 1 0.278529 0.278529 230 
6.92881 45.9809 50.2321 0.387877 1.41078 0.398817 3.68677 22 848 1031 1 1 1.35507 1.35507 264 
1.04988 -46.4881 51.6437 0.164888 -0.416003 -0.246726 3.67403 22 849 1009 1008 1 0.715058 0.715058 281 
27.2122 -37.706 49.1018 0.325906 -0.557983 0.180317 3.59985 22 850 1432 1 1 0.898363 0.898363 241 
19.6339 42.1516 71.9032 0.396576 0.645399 0.495463 3.62704 22 851 1162 1161 1 0.649051 0.649051 180 
-41.3891 21.1941 47.642 -1.15059 0.913005 0.831323 3.63964 22 852 1001 1 1 0.0881986 0.0881986 145 
15.1035 -43.9788 29.2407 0.33554 -1.66717 -0.533599 3.6221 22 853 1001 1 1 0.617847 0.617847 294 
40.7397 -22.4171 78.0973 5.77461 -3.81477 7.96621 3.64665 11 854 1 0 1 0.651148 0.651148 272 
23.4683 -40.1433 70.3556 0.49546 -0.807688 0.131395 3.71243 22 855 1301 1281 1 0.206287 0.206287 192 
31.3695 -34.325 -12.8681 0.177372 -0.10833 -0.466823 3.90185 22 856 1361 1328 1 0 0 130 
-46.2566 4.7518 44.621 -2.54521 0.319514 -0.651881 3.67411 22 857 1192 1191 1 0 0 116 
-28.6651 36.6137 76.5703 -5.79892 6.86325 6.12385 3.65595 22 858 1052 1 1 0.116185 0.116185 165 
-33.8079 31.9261 52.4829 -0.177898 0.220145 -0.0874859 3.8225 22 859 1376 1359 1 0.246695 0.246695 144 
8.83428 45.6531 18.9282 0.0144591 0.414215 -0.265499 3.52947 22 860 1057 1 1 0.891168 0.891168 364 
-33.5934 32.1517 40.6374 -0.234799 0.354219 -0.260191 3.74435 22 861 1061 1060 1 0.495286 0.495286 277 
7.9754 -45.8109 -2.13008 0.146398 -0.190608 -0.292779 3.81301 22 862 1301 1299 1 0.36781 0.36781 260 
36.9178 28.2724 27.7033 0.30985 0.0646234 -0.0399459 3.57156 22 863 1001 1 1 0.297839 0.297839 144 
-27.3992 -37.5704 72.354 -3.31036 -0.613954 1.16587 3.62325 -11 864 1024 1023 1 0.659992 0.659992 177 
-45.8453 7.7754 63.3746 -0.674645 -0.151553 0.0526795 3.64329 22 865 1090 1 1 0.000170167 0.000170167 140 
-10.2328 45.3601 -9.88597 -0.352589 0.595236 0.0134498 3.43756 22 866 1001 1 1 0.19781 0.19781 134 
-13.9742 -44.3506 75.7772 0.221477 -5.92903 1.64989 3.65419 22 867 1152 1151 1 0.0589601 0.0589601 273 
-15.7977 -43.7342 37.5805 -1.34244 -1.2102 1.21835 3.55945 22 868 1088 1 1 0.0761369 0.0761369 127 
-20.8994 -41.5387 29.8525 -0.0777574 -0.44487 0.0143917 3.58284 22 869 1227 1226 1 0 0 155 
-40.5061 22.8364 34.6227 -0.142788 0.210057 0.054852 3.56791 22 870 1001 1 1 0.238411 0.238411 207 
41.9725 -20.014 5.22585 0.297741 -0.107924 0.0455259 3.48866 22 871 1224 1187 1 0.0576359 0.0576359 166 
-26.2939 -38.3521 39.9011 -0.0186044 -0.32318 0.0298847 3.56622 22 872 1001 1 1 0.716158 0.716158 293 
14.9849 -44.0193 69.2676 0.222601 -1.34608 0.464991 3.67485 22 873 1202 1157 1 0.469371 0.469371 131 
-40.7783 -22.3468 -20.7504 -1.86294 -1.25885 -2.19319 3.58657 22 874 1002 1 1 0 0 116 
-13.3402 -44.5454 66.1473 -0.375025 -4.16623 1.93448 3.63745 22 875 1264 1 1 0.568946 0.568946 184 
46.0995 6.09009 44.7571 1.72621 0.00756168 1.96854 3.54076 22 876 1057 1 1 0.457754 0.457754 279 
12.8008 -44.7033 60.1376 0.139334 -0.514885 0.0206607 3.69114 22 877 1468 1398 1 0.542585 0.542585 268 
38.4378 26.1683 34.0755 0.451631 0.0174803 -0.23842 3.61066 22 878 1529 1495 1 0.476365 0.476365 325 
46.298 4.32922 29.7442 0.248987 0.121288 -0.230503 3.68173 22 879 1597 1573 1 0.502839 0.502839 281 
7.88417 -45.8267 -0.377037 0.0474435 -1.05217 -0.276173 3.67469 22 880 1027 1026 1 0.563951 0.563951 254 
-23.8108 39.9411 0.0235883 -1.00229 1.61444 1.79397 3.40163 22 881 1100 1 1 0.118858 0.118858 114 
-7.20268 -45.9388 47.7804 0.126369 -0.29037 0.151504 3.6339 22 882 1003 1002 1 0.29679 0.29679 170 
38.9174 -25.4496 48.0401 0.516571 -0.321059 0.114347 3.60214 22 883 1039 1 1 0.417522 0.417522 248 
40.1543 23.4496 46.2764 4.08832 1.9856 -0.943133 3.65689 22 884 1269 1230 1 0.336792 0.336792 220 
-37.695 -27.2275 28.3284 -0.38458 -0.250217 0.0716926 3.56035 22 885 1026 1 1 0.180367 0.180367 74 
-16.7134 -43.3925 60.0509 -5.48916 -5.64327 1.42425 3.66846 22 886 1134 1 1 0.192333 0.192333 309 
46.1461 5.72612 71.1381 0.299013 -0.107 0.00812397 3.74967 22 887 1030 1 1 0.781907 0.781907 328 
37.3823 27.6553 43.5318 1.97102 0.471609 0.739912 3.62587 22 888 1001 1 1 0.367594 0.367594 151 
-29.7536 -35.7348 67.5946 -2.57432 -2.59675 0.723631 3.69139 22 889 1035 1 1 0 0 78 
-35.8013 -29.6735 55.2428 -0.91902 -0.648059 0.510591 3.61481 22 890 1039 1 1 0.478889 0.478889 285 
44.1033 -14.7361 -37.5379 0.675765 -0.0391733 -0.425313 3.45031 22 891 1031 1 1 0.222367 0.222367 212 
-26.2597 38.3755 32.8645 -0.322339 0.396441 -0.00722783 3.61333 22 892 1065 1064 1 0.696561 0.696561 278 
-30.3424 35.2362 9.07788 -6.70629 8.76172 -1.91464 3.57096 22 893 1002 1 1 0.0258892 0.0258892 201 
-13.9465 -44.3593 8.07002 0.216492 -0.625651 0.402951 3.44304 22 894 1100 1 1 0.1298 0.1298 270 
-46.4857 -1.15157 62.9131 -1.23216 -0.0117248 1.30293 3.6097 22 895 1568 1 1 0.73149 0.73149 264 
3.58909 46.3613 42.6759 0.154281 0.225517 -0.16328 3.68371 22 896 1469 1435 1 0.0295489 0.0295489 193 
46.4997 0.15255 42.6055 0.219513 0.033763 -0.238128 3.79437 22 897 1405 1 1 0.150123 0.150123 193 
44.1052 14.7303 -61.4415 0.211217 0.0988898 -0.447418 4.09374 22 898 1039 1038 1 0.164547 0.164547 295 
-46.4843 1.20853 30.3253 -0.492606 -0.310797 -0.00779079 3.66482 22 899 1614 1613 1 0.812015 0.812015 389 
-8.54313 -45.7085 28.6709 -0.484389 -1.18913 -1.16778 3.73797 22 900 1389 1388 1 0.0337333 0.0337333 132 
45.8873 -7.52379 33.8143 0.380724 0.267799 0.393224 3.5061 22 901 1030 1 1 0.923836 0.923836 444 
13.1405 44.6047 54.0253 0.220104 0.892306 -0.0369234 3.63021 22 902 1373 1267 1 0.549893 0.549893 310 
-2.79641 -46.4158 38.2533 -0.249369 -4.66436 1.99182 3.54164 22 903 1049 1 1 0.176407 0.176407 197 
-2.33494 -46.4413 3.47091 0.057045 -0.289096 -0.195014 3.60172 22 904 1028 1 1 0.456024 0.456024 276 
25.3115 -39.0074 53.7367 8.07997 -9.76654 2.07012 3.60937 22 905 1049 1 1 0.490512 0.490512 185 
44.6213 13.0838 55.4096 8.31672 1.66835 7.7389 3.57216 11 906 1 0 1 0.385037 0.385037 303 
-36.3116 29.0469 54.4892 -3.41902 7.46994 7.06629 3.5849 22 907 1046 1 1 0 0 109 
-45.7911 -8.08839 60.2951 -0.2001 -0.284533 -0.199252 3.73599 22 908 1172 1171 1 0.322214 0.322214 248 
-27.4596 37.5262 -36.5662 -1.86572 -0.0677799 -2.57855 3.53424 22 909 1021 1 1 0.0691893 0.0691893 162 
-46.4783 1.41984 78.5062 -0.847404 0.233156 0.682967 3.6613 22 910 1057 1 1 0 0 166 
-7.68158 45.8611 62.5788 -0.398331 6.59624 6.50846 3.609 22 911 1151 1 1 0.385872 0.385872 220 
-12.9087 44.6723 59.1585 -0.898108 2.90533 1.29437 3.61971 22 912 1232 1202 1 0.130082 0.130082 179 
-28.3384 36.8671 44.1015 -0.837247 0.612995 0.592661 3.65341 22 913 1001 1 1 0.954243 0.954243 157 
30.404 -35.183 32.1488 2.07683 -2.38174 0.550198 3.54732 22 914 1092 1 1 0.140435 0.140435 238 
40.8881 -22.1453 44.4972 0.394398 -0.0150766 -0.119244 3.79165 22 915 1241 1240 1 0.360507 0.360507 299 
6.96188 -45.9759 51.9917 -0.188087 -0.182866 -0.0452919 3.61344 22 916 1035 1 1 0.180086 0.180086 188 
19.6531 42.1427 57.0593 0.256182 0.373057 0.171677 3.65501 22 917 1001 1 1 0.460759 0.460759 229 
-34.5123 31.1633 6.19035 -0.205651 0.238899 -0.172227 3.69981 22 918 1144 1095 1 0.387169 0.387169 227 
34.5211 31.1535 73.3943 1.84953 5.83986 1.67549 3.64232 -11 919 1019 1018 1 0.290249 0.290249 278 
-14.8948 -44.0499 56.9836 -0.858459 -2.08949 0.284774 3.67413 22 920 1083 1082 1 0.488098 0.488098 325 
5.96602 -46.1157 29.4492 0.886829 -2.50965 1.15766 3.55879 22 921 1032 1 1 1.0839 1.0839 185 
16.9297 43.3086 -1.85466 0.321488 0.848057 -0.891353 3.67145 22 922 1092 1033 1 0.504817 0.504817 324 
-44.4646 -13.607 5.27093 -1.02035 -0.337225 -0.0472371 3.51532 22 923 1002 1 1 0.388168 0.388168 213 
37.9383 -26.8875 -22.3121 0.312351 -0.137664 -0.0562658 3.43177 22 924 1095 1 1 0.010487 0.010487 58 
-22.0483 -40.9405 72.2381 -0.276224 -0.266835 0.297873 3.75665 22 925 1308 1307 1 0.162388 0.162388 120 
-43.3114 16.9225 49.2872 -5.88936 0.915816 11.7103 3.53266 22 926 1230 1 1 0.26865 0.26865 143 
46.3922 3.16405 -31.1039 0.501161 0.0508203 -0.0858773 3.41567 22 927 1105 1069 1 0.0241264 0.0241264 166 
-45.8855 -7.53464 71.8657 -0.494842 -0.113841 0.057371 3.71423 22 928 1035 1034 1 0.0401542 0.0401542 135 
40.7482 -22.4016 38.7741 1.71087 -1.43881 0.649345 3.5458 22 929 1054 1 1 0 0 151 
19.9046 -42.0245 21.3514 0.37174 -0.340187 0.0848687 3.59913 22 930 1170 1169 1 0.0888639 0.0888639 222 
-5.31455 -46.1953 78.5294 -0.126602 -1.21422 2.32704 3.63237 22 931 1191 1 1 0.11169 0.11169 134 
34.2863 31.4118 49.2522 0.217554 0.343039 0.164434 3.63968 22 932 1024 1023 1 0.244788 0.244788 204 
-32.0885 33.6538 59.9375 -0.186856 0.284359 -0.0970806 3.67064 22 933 1001 1 1 0.632779 0.632779 186 
12.6452 -44.7476 67.7819 0.372683 -2.57102 6.76694 3.59526 22 934 1043 1 1 1.35352 1.35352 464 
38.822 -25.595 0.37035 0.490547 -0.787261 -0.508729 3.70761 22 935 1023 1 1 0.0324272 0.0324272 211 
-44.8491 12.2804 69.1054 -2.99246 0.680084 -0.51311 3.73104 22 936 1296 1295 1 0.316719 0.316719 177 
-4.21118 -46.3089 25.2782 0.00612521 -0.220766 -0.466807 3.65065 22 937 1023 1 1 0 0 53 
-2.07437 -46.4537 -9.36421 0.00735459 -0.395413 -0.323596 3.70084 22 938 1163 1162 1 0.0375586 0.0375586 91 
-27.7954 -37.2782 37.2464 -0.298369 -0.26307 -0.0490764 3.85336 22 939 1063 1062 1 0.190667 0.190667 246 
46.1554 5.65093 55.5972 0.262027 -0.0333413 -0.12559 3.76298 22 940 1071 1 1 0 0 130 
43.9465 -15.1971 57.9327 0.938149 -0.133651 -0.160049 3.69105 22 941 1314 1262 1 0.740692 0.740692 220 
-46.499 0.310251 -17.6632 -1.60637 0.486063 -1.61978 3.64845 22 942 1032 1 1 0.381302 0.381302 218 
-31.4098 -34.2881 -9.26255 -0.350315 -0.484374 -0.0495526 3.46985 22 943 1003 1 1 0.32688 0.32688 198 
30.036 35.4977 68.3499 -0.0209282 0.321733 0.430745 3.68941 22 944 1001 1 1 0.384927 0.384927 257 
-8.63693 45.6908 60.5377 -0.10758 0.350213 -0.0608825 3.7808 22 945 1118 1076 1 0.197317 0.197317 147 
41.7595 -20.4546 70.4286 0.390764 -0.353509 0.418933 3.62739 22 946 1724 1 1 1.50899 1.50899 183 
39.8066 -24.035 25.7037 0.45866 -0.168103 -0.149975 3.62832 22 947 1325 1324 1 0.111882 0.111882 219 
-22.8557 40.4953 15.4214 -0.587343 0.755035 -0.544448 3.62973 22 948 1061 1 1 0.567456 0.567456 223 
-43.8375 15.5087 59.6795 -0.324447 0.0413781 -0.0243149 3.70324 22 949 1031 1 1 0.448417 0.448417 184 
43.7486 -15.7579 75.549 1.10184 -0.384772 1.26502 3.63274 -11 950 1062 1061 1 0.392653 0.392653 272 
3.25229 46.3861 47.601 0.0995724 0.287732 -0.182672 3.78406 22 951 1127 1098 1 0.332871 0.332871 289 
-44.6948 -12.8307 -25.5977 -0.176411 0.209802 -0.00912577 3.93924 22 952 1212 1210 1 0.0297547 0.0297547 202 
27.3971 -37.5719 38.3089 0.0157376 -0.164269 -0.0265782 3.6622 22 953 1216 1195 1 0.0647811 0.0647811 264 
46.4375 -2.4096 44.114 0.534303 -0.0482374 0.0410983 3.59045 22 954 1098 1 1 0.449321 0.449321 261 
35.1454 30.4475 45.8456 0.0763344 0.115348 -0.168299 3.67893 22 955 1083 1 1 0.39391 0.39391 97 
46.38 3.33859 39.4269 0.409344 0.129325 -0.277186 3.73709 22 956 1080 1078 1 0.105526 0.105526 103 
38.3657 -26.274 33.2051 1.31264 -1.0191 1.16765 3.52745 22 957 1208 1 1 0.38763 0.38763 162 
44.2338 -14.3395 54.8809 0.184783 -0.120004 -0.120292 3.70625 22 958 1242 1189 1 0.666979 0.666979 219 
-44.1698 -14.5355 18.712 -0.394311 -0.19561 0.145709 3.47526 22 959 1090 1060 1 0.72201 0.72201 352 
18.1065 42.83 -59.9699 -0.0514985 0.422909 -0.0567414 3.5504 22 960 1017 1 1 0.393243 0.393243 185 
-28.9456 -36.3923 66.0315 -0.16308 -0.194443 0.0957672 3.68367 22 961 1160 1 1 0.0770403 0.0770403 277 
23.8461 -39.9201 77.4107 0.232964 -0.322951 0.0389063 3.73948 22 962 1232 1228 1 0.620926 0.620926 308 
42.3608 19.1784 47.7097 0.422657 -0.125262 0.225703 3.64697 22 963 1001 1 1 0.299182 0.299182 110 
31.2009 34.4783 60.8509 0.797945 0.671368 1.05851 3.60782 22 964 1025 1 1 0.533941 0.533941 200 
-46.3274 -4.00246 63.4946 -0.435761 0.437155 0.192076 3.6607 22 965 1044 1 1 0.0960311 0.0960311 109 
45.7038 8.56807 -20.2637 0.362716 0.0743316 -0.11245 3.41082 22 966 1072 1 1 0.619706 0.619706 321 
-39.9133 23.8575 23.4129 -4.44977 1.53222 0.901106 3.49166 22 967 1038 1 1 0.495117 0.495117 234 
18.6086 -42.6142 59.6041 0.461045 -0.743223 -0.456733 3.70897 22 968 1101 1 1 0.478419 0.478419 174 
44.7943 12.479 70.8965 0.437627 0.24686 0.093071 3.71692 22 969 1317 1316 1 0.903324 0.903324 224 
-9.54816 -45.5091 63.5779 -2.41836 -12.496 -1.11904 3.71409 22 970 1065 1 1 0.447953 0.447953 212 
45.8718 7.61782 25.7131 0.410159 0.0627494 0.122519 3.53606 22 971 1219 1 1 0.418832 0.418832 112 
45.8015 -8.02937 44.8299 0.428437 -0.110736 0.0123042 3.6542 22 972 1144 1 1 0.287255 0.287255 311 
-22.1265 40.8983 20.3884 -0.131373 0.26464 0.0632555 3.55161 22 973 1253 1 1 0.100391 0.100391 212 
15.5838 43.8109 35.8693 3.048 4.6009 5.65085 3.51912 22 974 1044 1 1 0.643838 0.643838 303 
30.1802 -35.3752 -2.59417 0.102991 -0.214535 -0.41722 3.74246 22 975 1735 1734 1 0.487413 0.487413 354 
34.317 -31.3782 37.0921 0.428517 -0.277449 -0.0227035 3.71958 22 976 1364 1363 1 0.0819081 0.0819081 138 
23.4103 -40.1772 38.5978 0.323394 -0.394889 0.0244772 3.632 22 977 1428 1427 1 0.639908 0.639908 238 
-16.8036 43.3577 4.73864 -0.302074 0.801576 0.150157 3.50129 22 978 1107 1 1 0.0264998 0.0264998 82 
-46.0513 6.44421 38.6871 -0.247613 0.0865143 -0.155133 3.62969 22 979 1089 1088 1 0.597898 0.597898 266 
44.2994 -14.1355 73.7913 0.470013 -0.193559 0.0523745 3.72012 22 980 1058 1057 1 0.447254 0.447254 178 
-44.6163 -13.1011 25.1022 -0.493089 -0.087828 0.124398 3.54001 22 981 1195 1 1 1.09184 1.09184 311 
33.1721 -32.5863 56.9088 0.288219 -0.284786 0.0620223 3.67861 22 982 1246 1 1 0.479306 0.479306 154 
22.3885 -40.7554 38.7612 0.932107 -1.13355 0.121246 3.55922 22 983 1042 1 1 1.40903 1.40903 108 
2.52432 -46.4314 -19.8294 1.7049 -2.92803 -0.661675 3.37961 22 984 1043 1 1 0.0824768 0.0824768 161 
14.3508 -44.2301 77.5931 0.22077 -0.668455 -0.0134089 3.72482 22 985 1196 1097 1 0.134291 0.134291 126 
-45.6907 -8.63781 70.1703 -8.12284 1.79827 5.13017 3.66008 22 986 1055 1 1 0 0 133 
27.0826 -37.7992 38.7707 -0.159955 -0.732093 0.860014 3.50796 22 987 1065 1002 1 0.288604 0.288604 143 
-34.9722 -30.6463 0.429574 -0.441249 -0.40236 -0.0318524 3.49202 22 988 1046 1 1 0.658947 0.658947 254 
38.9649 25.3769 -49.7463 0.090151 0.189423 -0.434161 3.8185 22 989 1553 1552 1 0.351176 0.351176 239 
-18.8319 -42.516 45.436 -0.0266823 -0.400637 0.200356 3.56459 22 990 1164 1 1 0.480082 0.480082 182 
25.6796 38.766 65.3458 0.942251 2.65557 -0.520572 3.75023 22 991 1119 1116 1 0.464189 0.464189 158 
-41.5624 -20.8523 -9.16532 -0.206579 0.119088 -0.297366 3.68124 22 992 1381 1380 1 0.350258 0.350258 350 
13.6754 44.4436 6.71047 0.0886345 0.589329 0.197729 3.48015 22 993 1001 1 1 0.533104 0.533104 124 
-13.2232 44.5802 15.9107 -0.386553 2.39156 0.218543 3.53526 22 994 1035 1 1 1.49084 1.49084 162 
-1.16119 -46.4855 -1.973 -0.033312 -0.281554 -0.357377 3.68899 22 995 1219 1194 1 0.266786 0.266786 158 
-24.4337 -39.5632 12.6134 -0.140958 -0.484159 -0.0827097 3.53341 22 996 1021 1020 1 0.177792 0.177792 274 
2.81466 46.4147 73.0621 0.0496917 0.227383 0.0250937 3.70587 22 997 1087 1086 1 0.107798 0.107798 217 
30.9542 34.7 63.9951 0.505894 0.0843781 -0.0376047 3.76491 22 998 1001 1 1 0.673151 0.673151 274 
-42.3118 19.2864 74.2695 -1.62472 0.752175 0.183381 3.72565 22 999 1381 1309 1 0.591289 0.591289 235 
21.9966 -40.9683 33.5653 0.244939 -0.448457 0.00336069 3.63832 22 1000 1259 1236 1 0.586014 0.586014 185 
