# Det2
#x y z Px Py Pz t PDGid EventID TrackID ParentID Weight Edep VisibleEdep Ntracks
-4.4669 0.544803 21.6298 19.5289 5.93138 86.2851 3.40793 11 1 1 0 1 215.617 215.617 2237 
3.44207 2.89865 -21.1129 0.397937 -2.49396 -1.64487 3.27978 11 2 1258 1257 1 193.56 193.56 2132 
-0.214298 -4.49489 34.4955 -0.0718729 0.120268 -0.0366376 3.59463 22 3 1338 1306 1 285.223 285.223 2155 
4.44721 0.687284 2.51001 -0.605006 -0.360836 0.104508 3.37632 22 4 1001 1 1 55.5042 55.5042 692 
-3.78427 -2.43502 -21.4791 14.3026 1.24013 79.7135 3.26406 11 5 1 0 1 247.117 247.117 1737 
1.17663 4.34345 18.4503 -2.99881 -5.0669 6.40894 3.4104 -11 6 1323 1322 1 14.9436 14.9436 366 
3.39937 2.94861 74.6988 0.0642516 -0.506403 -0.0234008 3.63346 22 7 1742 1741 1 9.7212 9.7212 199 
1.90433 -4.0772 61.8501 -9.0006 2.71378 1.3728 3.56685 -11 8 1129 1128 1 25.5943 25.5943 313 
-3.88644 -1.53438 -79 -0.275122 -0.262711 10000.5 3.07213 11 9 1 0 1 599.933 599.933 3676 
3.73077 -2.51622 14.6185 -23.1268 8.00722 235.967 3.38451 11 10 1 0 1 380.169 380.169 3140 
-0.199276 4.49559 -36.171 0.031296 -1.14093 0.424557 3.22725 11 11 1 0 1 9.36702 9.36702 129 
-3.5597 2.75292 -26.7451 -0.0363645 -0.0847493 0.418894 3.24723 22 12 1332 1 1 422.859 422.859 3224 
4.33595 -1.20396 48.0395 -0.318162 -0.0442267 0.127978 3.55558 22 13 1186 1185 1 34.4338 34.4338 374 
4.42554 0.815205 56.75 -0.448333 -0.185812 -0.159972 3.5939 22 14 1762 1760 1 13.6684 13.6684 240 
0.255719 -4.49273 77.6281 -0.544432 6.05435 8.8472 3.60336 22 15 1466 1451 1 20.6773 20.6773 309 
4.47797 -0.444699 -25.5716 -7.65121 -1.43827 4.72516 3.25703 11 16 1 0 1 120.793 120.793 1210 
-3.62174 -2.67076 71.5755 0.0629519 0.496939 0.101038 3.60677 22 17 1220 1219 1 22.2235 22.2235 256 
1.6611 4.1822 45.6708 -0.447949 -0.18744 0.753714 3.49322 22 18 1033 1 1 58.1195 58.1195 721 
2.36375 -3.82919 59.4169 -0.182491 0.354105 0.0417186 3.57217 22 19 2000 1999 1 53.4735 53.4735 845 
-3.27773 3.08326 13.7583 0.328234 -0.391408 -0.013496 3.42753 22 20 1700 1699 1 101.427 101.427 1061 
3.97273 -2.11362 26.9588 -12.3621 22.0981 77.2081 3.42571 11 21 1 0 1 172.933 172.933 1572 
2.97642 3.37505 73.3065 0.634418 -1.14911 0.622975 3.60759 22 22 1388 1387 1 9.8432 9.8432 160 
1.39734 4.27755 15.5685 -12.3397 1.35498 27.7021 3.39154 22 23 1011 1 1 83.2462 83.2462 684 
-1.91305 4.07311 76.8601 22.4395 -1.31443 376.293 3.59203 -11 24 1112 1111 1 244.558 244.558 1938 
-4.4978 -0.140577 21.3154 25.0387 15.0035 27.2421 3.40808 11 25 1 0 1 139.593 139.593 1267 
3.03243 -3.32482 36.3941 -10.2998 12.1312 93.7063 3.4577 11 26 1 0 1 52.9138 52.9138 522 
-3.04497 3.31333 40.8547 6.43609 -10.7611 32.602 3.47232 11 27 1 0 1 175.739 175.739 1577 
2.55838 -3.70198 -2.05475 -0.341287 13.005 69.688 3.32918 11 28 1 0 1 273.827 273.827 2555 
3.50698 -2.19711 -79 1.76923 0.69622 10000.5 3.07213 11 29 1 0 1 898.246 898.246 6225 
0.0245176 -4.49993 47.3685 0.190128 0.196807 0.0726106 3.53695 22 30 2333 2179 1 41.1334 41.1334 567 
0.646619 4.4533 78.3335 -1.37983 -1.82606 3.6517 3.60271 22 31 1005 1 1 63.2092 63.2092 791 
-3.21971 3.1438 14.6198 7.15223 -2.89717 98.5641 3.38448 11 32 1 0 1 245.838 245.838 2493 
-1.75367 2.67668 -26.6166 -0.177448 0.0577139 -0.461885 3.27074 22 33 1003 1002 1 217.509 217.509 1617 
4.05384 1.95356 57.9819 -0.0803054 0.0274184 -0.385667 3.65667 22 34 1175 1174 1 6.79922 6.79922 228 
0.965481 -4.39521 55.9066 -0.229471 0.159522 -0.122635 3.67402 22 35 1159 1157 1 44.7486 44.7486 594 
-1.0693 3.01606 27.7754 -0.544879 4.94114 13.8667 3.4298 11 36 1 0 1 307.665 307.665 2868 
-0.127579 -4.49819 76.6527 2.61885 4.75484 -0.699371 3.59952 -11 37 1143 1142 1 92.8831 92.8831 1198 
-3.19693 -0.140177 75.388 -0.399346 -0.0173316 -0.0102778 3.59468 22 38 1002 1 1 159.522 159.522 1791 
1.377 -4.28414 21.8001 0.114093 0.459737 -0.191688 3.43215 22 39 1342 1341 1 159.099 159.099 1485 
-4.49944 -0.0711783 22.6345 10.4165 -6.21256 19.9162 3.41441 11 40 1 0 1 153.826 153.826 1333 
4.49612 -0.186709 -36.2643 -0.340103 -6.57012 -2.68448 3.30572 11 41 1 0 1 44.6943 44.6943 579 
-3.19486 -0.181324 73.6845 -13.5361 -9.31731 45.1592 3.58265 11 42 1 0 1 486.483 486.483 3417 
3.34454 3.01065 -44.3522 -0.132773 -0.335596 0.361755 3.23027 22 43 1214 1213 1 6.07183 6.07183 178 
-4.44517 0.700357 10.628 0.204026 -0.157287 -0.117968 3.3971 22 44 1541 1 1 103.145 103.145 948 
0.907582 -3.82766 -79 -0.246655 -0.0784341 10000.5 3.07213 11 45 1 0 1 885.703 885.703 5654 
4.45811 0.612563 67.7099 -0.549397 -0.0882552 0.586382 3.58214 22 46 2036 2004 1 3.5726 3.5726 124 
3.73735 -2.50643 49.1513 -0.772048 0.0928605 0.382475 3.50371 22 47 1508 1397 1 220.86 220.86 1858 
2.7349 -1.66142 -21.4195 11.2705 -4.5827 39.1022 3.26431 11 48 1 0 1 461.683 461.683 4384 
-3.1155 -3.2471 58.7706 0.0638886 1.42912 2.30119 3.56186 22 49 1344 1157 1 21.4461 21.4461 332 
4.44863 -0.677976 77.7801 -0.281429 -0.141548 -0.172876 3.64293 22 50 2536 2533 1 6.34881 6.34881 204 
2.72988 -1.66965 60.2574 0.283016 -0.119828 0.134449 3.54358 22 51 1091 1 1 311.45 311.45 3063 
-3.42183 2.92252 78.6234 0.751922 -0.695165 1.36785 3.61271 22 52 1196 1192 1 80.6087 80.6087 904 
-4.42292 0.829314 48.2889 0.127487 -0.152461 0.0860833 3.53118 22 53 1272 1211 1 54.4205 54.4205 731 
4.25179 -1.47386 66.4537 -0.829272 0.983297 0.0989928 3.5581 11 54 1092 1091 1 372.202 372.202 3152 
4.10718 1.83876 2.86749 -2.32096 -3.21191 6.59794 3.3516 11 55 1 0 1 49.4692 49.4692 740 
-1.25301 4.32203 46.2049 -23.3201 -9.45725 94.0615 3.49041 11 56 1 0 1 276.346 276.346 2620 
4.4476 0.684728 -29.368 -0.172001 -0.237417 -0.00148847 3.26812 22 57 1080 1 1 6.37224 6.37224 171 
3.26837 -3.09318 44.1896 0.106701 7.98367 0.821964 3.50131 -11 58 1375 1374 1 4.11985 4.11985 75 
3.7592 -0.733419 -79 2.48791 -0.33507 10000.5 3.07213 11 59 1 0 1 796.572 796.572 5096 
-4.2703 -1.41934 1.60112 0.100653 -0.154878 -0.476447 3.42652 22 60 1534 1533 1 54.5608 54.5608 571 
0.522079 -4.46961 -37.8461 8.73641 3.92865 35.2484 3.21008 11 61 1 0 1 223.113 223.113 1866 
2.34808 -3.83882 45.4149 -0.480451 0.129757 -0.115974 3.55842 22 62 1460 1458 1 52.4585 52.4585 570 
1.41692 -4.2711 1.73535 -0.435844 5.36357 -1.61954 3.34534 11 63 1798 1760 1 263.192 263.192 1857 
3.6502 -2.63173 73.4012 -0.113597 0.332488 1.25406 3.58192 22 64 1064 1039 1 65.6546 65.6546 717 
4.45722 0.618992 -8.06013 -13.6731 7.26329 121.912 3.30908 11 65 1 0 1 245.934 245.934 2260 
4.49999 0.00685813 65.9253 -0.253908 -0.431588 0.101894 3.56099 22 66 1011 1010 1 106.153 106.153 1204 
-2.69907 -1.71901 74.2758 -1.84164 -0.529882 0.296017 3.58583 -11 67 1104 1103 1 354.982 354.982 3132 
3.46863 0.404922 -79 0.606539 1.96695 10000.5 3.07213 11 68 1 0 1 816.213 816.213 5591 
4.43294 -0.773962 46.416 -0.422636 0.338515 0.414602 3.54568 22 69 1361 1359 1 26.5661 26.5661 276 
1.02822 3.03031 -35.1234 3.78512 12.3685 56.5112 3.21877 11 70 1 0 1 210.38 210.38 1593 
2.71519 3.58856 42.9546 -1.49178 6.94076 7.44539 3.48649 -11 71 1701 1700 1 33.7317 33.7317 469 
1.66392 -2.73338 17.0264 0.0759962 -0.142752 0.117195 3.39567 22 72 1001 1 1 366.615 366.615 3405 
2.08556 2.42703 74.7794 -19.163 51.6253 792.475 3.58519 11 73 1 0 1 325.057 325.057 2665 
-3.29706 3.06258 -25.3635 -1.76596 -9.8728 67.9726 3.25109 11 74 1 0 1 499.212 499.212 4040 
2.346 2.3563 -79 -0.0276388 -0.496135 10000.5 3.07213 11 75 1 0 1 589.58 589.58 4647 
1.66679 2.73163 -9.4094 1.45396 6.71731 22.6242 3.30468 11 76 1 0 1 424.595 424.595 3715 
-3.59762 2.70318 31.0271 0.29584 -0.08882 -1.94008 3.67329 22 77 1356 1246 1 122.017 122.017 1246 
0.224354 -4.11651 -79 0.377514 1.00709 10000.5 3.07213 11 78 1 0 1 1117.4 1117.4 7457 
-3.84189 2.34305 8.97694 0.759873 0.147468 0.379891 3.37796 22 79 1528 1 1 52.4188 52.4188 840 
1.90303 -4.0778 21.7934 -5.40411 1.109 0.838378 3.4345 -11 80 1176 1175 1 112.079 112.079 1129 
-4.03187 1.99851 73.709 14.7204 -21.5726 198.137 3.5824 11 81 1 0 1 30.0258 30.0258 454 
-0.990807 -4.38957 -9.36608 3.59028 2.21079 231.662 3.30441 11 82 1 0 1 608.57 608.57 4229 
2.67678 -1.75352 14.8301 6.55716 -1.2462 51.9869 3.38577 11 83 1 0 1 241.484 241.484 2248 
4.43337 0.771523 59.0838 -1.3667 1.37414 0.0834476 3.57629 22 84 1262 1258 1 62.8445 62.8445 802 
-4.40248 0.931777 8.74004 0.335524 -0.322189 0.525626 3.37376 22 85 1269 1259 1 58.3585 58.3585 492 
-4.46835 -0.532754 27.3677 0.160573 -0.0924942 0.0596724 3.4369 22 86 1891 1 1 103.241 103.241 1274 
-4.09465 1.86649 26.3615 0.11246 -0.17744 -0.226929 3.50595 22 87 1180 1 1 27.2654 27.2654 386 
2.22331 -3.9124 31.3527 -11.5884 10.766 50.7287 3.4412 11 88 1 0 1 129.715 129.715 1423 
-1.76059 2.67214 28.8432 16.1751 19.9672 626.756 3.43189 11 89 1 0 1 509.564 509.564 3981 
-0.118772 4.49843 48.0163 -0.70482 -1.07098 5.25645 3.49886 22 90 1654 1 1 49.1999 49.1999 569 
4.37115 1.06912 58.9384 -0.27427 0.0540063 0.0360648 3.60169 22 91 1850 1849 1 14.0859 14.0859 271 
-2.23938 3.90323 66.8819 -0.0977894 -0.406791 -0.29339 3.61502 22 92 1025 1024 1 69.31 69.31 760 
4.49049 -0.292457 60.9333 0.00154881 0.357697 0.364926 3.60372 22 93 1055 1054 1 275.927 275.927 2610 
4.01246 -2.0372 39.4032 -0.208277 0.462898 -0.0588741 3.57602 22 94 1079 1077 1 34.1433 34.1433 453 
-3.0265 -3.33021 73.4145 0.0975637 0.394897 0.0896845 3.67399 22 95 1088 1042 1 0.841467 0.841467 16 
1.34785 -4.2934 28.5823 -0.21298 0.434938 -0.163059 3.44901 22 96 1211 1210 1 12.9268 12.9268 301 
-3.8169 1.39741 -79 1.02273 0.712044 10000.5 3.07213 11 97 1 0 1 539.352 539.352 2922 
-3.0078 -3.32334 -79 0.411931 0.892202 10000.5 3.07213 11 98 1 0 1 572.111 572.111 3893 
3.97688 -2.10581 74.9498 1.92093 -0.568606 16.6891 3.58924 11 99 1 0 1 65.31 65.31 710 
4.33076 1.2225 62.2119 -0.494693 -0.0263537 0.244885 3.59999 22 100 1804 1785 1 320.654 320.654 2995 
-0.737387 4.43917 40.475 5.43534 2.72316 14.2238 3.47121 11 101 1 0 1 159.922 159.922 1494 
2.5887 3.68085 75.8369 -0.430811 -0.254837 0.10286 3.73038 22 102 1801 1799 1 63.7381 63.7381 745 
4.04665 1.9684 15.1107 -0.114841 -0.241433 -0.21934 3.54755 22 103 1265 1231 1 52.6087 52.6087 507 
-4.42161 -0.836293 35.5288 24.5552 29.5561 3624.63 3.45416 11 104 1 0 1 212.451 212.451 1616 
1.61167 2.86848 -79 -0.396079 1.24598 10000.5 3.07213 11 105 1 0 1 604.752 604.752 3925 
-4.38901 -0.993258 21.8221 6.27422 20.2697 788.937 3.40844 11 106 1 0 1 472.051 472.051 3547 
4.26152 -1.44551 -16.507 -7.08079 2.21152 -0.173362 3.28704 -11 107 2447 2446 1 52.7991 52.7991 411 
-1.73668 -4.15138 77.5629 0.498468 0.021823 0.110333 3.69057 22 108 1572 1537 1 3.9562 3.9562 107 
-0.653869 -3.62561 -79 -0.406265 -1.03836 10000.5 3.07213 11 109 1 0 1 837.994 837.994 5899 
3.74241 -2.49887 60.9278 -0.305693 0.212323 -0.310629 3.5771 22 110 1726 1714 1 2.31038 2.31038 72 
-1.89002 -4.08385 -27.2707 -9.20744 3.02563 11.1785 3.24533 11 111 1 0 1 250.132 250.132 2503 
-2.68635 -1.73884 49.6329 -0.0616818 0.00712502 0.00561528 3.50713 22 112 1001 1 1 376.644 376.644 2705 
2.86906 3.46677 55.3898 -0.183803 -0.452093 0.102524 3.55625 22 113 1931 1 1 2.02905 2.02905 122 
-3.33107 3.02555 54.7771 0.277351 0.0720487 0.0121925 3.53622 22 114 1096 1 1 87.4122 87.4122 1089 
3.05076 -0.965864 -37.6344 3.83397 -14.6177 285.494 3.21012 11 115 1 0 1 650.043 650.043 4500 
-2.33175 3.84876 66.4922 0.217291 -0.338635 -0.0362336 3.60535 22 116 1867 1866 1 33.7215 33.7215 350 
-1.30772 -4.3058 36.5091 0.355334 0.361482 -0.0647192 3.50281 22 117 1135 1115 1 43.635 43.635 620 
4.45018 0.667744 6.74217 -1.01029 0.808976 0.734637 3.36875 11 118 1702 1 1 234.252 234.252 2077 
2.85555 -3.47791 76.1399 -2.20991 3.47579 12.2822 3.58963 -11 119 1210 1209 1 160.378 160.378 1217 
3.99342 -2.07427 69.5861 -1.42532 8.01906 2.39817 3.57422 11 120 1 0 1 58.0634 58.0634 469 
-3.32499 -3.03223 40.658 0.152789 0.300751 0.0786166 3.54054 22 121 1014 1 1 44.8384 44.8384 566 
3.93416 1.76275 -79 0.962305 -0.663054 10000.5 3.07213 11 122 1 0 1 542.148 542.148 3374 
0.737438 4.43916 57.0954 -0.27169 -0.137136 -0.0866752 3.59569 22 123 1473 1388 1 20.3255 20.3255 215 
-4.40909 -0.899972 76.837 1.07367 0.686741 2.60451 3.60041 22 124 1301 1178 1 32.7649 32.7649 413 
-0.212364 3.19295 -23.131 -1.5185 2.09493 18.9599 3.25855 11 125 1 0 1 360.959 360.959 2755 
4.49769 -0.144283 8.49691 -0.105929 0.00530694 0.499871 3.3732 22 126 1776 1744 1 86.1144 86.1144 811 
-4.49991 0.0289695 -75.5414 5.47167 -5.42886 8858.99 3.08366 11 127 1 0 1 551.47 551.47 3656 
-4.47134 0.507078 58.8492 0.0649188 -0.0748434 -0.116878 3.5565 22 128 1382 1182 1 33.2198 33.2198 482 
-0.970154 3.04939 6.65365 -49.2339 47.4896 563.2 3.3582 11 129 1 0 1 272.031 272.031 2778 
-0.544101 -4.46698 34.1495 13.9967 16.2821 327.648 3.44963 11 130 1 0 1 126.496 126.496 1246 
-3.19187 0.227922 50.7907 -16.1851 -0.674547 135.178 3.5052 11 131 1 0 1 248.47 248.47 2435 
-2.81048 -3.51443 57.0362 1.12185 2.26451 56.5771 3.52631 22 132 1167 1 1 86.5476 86.5476 979 
2.31717 3.47792 -79 -2.63129 -1.33216 10000.5 3.07213 11 133 1 0 1 418.411 418.411 3091 
-2.6862 1.73906 28.9931 -2.66658 -0.712931 0.0450176 3.43341 11 134 1 0 1 487.439 487.439 4292 
1.92717 3.73184 -79 0.200442 0.394213 10000.5 3.07213 11 135 1 0 1 804.278 804.278 5105 
-3.60923 -2.68765 33.0806 -0.0562399 0.358163 1.32317 3.45213 22 136 1130 1 1 98.2274 98.2274 1325 
-0.068656 4.49948 36.1742 0.539447 -11.1043 28.6132 3.45663 11 137 1368 1219 1 123.147 123.147 1221 
0.660953 -3.131 36.4458 18.6224 -15.3411 274.949 3.4573 11 138 1 0 1 355.911 355.911 3412 
4.18733 1.64811 77.131 -1.07162 -1.45438 2.24327 3.5981 -11 139 1076 1075 1 99.0895 99.0895 1088 
-4.36629 1.0888 56.2906 0.420413 -0.0636646 0.379929 3.53868 22 140 1591 1559 1 130.824 130.824 1253 
-4.4699 -0.519638 28.6265 0.159014 -0.158651 1.58934 3.4323 22 141 1312 1 1 80.5331 80.5331 939 
-1.91699 4.07126 59.2889 0.65763 -6.66794 16.2404 3.53928 11 142 1 0 1 71.2471 71.2471 665 
-3.84929 -2.33088 -36.5391 7.56768 5.49138 36.2154 3.21468 11 143 1 0 1 165.938 165.938 1762 
4.03228 -1.99768 51.6611 -0.644998 -0.0667339 0.189626 3.53512 22 144 2147 1789 1 3.4338 3.4338 147 
-4.4212 0.838425 36.51 30.2846 2.83688 1.93604 6.28756 2112 145 1320 1287 1 25.1689 25.1689 279 
-3.17333 0.412313 -47.5188 0.843112 1.23216 1.4607 3.17804 11 146 1 0 1 718.897 718.897 6179 
-2.15904 -3.94824 67.4307 2.00741 7.01069 18.3446 3.56173 -11 147 1193 1192 1 86.7928 86.7928 1100 
-3.80175 -2.40763 51.9094 0.0244592 0.299302 0.396674 3.51847 22 148 1422 1 1 14.9467 14.9467 253 
0.250117 -3.19021 10.3636 5.2782 -6.81415 26.9415 3.37141 11 149 1 0 1 348.812 348.812 3153 
0.884998 -3.07519 -7.68441 1.80648 -7.40494 150.808 3.31005 11 150 1 0 1 678.41 678.41 5469 
4.49561 0.198675 74.3669 -0.497048 -0.585659 0.927966 3.58909 22 151 1057 1054 1 90.4591 90.4591 773 
0.349876 -3.18082 62.8335 3.24766 -12.0972 152.238 3.5454 11 152 1 0 1 340.719 340.719 2847 
0.617112 -4.45749 32.565 3.62779 7.39464 25.6289 3.44486 11 153 1 0 1 220.085 220.085 2122 
-1.33357 4.29786 73.9329 0.0698163 -0.500225 -0.0775909 3.60921 22 154 1070 1068 1 150.001 150.001 1195 
-1.42812 -2.86365 -9.54899 -7.48749 -3.56053 14.7225 3.30521 11 155 1 0 1 367.394 367.394 3503 
1.84842 4.10285 44.7726 -0.928221 -8.72221 40.5409 3.48586 11 156 1 0 1 154.72 154.72 1576 
0.438842 -4.47855 71.7812 -0.101511 0.131195 0.483325 3.60715 22 157 1152 1151 1 184.315 184.315 1951 
3.6568 2.62256 72.7075 -0.0100838 -0.504972 -0.0776014 3.62249 22 158 1122 1121 1 15.4215 15.4215 224 
-2.89198 -3.43579 -79 0.249887 0.658283 10000.5 3.07213 11 159 1 0 1 178.276 178.276 1497 
-1.62596 -3.31946 -79 0.91504 1.02701 10000.5 3.07213 11 160 1 0 1 729.134 729.134 4883 
-2.47357 3.75918 10.0552 -1.85137 -6.77465 41.5689 3.36954 11 161 1 0 1 225.407 225.407 1723 
-3.03595 -3.3216 48.9418 -0.0400417 0.22437 0.235886 3.51144 22 162 1002 1 1 49.1188 49.1188 609 
-3.06868 -2.96707 -79 2.25519 -0.836485 10000.5 3.07213 11 163 1 0 1 853.209 853.209 5203 
-3.75332 -2.48246 29.8146 0.408835 -0.26026 0.161983 3.47964 22 164 1676 1675 1 16.2803 16.2803 312 
1.95253 -4.05434 -32.6099 -4.92545 16.344 46.1712 3.22692 11 165 1 0 1 366.671 366.671 3199 
4.06952 -1.92068 46.0516 -0.2665 0.345232 -0.162826 3.54425 22 166 2165 2059 1 16.2256 16.2256 220 
-1.08878 -4.3663 -11.4978 0.129326 0.269603 -0.456577 3.42651 22 167 1026 1 1 20.2868 20.2868 295 
-4.49686 -0.167961 34.3641 0.167053 -0.339197 -0.305978 3.55196 22 168 1301 1300 1 38.4063 38.4063 515 
2.40443 -3.80378 65.051 0.577081 0.774272 7.56396 3.55297 -11 169 1932 1931 1 172.811 172.811 1396 
1.35555 -2.8987 58.6276 5.96115 -5.13912 22.0148 3.53144 11 170 1 0 1 309.978 309.978 3025 
4.2632 -1.44054 -33.2882 -3.92197 3.93206 -0.932299 3.25645 -11 171 2131 2130 1 105.905 105.905 1001 
-4.32868 1.22983 -9.39639 10.0287 -3.18833 7.66288 3.31763 22 172 1034 1 1 20.8379 20.8379 439 
4.35957 -1.11541 77.6775 -0.506575 -0.295538 1.12232 3.62419 22 173 1170 1 1 368.281 368.281 2806 
-0.407729 -4.48149 58.1468 0.559745 0.245662 0.218745 3.57627 11 174 1082 1 1 10.0854 10.0854 172 
-4.4251 0.817628 49.4967 0.206166 -0.349649 -0.252428 3.57282 22 175 1370 1343 1 93.2539 93.2539 1123 
0.833307 -4.42217 19.0534 1.96272 6.96001 40.1476 3.39981 11 176 1 0 1 107.454 107.454 1140 
-0.701437 -4.445 11.9774 3.6121 -0.847597 -0.973205 3.3911 -11 177 1321 1320 1 136.83 136.83 1182 
4.45945 0.602761 66.665 -0.495525 -3.59133 21.4499 3.56095 -11 178 1649 1648 1 56.5373 56.5373 464 
-3.11973 -0.712231 -22.8745 -20.2544 -8.00876 222.53 3.2594 11 179 1 0 1 475.823 475.823 3723 
4.35966 -1.11507 -33.3998 -12.3867 -3.50507 22.5686 3.22534 11 180 1 0 1 75.8615 75.8615 692 
3.78647 2.43159 77.5188 -0.350618 -0.0533577 1.50426 3.59803 22 181 1455 1282 1 4.26921 4.26921 76 
1.88201 -4.08755 77.9388 -7.29586 13.6059 11.3861 3.59911 11 182 1399 1376 1 36.4006 36.4006 528 
0.5456 3.22413 -79 -0.301191 -0.361174 10000.5 3.07213 11 183 1 0 1 470.977 470.977 3436 
2.57725 -1.89678 -35.8989 6.54806 -7.42083 52.0861 3.21759 11 184 1 0 1 141.901 141.901 1511 
3.14403 -0.595879 14.0669 2.2094 -3.4386 39.9434 3.38317 11 185 1 0 1 392.737 392.737 3655 
-3.65464 2.62557 42.6821 0.450799 0.239982 0.0175899 3.53849 22 186 1187 1186 1 30.1738 30.1738 654 
3.74334 -2.49748 -20.1632 -0.512476 4.13816 0.0486339 3.28408 11 187 1 0 1 10.7272 10.7272 155 
-2.18858 3.93194 40.5652 -0.41821 -17.9585 24.715 3.47317 11 188 1 0 1 23.1117 23.1117 300 
0.713834 -4.44302 77.9544 -0.0528415 0.180152 0.6526 3.60221 22 189 1044 1 1 6.03712 6.03712 99 
4.49261 -0.257736 57.7078 -1.74116 5.31673 97.1811 3.52844 22 190 1003 1 1 130.507 130.507 1398 
3.44981 2.88943 56.8189 -1.31824 -0.17961 0.193493 3.56293 22 191 1652 1649 1 52.5305 52.5305 671 
-3.46812 -2.86743 6.04286 6.18179 2.4356 29.6758 3.3559 11 192 1 0 1 295.008 295.008 2193 
-1.54888 -2.80017 30.6856 0.197144 -12.2595 41.3577 3.43895 11 193 1 0 1 293.002 293.002 3147 
3.42746 -2.91591 -24.8604 -0.0673195 0.0147926 0.123916 3.25568 22 194 1143 1 1 41.5529 41.5529 389 
3.1902 -3.17374 2.42865 -0.170126 -0.0288954 0.531456 3.35068 22 195 1434 1403 1 73.3151 73.3151 553 
4.35312 1.14033 -18.2406 -4.39157 -5.75158 -2.32181 3.3074 -11 196 2738 2737 1 32.4184 32.4184 492 
-1.44928 4.26023 68.8168 0.278582 -0.0262101 -0.427581 3.61421 22 197 1122 1120 1 61.9051 61.9051 746 
0.416941 4.48064 -7.28088 0.76885 -0.16758 -0.369115 3.32717 11 198 1 0 1 293.649 293.649 2232 
1.65726 -4.18372 58.7306 1.02269 3.69342 15.3559 3.53359 11 199 1 0 1 18.6265 18.6265 196 
2.29375 -3.87152 27.627 0.416352 1.18844 0.464839 3.43765 11 200 1194 1188 1 100.653 100.653 944 
2.07152 3.99485 4.044 -2.74118 -1.61518 -1.33648 3.36434 -11 201 1003 1002 1 183.406 183.406 1741 
2.12369 2.39373 -26.1762 25.2797 9.39501 168.882 3.24877 11 202 1 0 1 56.6458 56.6458 501 
-4.49781 0.140494 68.658 11.2528 -1.96602 4.03281 3.5886 11 203 1172 1136 1 21.1778 21.1778 199 
3.31636 -3.04167 56.1545 -2.43295 3.91034 4.37241 3.54023 22 204 2084 2083 1 14.6717 14.6717 304 
2.23559 -3.9054 14.496 -2.44429 21.9621 43.6841 3.38596 11 205 1 0 1 87.2231 87.2231 1315 
3.33912 -0.223766 -79 1.98024 -0.534443 10000.5 3.07213 11 206 1 0 1 576.589 576.589 3507 
-1.99524 -4.03349 19.2027 -0.0450758 0.163722 0.0863139 3.42239 22 207 1137 1 1 82.8664 82.8664 1066 
3.70258 -2.55752 -0.0209627 -0.278292 0.198569 0.379795 3.37703 22 208 1178 1151 1 34.8854 34.8854 454 
-1.30702 4.30601 63.005 0.941869 0.051715 -0.07044 3.56765 22 209 1153 1107 1 68.7006 68.7006 995 
3.08717 -3.27405 77.0594 -0.437403 0.0232384 0.0947841 3.60464 22 210 1641 1 1 191.669 191.669 1659 
1.25106 4.3226 37.8408 -0.393515 -0.300269 -0.126903 3.52168 22 211 1526 1525 1 12.0503 12.0503 257 
-0.271016 -3.1885 22.3075 -2.99274 -9.60962 15.5088 3.41167 11 212 1 0 1 224.469 224.469 2140 
-1.53424 -4.23038 -56.6545 -6.05706 7.59181 131.26 3.14678 11 213 1 0 1 132.351 132.351 1329 
-2.29749 3.8693 18.9535 5.66257 -0.367355 2.42209 3.41148 11 214 1 0 1 38.4471 38.4471 623 
4.33651 1.20196 27.8754 -0.361496 0.0117651 1.70204 3.42968 22 215 1172 1 1 219.732 219.732 2056 
-2.40188 3.80539 62.9994 0.396212 -0.288589 0.144402 3.57862 22 216 1127 1126 1 241.449 241.449 2434 
1.04211 -4.37767 13.2622 -12.2443 6.9785 -6.2443 3.39981 11 217 1 0 1 116.092 116.092 1214 
2.38766 -2.13051 -10.6537 14.0077 -9.82981 228.796 3.30025 11 218 1 0 1 409 409 3467 
-3.21278 -3.15088 66.2812 3.45665 6.61692 31.7535 3.55773 -11 219 1084 1083 1 106.252 106.252 1294 
3.65333 -2.62739 67.1126 0.566258 4.4166 -0.345735 3.56697 11 220 1 0 1 83.6403 83.6403 1039 
4.35267 1.14203 55.493 -0.054376 -0.456456 0.124227 3.5467 22 221 2139 2138 1 97.7713 97.7713 1003 
2.13583 3.96084 59.8943 -0.067293 -0.461658 -0.208479 3.57939 22 222 1661 1660 1 32.7277 32.7277 552 
4.34744 1.16181 61.9296 -1.39095 -1.38006 1.83227 3.54585 11 223 1 0 1 118.684 118.684 1356 
-3.23954 3.12336 33.9731 0.143697 -0.460697 -0.168016 3.48567 22 224 1244 1243 1 25.9014 25.9014 263 
3.26133 3.1006 18.7061 2.90408 -10.8788 40.3236 3.3984 11 225 1 0 1 114.685 114.685 1087 
1.35104 4.2924 10.0299 -0.142603 -1.23452 -0.780765 3.44929 22 226 1001 1 1 29.0384 29.0384 436 
-0.273005 -4.49171 32.7384 -0.085917 0.225723 0.273898 3.45968 22 227 1328 1 1 5.12882 5.12882 56 
-3.07855 3.28216 29.5098 0.125288 -0.0510721 -0.045719 3.51627 22 228 1015 1 1 413.248 413.248 3220 
1.84346 -4.10507 -39.8017 -1.29776 7.16254 49.6877 3.20305 11 229 1 0 1 419.602 419.602 3356 
-0.811916 4.42615 29.105 0.325841 -0.302083 0.0492678 3.6188 22 230 2259 2141 1 41.2374 41.2374 639 
-4.05097 -1.9595 35.5379 0.313307 0.293625 -0.269701 3.6197 22 231 1374 1372 1 19.4497 19.4497 425 
-3.058 -1.14038 -79 -0.80692 0.274867 10000.5 3.07213 11 232 1 0 1 653.515 653.515 3768 
1.10561 -3.00294 -32.5569 3.45214 -9.9049 415.943 3.22705 11 233 1 0 1 633.445 633.445 5058 
2.62969 3.65168 59.8754 -4.94427 -11.1418 81.043 3.53664 11 234 1 0 1 37.5895 37.5895 394 
-4.25066 1.30468 -79 -0.232933 0.0248016 10000.5 3.07213 11 235 1 0 1 542.248 542.248 4019 
0.262855 -4.49232 -11.6539 2.08166 1.15557 19.5281 3.29683 11 236 1 0 1 207.194 207.194 1845 
-0.916805 3.06586 -8.12942 -2.36973 -6.99758 25.899 3.30984 11 237 1 0 1 304.569 304.569 2419 
-2.50618 -3.73752 10.2181 -0.101092 0.170781 1.52092 3.37133 22 238 1564 1 1 23.6077 23.6077 241 
2.38876 3.81364 31.3222 -1.74798 -0.981457 -1.04154 3.47527 11 239 1393 1 1 42.8972 42.8972 479 
-2.14312 3.9569 59.8257 -0.86925 -8.17176 79.7252 3.53539 11 240 1 0 1 196.041 196.041 1645 
1.06565 -4.372 52.5423 -0.0220371 0.13963 -0.191858 3.53612 22 241 1169 1168 1 194.44 194.44 1814 
-1.97719 3.88464 -79 0.018634 -0.315167 10000.5 3.07213 11 242 1 0 1 784.366 784.366 5097 
-1.91931 2.56052 -25.5985 -2.33844 3.3347 107.791 3.2503 11 243 1 0 1 228.461 228.461 1894 
-2.25681 -3.89317 22.8069 -0.179374 0.468584 0.0968191 3.44217 22 244 1499 1497 1 85.6853 85.6853 792 
-4.47998 -0.423957 40.4975 0.128337 -0.0840289 -0.101617 3.5082 22 245 1586 1445 1 21.3101 21.3101 302 
4.17637 1.67569 53.2332 -0.155457 -0.149946 0.459489 3.51606 22 246 1134 1 1 61.7856 61.7856 816 
-3.0973 3.26447 59.9156 0.0431371 -0.117107 0.239588 3.54261 22 247 1123 1 1 109.182 109.182 989 
-4.47791 0.445349 64.6765 0.141008 0.201968 -0.104763 3.60997 22 248 1672 1593 1 70.3227 70.3227 812 
1.31047 4.30496 28.6352 -2.86084 -12.346 18.4854 3.43502 11 249 1 0 1 95.4881 95.4881 1101 
4.34993 -1.15244 35.5528 -0.152424 0.290191 0.178011 3.50003 22 250 2014 1987 1 12.6231 12.6231 167 
1.46514 -2.84488 21.0158 3.68622 -4.4684 10.8273 3.40758 11 251 1 0 1 489.429 489.429 3838 
-0.553754 -4.4658 62.226 0.0647782 0.333911 0.538019 3.55303 22 252 1774 1 1 56.2665 56.2665 711 
4.13602 -1.77294 34.5955 0.0341952 0.251164 0.0883757 3.54371 22 253 1132 1 1 369.861 369.861 2581 
4.24043 1.50625 62.868 -7.74221 -4.59705 3.17411 3.55345 11 254 1264 1206 1 50.4514 50.4514 776 
0.6345 -3.95103 -79 -0.0699901 1.62858 10000.5 3.07213 11 255 1 0 1 47.6887 47.6887 312 
-3.58632 -2.71814 -25.1664 0.116443 1.37181 0.885644 3.26194 11 256 1 0 1 210.048 210.048 1975 
3.38566 2.96434 64.7904 -4.24638 0.754259 2.41886 3.575 -11 257 1481 1480 1 26.1612 26.1612 609 
-2.33723 3.84543 52.5864 0.635543 -0.10557 0.996457 3.51607 22 258 1328 1 1 200.223 200.223 2206 
-3.66319 2.61362 50.3969 0.282639 -0.256369 0.0213384 3.55631 22 259 1033 1 1 8.36029 8.36029 99 
-0.843321 -4.42027 65.3958 -0.107476 0.172921 0.336576 3.56643 22 260 1313 1 1 37.8387 37.8387 475 
-1.97289 4.04447 34.6471 0.139194 -0.0731081 -0.105004 3.48389 22 261 1322 1 1 451.126 451.126 3532 
1.46665 -4.25429 34.305 -0.0544847 0.11802 -0.494189 3.53741 22 262 1135 1134 1 149.405 149.405 1507 
1.6535 4.1852 39.9921 -0.175644 -0.444542 0.143168 3.49443 22 263 1980 1769 1 16.2869 16.2869 210 
4.38759 0.999505 69.8276 -0.352662 -0.244496 -0.277437 3.67002 22 264 1366 1364 1 14.8191 14.8191 154 
4.02502 2.01227 -36.0128 -1.21752 1.94311 3.78968 3.21795 11 265 2412 1 1 137.875 137.875 1057 
-3.00782 1.09226 16.9618 -4.48588 -8.70239 39.9702 3.39261 11 266 1 0 1 502.475 502.475 3693 
0.28842 -3.18698 -29.2329 3.37214 -35.6793 1000.5 3.23815 11 267 1 0 1 220.997 220.997 1788 
-2.84402 3.48734 68.2923 0.279283 -0.0509092 0.424887 3.63814 22 268 1319 1316 1 25.2249 25.2249 332 
4.04072 -1.98055 27.0442 -7.24161 3.12894 102.498 3.42637 11 269 1 0 1 464.503 464.503 3777 
-4.34318 1.1776 40.3548 14.9827 -8.36797 28.6777 3.4745 11 270 1 0 1 46.2658 46.2658 673 
-0.316399 -4.48886 69.2301 0.149016 0.153051 -0.160369 3.62787 22 271 1591 1579 1 3.12901 3.12901 83 
2.11813 3.97033 -38.8569 0.896179 -7.24466 27.3228 3.20714 11 272 1 0 1 94.7823 94.7823 1132 
-3.26282 1.4484 -79 1.06708 0.548993 10000.5 3.07213 11 273 1 0 1 894.501 894.501 5138 
0.428505 -3.17118 35.5488 1.49252 -25.3705 95.8472 3.45492 11 274 1 0 1 458.218 458.218 3739 
3.14713 0.579278 30.4628 10.6024 3.14526 153.261 3.43753 11 275 1 0 1 375 375 3378 
3.78738 2.43018 49.9982 -3.00666 -4.6665 10.0068 3.50996 11 276 1 0 1 39.2961 39.2961 530 
4.4962 0.184783 75.5595 -0.318077 -0.111448 -0.00993459 3.62545 22 277 1510 1509 1 21.6285 21.6285 295 
-0.529709 -3.15585 -37.4395 -2.75026 -9.55784 961.659 3.21076 11 278 1 0 1 506.879 506.879 3836 
-1.27881 -4.31447 70.8798 0.108961 0.259717 0.0604589 3.59818 22 279 1501 1500 1 26.7934 26.7934 385 
-3.82949 -2.36327 64.3464 5.38882 10.9872 23.0711 3.55146 11 280 1947 1851 1 56.2105 56.2105 554 
3.59064 2.71243 30.6311 0.150902 -0.310957 -0.37637 3.61688 22 281 1354 1351 1 121.839 121.839 1347 
2.59564 3.67595 -12.7294 -2.11913 -10.1772 441.695 3.29319 11 282 1 0 1 317.149 317.149 1893 
-3.233 -1.26551 -79 -0.1537 0.557876 10000.5 3.07213 11 283 1 0 1 571.384 571.384 3768 
-1.67518 -4.17657 65.8013 -1.75319 1.0379 -1.0665 3.57426 11 284 1074 1040 1 147.152 147.152 1860 
3.26811 -3.09345 -10.6996 -12.1815 10.8383 99.2682 3.30009 11 285 1 0 1 167.078 167.078 1367 
-4.28586 -1.37165 -0.323612 8.34476 -4.43426 6.21092 3.34793 11 286 1 0 1 10.8501 10.8501 129 
-4.22542 -1.54783 -13.0798 3.02675 7.84684 9.5236 3.29663 22 287 1476 1434 1 135.391 135.391 1457 
3.42452 -2.91935 47.8853 4.68059 20.7804 44.3219 3.49811 11 288 1 0 1 85.3872 85.3872 1036 
-3.30752 -3.049 -79 0.157203 1.05487 10000.5 3.07213 11 289 1 0 1 557.451 557.451 3957 
-4.19398 -1.6311 62.8345 0.0951256 0.121839 -0.0741711 3.56425 22 290 1173 1122 1 82.8242 82.8242 914 
-1.97333 -4.04425 12.6114 -7.14131 17.6022 724.551 3.37773 11 291 1 0 1 475.375 475.375 3876 
4.42109 -0.174866 -79 -0.0212525 -0.471208 10000.5 3.07213 11 292 1 0 1 535.411 535.411 3472 
2.33987 -3.84383 -57.1635 -1.45108 12.1303 126.443 3.14499 11 293 1 0 1 387.429 387.429 3332 
-2.93073 -3.41479 66.8935 0.460759 0.22005 0.0199868 3.61452 22 294 1473 1472 1 52.3149 52.3149 681 
0.263514 -4.49228 -55.4037 -1.7145 8.6877 5824.13 3.15083 11 295 1 0 1 683.115 683.115 4459 
-2.458 2.04896 6.42182 -11.1443 13.5664 52.2707 3.35851 11 296 1 0 1 276.238 276.238 2765 
2.61449 -1.84511 -59.7516 3.21137 -1.57503 1831.51 3.13633 11 297 1 0 1 542.056 542.056 3985 
-1.06677 4.37173 49.4065 -0.139554 -0.193763 0.185839 3.51468 22 298 1372 1 1 304.251 304.251 2683 
4.35283 1.14144 65.2038 -4.1979 -1.10819 7.99196 3.56737 11 299 1499 1409 1 45.7036 45.7036 386 
3.15802 0.516624 33.5556 13.4592 -4.31386 50.9724 3.44798 11 300 1 0 1 393.35 393.35 3791 
4.48895 -0.315164 63.4902 -1.09275 0.250213 0.400391 3.58704 22 301 1247 1246 1 128.278 128.278 1502 
0.0516905 -4.4997 6.5937 0.14341 0.0976085 -0.0702521 3.39406 22 302 1050 1048 1 222.021 222.021 2015 
4.20555 1.60103 -7.36393 -5.18603 4.89701 39.2178 3.31121 11 303 1 0 1 127.14 127.14 1093 
-3.90862 -2.22995 0.150137 0.105525 0.499431 0.023522 3.37825 22 304 1270 1268 1 18.8178 18.8178 202 
4.49004 -0.299243 28.1056 -2.22514 1.68811 1.02107 3.44927 11 305 1 0 1 57.3755 57.3755 642 
3.39042 -2.9589 9.19957 -0.34101 0.475157 0.155717 3.37989 11 306 1010 1 1 44.0258 44.0258 444 
4.4985 0.116017 -39.3335 -0.0638464 -0.000633505 0.982925 3.20455 22 307 1671 1 1 62.2953 62.2953 446 
0.507483 -4.47129 10.5252 0.36446 0.201553 0.0377695 3.38552 22 308 1258 1 1 53.2859 53.2859 803 
3.60295 -0.424354 -79 0.541726 1.25387 10000.5 3.07213 11 309 1 0 1 527.858 527.858 2914 
-0.991623 -4.38938 26.3426 -1.03831 1.3519 -1.67373 3.43195 11 310 1261 1 1 161.223 161.223 1731 
-1.2565 -4.32102 68.4269 -0.303311 0.209139 -0.354095 3.65264 22 311 1226 1206 1 43.541 43.541 508 
-0.39275 -4.48283 4.55673 -1.18687 3.52237 -0.592052 3.36546 11 312 1 0 1 185.819 185.819 1806 
-3.99927 -2.06298 45.3558 0.0931281 -0.0407769 0.536922 3.49097 22 313 1652 1489 1 18.5699 18.5699 250 
-3.67422 -2.59809 -0.421098 2.55428 3.55977 2.01751 3.35488 11 314 1 0 1 28.6833 28.6833 580 
-4.03948 -1.98308 -25.1635 0.2365 0.164043 -0.149311 3.34747 22 315 1122 1121 1 264.865 264.865 2169 
2.75765 3.55603 57.3701 -0.096414 -0.265894 0.206049 3.57712 22 316 1785 1782 1 10.2753 10.2753 171 
-0.377559 -4.48413 7.30582 -0.154697 0.464305 -0.147002 3.50249 22 317 1342 1341 1 237.873 237.873 2218 
0.0466482 -4.49976 66.4696 -0.392413 5.04864 10.701 3.56353 -11 318 1227 1226 1 96.1163 96.1163 781 
0.397865 -4.48238 48.7837 -0.115124 0.211934 0.189514 3.51188 22 319 1157 1 1 133.974 133.974 1023 
0.982383 3.13569 -79 0.100312 -0.998088 10000.5 3.07213 11 320 1 0 1 735.145 735.145 4856 
3.11465 3.24792 -32.2819 -5.44306 -6.06655 141.725 3.22797 11 321 1 0 1 280.843 280.843 2010 
-1.18806 4.34033 74.1383 -6.12196 -4.55857 4.2285 3.60862 22 322 1223 1202 1 87.9991 87.9991 1011 
-4.11191 -0.0244 -79 -1.53292 -0.150738 10000.5 3.07213 11 323 1 0 1 660.402 660.402 4130 
-2.12984 -3.96406 -21.1181 0.08443 0.0975248 0.0598875 3.27711 22 324 1224 1 1 119.563 119.563 1136 
-1.18927 -4.34 62.9509 16.9811 0.665504 126.757 3.5461 11 325 1 0 1 121.567 121.567 1143 
2.40353 3.80434 -21.193 0.127389 -0.242859 0.137489 3.32166 22 326 1046 1 1 9.32994 9.32994 218 
-3.41305 -2.93276 8.33996 1.83971 7.66823 1419.05 3.36346 11 327 1 0 1 306.47 306.47 2387 
3.64225 2.64273 9.00987 -0.453671 -0.0424006 -0.231311 3.42125 22 328 1622 1621 1 100.423 100.423 1018 
2.92145 -3.42274 45.6578 0.0849812 0.364983 -0.0653143 3.49811 11 329 1187 1159 1 158.719 158.719 1692 
-3.64367 2.64076 66.7951 0.274484 -2.48763 -0.631461 3.56196 -11 330 1036 1035 1 244.203 244.203 2574 
1.01714 -4.38354 36.9793 -0.527224 0.807675 0.769415 3.46858 22 331 1116 1 1 44.0495 44.0495 556 
1.20637 4.33528 15.1668 -5.18598 -6.14438 23.4823 3.39113 11 332 1 0 1 36.4875 36.4875 550 
-4.09227 1.87171 62.3812 5.19007 -1.17557 159.893 3.54376 11 333 1 0 1 196.553 196.553 1930 
-4.24291 1.49925 -46.4433 -0.0209498 -0.161495 1.90221 3.18085 22 334 1088 1 1 374.695 374.695 2670 
2.89174 3.44787 -10.3719 -0.498258 -0.121643 0.0457506 3.32015 22 335 1669 1 1 61.3793 61.3793 712 
3.98738 2.08585 15.1633 -0.115701 -0.170999 -0.066462 3.64328 22 336 1240 1237 1 4.15233 4.15233 51 
3.35926 -2.99423 71.6564 -1.9996 2.6723 -2.28723 3.59617 -11 337 1076 1075 1 110.117 110.117 1077 
3.9488 2.158 30.6025 0.858638 -4.15234 -2.37964 3.45042 -11 338 1233 1232 1 188.763 188.763 2016 
2.91797 1.9898 -79 -0.105813 0.581555 10000.5 3.07213 11 339 1 0 1 762.742 762.742 4451 
-3.74042 -2.50185 -6.6179 9.25535 5.09582 133.08 3.31359 11 340 1 0 1 411.697 411.697 3250 
0.74394 -3.47574 -79 -2.47576 0.398448 10000.5 3.07213 11 341 1 0 1 670.211 670.211 4407 
-4.22977 1.53592 40.8633 0.136704 0.0106121 -0.133231 3.49184 22 342 1002 1001 1 169.598 169.598 1557 
3.58285 -2.72272 62.6762 -0.244081 0.422731 0.151138 3.60423 22 343 1922 1921 1 7.59351 7.59351 77 
4.45282 -0.649893 67.3921 -0.238807 0.109689 0.212133 3.56793 22 344 1854 1839 1 7.24445 7.24445 153 
4.06029 -1.94011 -28.1587 -0.213915 -0.0219712 0.155954 3.24532 22 345 1256 1 1 273.437 273.437 2403 
-3.86173 2.3102 43.23 0.505853 -0.0230109 0.0685762 3.5248 22 346 1562 1525 1 14.1084 14.1084 279 
-4.18711 -1.64866 54.157 9.06807 8.49266 23.752 3.5164 11 347 1 0 1 398.158 398.158 3292 
3.80757 0.617123 -79 -0.0350178 -0.508657 10000.5 3.07213 11 348 1 0 1 694.32 694.32 5082 
-3.15151 3.21216 50.898 0.157976 -0.233936 0.259141 3.51774 22 349 1055 1036 1 60.4385 60.4385 778 
-3.9981 -1.70196 -79 -1.48671 0.508824 10000.5 3.07213 11 350 1 0 1 502.041 502.041 3105 
-0.735642 4.43946 63.0186 -1.08347 -1.39906 -1.31121 3.58887 22 351 1394 1368 1 32.1588 32.1588 483 
3.50989 -2.81615 68.0849 -6.3533 -1.61288 91.3868 3.56313 22 352 1468 1 1 75.6896 75.6896 799 
-0.282888 -4.4911 -0.406367 0.530307 -0.166008 -0.139644 3.34135 11 353 1405 1 1 202.749 202.749 1797 
1.20095 -4.33679 -28.3987 0.136789 0.0654053 -0.0934413 3.27907 22 354 1001 1 1 84.6031 84.6031 834 
-0.848805 -3.08537 47.7842 -10.3842 -0.722923 95.7094 3.4954 11 355 1 0 1 330.843 330.843 3322 
-0.547449 3.99946 -79 -0.695677 0.960855 10000.5 3.07213 11 356 1 0 1 830.831 830.831 4650 
3.50321 2.82446 66.754 -1.73809 0.284308 4.5379 3.56309 22 357 1036 1 1 83.7334 83.7334 863 
-2.5147 1.97896 -22.5987 -31.8277 -5.16086 416.021 3.26044 11 358 1 0 1 530.557 530.557 4736 
-3.37362 -2.97803 65.8564 0.483942 0.627295 0.455663 3.56364 22 359 1015 1 1 118.574 118.574 1002 
-1.85016 2.61092 69.7374 2.2587 13.3742 63.7783 3.57002 11 360 1 0 1 504.123 504.123 4330 
-1.18119 4.34221 71.2477 0.154862 -0.575221 0.142378 3.60094 22 361 1521 1464 1 6.31449 6.31449 178 
-3.7466 -0.326987 -79 -1.60998 1.11086 10000.5 3.07213 11 362 1 0 1 845.738 845.738 4959 
-1.02683 -4.17844 -79 1.63529 1.30188 10000.5 3.07213 11 363 1 0 1 464.529 464.529 2642 
-0.165909 4.49694 10.232 0.724993 -0.322821 -0.222051 3.37164 11 364 1185 1 1 215.517 215.517 1914 
2.21727 -2.30732 73.775 0.344471 -0.319554 0.411975 3.58628 22 365 1028 1 1 304.101 304.101 2849 
2.9495 3.3986 51.0836 -3.78825 0.435953 2.9767 3.51143 22 366 1359 1353 1 88.1551 88.1551 1023 
4.0846 1.88841 60.9313 -0.792052 0.258929 2.67533 3.53991 22 367 1333 1323 1 151.25 151.25 1659 
-0.641736 -3.13499 13.876 -4.69293 -4.14568 38.3438 3.38256 11 368 1 0 1 491.399 491.399 4207 
1.50206 -4.24191 28.0004 0.037683 0.187695 0.15601 3.43349 22 369 1085 1084 1 159.604 159.604 1488 
4.43551 -0.759105 28.502 -0.477807 0.168594 -0.0663073 3.50677 22 370 1355 1354 1 14.711 14.711 207 
-3.92205 1.25261 -79 -0.151587 -0.543072 10000.5 3.07213 11 371 1 0 1 623.137 623.137 3433 
-4.29005 -1.35847 3.73673 -0.172426 -2.85087 9.06722 3.35133 11 372 1 0 1 214.261 214.261 1604 
-4.4604 0.595656 20.018 0.178757 0.0488417 0.13215 3.42506 22 373 1352 1351 1 21.7061 21.7061 394 
3.59553 2.70595 44.1358 -0.0767037 0.000448785 0.0244149 3.49351 22 374 1160 1159 1 44.56 44.56 584 
3.07708 -0.878384 -1.24034 11.9309 1.83813 248.788 3.33153 11 375 1 0 1 764.936 764.936 6282 
-3.47453 -2.85966 -17.2503 3.14945 -1.33553 30.1458 3.27846 11 376 1 0 1 38.7424 38.7424 319 
-1.37533 -4.28468 77.17 1.82445 4.06441 1.33031 3.61592 11 377 1048 1 1 29.4836 29.4836 474 
3.19789 0.11608 60.567 20.3573 -8.37173 63.8039 3.54001 11 378 1 0 1 383.639 383.639 3843 
4.29726 -1.3355 46.134 -0.239432 -0.253646 0.204792 3.56832 22 379 1432 1430 1 58.5555 58.5555 745 
4.03616 1.98983 68.0483 -0.813578 1.18786 1.35317 3.58099 22 380 1984 1963 1 23.9567 23.9567 340 
-2.63537 3.64758 44.8691 10.4113 2.1916 27.4053 3.48941 11 381 1 0 1 52.3064 52.3064 540 
-3.85874 2.26287 -79 -0.389227 0.138551 10000.5 3.07213 11 382 1 0 1 762.879 762.879 4781 
3.88679 -0.961684 -79 0.173719 -0.817237 10000.5 3.07213 11 383 1 0 1 759.535 759.535 4923 
-3.82653 -1.54134 -79 -0.0398474 -1.02289 10000.5 3.07213 11 384 1 0 1 168.925 168.925 877 
-0.840748 -4.42076 71.7385 0.183845 0.252902 -0.132555 3.62967 22 385 2468 2404 1 7.87272 7.87272 192 
-2.50513 2.32514 -79 -0.398344 0.71074 10000.5 3.07213 11 386 1 0 1 464.655 464.655 3358 
-3.90149 -0.43472 -79 0.0226176 0.000710456 10000.5 3.07213 11 387 1 0 1 699.904 699.904 4624 
2.66113 3.62883 1.36487 0.646447 -1.31215 4.04358 3.35067 22 388 1157 1 1 16.5179 16.5179 327 
-3.18657 0.292879 78.4764 -5.27004 1.03257 1.92907 3.5976 11 389 1 0 1 285.305 285.305 2533 
2.68078 -3.61433 51.086 -1.36457 -1.56796 4.10638 3.52383 11 390 1087 1065 1 97.0829 97.0829 955 
1.78032 2.65904 67.081 -11.2403 34.3699 46.5889 3.56088 11 391 1 0 1 427.803 427.803 3616 
-1.98502 -3.37509 -79 -0.531362 0.218195 10000.5 3.07213 11 392 1 0 1 698.319 698.319 4324 
2.53048 -3.72111 46.1309 -0.553544 0.442894 0.143581 3.55328 22 393 1001 1 1 17.149 17.149 138 
0.152198 -3.50493 -79 -0.151315 0.360318 10000.5 3.07213 11 394 1 0 1 469.077 469.077 2826 
-4.14815 1.74438 73.8033 0.42366 -0.235412 0.196479 3.60165 22 395 1305 1159 1 39.8108 39.8108 453 
3.37843 -2.97257 -17.8921 0.695006 2.69481 5.44199 3.28081 22 396 1506 1388 1 76.788 76.788 918 
2.95021 -1.23947 -16.3745 4.18589 -0.0363278 -0.318622 3.2816 11 397 1 0 1 321.704 321.704 3268 
1.68884 4.17107 78.6004 -0.189863 -0.381775 0.281638 3.63105 22 398 1093 1073 1 92.4722 92.4722 1152 
-3.02375 -3.33271 11.5774 1.83078 2.23721 3.96666 3.37913 22 399 1014 1 1 6.36819 6.36819 212 
2.75169 3.56065 52.5858 -1.32456 -3.31446 10.5768 3.51355 22 400 1309 1247 1 70.8551 70.8551 895 
3.53795 1.09101 -79 -0.79751 -1.30578 10000.5 3.07213 11 401 1 0 1 822.297 822.297 5061 
-3.13613 -0.636146 -25.9939 -17.2143 -4.13792 1516.83 3.24894 11 402 1 0 1 476.282 476.282 3513 
2.74464 3.56608 3.49269 -0.0539087 -0.115449 0.103443 3.35447 22 403 1236 1 1 127.036 127.036 1193 
-2.5752 -3.6903 59.4516 0.0960951 0.126721 1.03523 3.53616 22 404 1115 1 1 11.8803 11.8803 144 
-0.0381179 -4.49984 54.0328 -0.054312 1.33698 -0.1196 3.53849 11 405 1023 1 1 102.607 102.607 1280 
4.4626 -0.578928 68.9054 -0.160243 0.169804 0.347388 3.56833 22 406 1059 1 1 272.419 272.419 2343 
-1.13921 -4.35341 24.3866 1.37633 0.424307 1.55192 3.42987 11 407 1 0 1 80.5689 80.5689 770 
-4.47529 0.470918 50.2846 0.252473 -0.410289 0.170411 3.5441 22 408 1269 1268 1 36.0691 36.0691 200 
-3.0613 3.29825 29.0278 -1.60287 -12.1758 13.0079 3.43648 11 409 1803 1714 1 79.988 79.988 932 
0.645595 3.75241 -79 -1.09951 -0.668931 10000.5 3.07213 11 410 1 0 1 702.828 702.828 4825 
-3.84008 -2.34602 40.8146 2.3229 2.51103 5.11282 3.47192 -11 411 1714 1713 1 265.179 265.179 2416 
-1.19284 -4.33902 46.9751 0.0624607 0.195349 0.268526 3.52787 22 412 1001 1 1 43.3032 43.3032 525 
-1.04101 4.37793 77.331 0.271119 -6.5336 11.719 3.60513 -11 413 1076 1075 1 99.3314 99.3314 1297 
-0.0141938 -3.19997 38.1937 -14.0539 -24.4854 1006.79 3.4631 11 414 1 0 1 222.425 222.425 2040 
2.37176 -3.82423 33.8579 -0.726848 0.842824 1.99754 3.45072 22 415 1185 1 1 36.0757 36.0757 224 
4.49036 0.294448 76.9072 -0.530923 0.348262 0.14259 3.66882 22 416 2507 2474 1 15.0314 15.0314 337 
-1.78752 4.12974 55.1178 0.739787 -0.0384523 0.315292 3.52888 22 417 1099 1 1 81.8284 81.8284 815 
-4.2611 1.44674 -27.3 0.17673 0.0595971 0.0268639 3.25984 22 418 1311 1 1 22.3238 22.3238 231 
0.134222 -4.498 -37.1807 -0.0174676 0.534845 0.816406 3.22069 22 419 1001 1 1 174.198 174.198 1578 
-4.47283 0.493732 76.5714 0.0826375 -0.647159 0.259682 3.59819 22 420 1061 1 1 99.5027 99.5027 932 
-2.85511 1.44511 -31.5305 -0.271822 0.178798 -0.162068 3.26643 22 421 1034 1 1 502.788 502.788 3969 
4.23604 -1.51855 72.9936 -0.465203 0.136952 -0.161091 3.65022 22 422 1004 1002 1 22.3585 22.3585 308 
1.65233 -4.18567 47.3906 -1.22794 9.88938 6.95654 3.50004 11 423 1 0 1 80.4184 80.4184 835 
4.47056 -0.513893 55.6326 -5.40371 2.33581 2.00063 3.52576 11 424 1008 1 1 204.598 204.598 1686 
0.682755 -3.12631 47.0215 13.4295 -7.0281 225.131 3.49279 22 425 1001 1 1 357.521 357.521 2987 
0.576865 4.46287 -8.17936 -11.0309 -8.93782 5.73735 3.31397 11 426 1 0 1 99.1192 99.1192 1051 
-3.5944 -2.70746 15.8039 0.247602 -0.0198227 -0.446565 3.40031 22 427 1334 1299 1 204.517 204.517 1820 
-1.03353 -4.3797 56.9639 -0.145984 0.146866 -0.106067 3.5572 22 428 1447 1432 1 98.162 98.162 813 
-4.29191 -1.35258 54.9455 0.130498 0.170419 0.463732 3.52231 22 429 1297 1267 1 52.7342 52.7342 616 
-0.147069 -4.4976 58.4228 -0.10512 0.0820345 -0.144828 3.63681 22 430 1457 1456 1 9.07474 9.07474 131 
3.13639 -0.634847 38.9771 4.85732 1.88823 4.64045 3.48754 11 431 1 0 1 394.098 394.098 3658 
0.31424 -3.64515 -79 0.251728 -2.35878 10000.5 3.07213 11 432 1 0 1 531.607 531.607 2863 
-2.75742 3.55621 75.6651 1.92622 1.62365 -4.2766 3.61546 11 433 1565 1543 1 13.7596 13.7596 141 
-1.12596 -3.32727 -79 -0.44324 0.416242 10000.5 3.07213 11 434 1 0 1 616.945 616.945 3890 
-4.40531 0.918275 2.7902 5.43503 -1.91501 163.404 3.345 11 435 1 0 1 311.893 311.893 2587 
-0.834799 -4.42189 77.6897 0.506722 0.783799 2.5119 3.59603 22 436 1022 1 1 136.906 136.906 1543 
-3.10322 -0.781042 13.4359 -14.7168 13.8309 551.574 3.3805 11 437 1 0 1 430.916 430.916 4029 
3.49476 2.8349 12.2777 -2.26193 -17.5388 348.819 3.37665 11 438 1 0 1 183.872 183.872 1397 
2.9849 3.36755 17.1326 -0.0881016 -0.0174357 0.0844575 3.41402 22 439 1737 1556 1 77.4452 77.4452 1010 
3.14975 3.21389 74.8188 -0.677181 -1.03121 0.589993 3.59591 22 440 1138 1137 1 75.5942 75.5942 943 
0.258437 3.18955 29.0066 1.98233 12.6697 70.7045 3.43292 11 441 1 0 1 122.221 122.221 1025 
4.46963 0.521968 21.6006 -6.94432 2.67368 21.0038 3.40932 11 442 1818 1796 1 78.904 78.904 942 
-1.77427 4.13545 -7.85424 -0.0708789 -0.506027 -0.0057399 3.44429 22 443 1460 1459 1 23.3123 23.3123 418 
-2.87514 -3.46173 70.4953 0.181211 0.385899 0.281717 3.58415 22 444 1166 1165 1 29.8659 29.8659 377 
1.11635 -4.35933 77.5017 1.55063 1.86443 -0.466783 3.62354 22 445 2073 2035 1 42.1378 42.1378 401 
3.64526 -2.63857 -41.6901 -0.00193564 0.0294769 -0.00378013 3.22818 22 446 1584 1571 1 92.0589 92.0589 1329 
-4.07621 1.90644 76.4732 0.603074 -0.4964 0.471298 3.60892 22 447 2227 2224 1 31.3877 31.3877 390 
2.16745 -2.35418 58.5659 -2.82139 -12.0277 10.8465 3.53568 11 448 1 0 1 342.577 342.577 3154 
-3.60984 -2.68683 34.2218 0.192985 0.0616417 -0.00626878 3.46465 22 449 1222 1 1 94.8732 94.8732 908 
2.8868 -3.45201 -16.1004 -2.95211 2.3042 10.9271 3.28433 11 450 1 0 1 290.021 290.021 2519 
-2.21349 -3.91797 65.2026 0.0928139 0.414945 -0.283419 3.61726 22 451 1069 1068 1 60.4575 60.4575 770 
4.25816 1.45537 40.5049 -13.9382 -7.11247 15.3258 3.48051 -11 452 1460 1459 1 57.3377 57.3377 738 
-1.40754 -4.2742 77.0195 -0.194275 0.42129 0.44935 3.60741 22 453 1066 1 1 8.64378 8.64378 168 
-1.91922 4.07021 51.8127 -0.00223489 -0.0266804 0.0203493 3.5465 22 454 2048 2037 1 34.1189 34.1189 512 
2.85614 3.47742 20.3987 -1.98594 -16.6276 217.289 3.40387 11 455 1 0 1 346.883 346.883 3288 
0.162852 4.49705 25.26 -4.17394 1.89626 15.1593 3.42153 11 456 1 0 1 107.938 107.938 1062 
3.89117 -2.26027 76.9136 -0.390277 -0.134181 0.364164 3.59838 22 457 1770 1769 1 64.0697 64.0697 833 
3.81244 -2.39066 0.189837 -9.22127 3.94543 157.097 3.3364 11 458 1 0 1 372.067 372.067 3263 
1.47943 4.24986 -10.6822 -4.55151 -15.2958 141.13 3.30023 11 459 1 0 1 214.423 214.423 2024 
-4.42708 -0.806813 34.0199 11.074 7.0001 31.0065 3.45171 -11 460 1111 1110 1 52.5597 52.5597 545 
2.64899 1.79523 48.4939 16.1364 4.37523 102.52 3.4982 11 461 1 0 1 234.219 234.219 2268 
-3.59137 2.71146 1.86225 0.132101 -0.0151242 0.148982 3.80732 22 462 1048 1 1 67.7199 67.7199 841 
-4.43201 -0.779311 10.9941 0.0488887 0.113875 0.462942 3.37394 22 463 1136 1 1 37.8809 37.8809 493 
1.22061 -4.3313 53.632 -0.118248 0.0242359 -0.0561154 3.5289 22 464 1316 1315 1 18.5208 18.5208 313 
-0.113852 4.49856 64.5572 -0.0276067 -0.0874211 1.01774 3.55158 22 465 1134 1 1 38.6206 38.6206 452 
4.32687 1.2362 73.1466 -5.53168 -0.82999 -0.780953 3.65863 -11 466 1049 1048 1 54.9579 54.9579 732 
-4.46327 0.573743 21.1004 1.76826 1.40164 7.32322 3.40849 22 467 1290 1 1 121.209 121.209 1266 
0.513917 3.15846 72.5309 0.0635661 0.0985462 -0.0692229 3.59884 22 468 1030 1 1 178.904 178.904 1771 
-3.1448 -0.59182 36.3998 -1.49162 2.9837 3.58369 3.45761 11 469 1 0 1 419.344 419.344 3693 
2.56885 -3.07579 -79 0.545071 0.571651 10000.5 3.07213 11 470 1 0 1 822.285 822.285 5462 
-2.65757 -3.63143 56.3205 0.501335 -0.0515237 -0.0844277 3.57277 22 471 1076 1075 1 10.0139 10.0139 177 
-3.05325 -0.957958 46.3237 -10.8139 -11.3261 136.996 3.49036 11 472 1 0 1 393.422 393.422 3086 
4.4976 0.146837 9.10572 -16.4114 16.0318 364.365 3.36607 11 473 1 0 1 401.952 401.952 3567 
-4.1095 -1.18686 -79 0.865141 -0.245945 10000.5 3.07213 11 474 1 0 1 89.4703 89.4703 573 
-2.95822 3.39101 -0.0277816 0.680541 -1.7083 -0.0252481 3.41495 22 475 1566 1540 1 4.28172 4.28172 98 
1.71969 -4.15845 39.2434 -4.0312 9.09056 133.28 3.46675 11 476 1 0 1 335.216 335.216 2782 
-1.51825 4.23614 73.5435 0.177305 -0.0855935 0.471547 3.62587 22 477 1110 1109 1 263.768 263.768 2218 
0.977982 4.39244 61.4514 -0.316059 -0.380909 0.127024 3.60795 22 478 2174 2143 1 74.8116 74.8116 700 
-4.05936 -1.94207 73.7273 2.53841 2.19364 6.12006 3.59056 22 479 1706 1607 1 9.2423 9.2423 143 
3.0664 0.914968 65.9588 15.2213 -3.17698 655.865 3.5557 11 480 1 0 1 217.695 217.695 2120 
-4.44702 -0.163951 -79 -1.02468 -0.791852 10000.5 3.07213 11 481 1 0 1 531.11 531.11 3115 
-1.42882 4.26714 52.101 -0.00598699 -0.111576 0.178078 3.51666 22 482 1018 1 1 38.5113 38.5113 557 
2.00122 -4.03053 62.616 -9.52364 12.8383 5.77412 3.54844 11 483 1460 1269 1 24.4995 24.4995 280 
0.739616 -4.4388 21.6141 0.468916 0.401045 6.37351 3.40818 22 484 1345 1 1 115.687 115.687 989 
-3.17213 -3.1918 -64.295 0.532982 0.155528 151.364 3.12118 11 485 1 0 1 558.628 558.628 3765 
2.36959 3.82558 39.3375 -0.306296 -0.372298 0.169402 3.51475 22 486 1443 1426 1 25.2462 25.2462 444 
-3.55909 -2.7537 -5.56142 0.490065 3.42888 2.48113 3.35242 11 487 1 0 1 14.5585 14.5585 116 
-1.85248 -4.10102 70.288 1.58886 20.2943 159.816 3.57053 11 488 1 0 1 141.37 141.37 1481 
3.38852 2.96107 13.3206 -0.89917 -0.650843 0.382479 3.38084 -11 489 1260 1259 1 137.126 137.126 1207 
-4.49184 -0.270842 1.53705 1.00967 0.948811 4.03933 3.3429 22 490 1209 1 1 19.1292 19.1292 247 
2.72392 -3.58194 29.5286 0.225003 0.389491 0.242468 3.47058 22 491 1895 1894 1 17.1913 17.1913 346 
-1.9221 -4.06885 38.3692 -5.45666 14.8602 46.5868 3.46686 11 492 1 0 1 137.277 137.277 1385 
-2.3265 2.19714 -21.0772 -0.856897 -1.04859 0.839436 3.2964 11 493 1 0 1 481.743 481.743 4313 
2.34279 2.86884 -79 -0.168758 -1.12481 10000.5 3.07213 11 494 1 0 1 705.305 705.305 4386 
4.06742 -1.92513 25.3829 -4.77087 -0.404635 1.94603 3.42363 11 495 1439 1422 1 390.58 390.58 3759 
1.43917 -4.26366 71.9821 0.130203 0.505479 0.523682 4.58182 22 496 1224 1175 1 36.2294 36.2294 541 
2.96937 3.38125 32.5472 -0.0514166 -0.0664711 0.303053 3.44768 22 497 1071 1 1 40.2592 40.2592 449 
4.42084 -0.84032 57.8731 -0.163068 -0.0719529 0.154168 3.57606 22 498 1132 1 1 102.52 102.52 1062 
1.36654 4.28749 64.6541 -1.48318 -3.69207 2.71591 3.56368 -11 499 1233 1232 1 14.8803 14.8803 219 
-4.08136 1.8954 72.8344 0.0924909 -0.190365 0.244536 3.5998 22 500 1211 1136 1 12.4615 12.4615 338 
2.27988 3.87971 66.2807 -0.125525 -0.0583067 0.07001 3.58011 22 501 1139 1 1 53.5282 53.5282 721 
-0.599577 -3.14333 -64.3602 0.560125 0.687199 53.314 3.12096 11 502 1 0 1 658.73 658.73 5101 
3.84142 -2.34382 -24.2173 -0.121629 0.218326 -0.445713 3.3192 22 503 1250 1248 1 63.3039 63.3039 549 
-0.928935 3.0622 75.9044 0.716465 6.03559 5.6992 3.59009 11 504 1003 1 1 143.698 143.698 1644 
2.44173 3.77994 43.0892 -0.373551 -0.189255 0.292852 3.65732 22 505 2444 2443 1 1.48618 1.48618 130 
-3.27564 -3.08548 8.69578 2.22992 -4.20704 12.9928 3.36668 11 506 1 0 1 425.157 425.157 4182 
-1.87318 -4.0916 -50.517 1.28084 7.44206 3.85494 3.17355 11 507 1 0 1 123.76 123.76 1249 
1.58092 -2.78221 -21.2 2.50942 0.728339 59.4285 3.26495 11 508 1 0 1 476.642 476.642 4252 
-0.806182 -3.09678 -15.9372 1.84575 -5.51651 22.2195 3.2838 11 509 1 0 1 197.768 197.768 1860 
-2.95749 3.39165 73.6732 0.212351 -0.8605 0.220146 3.60187 11 510 1178 1108 1 39.7179 39.7179 390 
3.79463 -2.41883 74.3252 -0.242833 0.151395 0.114641 3.61574 22 511 1676 1577 1 7.16677 7.16677 228 
-3.91109 -2.22562 56.1954 0.174516 0.265676 0.4001 3.57497 22 512 1095 1092 1 40.2756 40.2756 629 
-4.00676 -2.04839 21.1885 4.71416 3.53974 50.5579 3.40714 22 513 1441 1 1 86.897 86.897 1335 
-4.49779 -0.14093 42.9839 -1.36961 -0.372021 6.47571 3.4793 11 514 1 0 1 569.457 569.457 3970 
3.45768 -2.34422 -79 0.951953 1.40879 10000.5 3.07213 11 515 1 0 1 688.078 688.078 4529 
-0.225256 4.49436 34.854 -0.134455 -0.492557 -0.247972 3.62999 22 516 1022 1 1 51.3547 51.3547 641 
2.25412 -3.89473 38.6351 -12.4193 8.87528 38.3034 3.46687 11 517 1 0 1 117.867 117.867 1483 
4.36251 1.10388 62.7356 -0.0488323 -0.0196643 0.210289 3.54822 22 518 1446 1380 1 35.2256 35.2256 444 
-1.71993 4.15834 73.318 -4.56598 -16.3088 99.7743 3.58114 11 519 1 0 1 60.567 60.567 852 
3.07107 0.899186 12.1972 6.32047 -4.00779 32.2768 3.37779 11 520 1 0 1 337.249 337.249 3061 
2.13921 -3.95901 74.7888 0.0595729 0.212277 0.302734 3.58847 22 521 1249 1 1 47.0348 47.0348 591 
-4.17389 -1.68186 66.3241 0.075253 0.0669573 1.66466 3.55722 22 522 1162 1 1 63.7294 63.7294 720 
-3.14421 3.21931 47.589 0.388471 0.285881 -0.168767 3.59474 22 523 1566 1565 1 98.4724 98.4724 1315 
-0.655738 4.45197 11.3737 0.934694 -1.74032 17.01 3.37434 22 524 1249 1 1 128.066 128.066 1527 
4.22921 -1.53747 4.31224 -0.190093 0.299175 0.30655 3.35376 22 525 1046 1 1 109.509 109.509 1142 
0.769445 3.10612 -64.8166 -3.95722 3.32859 13.5775 3.11952 11 526 1 0 1 82.9793 82.9793 707 
1.95774 4.05182 18.9451 -0.509919 -0.460185 1.36893 3.40725 22 527 1687 1672 1 19.0651 19.0651 351 
4.39098 0.984518 67.2231 -0.277827 0.165847 0.389216 3.5834 22 528 1707 1673 1 33.6758 33.6758 533 
4.07501 -1.90901 65.5257 -0.150023 0.430967 0.229957 3.56356 22 529 1171 1168 1 145.97 145.97 1124 
4.46342 -0.572594 34.9718 -3.3739 2.6327 10.6714 3.45494 -11 530 1441 1440 1 79.2613 79.2613 764 
-2.28731 -3.87534 73.3254 1.22864 -0.0520453 7.34441 3.58174 22 531 1249 1 1 93.1704 93.1704 1125 
4.32262 -1.25099 12.5943 -0.396104 -0.317623 -0.0577692 3.45228 22 532 1472 1471 1 38.5292 38.5292 562 
-3.46382 2.87262 68.8382 18.7797 -25.2103 0.902197 3.57163 -11 533 1439 1438 1 131.684 131.684 1278 
2.84822 -1.45865 -23.04 3.63955 2.73322 13.9137 3.25952 11 534 1 0 1 179.288 179.288 1371 
1.76444 -4.13966 65.9836 -0.0688789 0.473881 -0.178359 3.60665 22 535 1019 1018 1 87.701 87.701 1024 
-3.22046 -3.14303 50.5875 0.113158 0.0492656 0.00257591 3.51691 22 536 1211 1 1 162.326 162.326 1323 
-4.48499 0.367256 43.7057 0.151709 -7.59104 43.8396 3.48282 11 537 1 0 1 68.0448 68.0448 720 
-3.71857 -2.53421 34.579 0.44238 -0.0733191 0.245039 3.49181 22 538 2611 2609 1 49.8696 49.8696 741 
-2.37218 3.82397 66.7938 -1.71979 -18.0937 26.7007 3.5636 11 539 1 0 1 130.775 130.775 1796 
-4.47069 0.512792 -2.60913 15.1302 -1.32311 242.428 3.32699 11 540 1 0 1 308.231 308.231 2641 
0.566332 3.14949 16.8416 16.2497 7.84915 311.385 3.39185 11 541 1 0 1 537.993 537.993 4142 
-2.05508 2.45288 65.8693 -9.9366 19.8776 76.8413 3.55596 11 542 1 0 1 269.093 269.093 2195 
-2.50018 3.74154 -10.0541 22.794 -17.9326 102.626 3.30274 11 543 1 0 1 152.638 152.638 1523 
-0.1767 -4.49653 -6.14677 3.04561 6.13333 -2.51076 3.3297 11 544 1 0 1 33.82 33.82 490 
-3.87186 -2.16801 -79 0.473699 1.81123 10000.5 3.07213 11 545 1 0 1 770.073 770.073 5036 
-4.21987 -1.5629 39.3442 0.271097 -0.0208737 -0.432656 3.56341 22 546 1341 1339 1 14.2826 14.2826 335 
3.66767 -2.60734 34.6795 0.0597095 0.341695 -0.375233 3.5298 22 547 2382 2381 1 102.104 102.104 984 
-0.584094 -3.14624 11.1056 -3.65705 -4.05451 33.3756 3.37268 11 548 1 0 1 614.566 614.566 4641 
2.32032 3.85566 -5.04989 0.636639 -0.540818 1.3524 3.32586 22 549 2205 1586 1 15.2176 15.2176 182 
-3.93541 -2.18233 49.7587 3.90363 -2.0746 11.9732 3.5022 -11 550 1161 1160 1 123 123 1054 
4.04962 -1.9623 62.5747 -0.195784 0.0122438 0.0479921 3.55878 22 551 1254 1253 1 65.9957 65.9957 868 
-0.828961 3.09076 -31.1052 -10.8308 8.86757 44.9168 3.23275 11 552 1 0 1 201.07 201.07 2018 
2.29589 3.87026 59.1089 -0.509263 -0.506317 11.3289 3.53313 -11 553 1045 1044 1 140.719 140.719 1398 
-4.21824 1.5673 44.689 0.0172583 0.0105447 0.0218606 3.67191 22 554 1876 1868 1 11.9007 11.9007 335 
-0.454822 -4.47696 -14.1199 0.626863 2.04809 -0.930874 3.30602 11 555 1 0 1 72.9759 72.9759 876 
-1.54081 3.53637 -79 0.0168178 -1.21124 10000.5 3.07213 11 556 1 0 1 846.732 846.732 5616 
0.386599 -4.48336 53.6928 0.172646 0.232991 0.420748 3.53049 22 557 1785 1751 1 87.3453 87.3453 771 
0.743597 4.43814 53.912 -0.391862 -0.289872 -0.153422 3.57886 22 558 2418 2382 1 6.6814 6.6814 86 
3.25017 -3.00893 -79 -0.917915 -0.65525 10000.5 3.07213 11 559 1 0 1 532.245 532.245 4031 
-3.1767 -0.385428 44.6326 -2.96595 -5.33434 10.0534 3.48462 11 560 1 0 1 592.407 592.407 5172 
4.19379 -1.63159 7.24159 -3.33785 2.57243 2.41939 3.37266 11 561 1 0 1 108.29 108.29 1267 
-2.34702 -3.23934 -79 0.385504 -1.34114 10000.5 3.07213 11 562 1 0 1 532.756 532.756 3114 
2.01652 2.48468 22.23 0.990131 6.43519 56.5215 3.4103 11 563 1 0 1 426.492 426.492 4082 
-0.0950391 3.19859 73.039 -13.0454 17.8414 101.538 3.57953 11 564 1048 1014 1 182.679 182.679 1696 
-2.90152 -3.43965 76.4329 0.350265 -0.138401 1.81801 3.59226 22 565 1044 1043 1 278.091 278.091 2253 
-4.34093 1.18587 78.3688 17.8849 -12.2285 23.3068 3.60081 11 566 1100 1051 1 61.9321 61.9321 766 
1.01177 4.38478 77.0898 -0.213352 -0.36329 1.41608 3.59377 22 567 1499 1394 1 35.9547 35.9547 434 
1.16449 -3.97684 -79 -1.13534 0.780593 10000.5 3.07213 11 568 1 0 1 450.146 450.146 2482 
3.51228 -2.81316 50.3881 -7.31137 7.55086 62.3896 3.50532 11 569 1 0 1 34.0241 34.0241 558 
4.47392 0.483781 38.1409 -0.248776 -0.114366 0.657846 3.46696 22 570 1148 1 1 29.303 29.303 404 
3.92146 2.20729 25.8888 -17.2415 15.3226 155.567 3.42247 11 571 1 0 1 91.9827 91.9827 1007 
3.71507 -1.38405 -79 -0.0477152 0.310703 10000.5 3.07213 11 572 1 0 1 545.96 545.96 4197 
-3.07938 -3.28138 -8.81063 4.06643 2.95726 30.8473 3.30703 22 573 1422 1 1 15.3054 15.3054 100 
1.32255 -4.30126 70.7989 -0.0609209 0.222501 -0.205577 3.59811 22 574 1005 1 1 83.5008 83.5008 726 
-2.73427 -3.57404 24.3422 0.199063 0.261574 0.391245 3.52087 22 575 1873 1843 1 12.7608 12.7608 110 
0.408992 -3.17376 45.7405 10.1486 -31.4196 324.24 3.48854 11 576 1 0 1 437.634 437.634 4122 
3.03314 3.32416 2.17921 -0.224624 -0.406281 -0.21354 3.4051 22 577 1275 1255 1 33.2552 33.2552 484 
-2.65012 3.63688 -42.4693 4.46868 -4.52787 7.24599 3.19738 11 578 1 0 1 149.539 149.539 1481 
1.8616 3.25261 -79 -0.674489 0.869361 10000.5 3.07213 11 579 1 0 1 808.964 808.964 5529 
2.29518 3.87068 70.5382 -0.119522 -0.0581976 0.175081 3.5733 22 580 1849 1795 1 98.1422 98.1422 1208 
3.35788 2.99577 38.9611 -0.426651 -0.271949 -0.0716414 3.51153 22 581 1087 1086 1 33.7312 33.7312 441 
0.745397 -4.43784 75.2987 -0.175176 0.0701619 0.703328 3.58869 22 582 1008 1 1 22.93 22.93 342 
4.3252 -1.24203 29.9561 -11.9022 3.18073 177.773 3.43578 22 583 1315 1 1 168.59 168.59 1446 
-0.0125459 -4.49998 58.215 2.49358 7.32714 60.0151 3.53095 11 584 1 0 1 127.633 127.633 1355 
-4.24309 1.49873 33.5767 0.768968 2.5735 -0.453769 3.45359 -11 585 1213 1212 1 113.22 113.22 1453 
3.26547 3.09624 -1.98599 1.49744 -3.89143 13.3331 3.33124 11 586 1 0 1 155.15 155.15 1565 
-3.15571 3.20803 28.3926 14.6757 -2.47606 15.9043 3.4339 11 587 1 0 1 74.5816 74.5816 877 
-4.40503 -0.919618 26.0214 6.1193 6.88855 32.3067 3.42428 11 588 1 0 1 96.2957 96.2957 888 
-2.38748 -3.81444 30.786 -0.0017618 0.165591 0.0247701 3.47512 22 589 1567 1566 1 24.3375 24.3375 401 
-0.759953 4.43537 45.6667 3.38657 -9.54596 13.8628 3.49337 -11 590 2180 2179 1 77.3599 77.3599 785 
3.0865 -0.84469 50.8983 4.37588 -2.71317 3.07337 3.51083 11 591 1 0 1 322.655 322.655 2757 
4.43624 0.754814 37.584 -0.772879 0.00131602 1.78985 3.4655 22 592 1430 1380 1 51.4865 51.4865 481 
-4.29686 -1.33679 33.9512 0.125637 0.280406 -0.115319 3.68409 22 593 1201 1200 1 37.7447 37.7447 559 
1.68236 3.68836 -79 -0.760743 -0.73767 10000.5 3.07213 11 594 1 0 1 875.533 875.533 5834 
4.39142 -0.98255 38.2843 -0.162713 0.104848 -0.0619141 3.48365 22 595 1389 1280 1 53.249 53.249 474 
-3.14327 0.599889 -1.23069 3.1856 6.05535 72.4164 3.33225 11 596 1 0 1 286.664 286.664 2817 
-3.92008 2.20975 70.2396 0.0510398 0.00267343 0.190727 3.57392 22 597 1303 1210 1 23.3839 23.3839 262 
4.36397 1.09807 26.168 -0.942667 1.46725 3.92102 3.42668 22 598 1110 1109 1 74.8276 74.8276 899 
2.46654 3.7638 69.391 -0.116527 -0.510295 0.684698 3.56863 11 599 1852 1851 1 99.6035 99.6035 950 
-1.3902 -4.27988 54.7305 -0.0528302 0.493463 -0.121749 3.55366 22 600 1257 1256 1 28.2995 28.2995 417 
-3.97509 2.10919 9.44264 0.293973 -1.74574 2.00643 3.37333 22 601 1017 1 1 57.2698 57.2698 642 
-2.04966 4.00611 -21.7674 0.673251 0.16132 0.381729 3.28521 22 602 1350 1 1 1.02625 1.02625 24 
3.56265 -0.30539 -79 1.06737 0.124264 10000.5 3.07213 11 603 1 0 1 800.593 800.593 5657 
-1.00792 -4.38567 22.3731 22.4459 9.60711 115.9 3.41116 11 604 1 0 1 141.314 141.314 1204 
-4.26922 1.4226 77.9412 0.355421 -0.156464 0.259849 3.5985 22 605 1136 1120 1 132.845 132.845 1038 
1.84127 4.10606 63.1998 -0.0127309 -0.143472 1.28212 3.54786 22 606 1297 1219 1 40.1615 40.1615 463 
-2.11863 -3.97006 16.618 16.1716 26.4054 152.35 3.39174 11 607 1 0 1 147.724 147.724 1551 
4.38072 1.02923 32.0413 -28.4352 -6.48109 56.9346 3.44589 11 608 1 0 1 44.9868 44.9868 582 
-4.07791 1.9028 22.9423 0.226899 -0.869122 5.97952 3.41394 22 609 1322 1 1 47.8312 47.8312 662 
-4.48315 -0.389009 56.5011 0.0822164 -0.0627575 0.172467 3.58948 22 610 1542 1498 1 78.2738 78.2738 837 
4.47892 -0.435036 44.2959 -0.166592 -0.0362627 0.000513195 3.49971 22 611 1140 1 1 25.5991 25.5991 382 
4.44744 -0.685781 51.5384 -0.435818 0.0362547 0.0660367 3.5256 22 612 1642 1472 1 50.2887 50.2887 569 
2.85082 3.48179 35.3539 1.32317 -0.138829 4.38811 3.46204 11 613 1 0 1 64.2128 64.2128 913 
-1.84633 4.10379 23.3127 0.216313 -0.49638 0.530209 3.41723 22 614 1185 1 1 21.5437 21.5437 286 
1.63179 -4.19372 55.4692 -0.841672 0.222379 -0.596139 3.60803 22 615 1407 1314 1 20.3725 20.3725 221 
3.65968 -2.61854 68.2709 -0.545095 0.425574 14.8304 3.56369 22 616 1099 1 1 156.498 156.498 1322 
2.78378 3.53561 -10.9216 13.4245 -23.0949 256.299 3.29933 11 617 1 0 1 282.76 282.76 2487 
-3.26854 -2.8992 -79 0.118407 -0.115198 10000.5 3.07213 11 618 1 0 1 525.991 525.991 3533 
-3.21696 -3.14661 58.4591 -13.8844 25.0229 61.7131 3.53278 11 619 1 0 1 81.6422 81.6422 744 
3.50823 -2.81821 72.6792 -0.360312 -0.193841 0.306138 3.62899 22 620 1611 1610 1 17.9789 17.9789 178 
-1.74304 4.14871 58.4052 -5.46238 -10.4382 28.1952 3.53304 11 621 1 0 1 75.2677 75.2677 794 
-1.87896 4.08895 46.7066 -8.18192 -4.48088 157.903 3.49149 11 622 1 0 1 420.723 420.723 3383 
0.176806 3.19511 -14.1304 4.00087 12.0073 38.1646 3.28905 11 623 1 0 1 346.394 346.394 3571 
-3.88817 2.26543 44.143 0.138286 -0.29053 1.17045 3.49691 22 624 1056 1 1 55.7279 55.7279 513 
4.42736 -0.805275 -26.8955 -2.70701 2.18442 31.3856 3.2466 22 625 1095 1 1 60.7945 60.7945 643 
2.64075 1.87845 -79 0.150963 1.68283 10000.5 3.07213 11 626 1 0 1 400.926 400.926 3111 
4.16106 -1.71335 75.1351 -0.283233 0.0965489 0.414219 3.60644 22 627 1073 1046 1 33.566 33.566 388 
-2.67992 3.61497 8.70562 0.0599087 -0.466613 0.281362 3.37493 22 628 1140 1 1 41.7138 41.7138 459 
-1.04385 4.37726 26.2338 -0.0760292 -0.344854 -0.369344 3.55328 22 629 2682 2680 1 28.4014 28.4014 421 
3.13792 3.22544 72.7833 -1.08841 -0.516562 7.83964 3.58022 22 630 1111 1 1 39.6814 39.6814 657 
-4.47148 -0.505824 -39.0972 0.359832 0.0242195 -0.362014 3.41418 22 631 1039 1003 1 61.5506 61.5506 734 
-1.82838 -4.11181 -1.55106 1.10325 8.79581 3.94212 3.3377 11 632 1 0 1 69.7054 69.7054 671 
4.39929 0.946687 28.2227 -0.3529 -0.0341591 0.367987 3.47082 22 633 1084 1083 1 23.4549 23.4549 409 
3.7262 2.52298 40.5346 -0.173974 0.00989365 0.0542726 3.48637 22 634 1420 1 1 29.0669 29.0669 498 
4.49489 0.214352 41.3883 -0.289963 0.0327993 -0.139202 3.53666 22 635 1158 1 1 118.624 118.624 1414 
3.16339 0.482662 43.7651 0.520331 1.17252 33.9002 3.48209 11 636 1 0 1 167.154 167.154 1384 
1.79553 -2.64879 42.114 -4.01045 -5.17267 340.082 3.47618 11 637 1 0 1 179.297 179.297 1597 
-1.8536 -3.87024 -79 0.910663 -0.708949 10000.5 3.07213 11 638 1 0 1 199.992 199.992 1551 
-4.49989 0.0312005 78.338 0.386734 -0.037273 1.30418 3.60126 22 639 1346 1317 1 21.2622 21.2622 408 
0.105517 4.49876 -5.87619 0.251892 -0.164149 0.666487 3.33913 22 640 1020 1 1 10.6853 10.6853 181 
-4.05082 -1.95982 41.7928 0.116784 0.289278 -0.00928906 3.50029 22 641 1241 1240 1 369.394 369.394 2510 
0.749666 4.43712 76.3244 1.1924 -3.11491 -1.44947 3.59831 11 642 1378 1224 1 204.642 204.642 1848 
2.9981 3.3558 -27.8446 -4.02626 -16.2577 12.2187 3.24929 11 643 1 0 1 16.8259 16.8259 176 
3.09712 3.26463 61.6079 -0.0980169 -0.324114 -0.0637311 3.5857 22 644 1516 1413 1 28.3449 28.3449 265 
3.90834 2.23044 12.2443 -0.352151 0.0589969 0.273531 3.41337 22 645 1966 1941 1 47.6571 47.6571 933 
4.0937 -1.86859 43.6281 -0.166985 -0.0673444 0.39061 3.48315 22 646 1069 1 1 99.783 99.783 980 
1.1651 -4.34656 -18.7524 -0.0145367 0.0365093 0.417572 3.27327 22 647 1293 1 1 186.608 186.608 1729 
-3.87333 -2.2907 -19.4008 0.265204 0.41944 0.442163 3.30608 22 648 1001 1 1 164.033 164.033 1742 
-2.73538 3.57319 53.5115 2.5029 -0.0150278 10.7841 3.51578 22 649 1138 1 1 82.6033 82.6033 936 
-0.662336 -4.38649 -79 0.386319 -0.0765939 10000.5 3.07213 11 650 1 0 1 232.858 232.858 2155 
-3.88652 2.26826 70.1283 2.06272 -2.90848 -0.0969221 3.57378 -11 651 1093 1092 1 125.266 125.266 1257 
-3.84061 2.34514 50.5653 0.266795 0.215872 -0.378602 3.64557 22 652 1336 1335 1 3.009 3.009 117 
-3.97242 -2.11421 -27.1876 1.91093 10.9828 13.2121 3.24939 11 653 1 0 1 165.889 165.889 1603 
-4.3596 -1.11529 23.3596 0.51647 -0.381443 0.165313 3.43436 22 654 1046 1 1 39.1588 39.1588 470 
3.04893 0.971608 -20.8553 0.838471 1.79825 28.4436 3.26668 11 655 1 0 1 387.341 387.341 3560 
-4.47041 -0.515178 -26.3376 13.8471 3.23453 219.696 3.24804 11 656 1 0 1 192.361 192.361 1473 
0.0570272 4.49964 74.6586 0.00408541 -0.187598 -0.0613871 3.63087 22 657 1183 1116 1 6.35235 6.35235 159 
0.034867 -3.19981 18.0521 2.67685 -7.53413 7.96561 3.399 11 658 1 0 1 426.429 426.429 3913 
-2.37558 3.82186 68.3943 -0.282313 -0.403834 -0.135416 3.66606 22 659 1418 1417 1 12.3933 12.3933 289 
-2.80788 -3.5165 60.9578 -2.3385 19.6853 28.0363 3.54083 11 660 1635 1502 1 254.534 254.534 1977 
1.063 -4.37265 69.8821 2.93544 2.66288 22.8834 3.57006 11 661 1 0 1 60.6481 60.6481 711 
-3.92217 -2.20603 66.941 0.209672 -0.105159 -0.00645443 3.63617 22 662 1115 1112 1 497.497 497.497 3714 
4.1294 -1.78831 65.0648 -0.42284 0.185167 0.219179 3.5908 22 663 1125 1124 1 136.871 136.871 1243 
2.80043 3.52244 6.93577 -0.101995 -0.0266328 -0.189224 3.49449 22 664 2100 2097 1 22.9859 22.9859 230 
4.46015 0.597526 56.3113 -1.11425 -2.07214 0.028159 3.5335 -11 665 1280 1279 1 100.826 100.826 994 
-1.24417 4.32458 71.0652 0.181367 -0.541953 -0.576133 3.57701 11 666 1004 1 1 347.271 347.271 2723 
-3.69319 2.57106 71.7773 10.6151 0.370101 18.4411 3.57821 11 667 1 0 1 73.8696 73.8696 1081 
-4.17518 -1.67865 9.62152 -0.0273653 0.29034 0.115476 3.41759 22 668 1271 1270 1 62.0019 62.0019 681 
0.379647 -4.48396 30.5564 -1.04358 2.47161 -1.01815 3.44546 -11 669 1453 1452 1 203.09 203.09 1692 
-3.36719 -2.9853 0.071057 0.392749 0.294375 0.142166 3.35325 22 670 1387 1386 1 11.0805 11.0805 198 
-2.41234 3.79877 -0.627126 0.486495 -0.0305937 0.153317 3.35169 22 671 1292 1254 1 234.436 234.436 2087 
4.28107 -1.38653 24.5853 -0.227911 0.444182 -0.108989 3.59991 22 672 1375 1374 1 130.337 130.337 1348 
-2.6355 3.64749 75.8515 0.268067 -0.288751 0.387569 3.60706 22 673 1162 1118 1 20.1581 20.1581 510 
1.72378 -4.15675 5.2899 -0.487708 0.12003 0.316929 3.37323 22 674 2648 2347 1 22.947 22.947 463 
0.236218 -4.4938 -13.2966 5.32628 2.23504 3.52372 3.30333 11 675 1 0 1 21.6852 21.6852 204 
-1.5261 4.23332 69.686 1.71735 -2.58049 12.4517 3.56851 22 676 1373 1 1 156.694 156.694 1578 
-4.372 -1.06567 30.3956 6.10743 0.25802 1.83834 3.4446 -11 677 1002 1001 1 134.444 134.444 1359 
-4.33185 1.21863 -40.0869 7.08701 -4.26546 1.60956 3.22646 11 678 1 0 1 101.732 101.732 1205 
4.43101 0.784936 57.0778 -0.37123 0.170615 -0.306918 3.54408 22 679 1037 1036 1 273.732 273.732 2587 
3.54567 -2.77097 54.9729 -13.6412 -12.8773 72.4643 3.52014 11 680 1 0 1 216.349 216.349 2001 
1.36973 4.28647 70.6341 -0.229024 -0.178389 0.0047532 3.71246 22 681 1684 1628 1 8.66583 8.66583 186 
2.82626 -1.50076 -47.1886 9.96001 1.35895 25.3488 3.17878 11 682 1 0 1 265.98 265.98 2597 
0.305601 -4.48961 53.9722 -2.93621 3.55457 -3.27898 3.55044 -11 683 1270 1269 1 20.3871 20.3871 367 
-1.68293 2.72172 -47.689 -1.35825 5.54745 60.6021 3.17663 11 684 1 0 1 351.561 351.561 3107 
1.78968 4.12881 33.3317 -0.025378 -0.0169564 0.0141201 3.5907 22 685 1116 1108 1 448.857 448.857 3464 
-2.99607 -1.12408 11.2105 -22.8582 14.0473 176.077 3.37327 11 686 1 0 1 551.799 551.799 4273 
4.41494 0.870803 -35.2013 -5.18036 -4.89971 161.534 3.21823 11 687 1 0 1 378.828 378.828 2684 
0.76806 4.43397 65.2438 0.0248462 -0.308334 0.0899908 3.55604 22 688 1288 1 1 175.616 175.616 1455 
0.993853 3.04175 30.3129 7.07946 -2.16242 39.3155 3.43692 11 689 1 0 1 316.25 316.25 2677 
2.71678 -3.58735 57.1279 -0.0135036 0.167345 0.182903 3.57145 22 690 1119 1090 1 31.1243 31.1243 439 
1.25216 -4.32228 -42.6177 3.14914 4.03264 42.7762 3.19401 11 691 1 0 1 197.776 197.776 1581 
-4.24433 1.4952 21.4622 0.27604 0.542572 0.278708 3.4265 22 692 1212 1 1 63.9182 63.9182 604 
-0.0478605 -4.49975 36.0202 0.171227 0.289747 0.38451 3.49214 22 693 2115 2110 1 85.9756 85.9756 889 
3.84021 2.34581 49.1246 -0.635056 0.114397 0.813952 3.50973 22 694 1060 1 1 17.0516 17.0516 344 
4.21499 -1.57603 17.9999 -9.30818 7.23411 11.2666 3.39756 11 695 1 0 1 145.845 145.845 1371 
1.87147 2.59569 13.4815 -2.73612 10.7923 -0.468197 3.38305 11 696 1 0 1 279.728 279.728 2564 
-0.190115 -4.49598 48.6711 0.180188 0.402763 0.128356 3.61125 22 697 1152 1 1 21.7813 21.7813 388 
4.23349 -1.52563 16.9369 -0.0508482 -0.082437 -0.131027 3.43111 22 698 1400 1 1 135.224 135.224 1266 
-0.930343 -3.06177 -37.5309 0.292338 -3.14539 16.8259 3.21063 11 699 1 0 1 124.629 124.629 938 
4.27581 1.40267 5.52089 -0.0973813 -0.152665 0.0508853 3.39395 22 700 1067 1066 1 51.7855 51.7855 649 
3.30379 3.05532 -14.9323 -0.181499 -0.126801 -0.460542 3.36585 22 701 1148 1147 1 53.7587 53.7587 690 
-4.42638 -0.810665 61.4093 0.166955 0.0220127 0.200016 3.54815 22 702 1195 1164 1 311.059 311.059 2854 
-0.00984109 3.19998 -34.6422 3.06209 12.2041 204.774 3.2201 11 703 1 0 1 772.067 772.067 5752 
-1.60652 -4.20346 20.7487 0.180691 3.55997 2.00258 3.42767 11 704 1 0 1 87.2421 87.2421 1081 
0.958293 4.39678 69.2205 -0.27347 -1.48411 -0.899869 3.58192 -11 705 1114 1113 1 10.8918 10.8918 99 
-0.472632 -3.1649 54.2319 9.9136 -25.1942 119.128 3.51838 11 706 1 0 1 524.849 524.849 4009 
3.43461 -1.80034 -79 0.283043 -0.949486 10000.5 3.07213 11 707 1 0 1 592.313 592.313 4124 
1.96148 4.05001 68.8932 -0.308073 -0.403523 0.0581408 3.59436 22 708 1119 1118 1 24.2489 24.2489 374 
-1.92869 -3.69522 -79 -1.477 1.28138 10000.5 3.07213 11 709 1 0 1 624.003 624.003 4052 
-0.637394 -4.45463 28.0883 -3.11591 13.5002 148.442 3.42966 11 710 1 0 1 85.0482 85.0482 967 
-3.46634 -2.86958 -50.1529 8.97172 2.16491 1091.02 3.16835 11 711 1 0 1 409.009 409.009 3076 
3.79232 2.42245 59.8819 -9.88457 -14.0362 17.2566 3.53845 11 712 1 0 1 205.895 205.895 2249 
-4.49636 -0.180981 55.3465 1.64799 -0.442661 2.59151 3.52833 22 713 1944 1744 1 38.9967 38.9967 520 
-2.04842 -4.00674 29.3515 0.594318 0.308965 0.657056 3.43735 22 714 1383 1086 1 139.769 139.769 1722 
-3.65286 -2.62805 -26.4601 0.227231 -0.266745 0.518459 3.25928 22 715 1102 1 1 13.0612 13.0612 38 
-2.89748 -3.44305 57.2994 -0.15779 0.302897 -0.3801 3.60678 22 716 1371 1370 1 18.0633 18.0633 209 
3.02126 3.33496 62.9598 -0.091498 0.0280906 0.150996 3.54759 22 717 1079 1 1 199.534 199.534 1834 
1.88694 -2.58446 72.1742 0.209995 -0.130354 0.260989 3.59375 22 718 1035 1034 1 377.087 377.087 3032 
0.991883 -4.38932 50.304 0.147329 1.84348 1.18414 3.61867 11 719 1 0 1 16.8966 16.8966 185 
-1.61309 -4.20095 42.0808 0.410565 0.473226 0.26622 3.48726 22 720 1267 1199 1 46.707 46.707 600 
1.62391 4.19677 35.0044 -2.83767 2.14135 0.420338 3.45893 11 721 1053 1004 1 114.021 114.021 1246 
0.477338 4.47461 44.2153 0.249536 -0.370769 -0.247754 3.61488 22 722 2503 2500 1 32.0276 32.0276 452 
-0.666933 -4.4503 49.9234 -0.101742 0.742781 -0.128848 3.52881 22 723 1072 1 1 13.6115 13.6115 192 
4.32941 -1.22727 5.20904 -0.240722 0.011165 0.10774 3.37325 22 724 1505 1 1 16.3776 16.3776 159 
4.05654 -1.94794 57.7355 -0.411203 -0.325644 0.713415 3.54017 22 725 1474 1 1 145.668 145.668 1249 
0.259252 3.43082 -79 -0.469788 0.0206486 10000.5 3.07213 11 726 1 0 1 133.499 133.499 974 
-0.0715814 4.49943 -7.94315 0.177362 -0.81354 -0.460268 3.45631 22 727 1060 1 1 225.813 225.813 1632 
-3.29759 3.06201 30.4708 0.113986 -0.0664331 -0.183717 3.48498 22 728 1227 1 1 162.997 162.997 1312 
-0.727879 4.44074 41.6097 0.571017 -0.291169 -0.172456 3.5184 22 729 1561 1560 1 29.3823 29.3823 529 
-2.52177 3.72702 47.837 0.171068 -0.27096 0.268567 3.50255 22 730 1060 1 1 41.6458 41.6458 728 
-4.02315 2.01601 -17.07 0.0291232 -0.132343 -0.492704 3.57471 22 731 1754 1753 1 8.81433 8.81433 199 
-1.49265 -4.24523 76.3784 0.0658025 0.0734918 0.150732 3.62003 22 732 1214 1210 1 184.134 184.134 1963 
2.00635 -4.02797 59.2761 -0.202615 0.144666 0.0203274 3.54507 22 733 1046 1012 1 59.2722 59.2722 649 
-2.13662 -3.96041 64.7826 0.0397497 0.297266 0.217485 3.55746 22 734 1553 1383 1 29.7057 29.7057 435 
-1.1152 2.99939 22.3257 -2.83192 19.7874 305.524 3.41016 11 735 1 0 1 455.012 455.012 4077 
-1.33171 2.90973 78.4671 0.0237536 0.0686761 -0.0370735 3.60029 22 736 1001 1 1 242.324 242.324 2095 
-2.22504 2.29983 41.0109 -7.28399 14.6286 68.027 3.47321 11 737 1 0 1 204.652 204.652 2006 
3.16902 3.19489 54.1442 -1.91411 -0.68772 10.7075 3.51904 22 738 1130 1 1 191.772 191.772 1700 
-1.996 4.03311 56.7337 -1.04205 -0.678972 0.262205 3.57741 -11 739 1713 1712 1 37.8415 37.8415 370 
2.28693 -2.23829 11.9322 1.10559 -4.04893 2.13318 3.37631 11 740 1 0 1 324.015 324.015 3337 
4.05019 -1.96112 54.7851 -0.530465 0.338482 1.54495 3.51924 22 741 1160 1158 1 182.633 182.633 1754 
2.42318 3.79186 33.3802 -0.159988 -0.00833482 0.139517 3.45661 22 742 1351 1319 1 93.0585 93.0585 970 
1.984 2.51072 -30.8897 0.529993 -1.53583 489.072 3.23261 11 743 1 0 1 532.772 532.772 4213 
-1.01304 3.03541 -25.6253 8.81373 2.88226 35.2945 3.25068 11 744 1 0 1 361.391 361.391 3157 
4.47971 0.426853 69.7067 -0.148137 0.230583 0.431285 3.59733 22 745 1143 1142 1 111.034 111.034 977 
2.2603 -3.89115 54.8321 0.0576516 0.213127 -0.309348 3.61323 22 746 1076 1074 1 26.022 26.022 458 
-3.36853 -2.98379 42.9371 0.465 0.424534 1.22437 3.48132 22 747 1102 1 1 103.572 103.572 1076 
-3.14616 -0.584534 74.7161 0.34141 0.357885 0.3758 3.59783 11 748 1082 1021 1 262.951 262.951 2606 
-2.53011 1.95922 56.3782 -11.3499 11.94 77.2395 3.52489 11 749 1 0 1 371.652 371.652 3141 
2.24559 -3.89966 62.062 0.108801 0.293065 0.404222 3.5677 22 750 1593 1568 1 97.6496 97.6496 1104 
4.42125 -0.838157 1.62253 -0.100283 0.16014 0.14201 3.3512 22 751 1709 1708 1 175.293 175.293 1626 
-1.40402 3.12868 -79 -0.217124 -0.0416696 10000.5 3.07213 11 752 1 0 1 992.946 992.946 6670 
-4.49386 -0.234907 8.60473 0.919158 1.41394 -2.96112 3.38678 22 753 1001 1 1 154.558 154.558 1650 
0.295912 4.49026 75.312 1.85646 -2.73423 1.35365 3.59587 11 754 1502 1400 1 131.179 131.179 1089 
-1.2376 4.32647 43.2345 -1.29444 -1.34262 -0.249525 3.53523 22 755 1002 1 1 70.8067 70.8067 671 
-3.11494 -0.732904 21.6485 -0.2493 8.91731 5.78652 3.40925 11 756 1 0 1 488.209 488.209 4170 
1.67232 -2.72825 11.0031 9.45598 -5.04367 9.79018 3.37449 11 757 1 0 1 511.614 511.614 3829 
-3.42709 1.70381 -79 0.190803 0.299102 10000.5 3.07213 11 758 1 0 1 465.233 465.233 3006 
-2.29186 -3.87265 75.1186 -0.0452019 0.223176 0.3993 3.59392 22 759 1213 1 1 18.9975 18.9975 200 
4.26421 -1.43754 25.2885 -1.50766 2.27131 2.36456 3.42176 11 760 1424 1185 1 137.215 137.215 1480 
-2.42645 -3.78977 58.8935 0.140797 0.242014 -0.0797814 3.54677 22 761 1248 1 1 37.0911 37.0911 350 
-4.28759 -1.36621 -25.9604 0.198789 0.207358 0.0780563 3.26517 22 762 1803 1802 1 9.56002 9.56002 76 
-4.23224 -1.52911 -53.9212 0.265316 -0.195193 -0.0199366 3.16147 22 763 1561 1 1 305.855 305.855 1936 
-4.4155 -0.867963 -21.326 0.993608 0.196598 -1.02456 3.27551 11 764 1 0 1 95.0747 95.0747 793 
3.4756 -2.85836 64.3673 2.61405 4.50865 16.4563 3.55368 22 765 1089 1 1 21.5079 21.5079 316 
4.39039 0.987149 19.1357 -0.331587 0.367716 0.636481 3.40535 22 766 1190 1 1 76.6344 76.6344 1008 
2.89199 -3.44766 13.6179 -9.16376 8.10454 76.0867 3.38114 11 767 1 0 1 332.964 332.964 2726 
-1.0608 4.37318 65.6232 2.64515 -1.81379 13.1409 3.55732 22 768 1261 1 1 29.5498 29.5498 323 
4.08528 -1.88692 43.6866 -0.485829 -0.131391 -0.0884661 3.51083 22 769 1148 1147 1 170.368 170.368 1653 
-4.35832 -1.12029 -11.9672 0.140599 0.202964 0.447389 3.35717 22 770 1897 1867 1 12.7173 12.7173 260 
-3.65815 2.62067 68.0273 0.363258 -0.176307 0.313176 3.57067 22 771 1301 1300 1 175.34 175.34 1706 
-1.53681 -4.22945 36.0215 0.361331 0.0876272 -0.350545 3.49199 22 772 1570 1536 1 116.804 116.804 1501 
4.40623 0.91385 40.6085 -0.294107 -0.406794 -0.0955998 3.5929 22 773 1262 1233 1 17.2242 17.2242 369 
3.23374 -3.12936 3.75623 -0.341108 0.25529 0.282121 3.39455 22 774 1324 1323 1 93.7514 93.7514 1250 
3.73951 -2.50322 62.7239 -0.439374 -0.176194 -0.192422 3.60129 22 775 1297 1296 1 131.307 131.307 1285 
-4.23363 -1.52523 -11.6962 30.6975 15.6718 976.525 3.29664 11 776 1 0 1 279.911 279.911 2498 
2.78629 -1.57371 54.2088 0.328379 -1.28654 11.7887 3.51629 11 777 1 0 1 216.661 216.661 2626 
-4.23641 1.51752 -0.640012 15.7803 -5.11842 173.055 3.33356 11 778 1 0 1 231.688 231.688 1881 
-4.4983 -0.123551 42.3072 0.193667 0.00262627 0.0518768 3.48956 22 779 1653 1 1 31.6308 31.6308 304 
2.44248 2.06744 32.4738 4.79783 6.04657 46.5472 3.44396 11 780 1 0 1 460.734 460.734 3815 
-4.49294 -0.251919 -25.8261 7.92495 6.519 25.8956 3.24967 11 781 1 0 1 380.766 380.766 3545 
-4.4827 0.31179 -79 -1.45385 -0.316933 10000.5 3.07213 11 782 1 0 1 775.71 775.71 4809 
-0.500062 4.47213 26.6515 0.397354 -2.96241 8.46664 3.42751 22 783 1063 1 1 37.9589 37.9589 536 
3.33764 -3.0183 19.3583 -1.80688 -0.752532 2.25657 3.41306 22 784 1316 1314 1 25.2265 25.2265 497 
-4.02656 -2.00918 -21.6312 0.869362 2.38231 0.105336 3.27033 11 785 1 0 1 452.682 452.682 3450 
-0.616702 4.45754 22.0244 0.745103 -11.0657 83.078 3.40925 11 786 1 0 1 227.173 227.173 1780 
-2.54085 -2.67925 -79 0.879991 0.577445 10000.5 3.07213 11 787 1 0 1 734.137 734.137 4454 
3.98725 1.97388 -79 1.42733 0.845109 10000.5 3.07213 11 788 1 0 1 662.507 662.507 4827 
3.74648 -2.49276 17.5775 -0.636231 -0.137727 0.524929 3.39944 22 789 1084 1 1 107.919 107.919 1038 
0.584969 3.46333 -79 -0.513233 0.937237 10000.5 3.07213 11 790 1 0 1 813.123 813.123 5151 
2.85763 -1.44012 13.4404 31.6932 -9.99029 593.324 3.38054 11 791 1 0 1 268.091 268.091 2404 
-1.76255 -2.99802 -79 -1.79896 0.891432 10000.5 3.07213 11 792 1 0 1 746.791 746.791 4627 
-3.17449 -0.403266 47.9141 -12.0655 5.78855 36.8717 3.49603 11 793 1 0 1 216.562 216.562 2161 
-4.44818 0.680964 73.9854 7.57091 -3.80866 10.9821 3.5863 11 794 1 0 1 23.8435 23.8435 418 
4.47659 0.458405 55.7207 -0.417321 -0.116844 0.177596 3.57025 22 795 2084 2083 1 19.1686 19.1686 271 
3.10296 -3.25908 22.1467 -0.373422 0.189945 -0.186301 3.50193 22 796 1523 1520 1 29.587 29.587 440 
2.70614 -3.59539 -21.4788 1.54795 1.67305 -0.717997 3.28085 11 797 1 0 1 399.218 399.218 3138 
2.56256 -1.91658 22.2065 4.16776 -9.63603 125.123 3.40992 11 798 1 0 1 404.011 404.011 3660 
-0.939266 -3.68694 -79 -0.466687 -0.0948604 10000.5 3.07213 11 799 1 0 1 657.514 657.514 4085 
-0.0478379 -4.49975 65.9229 -0.343951 0.103533 0.216316 3.5834 22 800 1034 1002 1 16.4545 16.4545 305 
3.88055 -2.27844 48.0537 -19.4412 -1.46408 40.4274 3.49635 -11 801 1109 1108 1 113.916 113.916 971 
4.49926 0.0814708 56.1417 -0.155526 0.235571 -0.0350987 3.55841 22 802 1121 1 1 29.7279 29.7279 429 
3.08516 -3.27595 1.93158 -0.406552 1.54325 8.96665 3.34342 22 803 2087 1786 1 41.1632 41.1632 936 
-2.84312 1.5397 -79 -0.409766 -0.518314 10000.5 3.07213 11 804 1 0 1 593.339 593.339 3990 
0.324808 4.48826 16.4789 9.53088 -12.5319 80.8554 3.39084 11 805 1 0 1 136.451 136.451 983 
-4.43013 0.789924 12.6812 -0.645047 -1.5979 2.71572 3.38512 11 806 1 0 1 34.4072 34.4072 628 
4.28856 1.36318 -4.52287 -1.84079 -1.25359 1.48528 3.32224 11 807 1 0 1 102.139 102.139 934 
4.13638 1.77212 40.4162 -0.197888 -0.0267136 -0.102084 3.54829 22 808 2234 2107 1 8.01395 8.01395 114 
0.185074 4.49619 -21.6501 -6.80881 -4.79169 121.986 3.26352 11 809 1 0 1 218.497 218.497 1914 
4.02354 2.01523 71.4902 -0.165128 -0.483575 -0.00279508 3.64767 22 810 4359 4356 1 28.4126 28.4126 362 
4.35763 -1.12295 44.6768 -4.98155 6.38881 23.4237 3.48928 11 811 1490 1279 1 32.1481 32.1481 420 
0.716141 -4.44265 65.885 0.108101 0.224023 -0.286099 3.60915 22 812 1304 1303 1 141.921 141.921 1802 
0.999047 3.04005 25.2495 -4.2979 19.6517 90.4535 3.42057 11 813 1 0 1 274.01 274.01 2825 
-2.98399 3.36836 45.9666 0.185702 0.0032844 0.136033 3.54955 22 814 1366 1 1 4.3634 4.3634 239 
-0.309954 -4.48931 15.4235 -0.0256965 0.574801 0.148932 3.4038 22 815 1447 1 1 58.4701 58.4701 536 
3.92438 2.20211 71.5107 -0.37007 -0.282278 0.21092 3.60538 22 816 2569 2567 1 32.1099 32.1099 379 
-4.03206 1.99811 -13.9483 2.10043 -1.56633 -3.95449 3.31993 11 817 1 0 1 23.0702 23.0702 266 
0.0516529 -4.4997 3.31791 -1.12992 0.433026 10.9001 3.34747 22 818 1521 1 1 85.8083 85.8083 896 
0.963538 4.39563 63.2292 0.14561 -0.48493 0.0689954 3.59647 22 819 1460 1458 1 122.331 122.331 966 
2.69482 3.0239 -79 0.468679 -1.77799 10000.5 3.07213 11 820 1 0 1 885.763 885.763 5354 
-3.19568 -0.166167 60.329 -5.66262 1.88414 15.2118 3.53708 11 821 1 0 1 437.966 437.966 3627 
4.44329 0.712147 78.2842 -0.291594 -0.0467976 0.417017 3.6507 22 822 1019 1018 1 19.7177 19.7177 447 
4.49992 0.0269098 23.1993 -29.5823 3.88366 8.0049 4.03128 2112 823 1066 1035 1 39.5917 39.5917 502 
-2.26592 3.88788 14.2498 1.96988 -1.10606 1.223 3.39591 11 824 1 0 1 129.259 129.259 1029 
-4.49699 -0.164435 63.1718 0.536597 -0.477287 -0.371547 3.65543 22 825 1644 1616 1 47.8236 47.8236 500 
-3.47638 -2.8574 34.4151 -0.00566934 0.400715 0.317042 3.5145 22 826 1526 1525 1 51.4024 51.4024 498 
3.00201 -1.10811 -20.2296 0.532073 -0.0329827 0.0586294 3.34695 22 827 1001 1 1 341.818 341.818 3161 
-4.40393 0.924878 57.6472 6.54513 -6.27482 20.3843 3.52845 11 828 1 0 1 92.8874 92.8874 1036 
1.28278 2.93163 -1.7209 1.7311 1.48132 -1.83082 3.33187 11 829 1 0 1 368.361 368.361 3069 
-1.75278 4.14461 48.014 -0.295707 -0.482823 0.474144 3.49779 11 830 1035 1 1 497.426 497.426 3832 
1.70634 4.16394 67.1948 0.220695 -0.292544 -0.356134 3.59514 22 831 1161 1142 1 138.371 138.371 1198 
-0.446656 4.47778 10.3057 -1.84118 -29.2581 975.849 3.37013 11 832 1 0 1 236.645 236.645 2210 
4.09257 -1.87105 47.8288 -1.06909 -0.244601 -0.156588 3.57076 22 833 1224 1087 1 103.641 103.641 1252 
-1.46108 -4.2562 54.0911 0.119211 0.275151 -0.413764 3.58038 22 834 1140 1139 1 40.5282 40.5282 327 
-1.50101 3.85704 -79 1.65405 0.334089 10000.5 3.07213 11 835 1 0 1 674.571 674.571 4166 
1.52593 -4.23338 9.99194 0.0262243 0.33197 0.387593 3.39269 22 836 1022 1021 1 102.254 102.254 932 
-1.65158 2.74085 41.0623 -4.73964 7.24389 63.3033 3.47278 11 837 1 0 1 297.426 297.426 2715 
-4.20803 1.59451 48.7987 0.181661 -0.130466 0.459454 3.52793 22 838 1419 1389 1 114.749 114.749 1119 
-4.31123 1.2897 19.1026 7.38368 -12.9825 12.5986 3.40669 11 839 1 0 1 165.359 165.359 1728 
3.14257 3.22091 24.8994 -0.260686 -0.631841 -1.41269 3.54043 22 840 1038 1015 1 9.46547 9.46547 221 
4.33287 1.21501 -39.9988 -0.0737753 0.117409 0.427303 3.20356 22 841 1043 1 1 112.209 112.209 1032 
-3.53741 2.7815 37.7146 11.6906 -4.35871 115.585 3.46177 11 842 1 0 1 114.77 114.77 980 
-3.94077 2.17263 -17.0596 7.19952 -2.54098 133.645 3.27875 11 843 1 0 1 506.534 506.534 3500 
1.67801 4.17544 2.11134 -0.878959 -0.053757 1.29661 3.35151 22 844 1625 1534 1 29.5538 29.5538 416 
2.6355 3.64749 73.0755 -0.231672 -0.35951 0.80964 3.59358 22 845 3120 3028 1 17.4066 17.4066 366 
3.17981 -0.358874 3.15578 5.51296 4.25223 20.0521 3.34693 11 846 1 0 1 418.95 418.95 3636 
4.46553 -0.55592 44.621 -0.266475 0.192524 -0.391211 3.69655 22 847 1564 1563 1 8.42087 8.42087 327 
3.84262 -2.34186 21.2811 -0.143386 0.205305 0.364928 3.41663 22 848 2430 1 1 15.0042 15.0042 320 
-1.22758 -4.32932 68.4021 0.0623327 0.216948 0.458441 3.59548 22 849 1212 1185 1 13.4146 13.4146 218 
3.94011 -2.17383 36.1461 -0.296941 0.163227 -0.0900719 3.48433 22 850 1096 1095 1 412.106 412.106 3571 
-0.283899 4.49104 46.0414 -0.194984 -0.525132 0.441517 3.51377 22 851 1242 1 1 58.7743 58.7743 821 
-0.320961 -4.48854 16.0828 -1.00265 1.4536 0.557826 3.44694 22 852 1002 1 1 20.2916 20.2916 364 
2.41506 -3.79704 30.56 -0.832905 7.82786 11.4144 3.43903 11 853 1 0 1 170.834 170.834 1494 
0.664416 -4.45068 -35.145 -0.147488 0.371212 -0.549924 3.3141 22 854 1714 1713 1 67.6553 67.6553 813 
0.544134 4.46698 42.5315 -13.5986 -27.0446 257.964 3.47785 11 855 1 0 1 103.621 103.621 988 
-2.26116 -3.89065 75.0046 -0.25185 0.44458 0.00632373 3.61878 22 856 1040 1037 1 47.4272 47.4272 576 
-3.53931 0.171445 -79 1.43777 1.82538 10000.5 3.07213 11 857 1 0 1 476.544 476.544 2714 
-2.55109 3.70701 65.9619 0.0141865 -0.136612 -0.0707569 3.58604 22 858 1267 1264 1 21.0866 21.0866 390 
-3.9626 2.13256 77.4177 -0.248862 -1.0812 1.74441 3.6085 22 859 1206 1171 1 6.50447 6.50447 100 
-0.310498 3.1849 -11.503 9.44266 5.56751 47.729 3.29779 11 860 1 0 1 402.498 402.498 3535 
-4.28673 -1.36891 48.8272 0.0850913 -0.0788689 2.20456 3.50067 22 861 1252 1 1 332.177 332.177 3100 
0.546589 4.46668 69.6562 -0.0612873 -0.169493 -0.478159 3.62494 22 862 1084 1083 1 152.687 152.687 1575 
2.9513 1.45291 -79 -1.20016 -0.211638 10000.5 3.07213 11 863 1 0 1 510.768 510.768 2953 
-2.72533 -1.67707 -6.04118 -2.45971 -0.0243342 17.2058 3.31738 11 864 1 0 1 290.216 290.216 2722 
-0.277736 4.34941 -79 -2.27779 0.209585 10000.5 3.07213 11 865 1 0 1 332.846 332.846 2031 
-3.77805 2.44466 32.7081 0.357688 0.058979 0.213548 3.4954 22 866 1555 1529 1 16.3543 16.3543 253 
-0.245661 -4.49329 56.0628 -0.351592 0.349264 0.245037 3.53086 22 867 1495 1399 1 43.5214 43.5214 541 
2.75955 -3.55456 -11.4661 0.109612 0.246946 0.209703 3.30384 22 868 1263 1 1 84.4035 84.4035 690 
1.71109 -3.17889 -79 -1.11717 0.182856 10000.5 3.07213 11 869 1 0 1 628.498 628.498 3806 
1.10832 -3.52675 -79 0.784261 -0.502412 10000.5 3.07213 11 870 1 0 1 696.819 696.819 4537 
-1.68164 -4.17398 73.6639 -0.0353211 0.49525 0.120829 3.64093 22 871 1393 1390 1 19.7861 19.7861 212 
2.97181 -3.3791 76.8421 -0.22408 0.455701 0.056961 3.62769 22 872 1193 1192 1 129.073 129.073 1187 
3.99267 -2.07571 44.6087 -0.00304971 0.0534715 0.263335 3.48525 22 873 1257 1157 1 212.24 212.24 1658 
-3.94563 -2.16379 14.2553 -0.404196 1.54329 5.49213 3.38455 22 874 1038 1 1 60.5126 60.5126 766 
-3.74459 -2.49561 66.1059 0.466533 0.194557 0.0749313 3.62164 22 875 1503 1500 1 47.5793 47.5793 516 
3.14468 3.21885 10.6368 -0.144472 -0.0713405 0.066027 3.43059 22 876 1058 1 1 188.996 188.996 2033 
-0.0358614 3.1998 54.4021 15.369 48.7064 103.704 3.51871 11 877 1 0 1 341.246 341.246 3284 
-2.08127 3.98978 60.6522 -1.62301 -2.69022 8.98811 3.54779 22 878 1055 1 1 10.8471 10.8471 192 
1.62506 -4.19633 35.4896 -0.249518 0.263383 -0.135181 3.48548 22 879 1574 1573 1 22.6826 22.6826 424 
1.39081 4.27968 37.0029 1.77773 0.157232 0.931196 3.49918 11 880 1 0 1 101.35 101.35 831 
-2.22552 2.29936 -41.9037 2.88309 6.15391 12.1901 3.1976 11 881 1 0 1 167.278 167.278 1398 
4.4985 -0.116258 -40.2228 -1.91922 -0.537161 2.95367 3.20477 11 882 1 0 1 119.491 119.491 1215 
2.67646 -3.61754 57.1841 -0.415884 0.221789 0.660748 3.53069 22 883 1144 1 1 71.8257 71.8257 842 
2.7296 1.67011 46.3605 3.10078 2.39098 1.22153 3.50711 11 884 1 0 1 404.025 404.025 3320 
-3.99027 -2.08033 8.09924 7.29856 1.7655 9.77366 3.36565 11 885 1 0 1 140.081 140.081 1005 
4.49091 -0.285859 22.3974 -0.190011 -0.0525465 -0.0961207 3.4549 22 886 1440 1 1 21.2707 21.2707 252 
4.4842 0.376803 65.0551 -0.119438 0.0659005 0.232987 3.56383 22 887 1624 1496 1 107.015 107.015 1245 
-3.7734 2.45182 28.2827 9.2322 -2.92201 17.2527 3.4322 22 888 1444 1398 1 25.8427 25.8427 564 
1.60769 4.20301 52.9083 -24.3261 -43.5414 29.2411 3.51251 11 889 1 0 1 191.478 191.478 1456 
-0.313897 -3.18457 0.0769452 9.21534 -20.6998 197.655 3.33656 11 890 1 0 1 427.563 427.563 3543 
-4.47418 0.481354 -26.8802 -0.32125 -3.91513 11.7057 3.2482 11 891 1 0 1 241.816 241.816 2061 
3.13705 0.631594 -19.4392 10.0774 14.1993 145.224 3.27121 22 892 1001 1 1 433.529 433.529 3271 
0.155109 4.49733 0.495174 7.18153 -18.7853 48.1052 3.34253 11 893 1 0 1 76.7552 76.7552 700 
0.589823 -4.17555 -79 0.873429 1.58954 10000.5 3.07213 11 894 1 0 1 648.059 648.059 3934 
2.26788 -2.25759 39.7733 2.45617 -6.78104 49.3008 3.46868 11 895 1 0 1 412.404 412.404 3954 
-3.15588 -3.20787 58.5529 -0.0770697 0.212897 0.0255407 3.57509 22 896 1134 1 1 40.5143 40.5143 639 
-1.07487 -4.36974 36.3711 0.992676 2.0114 -1.51916 3.64187 22 897 1427 1425 1 57.7997 57.7997 517 
4.01002 -2.04199 76.9084 -0.153501 0.338804 0.114712 3.67592 22 898 1538 1537 1 24.177 24.177 360 
1.39057 4.27976 61.0143 -0.0717339 -0.208762 -0.101772 3.57918 22 899 1343 1329 1 136.894 136.894 1526 
-3.68969 -2.57608 68.0362 0.0911315 0.291362 -0.00511692 3.6097 22 900 1174 1 1 18.8601 18.8601 280 
0.660429 -4.45127 75.5959 -0.0988589 0.104616 0.490308 3.644 22 901 1411 1384 1 3.00741 3.00741 152 
1.95005 2.53718 28.4383 49.2556 11.935 529.235 3.43083 11 902 1 0 1 459.918 459.918 4143 
3.11001 -0.753562 -15.8332 -3.67445 -1.60097 48.7449 3.28298 11 903 1 0 1 565.291 565.291 3977 
-4.44119 0.725143 58.463 1.65672 -0.814234 -0.865437 3.57883 11 904 1353 1292 1 74.7048 74.7048 1096 
1.66393 -4.18107 44.6218 -4.8562 3.96885 0.518553 3.49584 11 905 1223 1110 1 34.8839 34.8839 423 
4.49926 -0.0815671 -22.9931 -0.503277 0.0695906 -0.0546715 3.28907 22 906 1587 1585 1 69.2739 69.2739 707 
-4.49743 -0.152104 -3.60388 0.317875 0.304579 -0.259437 3.33845 22 907 1262 1261 1 40.1813 40.1813 598 
-4.16145 1.7124 57.7731 2.59874 9.29029 252.824 3.52841 11 908 1 0 1 339.986 339.986 2863 
-0.167233 -3.85832 -79 0.278363 1.62702 10000.5 3.07213 11 909 1 0 1 774.751 774.751 4949 
-3.65405 -2.6264 25.9312 0.393539 -0.325937 -0.00352692 3.50663 22 910 1444 1443 1 271.945 271.945 1941 
-4.28383 -1.37797 17.448 7.8211 4.04087 120.46 3.39409 22 911 1267 1 1 209.314 209.314 2057 
-1.68091 4.17427 46.1525 0.0847757 -0.316722 0.443027 3.50227 22 912 1104 1 1 14.0212 14.0212 199 
4.22984 -1.53572 42.7859 -0.649721 0.298821 1.34133 3.4845 22 913 1561 1407 1 4.60178 4.60178 113 
-1.12817 -4.35629 44.3173 0.277388 1.23663 5.9223 3.48567 22 914 1425 1424 1 124.818 124.818 1152 
3.19858 0.0954751 66.6214 0.117492 -0.00665026 -0.0620519 3.57058 22 915 1106 1105 1 382.167 382.167 3592 
-4.21065 -1.58759 62.9676 0.900616 0.819337 1.02222 3.55893 22 916 2045 2044 1 40.17 40.17 714 
-3.43884 2.90248 -9.03178 0.817068 0.108447 0.638785 3.31109 22 917 1473 1472 1 99.9732 99.9732 1130 
2.13418 -3.96173 47.6721 2.44725 9.40993 10.1529 3.4973 11 918 1397 1212 1 61.4296 61.4296 638 
3.19843 0.100114 16.7325 26.7296 0.675682 49.0526 3.39233 11 919 1 0 1 307.367 307.367 3095 
-3.49339 -2.83659 17.1969 10.3632 5.08437 88.1207 3.39321 11 920 1 0 1 304.313 304.313 2672 
0.484749 3.24249 -79 1.03348 0.906681 10000.5 3.07213 11 921 1 0 1 736.64 736.64 5123 
1.86551 4.0951 57.3393 -0.0680083 -0.294357 1.5596 3.53011 22 922 1321 1166 1 9.38049 9.38049 263 
-3.73095 2.51596 0.610686 2.06986 -2.65112 15.4235 3.33981 11 923 1 0 1 71.9575 71.9575 638 
-1.95589 -4.05271 -32.2747 2.79786 1.22493 1.39445 3.23187 22 924 1415 1414 1 48.3264 48.3264 483 
-0.306388 -3.1853 34.5628 -4.44157 -16.0345 857.442 3.45097 11 925 1 0 1 247.859 247.859 1946 
-2.50244 3.74002 70.7928 13.9005 -12.8162 103.853 3.57232 -11 926 1268 1267 1 119.403 119.403 1152 
3.08579 3.27535 -29.1941 3.87075 -15.247 23.7927 3.23937 11 927 1 0 1 95.2972 95.2972 1021 
-3.82767 2.36621 66.5535 -0.651934 -1.32285 -0.0297537 3.56029 -11 928 1034 1033 1 211.742 211.742 1633 
3.14262 -3.22086 -4.91803 -0.82781 0.359972 -0.3628 3.35723 22 929 1656 1655 1 14.7862 14.7862 229 
-0.191253 -3.19428 -23.8204 -11.0952 -2.48813 45.9118 3.25758 11 930 1 0 1 379.348 379.348 2934 
1.09671 -4.36431 35.2685 -0.120829 0.220686 -0.227246 3.52679 22 931 1282 1281 1 100.172 100.172 892 
4.362 1.10589 43.7438 -0.042504 0.0444524 0.125347 3.48763 22 932 1255 1 1 99.482 99.482 851 
-3.0615 3.29806 53.5865 0.39271 -0.325672 -0.0289193 3.5794 22 933 1781 1779 1 25.7182 25.7182 276 
4.07272 1.91388 29.2737 -0.129387 -0.0551683 0.189452 3.45655 22 934 1082 1065 1 86.9404 86.9404 1421 
-1.29242 4.31041 28.6787 -0.229498 -0.325609 0.412591 3.44135 22 935 1437 1 1 64.0762 64.0762 707 
0.495495 -3.16141 70.3509 -3.37993 -37.3368 198.148 3.57086 11 936 1 0 1 257.217 257.217 2645 
-2.28684 -3.87561 34.2123 0.143954 0.365768 -0.326513 3.53658 22 937 1124 1123 1 0.272582 0.272582 26 
2.16885 2.35289 -51.3425 12.3585 0.0472088 1120.71 3.16438 11 938 1 0 1 381.818 381.818 2530 
4.13578 1.7735 77.1713 -7.08486 -2.05643 4.71628 3.60718 11 939 1 0 1 18.5642 18.5642 267 
-1.88046 4.08826 67.9959 -0.0112394 -0.164096 0.30216 3.56734 22 940 1104 1103 1 142.697 142.697 1281 
-4.4779 -0.445412 45.5891 0.371483 0.126584 0.0853316 3.53907 22 941 2569 2567 1 27.9403 27.9403 438 
2.61572 3.6617 11.1919 -0.176232 -13.7159 24.9044 3.37392 11 942 1 0 1 128.846 128.846 1660 
2.16977 3.94235 49.1122 -0.195601 -0.0963777 -0.137126 3.55347 22 943 1059 1 1 1.43531 1.43531 77 
2.911 -2.00696 -79 -0.270538 -0.554192 10000.5 3.07213 11 944 1 0 1 784.869 784.869 4959 
-3.02847 -1.03362 72.4154 -0.277635 -0.0387224 0.465956 3.5815 22 945 1035 1034 1 284.831 284.831 2571 
3.61033 2.68617 71.9298 -1.19011 -0.280681 0.392331 3.63121 22 946 1580 1579 1 5.50171 5.50171 189 
-2.87801 -3.45935 62.0708 -0.0987807 0.281233 0.415055 3.56312 22 947 1389 1388 1 12.5689 12.5689 210 
0.84763 -3.0857 -15.6055 -24.8892 -27.4415 618.371 3.28364 11 948 1 0 1 604.572 604.572 5073 
-0.297749 4.49014 74.8528 -9.14641 -6.03518 9.48847 3.58882 -11 949 1115 1114 1 136.781 136.781 1451 
0.23021 -4.49411 -7.93865 -0.780037 2.18465 -2.70086 3.31395 -11 950 1574 1573 1 75.8526 75.8526 1058 
2.87319 -1.40883 62.8612 2.63037 0.885435 0.709106 3.55158 11 951 1096 1 1 408.969 408.969 3693 
4.23438 -1.52316 64.0118 0.512511 0.957086 1.49736 3.55982 -11 952 1210 1209 1 424.732 424.732 2599 
-3.19823 -0.106476 -29.7855 -4.42017 4.12429 1.35891 3.23751 11 953 1 0 1 348.48 348.48 2775 
4.40087 -0.93934 49.267 -1.2182 4.88347 5.48831 3.51341 11 954 1242 1224 1 105.243 105.243 1010 
0.595561 -4.46042 -26.537 -4.38912 10.9331 91.048 3.24725 11 955 1 0 1 135.839 135.839 894 
3.13864 -3.22474 75.8818 -0.403564 -0.0200579 0.312816 3.59702 22 956 1413 1412 1 25.3338 25.3338 235 
2.13274 2.38567 -18.0545 0.58725 4.18228 40.1457 3.27543 11 957 1 0 1 492.836 492.836 3343 
3.31991 -3.0378 66.7651 -0.398334 0.319787 -0.0136468 3.62936 22 958 1382 1380 1 33.344 33.344 660 
3.00701 -3.34782 -35.1567 -8.50868 1.8322 79.9083 3.21853 11 959 1 0 1 286.115 286.115 2910 
1.79572 3.80325 -79 -0.985662 0.112785 10000.5 3.07213 11 960 1 0 1 648.51 648.51 4534 
4.06187 1.9368 76.2436 -0.218915 -0.237927 -0.105228 3.61924 22 961 1029 1 1 34.0659 34.0659 518 
-2.965 -3.38508 52.8399 0.0763128 0.191379 0.00168342 3.55332 22 962 1500 1499 1 25.0356 25.0356 376 
-3.39331 -2.95558 50.4763 0.175241 -0.0760405 0.0240461 3.61754 22 963 1097 1096 1 36.8427 36.8427 436 
-2.02418 2.47845 8.44127 0.898822 3.89972 6.02458 3.36564 11 964 1 0 1 268.764 268.764 2945 
0.374295 -4.48441 41.3414 -0.0189271 0.407326 0.852241 3.50462 22 965 1078 1 1 68.6959 68.6959 633 
4.49769 0.144097 -40.1977 -3.2861 10.699 31.3817 3.20157 11 966 1 0 1 410.217 410.217 3166 
-4.45394 0.642213 19.7133 0.224732 0.0086836 0.0548507 3.42048 22 967 1427 1400 1 52.5094 52.5094 650 
-3.03982 -3.31806 38.3977 0.456073 -0.065726 -0.220902 3.69179 22 968 1918 1893 1 50.963 50.963 443 
1.53397 4.23048 77.0797 -0.52594 0.0513589 0.177656 3.67339 22 969 1111 1110 1 11.6819 11.6819 142 
-4.44492 -0.701941 62.5039 3.56965 -0.982916 29.9638 3.54489 11 970 1 0 1 528.257 528.257 4632 
0.452982 3.16778 -2.94041 0.87901 3.78317 24.9209 3.32591 11 971 1 0 1 227.145 227.145 2247 
-1.57426 4.21565 43.4693 0.428437 -0.110736 0.0123042 3.49092 22 972 1144 1 1 66.6801 66.6801 958 
-2.63439 -3.64828 52.4819 -0.511775 2.32073 3.37206 3.51441 -11 973 1114 1113 1 30.734 30.734 386 
-4.4695 -0.52307 19.1927 0.208086 -0.387127 0.429619 3.41059 22 974 1300 1 1 82.1574 82.1574 975 
-4.28613 -1.3708 -6.69411 13.3686 6.36415 586.991 3.31332 11 975 1 0 1 551.157 551.157 4285 
-2.95144 -3.39691 71.7965 0.672615 0.362675 -0.303885 3.59652 22 976 1024 1004 1 210.333 210.333 1843 
-1.9858 -3.76674 -79 0.682612 -0.95495 10000.5 3.07213 11 977 1 0 1 752.279 752.279 4859 
1.96169 -4.04991 -6.81067 -0.828693 0.845455 1.67123 3.32307 22 978 1107 1 1 72.2848 72.2848 660 
-0.255396 -4.49275 9.91322 -14.1707 2.87589 33.2065 3.37004 11 979 1 0 1 83.8272 83.8272 859 
3.67764 2.59326 69.2648 -0.470013 0.193559 -0.0523745 3.57974 22 980 1059 1057 1 73.9831 73.9831 787 
4.26696 -1.42934 4.15489 -12.7188 -9.02543 6.81905 3.35451 11 981 1 0 1 53.9498 53.9498 789 
-2.82272 -3.50461 77.8046 0.424695 0.065512 0.0594512 3.62625 22 982 1140 1 1 79.2148 79.2148 822 
2.05105 3.16616 -79 2.51462 1.45165 10000.5 3.07213 11 983 1 0 1 645 645 4325 
-2.23272 -3.90704 -21.943 0.019367 0.689397 -0.447568 3.4776 22 984 1001 1 1 26.6655 26.6655 435 
2.52452 -2.41282 -79 -2.26738 -1.21848 10000.5 3.07213 11 985 1 0 1 442.548 442.548 2859 
-1.524 4.23408 69.8795 -0.565778 -2.92334 1.03682 3.6289 11 986 1541 1442 1 329.149 329.149 2473 
1.60235 -4.20505 53.7242 -0.229519 0.159665 -0.0143464 3.54304 22 987 1233 1228 1 16.4822 16.4822 148 
-3.96065 -2.13618 2.0059 1.70732 0.62688 1.29504 3.35789 11 988 1050 1 1 139.068 139.068 1455 
-1.69873 4.16484 -79 0.969641 0.368971 10000.5 3.07213 11 989 1 0 1 432.749 432.749 3039 
-3.41031 2.93594 29.1833 0.272231 0.147841 -0.0240137 3.45828 22 990 1386 1169 1 127.891 127.891 1116 
4.12957 -1.78792 42.8065 -0.198591 0.460172 -0.0996175 3.51581 22 991 1389 1363 1 34.396 34.396 461 
-3.67008 -2.60394 -3.93225 8.88361 19.1409 155.145 3.32363 11 992 1 0 1 146.631 146.631 1548 
1.53017 4.1478 -79 -0.358777 0.737941 10000.5 3.07213 11 993 1 0 1 329.569 329.569 2132 
2.99488 -1.14729 -79 1.6336 0.283118 10000.5 3.07213 11 994 1 0 1 430.683 430.683 3102 
-3.73649 -2.50771 73.6245 0.0152599 0.286581 0.0358951 3.59628 22 995 1081 1080 1 76.1561 76.1561 1112 
-2.05272 -4.00454 25.4745 0.247516 0.0876383 0.343809 3.43898 22 996 1069 1068 1 125.527 125.527 1240 
3.14829 -3.21532 -2.05057 -22.6106 4.31496 226.916 3.32885 11 997 1 0 1 285.029 285.029 2227 
-3.38333 2.967 -1.14717 4.18962 2.70951 4.86889 3.34236 22 998 3042 2974 1 29.9915 29.9915 515 
-3.1166 -3.24605 43.9255 19.2733 2.37201 298.868 3.48221 11 999 1 0 1 243.994 243.994 2107 
-3.67863 2.59185 31.392 0.155368 -0.218186 -0.0835638 3.47295 22 1000 1143 1 1 86.8334 86.8334 959 
