# Det68
#x y z Px Py Pz t PDGid EventID TrackID ParentID Weight Edep VisibleEdep Ntracks
25.1911 -6.43496 74.3757 0.344356 -0.219458 0.307209 3.65202 22 1 1217 1216 1 6.26887 6.26887 692 
-22.45 13.1148 20.1662 -1.5865 -0.43283 0.848093 3.46324 22 2 1070 1 1 1.87657 1.87657 418 
-23.1975 11.742 51.3123 -2.98522 1.07383 3.46481 3.57323 22 3 1086 1 1 2.53982 2.53982 561 
-21.4184 -14.7395 6.978 -0.605006 -0.360836 0.104508 3.47788 22 4 1001 1 1 6.34394 6.34394 714 
-16.6896 19.9363 50.2091 -0.37813 0.430628 0.852631 3.5287 22 5 1002 1 1 2.46606 2.46606 422 
21.7115 14.3042 6.58828 0.248935 -0.0321104 0.0466622 3.48715 22 6 1105 1104 1 4.53604 4.53604 557 
25.9926 0.621569 33.6509 0.320247 -0.137617 -0.373662 3.71399 22 7 1093 1092 1 3.35025 3.35025 351 
23.8384 -10.3792 60.7319 0.397773 -0.195437 -0.0455825 3.58678 22 8 1056 1 1 3.28183 3.28183 322 
-12.3232 -22.8941 43.5297 -0.247685 -0.302499 -0.0382161 3.51731 22 9 1062 1 1 3.28597 3.28597 485 
-23.2828 -11.572 51.5101 -0.47893 -0.180453 0.0375168 3.60347 22 10 1210 1209 1 2.87118 2.87118 469 
14.1578 21.8072 14.988 0.556716 0.787892 1.93712 3.42189 22 11 1063 1062 1 2.08187 2.08187 245 
-24.8314 -7.70708 -9.32748 -6.922 -0.218254 -2.97483 3.36597 11 12 1 0 1 3.70524 3.70524 482 
23.3743 -11.3861 -36.2789 0.145591 -0.199066 0.100137 3.2612 22 13 1142 1 1 1.28922 1.28922 374 
24.4091 -8.95532 33.3763 0.135036 -0.492719 -0.0106472 3.54601 22 14 1104 1103 1 5.11642 5.11642 419 
-7.94409 -24.7566 74.6287 -0.241743 -0.402044 0.146966 3.62835 22 15 1452 1451 1 5.16872 5.16872 469 
-25.1367 -6.64424 10.4742 -0.90544 -0.186218 1.09606 3.41396 22 16 1064 1 1 1.57484 1.57484 310 
-5.14924 -25.485 20.5327 0.054173 -0.298717 -0.0983688 3.45725 22 17 1021 1 1 4.39521 4.39521 437 
4.55953 -25.5971 69.3043 0.122314 -1.01305 1.26996 3.60695 22 18 1108 1068 1 3.92156 3.92156 393 
-1.87668 -25.9322 53.4753 -0.60599 -0.430064 -0.547758 3.56199 22 19 1045 1 1 5.61847 5.61847 683 
-9.32391 24.2707 68.9382 -0.607429 0.696545 0.344168 3.58236 22 20 1002 1 1 1.86661 1.86661 289 
-25.9163 2.08417 47.2393 -0.546412 0.0132972 0.0707138 3.56939 22 21 1065 1 1 1.6741 1.6741 502 
-17.8105 18.9416 20.0145 -4.62109 1.54658 5.84271 3.41862 22 22 1054 1 1 4.13391 4.13391 263 
-24.9904 7.17507 74.8076 -12.3397 1.35498 27.7021 3.60807 22 23 1011 1 1 3.5635 3.5635 434 
-18.0195 -18.7429 53.6683 -0.19653 -0.571854 0.010947 3.58996 22 24 1207 1 1 1.35516 1.35516 296 
4.37564 25.6292 41.3068 -0.289171 5.67183 0.156072 3.5507 11 25 1 0 1 5.64224 5.64224 752 
-14.2707 21.7335 78.2951 -0.545127 0.597272 0.711416 3.63785 22 26 1164 1 1 0.978697 0.978697 187 
25.8843 -2.44984 64.122 8.2862 2.4369 7.46599 3.60468 11 27 1 0 1 3.40019 3.40019 340 
3.18778 -25.8038 28.1347 0.19742 -0.469776 -0.416246 3.67071 22 28 1027 1 1 3.19344 3.19344 567 
4.45981 25.6146 37.6634 -0.0870386 0.398086 -0.308337 3.7021 22 29 1180 1179 1 6.73011 6.73011 932 
-7.16683 -24.9927 68.467 1.73853 -3.16472 -0.911806 3.6236 11 30 1 0 1 3.02706 3.02706 452 
24.5709 8.50119 73.7333 0.638049 -0.0209923 0.72417 3.61027 22 31 1363 1311 1 4.20209 4.20209 609 
7.06873 25.0207 44.9153 0.190557 0.162467 -0.442506 3.61744 22 32 1001 1 1 1.70038 1.70038 376 
16.5315 20.0676 64.9207 0.447487 0.393451 0.287798 3.59708 22 33 1354 1032 1 0.977296 0.977296 191 
-25.8061 3.16966 52.9823 -0.235347 -0.000212991 -0.114563 3.6524 22 34 1295 1 1 0.656689 0.656689 302 
3.6267 -25.7458 52.2583 0.287673 -0.30081 -0.296441 3.624 22 35 1098 1096 1 3.96437 3.96437 676 
24.9955 7.15704 55.5346 1.79436 0.289136 1.49962 3.56397 22 36 1021 1 1 1.81488 1.81488 317 
-9.24772 -24.2998 52.9619 -0.298856 -3.53547 8.65067 3.52593 22 37 1030 1 1 1.37795 1.37795 466 
5.08455 -25.498 72.424 0.110108 -0.541176 -0.0913861 3.67657 22 38 1621 1620 1 0.99581 0.99581 194 
18.5739 -18.1937 52.3425 2.261 -1.57281 3.10824 3.5364 22 39 1056 1 1 3.20882 3.20882 548 
15.4857 20.8853 22.0203 -0.0723368 0.291627 -0.154659 3.60272 22 40 1053 1 1 3.82202 3.82202 513 
-16.0368 -20.4651 -44.8333 -0.449159 -0.423548 -0.181892 3.40685 22 41 1001 1 1 3.48558 3.48558 649 
-25.1538 6.57911 44.2463 -0.294109 0.0948042 -0.406979 3.72413 22 42 1065 1063 1 2.48934 2.48934 421 
-7.87481 -24.7788 -54.9682 0.0637696 -0.346696 -0.349784 3.32127 22 43 1017 1 1 8.77701 8.77701 618 
-7.90851 24.768 52.4973 -0.24472 0.424429 -0.14523 3.61229 22 44 1113 1112 1 2.89589 2.89589 457 
-7.13959 25.0005 -13.25 -0.133625 0.333325 0.134422 3.36315 22 45 1016 1 1 3.07404 3.07404 514 
23.2259 11.6859 28.6137 5.03233 0.225509 1.65929 3.45165 11 46 1 0 1 3.51324 3.51324 354 
13.4195 22.2692 62.0038 0.166522 0.479014 0.0627354 3.62737 22 47 1254 1253 1 2.92821 2.92821 538 
-11.337 23.3982 -44.1485 -0.832343 0.445282 -1.05521 3.54098 22 48 1050 1049 1 2.62407 2.62407 552 
-25.8914 -2.3736 63.6857 -8.93113 -4.42383 3.61741 3.57421 11 49 1 0 1 2.45295 2.45295 231 
17.1683 19.5256 9.38292 0.529987 11.7687 19.4474 3.38682 22 50 1001 1 1 6.17837 6.17837 476 
23.7585 -10.5609 70.2949 0.280503 -0.116403 0.142483 3.62677 22 51 1091 1 1 4.87151 4.87151 515 
-13.2037 22.3978 29.2215 -0.962319 0.977438 1.14361 3.45408 22 52 1002 1 1 4.31927 4.31927 542 
-21.3971 -14.7704 12.617 -0.0758009 -0.0127835 -0.185433 3.43303 22 53 1071 1 1 4.78661 4.78661 460 
25.9763 -1.10931 67.3741 0.471422 -0.0396281 -0.193161 3.68211 22 54 1246 1244 1 1.60457 1.60457 492 
-7.85336 24.7856 17.8026 -2.21146 4.31281 4.29042 3.44172 22 55 1176 1 1 4.34064 4.34064 386 
-18.2981 18.471 73.9118 -0.0733847 0.255989 0.0422967 3.64022 22 56 1003 1 1 1.38931 1.38931 385 
17.7326 -19.0146 -25.1562 0.180915 -0.320411 0.0295673 3.36543 22 57 1042 1 1 0.845768 0.845768 124 
24.7569 -7.94328 69.4693 0.466988 0.141178 -0.121462 3.6885 22 58 1197 1196 1 0.528437 0.528437 89 
-21.9334 13.9615 68.43 -0.391154 0.280007 0.172379 3.66993 22 59 1064 1063 1 2.50954 2.50954 430 
-24.221 -9.45214 16.9713 -0.188433 -0.0236653 0.20084 3.49787 22 60 1001 1 1 4.49278 4.49278 496 
10.2199 23.9072 6.93515 0.0318704 0.439747 0.642592 3.41084 22 61 1019 1 1 0.78662 0.78662 307 
25.9636 -1.37527 58.67 18.8055 3.95923 9.47977 3.56975 11 62 1 0 1 4.52564 4.52564 672 
-12.9888 -22.5231 55.9189 -0.545894 -3.99265 -1.2507 3.56975 11 63 1 0 1 3.59238 3.59238 272 
-11.399 -23.368 61.834 -0.934871 -1.15997 -0.308784 3.65535 22 64 1131 1130 1 1.20956 1.20956 263 
16.0849 20.4273 66.2102 3.10836 1.69057 -1.70369 3.61066 22 65 1001 1 1 2.66965 2.66965 556 
16.3765 20.1943 61.1592 0.253908 0.431588 -0.101894 3.63199 22 66 1042 1010 1 7.34783 7.34783 521 
-11.8052 -23.1654 42.8561 -0.120892 -0.269533 -0.416961 3.72288 22 67 1106 1104 1 1.80927 1.80927 412 
20.0714 -16.527 74.3021 0.212069 -0.826351 -0.350994 3.6441 22 68 1025 1 1 4.32417 4.32417 600 
25.9769 -1.09673 46.0085 0.365062 -0.156279 0.3216 3.51787 22 69 1335 1334 1 1.43775 1.43775 225 
-14.6611 21.4722 16.1379 -0.736798 0.198941 0.444163 3.46064 22 70 1083 1035 1 2.82189 2.82189 232 
20.9243 -15.4329 33.3377 0.256545 -0.390535 -0.20534 3.64359 22 71 1099 1083 1 4.90738 4.90738 531 
11.7624 -23.1872 38.4821 0.0602876 -0.424017 0.278737 3.55167 22 72 1628 1627 1 1.81431 1.81431 407 
20.3195 -16.221 43.6076 0.358335 -0.285369 -0.57638 3.70516 22 73 1107 1061 1 2.81833 2.81833 369 
-22.0692 13.7459 24.6653 -0.807525 1.21653 0.363173 3.47958 22 74 1001 1 1 1.16914 1.16914 559 
20.4482 16.0584 33.2801 0.298997 0.206383 0.359343 3.5239 22 75 1116 1115 1 5.12382 5.12382 473 
7.20834 24.9808 16.6138 1.17659 6.9558 6.38982 3.42307 22 76 1001 1 1 2.84562 2.84562 366 
-0.183631 25.9994 66.6429 0.0757253 0.618847 0.977791 3.57199 22 77 1158 1 1 1.41571 1.41571 395 
-25.6514 -4.24338 71.1043 -2.05734 0.670071 2.72539 3.60503 22 78 1216 1 1 4.99245 4.99245 695 
-15.361 -20.9771 39.9521 -0.00529524 -0.459028 0.224466 3.55618 22 79 1183 1182 1 7.69137 7.69137 696 
21.6121 14.4539 0.208233 1.20788 1.26484 -0.153303 3.40666 22 80 1014 1 1 2.54514 2.54514 453 
-3.9068 25.7048 71.5367 -0.0314734 0.332249 -0.0441126 3.66131 22 81 1229 1228 1 2.17559 2.17559 338 
25.9564 -1.50457 64.7554 0.298561 0.03287 -0.150741 3.65469 22 82 1143 1142 1 1.89056 1.89056 416 
22.4802 -13.063 62.3401 0.177833 -0.144307 0.150273 3.57597 22 83 1094 1 1 0.803196 0.803196 275 
23.9458 -10.1292 68.25 0.386459 -0.380311 0.532942 3.588 22 84 1106 1 1 6.66339 6.66339 548 
-11.3348 23.3992 77.7017 -0.0381887 0.332654 0.0622429 3.64129 22 85 1011 1010 1 4.48486 4.48486 494 
20.2623 16.2923 62.6266 0.44766 -0.0557396 -0.0268221 3.80406 22 86 1279 1243 1 3.95952 3.95952 441 
-15.281 21.0354 54.8316 -0.206825 0.252652 0.187253 3.53921 22 87 1002 1 1 1.63027 1.63027 329 
14.5873 21.5224 56.1321 0.16818 0.745824 0.168844 3.59664 22 88 1018 1 1 2.05257 2.05257 364 
15.1056 -21.1618 69.9394 0.121695 -0.31465 -0.0630536 3.68561 22 89 1004 1003 1 2.98432 2.98432 290 
18.3869 18.3826 50.9979 44.0617 -2.79747 -7.18787 3.52961 11 90 1 0 1 3.8194 3.8194 530 
-7.68391 -24.8386 60.1125 -0.906323 -0.434777 0.677146 3.59017 22 91 1129 1 1 3.59156 3.59156 450 
-21.1153 -15.1706 54.5058 -0.319918 -0.228314 -0.139063 3.71834 22 92 1025 1024 1 3.17432 3.17432 335 
24.9923 7.16823 17.5675 0.298939 0.284681 -0.450923 3.68575 22 93 1086 1054 1 2.69877 2.69877 519 
20.217 16.3485 9.98775 0.602376 0.453658 0.473102 3.40147 22 94 1031 1 1 3.48021 3.48021 319 
-5.00773 -25.5132 66.2936 -11.5487 -9.77421 119.804 3.55721 11 95 1 0 1 52.1728 52.1728 826 
-8.4186 -24.5993 -11.8923 -1.06074 -0.270491 0.925778 3.33189 22 96 1001 1 1 4.01103 4.01103 503 
-25.7009 3.93219 37.6568 2.49918 -8.25314 -0.879227 3.53086 11 97 1 0 1 1.54638 1.54638 399 
10.3363 -23.8571 57.5661 0.435289 -0.350155 0.162601 3.58452 22 98 1274 1 1 1.84452 1.84452 432 
25.1303 -6.66831 50.3961 0.451131 0.0356024 0.18654 3.5614 22 99 1235 1 1 3.35282 3.35282 494 
15.8163 -20.636 -14.8106 0.859532 -0.650873 1.13301 3.31291 22 100 1108 1 1 3.53054 3.53054 681 
25.4233 -5.44587 66.4854 0.245755 0.0325205 0.0955859 3.63301 22 101 1103 1 1 2.36005 2.36005 344 
-11.4654 -23.3355 62.0383 -0.199276 -0.272573 0.0712141 3.64793 22 102 1259 1 1 6.33673 6.33673 568 
25.7504 -3.59406 55.8352 25.7549 -4.87089 19.3123 3.55078 11 103 1300 1230 1 4.59752 4.59752 382 
-24.4316 8.89362 29.2776 -0.437905 0.216259 0.112055 3.49236 22 104 1221 1 1 2.24586 2.24586 249 
-18.9442 17.8078 45.7084 -0.163015 0.11535 -0.0973545 3.72631 22 105 1001 1 1 1.72037 1.72037 369 
11.8402 23.1476 63.8765 0.272098 0.228003 0.00810514 3.71966 22 106 1293 1290 1 3.13522 3.13522 531 
24.9977 -7.14939 -12.8093 7.47553 -3.1749 -2.89987 3.35187 11 107 1 0 1 3.41382 3.41382 507 
21.0233 15.2978 71.052 0.0664607 0.211917 -0.0323284 3.70652 22 108 1001 1 1 2.19071 2.19071 307 
25.947 1.65937 71.2436 0.404905 0.293619 0.104687 3.71699 22 109 1516 1515 1 2.56603 2.56603 402 
23.9111 10.2107 43.054 0.206126 0.125265 -0.249823 3.54446 22 110 1146 1 1 2.6219 2.6219 82 
-12.6655 -22.7065 -11.7351 -0.282499 -0.155338 0.00539805 3.364 22 111 1112 1 1 2.78341 2.78341 463 
23.7617 -10.5536 47.6186 0.213238 -0.0920635 -0.112994 3.6227 22 112 1219 1 1 1.36788 1.36788 242 
11.6233 23.2572 28.624 7.78689 19.022 21.3424 3.43745 11 113 1 0 1 4.21369 4.21369 432 
24.1158 9.71733 56.3313 0.27499 -0.0144581 0.0802154 3.63094 22 114 1096 1 1 5.35264 5.35264 450 
4.25794 -25.649 27.4945 -0.00569438 -0.18922 0.0998637 3.56365 22 115 1125 1073 1 4.24053 4.24053 524 
-8.02919 24.7292 72.1229 0.0168788 0.293325 0.0747377 3.63812 22 116 1026 1 1 3.01729 3.01729 366 
-25.2084 -6.36676 77.0579 -0.506498 0.0421754 0.052928 3.67151 22 117 1071 1070 1 3.55762 3.55762 488 
15.3616 -20.9767 56.9624 0.116488 -1.53495 0.0426866 3.56727 22 118 1025 1 1 4.62451 4.62451 414 
25.7217 3.79416 70.5648 0.497124 0.10532 -0.053812 3.66497 22 119 1339 1338 1 2.14524 2.14524 204 
-16.786 19.8552 76.3397 -1.21291 1.30929 0.425194 3.67706 22 120 1034 1 1 3.38586 3.38586 208 
-24.1354 -9.66856 1.25561 -1.25653 0.132874 -0.140447 3.4142 22 121 1001 1 1 1.97539 1.97539 375 
4.92923 25.5285 7.90858 0.093325 0.521888 -0.0601306 3.44842 22 122 1040 1039 1 1.25229 1.25229 295 
25.0652 -6.9092 59.5825 0.0434769 -0.147342 0.48736 3.57054 22 123 1039 1002 1 0.786477 0.786477 131 
-25.7591 3.53111 37.8038 -0.402344 0.0846858 -0.757948 3.66687 22 124 1247 1178 1 3.47295 3.47295 499 
-14.8316 21.3547 0.249191 -0.232914 0.351505 0.319361 3.37273 22 125 1001 1 1 2.74171 2.74171 407 
-9.77069 24.0943 44.128 -4.85264 6.3197 14.9401 3.50489 22 126 1110 1 1 3.02624 3.02624 424 
-18.7376 -18.025 16.6936 -0.304315 -0.249098 0.507862 3.42945 22 127 1013 1 1 1.24896 1.24896 297 
-20.1 16.4921 -5.77646 -0.0841519 0.22767 -0.162643 3.73651 22 128 1183 1182 1 7.47344 7.47344 600 
-25.5155 -4.99615 67.6263 -0.201373 -0.179082 -0.0662853 3.67593 22 129 1266 1245 1 2.8916 2.8916 405 
19.7229 -16.9413 -0.896506 0.279738 -0.156011 -0.14059 3.45437 22 130 1614 1 1 1.31814 1.31814 237 
9.65129 24.1423 53.8958 0.132606 0.311645 0.0451669 3.65903 22 131 1186 1185 1 0.902114 0.902114 265 
-11.3404 -23.3965 58.1019 -0.240405 -0.830759 -0.209418 3.63157 22 132 1082 1081 1 1.44584 1.44584 253 
-24.1839 9.54665 39.8851 -0.383461 0.0845759 -0.0522035 3.77076 22 133 1229 1228 1 3.15698 3.15698 436 
-20.3962 16.1244 47.4363 -0.201524 0.488784 -0.184786 3.64058 22 134 1066 1035 1 3.84666 3.84666 540 
-1.26387 -25.9693 61.3084 0.201572 -0.426165 0.0972448 3.59892 22 135 1001 1 1 4.18822 4.18822 543 
-0.0225217 -26 12.7503 -0.00971121 -0.235112 0.045491 3.42586 22 136 1024 1 1 4.57174 4.57174 505 
-21.0663 15.2385 52.9403 -0.37152 0.0260589 0.244231 3.55097 22 137 1090 1 1 2.67932 2.67932 488 
25.2543 6.18231 78.2887 0.0483518 0.173109 0.0378188 3.68766 22 138 1130 1129 1 2.85909 2.85909 504 
24.7267 8.03686 73.9695 2.54745 -0.38732 3.6437 3.61325 22 139 1028 1 1 4.38163 4.38163 648 
-10.2995 23.873 21.8581 0.412298 0.824491 -0.486943 3.49969 22 140 1001 1 1 3.02653 3.02653 414 
-25.0101 7.10581 41.9201 -0.287702 -0.00685732 -0.164619 3.56604 22 141 1002 1001 1 2.1006 2.1006 395 
24.7074 8.09587 59.8805 1.16553 0.165327 -0.0318477 3.62972 22 142 1100 1040 1 0.669876 0.669876 179 
24.694 -8.13658 35.0976 1.6327 -0.700137 3.33503 3.47771 22 143 1001 1 1 4.57662 4.57662 467 
-3.80131 25.7206 72.6113 -0.251253 0.227536 0.1294 3.64431 22 144 1142 1121 1 7.03843 7.03843 678 
24.8196 -7.74531 52.3668 0.152687 -0.211686 -0.194428 3.65278 22 145 1147 1 1 3.29441 3.29441 199 
-8.14961 24.6898 -21.0291 -0.157503 0.225266 -0.384011 3.60082 22 146 1003 1002 1 4.56347 4.56347 730 
-9.1137 -24.3504 49.4609 -0.0302192 -0.337159 -0.00542245 3.56817 22 147 1033 1 1 2.21187 2.21187 403 
-17.0208 19.6543 77.5676 -0.0513552 0.116429 0.102204 3.64294 22 148 1176 1 1 3.42402 3.42402 419 
23.3798 -11.3747 39.6735 0.416515 -0.253548 -0.152801 3.5432 22 149 1086 1085 1 1.85528 1.85528 471 
22.2324 -13.4804 57.6553 0.26436 -0.0785315 0.0572688 3.61394 22 150 1054 1 1 2.4721 2.4721 559 
-20.7493 15.6673 56.6764 -0.578513 0.122662 0.0169362 3.63862 22 151 1247 1231 1 4.444 4.444 449 
-10.5053 -23.7832 77.7342 -0.378878 -0.731771 0.602517 3.63479 22 152 1026 1 1 2.96125 2.96125 328 
-13.2689 22.3593 69.1184 -0.232346 0.36956 0.335888 3.6209 22 153 1040 1025 1 2.60812 2.60812 325 
-4.31227 25.6399 77.2433 -0.0698163 0.500225 0.0775909 3.64451 22 154 1069 1068 1 4.69975 4.69975 555 
-23.7824 10.507 2.72482 -0.393509 0.211868 0.214476 3.42331 22 155 1023 1 1 2.43035 2.43035 509 
-7.78057 24.8085 77.2142 -0.208126 0.786316 0.428303 3.66093 22 156 1001 1 1 0.752778 0.752778 313 
5.57748 -25.3947 33.5749 -0.0646319 -0.330542 -0.222433 3.71619 22 157 1100 1099 1 2.47966 2.47966 437 
-18.1266 18.6394 78.4093 -0.972554 0.200491 0.345743 3.66028 22 158 1275 1274 1 3.76913 3.76913 456 
-25.9706 -1.23541 45.0711 -0.510802 0.00342109 -0.0137744 3.58231 22 159 1228 1204 1 0.895666 0.895666 185 
12.7059 -22.6839 51.1448 -0.143141 -0.744208 0.777671 3.54927 22 160 1012 1 1 1.10567 1.10567 353 
9.04929 24.3744 59.8303 0.0929991 0.4806 0.283228 3.59613 22 161 1153 1 1 2.29439 2.29439 354 
-7.52336 -24.8877 44.3309 -0.405029 -1.21671 0.214552 3.53253 22 162 1001 1 1 4.9858 4.9858 627 
20.1361 16.448 69.5589 0.591913 0.16909 0.375415 3.71706 22 163 1001 1 1 2.7637 2.7637 567 
12.0892 23.0185 31.1451 0.248171 0.224844 -0.369347 3.72076 22 164 1011 1008 1 3.30255 3.30255 266 
7.60675 -24.8624 -14.6074 0.0997428 -0.676522 0.063098 3.37125 22 165 1001 1 1 8.2475 8.2475 700 
14.4953 -21.5844 71.4931 -0.0608959 -0.109732 0.148757 3.59561 22 166 1256 1 1 11.0336 11.0336 677 
-25.7041 3.91159 -20.2287 -2.20365 0.89373 -0.994081 3.5114 22 167 1050 1 1 11.1576 11.1576 798 
-24.5433 8.58065 12.6715 -17.3216 -5.0295 -7.01752 3.43411 11 168 1 0 1 2.98827 2.98827 470 
23.8744 -10.2963 70.3107 2.09237 -0.571378 3.77381 3.58823 22 169 1124 1 1 2.32332 2.32332 424 
-7.25829 -24.9663 68.9349 -3.83484 -7.48475 1.82497 3.62562 22 170 1031 1 1 2.47081 2.47081 486 
24.6664 -8.21992 58.335 17.6906 2.82082 23.1534 3.5431 11 171 1 0 1 2.57732 2.57732 474 
24.7353 -8.01023 12.8113 10.0287 -3.18833 7.66288 3.44347 22 172 1034 1 1 4.99806 4.99806 477 
15.0639 21.1915 43.8528 0.0883895 0.0883294 0.402292 3.54008 22 173 1001 1 1 4.19595 4.19595 493 
-21.0382 -15.2773 52.3564 -0.312646 -0.20706 -0.132718 3.6154 22 174 1142 1 1 2.54893 2.54893 381 
-18.3992 18.3703 49.4788 -0.401774 0.280859 -0.144277 3.59132 22 175 1083 1082 1 1.10947 1.10947 304 
25.7568 -3.54779 75.5556 1.307 -0.0503241 2.69465 3.60757 22 176 1003 1 1 3.14313 3.14313 508 
-23.7794 10.5137 22.2899 -26.064 23.7678 25.5877 3.43904 11 177 1 0 1 0.809041 0.809041 219 
25.9778 1.0751 73.8352 0.195521 0.0496182 0.237155 3.59708 22 178 1034 1 1 2.67454 2.67454 499 
24.8126 -7.76753 60.1649 0.580508 -0.0265566 -0.0173949 3.6036 22 179 1044 1 1 3.72278 3.72278 722 
-0.319537 -25.998 71.984 -0.266627 -0.407948 1.01936 3.58904 22 180 1143 1 1 1.00351 1.00351 163 
12.3286 22.8911 76.7987 0.0788778 0.375636 -0.0187764 3.62785 22 181 1031 1030 1 5.34457 5.34457 478 
18.417 -18.3525 25.9809 4.74799 -5.45676 0.668139 3.45688 11 182 1 0 1 4.34785 4.34785 568 
11.487 23.3248 36.5692 0.199184 0.422004 -0.208226 3.59674 22 183 1133 1132 1 1.06028 1.06028 240 
-0.56437 25.9939 44.6821 -0.00539937 0.515593 0.288345 3.59789 22 184 1031 1 1 1.20252 1.20252 212 
23.4195 11.2928 55.4106 0.652253 0.617785 0.964352 3.55268 22 185 1063 1 1 3.08482 3.08482 657 
-18.9785 17.7712 7.21378 -1.06109 0.351276 0.538055 3.41359 22 186 1038 1 1 4.27907 4.27907 662 
24.9158 7.43002 43.9012 0.465153 0.0909229 0.191011 3.55176 22 187 1136 1135 1 3.06402 3.06402 253 
0.289126 -25.9984 17.5764 -0.0580375 -0.158261 0.0473678 3.79395 22 188 1003 1002 1 1.2146 1.2146 164 
1.94908 -25.9268 75.7317 0.819152 -1.98504 -0.401026 3.67014 22 189 1001 1 1 3.74244 3.74244 483 
-14.259 -21.7412 15.0832 -2.22026 -1.4514 -1.98215 3.59839 22 190 1001 1 1 1.80265 1.80265 338 
21.0807 15.2186 51.2555 6.79747 11.4288 14.9088 3.52723 22 191 1025 1 1 3.48423 3.48423 472 
11.7487 -23.1941 63.577 0.230638 -0.236139 -0.0220201 3.64076 22 192 1247 1 1 2.07516 2.07516 380 
17.6755 -19.0677 70.4967 -1.3024 -5.58423 3.15841 3.60896 11 193 1 0 1 1.9422 1.9422 382 
-17.8865 -18.8699 -18.1258 -3.42896 -2.03169 1.04637 3.34457 22 194 1001 1 1 1.23998 1.23998 191 
25.7452 3.63113 -13.894 0.399419 -0.00679538 -0.0327104 3.37984 22 195 1032 1031 1 0.073632 0.073632 61 
21.3403 14.8524 25.6624 0.571662 0.31887 0.0794719 3.48206 22 196 1001 1 1 3.75458 3.75458 358 
19.8237 -16.8232 -23.8423 0.503923 -0.699163 0.135386 3.33422 22 197 1071 1 1 2.66935 2.66935 339 
-7.8992 24.771 -26.8611 -0.112267 0.230963 -0.238699 3.41473 22 198 1001 1 1 4.04129 4.04129 491 
13.4182 -22.27 74.5281 0.0910626 -0.177941 -0.023739 3.6543 22 199 1213 1180 1 3.17515 3.17515 313 
-25.8221 -3.03595 63.455 -0.342592 0.0215686 0.016293 3.65531 22 200 1059 1 1 3.433 3.433 402 
22.8614 12.3837 29.0589 3.19347 2.26418 6.0223 3.45285 22 201 1001 1 1 5.43221 5.43221 679 
6.98428 -25.0444 19.8338 -0.00949004 -0.0208603 -0.0190187 3.56863 22 202 1060 1055 1 0 0 72 
-23.5297 11.0613 64.0954 -0.189252 0.132151 0.0701634 3.58795 22 203 1019 1 1 3.43229 3.43229 386 
0.251066 -25.9988 69.6366 -0.0625508 -0.143823 -0.212015 3.60597 22 204 1088 1 1 7.20378 7.20378 552 
-19.3845 -17.3274 69.8862 -1.74633 -4.65328 3.33475 3.64326 22 205 1022 1 1 4.82413 4.82413 693 
16.0571 -20.4492 58.3535 0.285363 -0.194966 0.150027 3.57391 22 206 1096 1 1 2.62995 2.62995 338 
-18.0997 -18.6655 17.0153 -0.106049 -0.377017 0.225992 3.46647 22 207 1001 1 1 1.08191 1.08191 294 
23.8713 10.3035 12.9597 0.225246 0.22339 -0.0887318 3.42684 22 208 1034 1 1 2.35677 2.35677 266 
-21.5793 14.5029 41.2972 -0.347584 0.151687 -0.342486 3.67467 22 209 1109 1107 1 2.96529 2.96529 457 
9.25156 24.2983 39.5365 -0.0831179 0.66661 -0.502597 3.60284 22 210 1001 1 1 1.93342 1.93342 380 
25.9761 -1.1142 54.09 0.608325 -0.0589097 -0.587675 3.62651 22 211 1001 1 1 4.9171 4.9171 536 
-21.9818 13.8852 43.1431 -0.213934 0.237611 0.102399 3.57712 22 212 1001 1 1 2.20064 2.20064 324 
6.83553 -25.0854 0.0593094 2.46727 -5.41784 4.0295 3.36742 22 213 1015 1 1 0.838261 0.838261 115 
12.6441 -22.7184 32.5818 0.184934 -0.346455 0.170929 3.52337 22 214 1001 1 1 4.49049 4.49049 470 
25.8818 -2.47617 39.9121 0.950674 -0.166298 0.794995 3.50214 22 215 1028 1 1 6.42863 6.42863 627 
-24.5292 8.62068 48.5381 -3.50188 3.50719 2.86809 3.53081 22 216 1030 1 1 2.46554 2.46554 513 
-15.5569 -20.8323 30.5714 -0.509832 -0.958236 1.20054 3.52634 22 217 1044 1 1 3.91613 3.91613 491 
25.4623 5.26038 42.4209 5.09126 3.72112 -0.589895 3.52593 11 218 1 0 1 4.08541 4.08541 579 
3.00579 -25.8257 27.9203 1.46242 -2.38381 0.348832 3.58354 22 219 1258 1257 1 3.36199 3.36199 526 
-23.871 -10.3041 68.3376 -0.471528 -0.10705 0.165293 3.62803 22 220 1115 1090 1 5.86856 5.86856 618 
24.2305 9.42788 23.1357 0.362862 0.583687 -0.743793 3.52373 22 221 1019 1018 1 4.27585 4.27585 547 
-22.1783 13.5692 45.4778 -0.153615 0.0151721 -0.343215 3.67998 22 222 1157 1156 1 1.74932 1.74932 297 
-10.7761 23.6617 13.8962 -0.23408 0.233819 -0.389429 3.64563 22 223 1374 1346 1 3.23994 3.23994 477 
-11.5558 23.2908 73.5084 -1.75779 0.413563 1.45077 3.62181 -11 224 1033 1032 1 5.08797 5.08797 404 
-25.6126 -4.47162 39.8517 -0.571399 0.0203542 -0.0349007 3.6528 22 225 1001 1 1 1.27974 1.27974 263 
-2.13795 -25.912 -9.07266 -0.142603 -1.23452 -0.780765 3.56907 22 226 1001 1 1 4.19593 4.19593 594 
-25.9925 -0.622633 58.679 -2.7024 0.827876 1.42939 3.59482 11 227 1 0 1 7.13341 7.13341 440 
-14.1977 21.7813 28.7572 0.0290481 0.823803 -0.295556 3.52212 22 228 1001 1 1 2.66093 2.66093 385 
-2.32399 25.8959 -7.42354 -0.0039224 0.216356 0.0154947 3.4101 22 229 1001 1 1 4.05626 4.05626 631 
-20.3091 -16.234 -25.2185 -0.139921 0.067691 -0.0365576 3.32566 22 230 1001 1 1 8.3273 8.3273 700 
24.2796 9.30048 74.7403 0.243918 0.234842 0.0597878 3.68756 22 231 1041 1 1 3.42591 3.42591 321 
1.53905 -25.9544 -4.49928 -0.257783 -0.100023 -0.0902183 3.8981 22 232 1010 1009 1 3.44964 3.44964 399 
-16.776 19.8637 76.0212 -0.908845 2.35792 1.32714 3.65845 22 233 1023 1 1 3.87989 3.87989 531 
24.5723 -8.49709 76.1212 0.583736 -0.315286 0.47985 3.63471 22 234 1199 1 1 2.32547 2.32547 279 
-15.7208 -20.7088 33.275 -0.735925 -1.3028 0.652802 3.50141 22 235 1057 1 1 2.98064 2.98064 518 
-11.6756 23.231 15.5385 -0.0202363 0.295898 0.104722 3.46423 22 236 1010 1 1 2.06357 2.06357 326 
-24.0517 -9.87501 -17.9289 -0.537825 -0.171359 -0.584062 3.47447 22 237 1021 1 1 1.96784 1.96784 272 
12.2013 -22.9593 16.6282 5.97947 -11.0367 16.0609 3.411 11 238 1 0 1 0.501689 0.501689 155 
24.3434 9.13235 55.6371 0.0710119 0.363164 -0.0473327 3.56521 22 239 1356 1 1 5.27022 5.27022 675 
-16.5314 20.0677 36.8617 -0.122772 0.116002 -0.482276 3.7418 22 240 1160 1158 1 5.22961 5.22961 528 
-14.5238 -21.5652 58.8413 -0.138334 -0.183198 -0.13063 3.69363 22 241 1104 1 1 6.30419 6.30419 694 
-16.2043 20.3328 68.0477 -5.61064 6.22408 9.47664 3.58937 11 242 1 0 1 4.03789 4.03789 755 
23.554 -11.0095 9.67853 4.11829 -2.6231 0.652977 3.44103 22 243 1001 1 1 0.18472 0.18472 125 
14.1793 -21.7933 42.1167 0.329565 -0.332369 0.56043 3.49934 22 244 1196 1 1 3.99814 3.99814 343 
-23.9706 10.0702 6.91618 -6.36499 2.17472 -2.71633 3.42566 11 245 1 0 1 1.97795 1.97795 415 
-16.7743 -19.8652 76.7207 -0.554341 -0.428352 0.429111 3.68433 22 246 1001 1 1 2.64002 2.64002 384 
-23.1932 11.7505 74.3336 -3.90869 2.14812 0.00303096 3.65441 22 247 1044 1 1 1.45835 1.45835 349 
-12.3015 -22.9058 42.4823 1.22306 -7.87385 1.62135 3.49781 11 248 1 0 1 3.34706 3.34706 629 
3.07875 -25.8171 48.9836 0.188149 -0.589673 0.0460795 3.58013 22 249 1089 1 1 2.03658 2.03658 479 
-2.39057 -25.8899 35.2919 1.53117 -2.26972 1.24412 3.47818 11 250 1 0 1 7.32431 7.32431 547 
25.9938 -0.569539 5.82223 1.71418 0.777659 -2.56958 3.5272 22 251 1035 1 1 2.81274 2.81274 496 
-17.6862 -19.0578 46.9013 -0.0266691 -0.427328 -0.0244653 3.56155 22 252 1001 1 1 7.72391 7.72391 691 
-21.1516 15.1199 0.9541 -0.449458 1.25963 -0.90542 3.68257 22 253 1001 1 1 1.27277 1.27277 525 
-1.24017 25.9704 51.7607 0.152624 0.212086 -0.0637794 3.65903 22 254 1208 1207 1 1.65507 1.65507 390 
25.4036 -5.53694 9.29201 0.860894 0.301687 0.180619 3.47703 22 255 1014 1 1 0.539221 0.539221 71 
-11.7951 -23.1706 -34.3449 0.028683 -0.586864 -0.82791 3.48106 22 256 1016 1015 1 4.25979 4.25979 528 
9.19569 24.3195 55.713 0.0401267 0.163603 -0.0407803 3.6732 22 257 1531 1481 1 9.20931 9.20931 674 
-10.1005 23.9579 74.5247 -0.0324033 0.252932 -0.0105136 3.64202 22 258 1325 1290 1 5.03828 5.03828 593 
-20.0457 16.558 41.7615 -6.99982 3.19239 5.16728 3.49422 22 259 1001 1 1 7.55406 7.55406 445 
20.6794 -15.7595 74.7212 0.265767 -0.0871249 0.0567437 3.62699 22 260 1004 1 1 6.39183 6.39183 525 
-21.7701 14.2149 70.7556 -0.713276 0.188236 0.312108 3.61016 22 261 1066 1 1 2.96878 2.96878 563 
25.0034 -7.12969 69.4174 0.457687 0.0838276 -0.0385259 3.65951 22 262 1006 1005 1 2.76173 2.76173 439 
-6.83699 25.085 76.1442 -0.758949 2.76792 2.21671 3.61493 22 263 1001 1 1 2.50664 2.50664 306 
24.1265 9.69072 32.9241 0.208181 0.0165214 -0.0920284 3.50996 22 264 1002 1 1 3.94702 3.94702 475 
25.6414 4.30331 54.1326 4.21914 6.30599 11.9791 3.52628 11 265 1 0 1 2.98609 2.98609 395 
-25.5763 -4.67457 53.6848 -0.214598 -0.117836 0.155233 3.59925 22 266 1001 1 1 1.28049 1.28049 359 
-18.8821 -17.8736 72.5635 -0.261852 -0.18567 0.397593 3.61218 22 267 1219 1197 1 0.887609 0.887609 178 
-15.2112 21.086 64.583 -0.183159 0.15446 -0.118215 3.60029 22 268 1004 1 1 3.84011 3.84011 444 
-14.2227 21.765 31.0875 -0.23222 0.139238 -0.453192 3.61611 22 269 1137 1 1 3.6294 3.6294 721 
14.6007 -21.5133 56.9774 1.72933 -3.58583 1.69871 3.60867 11 270 1 0 1 0.737946 0.737946 436 
15.7918 -20.6548 27.9438 -0.00778775 -1.50933 -0.892013 3.68505 22 271 1029 1 1 4.68603 4.68603 403 
-22.9518 12.2154 46.2472 -0.216997 0.698699 1.27106 3.54016 22 272 1002 1 1 1.76345 1.76345 319 
25.9365 1.816 23.9645 14.6602 -2.82933 4.89261 3.44843 11 273 1 0 1 2.1965 2.1965 543 
-6.91775 -25.0628 69.1093 2.59947 -6.44763 -1.60265 3.61106 11 274 1 0 1 2.10723 2.10723 315 
-25.0145 7.09064 63.1434 -0.404583 0.312112 0.00430836 3.6681 22 275 1243 1242 1 6.61364 6.61364 640 
-0.658594 25.9917 61.4542 -0.154641 0.597857 0.241193 3.59579 22 276 1166 1 1 3.11488 3.11488 403 
6.02448 -25.2924 71.5825 -0.0893175 -0.502692 0.021046 3.67394 22 277 1021 1020 1 3.75506 3.75506 425 
-25.9986 -0.267483 66.4755 -0.461356 -0.144106 -0.165843 3.68662 22 278 1073 1060 1 0.843697 0.843697 256 
8.86155 -24.4433 55.6021 0.428051 -0.272772 0.059057 3.6239 22 279 1031 1030 1 4.08786 4.08786 478 
16.301 -20.2553 75.8198 0.345168 -0.112554 -0.0735567 3.6441 22 280 1260 1165 1 1.77568 1.77568 347 
-18.3833 18.3862 43.2554 -4.94605 0.304312 -0.000593933 3.50872 11 281 1 0 1 2.3746 2.3746 336 
2.87675 25.8404 42.2441 0.0564286 0.136675 -0.10881 3.55143 22 282 1234 1233 1 3.29847 3.29847 323 
-25.5689 -4.71491 64.4729 -0.493879 0.11741 -0.0584616 3.6541 22 283 1068 1067 1 1.84476 1.84476 353 
16.7857 -19.8555 44.9207 0.329706 -0.219192 -0.323061 3.63685 22 284 1038 1037 1 6.08519 6.08519 835 
-4.73977 25.5643 46.5177 0.0384792 0.409911 0.47675 3.52551 22 285 1084 1 1 2.08574 2.08574 240 
24.7997 -7.80869 8.41302 0.391052 -0.0616584 0.030846 3.45946 22 286 1052 1 1 6.78711 6.78711 443 
20.845 15.5399 4.79838 0.280989 0.586106 0.168575 3.44524 22 287 1002 1 1 2.27654 2.27654 539 
-25.8477 -2.81033 53.5499 -0.338496 -0.135514 -0.183758 3.76844 22 288 1099 1098 1 2.19834 2.19834 491 
-24.0815 -9.80203 39.6257 -3.65435 -2.05858 -0.595206 3.52224 11 289 1 0 1 1.75817 1.75817 341 
7.85992 -24.7835 55.0746 0.407363 -0.555712 -0.129589 3.61549 22 290 1073 1072 1 2.32543 2.32543 388 
-0.953594 -25.9825 76.96 0.0115681 -0.160759 0.195933 3.61963 22 291 1128 1127 1 4.41583 4.41583 582 
22.2675 -13.4223 60.9497 0.381794 -0.13713 0.0660243 3.58824 22 292 1341 1268 1 4.82809 4.82809 437 
20.0067 16.6052 9.52052 1.40738 7.89252 3.82319 3.4103 11 293 1 0 1 2.0157 2.0157 495 
2.45204 -25.8841 59.6319 0.356427 -1.15065 0.563711 3.59199 22 294 1024 1 1 4.01778 4.01778 489 
25.6423 -4.29796 64.5444 0.167234 0.0631128 0.126845 3.59738 22 295 1137 1 1 2.37464 2.37464 477 
-22.0336 13.803 25.1858 -4.57695 1.20906 -0.053903 3.49284 22 296 1001 1 1 2.21809 2.21809 362 
13.4694 -22.2391 31.628 0.492075 -3.13918 0.299992 3.5122 22 297 1001 1 1 2.10519 2.10519 283 
-19.5214 -17.173 72.933 -0.203011 -0.340622 0.231074 3.65224 22 298 1012 1 1 2.326 2.326 610 
22.6483 -12.7692 -51.6462 0.12912 -0.0726824 0.191157 3.56526 22 299 1029 1 1 1.41693 1.41693 253 
20.7613 -15.6515 31.9993 0.022461 -0.163071 -0.189632 3.67343 22 300 1415 1 1 5.58549 5.58549 603 
0.341389 -25.9978 60.0864 -0.0644037 -0.232709 0.278568 3.56888 22 301 1015 1 1 2.77946 2.77946 509 
7.86108 -24.7831 20.8708 0.177579 -0.311053 0.183582 3.44651 22 302 1002 1 1 3.06477 3.06477 564 
12.0821 23.0222 49.8603 0.25148 0.820384 1.07624 3.52671 22 303 1009 1 1 2.14001 2.14001 189 
13.2402 -22.3762 56.6169 2.03429 -0.557363 4.76908 3.54122 22 304 1001 1 1 0.625234 0.625234 144 
-25.9279 -1.93559 34.3638 -0.228445 -0.0210815 0.0498216 3.56308 22 305 1001 1 1 2.87711 2.87711 437 
12.5995 -22.7432 -2.89094 0.51089 -0.557706 -0.412195 3.46782 22 306 1009 1 1 0.812602 0.812602 133 
19.8494 16.7929 -0.88181 0.183995 0.155928 0.0895489 3.37779 22 307 1131 1 1 1.42673 1.42673 152 
-24.8333 -7.70106 18.3442 -0.378863 -0.140888 -0.0493043 3.46182 22 308 1001 1 1 2.09822 2.09822 436 
24.8207 -7.74172 76.9925 1.85674 -0.738652 1.26927 3.63595 22 309 1094 1087 1 2.86731 2.86731 258 
25.9844 -0.901244 53.6813 0.245747 -0.0412973 0.09682 3.60986 22 310 1262 1261 1 2.85114 2.85114 487 
0.858517 -25.9858 69.5283 -0.0542058 -0.172738 -0.0534468 3.65836 22 311 1100 1 1 3.22582 3.22582 357 
22.0518 -13.7739 49.6155 0.513837 -0.271926 1.83811 3.51174 22 312 1163 1 1 1.94419 1.94419 322 
-20.14 16.4433 9.69411 -0.153258 0.357369 0.185875 3.4031 22 313 1003 1 1 3.20035 3.20035 358 
-22.993 12.1376 -7.28206 -0.138233 0.108749 -0.0199193 3.42795 22 314 1026 1 1 5.36145 5.36145 601 
23.5875 10.9375 -26.9174 0.584822 0.0588973 0.28748 3.31114 22 315 1041 1 1 2.03345 2.03345 327 
19.5913 17.0934 76.5112 1.121 -0.274065 0.135869 3.61352 22 316 1158 1157 1 2.63551 2.63551 244 
25.3292 5.86795 6.70363 0.796953 -0.127726 0.0198588 3.44069 22 317 1071 1 1 2.86143 2.86143 390 
0.80249 -25.9876 71.04 -0.106412 -0.829558 0.767448 3.59761 22 318 1099 1 1 3.12992 3.12992 295 
-20.0758 -16.5216 74.3874 -0.702646 -0.0862787 0.24033 3.64661 22 319 1074 1 1 3.94369 3.94369 459 
-25.5957 4.56734 53.3641 -0.466198 0.121535 -0.151451 3.66026 22 320 1206 1183 1 2.33677 2.33677 439 
-21.729 14.2776 73.0923 -0.163891 0.0391645 0.412207 3.6033 22 321 1165 1112 1 2.0223 2.0223 242 
24.0653 9.84176 45.0494 1.38159 0.186386 -1.42679 3.63409 22 322 1270 1250 1 7.48259 7.48259 811 
25.93 -1.90669 40.8274 0.234864 -0.0717352 -0.169784 3.65735 22 323 1079 1013 1 2.59357 2.59357 401 
14.3174 -21.7028 10.5338 0.123503 0.0272367 0.0622502 3.40137 22 324 1044 1 1 0.887699 0.887699 218 
24.1117 -9.72759 72.7 0.157076 -0.110025 -0.0328891 3.65746 22 325 1132 1 1 2.95993 2.95993 345 
15.3908 -20.9552 -7.1759 0.127389 -0.242859 0.137489 3.42598 22 326 1046 1 1 3.20534 3.20534 376 
22.9306 12.2551 52.9883 0.394297 0.190298 -0.263507 3.71551 22 327 1139 1136 1 3.04391 3.04391 239 
24.3392 9.14358 77.8495 1.12762 0.265516 0.515499 3.65197 11 328 1 0 1 5.42058 5.42058 567 
25.7697 3.45266 78.6299 14.883 1.50299 25.7333 3.61352 22 329 1070 1 1 3.41338 3.41338 629 
16.6576 -19.9631 68.8189 0.466468 -0.352275 -0.0958397 3.69912 22 330 1200 1177 1 1.71894 1.71894 458 
2.89572 -25.8382 -17.7163 -0.113621 -0.664041 0.426821 3.31277 22 331 1002 1 1 1.06767 1.06767 249 
19.0273 -17.7189 67.2446 0.338686 0.059007 -0.00024063 3.62653 22 332 1198 1 1 5.60718 5.60718 557 
-25.6684 -4.13896 36.8628 -0.451258 -0.128331 0.137611 3.51674 22 333 1250 1 1 1.49159 1.49159 334 
2.31955 25.8963 -10.199 1.63043 4.8972 5.9067 3.33452 22 334 1036 1 1 2.94307 2.94307 390 
24.0663 9.83926 31.2548 0.529049 -0.127438 1.31458 3.45211 22 335 1057 1 1 4.76131 4.76131 497 
5.48865 25.4141 29.451 -0.253116 0.76499 0.579768 3.45631 22 336 1001 1 1 8.08331 8.08331 581 
9.95357 -24.0193 61.8293 0.178145 -0.448154 -0.168945 3.69254 22 337 1078 1076 1 5.3635 5.3635 458 
-17.5058 19.2236 22.715 -0.440318 0.170279 0.145964 3.46048 22 338 1010 1 1 3.68913 3.68913 735 
12.0383 23.0451 4.63601 0.0376027 0.413077 -0.69709 3.54313 22 339 1047 1 1 2.91772 2.91772 466 
25.1927 -6.42868 78.1915 8.08803 -3.05681 18.8071 3.61811 22 340 1017 1 1 1.44817 1.44817 446 
16.6992 -19.9283 -5.06641 7.02678 1.19702 -4.4097 3.39275 11 341 1 0 1 0.971688 0.971688 348 
18.6945 18.0697 60.2036 0.186105 0.126572 -0.0272339 3.62128 22 342 1225 1224 1 3.52364 3.52364 692 
19.0392 -17.7062 5.07214 3.69985 -7.14111 14.2859 3.36235 11 343 1 0 1 2.34647 2.34647 246 
17.8902 -18.8663 74.642 10.9641 -12.5148 17.1762 3.60085 11 344 1 0 1 2.11155 2.11155 132 
25.9414 -1.74477 -4.80161 15.0261 -1.17616 10.1898 3.35318 11 345 1 0 1 4.05195 4.05195 410 
22.1299 -13.6479 78.35 0.363643 -0.0332245 0.0453156 3.67794 22 346 1080 1066 1 3.11953 3.11953 414 
-3.50807 25.7622 64.4007 -0.137387 1.22845 0.061503 3.62578 22 347 1027 1 1 2.1292 2.1292 535 
21.6367 -14.4171 10.1854 0.261078 -0.312834 0.0940665 3.43232 22 348 1022 1 1 0.724134 0.724134 454 
-15.19 21.1013 57.397 -4.75438 3.53837 0.375863 3.5778 22 349 1002 1 1 0.082385 0.082385 255 
15.3283 -21.001 61.0391 0.269247 -0.316476 -0.268454 3.73496 22 350 1098 1097 1 1.76072 1.76072 348 
-16.3658 20.203 35.7976 -0.62396 1.3727 -1.92947 3.65178 22 351 1013 1 1 4.18664 4.18664 526 
20.1589 -16.4201 74.7358 0.932488 -0.242342 -0.267027 3.6566 22 352 1224 1223 1 1.82826 1.82826 345 
22.7225 -12.6368 75.8789 0.135843 0.0998639 0.440624 3.619 22 353 1047 1 1 1.87591 1.87591 318 
-4.8798 -25.538 -5.02535 -0.253797 -0.919634 0.719323 3.3514 22 354 1104 1 1 4.33692 4.33692 571 
-6.51713 25.17 78.257 -0.0328852 0.2811 0.049395 3.68113 22 355 1066 1 1 2.24383 2.24383 502 
-10.0561 23.9765 41.7041 -0.28049 1.41991 5.45305 3.48911 22 356 1133 1 1 3.20417 3.20417 467 
-25.3972 -5.56624 77.8283 -0.261915 -0.109381 0.0207085 3.67943 22 357 1039 1038 1 3.40803 3.40803 414 
-17.4096 -19.3107 64.1369 -0.204012 -0.288774 -0.066341 3.60639 22 358 1002 1 1 3.82847 3.82847 574 
-4.4559 -25.6153 56.9089 0.0621003 -0.529074 -0.121248 3.61254 22 359 1028 1027 1 2.4468 2.4468 370 
-17.0944 19.5903 53.2401 -0.285429 0.423368 -0.0202393 3.64638 22 360 1053 1052 1 5.67793 5.67793 541 
-2.79203 25.8497 63.8195 0.0964757 0.0854574 -0.0948767 3.60438 22 361 1001 1 1 4.63392 4.63392 392 
23.928 -10.171 14.8886 0.380492 -0.0767557 0.259812 3.42081 22 362 1102 1 1 3.02425 3.02425 515 
25.9125 -2.13134 75.2961 8.89385 2.3758 7.17194 3.62177 22 363 1076 1 1 2.84648 2.84648 322 
21.3165 -14.8864 27.9722 0.191008 -0.295895 0.0601597 3.51837 22 364 1099 1 1 2.24227 2.24227 455 
-3.64464 25.7433 48.5016 0.107279 0.354444 -0.241828 3.66826 22 365 1557 1556 1 4.59475 4.59475 455 
-10.4183 23.8214 -4.29989 -0.242354 0.289313 0.147555 3.38105 22 366 1001 1 1 2.93326 2.93326 300 
23.5503 11.0174 44.2258 0.321338 0.00898508 0.178502 3.53713 22 367 1271 1187 1 1.67779 1.67779 421 
16.6545 -19.9657 32.504 0.345116 -0.126645 -0.148946 3.54391 22 368 1037 1 1 1.9236 1.9236 390 
-10.8854 -23.6116 61.6242 -0.711833 -0.932853 1.20355 3.56976 22 369 1182 1 1 2.82081 2.82081 372 
24.8719 -7.57559 76.0788 0.559107 -0.00313025 0.157113 3.63544 22 370 1041 1 1 5.07085 5.07085 365 
-25.7234 -3.78242 60.1445 -3.86656 -1.31219 -1.38213 3.63849 22 371 1071 1070 1 1.87678 1.87678 232 
-20.0867 -16.5083 56.0816 -0.195002 -0.283924 0.165884 3.59322 22 372 1241 1199 1 0.0872333 0.0872333 152 
-25.5726 -4.69504 57.481 -29.6292 -29.4748 42.744 3.53785 11 373 1 0 1 4.17476 4.17476 441 
0.0568674 -25.9999 77.2113 -0.626835 -2.31954 -0.130323 3.69182 22 374 1033 1032 1 0.949461 0.949461 260 
16.4759 -20.1133 55.4253 0.167191 -0.176167 -0.114915 3.60865 22 375 1032 1031 1 3.2809 3.2809 627 
-24.5607 -8.53061 19.7283 -6.60739 -1.99314 7.63366 3.42996 22 376 1030 1 1 0.405492 0.405492 83 
-8.53277 24.56 65.6286 -0.0543243 0.580654 -0.298042 3.72416 22 377 1049 1048 1 0.604167 0.604167 241 
-6.20368 -25.249 31.1993 -0.145958 -0.222771 -0.036825 3.60732 22 378 1162 1138 1 5.87873 5.87873 592 
15.8205 20.6328 13.3035 2.53408 1.61257 3.98731 3.40185 22 379 1202 1 1 1.14384 1.14384 237 
14.888 -21.3154 54.5605 0.268483 -0.457125 0.423585 3.53703 22 380 1213 1 1 1.7706 1.7706 332 
-25.1522 6.58544 63.774 -1.03682 -0.185927 -1.24473 3.69317 22 381 1002 1 1 3.80408 3.80408 581 
-19.8272 16.8191 54.8584 -0.170907 0.0253567 0.124321 3.62948 22 382 1331 1 1 1.87021 1.87021 323 
-16.7762 19.8635 19.4886 -0.363391 0.332795 -0.135329 3.53233 22 383 1134 1133 1 3.00845 3.00845 461 
6.10932 25.272 72.7552 0.0837378 0.24464 0.0113453 3.70078 22 384 1157 1 1 0.798453 0.798453 190 
-22.1731 13.5777 34.8022 -1.03772 1.3746 0.482177 3.56939 22 385 1069 1068 1 9.54797 9.54797 583 
-23.0214 12.0837 71.4229 -1.15875 -0.183068 0.878911 3.60969 22 386 1021 1 1 1.10861 1.10861 224 
25.9567 1.49995 45.0927 0.381187 0.0683352 -0.24315 3.74022 22 387 1080 1079 1 1.30671 1.30671 339 
14.9343 -21.283 78.1344 0.646447 -1.31215 4.04358 3.62299 22 388 1157 1 1 6.44711 6.44711 692 
-17.2323 19.4691 69.6922 -0.328375 0.3915 0.00421188 3.6548 22 389 1021 1020 1 0.721279 0.721279 362 
13.0454 -22.4904 70.5755 0.88328 -2.02966 -1.26754 3.64736 22 390 1005 1004 1 1.99596 1.99596 421 
13.9552 -21.9375 73.2582 0.213021 -0.310134 0.23641 3.61947 22 391 1074 1 1 2.5066 2.5066 476 
-4.58089 25.5933 -12.5257 -0.149588 0.880398 -0.44183 3.43612 22 392 1001 1 1 1.67099 1.67099 314 
-21.1027 15.188 52.261 -0.553544 0.442894 0.143581 3.65629 22 393 1001 1 1 3.05322 3.05322 214 
25.9448 1.69355 2.17597 2.46754 0.301283 2.27499 3.38111 22 394 1061 1 1 2.113 2.113 374 
25.542 -4.85874 -9.19751 0.42973 0.12987 0.0586054 3.49868 22 395 1077 1 1 2.13735 2.13735 439 
-19.5744 -17.1127 9.06375 -0.102251 -0.0409751 0.145088 3.39287 22 396 1001 1 1 3.23269 3.23269 522 
25.0442 6.98482 40.4577 0.273844 0.0524049 -0.0099466 3.70074 22 397 1201 1072 1 2.92749 2.92749 393 
20.9298 -15.4255 56.0319 0.181081 -0.106772 -0.108161 3.74256 22 398 1074 1073 1 2.84047 2.84047 362 
17.6494 19.0919 45.8296 2.13539 2.24094 3.25813 3.53239 22 399 1014 1 1 1.79715 1.79715 147 
8.0677 24.7166 73.4048 0.0427522 8.10044 -5.42943 3.62369 11 400 1 0 1 5.70478 5.70478 620 
-25.9676 1.29685 69.8209 -1.35759 0.239718 0.625956 3.62697 22 401 1001 1 1 3.70817 3.70817 565 
1.56516 25.9528 78.319 5.00859 7.44102 0.622337 3.65178 11 402 1 0 1 2.79551 2.79551 383 
5.00235 25.5142 29.7321 -0.332921 0.833751 0.0178855 3.46552 22 403 1065 1 1 0.253087 0.253087 223 
-25.985 -0.881589 42.5598 -2.51507 1.08382 1.10187 3.53022 22 404 1057 1 1 0.540713 0.540713 84 
25.4438 -5.34897 61.52 0.187515 -0.0647089 0.240188 3.63658 22 405 1411 1410 1 4.04128 4.04128 503 
-25.5442 -4.84703 66.5002 -0.501639 -0.0196402 -0.0953537 3.69974 22 406 1170 1169 1 4.07126 4.07126 415 
-25.5375 4.88198 50.6133 -3.45986 1.30802 3.46776 3.5468 22 407 1019 1 1 1.22182 1.22182 311 
-25.9872 -0.814799 78.3857 -0.329626 -0.0653421 0.231058 3.63125 22 408 1048 1 1 1.06461 1.06461 154 
-20.7038 15.7275 37.6124 -0.228867 0.369292 -0.0718878 3.51066 22 409 1001 1 1 4.41581 4.41581 382 
-17.8731 -18.8826 68.7444 -1.92306 -1.42575 0.948133 3.63513 22 410 1054 1 1 2.11141 2.11141 433 
-16.3284 20.2332 72.8562 -0.36848 0.764862 0.430566 3.74001 22 411 1004 1 1 3.73033 3.73033 572 
21.8509 14.0904 72.2845 4.20264 3.25224 2.06598 3.64344 22 412 1163 1114 1 3.39262 3.39262 474 
-17.6233 19.116 55.3364 -6.70579 6.15331 -5.32514 3.57629 -11 413 1598 1597 1 3.46379 3.46379 428 
5.77802 -25.3498 34.564 0.123548 -0.303245 -0.392299 3.67388 22 414 1034 1032 1 2.48123 2.48123 258 
4.37801 -25.6288 21.724 0.0859783 -0.348625 0.0883761 3.45301 22 415 1027 1 1 1.00036 1.00036 166 
-18.1838 -18.5836 30.797 -0.109762 0.0300835 -0.14406 3.62427 22 416 1124 1 1 7.34241 7.34241 622 
23.4734 -11.1804 58.7414 0.334797 -0.145844 0.0361812 3.65413 22 417 1546 1518 1 1.30543 1.30543 314 
-0.483099 25.9955 -13.3521 0.46189 2.09195 -1.09761 3.42818 22 418 1136 1135 1 1.18454 1.18454 133 
-5.17509 -25.4798 0.286777 0.0286346 -0.130663 -0.158743 3.62395 22 419 1001 1 1 4.01724 4.01724 510 
-17.0909 19.5934 64.3153 -0.233847 0.422845 -0.166245 3.64418 22 420 1100 1099 1 2.12245 2.12245 333 
-25.1139 -6.72976 68.4304 -0.13669 -0.10487 -0.0157286 3.61272 22 421 1199 1178 1 2.25597 2.25597 542 
-8.14838 24.6902 68.0225 -1.45002 1.763 0.192626 3.65053 22 422 1169 1143 1 2.2553 2.2553 297 
-24.928 7.38893 57.8414 -4.84125 1.51001 1.58991 3.60613 22 423 1001 1 1 0.332206 0.332206 282 
-24.5521 8.55537 59.3495 -1.43315 0.445905 0.184592 3.62793 22 424 1009 1008 1 1.48676 1.48676 236 
-19.0074 17.7404 16.2176 -0.182922 0.321317 -0.352724 3.63832 22 425 1051 1031 1 2.41594 2.41594 411 
-24.1971 -9.51305 2.56308 -5.09244 -2.86623 2.20126 3.41537 22 426 1065 1 1 3.66859 3.66859 558 
1.92433 -25.9287 23.1881 -0.217638 -0.859566 0.00628487 3.45767 22 427 1001 1 1 1.74477 1.74477 419 
12.472 22.8134 32.6483 -0.0680102 0.396189 -0.394013 3.70979 22 428 1181 1179 1 5.03263 5.03263 528 
-25.0283 -7.0416 62.1231 -0.254945 -0.032991 -0.0785467 3.63973 22 429 1222 1 1 1.41647 1.41647 300 
12.7848 -22.6395 36.9456 0.139473 -0.434729 -0.121467 3.57767 22 430 1172 1171 1 4.36871 4.36871 338 
25.2072 6.37148 22.1483 0.150856 0.0479314 -0.114184 3.58294 22 431 1035 1 1 4.10357 4.10357 467 
-15.9693 20.5178 25.7339 -2.22697 6.70266 0.426818 3.48151 22 432 1001 1 1 2.31016 2.31016 301 
-20.1189 16.4691 43.5404 -4.49801 8.31023 6.30408 3.50218 11 433 1 0 1 3.45936 3.45936 223 
19.9849 -16.6315 55.6313 7.82894 -3.29975 5.69744 3.56582 22 434 1024 1 1 1.94128 1.94128 427 
-17.8485 -18.9058 15.3602 -0.445137 -0.650721 0.108405 3.45525 22 435 1073 1 1 1.65203 1.65203 344 
-17.467 -19.2588 73.4405 -0.449253 -0.243249 -0.0110188 3.69731 22 436 1339 1338 1 2.94864 2.94864 388 
-6.05046 -25.2862 75.4982 -0.451697 -4.94624 8.24438 3.61045 22 437 1038 1 1 3.52729 3.52729 435 
15.594 20.8045 71.268 0.477603 0.636192 0.615848 3.60769 22 438 1212 1111 1 1.36207 1.36207 232 
22.9823 -12.1579 -6.99394 7.1305 -7.51214 25.2439 3.32547 22 439 1038 1 1 2.32352 2.32352 492 
16.4272 20.1531 33.4598 0.513483 1.52002 2.81783 3.47788 22 440 1008 1 1 2.27737 2.27737 377 
25.9069 2.19849 60.5724 1.09955 -0.0525594 1.30141 3.56959 22 441 1268 1 1 0.788488 0.788488 195 
8.64422 24.521 58.1472 0.0575635 0.192091 -0.104048 3.67556 22 442 1209 1123 1 4.12565 4.12565 520 
-16.7616 19.8758 11.678 -0.824666 20.0493 34.2229 3.39029 11 443 1 0 1 6.09218 6.09218 522 
-25.7957 -3.25322 19.5031 -0.550057 0.220671 0.128803 3.47692 22 444 1119 1 1 5.46541 5.46541 562 
-5.02703 -25.5094 57.8952 0.213792 -0.346111 -0.360246 3.6533 22 445 1251 1193 1 4.14325 4.14325 415 
25.4001 5.55276 8.0438 1.65924 1.08656 0.515255 3.50394 22 446 1001 1 1 2.98279 2.98279 419 
9.37603 24.2506 68.3834 0.432933 0.271055 0.0147507 3.67728 22 447 1037 1036 1 4.61294 4.61294 426 
15.9418 -20.5392 73.0501 0.381334 -0.0760691 0.212883 3.65286 22 448 1019 1 1 2.53336 2.53336 391 
-25.9502 -1.60921 20.2669 -7.75508 -1.37987 -0.703408 3.5159 11 449 1 0 1 1.04671 1.04671 305 
-23.0944 11.9435 -4.35416 -0.305873 0.251731 0.0341754 3.40818 22 450 1030 1 1 1.50547 1.50547 500 
-23.569 -10.9773 37.1173 -8.44574 -5.9861 5.38954 3.50346 11 451 1 0 1 3.51801 3.51801 317 
-25.8961 2.32161 24.2314 -0.200459 -0.0259916 -0.101956 3.65449 22 452 1033 1 1 2.89643 2.89643 544 
19.8485 -16.794 56.5049 0.436121 0.00762452 -0.28325 3.60347 22 453 1006 1 1 3.20021 3.20021 253 
-10.0962 23.9597 66.5042 0.0281069 0.491172 -0.138131 3.61503 22 454 1278 1276 1 4.50546 4.50546 458 
-25.9585 -1.46864 63.3379 -0.257912 -0.110703 -0.0981545 3.69978 22 455 1063 1 1 3.46973 3.46973 440 
-20.5796 15.8896 59.68 -0.267075 0.145804 0.436278 3.5609 22 456 1102 1 1 1.81549 1.81549 332 
18.6273 -18.139 53.3246 8.01023 -0.357738 3.10519 3.56011 11 457 1 0 1 3.04454 3.04454 591 
18.9735 17.7766 46.5725 0.144257 0.189281 0.109731 3.5624 22 458 1092 1 1 3.0156 3.0156 529 
24.1561 9.61676 22.0392 0.360363 0.561678 -0.244872 3.52306 22 459 1036 1 1 4.03974 4.03974 453 
-15.8392 20.6184 -9.30627 0.147512 0.316214 0.0967176 3.38305 22 460 1001 1 1 7.68867 7.68867 545 
-18.7372 18.0254 44.4136 -0.248381 0.150744 0.180236 3.53663 22 461 1179 1 1 1.73124 1.73124 300 
-10.5698 -23.7546 57.0829 -0.0381684 -0.290396 0.191983 3.56568 22 462 1102 1 1 4.32361 4.32361 456 
-20.1007 16.4912 30.193 -2.06931 1.98633 2.63879 3.47399 22 463 1001 1 1 1.33842 1.33842 252 
11.1003 -23.5113 72.235 -0.0376075 -0.633936 0.506092 3.59602 22 464 1069 1 1 1.03626 1.03626 195 
-25.9413 1.74661 39.1769 -0.349464 -0.0115527 0.372641 3.56066 22 465 1368 1367 1 2.26409 2.26409 482 
17.1975 19.4999 37.5009 0.541791 0.209591 0.150245 3.52121 22 466 1014 1 1 2.28713 2.28713 525 
-25.963 1.3872 64.511 -2.05685 0.42816 3.82775 3.57028 22 467 1036 1 1 7.46531 7.46531 865 
-25.9979 -0.332756 76.1671 -5.75829 1.03031 3.63826 3.63645 22 468 1447 1370 1 1.40877 1.40877 192 
-9.76156 -24.098 65.7509 0.0547672 -0.372335 0.345669 3.61551 22 469 1022 1021 1 1.87877 1.87877 398 
-4.88436 -25.5371 65.3478 -0.0115668 -0.195752 0.0569731 3.63041 22 470 1056 1 1 2.34392 2.34392 495 
-17.9854 18.7756 68.9978 -0.327549 0.0693792 0.334574 3.61193 22 471 1052 1 1 2.63576 2.63576 331 
-18.2294 -18.5389 62.9388 -0.424784 -0.233879 -0.186684 3.65092 22 472 1026 1 1 3.59207 3.59207 380 
-6.78391 25.0994 76.6367 -0.151953 0.45535 0.218571 3.63828 22 473 1057 1 1 4.02843 4.02843 629 
-25.288 6.04289 15.936 -0.926633 0.285823 -0.0947518 3.44961 22 474 1023 1 1 0.596047 0.596047 121 
-21.6739 14.3611 -9.30585 -2.69329 -4.6853 1.95544 3.3244 11 475 1 0 1 79.5381 79.5381 974 
-7.25244 24.968 57.2979 -0.0965055 0.341441 -0.0802486 3.64989 22 476 1257 1 1 5.44921 5.44921 693 
-18.4116 18.3579 73.9012 -6.09204 4.13155 4.53896 3.6202 22 477 1054 1 1 1.72513 1.72513 450 
-6.96511 25.0497 32.5274 -0.325347 2.7131 0.544069 3.4834 11 478 1 0 1 2.07151 2.07151 388 
-24.4047 -8.96719 62.2745 -0.499172 -0.0377328 -0.102583 3.59975 22 479 1199 1172 1 8.57093 8.57093 533 
-8.79647 24.4668 63.5436 -0.34113 0.723187 0.455789 3.59982 22 480 1306 1304 1 2.49692 2.49692 273 
25.916 2.08863 18.8073 0.458056 0.0800189 0.105907 3.49518 22 481 1052 1 1 0.419193 0.419193 237 
0.112932 25.9998 31.717 -0.823964 2.57093 0.643472 3.53029 22 482 1001 1 1 1.08502 1.08502 278 
15.0911 -21.1722 78.727 0.192949 -0.148314 0.0810967 3.64622 22 483 1426 1270 1 0.936237 0.936237 198 
11.2965 -23.4177 50.0692 0.0932032 -0.204757 -0.00514596 3.56488 22 484 1074 1 1 1.59857 1.59857 314 
21.1739 -15.0886 -48.0652 0.749801 -0.41622 -0.231256 3.31071 22 485 1054 1 1 4.34864 4.34864 614 
-9.77226 24.0936 60.3058 -0.531028 8.83661 17.6588 3.5459 -11 486 1151 1150 1 11.9192 11.9192 868 
-23.4706 -11.1862 60.8728 -0.31574 0.244777 0.274373 3.56824 22 487 1104 1 1 0.679646 0.679646 147 
9.46828 24.2147 55.2718 0.0758464 0.299315 0.0333454 3.64325 22 488 1028 1027 1 3.42166 3.42166 398 
19.2698 17.4549 56.8323 3.72693 4.85768 0.755164 3.5501 11 489 1 0 1 1.55482 1.55482 182 
-20.7463 -15.6714 -64.1117 -0.13641 -0.10623 -0.663497 3.57517 22 490 1001 1 1 0.861228 0.861228 173 
-24.9364 -7.36054 60.9861 -0.0325176 -0.227603 0.103919 3.66498 22 491 1138 1137 1 4.75973 4.75973 431 
1.25303 -25.9698 58.9014 0.0341231 -0.194042 0.00400316 3.61668 22 492 1094 1 1 6.89802 6.89802 627 
11.1915 -23.4681 27.7584 0.24838 -0.440531 -0.073212 3.57313 22 493 1016 1015 1 1.19217 1.19217 486 
-24.2065 -9.4892 -0.278836 0.0117438 -0.213772 0.0498287 3.82251 22 494 1065 1 1 2.02381 2.02381 424 
24.2926 9.2666 33.5983 10.9597 4.01237 0.0566834 3.4919 11 495 1 0 1 2.414 2.414 431 
20.5002 -15.9919 33.7274 0.262781 -0.107479 -0.454722 4.70041 22 496 1176 1175 1 2.2454 2.2454 259 
25.6148 4.45873 14.8724 0.30892 -0.173044 -0.12838 3.51328 22 497 1032 1029 1 4.94889 4.94889 623 
22.0789 -13.7303 15.3308 5.24571 -3.74554 -2.13999 3.43694 11 498 1 0 1 2.0391 2.0391 465 
-8.23805 24.6604 71.2184 -0.256142 0.23282 0.1047 3.65206 22 499 1036 1035 1 0.506135 0.506135 248 
-6.96573 25.0495 72.3286 2.14737 6.16506 7.41181 3.60182 22 500 1037 1 1 2.27622 2.27622 299 
4.68823 25.5738 67.9955 -0.0627364 0.403459 0.404894 3.58671 22 501 1208 1 1 3.05889 3.05889 401 
2.26081 -25.9015 -35.9442 0.0129826 -0.211857 -0.091589 3.2981 22 502 1033 1 1 3.86006 3.86006 493 
25.8892 -2.39744 7.11722 1.0772 -0.139758 2.16292 3.37473 22 503 1166 1 1 1.89509 1.89509 276 
9.27632 24.2889 75.9494 0.180023 0.478235 -0.00155532 3.67224 22 504 1170 1155 1 0.406864 0.406864 193 
25.0451 6.98144 60.584 0.200176 0.252363 0.257242 3.55573 22 505 1001 1 1 8.39558 8.39558 641 
17.4716 -19.2547 34.6467 1.17037 -0.838873 1.38032 3.49011 22 506 1026 1 1 5.14718 5.14718 657 
-25.7083 3.88398 -59.756 -0.527023 0.127642 -0.412059 3.30107 22 507 1001 1 1 2.73302 2.73302 448 
-0.0710716 25.9999 -13.2555 -0.0148759 3.26653 -2.16644 3.45193 22 508 1001 1 1 2.64359 2.64359 508 
19.3333 -17.3845 -3.37022 0.610211 -0.513175 -0.0840733 3.43436 22 509 1001 1 1 1.44666 1.44666 327 
13.8034 -22.0333 39.7897 0.164203 -0.0424235 -0.227126 3.68441 22 510 1618 1414 1 2.68144 2.68144 337 
17.8826 -18.8736 63.9175 0.222015 -0.38986 -0.244619 3.66541 22 511 1007 1006 1 1.9731 1.9731 168 
-15.9412 -20.5397 28.615 -0.174516 -0.265676 -0.4001 3.64393 22 512 1093 1092 1 5.95429 5.95429 524 
-17.4086 -19.3117 17.6457 -1.87877 -5.93146 -0.0876347 3.47351 11 513 1 0 1 7.95253 7.95253 636 
-4.96779 -25.521 33.076 -0.0532856 -0.481741 -0.0140407 3.58894 22 514 1012 1 1 2.75261 2.75261 513 
25.706 -3.89881 77.7315 8.81308 0.937457 -0.220072 3.62782 22 515 1007 1006 1 2.15146 2.15146 464 
3.18707 25.8039 44.0168 2.42428 5.32996 2.88046 3.53083 11 516 1 0 1 1.89888 1.89888 367 
3.60024 25.7495 74.4309 0.340882 0.190438 -0.118139 3.676 22 517 1023 1 1 5.04991 5.04991 783 
-5.73996 25.3585 65.6263 -0.277377 0.426179 -0.0505317 3.66849 22 518 1085 1060 1 3.63312 3.63312 384 
10.5648 -23.7568 70.9307 0.222317 -0.213188 -0.146955 3.74503 22 519 1031 1030 1 4.24664 4.24664 484 
-14.2968 21.7164 34.1594 -0.339453 0.378473 0.0535728 3.58361 22 520 1001 1 1 3.21294 3.21294 584 
-1.82592 -25.9358 35.1046 -0.0121143 -0.206911 -0.467077 3.72783 22 521 1580 1579 1 3.46041 3.46041 342 
-8.80537 -24.4636 65.2691 -0.0783324 -0.593523 0.311736 3.59936 22 522 1074 1 1 2.93152 2.93152 368 
-25.997 -0.392989 39.6471 -5.78504 5.4976 3.0802 3.49949 -11 523 1002 1001 1 3.99673 3.99673 563 
-23.7758 10.5219 60.7304 -1.08006 0.190175 3.9196 3.55136 22 524 1001 1 1 4.51881 4.51881 551 
24.6077 -8.39415 16.9192 0.503605 -0.0518827 0.169078 3.45154 22 525 1001 1 1 1.87149 1.87149 305 
-17.0596 19.6207 -31.4285 -1.15961 0.442999 1.98492 3.29327 22 526 1001 1 1 0.077464 0.077464 34 
17.815 18.9374 55.1362 0.144718 0.00861764 -0.0888174 3.58484 22 527 1036 1 1 3.02814 3.02814 232 
19.7554 16.9034 59.0331 0.216841 0.415752 0.0110342 3.60429 22 528 1082 1 1 5.80778 5.80778 546 
11.5237 -23.3067 54.1083 0.150023 -0.430967 -0.229957 3.61584 22 529 1169 1168 1 2.9772 2.9772 455 
19.096 -17.6449 24.3315 0.339307 -0.174913 0.262964 3.45369 22 530 1162 1111 1 3.34892 3.34892 644 
-10.899 -23.6053 52.0708 -0.0738248 -0.476165 0.0192003 3.58765 22 531 1248 1232 1 3.19435 3.19435 416 
25.8082 3.15197 21.0784 1.84071 0.419942 3.91172 3.41615 22 532 1051 1 1 10.6945 10.6945 740 
-6.95914 25.0514 51.6932 0.0346076 0.359257 -0.0482542 3.60141 22 533 1008 1 1 2.63341 2.63341 382 
-7.9103 -24.7675 -32.0454 -0.96001 -1.6881 -1.12067 3.41923 22 534 1039 1 1 1.4414 1.4414 209 
4.87483 -25.5389 74.0378 0.0688789 -0.473881 0.178359 3.61858 22 535 1049 1018 1 3.38131 3.38131 356 
-23.1469 11.8415 78.1695 -0.20521 0.0965876 0.176444 3.63411 22 536 1038 1 1 2.6679 2.6679 406 
-18.6361 -18.13 67.7916 -0.507758 -0.527957 0.266776 3.61152 22 537 1050 1 1 2.22467 2.22467 221 
-25.9889 0.760921 3.82428 -0.437642 -0.260945 -0.038685 3.48849 22 538 1021 1002 1 5.55008 5.55008 691 
-19.9358 16.6903 68.4292 -0.366807 0.317244 0.0847425 3.61442 22 539 1185 1106 1 3.26133 3.26133 374 
-9.60791 -24.1596 77.5465 -0.303728 -0.621565 -0.018022 3.68908 22 540 1088 1032 1 3.7197 3.7197 486 
0.794232 25.9879 1.40964 0.00423998 0.218915 -0.461712 3.6286 22 541 1149 1148 1 4.41502 4.41502 518 
-24.8573 7.62343 64.1197 -0.0508415 0.141476 -0.074473 3.67821 22 542 1560 1526 1 1.32031 1.32031 382 
24.8206 7.74208 61.3816 2.60191 2.38318 2.23399 3.59592 22 543 1099 1 1 0.707131 0.707131 286 
24.1028 -9.74956 -17.4385 0.817008 -0.255598 -0.416719 3.42701 22 544 1029 1 1 1.15182 1.15182 183 
12.8915 -22.5789 68.736 1.6659 -0.975368 0.964768 3.65535 22 545 1001 1 1 1.59219 1.59219 413 
-25.5778 4.66641 70.84 -1.52836 0.792345 -0.854706 3.65311 22 546 1088 1087 1 4.82706 4.82706 444 
24.7108 8.08571 54.721 0.346363 0.31186 -0.209514 3.7079 22 547 1171 1170 1 3.34289 3.34289 415 
21.9543 -13.9288 43.0327 2.24695 -1.01629 2.4903 3.51504 22 548 1083 1 1 3.45737 3.45737 429 
25.8978 -2.30313 -5.56714 0.216544 -0.0292339 0.278573 3.37414 22 549 1001 1 1 4.10404 4.10404 220 
-8.33379 24.6282 54.7034 -0.1702 0.526506 -0.133849 3.64315 22 550 1266 1161 1 4.25205 4.25205 399 
25.701 -3.93205 38.972 0.37383 -0.170062 -0.304056 3.60537 22 551 1069 1068 1 1.7437 1.7437 362 
-25.9531 -1.56142 53.1487 -0.417376 -0.228232 0.509473 3.63212 22 552 1030 1 1 1.06446 1.06446 329 
22.3543 13.2773 71.8831 0.463119 0.200655 0.0798648 3.66774 22 553 1072 1045 1 2.08883 2.08883 285 
-25.5218 4.96369 3.57183 -10.5584 11.9186 0.206978 3.38356 11 554 1 0 1 1.59749 1.59749 287 
25.9034 2.23914 -23.9351 1.27228 0.325433 -0.471756 3.40245 22 555 1001 1 1 2.66114 2.66114 355 
-21.665 14.3745 54.4193 -1.01826 0.270377 2.43186 3.53854 22 556 1018 1 1 4.72301 4.72301 413 
-22.1022 13.6928 65.6449 -0.191777 0.228488 0.174325 3.61168 22 557 1038 1 1 1.7832 1.7832 266 
7.45795 24.9074 -15.881 -0.0146064 0.412675 0.313643 3.30468 22 558 1002 1 1 2.75695 2.75695 288 
17.2402 -19.4622 51.5422 0.415511 -0.485337 0.87138 3.53162 22 559 1062 1 1 0.713196 0.713196 422 
-25.8201 -3.05344 62.9538 -0.161001 0.0571526 0.0229121 3.63327 22 560 1039 1 1 2.39777 2.39777 434 
-21.1374 15.1397 -26.1805 -0.13725 0.0766968 -0.19531 3.53065 22 561 1024 1 1 4.31042 4.31042 566 
9.16416 -24.3314 44.1155 0.297911 -0.339723 0.612193 3.52135 22 562 1086 1 1 1.31236 1.31236 393 
-20.2778 -16.273 77.2633 -0.554982 -0.444075 0.902905 3.62743 22 563 1039 1 1 2.97966 2.97966 646 
-24.0909 9.77893 -5.48028 -0.197076 0.0346015 -0.470196 3.83282 22 564 1241 1239 1 1.59763 1.59763 206 
-24.655 8.25417 75.8511 -0.723816 0.397841 0.297724 3.64331 22 565 1045 1043 1 1.11323 1.11323 361 
-25.2175 6.33082 62.7601 -0.282124 -0.00259611 -0.168383 3.6045 22 566 1318 1 1 1.92125 1.92125 411 
-24.1229 9.69969 77.2705 -4.14184 -0.074629 1.37318 3.65443 22 567 1100 1099 1 2.72155 2.72155 255 
14.4007 -21.6476 74.3682 0.797558 -0.957707 0.570143 3.6264 22 568 1066 1 1 1.1706 1.1706 236 
25.6617 -4.18081 60.2041 0.469581 0.0541595 -0.194115 3.66351 22 569 1137 1109 1 9.6027 9.6027 468 
22.9468 12.2248 12.7959 0.118574 0.141614 -0.265234 3.53072 22 570 1030 1 1 1.94984 1.94984 263 
25.9724 1.19798 14.0405 0.208487 0.173228 -0.262753 3.67775 22 571 1231 1158 1 0.83736 0.83736 212 
-23.2707 11.5963 57.5669 -3.27994 -0.997462 -1.72619 3.61544 11 572 1107 1001 1 3.62941 3.62941 463 
3.56188 -25.7549 23.7532 0.223328 -0.135585 0.312605 3.46994 22 573 1057 1 1 0.575964 0.575964 85 
12.4374 -22.8322 47.899 0.245992 -0.446556 -0.0345697 3.56528 22 574 1223 1222 1 2.57854 2.57854 280 
-3.4445 25.7708 52.5374 0.146152 0.475694 -0.116081 3.69744 22 575 1024 1023 1 7.25167 7.25167 674 
23.743 -10.5957 47.0795 0.58533 -0.155779 -0.40462 3.63769 22 576 1105 1104 1 2.14218 2.14218 498 
-20.9007 15.4649 39.533 -2.76526 1.09123 1.54895 3.51294 -11 577 1002 1001 1 3.25912 3.25912 370 
20.0342 -16.5719 -40.4579 1.16464 -1.01815 0.017212 3.30083 22 578 1064 1 1 4.52497 4.52497 596 
-21.8359 14.1135 57.2553 -0.438394 0.0616248 -0.255212 3.73232 22 579 1073 1071 1 3.38757 3.38757 465 
-0.218641 25.9991 53.7538 -0.113814 0.379517 -0.322697 3.69233 22 580 1260 1259 1 2.48002 2.48002 387 
14.1841 21.7902 19.9614 1.23139 2.64889 -0.414455 3.45586 22 581 1017 1 1 2.67733 2.67733 378 
-25.9996 -0.147177 71.6945 -0.503807 0.084317 0.0137639 3.67247 22 582 1090 1065 1 3.84688 3.84688 451 
14.013 21.9006 67.2322 -0.119103 0.588311 0.145609 3.70324 22 583 1001 1 1 3.79559 3.79559 473 
20.9892 -15.3444 60.4281 0.115421 -0.113782 -0.135272 3.69962 22 584 1067 1066 1 4.82277 4.82277 569 
-17.9403 18.8188 50.1431 -3.71069 6.49359 0.0982253 3.57936 11 585 1 0 1 4.57598 4.57598 474 
22.0637 13.7548 12.1678 0.591144 0.339896 0.106458 3.43759 22 586 1002 1 1 4.64508 4.64508 609 
11.3769 23.3787 37.1132 3.99612 3.29115 -0.279025 3.54142 11 587 1 0 1 2.36851 2.36851 457 
20.9598 -15.3846 18.6514 3.24539 -2.32786 -1.97711 3.5726 22 588 1052 1 1 2.01958 2.01958 310 
-8.5291 -24.5612 54.2386 -3.50917 -2.93265 3.86737 3.54083 -11 589 1041 1040 1 5.32205 5.32205 560 
-7.45659 24.9078 27.7187 -0.13561 0.182427 0.168554 3.46051 22 590 1236 1 1 2.10218 2.10218 419 
24.0775 -9.81186 61.6751 1.20023 -0.487291 0.59621 3.59514 22 591 1100 1 1 0.982707 0.982707 336 
23.4335 -11.2636 55.0247 3.23769 0.355962 2.07147 3.54893 11 592 1 0 1 5.16591 5.16591 460 
-5.50514 -25.4105 16.7294 0.365213 -0.719043 0.375604 3.41701 22 593 1066 1 1 0.867584 0.867584 413 
-19.4904 17.2082 28.182 -0.503623 0.958082 0.306108 3.53949 11 594 1 0 1 4.08259 4.08259 745 
-4.1813 -25.6616 70.441 -0.0742756 -0.225224 0.171024 3.6109 22 595 1155 1 1 0.790592 0.790592 324 
11.2163 23.4562 51.2253 -0.70676 7.59048 -0.00383236 3.55257 11 596 1 0 1 1.62341 1.62341 296 
-6.88177 25.0727 40.4269 0.171882 0.180295 -0.0166621 3.52107 22 597 1022 1 1 7.73626 7.73626 719 
1.63343 -25.9486 57.878 -0.782554 -3.91216 4.77743 3.56002 22 598 1060 1 1 5.39738 5.39738 651 
24.9902 7.17557 36.046 0.574779 -0.278088 -0.346162 3.76246 22 599 1053 1 1 2.69654 2.69654 291 
-24.55 -8.56147 34.9041 -0.66702 0.127592 -0.207246 3.56323 22 600 1001 1 1 7.76651 7.76651 475 
-25.7274 -3.75537 23.2716 -1.07113 -0.452839 0.889506 3.4533 22 601 1016 1 1 2.98105 2.98105 438 
-25.7354 -3.69982 -35.5576 -0.974802 -0.475192 -0.682432 3.28012 22 602 1001 1 1 1.43771 1.43771 136 
12.0144 23.0576 57.7052 -0.185668 0.487395 0.342367 3.5628 22 603 1001 1 1 4.68495 4.68495 581 
25.5141 5.00281 61.0483 0.1978 0.4061 -0.23891 3.65776 22 604 1020 1019 1 2.58973 2.58973 494 
-24.3171 9.202 74.8564 -0.21526 0.117594 -0.0588746 3.6608 22 605 1147 1120 1 1.3679 1.3679 386 
3.55425 25.7559 38.7781 0.212475 0.460986 -0.0796586 3.55467 22 606 1047 1 1 1.42628 1.42628 272 
21.4901 -14.6347 77.697 7.47358 -8.36288 1.29583 3.64652 11 607 1 0 1 2.46454 2.46454 668 
-25.472 5.21294 70.3822 -0.207219 0.157571 0.261058 3.61275 22 608 1098 1097 1 6.51318 6.51318 638 
-13.6329 22.1392 17.8475 -0.060666 0.172549 0.0726032 3.49642 22 609 1001 1 1 2.83515 2.83515 389 
-22.8476 12.4091 61.9972 -0.429819 -0.404844 0.73302 3.57066 22 610 1025 1 1 4.79801 4.79801 559 
10.4091 23.8254 -61.7221 0.0623764 0.399374 0.111099 3.32578 22 611 1022 1 1 4.35438 4.35438 460 
4.41825 25.6218 73.6933 -0.0548611 0.331503 -0.0256876 3.68773 22 612 1061 1 1 1.66012 1.66012 314 
10.4044 -23.8275 72.2131 0.986679 -3.81467 5.15476 3.61699 22 613 1061 1 1 4.43586 4.43586 617 
-13.4866 22.2286 29.5857 -0.418026 0.0761017 0.145914 3.47122 22 614 1028 1 1 0.983942 0.983942 236 
-5.22356 25.4699 50.0359 0.00357854 0.421174 -0.289343 3.82371 22 615 1107 1105 1 4.15087 4.15087 405 
8.88491 -24.4348 47.9504 0.0926868 -0.433532 -0.254124 3.62987 22 616 1210 1209 1 2.98721 2.98721 461 
19.5797 17.1066 9.04543 1.06042 1.13478 -2.1071 3.62776 22 617 1213 1212 1 3.59354 3.59354 445 
-18.015 18.7473 46.769 -0.330612 0.212986 -0.326271 3.77803 22 618 1350 1348 1 1.33388 1.33388 376 
12.3701 -22.8688 54.4923 1.99616 -3.62764 -3.24142 3.74946 22 619 1001 1 1 1.52574 1.52574 399 
5.00418 -25.5139 51.06 0.140803 -0.691482 0.418718 3.53546 22 620 1032 1 1 1.61714 1.61714 252 
-23.6288 10.8479 51.5653 -0.282548 0.149844 -0.20856 3.6613 22 621 1123 1 1 5.96631 5.96631 677 
22.3022 13.3646 64.0321 0.459351 0.205587 0.0886051 3.63156 22 622 1023 1022 1 1.34337 1.34337 328 
-22.7353 12.6137 42.7577 -0.28428 -0.0603845 0.464602 3.5115 22 623 1192 1 1 3.12905 3.12905 573 
-17.8714 18.8842 14.2779 -0.0900517 0.103862 0.109206 3.40535 22 624 1021 1 1 2.50383 2.50383 415 
25.3448 -5.80017 -11.3561 1.76738 -0.273641 2.20882 3.32099 22 625 1001 1 1 2.09804 2.09804 286 
19.4908 -17.2078 50.2358 1.16457 -1.54024 -0.489009 3.63325 22 626 1528 1527 1 2.61848 2.61848 285 
25.9985 -0.281814 70.9129 0.180781 -0.056883 -0.0377432 3.66702 22 627 1032 1 1 3.56043 3.56043 520 
-13.6654 22.1191 25.796 -0.483025 2.04423 -3.28542 3.47031 11 628 1 0 1 3.19581 3.19581 327 
3.27715 25.7926 -14.6519 0.684427 4.11659 -0.80789 3.32336 22 629 1001 1 1 7.27353 7.27353 555 
16.5233 20.0743 63.095 0.580281 0.825279 0.746895 3.57933 22 630 1244 1242 1 3.49917 3.49917 541 
-9.80506 24.0803 -32.5501 -2.38058 3.25248 3.63411 3.28171 22 631 1001 1 1 5.48348 5.48348 578 
2.19564 25.9071 9.48805 0.365562 2.72523 1.00291 3.44523 22 632 1105 1 1 6.68321 6.68321 568 
25.7625 3.5063 14.6505 4.7995 0.378015 2.05421 3.41377 22 633 1028 1 1 6.23838 6.23838 574 
20.2953 -16.2512 72.08 0.179588 -0.167344 0.0854372 3.64643 22 634 1370 1 1 1.74613 1.74613 298 
23.8092 10.4461 32.385 1.00635 0.904667 -0.419196 3.50911 22 635 1052 1 1 4.27599 4.27599 614 
5.17026 25.4807 68.5597 0.0477336 0.469568 0.10589 3.63543 22 636 1119 1 1 1.16511 1.16511 288 
-25.3643 -5.71439 62.5508 -0.615789 -0.0310172 -0.141003 3.65751 22 637 1034 1033 1 2.17364 2.17364 179 
6.55496 25.1601 0.4508 -0.08631 0.875607 -0.262319 3.50983 22 638 1001 1 1 3.55827 3.55827 205 
-15.3252 -21.0033 72.0822 -0.0476325 -0.499246 -0.0980027 3.70144 22 639 1245 1221 1 4.00069 4.00069 462 
23.6116 10.8853 4.52577 0.370095 0.027581 0.328349 3.41298 22 640 1075 1 1 1.05913 1.05913 177 
5.50737 25.41 40.4473 0.0824021 0.300236 -0.0217833 3.59727 22 641 1241 1240 1 1.11917 1.11917 481 
21.6713 -14.365 69.9818 3.33717 -3.82331 1.59806 3.63632 22 642 1170 1169 1 2.11474 2.11474 549 
-17.4507 19.2737 -47.6153 -0.302869 0.343266 -0.368634 3.46466 22 643 1001 1 1 0.966869 0.966869 149 
8.53818 24.5581 48.3335 2.4888 5.78813 2.45821 3.52421 -11 644 1091 1090 1 3.54247 3.54247 385 
15.3013 21.0207 39.1865 0.0620877 0.293695 0.224962 3.49449 22 645 1075 1 1 10.6679 10.6679 835 
11.9518 23.0901 44.4847 0.297022 1.10078 0.0259412 3.5698 22 646 1042 1 1 2.8325 2.8325 422 
3.16537 -25.8066 22.4312 10.0122 -21.4138 23.586 3.43258 11 647 1 0 1 4.85864 4.85864 560 
-18.8565 -17.9006 -13.4701 -0.19373 -0.178257 -0.170079 3.40863 22 648 1024 1 1 4.87708 4.87708 593 
-3.73537 25.7303 52.1977 1.07563 23.2583 -8.22134 3.6236 22 649 1325 1279 1 3.88461 3.88461 515 
25.9708 -1.23262 45.5558 0.493741 0.0205935 0.130058 3.58539 22 650 1159 1144 1 0.0774545 0.0774545 125 
-19.0813 17.6608 68.3431 -0.263367 0.227108 -0.00545721 3.63592 22 651 1035 1 1 2.80248 2.80248 490 
8.8597 -24.4439 17.4552 0.134739 -0.103823 -0.277027 3.82271 22 652 1267 1217 1 4.81762 4.81762 383 
9.67724 24.1319 -25.933 0.413909 0.273397 -0.169591 3.4197 22 653 1025 1 1 3.87576 3.87576 545 
19.7517 16.9077 11.8449 0.573663 0.169356 -0.218916 3.55287 22 654 1001 1 1 2.03731 2.03731 271 
15.0412 21.2076 60.0092 0.0973801 0.14168 0.899257 3.55927 22 655 1025 1 1 4.05988 4.05988 395 
-15.0865 21.1754 21.4838 -0.316186 0.374728 -0.143963 3.50333 22 656 1033 1032 1 3.29195 3.29195 491 
1.90532 -25.9301 60.8284 -0.142996 -0.34982 0.141742 3.58268 22 657 1034 1 1 2.63952 2.63952 307 
23.4799 11.1667 46.6818 1.43386 0.202655 1.97102 3.54825 22 658 1032 1 1 0.782906 0.782906 364 
-7.26084 24.9656 40.5167 -0.974825 0.750906 1.15321 3.49827 22 659 1072 1 1 8.5696 8.5696 742 
-11.2604 -23.4351 7.19058 -5.63374 -7.0943 16.3719 3.38591 11 660 1 0 1 2.30804 2.30804 355 
-3.52276 -25.7602 52.239 -0.126813 -0.461745 0.165033 3.56274 22 661 1215 1195 1 1.93864 1.93864 498 
-10.4592 23.8035 57.5673 2.48726 2.43239 0.586965 3.58075 11 662 1 0 1 2.9268 2.9268 478 
23.7745 -10.525 59.54 0.341564 -0.15836 0.128755 3.63858 22 663 1144 1124 1 1.08468 1.08468 295 
-5.95592 -25.3086 14.7845 -0.64461 -5.57649 -0.970463 3.4207 11 664 1 0 1 4.28027 4.28027 435 
1.14159 -25.9749 51.6401 0.129102 -0.42944 -0.177951 3.63592 22 665 1311 1280 1 1.34915 1.34915 227 
-22.7423 12.6012 67.4672 -0.279471 0.244351 0.211579 3.6412 22 666 1123 1091 1 6.47182 6.47182 635 
10.3383 23.8562 66.9044 0.489035 0.482939 0.471683 3.60544 22 667 1213 1 1 3.66135 3.66135 486 
-10.4911 -23.7894 75.9347 -6.35593 -22.204 19.333 3.60968 11 668 1 0 1 3.34927 3.34927 384 
-6.43374 -25.1914 41.8676 -0.192996 -0.477393 0.378786 3.50454 22 669 1139 1138 1 2.40394 2.40394 421 
-25.8453 -2.83212 -26.3707 -0.971523 -0.580423 0.367676 3.26994 22 670 1063 1 1 8.69731 8.69731 315 
-25.7326 3.71936 31.0871 -0.234881 -0.0922405 0.868444 3.46648 22 671 1002 1 1 1.89847 1.89847 393 
13.5989 -22.1601 30.3262 1.62292 -0.970964 -1.34713 3.51001 -11 672 1374 1373 1 4.61033 4.61033 492 
-20.4928 -16.0014 -11.51 -0.121349 -0.319013 0.196648 3.44617 22 673 1001 1 1 3.18586 3.18586 448 
24.2317 9.42461 62.3762 3.95296 4.96625 11.665 3.55841 22 674 1028 1 1 3.47885 3.47885 509 
-3.50671 25.7624 55.8396 -0.148474 3.47009 7.3218 3.54844 22 675 1025 1 1 1.08059 1.08059 149 
-17.2161 -19.4835 -7.06876 -0.0316908 -0.177693 -0.237381 3.70818 22 676 1001 1 1 7.31898 7.31898 615 
-25.8433 2.85017 27.652 -0.498765 0.0796572 -0.077513 3.5618 22 677 1003 1002 1 3.86167 3.86167 650 
21.7708 -14.2139 -32.9397 3.51011 -1.96917 0.762801 3.33095 22 678 1001 1 1 1.72947 1.72947 380 
-22.4387 13.1341 34.863 -0.37123 0.170615 -0.306918 3.66745 22 679 1037 1036 1 3.73277 3.73277 597 
24.39 -9.00698 47.0781 0.312823 -0.237068 -0.18772 3.72175 22 680 1108 1106 1 1.12559 1.12559 503 
-21.1345 15.1437 68.8781 -0.0906953 0.13737 0.0548214 3.59998 22 681 1213 1212 1 8.00967 8.00967 723 
25.9916 0.659693 -32.3173 6.62799 0.257552 -2.92906 3.28598 11 682 1 0 1 1.39267 1.39267 398 
21.9293 -13.968 60.7847 19.0751 -6.59601 27.1949 3.55549 11 683 1 0 1 4.3083 4.3083 303 
-22.0663 -13.7505 51.6485 -3.27731 -4.0617 5.2042 3.59663 22 684 1001 1 1 1.98691 1.98691 305 
19.7392 16.9223 53.0568 0.129622 0.207019 -0.205776 3.60718 22 685 1105 1 1 1.11282 1.11282 446 
-25.9695 -1.25852 38.1708 -0.138515 0.191339 -0.0958905 3.62302 22 686 1031 1030 1 2.02757 2.02757 391 
-6.03081 -25.2909 64.8586 0.107324 -0.637662 0.729632 3.60005 22 687 1061 1 1 2.43603 2.43603 322 
25.8184 -3.06795 57.175 0.301101 0.0474767 -0.028349 3.63736 22 688 1306 1 1 1.20314 1.20314 264 
-24.1224 9.70105 60.3282 -0.339366 0.180841 -0.0463588 3.80347 22 689 1066 1064 1 2.54455 2.54455 306 
24.5585 -8.53707 72.3271 0.211963 -0.176151 0.253383 3.60308 22 690 1003 1 1 5.51536 5.51536 616 
22.1415 13.6292 2.90584 4.57835 3.6831 6.19065 3.38091 22 691 1001 1 1 3.50285 3.50285 321 
-25.8843 2.44958 34.3177 -7.41667 1.83657 0.283319 3.4988 22 692 1025 1 1 0.655542 0.655542 211 
-5.67149 25.3739 -67.4488 13.2539 24.5334 15.0597 3.22985 11 693 1 0 1 3.94768 3.94768 694 
25.6432 -4.29271 67.349 0.375799 -0.257226 -0.231797 3.64812 22 694 1281 1280 1 3.45544 3.45544 385 
-10.9093 23.6006 24.9521 -5.63811 8.00638 1.46666 3.50072 22 695 1019 1 1 1.52822 1.52822 424 
-14.5263 21.5636 0.113725 -2.44892 2.70067 -2.13769 3.47886 22 696 1001 1 1 2.87435 2.87435 378 
-13.1154 -22.4496 -17.1529 -22.3975 -14.6961 16.9954 3.29197 11 697 1 0 1 6.76963 6.76963 552 
25.0909 -6.81521 63.9141 0.0620683 -0.136841 -0.101413 3.63774 22 698 1435 1434 1 1.56373 1.56373 368 
25.627 4.38848 30.8077 0.328518 0.0825292 0.278688 3.52243 22 699 1100 1099 1 0.455423 0.455423 89 
10.208 23.9123 -1.75307 0.370332 1.94055 2.25773 3.35365 22 700 1028 1 1 1.41778 1.41778 236 
16.9817 -19.6881 42.979 0.921148 -2.63466 4.39869 3.50625 22 701 1069 1 1 3.63011 3.63011 564 
7.89816 24.7713 28.0789 0.419141 0.845589 0.365357 3.47069 22 702 1001 1 1 1.86023 1.86023 506 
9.68094 24.1305 42.8994 15.0984 10.5572 12.5526 3.50373 11 703 1 0 1 3.23111 3.23111 699 
23.0279 -12.0713 19.9391 0.415718 -0.174533 -0.126218 3.51712 22 704 1001 1 1 5.84409 5.84409 665 
24.3117 -9.21624 71.8593 0.268061 -0.405652 -0.157194 3.6983 22 705 1191 1168 1 1.54272 1.54272 208 
-11.0906 -23.5159 36.196 -0.20452 -0.567086 0.0417743 3.53629 22 706 1424 1 1 1.93223 1.93223 442 
-25.8231 3.02785 29.9649 -0.234078 0.135773 -0.0878385 3.54141 22 707 1053 1 1 1.54022 1.54022 348 
-20.6096 -15.8506 63.9844 -0.337516 -0.197815 -0.168062 3.70155 22 708 1119 1118 1 2.18786 2.18786 459 
-6.65247 -25.1345 70.9171 5.09972 -4.56886 3.31075 3.64363 -11 709 1165 1164 1 1.9813 1.9813 427 
16.4751 -20.114 67.2888 5.05923 -4.14651 2.99175 3.61876 22 710 1080 1 1 2.84204 2.84204 269 
25.7957 3.25324 70.4306 1.4556 0.34261 -0.161442 3.6923 22 711 1123 1007 1 1.00344 1.00344 350 
15.3768 -20.9655 56.7836 0.219405 -0.363942 -0.0895583 3.63272 22 712 1069 1 1 4.09627 4.09627 641 
-11.8517 -23.1417 72.9084 -0.0191255 -0.259362 0.0134987 3.64099 22 713 1006 1 1 11.8022 11.8022 739 
-19.8514 -16.7905 6.60087 -0.952071 -0.10619 0.365786 3.41332 22 714 1001 1 1 2.46988 2.46988 413 
-12.2622 -22.9268 -56.915 0.0447491 -0.706229 -0.70939 3.37681 22 715 1001 1 1 1.34738 1.34738 153 
25.5147 -4.99978 54.4555 0.214668 0.0244636 -0.0306626 3.6512 22 716 1327 1 1 3.8905 3.8905 277 
-17.8908 18.8658 65.9182 -8.14751 0.93461 2.34688 3.65963 22 717 1025 1 1 2.24128 2.24128 334 
24.646 8.28091 76.8913 0.475774 0.186408 -0.0032932 3.69814 22 718 1197 1196 1 0.712658 0.712658 367 
1.53981 -25.9544 60.4062 0.119899 -0.0481186 0.100769 3.63889 22 719 1056 1055 1 4.43218 4.43218 439 
-25.5325 -4.90836 35.1234 -0.335828 0.119916 -0.366005 3.61629 22 720 1226 1201 1 2.844 2.844 567 
19.4335 17.2725 56.7176 0.233014 0.229709 0.370204 3.55094 22 721 1001 1 1 2.79484 2.79484 284 
0.938799 25.983 -3.75542 19.2035 5.46326 7.01339 3.34364 11 722 1 0 1 6.48199 6.48199 606 
-24.9574 7.2888 42.4344 -3.58704 2.00768 -1.25256 3.61927 22 723 1001 1 1 6.78148 6.78148 437 
25.9754 1.12994 60.927 0.301973 0.0254231 -0.411444 3.65309 22 724 1007 1006 1 3.07474 3.07474 460 
25.9912 -0.677781 74.179 -0.610526 -2.53266 -0.524484 3.63296 11 725 1 0 1 2.04195 2.04195 339 
-12.047 23.0406 16.9254 -0.222669 0.434743 0.150123 3.50145 22 726 1160 1159 1 0 0 48 
-25.6629 -4.17296 -1.50096 -0.126331 -0.183162 0.0437457 3.53825 22 727 1001 1 1 3.74846 3.74846 419 
16.7012 19.9266 52.862 0.19028 0.0948171 -0.0975572 3.7547 22 728 1001 1 1 0.231459 0.231459 237 
-19.4948 -17.2033 64.0264 -0.156265 -0.474206 0.104615 3.63299 22 729 1376 1375 1 2.99989 2.99989 463 
-9.24772 24.2998 48.4722 -0.0822454 0.215327 0.16165 3.66759 22 730 1354 1351 1 2.75806 2.75806 343 
24.5238 8.63618 71.8115 0.495546 0.0363595 -0.119299 3.7091 22 731 1091 1089 1 5.26198 5.26198 482 
-24.9893 -7.17864 71.7186 -0.725578 0.248479 0.494152 3.61856 22 732 1052 1 1 4.78967 4.78967 641 
23.078 -11.9752 58.7843 0.18525 0.0965085 -0.0979433 3.5716 22 733 1061 1060 1 0.732728 0.732728 222 
8.39406 -24.6077 71.3296 2.31413 -3.39239 4.75695 3.60022 22 734 1096 1 1 2.59003 2.59003 311 
-25.9445 -1.69842 70.2378 -1.19755 -0.270359 -0.181776 3.67579 22 735 1040 1017 1 1.47637 1.47637 501 
-9.75074 -24.1023 16.7302 -0.156388 -0.218997 -0.408274 3.78965 22 736 1091 1090 1 1.69236 1.69236 319 
5.11547 25.4918 34.9575 0.841536 5.85593 -2.90715 3.57076 22 737 1320 1319 1 0.95673 0.95673 236 
-4.3797 25.6285 52.3015 -0.328593 0.746623 0.796807 3.542 22 738 1178 1 1 1.86131 1.86131 393 
23.8242 -10.4118 75.0698 0.478036 -0.163349 0.686074 3.60328 22 739 1396 1172 1 4.1472 4.1472 405 
24.4265 -8.90774 50.3935 0.499272 0.0386169 -0.101766 3.618 22 740 1076 1060 1 2.17045 2.17045 366 
20.7585 -15.6552 24.8472 0.135774 -0.0860532 -0.485057 3.79812 22 741 1063 1062 1 5.45177 5.45177 406 
16.8762 19.7786 52.3892 0.461729 0.202514 1.19173 3.54959 22 742 1028 1 1 1.1091 1.1091 158 
-25.6923 3.98801 70.4256 -0.48244 -0.0514716 -0.0447227 3.7195 22 743 1017 1002 1 2.90802 2.90802 516 
6.48215 25.179 34.5393 0.135002 0.490853 0.546925 3.4833 22 744 1217 1 1 4.45223 4.45223 414 
17.2511 -19.4525 32.5241 0.148137 -0.230583 -0.431285 3.65651 22 745 1169 1142 1 2.6239 2.6239 406 
0.428325 -25.9965 76.1469 -0.0203736 -0.425147 0.384587 3.60798 22 746 1042 1 1 3.94141 3.94141 392 
24.9135 7.4377 48.7951 0.454676 0.071404 0.36094 3.59225 22 747 1151 1150 1 1.98735 1.98735 289 
-1.55269 25.9536 17.8284 -0.0144933 0.183137 -0.247401 3.61524 22 748 1249 1 1 1.72957 1.72957 385 
3.64123 25.7438 56.5081 -0.149571 0.414229 -0.12972 3.65776 22 749 1091 1090 1 2.18292 2.18292 343 
-19.1229 -17.6158 5.2418 -5.30533 -3.27441 4.2391 3.38204 22 750 1001 1 1 4.3699 4.3699 549 
17.2233 19.4771 24.9517 0.426208 1.12056 2.96332 3.43268 22 751 1030 1 1 7.33517 7.33517 768 
-24.9114 -7.44453 16.5978 -0.579804 -0.536208 -0.426461 3.69443 22 752 1001 1 1 8.47309 8.47309 687 
10.9796 23.5679 -41.2439 0.919158 1.41394 -2.96112 3.57813 22 753 1001 1 1 1.14512 1.14512 327 
20.7197 15.7065 49.3634 0.308042 0.227817 -0.242059 3.7798 22 754 1524 1523 1 2.43742 2.43742 346 
-4.14118 25.6681 76.4767 -0.175331 1.95104 4.98734 3.60195 22 755 1049 1 1 2.71318 2.71318 447 
-25.662 -4.17882 19.1641 -0.746037 -0.228276 -0.161227 3.50439 22 756 1002 1 1 2.86291 2.86291 597 
22.9567 -12.2061 11.6315 2.32644 -1.29005 -1.41465 3.47399 22 757 1027 1 1 1.65192 1.65192 493 
16.5775 20.0296 -7.96792 0.395848 0.302547 0.248936 3.36845 22 758 1001 1 1 3.15528 3.15528 356 
6.11617 -25.2704 60.2176 0.191769 -0.391812 0.0278524 3.62493 22 759 1380 1379 1 3.71211 3.71211 353 
23.6097 -10.8895 11.8277 0.146207 -0.0405785 0.220801 3.45213 22 760 1001 1 1 2.33107 2.33107 479 
21.1012 -15.1901 38.2755 0.281593 -0.095553 -0.415566 3.74791 22 761 1163 1162 1 1.27832 1.27832 170 
25.8367 -2.90963 34.9483 2.56983 -1.33861 0.642196 3.5855 22 762 1033 1 1 0.672388 0.672388 145 
-17.8787 -18.8773 11.4963 -0.0879037 -0.146799 0.378894 3.39201 22 763 1054 1 1 0.61994 0.61994 195 
-5.95376 -25.3091 78.4643 -0.80928 -3.20754 4.65925 3.62032 22 764 1281 1165 1 2.21845 2.21845 255 
13.8882 -21.9799 54.1029 0.0654482 -0.162324 -0.133627 3.66442 22 765 1033 1 1 0.449294 0.449294 181 
-25.6546 -4.22388 38.7206 -0.225771 -0.118676 -0.109899 3.65032 22 766 1142 1 1 2.00292 2.00292 478 
-25.9845 -0.896503 29.9307 -0.543137 0.32619 -0.022352 3.59478 22 767 1001 1 1 3.10647 3.10647 504 
6.59265 25.1503 55.0238 0.101655 0.189308 0.161985 3.56909 22 768 1262 1 1 2.26852 2.26852 419 
-22.2329 -13.4796 46.2718 -0.437613 -0.200346 0.0554918 3.60757 22 769 1148 1147 1 8.59651 8.59651 697 
-1.871 -25.9326 -10.6144 0.0213919 -17.1204 10.6447 3.32108 22 770 1054 1 1 5.79081 5.79081 486 
-12.7021 -22.686 56.5421 -0.114257 -0.510066 -0.224332 3.65579 22 771 1007 1006 1 2.86895 2.86895 350 
-19.0027 -17.7454 56.6593 -2.45046 -2.53037 1.144 3.56215 22 772 1159 1158 1 3.37471 3.37471 570 
21.4985 14.6224 53.3661 0.516402 0.0991503 0.568335 3.54089 22 773 1142 1 1 6.5268 6.5268 620 
22.9022 -12.308 -8.5528 3.73606 -0.368856 -2.66722 3.35967 11 774 1 0 1 1.98978 1.98978 290 
19.8835 16.7525 55.9283 0.206535 0.393909 -0.251592 3.70275 22 775 1005 1004 1 2.03867 2.03867 440 
-17.0148 -19.6595 78.5541 -0.282707 -0.344366 0.204644 3.65225 22 776 1007 1 1 2.09463 2.09463 347 
-13.755 -22.0636 64.2953 -0.195829 -0.17865 0.148289 3.68002 22 777 1520 1519 1 0.508352 0.508352 272 
15.6086 20.7935 63.7493 0.135641 0.0693714 0.066394 3.62489 22 778 1112 1 1 2.00523 2.00523 275 
-22.6797 -12.7135 73.1592 -3.81726 -6.77078 -0.20997 3.65436 -11 779 1299 1298 1 2.46318 2.46318 453 
25.9753 1.13406 -11.5085 0.271313 -0.127969 -0.52828 3.82297 22 780 1001 1 1 2.24636 2.24636 510 
10.745 23.6758 15.6369 0.499234 0.335208 -0.122881 3.48231 22 781 1049 1 1 3.31174 3.31174 641 
21.409 -14.7531 78.1117 2.08516 -1.37823 2.59493 3.63175 22 782 1400 1272 1 2.05303 2.05303 486 
13.4947 -22.2237 49.982 0.22855 -0.461276 0.0289098 3.58967 22 783 1098 1 1 2.46407 2.46407 521 
25.9817 0.975305 50.6603 0.140961 -0.1798 0.134938 3.53664 22 784 1255 1 1 3.90296 3.90296 637 
15.8856 20.5827 67.2616 0.324886 0.28487 0.0662827 3.64458 22 785 1130 1057 1 2.44902 2.44902 389 
-15.7177 20.7112 71.6965 -0.271628 0.551976 0.338439 3.61421 22 786 1072 1 1 0.748821 0.748821 261 
-17.3994 19.32 3.41716 -0.167352 0.437967 -0.227712 3.43056 22 787 1001 1 1 2.13548 2.13548 462 
18.3368 18.4326 63.5734 0.286685 0.387311 0.0982897 3.5919 22 788 1029 1 1 1.02722 1.02722 424 
10.1765 -23.9257 76.6071 0.00454586 -0.221984 0.554371 3.6112 22 789 1028 1 1 2.12975 2.12975 481 
-22.8186 12.4623 43.214 -1.23621 0.291867 0.157123 3.5553 22 790 1106 1 1 4.94346 4.94346 616 
18.4549 18.3144 55.6105 0.758961 0.745563 -0.0554507 3.61639 22 791 1001 1 1 0.300472 0.300472 240 
24.8889 -7.51936 12.0691 4.54816 -1.35367 -0.88999 3.46165 22 792 1001 1 1 1.5301 1.5301 574 
21.191 15.0645 22.4767 0.717467 0.417071 -0.487157 3.58073 22 793 1065 1042 1 1.8023 1.8023 334 
-22.1622 13.5954 67.1799 -0.750326 0.105246 0.539228 3.59816 22 794 1093 1080 1 4.30096 4.30096 312 
-7.64168 -24.8517 38.9852 -0.456639 -0.254389 -0.328186 3.78943 22 795 1013 1012 1 6.36093 6.36093 492 
5.33743 -25.4463 48.8879 -0.0162031 -0.297625 -0.415063 3.65391 22 796 1088 1087 1 4.63659 4.63659 460 
-14.776 -21.3932 -9.10662 -0.295864 -0.281457 0.179259 3.36656 22 797 1001 1 1 3.84961 3.84961 762 
-13.0524 -22.4863 69.179 -1.95993 -2.09959 0.750765 3.61305 11 798 1 0 1 5.28271 5.28271 485 
-4.09876 25.6749 9.07753 1.42439 6.71768 5.18754 3.42552 22 799 1063 1 1 3.01812 3.01812 413 
13.7098 -22.0917 71.3436 0.0711138 -1.46388 1.37188 3.59393 22 800 1001 1 1 3.89059 3.89059 467 
11.5074 -23.3148 26.5558 0.0803839 -0.166174 0.0174119 3.47612 22 801 1087 1063 1 1.56996 1.56996 300 
-18.0108 -18.7513 49.172 -0.191944 -0.0428635 0.0536202 3.64249 22 802 1192 1191 1 5.63233 5.63233 725 
-12.7863 -22.6387 -2.66918 -10.664 -8.4449 8.34808 3.36301 11 803 1 0 1 5.11346 5.11346 707 
-4.98243 25.5181 72.6999 -0.463238 1.96543 0.461168 3.67045 22 804 1030 1029 1 0.948859 0.948859 333 
3.41995 25.7741 47.4582 0.455157 2.09017 0.574664 3.54173 22 805 1081 1 1 3.96688 3.96688 253 
21.8875 -14.0335 35.4718 0.569132 -0.27572 0.45418 3.51565 22 806 1001 1 1 6.73385 6.73385 596 
-10.8076 -23.6473 8.6373 -0.654068 -1.08203 0.570217 3.4291 22 807 1001 1 1 3.23813 3.23813 481 
10.4672 -23.8 58.2529 -0.0218863 -0.325457 0.0531346 3.58756 22 808 1168 1 1 3.99788 3.99788 327 
11.9657 -23.083 40.0312 0.361862 -0.507894 0.498337 3.54323 22 809 1001 1 1 2.36769 2.36769 354 
-22.1669 13.5879 76.9103 -0.914565 0.515884 0.380307 3.62079 22 810 1054 1011 1 5.6406 5.6406 500 
6.85039 -25.0813 31.3353 0.126794 -0.19697 0.454143 3.47338 22 811 1003 1002 1 7.31094 7.31094 678 
-7.04563 -25.0272 77.2969 -0.124177 -0.267753 0.0538041 3.6381 22 812 1100 1072 1 3.31494 3.31494 593 
21.5958 -14.4783 41.4578 0.173892 -0.225618 0.035506 3.57715 22 813 1001 1 1 0.692082 0.692082 277 
-7.14711 -24.9984 60.1073 -1.59712 -11.3202 11.3195 3.55778 11 814 1 0 1 1.45028 1.45028 170 
-25.6305 4.36769 73.4568 -0.491438 0.497653 0.713268 3.6167 22 815 1093 1039 1 2.04055 2.04055 438 
-16.7445 19.8903 66.2295 -0.133109 0.195234 0.108091 3.6766 22 816 1007 1006 1 3.31692 3.31692 409 
-14.2447 -21.7506 -24.78 -0.17111 -0.348859 -0.153022 3.41631 22 817 1001 1 1 3.60258 3.60258 442 
2.30291 -25.8978 21.5125 7.78654 -12.0217 6.7465 3.43887 -11 818 1028 1027 1 3.62744 3.62744 370 
-25.0269 7.04641 55.0421 -0.509855 -0.0310958 -0.0141711 3.60093 22 819 1333 1332 1 1.78584 1.78584 444 
-25.9311 1.89133 71.3795 -0.211485 -0.0750393 -0.0790026 3.66452 22 820 1248 1247 1 2.60155 2.60155 425 
17.0784 -19.6043 47.3766 0.192624 -0.311846 -0.356045 3.69494 22 821 1195 1194 1 3.86779 3.86779 379 
-21.9063 -14.0041 77.7982 -0.366096 -0.401317 0.362449 3.72313 22 822 1163 1018 1 6.63998 6.63998 604 
-18.4731 18.296 36.5903 -6.34532 15.162 8.45683 9.08729 2112 823 1088 1066 1 3.04251 3.04251 507 
-11.4731 23.3317 28.3724 -0.0509812 0.256813 0.317863 3.45524 22 824 1066 1 1 2.47671 2.47671 467 
-18.8814 17.8744 44.0146 -4.14176 2.92851 1.60315 3.52647 11 825 1 0 1 2.83303 2.83303 487 
1.90005 -25.9305 0.284202 11.4076 -11.289 4.39102 3.35442 11 826 1 0 1 1.09761 1.09761 209 
25.1308 6.66646 -30.3433 0.25263 0.0893919 -0.199509 3.43975 22 827 1001 1 1 2.00242 2.00242 414 
2.706 25.8588 71.4732 0.101615 0.490647 -0.100298 3.67603 22 828 1033 1031 1 1.7338 1.7338 505 
-8.64547 24.5205 0.501824 -0.249127 0.527371 0.0968014 3.40808 22 829 1020 1 1 5.30956 5.30956 507 
13.2601 22.3645 69.4165 0.387827 0.33073 -0.0364454 3.67127 22 830 1102 1101 1 2.75143 2.75143 422 
-7.27894 24.9603 58.7811 -0.492701 0.418338 -0.252579 3.62625 22 831 1030 1 1 2.64936 2.64936 432 
3.54892 25.7567 55.0092 0.127292 0.431659 -0.242048 3.67431 22 832 1072 1071 1 3.34176 3.34176 530 
-19.7844 16.8694 35.7237 -0.424408 0.207098 0.0868066 3.59244 22 833 1011 1010 1 3.36604 3.36604 376 
20.7427 -15.6761 71.2311 0.124934 -0.18322 -0.1392 3.64137 22 834 1274 1273 1 3.45098 3.45098 234 
9.88607 24.0472 8.92802 4.07826 7.15626 2.07935 3.4183 22 835 1038 1 1 1.76138 1.76138 342 
25.644 -4.2877 27.728 0.317067 0.0717513 0.87701 3.44522 22 836 1017 1 1 4.40416 4.40416 512 
-25.9349 1.83883 57.3146 -0.160564 -0.0250092 -0.103268 3.66139 22 837 1036 1 1 2.16401 2.16401 352 
17.6573 19.0845 42.8576 1.926 1.2647 1.04688 3.55531 22 838 1001 1 1 2.51853 2.51853 545 
-2.16018 -25.9101 35.731 -0.0517228 -0.2435 0.0736929 3.5367 22 839 1001 1 1 2.85031 2.85031 394 
-0.293073 25.9983 26.623 0.0231857 0.304401 -0.183968 3.50188 22 840 1002 1 1 4.56126 4.56126 397 
20.5093 15.9803 -37.8247 0.143039 0.250011 -0.422083 3.50901 22 841 1106 1081 1 2.0456 2.0456 228 
-20.6595 -15.7856 60.1567 -0.226388 -0.0195451 0.117268 3.69324 22 842 1094 1072 1 2.03572 2.03572 302 
-18.5275 18.2409 23.6255 -0.0970087 0.237298 -0.0354048 3.48984 22 843 1001 1 1 3.38435 3.38435 444 
13.2697 -22.3588 2.12194 -0.117499 -0.658651 -0.293097 3.48729 22 844 1026 1 1 6.65062 6.65062 568 
12.5693 22.7599 50.6571 -0.0726268 0.15207 -0.0759493 3.54041 22 845 1001 1 1 9.19497 9.19497 642 
24.1271 9.68945 18.6775 1.10709 0.463974 0.606754 3.44394 22 846 1013 1 1 5.03982 5.03982 505 
0.110753 25.9998 23.6607 4.70845 5.2136 7.17869 3.47327 22 847 1001 1 1 7.78219 7.78219 649 
1.42457 25.9609 44.5726 0.387877 1.41078 0.398817 3.61498 22 848 1031 1 1 6.28207 6.28207 414 
-11.1759 -23.4755 72.6923 -1.07107 -7.72714 7.39913 3.58821 11 849 1 0 1 9.29626 9.29626 643 
19.9389 -16.6865 30.6186 0.322749 -0.275619 -0.135051 3.51091 22 850 1215 1 1 2.573 2.573 458 
12.1506 22.9861 71.7254 1.04494 5.41328 20.9691 3.58511 11 851 1 0 1 2.62221 2.62221 383 
-24.7433 7.98549 35.615 -1.15059 0.913005 0.831323 3.5582 22 852 1001 1 1 3.83239 3.83239 438 
10.9941 -23.5612 35.7756 0.33554 -1.66717 -0.533599 3.54929 22 853 1001 1 1 3.15841 3.15841 603 
22.5739 -12.9004 61.0506 25.5524 -11.1108 74.7898 3.54977 11 854 1 0 1 3.93143 3.93143 541 
12.7448 -22.6621 67.5118 0.49546 -0.807688 0.131395 3.64337 22 855 1301 1281 1 1.78556 1.78556 347 
7.72576 -24.8256 78.1059 -0.0791383 -0.10207 0.247158 3.67205 22 856 1038 1037 1 1.68233 1.68233 237 
-23.3004 11.5364 76.8299 -3.91798 2.08497 1.00378 3.65327 22 857 1089 1088 1 0.434685 0.434685 274 
-15.418 20.9352 62.581 -5.79892 6.86325 6.12385 3.5731 22 858 1052 1 1 1.9003 1.9003 340 
-17.0272 19.6488 59.6324 -0.182086 0.121022 0.00451696 3.6026 22 859 1172 1171 1 7.39345 7.39345 359 
4.89601 25.5349 6.31974 -0.134174 1.52835 -2.34707 3.46008 22 860 1010 1 1 9.20204 9.20204 696 
-21.7371 14.2652 53.7758 -0.234799 0.354219 -0.260191 3.66041 22 861 1061 1060 1 1.40333 1.40333 547 
-7.44061 -24.9126 29.7 -0.0325863 -0.270767 -0.313503 3.67556 22 862 1301 1299 1 2.53722 2.53722 513 
11.9858 23.0725 30.9175 0.30985 0.0646234 -0.0399459 3.48594 22 863 1001 1 1 2.52279 2.52279 310 
-15.0473 -21.2033 39.7131 -2.32393 -3.85435 8.52792 3.48879 22 864 1023 1 1 2.69371 2.69371 339 
-26 -0.0370393 12.165 -0.256427 -0.0236557 -0.237338 3.53149 22 865 1027 1 1 2.51142 2.51142 287 
1.25313 25.9698 -10.3241 -0.352589 0.595236 0.0134498 3.36237 22 866 1001 1 1 3.97159 3.97159 260 
-12.4329 -22.8347 67.5244 1.34637 -6.33166 10.2949 3.58769 11 867 1 0 1 5.59668 5.59668 569 
6.34021 -25.2151 15.7341 1.73508 -7.27651 -1.48318 3.44277 11 868 1 0 1 1.43999 1.43999 249 
-25.8956 2.328 71.3151 -0.486907 0.0454613 0.148237 3.68115 22 869 1035 1034 1 2.72169 2.72169 314 
-20.6037 15.8584 31.0174 -17.7553 -2.87196 6.75375 3.47164 11 870 1 0 1 1.98004 1.98004 463 
1.11978 -25.9759 61.6156 -0.0243843 -0.204108 0.837525 3.54666 22 871 1026 1 1 3.1824 3.1824 306 
-17.1046 -19.5814 29.5539 -0.322998 -0.150193 0.283278 3.47548 22 872 1001 1 1 4.60516 4.60516 616 
10.2288 -23.9034 23.9735 -0.0202991 -0.153309 -0.240097 3.56319 22 873 1056 1 1 0.497693 0.497693 226 
-23.6601 -10.7795 -0.597575 -1.86294 -1.25885 -2.19319 3.4903 22 874 1002 1 1 1.02582 1.02582 237 
-10.5293 -23.7726 56.6352 3.82862 -13.3557 8.15282 3.56204 11 875 1 0 1 3.23434 3.23434 376 
22.8264 12.4481 19.1575 1.29362 1.53595 2.07476 3.44861 11 876 1 0 1 6.51271 6.51271 555 
17.9968 18.7648 66.1529 0.139742 0.129622 0.0139079 3.63617 22 877 1090 1089 1 2.06939 2.06939 459 
-21.9064 14.004 72.2629 -0.0513266 0.0773796 -0.198852 3.66795 22 878 1058 1057 1 13.3542 13.3542 953 
6.51221 -25.1712 49.8026 0.0420336 -0.439177 -0.0931669 3.5841 22 879 1423 1422 1 5.10608 5.10608 694 
6.94753 -25.0546 5.0752 0.0474435 -1.05217 -0.276173 3.60299 22 880 1027 1026 1 6.39372 6.39372 635 
9.39619 24.2428 -5.25491 0.659647 0.827549 1.48564 3.35428 22 881 1034 1 1 0.842796 0.842796 217 
-9.3355 -24.2662 38.8472 -0.279831 -0.421906 0.0693536 3.54645 22 882 1003 1002 1 0.926307 0.926307 363 
15.7725 -20.6695 46.3656 0.056402 -0.195744 0.0310486 3.55599 22 883 1001 1 1 4.02274 4.02274 435 
8.63446 24.5244 76.1285 -0.190713 0.239755 0.198974 3.69448 22 884 1231 1230 1 3.07158 3.07158 431 
-20.4752 -16.0239 25.1183 -0.38458 -0.250217 0.0716926 3.491 22 885 1026 1 1 2.50013 2.50013 172 
2.66103 -25.8635 46.5624 2.79082 -1.88641 0.293004 3.63567 11 886 1 0 1 5.70363 5.70363 592 
21.5666 14.5218 70.4703 0.299013 -0.107 0.00812397 3.66256 22 887 1030 1 1 5.62666 5.62666 698 
13.8262 22.019 34.689 1.97102 0.471609 0.739912 3.53986 22 888 1001 1 1 3.15758 3.15758 377 
-15.2962 -21.0244 63.5336 -8.91016 -10.1677 1.03584 3.62125 11 889 1 0 1 0.56226 0.56226 138 
-18.4338 -18.3356 45.749 -0.992885 -0.548266 0.525691 3.53864 22 890 1039 1 1 2.31054 2.31054 567 
22.2395 -13.4687 -23.7773 0.675765 -0.0391733 -0.425313 3.36404 22 891 1031 1 1 3.16587 3.16587 476 
-13.2475 22.3719 33.1563 -0.322339 0.396441 -0.00722783 3.54452 22 892 1065 1064 1 1.43824 1.43824 419 
-17.8453 18.9089 12.6458 -6.70629 8.76172 -1.91464 3.50135 22 893 1002 1 1 2.5148 2.5148 390 
14.4988 21.582 64.4888 0.251748 0.501827 1.20545 3.58874 22 894 1084 1 1 4.00272 4.00272 537 
-19.9191 -16.7102 76.7733 -0.315713 -0.341436 0.211819 3.69653 22 895 1215 1214 1 5.60789 5.60789 556 
-20.7678 15.6428 43.3687 -0.349199 0.373 0.00713466 3.60232 22 896 1436 1435 1 2.59488 2.59488 455 
-13.391 -22.2863 74.9959 -0.452975 -0.94779 0.696768 3.62047 22 897 1029 1 1 3.90825 3.90825 377 
-17.4641 -19.2615 57.6566 -1.407 -0.687359 3.96269 3.53912 22 898 1036 1 1 5.89015 5.89015 584 
13.7918 22.0406 59.5587 0.315817 0.210391 0.0775889 3.59203 22 899 1253 1 1 4.30737 4.30737 727 
20.542 15.9382 74.4515 0.872219 1.6632 0.907963 3.64084 22 900 1204 1203 1 1.63583 1.63583 314 
20.6251 -15.8305 2.34208 8.23289 -8.74051 24.8551 3.34454 11 901 1 0 1 35.8026 35.8026 1271 
15.6361 20.7729 29.875 0.172544 0.22816 0.0291772 3.50436 22 902 1225 1 1 2.79933 2.79933 543 
1.97481 -25.9249 33.759 5.70101 -0.744047 -0.225436 3.48302 11 903 1 0 1 3.41587 3.41587 389 
-6.53306 -25.1658 17.8226 0.057045 -0.289096 -0.195014 3.51498 22 904 1028 1 1 3.69038 3.69038 618 
12.0854 -23.0205 50.3481 8.07997 -9.76654 2.07012 3.53925 22 905 1049 1 1 5.85797 5.85797 368 
24.7698 7.90283 37.2816 13.7262 -1.37499 27.0968 3.47504 11 906 1 0 1 4.98652 4.98652 609 
-25.4505 5.31737 32.042 -3.41902 7.46994 7.06629 3.47008 22 907 1046 1 1 0.707691 0.707691 227 
-25.9128 -2.12711 66.8422 -0.486438 -0.0907899 -0.127497 3.66055 22 908 1172 1171 1 3.82328 3.82328 524 
-3.20433 25.8018 -6.13473 2.09691 16.9289 -2.68047 3.37181 11 909 1 0 1 0.590645 0.590645 359 
-25.6396 -4.31375 61.7112 -0.847404 0.233156 0.682967 3.56999 22 910 1057 1 1 1.70814 1.70814 397 
-4.71923 25.5681 46.5619 -0.0103785 0.132888 0.126815 3.53293 22 911 1073 1 1 1.96361 1.96361 401 
8.75328 24.4822 69.3215 -0.190271 0.21702 -0.111843 3.69608 22 912 1001 1 1 4.48746 4.48746 405 
24.9314 -7.3773 -0.598809 12.6109 -0.21746 13.4131 3.35486 11 913 1 0 1 2.12335 2.12335 312 
13.3176 -22.3303 26.3149 -0.0292018 -0.164846 -0.0485974 3.48376 22 914 1037 1 1 3.92152 3.92152 463 
21.9057 -14.005 55.4706 0.30815 -0.288187 -0.288291 3.70856 22 915 1241 1240 1 3.52136 3.52136 464 
5.66378 -25.3756 42.3053 0.214854 -0.356018 0.293952 3.51458 22 916 1035 1 1 3.48221 3.48221 379 
7.75506 24.8165 49.086 0.256182 0.373057 0.171677 3.58002 22 917 1001 1 1 2.94298 2.94298 427 
-20.9459 15.4036 17.5519 -0.205651 0.238899 -0.172227 3.62077 22 918 1144 1095 1 2.79418 2.79418 412 
17.1002 19.5853 72.7856 -0.0587571 1.18742 2.66413 3.60854 22 919 1001 1 1 2.25331 2.25331 512 
-7.07591 -25.0186 54.3899 -0.858459 -2.08949 0.284774 3.60496 22 920 1083 1082 1 3.59798 3.59798 657 
-1.15122 -25.9745 20.1584 0.886829 -2.50965 1.15766 3.48109 22 921 1032 1 1 1.89872 1.89872 342 
-3.23875 25.7975 -0.799847 0.213836 0.193824 -0.0653179 3.64872 22 922 1064 1033 1 6.42818 6.42818 631 
-24.9915 -7.17114 6.17244 -1.02035 -0.337225 -0.0472371 3.44685 22 923 1002 1 1 1.9478 1.9478 403 
18.4645 -18.3047 -18.8042 0.312351 -0.137664 -0.0562658 3.35982 22 924 1095 1 1 0.104012 0.104012 93 
-5.88382 -25.3255 54.8067 -0.276224 -0.266835 0.297873 3.66178 22 925 1308 1307 1 1.89354 1.89354 316 
25.9999 0.0722176 60.5721 0.40054 -0.109554 0.797067 3.5756 22 926 1026 1 1 0.902193 0.902193 311 
8.35014 -24.6227 -62.0877 0.00188201 -0.611863 -0.939102 3.43662 22 927 1040 1 1 3.63694 3.63694 377 
-25.8353 -2.92196 69.5411 -0.494842 -0.113841 0.057371 3.64517 22 928 1035 1034 1 2.00741 2.00741 324 
24.8382 -7.68514 32.2829 6.66803 -1.09509 1.90636 3.47173 11 929 1 0 1 5.11801 5.11801 341 
15.6164 -20.7877 -14.9479 0.378385 -0.244009 -0.0763983 3.39021 22 930 1094 1 1 2.24742 2.24742 405 
3.7477 -25.7285 27.0823 0.0491964 -0.180796 0.227315 3.45133 22 931 1163 1 1 0.691938 0.691938 254 
19.2767 17.4473 44.0488 14.8381 19.0666 1.21013 3.54856 11 932 1 0 1 1.76024 1.76024 392 
-20.0121 16.5987 45.664 -14.5757 13.1324 35.3769 3.49715 11 933 1 0 1 6.54067 6.54067 418 
9.65795 -24.1397 13.5417 0.372683 -2.57102 6.76694 3.40146 22 934 1043 1 1 5.76772 5.76772 865 
25.6229 -4.41225 14.0587 0.490547 -0.787261 -0.508729 3.61266 22 935 1023 1 1 5.06891 5.06891 438 
-24.8245 7.72946 72.5389 -2.99246 0.680084 -0.51311 3.66159 22 936 1296 1295 1 1.69945 1.69945 319 
-8.31606 -24.6342 40.2751 0.2069 -0.845386 -0.173076 3.55098 22 937 1023 1 1 0.514639 0.514639 102 
18.3428 18.4267 19.7553 1.42975 7.28712 2.66976 3.45542 11 938 1 0 1 1.89756 1.89756 237 
-12.4844 -22.8066 42.9528 -0.222446 -0.27614 -0.299025 3.77807 22 939 1063 1062 1 6.61389 6.61389 546 
24.6082 8.39267 65.9248 0.262027 -0.0333413 -0.12559 3.68276 22 940 1071 1 1 2.1975 2.1975 318 
25.9322 -1.87665 64.6261 0.166727 0.0401815 -0.0362053 3.64667 22 941 1040 1 1 2.57638 2.57638 478 
-25.2712 -6.11294 3.74176 -1.60637 0.486063 -1.61978 3.54563 22 942 1032 1 1 3.32167 3.32167 473 
-17.6964 -19.0483 -7.47036 -0.991265 -0.0900088 -0.0894264 3.39829 22 943 1003 1 1 11.1436 11.1436 507 
24.592 8.44 37.9225 6.27226 0.83544 -5.24098 3.51934 11 944 1 0 1 3.8748 3.8748 590 
-5.21187 25.4723 67.2689 -0.0467062 0.353009 -0.132642 3.70843 22 945 1118 1076 1 2.33549 2.33549 303 
-21.8035 14.1636 67.7396 -0.250553 0.0728556 -0.0230108 3.70249 22 946 1049 1048 1 5.40531 5.40531 500 
19.8961 -16.7376 32.2142 0.45866 -0.168103 -0.149975 3.55432 22 947 1325 1324 1 3.42532 3.42532 408 
-10.0181 23.9925 27.3215 -0.587343 0.755035 -0.544448 3.54948 22 948 1061 1 1 2.42654 2.42654 489 
-22.6288 12.8039 61.2689 -0.324447 0.0413781 -0.0243149 3.63172 22 949 1031 1 1 3.20735 3.20735 423 
23.0983 -11.936 34.096 13.2288 -2.11359 25.9536 3.46877 22 950 1061 1 1 3.30336 3.30336 541 
-14.5818 21.526 76.7056 -0.246508 0.414657 0.168562 3.65395 22 951 1099 1098 1 3.9904 3.9904 514 
-22.5147 -13.0035 8.94126 -0.207262 -0.102687 -0.455651 3.77696 22 952 1212 1210 1 1.6064 1.6064 452 
21.7614 -14.2282 36.3421 0.0795506 -0.146378 0.0729963 3.57673 22 953 1216 1195 1 1.87708 1.87708 476 
25.9939 -0.563925 42.5415 0.534303 -0.0482374 0.0410983 3.52178 22 954 1098 1 1 4.4496 4.4496 425 
25.4108 5.50362 32.1751 0.202899 -0.0973087 0.181523 3.49515 22 955 1001 1 1 0.579052 0.579052 177 
25.8071 -3.16102 53.3578 0.409344 0.129325 -0.277186 3.65143 22 956 1080 1078 1 1.63568 1.63568 264 
15.319 -21.0078 4.09553 0.520666 -0.942804 -0.307858 3.44098 22 957 1026 1 1 1.29627 1.29627 348 
25.8867 -2.42434 66.8247 0.184783 -0.120004 -0.120292 3.62311 22 958 1242 1189 1 6.28245 6.28245 513 
-9.6636 24.1374 41.2159 -2.58954 5.96236 15.2987 3.49325 22 959 1024 1 1 4.46562 4.46562 731 
18.0423 18.721 -37.6987 0.0388445 0.32864 -0.544531 3.43019 22 960 1017 1 1 3.03096 3.03096 414 
-15.7641 -20.6759 58.2908 -0.16308 -0.194443 0.0957672 3.61054 22 961 1160 1 1 1.71362 1.71362 469 
-9.62983 -24.1509 65.1862 -0.098729 -0.24833 0.435551 3.57533 22 962 1094 1082 1 7.98217 7.98217 654 
-0.904987 25.9842 20.6815 0.651277 6.00774 12.9868 3.42517 11 963 1 0 1 1.56767 1.56767 183 
15.2502 21.0578 39.6915 0.797945 0.671368 1.05851 3.50874 22 964 1025 1 1 2.55407 2.55407 463 
-22.6036 -12.8482 46.484 -0.797011 -0.0201534 0.710545 3.55026 22 965 1044 1 1 0.513636 0.513636 227 
25.5535 4.79756 -13.8797 3.684 5.45192 0.461051 3.33964 11 966 1 0 1 1.84523 1.84523 569 
-18.2838 18.4852 12.7822 -4.82232 5.34894 13.5528 3.40147 11 967 1 0 1 4.67638 4.67638 530 
7.41466 -24.9203 70.8525 4.97143 -9.39167 -3.09461 3.62984 11 968 1 0 1 1.85474 1.85474 342 
25.9348 1.84059 66.8856 0.437627 0.24686 0.093071 3.64347 22 969 1317 1316 1 5.18224 5.18224 527 
-5.6522 -25.3782 65.3807 -2.41836 -12.496 -1.11904 3.64543 22 970 1065 1 1 2.99038 2.99038 455 
25.6046 4.51719 19.6591 0.410159 0.0627494 0.122519 3.46475 22 971 1219 1 1 1.21853 1.21853 187 
-24.9425 7.3397 72.061 -0.205855 0.0283431 0.21914 3.60503 22 972 1026 1 1 5.50885 5.50885 671 
-22.7729 -12.5458 56.1465 -0.13663 0.00706814 0.168215 3.57495 22 973 1056 1055 1 5.54939 5.54939 461 
3.61697 25.7472 13.6833 3.048 4.6009 5.65085 3.41567 22 974 1044 1 1 4.53699 4.53699 550 
25.5889 -4.60503 67.6218 0.328086 -0.132776 -0.253405 3.71248 22 975 1283 1259 1 4.81468 4.81468 660 
-8.65256 -24.518 74.3462 -0.203491 -0.666195 0.532446 3.61846 22 976 1264 1200 1 0.0584611 0.0584611 247 
-22.8295 -12.4424 -38.2841 -0.0999402 -0.0522942 -0.498395 3.96855 22 977 1143 1141 1 5.41705 5.41705 490 
-9.57394 24.1731 1.14486 -0.302074 0.801576 0.150157 3.43187 22 978 1107 1 1 2.20533 2.20533 164 
-25.8596 2.69842 68.4624 -0.521639 0.314342 1.34033 3.58797 22 979 1068 1 1 2.51815 2.51815 501 
25.2296 -6.2822 71.6663 0.470013 -0.193559 0.0523745 3.65096 22 980 1058 1057 1 0.707355 0.707355 329 
-19.1111 -17.6285 9.19192 -0.0326219 -0.11337 0.135447 3.48961 22 981 1007 1 1 2.99465 2.99465 554 
18.5897 -18.1776 53.7708 0.288219 -0.284786 0.0620223 3.60943 22 982 1246 1 1 1.5475 1.5475 326 
8.38457 -24.611 36.9195 5.80871 -1.92004 -0.129743 3.48713 11 983 1 0 1 1.07973 1.07973 219 
-3.67239 -25.7393 -19.2319 4.04652 -17.4588 0.529116 3.30629 11 984 1 0 1 3.43947 3.43947 286 
8.41509 -24.6005 73.5741 4.5176 -7.04352 -2.74099 3.66124 -11 985 1097 1096 1 0.825764 0.825764 211 
-21.9808 -13.8868 55.1958 -8.12284 1.79827 5.13017 3.56491 22 986 1055 1 1 0.778962 0.778962 272 
19.3299 -17.3884 6.47608 2.67649 -3.7931 7.3185 3.37203 22 987 1001 1 1 3.24684 3.24684 300 
-21.5132 -14.6007 7.54797 -1.45783 -0.105103 0.656271 3.45292 22 988 1023 1 1 1.80663 1.80663 459 
24.8631 7.60441 54.3603 0.603878 0.212986 -0.487522 3.58331 22 989 1042 1041 1 4.41891 4.41891 506 
-4.126 -25.6705 61.3854 0.0239812 -0.136799 0.231397 3.56387 22 990 1097 1 1 1.98722 1.98722 378 
25.1215 -6.70137 75.0865 0.218739 0.0171212 0.0786997 3.62733 22 991 1115 1056 1 2.83491 2.83491 432 
24.756 -7.94625 13.2104 0.341865 0.0181961 0.0813158 3.4712 22 992 1001 1 1 2.47642 2.47642 683 
10.5641 23.7571 -0.230186 0.0886345 0.589329 0.197729 3.40663 22 993 1001 1 1 1.64901 1.64901 255 
-11.035 -23.542 71.3537 -0.102218 -0.773097 1.42406 3.63374 22 994 1001 1 1 1.07193 1.07193 276 
1.03484 -25.9794 21.8214 -0.015116 -0.468556 -0.203338 3.58289 22 995 1219 1194 1 2.32511 2.32511 282 
-18.2941 -18.475 16.2159 -0.140958 -0.484159 -0.0827097 3.45916 22 996 1021 1020 1 5.17348 5.17348 533 
-3.0355 25.8222 70.0085 0.0764198 0.217495 0.0407167 3.63357 22 997 1087 1086 1 2.98237 2.98237 418 
-15.8425 20.6159 52.9017 -8.01118 13.4855 2.21454 3.54398 11 998 1 0 1 4.69787 4.69787 562 
11.258 23.4362 75.3884 0.265755 0.42554 0.097005 3.67383 22 999 1310 1309 1 4.18262 4.18262 413 
-12.9368 22.553 33.1964 -0.297489 0.407651 0.0304728 3.53355 22 1000 1237 1236 1 0.723629 0.723629 290 
