# Det0_0_18
#x y z Px Py Pz t PDGid EventID TrackID ParentID Weight Edep VisibleEdep Ntracks
5 3.00821 -3.46661 -0.0557217 -0.0908607 0.21588 3.97101 22 1 30384 30326 1 0 0 1 
1.27075 5 -4.27832 -1.23514 -1.77103 -0.228289 4.23712 22 4 3921 3812 1 0 0 2 
5 2.6676 -2.37856 -1.95274 -1.34468 -1.61441 4.11408 22 9 13399 13398 1 0 0 3 
4.92675 5 1.13227 -1.58213 -1.64658 1.60476 4.04508 22 12 32185 32182 1 0 0 1 
5 -0.845341 2.97854 -0.853319 -0.882019 0.0756298 4.18152 22 14 36390 36374 1 0 0 1 
5 4.17357 0.295146 -0.20368 -0.0585887 0.219535 4.01417 22 15 18813 18703 1 0 0 3 
5 -1.56548 2.58424 -0.501789 -0.838274 -0.0128654 4.1896 22 20 17234 17233 1 0 0 1 
4.89214 5 -1.05199 -0.235891 -0.290583 -0.17809 4.17088 22 21 3466 3429 1 0.186226 0.186226 3 
-4.87708 5 -1.46656 -0.598718 -0.361063 0.409212 4.04917 22 25 13738 13697 1 0 0 3 
1.60846 5 1.85288 -2.11716 -2.37807 0.875786 4.09856 22 27 11388 11360 1 2.78643 2.78643 3 
-1.24178 5 0.265212 -0.180073 -0.279693 0.0482868 4.07121 22 29 3194 3193 1 0 0 2 
-0.309491 5 -3.37651 -0.545406 -0.439673 0.243408 4.07558 22 30 45619 45452 1 0 0 2 
5 2.86899 -4.27879 -0.380951 -0.563338 0.235932 4.07249 22 33 31044 30852 1 0 0 1 
5 -0.156493 0.797036 -0.330665 -0.128919 -0.0428136 4.23428 22 36 6431 6429 1 0.0357224 0.0357224 2 
5 -4.51022 4.95031 -0.35511 -0.495347 0.701807 4.03175 22 37 27229 26555 1 0 0 1 
2.84369 5 2.57925 -1.09132 -0.84054 0.819633 4.06926 22 38 7860 7859 1 0 0 1 
-3.49943 4.37358 -5 -0.07665 0.0844674 0.199682 4.09714 22 40 1440 1439 1 0 0 1 
4.73349 0.506633 -5 -1.78331 -1.55076 1.45171 4.04474 22 41 20809 20555 1 0 0 2 
-1.41608 1.28925 -5 -0.836668 -0.563037 0.442179 4.07692 22 46 19683 19682 1 0 0 1 
0.850562 5 0.745331 -0.409687 -0.240748 0.0949827 4.16026 22 48 27798 27773 1 0 0 1 
2.6767 5 -3.07939 -0.505898 -0.488781 0.20276 4.06181 22 49 36754 36336 1 0.731866 0.731866 18 
-2.77368 2.29042 5 -0.317887 -0.364612 -0.0766294 4.10845 22 51 33977 33976 1 0 0 1 
-2.73796 5 -2.03493 -0.0548979 -0.20128 0.153534 4.18154 22 53 3620 3619 1 0.101577 0.101577 2 
5 -1.11881 4.92637 -0.357321 -0.264495 0.251961 4.13842 22 54 10830 10828 1 0 0 4 
5 -4.22309 -0.682254 -1.27251 -1.14017 -0.565584 4.22378 22 55 21660 21659 1 0 0 1 
1.72043 5 -2.40668 -0.313015 -0.228944 -0.018463 4.12053 22 56 27563 27530 1 0 0 1 
5 4.4198 -3.09018 -0.159831 0.0197543 0.00387247 4.07685 22 58 27441 27371 1 0 0 2 
5 0.383005 -3.84159 -0.333859 -0.38527 0.0349992 4.12155 22 59 25986 25968 1 0 0 1 
-4.71372 5 4.33174 -0.469521 -0.637809 0.560029 4.05981 22 60 3348 3246 1 0 0 2 
4.26899 5 0.935409 -0.294144 -0.335349 0.209687 4.08648 22 61 23616 23615 1 0 0 2 
5 3.16402 -3.47477 -0.15278 -0.116695 -0.0503442 4.10879 22 62 23506 23145 1 0 0 1 
0.910884 5 -3.00415 -0.0166951 -0.203329 -0.117039 4.11179 22 63 12587 12500 1 0 0 3 
0.952117 -3.03218 -5 -0.547858 -0.795215 1.13238 4.00679 22 64 6743 6479 1 0 0 1 
2.53606 4.14094 -5 -0.376756 -0.259345 0.148066 4.12274 22 66 26143 26142 1 0 0 1 
1.35347 5 3.66803 -0.479152 -0.427744 0.488635 4.06056 22 68 7050 1 1 0 0 1 
5 2.43602 -3.49554 -0.777011 -0.857076 2.3339 3.97609 22 70 33516 33429 1 0 0 1 
5 2.40336 -3.34915 -0.196348 -0.288539 0.249847 4.07327 22 72 19893 19864 1 0.428682 0.428682 35 
3.40607 2.06904 5 -1.01532 -0.362438 -1.86541 4.1887 22 73 21393 21392 1 0.900792 0.900792 65 
-3.46845 5 1.09626 -0.960079 -0.746558 0.268325 4.14736 22 74 21363 21268 1 0.228877 0.228877 3 
2.64791 5 -2.87834 -0.369879 -0.35443 0.0598006 4.11941 22 76 53676 53578 1 0 0 1 
2.16117 5 4.89007 -0.881928 -1.22401 0.880541 4.03135 22 77 8211 8210 1 0 0 2 
5 -3.42015 -1.43305 -0.29311 -0.393889 -0.141627 4.22061 22 78 2701 2682 1 0 0 1 
1.00548 5 4.48495 -0.764164 -0.906323 2.07983 4.01121 22 81 54961 54888 1 0 0 2 
5 0.908461 3.73784 -0.92346 -0.702865 -0.0804606 4.20329 22 84 18112 18060 1 0.0672764 0.0672764 3 
0.928586 4.78547 -5 0.107774 0.0465148 0.149531 4.19628 22 86 40642 40641 1 0 0 1 
3.20645 5 0.95633 0.0619615 -0.0964307 0.472173 4.10546 22 88 18316 18315 1 0 0 1 
5 -3.70875 4.26021 -9.26974 -7.83873 12.4133 4.04779 22 91 13881 13740 1 0 0 2 
-4.90551 5 -2.01287 -0.511007 -0.337641 -0.138412 4.21447 22 92 5245 5211 1 0.273401 0.273401 26 
-3.37333 5 -3.65831 -0.307008 -0.523696 -0.10752 4.1537 22 93 1300 1 1 0 0 1 
5 -3.56703 0.175824 -0.869317 -0.409719 0.63099 4.00408 22 95 20874 20451 1 0.666786 0.666786 11 
4.93436 1.02356 -5 -0.464999 0.15033 0.813613 3.97218 22 96 21424 21019 1 0 0 1 
5 4.1239 -3.0066 -0.431073 -0.364982 -0.00473904 4.19027 22 97 7349 7280 1 0 0 1 
5 2.31177 -4.03405 -0.446276 -0.415501 0.144514 4.04951 22 98 46453 46329 1 0 0 2 
-4.07656 5 4.13082 -1.00176 -0.868288 -0.696718 4.19619 22 99 19846 19841 1 0.641218 0.641218 44 
1.96663 2.72467 -5 -0.00903551 0.0681812 0.291609 4.06856 22 100 21488 21185 1 0.117997 0.117997 28 
1.09996 5 -3.96943 -1.29185 -1.89428 0.939775 4.04574 22 104 20668 20667 1 0 0 2 
5 -0.269615 -2.79463 -2.26722 -1.65411 2.58466 4.0669 22 106 20845 20818 1 0 0 1 
-1.92491 4.23617 -5 -0.745646 0.0319763 0.977475 4.03295 22 111 8331 8298 1 0 0 1 
-3.75761 4.18046 -5 -1.7718 -1.7654 2.64832 4.00414 22 112 23626 23246 1 0 0 3 
-1.59179 5 2.91699 -1.22177 -0.998452 1.55513 4.04916 22 114 29472 29443 1 0.0412672 0.0412672 2 
4.57148 5 -1.26681 -0.407268 -0.730553 0.463051 4.01412 22 117 5757 5670 1 0.699106 0.699106 22 
5 2.93491 -4.21427 -2.35043 -1.78142 -0.320962 4.19077 22 118 24930 24898 1 0 0 1 
5 -4.59536 1.18438 -0.297934 -0.392878 0.134171 4.24802 22 119 17536 17535 1 0 0 2 
3.93025 5 1.57536 -5.22925 -3.68703 2.43568 4.07334 22 120 14349 14313 1 4.8771 4.8771 34 
5 4.90086 -3.50635 -0.373686 -0.308254 0.278097 4.06318 22 123 30198 30025 1 0.308704 0.308704 2 
5 0.965886 0.414191 -0.716721 -0.90051 0.550039 4.08 22 125 32133 32131 1 0 0 2 
5 4.86054 1.69209 -0.32405 -0.412109 0.252656 4.104 22 127 29846 29830 1 0 0 3 
-1.20892 5 -2.64341 -0.523956 -0.342363 0.185974 4.15121 22 129 26533 26486 1 0 0 1 
0.271775 -0.300273 -5 -0.293253 -0.31908 0.370546 3.9906 22 132 27968 27070 1 0.0534012 0.0534012 3 
5 2.21642 -1.14446 -0.354601 -0.409092 0.0856024 4.10674 22 133 32511 32173 1 0 0 4 
4.3165 4.56474 -5 -1.19682 -0.66985 0.788942 4.0141 22 136 35036 35000 1 0 0 1 
5 4.67948 4.71162 -0.552765 -0.537012 0.569978 4.05388 22 138 18430 17558 1 0 0 2 
5 2.15268 -1.98496 -0.832315 -1.02926 0.9511 4.04013 22 142 9831 9642 1 0 0 1 
2.89573 5 -0.787474 -0.236239 -0.44659 0.262381 4.05867 22 143 55807 55671 1 0.0481702 0.0481702 2 
0.139637 1.73712 -5 -0.00163525 -0.0155975 0.298796 4.06568 22 144 18578 18432 1 0 0 1 
-1.27793 5 -2.36014 -1.16323 -1.08553 0.371991 4.05998 22 146 11518 11434 1 0 0 1 
3.82414 1.8982 5 -0.40403 -0.424158 -0.221811 4.18911 22 148 12601 12243 1 0 0 1 
5 0.467608 -4.22045 -0.285528 -0.402009 -0.134097 4.21968 22 149 20313 20312 1 0 0 1 
-0.769582 4.60253 -5 -0.469294 -0.394471 0.648282 4.00671 22 150 34608 34368 1 0 0 1 
5 3.27291 0.395598 -0.263332 -0.29959 0.249884 4.03503 22 151 15281 14568 1 0 0 1 
5 -1.69903 -4.95268 -3.03389 -3.53042 4.38162 4.01268 22 152 34096 34095 1 0 0 1 
-0.738234 5 -4.42296 -0.244752 -0.290606 0.0434452 4.03773 22 153 48517 48516 1 0.382029 0.382029 21 
5 2.93578 2.30161 -0.253025 -0.349438 0.0844086 4.24122 22 155 6745 6744 1 0 0 1 
-2.04173 -2.24118 -5 -0.033816 -0.0673904 0.479887 4.03834 22 157 40397 40353 1 0.48559 0.48559 16 
5 -0.838096 -2.95133 -0.182013 -0.365927 0.112487 4.06277 22 159 42438 42409 1 0 0 1 
-2.29142 3.91351 -5 -2.27822 -2.23643 3.978 4.00403 22 161 5657 5529 1 0.315369 0.315369 11 
0.796837 5 4.10041 -1.53559 -1.18251 2.87468 4.00397 22 162 3721 3509 1 0 0 4 
-0.66271 3.61967 -5 -0.265189 -0.193952 0.207594 4.12236 22 163 14742 14721 1 0 0 3 
5 2.60692 3.71034 -0.835561 -1.20549 0.876843 4.05826 22 164 8019 7970 1 0 0 1 
3.79412 5 0.693949 -0.0300671 -0.270227 0.10791 4.21477 22 166 15694 15693 1 0 0 1 
5 2.77598 -1.25599 -0.240441 -0.258741 0.108564 4.05174 22 167 15686 15586 1 0.158822 0.158822 2 
3.20737 5 0.0362943 -2.15947 -2.49287 2.66475 4.04846 22 168 21521 21172 1 0 0 1 
4.10871 5 -1.71383 -0.527629 -0.594873 0.197753 4.06863 22 169 1959 1817 1 0 0 3 
-1.83176 -3.93019 -5 -0.609999 -0.628326 1.51799 3.98795 22 171 24410 24281 1 0 0 1 
0.226755 3.20164 -5 -0.315161 -0.29397 0.093459 4.07632 22 172 16999 16995 1 0 0 1 
5 4.82272 -3.63428 -0.238691 0.324724 0.0206262 4.00392 22 174 16133 14435 1 0 0 1 
1.42162 5 -0.649061 -0.289838 -0.205101 -0.128836 4.10865 22 176 13174 13146 1 0.367519 0.367519 28 
0.835929 0.780225 -5 -3.3132 -2.95463 5.21783 3.99581 22 177 5113 4979 1 0 0 1 
5 3.68396 3.63926 -3.97847 -4.18275 4.70663 4.04268 22 179 15864 15826 1 0 0 1 
5 4.0168 1.41607 -0.380513 -0.0623419 0.0740047 4.32795 22 181 45377 45376 1 0 0 1 
0.14769 3.99913 -5 -2.08871 -1.5524 2.5434 4.01331 22 182 6003 5782 1 0 0 2 
5 1.68322 -4.30614 -1.55816 -1.7435 -0.303072 4.17282 22 183 30610 30609 1 0 0 1 
5 -2.72966 -1.50503 -3.4074 -1.67503 1.262 4.0159 -11 184 18288 18287 1 1.05581 1.05581 2 
3.80908 -0.514678 -5 -0.501651 -0.703054 0.702965 4.082 22 186 4295 4250 1 0 0 1 
4.57954 5 1.65219 -0.26407 -0.434184 -0.0535832 4.19058 22 188 44030 44005 1 0.289637 0.289637 2 
-3.82899 5 4.21813 -0.366237 -0.264112 0.180429 4.09834 22 190 9351 9330 1 0.273455 0.273455 5 
-4.29489 -1.17519 -5 -5.62726 -4.08006 6.74741 4.00938 22 192 17407 17299 1 0 0 1 
5 2.73814 -0.272388 -0.439129 -0.222267 0.240848 4.06215 22 193 45935 45789 1 0 0 3 
5 -3.00196 -1.6723 -0.464001 -0.12437 -0.174226 4.23611 22 194 2786 2785 1 0 0 2 
5 2.28656 -2.82604 -0.672968 -0.261987 0.627234 4.0284 11 195 16413 16412 1 0.573466 0.573466 1 
4.94898 -0.0107542 -5 -0.299327 -0.340532 0.610503 3.99983 22 197 37043 36885 1 0 0 2 
-1.42873 5 2.22668 -0.0185159 -0.236404 -0.0267532 4.18783 22 198 2835 2830 1 0 0 1 
-1.57208 -2.32194 -5 -0.0617368 -0.121782 0.608652 4.08473 22 204 12163 12096 1 0 0 1 
2.45903 1.89919 5 -0.0821609 0.152921 -0.192498 4.05147 22 205 40121 40119 1 0.258931 0.258931 16 
-1.03483 2.30399 5 -0.181095 -0.159557 -0.0268029 4.18086 22 207 20444 20393 1 0.01113 0.01113 4 
4.29032 5 0.994942 -0.0829426 -0.503308 0.0303575 4.11731 22 212 16985 16983 1 0 0 1 
5 -4.44504 4.7117 -0.293814 -0.667812 0.206797 4.09682 22 213 20459 20254 1 0 0 1 
4.24659 1.79922 -5 -0.283931 -0.463406 0.268617 4.06655 22 214 26249 25329 1 0 0 1 
4.00405 5 -1.18096 0.534142 -0.743233 -0.0844162 4.15549 22 217 31936 31935 1 0 0 1 
-0.648586 5 0.247448 -0.162951 -0.306592 0.374924 4.03159 22 218 2164 2135 1 0 0 1 
4.49997 2.19724 -5 -0.213777 -0.332261 0.0852235 4.13465 22 219 16444 16443 1 0 0 1 
3.53305 5 0.368754 -0.910592 -0.807935 0.1062 4.10807 22 220 15532 15456 1 0 0 2 
5 4.19769 1.62103 -4.68663 -7.00653 12.5912 4.00552 22 224 28620 28473 1 0 0 2 
-0.449589 5 0.465947 -1.00906 -1.62677 2.16194 4.00365 22 229 3821 3376 1 0 0 1 
2.51852 5 3.09412 -1.96057 -1.45592 0.67955 4.09595 22 232 13760 13714 1 0.0292155 0.0292155 15 
-0.855889 5 1.66357 0.0273734 -0.304079 0.289775 4.07203 22 239 34794 34741 1 0 0 1 
3.43986 5 -1.07994 -1.60189 -1.40292 1.06958 4.06333 22 241 23113 23112 1 0 0 2 
3.74303 5 -1.55434 -0.391037 -0.519264 0.617439 3.99593 22 242 8432 7358 1 0.547006 0.547006 2 
5 -2.76807 2.44782 -0.700885 -1.09689 0.0283372 4.16428 22 243 25749 25725 1 0 0 1 
5 2.2181 0.601074 -0.414029 -0.278222 0.110871 4.12126 22 244 10699 10698 1 0.023221 0.023221 3 
5 3.47798 -2.02944 -0.374429 -0.347216 0.0190684 4.16422 22 246 22474 22473 1 0 0 1 
5 -2.95704 1.43862 -1.04184 -2.63345 -0.174647 4.17702 22 247 23253 23251 1 0 0 1 
5 3.98411 2.90856 -0.502206 -0.570045 0.657034 4.05802 22 249 18085 18084 1 0 0 1 
5 2.99362 2.66817 -2.62288 -2.88271 5.67995 4.00121 22 252 34050 33975 1 0 0 2 
5 -4.41705 2.71193 -2.15641 -2.44775 4.54974 4.0239 22 253 31431 31356 1 0 0 1 
2.20641 5 4.33849 -0.251188 -0.19632 0.30486 4.06282 22 254 16844 16782 1 0 0 3 
1.76874 5 3.9967 -0.907946 -0.497637 0.89921 4.0408 22 256 44103 44039 1 0 0 1 
-3.60025 5 3.23761 -0.25728 -0.68374 -0.137404 4.18349 22 257 35888 35751 1 0 0 1 
2.81805 4.24644 -5 -0.15291 -0.128706 0.187208 4.12575 22 258 6797 6680 1 0 0 4 
-0.501519 1.15942 -5 -1.41771 -1.51823 1.31752 4.04768 22 261 44402 44210 1 0 0 1 
-0.754305 5 -4.15721 -0.272014 -0.644719 0.457665 4.08088 22 263 23702 23700 1 0 0 1 
1.06401 5 -4.75282 -0.353894 -0.200229 0.309495 4.06945 22 265 44738 44737 1 0 0 1 
0.101475 5 0.707622 -0.180889 -0.31679 0.185539 4.40707 22 266 35311 35310 1 0.00322686 0.00322686 2 
2.59331 4.7968 -5 -0.618476 -0.959792 1.06833 4.02101 22 268 54470 53747 1 0 0 1 
-0.0240604 5 -2.03695 -1.52697 -1.17505 1.75837 4.00546 22 271 4790 4483 1 0 0 3 
3.95108 2.68933 -5 -0.452589 -0.474164 1.0348 3.98823 22 272 8679 8589 1 0.571889 0.571889 4 
5 2.63909 1.42771 -0.455885 -0.36109 0.23961 4.05479 22 274 26083 26041 1 0 0 1 
-1.16479 2.35223 -5 -0.780486 -0.687881 1.36187 4.01136 22 276 3231 3155 1 0.203952 0.203952 13 
5 2.55347 -1.6953 -7.89782 -7.37909 2.17492 4.11545 22 277 10353 10244 1 0 0 1 
5 3.79535 -2.76464 -0.634449 -0.407894 -0.0154645 4.0804 22 279 1368 1349 1 0 0 4 
3.05563 5 0.482553 -0.640235 -0.72922 0.74325 4.0239 22 280 14242 14142 1 0 0 2 
-2.48484 1.53564 -5 -0.312346 -0.147915 0.0784204 4.11371 22 281 38993 38910 1 0 0 2 
4.12732 3.23715 5 -0.435332 0.0166457 -0.267075 4.11448 22 282 1230 1229 1 0.283722 0.283722 2 
5 3.90951 -3.25929 -0.13758 -0.434669 -0.139207 4.10599 22 284 1527 1456 1 0 0 2 
-3.55489 -4.58392 -5 -1.88164 -1.57091 1.3007 4.0976 22 285 14860 14858 1 0 0 2 
-2.83471 5 0.553816 -0.0405246 -0.169343 0.0512743 4.04642 22 286 38290 38143 1 0 0 1 
5 4.18519 -1.97663 -0.257948 -0.698206 0.00277816 4.14462 22 287 6110 6067 1 0.290762 0.290762 3 
-2.47305 5 1.01022 -0.240166 -0.204956 0.401787 4.01531 22 290 13533 13511 1 0.521572 0.521572 23 
-4.59064 5 -2.37811 -2.11343 -1.51851 1.08292 4.09168 22 291 13994 13936 1 0.486801 0.486801 24 
0.325063 5 -2.07273 -0.64773 -0.890815 0.0197616 4.09086 22 292 21768 21630 1 1.03363 1.03363 3 
0.272646 5 -2.27237 -0.301365 -0.233169 0.303205 4.0504 22 293 50265 49727 1 0 0 1 
5 0.905067 4.2955 -0.702081 -0.0175185 -0.0848489 4.13662 22 294 4367 4345 1 0 0 2 
5 2.54878 4.72518 -1.12688 -0.67484 1.0099 4.05581 22 295 44555 44456 1 0 0 1 
3.32353 5 0.92894 -2.46022 -3.51657 2.89662 4.0687 22 296 5847 5846 1 0 0 1 
5 2.35238 2.2532 -0.66613 -0.873902 -0.0290596 4.14693 22 297 9002 9000 1 0 0 2 
4.97929 5 -4.39811 -0.756502 -0.597395 -0.559804 4.14829 22 298 22657 22626 1 0 0 3 
5 -3.65997 4.12647 -0.275125 -0.313808 0.294874 4.08364 22 301 3159 3155 1 0 0 1 
5 4.16733 -3.40715 -0.754714 -0.675262 2.10552 3.96733 22 304 57155 57044 1 0 0 1 
5 1.33729 -1.52772 -1.50089 -1.54337 3.70487 3.99836 22 305 37651 37282 1 0 0 1 
-3.90819 -0.394915 -5 -0.490962 -0.43377 1.11317 3.98625 22 309 37950 37689 1 0 0 1 
4.88817 5 -2.70898 -0.363215 -0.270258 0.559815 4.00815 22 311 11880 11706 1 0.407267 0.407267 29 
5 -0.78499 2.43654 -0.814429 -0.714209 0.910676 4.03667 22 314 9646 9604 1 0 0 1 
-3.84998 5 -4.53616 -0.230294 -0.437929 0.0601207 4.35032 22 315 27989 27952 1 0 0 2 
-2.10099 5 2.15831 -1.80568 -1.28578 1.50695 4.1146 22 316 28224 28223 1 0 0 1 
1.56603 5 -1.24449 -0.0746587 -0.156469 0.0929535 4.0779 22 318 33978 33977 1 0 0 1 
5 -0.951381 0.637671 -0.622254 -0.426098 0.00137722 4.11443 22 324 21788 21710 1 0 0 1 
0.0329291 5 2.3739 -0.566563 -0.620881 0.0695962 4.10366 22 325 28759 28754 1 0.300802 0.300802 2 
5 2.53487 -0.321919 -0.627314 -0.43401 0.469745 4.02156 22 327 14272 13785 1 0 0 6 
5 0.916744 4.61478 -0.437501 -0.378333 0.786437 4.02118 22 331 5067 4981 1 0 0 1 
5 -0.0946738 -0.522593 -0.359069 -0.358339 -0.0615027 4.13877 22 334 13044 13023 1 0 0 2 
2.86565 -3.08019 -5 -0.347717 -0.446122 0.249206 4.09964 22 336 36435 36297 1 0 0 1 
2.13638 -2.8971 -5 -0.605995 -0.821338 1.44169 3.99948 22 338 19522 19392 1 0 0 1 
-2.26431 5 -3.95071 -0.626593 -1.07306 0.229028 4.12071 22 342 9469 9396 1 0 0 1 
5 3.83084 2.86689 -0.23125 -0.352078 0.0623699 4.12406 22 344 47572 47545 1 0 0 1 
5 -0.435124 -2.42288 -0.423094 -0.142001 0.113297 4.11281 22 345 5473 5293 1 0 0 2 
5 -3.04437 -2.15412 -0.559926 -0.562422 0.798981 4.00816 22 346 26295 1 1 0.666794 0.666794 22 
0.832313 5 2.2162 -0.199167 -0.197952 0.390515 4.01064 22 347 30267 30096 1 0 0 1 
5 -2.31058 4.80385 -0.365763 -0.351109 0.0637138 4.15512 22 348 5269 5245 1 0 0 3 
5 1.21342 -1.49068 -1.13779 -1.22631 0.602995 4.08158 22 349 9408 9329 1 0.156218 0.156218 32 
-0.370802 -4.43574 -5 -0.0400872 -0.637606 0.200933 4.01619 22 353 35669 1 1 0 0 2 
0.743166 5 2.15931 -0.457264 -0.274869 0.0681167 4.23036 22 357 37525 37503 1 0 0 2 
-4.1071 5 0.523804 -3.63621 -1.42626 -0.988277 4.20635 22 359 4372 4371 1 0 0 1 
5 -1.3869 -1.96748 -0.911167 -1.13556 2.17408 3.99715 22 360 22696 22589 1 0 0 2 
-0.758048 5 3.86313 -0.367536 -0.353729 0.0302064 4.19001 22 361 1550 1546 1 0 0 1 
5 -3.29532 1.47539 -0.448026 -0.429722 0.404231 4.06279 22 362 2840 2752 1 0.000756124 0.000756124 4 
0.913231 -3.0514 5 -0.239736 -0.100196 -0.199306 4.13409 22 363 25523 25522 1 0 0 1 
1.98189 5 1.74281 -0.295204 -0.32756 -0.388474 4.20398 22 365 35405 35327 1 0 0 1 
5 4.24832 -2.6586 -0.73332 -0.465975 0.990813 3.99903 22 367 22548 22432 1 0 0 2 
3.85962 5 -3.11248 -0.14911 -0.17146 -0.159165 4.22705 22 371 1324 1 1 0 0 3 
5 -0.0402986 3.46724 -0.519966 -0.666983 0.46336 4.05662 22 372 33649 33598 1 0 0 1 
4.49698 2.31742 -5 -0.305622 -0.313398 0.263623 4.02424 22 373 39218 39217 1 0.124573 0.124573 3 
5 -3.24856 -2.35783 -0.12863 -0.298945 0.0942703 4.08187 22 375 11428 11427 1 0 0 2 
5 1.01984 2.1357 -0.266378 -0.0320794 0.0635513 4.069 22 377 22031 22028 1 0 0 1 
5 -0.840534 -4.19827 -0.129055 -0.279017 -0.0787496 4.20354 22 378 51574 51573 1 0 0 1 
2.22484 5 -0.893902 -0.134561 -0.423228 -0.0870978 4.12142 22 379 8417 8348 1 0 0 4 
-1.97444 5 -4.4114 -1.43851 -1.68681 3.23273 3.99188 22 381 2584 2431 1 0.841795 0.841795 4 
5 0.961242 3.21659 -0.741138 -0.615371 -0.339698 4.2319 22 383 22072 22037 1 0.517108 0.517108 34 
-4.00181 1.33349 -5 -2.56373 -1.81564 4.24858 3.9839 22 385 19559 19488 1 0 0 1 
2.70074 5 -0.045711 -0.183519 -0.967667 0.245178 4.12613 22 386 25586 25573 1 0 0 2 
0.892565 5 3.31679 -0.442273 -0.557637 0.731183 4.05308 22 388 20866 20692 1 0 0 1 
5 3.16604 -1.50988 -0.19432 -0.331213 0.126115 4.08093 22 389 9000 8278 1 0 0 4 
-3.57278 -1.51907 -5 -0.349856 -0.331055 0.170655 4.1524 22 390 25030 24995 1 0.339069 0.339069 2 
2.71746 4.83772 -5 -0.415122 -0.370828 0.280091 4.15629 22 391 42497 42496 1 0 0 1 
-0.610704 0.0132059 -5 -0.295947 -0.363147 0.379993 4.02485 22 392 12104 11826 1 2.28253 2.28253 26 
5 3.09443 -3.24887 -0.69575 -0.495487 0.98622 3.99355 22 393 30291 30213 1 0 0 2 
5 0.778844 -0.911412 -0.484743 -0.389899 0.122979 4.09891 22 394 1700 1618 1 0 0 1 
2.0962 5 4.53742 -0.261129 -0.324649 0.848149 3.99821 22 395 12146 1 1 0 0 1 
1.96302 -1.96504 -5 -0.167319 -0.144957 0.461749 3.96811 22 396 33961 33675 1 0 0 1 
1.47728 5 3.62147 -2.42088 -2.42644 1.31616 4.09291 22 398 28367 28366 1 0 0 1 
5 -0.17282 0.161669 -0.495364 -0.121594 -0.0308091 4.08462 22 399 15413 15412 1 0 0 2 
5 4.7281 0.346599 -0.370974 -0.33279 -0.112909 4.18616 22 401 32852 32843 1 0 0 1 
0.295856 5 4.55459 -0.0365939 -0.162048 0.0695481 4.08892 22 402 34376 34375 1 0 0 1 
3.4836 5 -2.49789 -0.223494 -0.250938 -0.151207 4.24614 22 404 13822 13821 1 0.0291496 0.0291496 2 
1.52262 -1.46285 5 -0.292906 -0.272378 -0.134448 4.2155 22 405 16020 16019 1 0 0 1 
5 -4.01406 0.00158565 -0.234702 0.0391244 0.0782365 4.06476 22 406 15688 15681 1 0.250143 0.250143 24 
5 -0.234998 -0.536622 -0.327476 -0.383325 0.083312 4.13145 22 408 25373 25370 1 0 0 2 
5 0.186509 -0.13305 -0.253591 -0.309775 0.189451 4.07711 22 409 27455 27125 1 0 0 1 
-0.267724 5 1.1422 -0.598621 -1.46694 -0.319599 6.76987 22 410 14917 14854 1 0 0 1 
-0.61973 5 -3.01929 -0.378835 -0.286393 0.034788 4.0559 22 411 10704 10635 1 0.475826 0.475826 24 
-4.93882 5 4.64918 -0.995645 -1.12962 -0.266802 4.22043 22 413 3226 3118 1 0.840372 0.840372 6 
-4.89192 2.77779 5 -0.041172 0.0980184 -0.219968 4.27898 22 414 2837 2827 1 0 0 1 
5 2.24824 3.16777 -0.878863 -0.427821 -0.395741 4.23118 22 415 13684 13679 1 0 0 1 
-0.692878 5 4.43459 -0.517953 -0.302433 0.211547 4.10705 22 416 38126 37908 1 0.112132 0.112132 2 
-2.68466 0.299961 -5 -2.82096 -3.49355 4.5841 4.01852 22 417 2619 2501 1 0 0 2 
2.28051 5 4.41257 -1.03401 -1.79563 0.275455 4.11907 22 418 12242 12185 1 0 0 3 
0.00591454 -0.447791 5 -0.853644 -0.775909 -0.311111 4.19512 22 419 30211 30186 1 0 0 1 
2.57381 5 -2.10461 -0.172071 -0.47026 0.101816 4.20476 22 421 37560 37537 1 0 0 2 
-1.13362 3.30534 -5 -0.227319 0.0694029 0.0727467 4.19139 22 426 2090 2063 1 0 0 1 
1.02845 5 4.7855 -0.44994 -0.124438 -0.20782 4.16664 22 428 31779 31777 1 0 0 1 
-2.18435 -4.16599 -5 0.00997407 -0.386131 0.232448 4.05732 22 429 28538 28225 1 0 0 1 
5 -3.21797 1.46183 -0.274407 -0.171111 -0.112735 4.19408 22 430 3645 3642 1 0 0 1 
5 -1.69305 0.674228 -0.186186 -0.050038 0.473234 4.1313 22 431 34344 34314 1 0 0 1 
2.328 5 -3.79312 -1.17578 -1.09427 2.04622 3.99506 22 432 30871 30708 1 0 0 1 
3.36398 5 0.979564 -0.847371 -1.63832 -0.59113 4.14896 22 433 50995 50993 1 0 0 1 
-3.75156 5 -0.963013 -0.290924 -0.179136 -0.055249 4.10276 22 434 37061 37020 1 0 0 1 
5 -1.34398 1.35671 -0.376944 -0.487074 0.382567 4.06413 22 435 10232 10209 1 0 0 2 
5 -0.456858 3.80497 -0.318178 -0.304985 0.258586 4.0643 22 436 17561 17500 1 1.06586 1.06586 4 
2.89475 5 -1.1733 -0.359419 -0.358282 -0.0597634 4.16644 22 437 28346 28345 1 0 0 1 
5 -2.99845 -2.78144 -0.515322 -0.55637 -0.162469 4.25321 22 438 22268 22240 1 0.130793 0.130793 3 
5 1.54157 3.11171 -0.271523 -0.26923 0.451806 4.03828 22 439 53424 52294 1 0 0 1 
3.00829 5 4.86368 -0.451022 -0.430851 0.21052 4.11395 22 441 7031 7008 1 0 0 3 
-3.99556 1.28557 -5 -0.352028 -0.286559 0.327076 4.07989 22 442 23394 23222 1 0 0 1 
-0.32004 5 4.91566 -0.330467 -0.331525 0.23051 4.11836 22 444 16188 16187 1 0 0 3 
0.0195724 -2.11909 -5 -0.147723 -0.215467 0.38064 3.99935 22 445 6445 6127 1 0 0 4 
5 -1.12479 1.21707 -0.38817 -0.470172 0.269474 4.08462 22 446 45949 45871 1 0 0 1 
5 4.29229 4.11471 -0.689634 -1.38362 0.89283 4.06804 22 451 15254 15219 1 0 0 2 
0.941143 5 3.78739 -0.323354 -0.248323 -0.22559 4.21066 22 453 12029 11999 1 0.0642001 0.0642001 3 
-2.7767 -1.7977 -5 -0.179109 -0.389155 0.509459 4.16033 22 454 13767 13670 1 0.0706144 0.0706144 3 
4.91915 5 4.21758 -0.60386 -1.46022 1.18737 4.03419 22 458 50387 50192 1 0 0 1 
5 2.7286 -4.50087 -0.323082 -0.3959 0.000918843 4.1708 22 459 24352 24326 1 0.338657 0.338657 2 
-0.941554 5 -2.59651 -0.211482 -0.205322 0.182873 4.03441 22 460 28330 28118 1 0 0 2 
5 -4.10506 -3.96009 -0.283058 -0.244263 0.455222 4.04963 22 461 46632 46629 1 0 0 1 
5 -3.25522 1.22441 -0.372883 -0.180896 0.275136 4.07245 22 462 4306 4249 1 0 0 1 
0.547685 3.07396 -5 -0.3371 -0.574482 0.229834 4.05809 22 463 4344 4206 1 0.0634206 0.0634206 4 
-3.9218 5 -4.01094 -0.541665 -0.524546 0.455646 4.03481 22 464 2092 2091 1 0.245401 0.245401 4 
-1.76295 -2.45369 -5 -0.261496 -0.303513 0.350579 4.0123 22 467 4131 4086 1 0 0 1 
1.52037 -4.69612 -5 -1.19843 -1.33562 1.99665 4.01219 22 469 23640 23504 1 0 0 1 
1.85751 0.762697 5 0.0657725 -0.410135 -0.301839 4.11874 22 470 10368 10219 1 0.0869764 0.0869764 2 
1.88849 3.11953 -5 -1.98283 -3.18467 3.44362 4.02836 22 471 29921 29861 1 0 0 1 
0.904623 5 0.78855 -0.0898288 -0.394816 -0.000386644 4.19682 22 472 31668 31667 1 0 0 2 
5 2.34901 -1.85515 -0.583533 -0.546037 1.08917 4.0048 22 473 54375 1 1 0.136423 0.136423 2 
5 1.25357 -1.61778 -0.786907 -0.69937 0.658542 4.0429 22 476 10098 9918 1 0 0 2 
-4.52913 4.02936 -5 -0.563912 -1.57514 2.04198 3.99303 22 477 38212 38100 1 0 0 1 
5 -3.76611 -2.59286 -0.629824 -0.50728 0.19664 4.05025 22 479 21458 21187 1 0 0 1 
-1.55773 5 -0.19742 -1.43817 -1.4375 2.26196 4.02031 22 481 15244 15130 1 0 0 3 
-1.4362 5 0.228383 -1.36964 -1.22029 0.836945 4.07845 22 482 28957 28796 1 0 0 3 
-2.4782 -4.77057 -5 -0.563089 -0.362139 0.142956 4.09958 22 483 1872 1824 1 0 0 2 
1.50996 -0.0792563 5 -0.282875 -0.228857 -0.193215 4.21261 22 484 28401 28398 1 0.180617 0.180617 3 
5 1.95553 4.42215 -3.39961 -1.15446 -0.398287 4.31187 22 487 19307 19305 1 0.395268 0.395268 3 
-2.16497 5 2.02908 -0.795413 -0.711272 1.06127 4.04357 22 489 6338 4953 1 0.0760121 0.0760121 2 
5 2.42979 -3.08259 -0.501595 0.0887138 -0.0406431 4.09 22 490 14040 14038 1 0 0 2 
0.290881 5 4.45306 -1.7703 -1.27403 0.316676 4.12052 22 492 6447 6376 1 0 0 1 
3.52918 5 2.01548 -2.53967 -2.37652 3.36615 4.05227 22 497 32806 32715 1 0 0 1 
-3.25377 5 0.133402 -0.362455 -0.307402 -0.0669987 4.31514 22 498 28682 28680 1 0 0 1 
2.27943 -4.56179 -5 -2.5152 -3.04624 1.97567 4.06681 22 500 20050 19920 1 0 0 2 
5 1.67259 3.24455 -5.08096 -4.73444 -0.582253 4.20901 22 504 48552 48550 1 0 0 1 
5 -3.63407 3.20225 -0.242662 -0.375974 -0.0301866 4.16121 22 506 44909 44847 1 0 0 1 
5 -1.53473 -0.186975 -0.267597 -0.20625 -0.142002 4.17711 22 510 10073 10071 1 0 0 1 
5 1.91726 3.60083 -0.321361 -0.244457 0.224102 4.05055 22 512 45667 45524 1 0 0 1 
-3.76126 -3.42341 -5 -0.336756 -0.208065 0.16985 4.03831 22 513 22343 22237 1 0 0 3 
5 3.35255 -1.90771 -0.320191 -0.372289 0.526758 4.02018 22 517 51921 51816 1 0 0 1 
4.65116 5 -0.189095 -1.50802 -1.36898 -0.416372 4.18347 22 522 14532 14531 1 0 0 4 
-2.15065 -4.24809 -5 -1.95169 -2.36681 2.89897 4.00145 22 523 1074 1051 1 0.451064 0.451064 29 
5 -0.894878 -1.67659 -0.0287918 0.00538622 -0.00538029 4.20607 22 526 33393 33383 1 0.029631 0.029631 11 
5 1.11671 3.90085 -1.21794 -0.985506 0.23349 4.13605 22 528 37666 37592 1 0 0 1 
5 3.58865 3.3086 -0.430279 -0.657959 -0.29655 4.24405 22 531 25973 25834 1 0 0 1 
-1.61986 3.12619 5 -0.0502405 -0.257407 -0.117662 4.06374 22 532 48498 48419 1 0 0 1 
1.08198 5 -2.57637 -0.294737 -0.0996235 -0.239285 4.24955 22 533 3928 3842 1 0.18003 0.18003 23 
5 0.407504 -1.72538 -2.52963 -3.34638 0.788514 4.07879 22 536 7980 7964 1 0.0920354 0.0920354 5 
-4.72569 -1.76745 -5 -0.0354592 -0.523245 0.213751 4.25313 22 537 22133 22132 1 0 0 2 
-1.1063 5 -3.21626 -0.00258228 -0.354228 -0.164073 4.18518 22 540 30869 30157 1 0 0 1 
5 -4.9651 -0.255868 -0.261928 -0.214985 0.148241 4.09226 22 542 42500 42499 1 0 0 1 
5 3.47583 -1.44953 -0.553814 -0.669357 0.425195 4.06756 22 543 18132 17766 1 0 0 3 
-1.13098 5 -4.27128 -0.506745 -0.423408 0.0189409 4.07588 22 544 26400 26285 1 0 0 2 
1.59959 5 2.52528 -3.25866 -2.56052 0.888963 4.09774 22 546 16720 16719 1 0.358118 0.358118 19 
5 1.61874 3.12867 -0.805444 -0.748582 0.433392 4.08183 22 547 3579 3557 1 0 0 2 
2.54417 3.63178 -5 -0.655069 -0.804461 0.624133 4.04971 22 549 10960 10888 1 0.0804387 0.0804387 2 
5 -2.70296 2.35217 -0.294203 -0.0275239 0.201336 4.05419 22 550 8818 8817 1 0 0 2 
3.26452 5 -4.56261 -1.14605 -0.87481 1.40775 4.0144 22 551 15365 15363 1 0 0 2 
5 -1.63895 -4.34102 -1.38147 -0.966521 -0.432197 4.13275 22 554 3719 3684 1 0 0 1 
-4.59064 5 2.49389 -0.783754 -0.464032 0.111873 4.13204 22 555 6716 6715 1 0 0 1 
5 2.71644 1.32826 -0.0980897 0.0313838 0.194724 4.18837 22 557 24889 24888 1 0 0 1 
4.35502 5 -2.3993 -3.79299 -2.23712 0.204349 4.13463 22 559 2336 2334 1 2.50339 2.50339 30 
1.40123 5 2.27608 -0.764237 -0.894348 1.67057 4.01248 22 560 15571 15317 1 0 0 2 
-4.25951 2.2989 -5 -0.421152 -0.270581 0.617376 4.00025 22 561 28131 27861 1 0 0 1 
4.42592 4.50254 -5 -0.255839 -0.305496 0.319904 4.01481 22 562 8980 8979 1 0.321452 0.321452 4 
-3.45977 -1.90719 -5 -0.646418 -0.64294 1.15226 4.00873 22 565 38579 38467 1 0 0 1 
-1.62487 0.757737 5 0.049908 0.00780022 -0.193339 4.33168 22 567 21646 21645 1 0.199454 0.199454 25 
5 1.55004 -3.89958 -3.61882 -2.43851 -2.73758 4.23551 22 569 5502 5384 1 0 0 3 
5 0.808519 1.91314 -0.214165 -0.213034 -0.0942653 4.31019 22 571 32835 32802 1 0.315939 0.315939 36 
5 3.73649 -4.94196 -0.50692 -0.629204 0.489109 3.98847 22 572 29138 29070 1 0 0 1 
5 4.0706 1.70802 -0.274778 -0.216046 0.372748 4.02893 22 573 36558 36557 1 0 0 3 
-1.74626 5 -3.7499 -0.439673 -0.281626 0.668477 4.00165 22 574 8560 8477 1 0 0 1 
1.48065 5 2.33862 -0.395427 -0.374911 0.110661 4.03666 22 575 9391 9329 1 0.231991 0.231991 4 
-3.78222 0.288274 5 -0.395078 -0.255897 -0.373524 4.19227 22 576 62552 62490 1 0 0 1 
5 -4.83782 -1.07161 -0.221212 -0.256743 0.106404 4.16927 22 578 2502 2485 1 0 0 1 
5 4.17215 4.61937 -0.268654 -0.234826 0.390357 4.03998 22 579 25010 24985 1 0 0 1 
5 2.42857 3.25095 -2.8079 -2.37521 0.708496 4.11618 22 582 26738 26590 1 0 0 1 
5 -2.16472 3.81263 -0.715583 -0.635764 0.743311 4.04725 22 584 42149 42148 1 0 0 1 
5 2.63296 3.82838 -0.407681 -0.308021 -0.0062887 4.21524 22 586 13647 13646 1 0 0 4 
2.83457 -0.475594 -5 -0.0331531 -0.312292 0.2728 4.02454 22 587 51314 51287 1 0 0 1 
-0.557034 5 -1.70125 -0.639687 -0.229869 0.0936021 4.25933 22 588 31926 31925 1 0.685789 0.685789 27 
-1.7344 5 -4.65342 -1.1334 -1.16765 0.537768 4.0655 22 589 10457 10425 1 0 0 2 
-1.54594 -1.82495 -5 -0.253259 -0.243571 0.122656 4.09364 22 590 16169 15899 1 0 0 1 
-4.98229 -0.0946426 -5 -0.212149 -0.331652 0.631701 4.07403 22 591 33567 33473 1 0 0 2 
-0.739075 5 -0.196915 -0.00724256 -0.218253 0.381564 4.04098 22 596 46632 46628 1 0 0 1 
3.6314 -1.76474 -5 -0.879564 -0.795443 1.34062 4.00551 22 598 1156 1 1 0 0 1 
5 3.1967 -4.46088 -7.2461 -8.33725 12.0034 4.01244 22 599 54153 54139 1 0 0 1 
-4.45004 5 -2.68752 -0.385587 -0.295809 0.0173187 4.02545 22 600 19866 18652 1 0 0 2 
-3.68474 5 3.82932 0.0414849 -0.258353 -0.0470766 4.06933 22 601 13304 13148 1 0.265493 0.265493 27 
2.95845 -2.27477 -5 -0.248755 -0.274855 0.351704 3.99012 22 602 1686 1667 1 0 0 1 
1.89442 -2.62768 -5 -3.05964 -3.16541 1.87584 4.0779 22 603 25458 25432 1 0.510654 0.510654 27 
-4.12323 5 -1.81911 -1.21877 -0.744461 0.82432 4.1301 22 604 7692 7635 1 0 0 3 
0.458429 0.919421 -5 -0.039127 -0.377772 0.306673 4.07881 22 607 12140 11684 1 0.075492 0.075492 4 
2.06098 5 1.15537 -0.824817 -0.580138 -0.365547 4.20279 22 609 15696 15641 1 0 0 1 
-0.755676 4.46352 -5 -0.184747 -0.160349 0.342951 4.09345 22 610 27091 27058 1 0 0 1 
5 -1.30971 3.97335 -0.3016 -0.231741 -0.0360828 4.26365 22 611 24000 23998 1 0.165102 0.165102 3 
-2.70333 5 2.85276 -0.304211 -0.364971 0.0826851 4.16219 22 614 14504 14132 1 0.2113 0.2113 3 
4.70036 5 -1.38132 -0.164606 -0.472601 0.103313 4.18968 22 616 1023 1003 1 0 0 2 
-0.113055 -3.48345 -5 -0.350253 -0.388555 0.518511 4.02876 22 617 8124 8022 1 0.176666 0.176666 5 
3.74389 5 4.49936 -0.163686 -0.179147 0.0418132 4.1085 22 618 4086 4083 1 0 0 3 
3.10551 5 -0.776925 -0.375823 -0.317145 0.138909 4.07524 22 619 8369 8351 1 0.278182 0.278182 33 
5 -3.91775 3.71667 -0.488876 -0.0110364 -0.148318 4.15042 22 622 35851 35850 1 0 0 3 
4.38799 5 -4.79975 -1.02211 -0.693076 1.43493 4.00244 22 625 38526 38493 1 0 0 1 
-2.63018 5 2.14943 -0.478733 -0.138591 0.112816 4.12954 22 632 19722 19690 1 0 0 2 
4.79166 5 -1.24632 -0.396921 -0.284716 0.231317 4.10014 22 633 30842 30363 1 0.333019 0.333019 43 
5 -1.51173 2.40807 -1.55342 -1.44024 1.15397 4.0935 22 634 24083 23982 1 0 0 2 
5 1.03044 -0.562066 -0.375943 -0.213095 0.272723 4.09153 22 637 7611 7610 1 0 0 2 
2.26281 5 2.68713 0.134691 -0.054468 0.239271 4.1033 22 642 10264 10246 1 0 0 1 
2.0821 4.69028 -5 -3.7238 -3.78401 4.66394 4.0278 22 643 8402 8290 1 0 0 3 
-0.896732 1.72748 -5 -1.01236 -0.894574 0.922582 4.06212 22 645 9405 9348 1 0 0 1 
5 2.90199 4.17068 -0.0984543 -0.194897 0.018066 4.14378 22 647 21455 21403 1 0.218596 0.218596 33 
5 -1.70526 3.94857 -2.70845 -2.78081 -1.44556 4.23894 22 649 19344 19309 1 0 0 2 
5 2.74938 0.285438 -0.0929093 -0.0191806 0.242532 4.19842 22 650 51631 51629 1 0.260191 0.260191 14 
-4.11933 2.71642 -5 -3.53051 -3.38862 8.77552 3.98112 22 651 16999 16971 1 0 0 2 
4.45155 5 -3.54907 -0.167727 -0.0983683 0.0217773 4.06502 22 652 14324 14302 1 0.19512 0.19512 33 
3.31163 -1.99527 5 -3.08374 -4.34709 -1.57701 4.13689 22 655 1845 1824 1 0 0 2 
5 -2.40656 -2.0091 -0.381676 -0.339149 0.0205318 4.13356 22 656 18008 18007 1 0 0 1 
5 -2.24917 -2.11578 -0.430907 -0.533789 0.430002 4.03372 22 660 30783 30533 1 0 0 2 
3.6772 -0.994354 -5 -0.317605 -0.513456 0.299937 4.08372 22 661 11119 11118 1 0 0 2 
-2.25629 5 -2.09891 -0.356894 -0.292802 0.21912 4.05886 22 662 26900 26899 1 0 0 3 
-2.59203 5 -1.05267 0.130845 -0.076422 0.155951 4.10714 22 664 3137 3100 1 0 0 3 
-0.444516 5 -2.5708 -4.31654 -4.23454 6.58231 4.00428 22 667 43134 43075 1 0 0 1 
2.05719 4.49964 -5 -0.326106 -0.231352 0.237798 4.01737 22 668 17206 17105 1 0 0 1 
5 -2.61242 -4.87531 -0.342982 -0.335565 -0.175725 4.1853 22 669 2804 2801 1 0 0 2 
3.97885 5 2.30788 -0.0299231 -0.47785 0.178561 4.08368 22 670 5353 5352 1 0 0 2 
5 -2.02035 4.30925 -0.258287 0.245868 0.182968 4.08776 22 671 14310 14231 1 0 0 2 
1.66556 2.34755 -5 -0.744874 -0.492619 1.58317 3.98335 22 674 20290 20077 1 0 0 1 
3.89855 -4.08946 -5 -0.396121 -0.42078 0.616271 3.99691 22 675 35380 29375 1 0 0 1 
1.59535 -0.97873 -5 -0.372726 -0.325779 0.0939433 4.09219 22 678 16896 16895 1 0 0 2 
5 -0.782581 0.22971 -0.302596 -0.0484486 0.257273 4.14749 22 679 39772 39682 1 0.11245 0.11245 2 
5 -4.1844 -0.846095 -0.345724 -0.35434 0.00318942 4.12178 22 680 29683 29473 1 0 0 2 
1.77504 -3.80493 -5 -0.299018 0.00739518 0.340262 4.03792 22 681 16996 16843 1 0 0 2 
0.539662 3.46638 -5 -0.172067 0.0822857 0.382244 4.04428 22 686 6861 6860 1 0.0670229 0.0670229 3 
5 0.898451 3.66775 -1.06276 -0.878273 -0.129034 4.1814 22 688 22752 22751 1 0 0 1 
0.0155556 -2.54261 -5 -0.158209 -0.139033 0.270996 4.10327 22 696 14741 14740 1 0 0 2 
-2.72522 -1.41817 -5 -0.230418 -0.196785 0.242133 4.01455 22 697 19859 19753 1 0 0 3 
5 -2.07895 0.73097 -0.282591 -0.256981 0.280597 4.03644 22 699 13948 13916 1 0 0 2 
1.44819 5 2.9934 -0.283291 -0.355209 0.233864 4.10646 22 700 24532 24497 1 0 0 1 
-1.11147 5 -2.36786 -0.510094 -0.498945 0.604883 4.03739 22 702 4174 3835 1 0 0 1 
-0.856555 5 1.51486 -0.439723 -0.450674 -0.0975809 4.19775 22 703 2217 2190 1 0 0 2 
-1.10959 -2.09851 -5 -0.375058 -0.292834 0.186279 3.98696 22 704 9876 9875 1 0 0 1 
0.670736 5 -3.39053 -0.100908 -0.265967 -0.0615432 4.05218 22 705 15120 15027 1 0 0 1 
0.80393 2.68718 -5 -0.440782 -0.367367 0.821058 3.99191 22 707 1301 1177 1 0 0 2 
0.598841 5 3.79333 -0.922563 -0.915502 1.28344 4.05278 22 708 7836 7537 1 0 0 1 
5 2.32992 -1.07691 -0.34086 -0.375225 -0.0643472 4.17667 22 709 3881 3880 1 0 0 1 
5 1.64165 -2.81591 -1.2109 -0.997886 0.0564033 4.13548 22 710 27517 27433 1 0 0 2 
-4.68762 1.01975 -5 -0.107397 -0.193955 0.19213 4.24746 22 711 16712 16711 1 0 0 1 
-3.36638 0.757113 -5 -0.369588 -0.357379 0.210646 4.09833 22 712 37871 37870 1 0 0 1 
1.6829 5 -4.29735 -0.459162 -0.624215 0.63376 4.01443 22 713 6424 4566 1 0 0 2 
-1.8346 5 -3.07695 -0.770257 -0.749669 1.00578 4.07571 22 714 19282 19247 1 0 0 1 
5 -2.92033 -3.43905 -1.53482 -1.93073 1.48981 4.03607 22 715 4842 4622 1 0 0 2 
-4.36263 5 -2.93489 -0.854842 -0.588634 0.446711 4.07197 22 716 43307 43209 1 0 0 3 
5 -3.02766 -4.85264 -0.343776 -0.503253 0.941314 4.01257 22 717 5827 5595 1 0 0 1 
2.43798 5 3.40981 -0.651851 -0.0792301 0.194841 4.09253 22 718 17159 16979 1 0 0 2 
5 -2.03386 0.645567 -0.363195 -0.357897 0.0334496 4.12578 22 720 27136 27135 1 0 0 1 
0.0924635 -2.75284 -5 -0.372152 -0.316577 0.149672 4.11196 22 721 44650 44649 1 0.00215213 0.00215213 2 
-3.34123 5 -4.43572 -0.383715 -0.475707 0.153841 4.10445 22 722 6000 5982 1 0 0 1 
0.518778 -3.49982 -5 -0.288176 -0.330469 0.26242 4.082 22 725 1833 1832 1 0 0 1 
5 3.00121 4.80681 -0.888446 -1.11805 -0.184078 4.20239 22 727 41090 41035 1 0 0 1 
3.7582 1.92894 -5 -0.315712 -0.167458 0.221222 4.0645 22 728 15871 15574 1 0 0 1 
5 2.32062 1.20114 -4.41689 -7.06286 2.19152 4.11012 22 729 10018 9918 1 0 0 2 
-0.517044 5 4.82028 -0.446651 -0.235942 -0.0771646 4.11133 22 730 39118 39115 1 0 0 2 
-4.7735 5 2.00598 -0.60926 -0.484553 1.3285 4.00324 22 732 15030 15018 1 0 0 1 
5 4.05676 -4.92334 -2.3877 -1.77505 1.86687 4.03178 22 733 17594 17340 1 0 0 2 
-0.7593 3.74051 -5 -0.647341 -0.644539 0.53559 4.02327 22 734 38607 38475 1 0 0 1 
4.56673 5 -4.57535 -0.230253 -0.273336 0.510982 3.99514 22 735 35913 35373 1 0 0 1 
3.23272 -0.192429 -5 -0.0674103 -0.280464 0.201886 4.08937 22 736 41551 39725 1 0 0 1 
0.200102 5 4.37918 -0.533228 -0.426346 -0.151639 4.23371 22 738 3470 3469 1 0 0 2 
-0.00455515 0.662409 5 -0.175974 -0.154003 -0.353716 4.19428 22 741 16000 15827 1 0 0 1 
5 -1.81262 -3.79074 -0.812068 -0.675875 0.960403 4.00653 22 746 11434 11320 1 0 0 3 
-2.01285 1.22839 -5 -0.643242 -0.439837 0.0931464 4.10663 22 747 12761 12732 1 0 0 2 
-3.45354 5 3.49398 -2.688 -1.62686 0.374351 4.16919 22 749 32930 32916 1 0 0 1 
4.92673 5 0.586259 -7.679 -16.5977 5.12285 4.03313 -11 752 18330 18329 1 4.41594 4.41594 5 
0.176015 5 -3.3997 -0.817655 -0.781725 0.847446 4.02337 22 753 41889 41620 1 0 0 1 
1.06978 5 -3.86489 -2.54184 -2.30817 2.98761 4.03377 22 755 1407 1388 1 0.164962 0.164962 3 
5 0.193342 -0.290349 -1.32055 -2.00618 1.3608 4.05156 22 756 7874 7872 1 0 0 1 
5 2.56658 -1.47473 -0.249298 -0.130628 0.505076 4.01984 22 757 5454 5453 1 0 0 1 
-3.79608 -1.49142 -5 -0.652403 -0.948872 0.532417 4.06974 22 758 38918 38726 1 0 0 2 
5 1.50808 3.56006 -2.18812 -1.50006 0.917681 4.07843 22 759 12682 12565 1 0 0 1 
5 2.78647 -1.43861 -0.685747 -0.623762 1.94103 3.98136 22 760 1131 1 1 0 0 1 
3.78902 -1.9619 -5 -0.283376 -0.354142 0.235374 4.05151 22 761 11323 11288 1 0.0135721 0.0135721 2 
2.92447 5 2.90594 -0.290565 -0.403794 0.116801 4.10789 22 764 15164 15131 1 0 0 1 
3.36214 5 1.907 -0.291128 -0.49341 -0.231832 4.2245 22 765 39676 39650 1 0 0 2 
-1.92815 3.61373 -5 -0.145625 -0.296778 0.389662 4.31691 22 766 22165 22120 1 0 0 1 
5 1.70886 2.89942 -0.339734 -0.347299 0.15838 4.11357 22 767 4544 4541 1 0 0 3 
-0.306885 5 -2.92723 -0.462672 -0.502838 0.969224 3.99658 22 768 50161 50016 1 0 0 1 
4.90062 5 4.66731 -0.465658 -0.247793 -0.0646618 4.26843 22 769 4732 4731 1 0 0 1 
-3.75505 5 -1.01874 -1.09095 -0.686902 0.225062 4.07176 22 770 29318 29231 1 0 0 2 
1.84098 5 0.222976 -0.658956 -0.797371 0.0342603 4.14243 22 772 25806 25722 1 0 0 1 
3.29363 5 -4.36104 -0.133013 -0.295427 -0.0574965 4.09069 22 774 5301 5300 1 0 0 2 
0.751765 5 -2.25671 -0.987248 -0.570048 0.129657 4.17785 22 775 1448 1404 1 0 0 1 
1.39575 4.24962 -5 -0.423206 -0.0790047 0.292455 4.0619 22 777 53754 51786 1 0 0 1 
5 2.67191 4.38639 -1.0782 -1.14859 0.128874 4.1446 22 778 1900 1823 1 0.218758 0.218758 4 
5 -2.05742 3.35281 -1.14406 -1.43092 1.5391 4.03781 22 779 6130 6064 1 0 0 2 
4.53209 5 -2.87146 -0.241655 -0.436075 -0.112076 4.17734 22 780 21357 21332 1 0 0 1 
-4.63749 5 0.425543 -0.31213 -0.306189 0.162255 4.05913 22 781 17339 17158 1 0 0 1 
-3.70185 3.07116 -5 -3.74422 -0.307908 2.5214 4.00525 22 782 56386 56382 1 0 0 1 
-3.60166 5 -0.182426 -1.18086 -1.89724 0.688965 4.13829 22 783 53193 53129 1 0 0 1 
2.93812 -3.88964 -5 -0.0856068 -0.160965 0.362186 4.02289 22 784 41393 41366 1 0 0 1 
-1.21214 5 1.18305 -0.363597 -0.401105 0.419835 4.08071 22 785 11225 11138 1 0 0 2 
-2.7981 1.29507 -5 -0.554893 -0.572747 1.12509 4.00483 22 786 4516 4514 1 0 0 3 
-4.00057 5 4.82762 -0.295263 -0.362602 0.483907 4.03368 22 787 12956 12901 1 0 0 3 
0.975608 4.35287 -5 -0.0487736 -0.223888 0.398811 4.18541 22 788 8917 8894 1 0.0151146 0.0151146 3 
-4.91064 2.9392 -5 -0.638225 -0.4814 0.531534 4.05523 22 789 21710 17775 1 0 0 1 
-1.7963 1.3516 5 -1.74997 -1.8854 -0.363814 4.20556 22 791 34490 34455 1 0 0 2 
5 2.40896 -4.38228 -0.736076 -0.842019 0.451048 4.07196 22 793 5811 5810 1 0 0 2 
-0.702591 2.00473 5 -0.266533 -0.279089 -0.103452 4.23096 22 794 3312 2965 1 0.0295806 0.0295806 4 
0.00197758 0.817456 -5 -1.38712 -1.0185 2.30213 3.99366 22 796 22376 22331 1 0 0 1 
-0.811178 5 -0.805731 -0.226897 -0.353238 0.0444023 4.14104 22 798 28779 28749 1 0 0 3 
5 -4.41858 4.79847 -3.06736 -3.03281 4.73577 4.00239 22 799 38192 38094 1 2.95007 2.95007 39 
2.5742 -3.40802 5 -0.247233 -0.244905 -0.0594854 4.33045 22 802 2530 2478 1 0 0 4 
3.40731 5 -3.46579 -0.419417 -0.289925 -0.0339502 4.16179 22 803 18881 18880 1 0.0548689 0.0548689 2 
5 3.90162 4.77363 -0.542484 -0.574147 -0.269976 4.16487 22 804 38354 38242 1 0 0 1 
-4.33967 5 3.44004 -0.244396 -0.405095 0.193103 4.09237 22 806 4196 4195 1 0.0580117 0.0580117 2 
-2.41941 5 -0.217414 -0.118327 -0.189841 -0.0943628 4.10635 22 807 49758 49691 1 0 0 1 
-3.56502 5 4.34662 -0.149163 -0.488317 -0.0204144 4.10092 22 809 3941 3938 1 0 0 1 
4.34073 5 3.44513 -0.277924 -0.842292 0.564165 4.06101 22 810 6031 5922 1 0 0 1 
-0.845373 5 1.76968 -0.347844 -0.279167 0.425726 4.05865 22 811 15776 15775 1 0 0 1 
5 2.81785 -3.33532 -0.204657 -0.373796 -0.016546 4.20807 22 812 18893 18892 1 0 0 1 
4.79119 1.17731 -5 -0.244625 -0.299339 0.334177 4.07314 22 815 7773 7772 1 0 0 1 
2.93455 1.95257 -5 -1.2899 -1.19189 2.87171 4.00037 22 816 45763 45613 1 0 0 1 
5 -0.144077 -3.62859 -0.709975 -0.631002 1.23546 3.99904 22 818 36256 36127 1 0 0 1 
-0.972277 -0.413383 -5 -0.437801 -0.372395 0.124572 4.08862 22 819 46987 46881 1 0.359757 0.359757 21 
-0.118334 5 -0.172077 -0.548221 -0.694909 -0.3349 4.1632 22 824 10876 10798 1 0.0571409 0.0571409 3 
-2.9376 4.10348 -5 -0.287312 -0.283764 0.313129 4.03 22 825 46970 46969 1 0.510545 0.510545 26 
0.0683237 5 0.330499 -0.431285 -0.320261 -0.127811 4.09136 22 827 33838 33374 1 0 0 1 
5 -2.64107 2.6241 -1.35791 -2.31917 3.72423 4.01554 22 828 52037 52015 1 0 0 1 
0.131874 5 -2.02378 -0.395314 -0.408075 0.569173 4.02311 22 830 19236 19233 1 0 0 2 
-2.49871 5 -4.63405 -7.44191 -6.8362 2.59472 4.08521 22 833 20182 20176 1 0 0 1 
-4.92339 2.51857 5 -1.66446 -2.32242 -0.662934 4.24262 22 834 39990 39989 1 0 0 2 
-1.17129 5 4.79047 -3.68112 -4.94298 4.99364 4.04644 22 838 47659 47523 1 0 0 1 
1.13428 5 3.69821 -0.340404 -0.31822 0.38431 4.092 22 842 26739 26677 1 0 0 2 
5 -3.86896 -4.26298 -0.500707 0.0732261 -0.0710632 4.08343 22 844 25854 25853 1 0 0 1 
4.18792 5 -4.07377 -0.389447 -0.323343 0.0700005 4.12996 22 845 9067 9045 1 0 0 1 
5 0.426585 2.96255 -1.33126 -1.3639 0.942534 4.07958 22 846 17477 17291 1 0 0 2 
0.890962 4.04261 -5 -5.12314 -5.27598 12.8652 3.96378 22 847 22279 22250 1 0 0 1 
5 -0.797351 -2.88961 -0.502722 0.0374506 -0.104451 4.0858 22 849 10056 9989 1 0.107091 0.107091 3 
5 -1.29503 -0.0254253 -1.73109 -1.90665 -0.673638 4.13068 22 850 48165 48164 1 0 0 1 
1.02854 5 0.598359 -0.568349 -0.494652 0.731933 4.01354 22 852 7920 7677 1 0 0 1 
-2.55353 4.31946 -5 -0.449078 -0.355196 1.13469 3.9727 22 853 20502 20498 1 0 0 5 
-2.82933 3.9268 -5 -0.339188 -0.31133 0.597879 4.0246 22 854 30547 30501 1 0.75394 0.75394 42 
-4.32786 5 -0.192773 -0.118764 -0.259643 -0.187586 4.14768 22 860 6693 6692 1 0 0 1 
-0.0769791 5 -0.293866 -0.20592 -0.340106 0.00337021 4.1477 22 862 50857 50642 1 0 0 1 
4.05509 4.34003 5 1.47023 -0.313916 -1.93652 4.10852 22 863 26195 26194 1 0.687366 0.687366 4 
4.19289 5 1.73615 -0.295264 -0.374484 0.183578 4.0924 22 865 26432 26431 1 0.510221 0.510221 52 
3.66549 5 -0.865113 -0.48647 -0.138884 -0.174973 4.02169 22 867 37962 37933 1 0.00915936 0.00915936 3 
-2.33159 -4.28638 -5 -1.31328 -1.21128 2.62865 3.99121 22 868 23334 23203 1 0 0 1 
1.78199 -2.2921 -5 -0.260305 -0.279336 0.339607 4.05005 22 869 24563 24562 1 0.510573 0.510573 28 
4.37134 5 2.61613 -1.03341 -0.824546 1.11482 4.02869 22 871 13784 13067 1 0 0 1 
-1.17337 5 -1.66141 -0.388385 -0.230589 0.297835 4.05972 22 873 52806 52315 1 0.130871 0.130871 2 
5 0.203185 4.15335 -0.714145 -0.131552 1.01272 4.01418 22 874 8503 8502 1 0 0 1 
1.98202 5 1.59793 -0.385305 -0.316716 0.284554 4.03654 22 875 4821 4746 1 0.250579 0.250579 5 
4.44056 2.66922 5 -0.450072 -0.177855 -0.0470598 4.02878 22 879 28157 27669 1 0.646821 0.646821 16 
-2.48581 5 -1.0222 -0.435771 -0.244795 0.106295 4.13752 22 882 40855 40854 1 0 0 1 
-1.43421 5 1.51489 -4.02739 -2.84626 2.41984 4.10477 22 884 14940 14882 1 0 0 3 
-1.83358 2.45124 -5 -1.7691 -1.40513 4.01954 3.99136 22 886 34296 34295 1 0.116389 0.116389 31 
3.89295 -3.33372 -5 -0.668255 -0.283751 0.830168 3.99776 22 887 29393 28766 1 0.861538 0.861538 2 
-4.25455 -2.88495 -5 -0.566122 -0.231281 0.640412 4.16904 22 888 7942 7918 1 0 0 6 
5 1.18909 -4.01187 -0.23952 -0.312769 0.0186115 4.16235 22 889 29344 29342 1 0.121385 0.121385 2 
5 3.26152 -2.21379 -0.961622 -0.958186 -0.0688221 4.16816 22 890 36284 36257 1 0 0 2 
-1.96633 5 -2.90149 0.0949922 -0.290486 -0.225131 4.23399 22 891 13266 13163 1 0.0834113 0.0834113 2 
5 0.867486 -2.47436 -0.346089 -0.325654 -0.18786 4.21509 22 892 8538 8537 1 0 0 1 
-3.07055 -1.15401 -5 -0.177928 -0.0548059 0.215872 4.31877 22 893 32236 32235 1 0 0 1 
-0.972896 2.76155 5 -0.345735 -0.0328091 -0.158055 4.05112 22 895 21218 21217 1 0 0 1 
2.33293 5 3.73019 -2.99822 -1.54048 3.87656 4.03775 22 901 26464 26317 1 0 0 2 
2.34581 5 2.3035 -3.0886 -3.76666 7.02291 4.0053 22 902 36788 36700 1 2.58358 2.58358 7 
5 -0.439728 -4.95016 -0.216584 -0.183735 0.107806 4.11889 22 904 14537 14533 1 0.303544 0.303544 17 
4.43893 -2.28317 -5 0.0324211 0.115115 0.0718232 4.04377 22 905 6847 6117 1 0 0 2 
-3.70722 5 -2.07395 -0.805201 -0.509075 0.313986 4.07159 22 907 3654 3653 1 0.150856 0.150856 4 
5 -2.33693 -3.3611 -0.441136 -0.480272 0.442611 4.04364 22 909 6136 5965 1 0 0 2 
-4.51956 5 -3.52243 -0.27871 -0.349988 0.0969847 4.12509 22 910 7642 6674 1 0 0 2 
-4.98189 2.77416 -5 -0.754099 -0.689198 2.0305 3.97276 22 911 27845 27353 1 0 0 2 
5 -3.84233 1.17954 -0.356978 -0.360616 -0.0603567 4.18306 22 914 23587 23586 1 0 0 2 
-2.28011 5 -1.37747 -0.758854 -0.240426 0.158609 4.13904 22 915 33578 33523 1 0.13798 0.13798 3 
5 4.29086 -2.84867 -0.296479 0.0764964 -0.0444675 4.22657 22 917 48402 48360 1 0 0 1 
-4.93876 5 -3.65648 -0.204057 -0.247076 0.655295 4.08243 22 918 8329 8328 1 0 0 1 
5 -0.360354 -3.33366 -0.356707 -0.460149 0.155383 4.10665 22 919 24094 24018 1 0 0 1 
5 -3.25662 -1.06168 -0.170099 -0.192439 0.428187 3.99875 22 920 4274 4139 1 0 0 2 
-1.85329 5 3.9836 -0.443458 -0.619197 0.162823 4.12356 22 922 15512 15431 1 0.0262408 0.0262408 2 
5 4.86005 -1.37781 -0.148047 -0.232043 0.284684 4.02275 22 923 35298 16111 1 0 0 1 
-0.0708455 -2.28099 -5 -0.615518 -0.563781 1.12912 3.9904 22 924 28159 27682 1 0 0 1 
-3.06566 5 -4.32649 -0.300103 -0.0814835 -0.0735535 4.17685 22 925 10011 3137 1 0 0 1 
4.30515 5 0.756449 -0.344426 -0.872509 0.547284 4.07042 22 926 21403 21275 1 0 0 1 
5 2.42449 3.63833 -0.209426 -0.207182 -0.190165 4.03058 22 927 35864 35863 1 0.399038 0.399038 3 
2.43946 5 -4.96364 -0.287222 -0.517431 0.183341 3.99697 22 937 14579 14578 1 0 0 2 
3.79767 -2.30115 -5 -0.326871 -0.384811 0.302236 4.05154 22 938 44391 44312 1 0 0 1 
5 4.64 1.24366 -0.157084 -0.310273 0.409872 4.08857 22 939 3821 3820 1 0 0 1 
3.5667 5 4.49289 -0.0143149 -0.341783 -0.0164413 4.15056 22 940 16686 16683 1 0 0 2 
5 -3.62493 0.221131 -0.408063 -0.208999 -0.225663 4.22181 22 941 9511 9510 1 0.682907 0.682907 31 
5 -2.80333 -3.09488 -2.75401 -2.9229 0.518036 4.20908 22 942 13580 13549 1 0 0 1 
-0.955407 4.85125 5 -0.738776 -0.514717 -0.142091 4.19685 22 944 2763 2710 1 0 0 1 
4.1343 5 2.54236 -0.22196 -0.367758 0.456384 4.0399 22 945 29045 28951 1 0 0 1 
5 -1.25732 2.41821 -0.457955 -0.0893662 -0.208353 4.12533 22 947 9034 9001 1 0 0 2 
5 4.81926 -1.5104 -0.0773775 -0.204303 -0.115886 4.35303 22 951 3550 3549 1 0 0 2 
5 0.38304 -4.83144 -1.10132 -1.30619 0.548486 4.06116 22 952 15862 15787 1 0 0 3 
0.749078 5 4.29518 -0.344298 -0.280924 -0.0299869 4.16328 22 953 9693 9692 1 0 0 2 
5 -0.582325 -4.8547 -0.160457 -0.404944 0.103913 4.09515 22 954 3940 3901 1 0 0 1 
5 4.36408 -1.80132 -0.827049 -0.939605 -0.168579 4.17449 22 957 46104 46103 1 0 0 1 
4.2737 5 2.08044 -0.311027 -0.290734 -0.0844221 4.21351 22 958 35777 35725 1 0 0 1 
5 2.00634 -2.87346 -0.36769 -0.352753 0.0385892 4.13653 22 962 4984 4983 1 0 0 1 
5 -2.37818 0.951146 -0.310506 -0.351216 0.0894923 4.12554 22 963 45324 44178 1 0 0 1 
-1.99021 5 -3.40301 -0.531731 -0.422036 0.239253 4.06567 22 964 11338 10943 1 0 0 3 
5 2.64355 2.92452 -0.244338 -0.34002 0.685053 4.00499 22 965 29157 28815 1 0 0 2 
-4.63419 2.54414 -5 -0.196415 -0.22687 0.168004 4.07709 22 967 25189 25188 1 0.0721858 0.0721858 4 
4.75213 4.20277 -5 -0.707773 0.442309 0.534423 4.01243 11 968 3977 3955 1 0.604038 0.604038 2 
0.811959 -1.8243 -5 -0.899028 -1.36183 1.13335 4.07749 22 969 1676 1675 1 0 0 2 
3.15034 5 3.57929 -0.887105 -1.24078 0.673264 4.06855 22 970 5318 5125 1 0 0 5 
5 2.78411 0.670987 -6.32747 -5.09205 -0.199576 4.15482 22 971 36250 36249 1 0 0 1 
-3.82528 5 -0.277612 -0.376091 -0.222135 -0.2652 4.16764 22 972 12290 12287 1 6.34979 6.34979 19 
5 -2.49452 4.3227 -0.14276 -0.254326 0.604535 4.02317 22 973 39805 39781 1 0 0 1 
2.80697 5 3.07692 0.081918 -0.334858 0.157556 4.15541 22 974 20323 20322 1 0 0 2 
-4.83161 -4.68392 -5 -0.154767 -0.118439 0.242439 4.21455 22 977 1466 1441 1 0 0 5 
5 -2.69368 -0.926065 -0.540693 -0.122063 0.0607369 4.10446 22 978 8736 8712 1 0 0 1 
-1.27909 5 -0.972017 -0.668551 -0.435581 0.304241 4.15669 22 979 44536 44535 1 0 0 2 
5 2.81449 -2.11434 -0.380432 -0.23892 0.00597534 4.17043 22 980 25070 25069 1 0 0 1 
5 2.28554 0.583613 -0.112086 -0.301194 -0.14833 4.11778 22 981 26034 25884 1 0.166072 0.166072 4 
5 -2.2015 4.12502 -1.86676 -2.26799 2.76169 4.04749 22 982 9106 8917 1 0 0 2 
-1.7222 -4.9282 -5 -0.249069 -0.102389 0.241289 4.03137 22 984 32589 32586 1 0 0 2 
5 -1.49166 2.90007 -0.20835 -0.412219 0.218599 4.08295 22 985 7036 7035 1 0 0 2 
3.12097 1.0933 -5 -0.847105 -0.640207 1.1793 4.00568 22 987 1275 1 1 0.9541 0.9541 2 
5 0.0335062 -1.07078 -0.231439 -0.272868 0.364827 4.05093 22 988 43006 42976 1 0 0 1 
4.11747 5 -1.14312 -0.871316 -1.60046 -0.0406638 4.11426 22 990 10118 10083 1 0 0 2 
4.18096 5 -3.00925 -1.15041 -0.525145 0.22906 4.02228 22 991 8808 8700 1 0.510531 0.510531 28 
-3.35857 -1.44407 -5 -1.26852 -0.968576 2.45319 3.99125 22 992 31881 31880 1 1.90468 1.90468 7 
-2.26171 5 -4.0903 -0.497491 -0.451232 0.575949 4.02887 22 993 34866 34655 1 0 0 1 
5 4.95406 0.116124 -0.252925 -0.042738 0.279873 4.05818 22 994 38770 38761 1 0 0 2 
5 0.870272 3.65071 -0.440618 -0.626295 0.18118 4.10889 22 995 6763 6702 1 0 0 3 
-2.99785 5 -4.32807 -0.294935 -0.183478 0.0509393 4.08197 22 997 2032 1933 1 0.158714 0.158714 4 
1.53934 -4.06304 -5 -1.43792 -1.40497 1.29474 4.06289 22 999 6303 6238 1 0 0 2 
5 -1.31363 4.78745 -0.205199 -0.410896 0.127568 4.16222 22 1000 17738 17737 1 0 0 2 
