# Det0_6_16
#x y z Px Py Pz t PDGid EventID TrackID ParentID Weight Edep VisibleEdep Ntracks
0.146422 -1.74909 -5 -0.817408 0.145873 1.92278 3.88259 22 1 10085 10015 1 0 0 3 
5 -1.92939 1.64796 -0.645933 0.0451586 0.402643 3.95635 22 2 6252 6106 1 0.762306 0.762306 19 
4.63237 5 4.43454 -0.718124 -0.303524 1.06204 3.96965 22 4 33536 33490 1 0.203891 0.203891 3 
-2.01838 2.81135 -5 -1.1519 0.314554 0.201147 3.92682 22 5 3993 3811 1 0 0 5 
5 3.68603 -0.25851 -0.487876 -0.0183505 -0.150863 4.06542 22 7 18707 18704 1 0.188606 0.188606 3 
3.19952 5 4.59059 -0.0128578 -0.170882 0.0636994 4.09548 22 8 4903 4818 1 0 0 1 
4.24485 -5 4.51459 -1.992 0.698097 -0.477073 4.07256 22 9 20817 20760 1 0.291494 0.291494 5 
5 1.16668 -2.44369 -1.01917 -0.32118 0.658813 3.978 11 10 5408 5379 1 1.07258 1.07258 18 
5 -1.75085 1.00142 -0.226505 0.0877619 0.249607 3.96544 22 11 11933 11879 1 0 0 2 
5 0.155219 -2.86179 -1.29761 0.547306 0.979715 3.95841 22 12 32183 32182 1 0 0 1 
5 3.45226 2.25679 -0.248038 0.0969457 0.313045 3.96713 22 13 30908 30907 1 0 0 1 
3.59096 -2.23671 -5 -0.379217 -0.0915437 0.145111 4.14795 22 14 34323 34322 1 0.0613069 0.0613069 2 
5 -2.43114 2.48063 -0.51574 0.266262 0.113752 4.012 22 15 27814 27574 1 0 0 1 
2.02764 2.24293 -5 -1.21912 -0.0410253 2.18071 3.90116 22 16 1026 1 1 0 0 2 
5 -1.56443 4.05809 -0.422089 0.268955 -0.0431417 4.08555 22 17 1931 1930 1 0.0402143 0.0402143 3 
5 -2.14134 -2.43848 -0.491258 -0.0299182 -0.13744 4.07158 22 18 10119 10118 1 0 0 1 
4.85611 -4.14416 -5 -5.96 1.88038 12.1565 3.89422 22 19 1185 1 1 0 0 3 
0.0652619 -3.28033 -5 -0.898435 0.12969 0.433693 3.97413 22 21 6428 6410 1 0 0 2 
-0.477049 -4.63342 -5 -0.301256 -0.45504 0.0621157 3.91194 22 22 1723 1720 1 0 0 6 
5 4.90162 1.82954 -2.84078 1.19727 0.603389 3.98665 22 23 17362 17195 1 0 0 2 
-4.72683 -4.69609 -5 -0.457254 0.00845897 0.557337 3.91579 22 24 10430 10355 1 0 0 2 
0.120921 -0.522593 -5 -0.672544 0.119949 0.998052 3.89662 22 25 37887 36606 1 2.97976 2.97976 7 
5 -3.24763 -3.69888 -0.45 0.113683 -0.0498873 4.04168 22 26 5763 5762 1 0 0 2 
5 2.31555 -0.79781 -0.288257 -0.0325225 0.420678 3.94132 22 28 2255 2224 1 0.476533 0.476533 6 
5 -1.87044 3.80805 -0.387481 -0.313534 0.0196949 4.04633 22 29 11622 11595 1 0 0 4 
5 4.37674 0.744571 -0.423014 0.194167 0.313665 3.95108 22 30 12029 11740 1 0 0 2 
5 -2.24097 3.72642 -0.0966195 0.122667 -0.126204 4.17352 22 31 11879 11787 1 0.200302 0.200302 29 
1.59364 2.16431 -5 -1.75148 0.261586 1.2451 3.92952 22 32 35096 35070 1 0 0 1 
5 0.546364 4.84398 -0.487222 0.0709325 0.13676 4.01574 22 33 2749 2748 1 0.0325779 0.0325779 4 
5 -1.76764 -2.61044 -0.389532 -0.00808546 0.330635 3.95271 22 34 26925 26924 1 0.113609 0.113609 2 
5 3.55676 -2.57222 -0.438606 0.189665 0.0424046 3.99844 22 35 22072 21341 1 0 0 5 
3.81937 -5 2.71525 -0.0442299 0.110018 -0.183749 4.07152 22 36 18369 18368 1 0 0 4 
5 0.0982659 -0.0850501 -0.913335 0.694319 -0.27956 3.97174 22 37 16126 16085 1 0.740502 0.740502 28 
5 3.52678 -2.92055 -0.0785849 -0.173502 -0.138514 4.03021 22 38 7626 7588 1 0.0431723 0.0431723 4 
5 -2.55674 2.50651 -0.032472 0.00363984 0.00768294 3.9516 22 39 39994 39983 1 0.0333779 0.0333779 10 
5 -0.915255 1.89434 -0.442372 0.114656 0.339554 3.93819 22 40 6011 5882 1 0 0 1 
5 -1.82511 4.63509 -0.493768 0.0410611 0.125008 4.02625 22 41 6735 6710 1 0 0 1 
1.25993 5 2.82236 0.174777 -0.127644 0.133554 3.99988 22 42 16848 16731 1 0 0 1 
5 -2.95858 -2.77949 -0.352342 0.0328295 0.0574195 4.04042 22 43 12860 11497 1 0 0 2 
5 -4.15812 -3.56788 -0.360476 0.305443 -0.194632 4.11068 22 45 35615 35584 1 0 0 1 
5 4.97804 1.52768 -0.695504 0.375334 0.0972448 4.01286 22 47 8567 8541 1 1.29696 1.29696 34 
5 -3.68818 -4.97549 -3.53739 0.611736 -2.58034 4.20578 22 48 1699 1698 1 0 0 2 
-1.01867 -3.19675 -5 -0.384087 0.0755927 0.15483 3.94907 22 49 37013 36973 1 0 0 1 
3.40777 -5 1.39774 -0.0938353 0.140164 0.595864 3.9797 22 50 12461 12389 1 0 0 3 
-3.3724 -0.912632 -5 -0.44626 -0.00176634 0.248936 4.00156 22 51 5467 5428 1 0.301273 0.301273 32 
-0.94271 -5 -3.22257 -0.307796 0.0554667 0.40411 3.91143 22 52 28184 28183 1 0 0 1 
5 0.0458668 -2.31108 -3.03914 1.76981 1.96752 3.93898 22 54 2203 2153 1 2.20468 2.20468 6 
0.928712 -3.99314 -5 -0.542028 0.541148 0.724226 3.93177 22 55 15558 15529 1 0.0800349 0.0800349 2 
5 1.86837 4.60431 -0.298059 0.0781537 -0.0191693 4.01656 22 56 7893 7734 1 0 0 2 
-3.71896 5 2.6043 -0.22933 -0.172881 -0.170699 4.14349 22 57 3498 3463 1 0 0 4 
0.356276 -2.66979 5 -0.863116 0.0626354 -0.282642 4.13517 22 58 6908 6884 1 0 0 1 
5 4.9398 0.530383 -0.523352 0.463192 0.424729 3.97518 22 59 15640 15494 1 0 0 1 
5 2.46956 -4.19261 -0.245964 0.0495215 0.261039 3.89941 22 60 10859 10858 1 0 0 4 
4.71919 -5 -3.63787 -0.172536 0.0569964 0.366279 3.96974 22 61 37894 37865 1 0 0 1 
5 -0.247042 -3.64913 -2.48926 1.77838 -0.532489 4.03775 22 68 4339 4297 1 0 0 2 
4.00839 0.18794 -5 -0.32807 -0.342521 0.132674 3.99278 22 69 7337 7301 1 0 0 3 
0.905973 -5 0.248802 -1.47637 0.871298 -1.15801 4.12697 22 70 24546 24544 1 0 0 1 
5 -0.375049 0.117664 -1.18231 -0.15567 0.160563 4.01023 22 71 23686 23619 1 0 0 3 
5 -0.997418 1.30306 -0.899265 0.118953 1.24499 3.9223 22 72 12587 10436 1 0 0 3 
-3.57274 0.0193901 5 -0.991 0.331118 -0.892098 4.20753 22 73 7912 7911 1 0 0 1 
5 -3.34989 -2.83247 -2.23819 -0.0290744 2.90866 3.92152 22 74 4117 4054 1 0.00351137 0.00351137 9 
3.24893 -5 3.77199 -0.167952 0.168777 0.138997 4.04895 22 77 2566 2408 1 0.288815 0.288815 31 
1.2964 2.98416 5 -0.202727 0.000707305 -0.218978 4.07822 22 78 28559 28499 1 0.120165 0.120165 3 
5 2.16157 -2.1194 -0.838884 0.299682 -0.349696 4.08623 22 80 33534 33533 1 0 0 1 
0.987579 -5 1.31899 -0.320059 0.188217 -0.151204 4.12706 22 81 50922 50921 1 0.400529 0.400529 27 
5 -3.02502 -4.11646 -1.89571 0.702126 0.114519 3.98567 22 82 23465 23296 1 0 0 3 
0.41312 3.38141 -5 -0.185673 -0.0237643 0.303803 3.98288 22 83 34937 34911 1 0 0 1 
-0.993378 -0.0354014 -5 -0.45746 -0.0420034 0.0787366 4.01831 22 84 9769 9768 1 0.0799413 0.0799413 25 
0.754642 5 0.478398 -0.184741 -0.151058 0.0700194 4.06776 22 85 3849 3848 1 0 0 3 
4.3221 -1.981 -5 -0.477056 -0.0384423 2.42729 3.88127 22 86 28621 28562 1 0.662754 0.662754 3 
5 4.399 -0.0587144 -0.382679 -0.0808037 0.173381 3.92373 22 87 5396 5366 1 0.427581 0.427581 19 
-3.94418 -5 3.31661 -0.761442 0.246259 -0.131274 4.03763 22 88 2400 2399 1 0 0 1 
5 -2.35633 4.85006 -0.318224 0.291945 0.129117 4.08096 22 89 24174 24147 1 0 0 1 
5 0.680879 0.178111 -0.554389 0.355647 0.337727 3.98838 22 91 13883 13740 1 0 0 1 
3.97578 -1.13239 5 -0.182067 0.0360705 -0.445953 4.1858 22 92 7782 7781 1 0 0 4 
5 -4.56028 -3.8702 -0.421887 0.0778978 -0.277603 4.26544 22 93 9163 9162 1 0.510367 0.510367 43 
-3.05142 4.4678 -5 -0.443487 0.106738 0.230317 3.98719 22 94 19539 19536 1 0 0 1 
3.76676 -2.98099 5 0.0272591 -0.159684 -0.270819 4.11864 22 95 1814 1788 1 0 0 3 
2.5787 -2.38895 -5 -4.001 1.70818 3.48965 3.92656 22 96 15405 15192 1 4.57943 4.57943 33 
2.81395 -3.55182 5 -0.206272 -0.23161 -0.24116 4.1276 22 97 13046 13045 1 0 0 4 
-2.1844 -2.58556 -5 -0.240999 0.0331896 0.524293 3.91747 22 98 11420 11327 1 0 0 4 
-4.47436 -4.66693 -5 -0.189218 -0.247026 0.383181 4.01221 22 99 1391 1279 1 0.127954 0.127954 5 
5 -2.31143 -0.391906 -0.419405 0.0653067 0.191466 3.93674 22 100 16239 16073 1 0.353356 0.353356 18 
2.58534 0.574074 -5 -0.29791 0.0215534 0.414614 3.91454 22 101 7582 7579 1 0.579524 0.579524 48 
-2.74197 5 -3.33041 -0.143063 -0.252201 0.526051 3.98665 22 102 27966 27955 1 0 0 1 
5 -4.7339 -1.59776 -0.493057 0.097214 -0.283791 4.11177 22 103 6838 6834 1 0 0 1 
5 4.92842 1.99268 -0.226017 0.100381 -0.212246 4.12531 22 104 2247 2245 1 0.471751 0.471751 37 
5 0.161618 4.8983 -0.26075 -0.028593 -0.0752171 4.12283 22 105 6721 6720 1 0.272686 0.272686 13 
1.80548 1.31023 5 -0.361504 0.258197 -0.252526 4.12999 22 106 4936 4935 1 0.229164 0.229164 7 
5 3.25654 -3.70179 -0.439172 0.0439664 0.142495 3.95915 22 108 11666 11663 1 0.504759 0.504759 5 
0.728866 -4.17094 5 -0.0253205 -0.11931 -0.198195 3.98099 22 109 36791 36715 1 0 0 2 
0.803401 3.2176 5 -0.448571 0.265904 -0.182413 4.16716 22 110 19740 19620 1 0 0 2 
5 1.21351 2.9989 -0.50656 0.0110967 -0.0662826 4.09044 22 111 16234 16219 1 0 0 1 
-2.19022 3.91839 -5 -4.20754 1.04715 5.74542 3.89811 22 112 4838 4748 1 0.262198 0.262198 9 
5 2.63354 -0.320159 -0.297789 0.0602971 0.41086 3.9499 22 113 32419 32396 1 0 0 2 
-2.68516 -0.0906089 5 -0.477804 0.0297257 -0.178717 4.17688 22 114 28881 28880 1 0.30068 0.30068 2 
2.968 5 -3.41037 -0.230851 -0.161757 -0.0355177 3.96236 22 115 17485 17464 1 0.0911551 0.0911551 5 
2.83563 -4.88452 -5 -0.290522 -0.1354 0.189287 3.97016 22 116 8444 8406 1 0 0 2 
5 -0.404905 -1.39819 -0.419938 0.219918 0.310804 3.96379 22 117 10196 10066 1 0 0 2 
5 -3.20987 2.49528 -0.343423 0.0261402 -0.377488 4.13217 22 119 4385 4383 1 0.510529 0.510529 34 
-3.34801 4.97848 -5 -1.54488 0.559799 1.63082 3.93924 22 120 27240 27155 1 0 0 3 
-3.55402 4.6175 -5 -0.613304 0.255591 0.935214 3.90953 22 121 15085 14805 1 0.125641 0.125641 5 
5 1.13519 -3.43925 -0.83182 0.112834 -0.00031776 4.03371 22 123 7177 7088 1 0 0 1 
5 -3.01747 -1.7142 -0.943561 -0.208591 0.791983 3.93925 22 124 6070 5978 1 0 0 2 
4.40448 0.925065 -5 -14.7764 2.70947 11.9703 3.93581 22 126 1216 1 1 0.251645 0.251645 4 
-4.2558 0.631466 5 -0.968806 -0.075812 -0.600959 4.17651 22 127 3529 3428 1 0 0 3 
5 2.14608 1.55906 -0.555967 -0.00256248 0.0939496 3.98837 22 128 8347 8304 1 7.87324 7.87324 46 
0.468135 3.67744 -5 -0.212468 -0.178046 0.43947 3.94037 22 129 17436 17261 1 0 0 1 
3.49103 -5 4.15855 -0.114196 0.24882 -0.110502 3.98444 22 130 4137 4003 1 0.29479 0.29479 30 
4.55275 -2.69165 -5 -0.144424 -0.0528256 0.0858126 4.06153 22 132 18083 17849 1 0 0 2 
5 2.30501 4.07369 -0.343343 0.162283 0.341906 3.98484 22 133 13807 13805 1 0 0 2 
5 1.01474 3.71623 -1.21874 -0.416223 0.117643 4.03558 22 135 19429 19428 1 0 0 4 
5 -2.73146 2.24645 -0.932979 0.439521 -0.325998 4.04068 22 136 51284 51283 1 0 0 3 
5 -0.100413 1.2664 -0.483565 -0.0919833 0.424669 3.91721 22 137 1124 1 1 0 0 1 
1.48313 0.51496 5 -1.52401 0.271434 -1.31737 4.23024 22 138 8181 8074 1 0.00216323 0.00216323 4 
5 -3.01376 -4.40501 -0.575243 -0.0259698 0.0604346 3.98723 22 139 11879 11878 1 0 0 3 
5 1.23189 -0.190307 -0.44738 0.110009 0.221063 3.995 22 140 31908 31907 1 0 0 1 
5 -4.68663 -0.694391 -0.549586 0.0501858 0.162765 3.94413 22 141 16696 16611 1 0 0 1 
5 -4.72429 3.08658 -1.79686 -0.0301337 0.712188 3.98757 22 143 23228 23175 1 0.0494072 0.0494072 6 
5 3.41554 2.83916 -0.388728 0.0860805 0.685328 3.9196 22 145 7606 7174 1 0 0 1 
0.362515 2.24266 5 -0.206692 0.295435 -0.177814 4.21993 22 146 2138 2012 1 0 0 1 
5 2.14014 -1.59824 -0.876289 0.427663 0.603484 3.94415 22 147 20125 20107 1 0 0 1 
5 -0.12563 -1.92105 -0.492522 0.0831374 0.107844 3.99788 22 149 6978 6950 1 0 0 3 
2.20267 4.39727 -5 -0.486492 0.0863404 0.0906743 3.96767 22 151 13789 13488 1 0 0 1 
4.95221 -0.266228 -5 -1.43176 0.607744 2.24511 3.88695 22 153 50854 50256 1 0 0 2 
5 2.15082 0.707459 -0.425393 0.158862 -0.191373 4.08857 22 154 4768 4767 1 0.16101 0.16101 4 
5 3.89708 4.75869 -0.702326 0.134826 0.727851 3.94348 22 155 13084 12962 1 0.0950311 0.0950311 5 
5 -4.93353 -0.0309199 -0.511653 0.0206758 0.00224004 4.02662 22 156 40928 40911 1 0 0 2 
5 1.12659 2.7334 -0.524477 -0.00692164 0.287354 4.0838 22 157 2776 2715 1 0 0 3 
0.88725 -1.32387 5 0.218444 0.292861 -0.35726 4.02568 22 158 5256 5254 1 0 0 1 
5 -1.02812 0.0676784 -3.94366 1.66248 -0.797434 4.07549 22 159 16264 16235 1 0 0 5 
-0.5607 -5 -0.0743193 -0.139996 0.0634551 0.0625393 3.95459 22 160 20766 20761 1 0.165589 0.165589 21 
5 -0.149323 4.49444 -1.66416 0.698103 -0.43236 4.09247 22 163 2612 2565 1 0 0 4 
5 4.06724 2.39654 -0.494865 0.116209 -0.0521955 4.0663 22 164 7059 7058 1 0.244133 0.244133 9 
5 -2.2955 3.13699 -2.80849 0.348083 4.2729 3.92219 22 165 48245 48061 1 0 0 1 
5 -4.58356 -0.804488 -0.62245 0.173486 0.545755 3.99261 22 166 11931 11897 1 0 0 3 
5 4.08417 -3.38947 -0.47471 -0.0432891 0.184109 3.98289 22 168 32067 32034 1 0 0 2 
5 0.399481 -1.87874 -0.61681 0.797722 0.365826 3.92734 22 169 7320 7319 1 0.222394 0.222394 30 
5 -1.84151 4.07146 -0.636728 -0.0407838 -0.48318 4.15725 22 170 17184 17158 1 0 0 2 
5 3.1714 -2.01215 -0.389532 0.203419 0.0487009 4.01784 22 171 10150 9716 1 0 0 2 
0.746933 1.57729 -5 -0.360625 0.0360597 0.280539 3.91969 22 172 10944 9856 1 7.80637 7.80637 97 
5 1.00022 -0.416402 -0.451762 0.146818 0.18835 3.96948 22 173 4271 4270 1 0.840348 0.840348 48 
5 1.2263 -1.9234 -0.704776 0.418787 0.776153 3.92501 22 175 39403 39402 1 0 0 1 
5 -0.538488 1.04887 -0.553756 0.550848 0.912183 3.94344 22 176 34057 34056 1 0 0 2 
3.76194 -0.176019 -5 -0.821812 0.301889 1.06542 3.92098 22 177 1433 1287 1 0.617113 0.617113 5 
5 -2.58399 -1.44948 -0.698789 0.20366 -0.044282 4.0651 22 178 23339 23247 1 0.38192 0.38192 2 
5 0.213327 4.88561 -0.255982 -0.119135 0.302298 4.01664 22 179 21513 21512 1 0.130549 0.130549 27 
0.570174 -2.844 -5 -0.00991101 -0.353776 0.368598 3.9619 22 181 4407 4406 1 0.594631 0.594631 30 
5 3.85267 2.18424 -0.322869 0.111248 0.0499566 4.03828 22 182 41883 41813 1 0 0 2 
5 3.18823 -4.98661 -0.269948 -0.307727 -0.305863 4.0985 22 183 8159 8156 1 0.301257 0.301257 3 
5 4.29093 0.700524 -0.570794 0.114632 -0.250224 4.11085 22 184 53333 53211 1 0 0 2 
4.04367 -5 2.45601 -0.369982 0.72537 0.437428 4.11766 22 185 17524 17500 1 0 0 2 
5 4.37074 2.71036 -0.219923 0.185924 0.192052 3.97681 22 187 23084 23031 1 0 0 2 
5 -4.97528 1.97756 -0.789118 0.137316 -0.183372 4.0434 22 188 43863 43838 1 0 0 1 
5 1.83575 -4.2592 -1.08315 0.188924 -0.0940464 4.06444 22 190 1505 1504 1 0 0 2 
-0.540139 0.650066 -5 -0.412589 0.10639 0.460608 3.93212 22 191 3069 2750 1 0.11799 0.11799 24 
-2.08098 1.3212 5 -8.75292 -2.68176 -5.53474 4.08479 22 192 7897 7815 1 0.052784 0.052784 5 
5 3.39411 3.7034 -1.84499 0.752509 0.725344 4.00329 22 193 23474 23473 1 0 0 1 
3.1771 1.5421 -5 -3.28099 1.1477 3.67451 3.9228 22 194 5281 5068 1 0 0 3 
5 1.05688 -4.62679 -0.90078 0.101792 0.765533 3.91904 22 197 28206 28181 1 0.750702 0.750702 3 
5 -4.0116 0.315977 -0.903421 -0.0156137 0.429881 3.96058 22 198 10663 10611 1 0 0 1 
3.23076 -1.32246 5 -0.0380075 -0.193184 -0.0421351 4.14525 22 199 6634 6181 1 0.0241803 0.0241803 12 
3.43252 -0.476416 -5 -8.9747 1.64965 8.08141 3.93383 22 201 14543 14542 1 0 0 1 
3.15504 3.09023 -5 -0.866747 0.142125 0.821811 3.91763 22 202 9931 8427 1 0.284425 0.284425 3 
5 -2.82512 1.9112 -0.490302 0.143354 0.0131775 4.01083 22 203 1246 1245 1 0 0 3 
5 -3.78786 4.53222 -0.587321 0.247329 0.521733 3.97304 22 204 4555 3544 1 0 0 3 
1.33714 -5 1.97373 -0.307016 0.14984 0.0395105 4.16805 22 206 10494 10493 1 0.104232 0.104232 3 
-4.27924 1.60001 -5 -0.288512 0.0710342 0.385522 3.90893 22 207 1024 1018 1 0 0 3 
5 -1.18586 1.78211 -2.62569 0.799541 -1.40769 4.1452 22 210 13906 13842 1 0 0 1 
4.63233 1.49226 5 -0.459662 0.174206 -0.139583 4.16284 22 212 1826 1802 1 0 0 4 
5 1.90716 1.93709 -0.562017 0.207801 -0.227598 4.04429 22 213 4813 4812 1 0 0 1 
5 4.0797 -4.61727 -0.383989 0.3416 1.12713 3.92109 22 214 5559 5510 1 0 0 4 
5 -1.82342 1.00878 -0.349372 0.0678321 -0.225706 4.05886 22 215 5920 5771 1 0.0758534 0.0758534 2 
-2.86873 -0.710138 5 -0.22693 0.224217 -0.26539 4.23404 22 216 17413 17411 1 0 0 2 
5 -4.75869 4.27617 -1.90537 0.732903 0.973047 3.98887 22 217 3555 3494 1 1.1543 1.1543 2 
1.85845 2.01741 -5 -0.391328 0.0999019 0.688962 3.92813 22 218 15461 15385 1 0 0 1 
5 3.64441 -0.0690374 -15.0485 6.45197 14.3891 3.91947 22 219 31495 31443 1 2.92354 2.92354 44 
5 3.24479 -3.77533 -0.821008 0.304476 -0.103591 4.17016 22 220 10256 10254 1 0 0 3 
5 -0.208964 -0.487679 -0.496265 -0.276397 0.110569 3.99465 22 221 22131 21717 1 0 0 1 
5 -2.72356 -4.25437 -1.74241 0.00750875 0.145487 3.98405 22 222 9553 9532 1 0 0 2 
-2.44416 2.88954 -5 -0.49143 0.0435396 0.133118 4.04668 22 223 12476 12475 1 0 0 3 
0.97583 -5 -2.05687 -8.19127 0.985688 0.357675 3.99663 22 224 1429 1400 1 0.288335 0.288335 34 
0.107103 0.764585 -5 -3.1718 -0.312817 1.95895 3.9533 22 225 12584 12541 1 0 0 1 
5 4.17417 0.683075 -7.83809 -1.5171 7.22155 3.93232 22 226 9510 9509 1 0 0 3 
5 4.71892 -3.34877 -0.479578 -0.00786961 -0.176247 4.14842 22 228 15214 15213 1 0 0 1 
1.36107 1.69193 -5 -0.0917529 -0.0669035 0.0820038 4.11134 22 229 2767 2766 1 0.1398 0.1398 18 
0.891087 -2.28158 -5 -0.244968 0.162407 0.239341 3.88468 22 230 37365 36974 1 0 0 1 
0.814256 1.41645 -5 -13.6992 -39.225 37.0777 13.368 2112 231 38060 38057 1 0.0118795 0.0118795 2 
5 2.63888 -4.88322 -2.66884 0.898334 1.60598 3.92645 22 232 18855 18753 1 0 0 1 
-3.49563 -1.54766 -5 -2.40392 -0.243923 2.34981 3.94722 22 233 10382 10246 1 0 0 1 
-0.410046 -4.52065 5 -0.276841 -0.0674111 -0.231104 4.23849 22 234 30349 30347 1 0 0 2 
2.69462 -1.72657 -5 -0.117174 0.0557742 0.455744 3.91 22 235 8389 8387 1 0.209645 0.209645 2 
5 -2.57865 -2.53725 -0.45628 0.125053 -0.00964075 4.03418 22 236 27564 27562 1 0 0 1 
5 -2.17152 0.929274 -0.627189 0.307455 0.559634 3.94292 22 237 9105 9016 1 0.106095 0.106095 6 
5 3.75108 -2.26684 -0.390723 0.180987 -0.275135 4.16523 22 239 7324 7323 1 0.510645 0.510645 26 
5 -0.910296 4.79865 -0.720222 0.144583 0.315173 3.97702 22 240 4313 3905 1 2.35703 2.35703 30 
2.89569 -0.286675 -5 -0.608253 0.147381 0.149535 3.98054 22 243 12524 12473 1 0.339067 0.339067 3 
-0.988478 -5 -0.0727662 -0.440084 0.103626 0.68439 3.92906 22 244 19158 19144 1 0 0 2 
5 -1.06204 -2.12523 -1.80908 1.06088 -0.142989 3.9481 22 245 4496 4465 1 0 0 1 
-0.00496345 -1.4646 -5 -0.578944 0.0671884 0.435664 3.94951 22 246 9871 9820 1 0 0 2 
5 -0.813667 2.06425 -3.84712 0.717738 2.23382 3.95019 22 247 18644 18535 1 0 0 1 
-0.836329 -5 -4.96653 -0.0277657 0.0697804 0.0241604 4.05193 22 248 14432 14405 1 0.0787035 0.0787035 12 
5 3.641 2.42893 -0.95342 0.603993 0.619092 3.98106 22 250 27554 27398 1 0 0 2 
-1.20161 0.383825 -5 -0.720936 0.311855 0.856965 3.91738 22 252 4217 4048 1 0.905619 0.905619 6 
5 1.168 -3.91838 -1.14649 -0.166866 -0.562102 4.09203 22 254 5725 5702 1 0 0 2 
-3.53569 -5 1.31745 -0.0217836 0.183996 -0.0644357 4.13685 22 255 20642 20579 1 0.435194 0.435194 23 
5 4.95101 2.40116 -0.253401 0.175015 0.0543498 4.29103 22 257 5109 5107 1 0 0 5 
5 1.73935 0.37147 -0.477713 0.0878156 0.00523624 4.00174 22 258 4407 1 1 0 0 3 
5 -0.387692 -1.36808 -0.714907 -0.0230973 0.107508 3.95951 22 259 26695 26317 1 0 0 3 
0.822889 -5 4.6723 -1.24527 0.381583 0.140882 4.05932 22 260 17268 17267 1 0 0 2 
-4.97281 -0.71385 -5 -0.012911 0.0883799 0.350812 4.00732 22 261 21640 21539 1 0 0 5 
1.5328 3.61166 -5 -0.502357 -0.0745948 0.322137 3.93219 22 262 11790 11113 1 0 0 3 
5 0.0243221 -1.93164 -0.682194 -0.0496043 -0.290603 4.06337 22 263 39842 39831 1 0.0183821 0.0183821 2 
5 3.53001 -1.40858 -0.380479 -0.0288587 0.472551 3.96449 22 264 6733 6581 1 0.100021 0.100021 3 
5 3.31728 -1.25653 -1.65416 -0.183554 -0.59513 4.10412 22 265 17189 17163 1 0.261926 0.261926 28 
-4.77195 -2.0379 5 -0.535849 0.145291 -0.241708 4.23095 22 266 7895 7894 1 0.336598 0.336598 41 
5 -3.24759 3.65783 -1.19739 0.416038 0.776005 3.96643 22 267 3071 2992 1 0 0 2 
4.70812 -0.944099 5 -0.41511 0.0785387 -0.287464 4.19237 22 268 30432 30430 1 0 0 4 
-2.34553 5 -3.56328 -1.68261 -0.247468 -1.05974 4.33844 22 269 12906 12905 1 0 0 1 
5 -1.70262 -4.12615 -0.680401 0.411603 0.354353 3.93342 22 271 37792 37714 1 0 0 1 
5 1.29909 -1.70857 -0.307213 -0.219668 0.0774199 4.09808 22 272 1877 1874 1 0.0831341 0.0831341 3 
5 -0.270718 -1.33508 -0.459394 -0.120569 -0.18852 3.94192 22 273 5857 5856 1 0 0 4 
5 -3.94249 1.33402 -0.456796 0.0559042 -0.121469 3.97713 22 274 28799 28771 1 0.290798 0.290798 4 
2.32755 -3.23037 -5 -0.932944 0.226585 0.441472 3.9508 22 278 11311 8931 1 0 0 3 
-0.351313 -3.10531 -5 -0.429159 0.0977989 0.259573 4.0037 22 279 19050 19048 1 0 0 2 
2.25984 -3.96201 5 -0.407167 0.0841184 -0.297085 4.21662 22 280 22334 22333 1 0.194319 0.194319 7 
4.61299 -0.493196 5 -4.01393 17.5724 -15.0599 11.8373 2112 281 5939 5937 1 0.00543588 0.00543588 4 
-0.432383 0.672034 5 -0.0627629 0.118018 -0.238965 4.05442 22 282 12464 12380 1 0.27333 0.27333 29 
-0.609469 2.25912 -5 -0.560293 0.21307 0.304678 3.96367 22 284 26362 22052 1 0 0 1 
-1.159 2.88811 -5 -0.867426 0.261944 1.3914 3.90734 22 285 5168 5093 1 0 0 3 
5 -2.3487 -2.71441 -0.14822 0.174902 0.0592777 3.97778 22 286 12438 11977 1 0.813891 0.813891 37 
-0.528356 -0.25948 -5 -0.395843 0.104877 0.305662 3.97626 22 287 20567 20542 1 0 0 1 
5 -4.60029 -3.62649 -0.19567 0.0762828 0.0335031 3.94088 22 288 13781 13780 1 0 0 1 
-2.99467 -5 -1.37693 -0.155956 0.0217849 -0.196583 4.14644 22 289 1163 1 1 0.0571646 0.0571646 4 
1.09788 -0.927508 -5 -1.20201 0.34299 1.61272 3.90309 22 290 33048 32914 1 0 0 2 
0.362241 0.134727 5 -0.101117 -0.0447329 -0.208701 4.15057 22 291 38149 37882 1 0 0 2 
5 3.5296 -4.74709 -1.95351 0.774819 -0.275682 4.07607 22 292 3920 3893 1 0 0 4 
3.64541 0.432842 5 -0.237199 0.401339 -0.209246 3.94936 22 293 53917 53916 1 0 0 1 
5 -2.96747 3.19077 -0.4708 0.0161355 1.20665 3.90387 22 294 15508 15356 1 0 0 2 
5 -1.88813 4.31987 -0.402058 0.0204016 -0.0561786 4.13673 22 295 42791 42790 1 0 0 2 
5 -4.76929 -1.77692 -0.45119 0.000597749 -0.044611 4.0411 22 296 15185 15184 1 0.453108 0.453108 24 
5 1.06772 -2.66287 -0.139156 0.125327 -0.0759982 3.99343 22 297 8186 8161 1 0.437435 0.437435 43 
3.85208 -3.008 5 -0.36337 -0.101932 -0.623834 4.03976 22 298 18842 18841 1 0 0 1 
5 4.74144 -4.17621 -0.421471 0.0851308 -0.276107 4.19122 22 299 15256 15255 1 0 0 2 
0.605884 3.62563 -5 -0.714431 1.5198 2.15071 3.96415 22 300 2553 2448 1 0.560053 0.560053 4 
0.589007 0.510378 -5 -0.376267 0.0645641 0.339669 3.94817 22 301 2667 2666 1 0 0 3 
-2.05514 0.0172209 -5 -0.211421 -0.458296 0.350232 3.90313 22 302 5220 5123 1 0.257289 0.257289 3 
2.42697 -4.65337 -5 -0.356143 -0.435288 0.0568188 3.95101 11 303 12673 12642 1 0.0134573 0.0134573 3 
5 3.79138 0.628605 -1.0262 0.504661 0.924268 3.93828 22 304 4677 4627 1 0 0 2 
5 -3.32986 -4.55791 -0.355041 -0.0133609 0.137922 3.97249 22 306 10474 10473 1 0 0 3 
2.43145 -0.312082 -5 -3.33937 0.422096 5.0238 3.90775 22 307 15894 15661 1 0 0 3 
2.49416 -1.18368 -5 -0.695736 0.166339 0.209259 3.97387 22 310 32060 32042 1 0 0 1 
5 -4.01176 -0.467046 -0.493548 0.0162501 0.178697 3.97766 22 311 13262 13106 1 0 0 1 
5 1.02961 3.11375 -0.319036 0.0494458 -0.0597188 4.10139 22 312 28229 28162 1 0 0 3 
5 3.60849 -4.87841 -0.448108 0.271752 -0.0561962 3.88969 22 313 4605 4167 1 0.0781965 0.0781965 5 
4.06773 0.629106 -5 -5.05674 1.94768 6.22179 3.9188 22 314 1044 1 1 0 0 3 
-1.28169 4.65596 -5 -0.820639 0.149954 1.54804 3.8985 22 317 27001 26793 1 0 0 1 
5 4.32812 -3.23677 -1.83243 0.546766 0.821554 3.96191 22 318 30956 30825 1 3.69294 3.69294 35 
2.5701 -4.25725 -5 -0.395406 -0.0349012 0.670704 3.89644 22 320 19004 18958 1 0 0 3 
5 -4.3632 -1.34961 -1.09768 0.112939 -0.476572 4.227 22 322 3598 3597 1 0.123532 0.123532 4 
1.61313 -1.25059 -5 -0.0599776 0.0448237 0.501671 3.90296 22 323 5820 5264 1 0.506924 0.506924 21 
2.20506 -4.54854 -5 -1.21541 -0.107483 1.31133 3.91171 22 325 17294 17148 1 0.0192996 0.0192996 5 
3.98663 5 1.80365 -0.227876 -0.0919719 0.448033 3.91604 22 326 4847 4817 1 0 0 1 
-0.2278 1.53382 -5 0.160265 -0.169955 0.333958 3.90418 22 327 9453 7968 1 0 0 1 
5 -1.72478 -3.26186 -0.301286 0.0282325 -0.0258589 4.02952 22 329 23524 23522 1 0.303321 0.303321 25 
-3.74476 -3.79525 -5 -0.106312 -0.954013 1.0753 3.90597 11 330 16867 16843 1 0.618516 0.618516 5 
4.14478 1.09107 -5 -0.749489 0.240644 0.881513 3.9277 22 331 8228 8018 1 0 0 2 
5 4.26185 2.48551 -0.335347 -0.0123731 0.381857 3.97219 22 332 1399 1367 1 0 0 4 
5 4.7367 2.37894 -0.274393 0.167155 -0.0905824 4.02682 22 333 9222 9208 1 0.413749 0.413749 28 
5 1.6623 -2.33731 -2.31152 0.524786 0.626471 3.98197 22 334 43102 43101 1 0 0 4 
-0.441136 -0.427566 -5 -0.31378 -0.0262289 0.139161 4.28572 22 336 6998 6997 1 0 0 3 
5 1.19682 -4.69084 -3.65271 1.22528 0.84825 3.97712 22 337 5852 5754 1 0.0796429 0.0796429 4 
5 2.65908 2.79215 -0.417608 0.077955 -0.0560879 4.0356 22 338 9207 9206 1 0 0 4 
5 1.93653 2.96959 -2.05479 0.460894 -0.299386 4.0583 22 339 13690 13686 1 0 0 4 
5 -0.0958105 -0.942462 -2.62133 1.27847 3.69001 3.92853 22 340 18955 18950 1 0 0 1 
5 -4.70522 -2.1566 -0.421937 -0.0885442 0.0857062 3.92719 22 341 18372 18250 1 2.56394 2.56394 32 
-0.205959 -0.371936 -5 -1.59404 0.31338 2.50866 3.91092 22 344 18186 17668 1 0 0 1 
5 -3.43353 -1.70059 -0.478599 0.110936 -0.140555 4.08495 22 345 25170 25168 1 0.326957 0.326957 5 
5 2.02482 3.03518 -0.702197 0.24557 0.445622 3.97201 22 346 15813 15809 1 0 0 6 
5 0.435091 -4.69314 -1.70483 0.549297 0.710191 3.93951 22 347 2355 2311 1 0.264649 0.264649 25 
2.01217 -0.226783 -5 -0.108036 0.135207 0.283848 4.09369 22 348 12097 12096 1 0.332062 0.332062 27 
0.250549 -3.8869 -5 -0.10698 -0.22327 0.476734 3.94285 22 349 17874 17873 1 0.0497879 0.0497879 4 
5 -0.763036 -2.5704 -0.176074 0.210223 -0.0575626 4.06765 22 350 7243 7212 1 0.0614425 0.0614425 2 
4.06556 2.11246 -5 -0.960127 0.00856018 1.74921 3.89316 22 351 20588 20563 1 0.382963 0.382963 5 
5 -2.66714 -4.41189 -0.345448 -0.0464111 -0.196957 3.99173 22 352 28541 28361 1 0 0 1 
5 -2.5838 -3.7067 -1.68748 0.191308 1.56858 3.90036 22 353 29696 29463 1 0 0 1 
-4.45013 -5 -2.70357 -0.981279 0.103047 0.33226 3.98042 22 355 23139 22606 1 0 0 1 
5 -3.87848 -3.81053 -1.32242 0.350987 1.64118 3.90586 22 359 10990 10927 1 0 0 2 
5 4.93154 3.68251 -1.13758 0.884404 0.584558 3.94576 22 360 14517 14462 1 0 0 2 
5 3.22859 0.869478 -1.64016 0.0473621 0.0244477 4.04847 22 361 7215 7211 1 0 0 4 
5 -2.81286 2.38692 -0.997447 0.337729 1.08363 3.93554 22 363 19898 19822 1 0 0 1 
4.971 -4.90722 -5 -0.0618592 -0.11478 0.0761081 3.98859 22 364 31379 31230 1 0 0 1 
-1.04391 4.80473 -5 -1.02114 0.149814 0.87483 3.93021 22 365 23485 23362 1 0.874748 0.874748 6 
5 -3.22774 -3.51624 -0.406062 0.127642 -0.0547998 4.06235 22 367 27153 27152 1 0.0295956 0.0295956 16 
-0.691042 4.82898 -5 -0.232387 0.212799 0.206819 4.08608 22 369 34741 34740 1 0 0 1 
3.02291 -5 -4.47597 -0.171976 0.441062 0.279015 3.97158 22 371 2683 2624 1 0 0 2 
4.20977 1.895 -5 -2.28442 0.910635 1.33717 3.92654 22 372 24393 24314 1 0 0 4 
4.9605 -1.06339 5 -0.290313 0.043421 -0.287989 4.17564 22 373 2672 2670 1 0 0 7 
5 3.81731 -1.3081 -0.452458 0.185899 -0.147794 4.09695 22 374 33917 33894 1 0.19579 0.19579 26 
4.37703 -4.92237 -5 -0.785772 0.0509949 0.995983 3.91008 22 375 17574 17405 1 0 0 4 
3.42174 5 1.72117 0.100516 -0.233429 0.0263872 3.97563 22 376 46145 45945 1 0.255049 0.255049 31 
5 -4.3811 1.03993 -0.734084 0.375263 -0.330569 4.05632 22 377 1268 1267 1 0 0 1 
1.25109 -5 1.57227 -0.438933 0.201233 0.0222517 3.98651 22 378 1057 1 1 0.776098 0.776098 5 
5 -3.37465 -3.00373 -0.766898 0.168739 -0.162278 4.02947 22 379 15068 15067 1 0 0 2 
5 1.99518 -3.29564 -0.433786 0.194275 0.187635 4.00185 22 380 7487 7458 1 3.06906 3.06906 21 
5 0.180043 3.57587 -0.437348 0.248596 0.0897039 3.98917 22 381 21433 21432 1 0 0 4 
5 0.568154 3.13788 -0.328751 0.116096 -0.172377 4.05795 22 382 14932 14857 1 0.252588 0.252588 14 
5 -3.85108 -4.80179 -0.482113 0.0970853 0.138786 3.99288 22 383 24912 24892 1 0 0 2 
2.8767 -5 2.62957 -0.318636 0.082182 0.0655397 4.01298 22 384 3104 3027 1 0.144417 0.144417 3 
5 -1.65535 -1.17477 -0.459531 0.0613972 -0.216511 4.07645 22 385 15324 15228 1 0 0 4 
-2.5772 -5 0.525038 0.00995423 0.242647 -0.0351334 4.08343 22 386 53254 53223 1 0.103528 0.103528 2 
5 -2.7116 -1.079 -0.50089 -0.0992692 0.0193669 3.98437 22 387 15722 15693 1 0 0 4 
5 -1.3787 3.10489 -1.80284 -0.0555949 0.716113 3.96363 22 388 4983 4842 1 0 0 2 
5 -1.43334 0.945765 -0.450821 0.10604 0.255589 3.96264 22 389 19836 16724 1 0.598419 0.598419 7 
2.85328 -5 -2.18377 -0.429878 0.174742 0.0865476 4.02819 22 390 1797 1796 1 0 0 1 
5 2.50186 1.05856 -0.367911 -0.00751078 -0.291535 4.21312 22 391 20838 20837 1 0 0 1 
4.53644 5 -3.04461 -0.0782385 -0.190359 -0.0836435 4.09304 22 392 12176 12107 1 0.49978 0.49978 47 
5 -0.926512 4.1132 -0.500509 0.0768023 0.068643 4.03135 22 394 21080 21079 1 0.441282 0.441282 27 
2.68473 4.84473 -5 -0.196444 0.0471629 0.106161 3.94839 22 395 5148 5123 1 0 0 3 
5 -3.55386 -4.26197 -0.322193 0.0258768 -0.0464086 4.02515 22 396 12067 12066 1 0.0675901 0.0675901 3 
5 -3.79814 0.202859 -0.41434 0.0536732 0.294213 3.94609 22 397 34818 34817 1 0 0 1 
5 -0.135448 -1.09298 -0.21453 -0.103442 0.0152649 4.07552 22 398 15263 14340 1 0.238297 0.238297 27 
5 4.95068 -3.6424 -2.9882 1.55242 2.14701 3.95367 22 399 16808 16807 1 0 0 2 
5 3.26044 -0.0578325 -0.23145 0.231289 0.0867179 4.06488 22 400 7852 7851 1 0.126938 0.126938 5 
0.135598 5 -4.59062 -0.185441 -0.0341896 0.151799 3.95044 22 402 8905 8876 1 0.468223 0.468223 24 
4.17215 0.358102 -5 -0.657981 0.11628 0.350388 3.96016 22 403 7319 5823 1 0 0 1 
5 4.66689 -1.73141 -0.342444 0.344911 -0.151465 4.0702 22 404 7981 7877 1 0 0 2 
3.36286 -5 -1.79251 -0.0687267 0.159429 -0.22243 3.96857 22 405 4097 4023 1 0.0547696 0.0547696 4 
2.13026 -5 3.68022 -0.549279 0.114554 -0.254748 4.11509 22 406 10852 10809 1 0 0 1 
-3.37894 4.16556 -5 -11.335 2.69767 11.3633 3.93111 22 407 38723 38653 1 0 0 1 
5 -1.96472 0.610741 -0.0966392 -0.581403 1.45112 3.94702 11 408 2327 2309 1 1.1365 1.1365 3 
5 3.44858 1.39311 -0.338083 -0.0649988 0.437019 3.9115 22 409 2774 2668 1 0 0 3 
-0.0844165 3.56854 5 0.0533139 0.301274 -0.229723 4.19332 22 410 19072 19005 1 0 0 1 
5 0.196658 3.85749 -3.00848 0.970623 6.91167 3.91256 22 411 45399 45307 1 0 0 1 
-1.57323 -2.29318 -5 -1.23675 0.362883 1.10521 3.91654 22 412 46917 46822 1 0 0 2 
5 -4.79947 2.62765 -0.801728 0.0890675 0.459451 3.95718 22 413 1869 1843 1 0.426929 0.426929 4 
2.2522 -3.71258 -5 -0.49809 0.0791396 0.125697 3.99004 22 414 21534 21457 1 0.213513 0.213513 28 
5 1.72917 0.521219 -0.434501 0.428819 0.524965 4.00596 22 415 7813 7775 1 0 0 3 
0.170332 -4.09074 -5 -0.566417 0.137406 0.437064 3.95631 22 416 1252 1 1 0.283247 0.283247 2 
5 1.72573 -2.28702 -0.41012 0.220973 -0.209981 4.08921 22 418 18802 18769 1 0 0 6 
0.501699 0.299917 -5 -0.685761 0.0954888 0.853569 3.91594 22 419 20538 20033 1 0 0 1 
5 -4.8307 -4.88563 -0.142613 -0.0691578 0.214791 3.98847 22 420 3528 2637 1 0.237009 0.237009 13 
4.1076 -5 -0.335426 0.742314 1.60402 0.200313 3.99962 22 421 9432 9406 1 0.0977083 0.0977083 6 
5 3.49181 2.69194 -0.680705 0.0255462 0.0496739 3.998 22 422 29983 29954 1 0 0 1 
5 3.71358 -3.87575 -0.428981 0.09298 0.248541 4.01917 22 423 11432 11429 1 0 0 1 
5 0.263458 4.20945 -2.44642 0.666896 2.68002 3.94379 22 424 12069 11988 1 0 0 3 
-0.759645 -3.54068 5 -0.493968 0.115148 -0.0621017 4.09236 22 425 22104 22084 1 0 0 3 
-0.5487 1.32542 -5 -8.04195 1.82297 13.9379 3.90144 22 426 2702 2539 1 3.61543 3.61543 9 
-2.99352 -0.618623 5 -0.220576 -0.0393623 -0.2225 3.99731 22 427 32713 32588 1 0 0 1 
3.94892 -5 4.65863 -0.113099 0.226234 -0.200771 3.97989 22 428 21707 21552 1 0 0 1 
5 -1.81675 0.386 -0.257142 0.186717 0.0213639 4.12526 22 430 2460 2459 1 0 0 1 
5 -1.4296 -4.19902 -0.960735 0.128046 1.61714 3.89804 22 432 39351 38726 1 0 0 2 
5 4.19305 3.30234 -0.482636 0.0395356 -0.000558371 4.08038 22 433 15195 15193 1 0.483853 0.483853 27 
0.782755 0.963545 5 -0.151803 0.0513321 -0.0269873 4.06108 22 434 4820 4739 1 0.162274 0.162274 21 
5 2.5173 -1.6282 -0.394996 -0.00321768 -0.0519565 4.08497 22 435 7065 7064 1 0 0 4 
5 1.34114 -0.618727 -1.69488 1.89286 0.121539 4.00133 22 436 8304 8234 1 0 0 3 
5 2.87569 0.732371 -0.379772 0.031398 -0.340451 4.18076 22 437 5749 5748 1 0.510674 0.510674 25 
3.36629 -5 2.33294 -0.037081 0.247632 -0.0633832 4.10945 22 438 19847 19791 1 0.257721 0.257721 41 
5 -0.386441 -3.66182 -0.0647241 -0.0476945 0.307279 4.09244 22 439 1266 1265 1 0 0 3 
3.03985 5 -2.70267 -0.277492 -0.313678 -0.110952 4.02142 22 440 18173 18171 1 0.367887 0.367887 27 
0.561233 3.33773 -5 -0.428338 -0.0867175 0.0825288 4.02494 22 441 2246 2245 1 0 0 1 
5 -2.16782 -2.83633 -0.410231 0.171565 -0.197341 4.13713 22 442 11955 11922 1 0 0 2 
5 -2.41962 2.18961 -0.229516 -0.214261 -0.0374598 3.98066 22 443 22054 22035 1 0 0 2 
5 4.07068 -3.93648 -1.79882 2.1845 -0.691967 4.03036 22 444 26007 25965 1 0 0 3 
5 4.85111 -4.41388 -0.409815 0.245579 0.629304 3.90633 22 445 19841 19750 1 0 0 3 
5 2.49137 1.58146 -0.312016 0.237003 0.121456 4.0791 22 446 47588 47586 1 1.78868 1.78868 26 
5 -0.164496 -3.31565 -0.283992 -0.0105144 0.147992 3.94749 22 447 22869 22542 1 0.320077 0.320077 27 
1.52388 -5 -3.57147 -0.465359 0.180698 0.109128 4.00558 22 448 22435 22396 1 0 0 1 
5 -2.17801 -1.00107 -0.66139 0.0682482 0.163124 3.9255 22 449 19060 19036 1 0 0 4 
5 -2.12732 -0.235617 -0.946936 0.659204 -0.348696 4.14214 22 450 22451 22438 1 0 0 2 
5 4.85136 -0.497734 -0.46104 0.290109 -0.0936019 3.99191 22 451 13694 13671 1 0.230848 0.230848 4 
5 -0.63097 0.440645 -0.51401 -0.00881914 0.852991 3.91632 22 452 2446 2401 1 0.101457 0.101457 3 
4.78009 -5 4.67671 -1.44945 0.74795 1.50096 3.94926 22 453 4194 4061 1 0.643044 0.643044 4 
5 4.97664 -2.32909 -1.11214 0.647465 0.484087 3.94735 22 454 9049 8960 1 0 0 3 
5 3.20189 3.45767 -0.456563 0.124138 -0.0132138 4.05489 22 455 2558 2557 1 0 0 1 
4.04944 5 0.293162 -0.608786 -0.0976378 0.129197 4.00105 22 456 3867 3831 1 0.157239 0.157239 34 
-1.08403 4.03189 5 -0.425754 0.0999508 -0.264317 4.2711 22 457 14807 14806 1 0 0 2 
5 0.830432 -2.74664 -0.330608 -0.120593 -0.136961 4.21053 22 458 36083 36082 1 0.377328 0.377328 22 
5 3.96862 1.43347 -0.177888 0.313781 0.022307 3.93464 22 459 27423 27260 1 0 0 2 
0.356931 4.50301 -5 -0.532145 0.118209 0.475306 3.92007 22 461 23776 23762 1 0 0 2 
5 -0.687651 4.87444 -0.449982 0.149376 1.00913 3.91132 22 463 3260 3076 1 0 0 4 
-2.17021 -1.09487 5 -0.0383324 -0.111182 -0.114675 4.12043 22 464 1700 1645 1 0.164109 0.164109 15 
1.18627 -5 -0.912883 -0.0849396 1.1578 0.407993 4.06119 11 465 1645 1629 1 0.821404 0.821404 3 
3.36337 -1.67694 -5 -1.02658 -0.0333932 1.1799 3.90518 22 466 13408 13407 1 0.0422244 0.0422244 5 
5 -4.60994 -0.379128 -0.850919 0.191602 0.392904 3.93417 22 467 1861 1809 1 0.200517 0.200517 7 
5 2.03634 -3.99164 -0.315337 0.0443811 -0.0439631 4.0221 22 468 6844 6204 1 0 0 4 
1.3666 -1.75839 -5 -0.0776036 -0.203117 0.147146 4.02276 22 469 17213 17199 1 0 0 1 
5 0.450046 -1.24373 -0.415163 0.069182 0.534817 3.92715 22 470 20528 20378 1 0 0 2 
-4.66592 -5 0.966743 -1.80807 0.423755 -0.731605 4.10776 22 471 13562 13561 1 3.19168 3.19168 9 
5 4.28258 -1.50912 -0.321764 0.124844 0.0791812 3.98052 22 472 8422 8419 1 0 0 2 
5 -2.23363 0.280521 -0.272348 -0.0613358 -0.312346 4.1395 22 473 23924 23869 1 0 0 4 
-2.36296 -0.801509 -5 -0.341123 0.122979 0.231804 3.95566 22 474 4427 4372 1 0.591394 0.591394 33 
5 2.37519 -2.04905 -1.70638 -0.598697 0.62416 3.90831 22 475 4165 4086 1 0.0775785 0.0775785 13 
3.47847 4.15921 -5 -0.397931 0.253127 0.361207 3.93661 22 476 34973 34879 1 0 0 1 
5 1.93018 3.53879 -0.424562 0.0508107 -0.0216772 4.03564 22 477 3862 2727 1 0.00515932 0.00515932 5 
5 3.02946 0.555024 -4.97296 -0.823224 -0.0780748 3.9814 22 478 1208 1171 1 0 0 3 
5 -1.77356 4.67209 -0.510946 0.00619055 -0.00391604 4.01884 22 479 22893 22892 1 0.725083 0.725083 31 
3.99614 -5 -2.57474 -0.194806 0.108014 0.131467 4.12622 22 480 9859 9856 1 0.629609 0.629609 5 
0.107022 -5 -3.07931 -1.46019 0.334541 0.215134 3.98089 22 481 16980 16978 1 0 0 2 
-0.72483 -5 3.30976 0.0885699 0.187517 -0.105126 4.02782 22 482 3208 2694 1 0.0369356 0.0369356 2 
5 1.33798 -1.45195 -1.77688 0.264654 0.905263 4.00995 22 483 15295 15294 1 0.746185 0.746185 29 
-2.00476 2.72852 -5 -0.316274 0.210234 0.310817 3.92609 22 484 11594 11346 1 0 0 2 
5 0.801698 -4.73764 -1.41644 0.231502 -0.194849 4.03522 22 485 35377 35373 1 0 0 2 
-2.08647 3.73334 -5 -0.422608 0.0372814 0.231552 3.98 22 486 5829 5788 1 0.296934 0.296934 24 
-1.67704 0.153503 -5 -2.49072 0.589662 2.50536 3.92526 22 488 10214 10179 1 0 0 1 
5 0.865865 -0.908857 -0.474231 0.135553 -0.133606 4.10556 22 490 3013 3010 1 0.0876569 0.0876569 3 
4.47266 1.46371 -5 -0.654333 0.738509 0.231915 4.00724 22 492 38175 38139 1 0 0 1 
1.99825 3.37359 5 -0.391136 0.0964575 -0.31437 4.23142 22 493 36132 36130 1 0 0 1 
-3.63593 -1.93223 -5 -0.293407 0.0607417 0.133445 3.99758 22 494 13150 13149 1 0 0 1 
3.9416 3.489 -5 -0.211874 -0.0909028 0.29201 3.99881 22 495 27563 27560 1 0.371889 0.371889 9 
5 3.87801 -0.144529 -1.18365 0.471783 0.990395 3.96651 22 496 24048 23940 1 0 0 1 
5 0.894695 -4.47432 -1.94008 -0.282918 1.54157 3.92578 22 497 19984 19832 1 1.63675 1.63675 5 
-1.27183 -5 -2.77436 -2.04696 0.631335 0.741768 3.98534 22 498 37955 37950 1 0 0 1 
5 1.05812 -2.33239 -0.0674185 0.21445 -0.17369 4.22399 22 500 5059 5057 1 0.291026 0.291026 20 
5 -4.41224 4.09906 -0.418155 0.0735293 0.284358 3.99168 22 501 15051 15050 1 0.405717 0.405717 30 
5 1.47074 -0.507506 -0.389592 0.311936 -0.109698 4.01889 22 502 2633 2632 1 0.439221 0.439221 30 
5 -4.80204 3.46574 -0.34692 -0.185763 -0.170621 4.088 22 503 2765 2764 1 0 0 3 
5 -0.539993 -3.54336 -0.320565 0.0926674 0.106794 4.02749 22 504 18032 18031 1 0.350119 0.350119 16 
5 4.80655 4.86585 -1.97485 0.234092 0.191645 4.03508 22 505 5478 5477 1 0 0 2 
5 -0.517104 2.58532 -0.667585 -0.678874 0.715721 3.95855 22 506 14280 14233 1 0.122753 0.122753 4 
5 -2.2536 2.44716 -0.297095 -0.170128 0.122394 3.98319 22 508 40964 30821 1 0 0 2 
4.06475 -5 2.53572 -1.74827 1.43951 1.98227 4.99861 22 509 17202 17122 1 0 0 1 
5 -4.99026 3.03995 -0.259805 0.0376644 -0.072603 4.10604 22 510 5764 5724 1 0 0 1 
0.0121284 -0.871058 -5 -0.396021 0.0995126 0.157117 4.03302 22 511 31810 31809 1 0 0 1 
1.31816 -2.28628 -5 -0.236683 -0.0693838 0.20259 4.01682 22 512 39453 39452 1 0 0 2 
5 -3.48852 -3.04363 -0.125419 -0.0529768 -0.281213 4.02748 22 513 21226 21203 1 0 0 3 
5 -2.80592 -0.747066 -1.81564 0.388932 1.42785 3.95645 22 514 5282 5280 1 0.302653 0.302653 3 
5 -3.08665 -4.45647 -0.737698 0.126116 -0.116687 4.04593 22 515 24236 24235 1 0 0 2 
-3.25204 -4.36713 -5 -1.3267 -0.102471 2.07974 3.90731 22 516 28020 27998 1 0 0 1 
-0.976231 1.45337 -5 0.069674 -0.082443 0.175914 4.19475 22 517 16988 16957 1 0.206182 0.206182 15 
5 0.643314 2.77398 -0.019623 1.37992 0.955853 4.01805 11 519 9380 9350 1 0.483581 0.483581 1 
5 4.29158 0.566728 -0.273992 0.160253 0.373707 3.92179 22 520 1086 1 1 0 0 1 
4.31434 -5 -2.30726 -2.19389 1.48645 -0.497189 4.02439 22 521 1366 1277 1 0 0 3 
-2.64746 -0.492593 -5 -2.35385 0.520623 0.971164 3.9537 22 522 24647 24612 1 0 0 1 
5 0.722526 -3.62352 -0.156082 0.0255153 0.223206 3.91719 22 523 13426 13370 1 5.80695 5.80695 52 
3.78756 -1.68725 -5 -0.462261 -0.00529633 0.379823 3.92185 22 524 19112 18628 1 0 0 5 
5 -4.95347 2.86724 -0.41077 0.0666269 -0.136143 4.07758 22 525 30055 30035 1 0.00663537 0.00663537 2 
5 -4.85308 -2.4915 -7.30261 0.172046 13.5058 3.89987 22 526 41886 41572 1 0 0 1 
5 3.15696 -1.60709 -0.398335 -0.0664482 -0.0756776 4.01244 22 527 14103 13885 1 0.209491 0.209491 17 
-4.11527 2.28164 -5 -0.665445 0.135786 0.552642 3.95427 22 529 12460 1 1 0 0 3 
5 -4.4318 3.59082 -0.468027 -0.0141451 0.190149 3.9871 22 530 2068 2067 1 0.328949 0.328949 28 
2.17124 4.31528 -5 -1.40151 0.338539 3.05184 3.88859 22 531 40061 39890 1 0 0 2 
-3.45831 5 -4.13799 -0.674654 -0.21831 0.748125 3.9294 22 533 9735 9532 1 0 0 2 
2.47156 2.40705 -5 -0.38334 0.00160332 0.456402 3.92164 22 534 2591 1798 1 0 0 1 
5 1.52803 -4.65986 -0.297202 0.151293 0.331587 3.91293 22 536 32295 32207 1 0.252513 0.252513 24 
0.911554 -5 -0.697364 -0.118355 0.208705 0.51845 3.90609 22 537 1235 1174 1 0 0 5 
5 2.91169 4.57677 -0.484332 0.162894 0.00282242 4.04335 22 538 18192 18165 1 0.459646 0.459646 25 
5 1.88434 4.99675 -0.533215 0.196183 0.322973 3.94395 22 539 18646 18223 1 0 0 1 
-1.03703 4.69271 5 -0.030869 0.13786 -0.13304 4.00963 22 540 14124 13965 1 0.33908 0.33908 24 
5 -0.425396 -2.4203 -1.64202 0.266886 -0.209505 4.0322 22 541 5455 5433 1 0 0 3 
5 -2.51656 1.44458 -0.326504 0.0557528 -0.38911 4.04685 22 542 1224 1204 1 0 0 5 
5 -2.01366 -0.249134 -3.55315 0.613166 -0.182106 4.01138 22 543 17796 17766 1 0.658006 0.658006 29 
-4.99916 -0.0208517 -5 -0.185847 0.322728 0.449199 4.03051 22 545 12752 12747 1 0 0 3 
5 0.791715 -2.1513 -0.666671 0.146122 -0.570602 4.08392 22 546 7329 7328 1 0 0 3 
5 -0.114623 -4.6232 -0.479867 0.175121 -0.01342 4.03399 22 547 3494 3493 1 0 0 6 
5 -3.87502 -4.60435 -0.489163 0.128807 0.0724442 4.00236 22 548 1905 1903 1 0.919254 0.919254 47 
5 1.98504 -2.46184 -2.25275 0.171953 -1.9618 4.18437 22 549 6410 6409 1 0 0 2 
5 -2.41065 -0.472177 -0.483363 0.164966 -0.0163293 4.00879 22 550 7211 7186 1 0.0958601 0.0958601 8 
-0.185513 -5 -1.18003 -0.169286 0.160521 -0.113376 4.0712 22 551 34785 34651 1 0.258903 0.258903 30 
2.86437 -3.41147 -5 -2.91697 0.453955 4.86686 3.89889 22 552 17094 17010 1 0 0 3 
3.16409 5 -0.26686 0.0526899 -0.12523 -0.116723 4.01637 22 554 4667 4666 1 0 0 2 
5 -1.29823 0.620724 -0.148688 0.00458288 0.0877856 4.12432 22 555 16342 16315 1 0.412959 0.412959 5 
5 3.65402 -0.326161 -0.685752 -0.0355821 -0.805977 4.22505 22 556 1320 1319 1 0.12855 0.12855 5 
0.749365 2.86419 -5 -0.808151 0.377593 0.886365 3.91341 22 557 6241 1 1 0 0 1 
0.799594 5 3.82509 -1.9975 -1.05935 -0.379931 3.98861 22 558 24503 24365 1 0 0 1 
1.16154 -5 -2.65946 -0.0524225 0.217714 -0.15542 3.9795 22 559 11213 11209 1 0.24406 0.24406 26 
5 -0.608714 2.18398 -0.555152 0.387994 0.397935 3.95249 22 560 53143 52692 1 0 0 1 
-2.08216 -0.904588 5 -0.382299 -0.115523 -0.0310934 4.28473 22 562 13240 13238 1 0 0 3 
5 -1.50649 1.92451 -2.18728 0.369572 2.9897 3.91438 22 563 3971 3653 1 0 0 1 
5 1.65514 2.29558 -0.743948 0.224846 0.647391 3.94198 22 565 19275 19052 1 0 0 3 
2.41018 3.85034 -5 -0.288135 0.0613653 0.417531 3.91457 22 566 11986 11985 1 0 0 5 
-1.69943 -3.14921 -5 -0.575423 -0.106661 0.385932 3.95704 22 567 33152 32535 1 0.269403 0.269403 2 
5 -2.69901 4.22851 -0.538754 0.181661 0.0187811 4.03949 22 568 11048 11012 1 0.448397 0.448397 4 
0.673687 -5 -2.04773 -0.0364388 0.499773 -0.100094 4.01144 22 570 40307 40306 1 0.188962 0.188962 2 
-4.20929 5 -2.24332 -0.697472 -0.739488 2.26659 3.91457 22 572 8097 7632 1 0 0 3 
5 0.898223 3.28318 -0.401876 0.131102 -0.287103 4.16996 22 573 24337 24336 1 0 0 3 
2.42866 -2.05566 -5 -0.268906 0.0905402 0.416216 3.90621 22 575 11867 11864 1 1.59926 1.59926 27 
1.70788 1.17118 -5 -0.926869 -0.0449523 0.864796 3.92901 22 576 30205 30031 1 0.16307 0.16307 4 
4.2194 3.45984 -5 -0.73071 0.101538 0.57621 3.91717 22 578 22476 22167 1 0 0 1 
-0.790333 1.95178 5 -0.0815211 0.0425959 -0.344307 4.22548 22 579 27774 27773 1 0 0 3 
5 -3.45258 -4.46075 -0.407855 0.175339 -0.118098 4.20242 22 580 36330 36329 1 0 0 1 
-0.699732 -5 4.19221 -0.421263 0.560035 0.272163 3.96896 22 581 58504 58356 1 0 0 1 
5 0.816402 2.27559 -0.448996 0.1295 0.226134 4.00312 22 582 23309 23290 1 0 0 1 
5 1.62421 -1.67195 -1.09048 0.297674 0.498221 3.95271 22 584 12881 12829 1 0.18106 0.18106 26 
5 1.13386 2.35469 -0.26242 0.0119479 0.345633 3.92246 22 585 10247 10202 1 0 0 2 
5 0.0545274 -1.29114 -0.3795 -0.103897 -0.107441 3.94013 22 586 32510 32308 1 0.00105097 0.00105097 4 
5 -4.50402 1.49132 -0.789602 0.239872 0.379621 3.97441 22 587 27138 27122 1 0.0226311 0.0226311 5 
5 1.69334 -4.55715 -1.17892 0.677545 1.39158 3.91348 22 588 16050 15975 1 0 0 1 
5 1.73243 2.6624 -1.36716 0.450154 -0.0650351 4.04402 22 589 12315 12262 1 1.02992 1.02992 8 
4.58284 -5 -4.91095 0.0398816 0.246947 -0.0874661 3.96673 22 590 21159 21103 1 0.219852 0.219852 19 
-2.07465 -5 4.29031 -0.70497 0.12478 0.239086 4.01789 22 591 42433 42432 1 0 0 1 
3.72924 -1.21442 5 -0.184778 0.163595 -0.447453 3.98593 22 592 17895 17875 1 0 0 2 
5 4.7112 -0.0325905 -0.811482 0.641759 0.33431 3.97022 22 593 7580 7492 1 0.749389 0.749389 27 
5 4.95866 2.65007 -0.359899 -0.00985033 0.160234 4.02109 22 594 11853 11831 1 0 0 1 
5 4.44545 0.0345297 -0.427562 0.253592 0.11833 4.05407 22 595 24795 24794 1 0.0245845 0.0245845 2 
-3.00627 2.71077 5 -0.453774 0.146712 -0.139936 5.37069 22 596 41290 41202 1 0 0 2 
3.28738 2.00406 -5 -0.338539 0.132773 0.359002 3.92169 22 597 11028 11005 1 3.68401 3.68401 34 
-1.50404 5 -0.672043 -0.401727 -0.327089 -0.285461 4.27285 22 598 5538 5534 1 0.637892 0.637892 22 
-0.599448 3.0498 5 -0.0182554 0.20941 -0.167189 4.16706 22 599 8404 8377 1 0.349921 0.349921 21 
5 -3.72014 1.1539 -0.327287 -0.0636621 0.307559 3.99449 22 600 18842 18652 1 0 0 1 
-4.23202 -2.04042 -5 -1.04513 0.021123 0.769035 3.93691 22 601 5712 5608 1 0 0 4 
5 1.58127 -3.03659 -0.702459 0.162525 -0.637621 4.09225 22 602 27027 27025 1 0.969455 0.969455 13 
3.62496 -2.18012 5 0.034355 -0.200609 -0.142149 4.08321 22 603 1174 1173 1 0.0231488 0.0231488 5 
-4.01134 4.20649 -5 -0.3442 0.116407 0.479471 3.91039 22 604 8149 7501 1 0.600425 0.600425 39 
3.85024 0.287465 -5 -0.301808 0.102506 0.179579 3.90717 22 605 10740 9610 1 0 0 3 
5 1.43579 -4.80554 -0.494162 0.109679 0.540837 3.91076 22 606 39474 39222 1 0 0 1 
-3.63823 -0.530242 5 -0.400874 0.220031 -0.169473 4.25631 22 607 12519 12516 1 0.0783099 0.0783099 4 
5 -0.745161 3.57918 -0.657683 0.138258 0.777802 3.94183 22 608 2146 2077 1 0 0 1 
5 -2.79858 0.27417 -1.80777 -0.222904 -0.021071 3.98724 22 609 3931 3911 1 0.273778 0.273778 36 
1.49942 0.342165 -5 -0.111677 0.140855 0.393255 3.94328 22 610 13656 13480 1 0.0335123 0.0335123 11 
-2.99834 -5 2.29167 -0.13747 0.27604 -0.0887683 4.02141 22 612 11991 11784 1 0 0 3 
-1.38313 3.16173 -5 -0.20453 0.023304 0.26523 3.91278 22 613 10335 10221 1 0 0 2 
4.80343 2.85027 -5 0.116766 -0.375777 0.326002 4.03743 22 614 3061 3060 1 0 0 5 
5 -2.36356 -0.875124 -0.35409 0.0504923 -0.1825 4.21379 22 615 15592 15591 1 0.0917807 0.0917807 4 
5 4.91837 -1.8137 -4.12104 -0.643835 2.03628 3.95256 11 616 6870 6748 1 4.18027 4.18027 4 
5 0.992535 2.77875 -0.483647 0.159995 -0.0400852 4.04813 22 617 34855 34854 1 0.339577 0.339577 4 
4.489 -5 -0.863644 -0.704883 0.570963 -0.0701719 4.00036 22 618 25715 25683 1 0 0 3 
1.14161 -4.20857 -5 -0.497027 0.161304 0.159622 3.9743 22 619 2802 2561 1 0.166407 0.166407 12 
5 -1.0377 3.19667 -0.10668 0.492585 0.0842568 3.95294 22 621 1266 1264 1 0 0 5 
-1.7316 -3.47115 -5 -0.289396 0.109815 0.156914 3.96257 22 623 35504 35444 1 0.346853 0.346853 11 
5 -2.51323 -0.890378 -0.140169 0.324755 -0.0430902 4.11114 22 625 17866 17863 1 0 0 2 
0.370524 -3.36733 -5 -5.66746 0.320484 6.00217 3.90181 22 626 25955 25787 1 0 0 3 
5 4.30403 0.457573 -0.680154 0.137073 -0.180204 4.08719 22 627 5908 5907 1 1.71844 1.71844 23 
5 -3.19502 3.93935 -0.788227 -0.192446 0.323298 3.94779 22 628 21753 21674 1 0.648158 0.648158 4 
5 -0.466267 1.35628 -0.274466 0.794558 0.161487 3.98542 11 629 13861 13859 1 0.733558 0.733558 19 
5 -3.44034 1.41509 -0.407942 0.0527378 0.303187 3.97132 22 631 17732 17707 1 0 0 1 
-4.29612 -2.01151 -5 -1.98663 0.512223 4.56768 3.88765 22 632 13864 13794 1 0 0 2 
5 2.15967 -1.74504 -0.339614 0.076603 0.187242 4.06576 22 633 11731 11729 1 0 0 1 
5 -0.729475 -4.30774 -0.414836 0.133799 -0.0140319 3.96508 22 634 21236 21235 1 0 0 2 
5 0.600567 1.44528 -0.104974 0.341122 0.252967 3.95893 22 636 1242 1 1 0 0 1 
-1.76522 5 -4.32256 -0.0599841 -0.269705 0.406612 3.94479 22 637 5073 2372 1 0.15226 0.15226 4 
2.30118 4.59013 -5 -0.287729 0.268212 0.326181 3.93705 22 638 3711 3710 1 0 0 2 
2.40182 0.74716 5 -0.431559 0.237943 -0.135129 4.08468 22 639 2358 2357 1 0.0401353 0.0401353 7 
1.07591 -5 0.599974 -0.444234 0.0665752 -0.243606 4.1017 22 640 7973 7929 1 0 0 2 
-0.601136 0.822727 -5 -0.378292 0.0145911 0.292215 3.91592 22 641 2380 2366 1 0 0 4 
5 0.567027 -1.96186 -0.660759 0.179088 0.0876593 3.95272 22 643 8979 8290 1 0 0 3 
5 2.94869 -0.819734 -0.490602 -0.0564658 0.117477 4.00672 22 644 30460 30458 1 0 0 1 
5 -4.52275 3.15809 -0.523573 0.118924 0.531684 3.95301 22 646 31386 29565 1 0 0 1 
3.18133 -3.0995 -5 -0.525341 0.138776 0.538373 3.92223 22 647 28087 28004 1 1.56642 1.56642 53 
2.04381 3.79065 -5 -1.12032 0.450854 2.57468 3.89302 22 648 29870 29629 1 1.59219 1.59219 3 
-3.79529 -4.84737 5 -2.57612 -1.2751 -0.987425 4.12809 22 650 11356 11335 1 0 0 2 
2.5687 5 2.77193 -1.21851 -0.661157 1.13756 3.94198 22 651 17301 17227 1 0 0 3 
5 -3.63321 -4.31856 -10.2569 4.60874 2.22704 3.91423 -11 652 38099 38098 1 3.89007 3.89007 6 
0.733333 -5 2.90257 -0.454766 0.200476 -0.118813 4.21307 22 653 20392 20391 1 9.17851 9.17851 84 
2.62651 3.35153 -5 -1.0935 -2.66263 8.0476 3.91076 11 654 16727 16364 1 2.76636 2.76636 39 
5 1.54741 1.9142 -6.8668 1.46657 9.27155 3.92922 22 655 9823 9822 1 0 0 1 
5 -1.21665 3.2907 -0.442192 0.162043 0.198314 3.9652 22 656 6369 6368 1 0.25735 0.25735 23 
5 -1.8401 4.23521 -1.33856 -0.0229817 1.30599 3.95205 22 658 21915 21880 1 0 0 1 
5 1.07145 -4.01137 -2.30345 -0.108962 2.945 3.91178 22 659 16545 16455 1 0.417524 0.417524 5 
5 0.242621 -0.763897 -0.464695 0.0727932 0.268803 3.95679 22 660 8472 8420 1 0.304915 0.304915 8 
2.16165 4.78488 5 0.00664086 -0.131642 -0.129229 4.21992 22 661 2359 2251 1 0.184194 0.184194 29 
5 -0.587092 3.50329 -0.165895 0.101511 0.2339 3.96297 22 662 10594 1 1 1.00032 1.00032 7 
3.2808 3.8257 5 0.0520364 0.254318 -0.102937 4.1199 22 663 11238 11206 1 0 0 1 
5 4.24206 1.5941 -0.346147 0.277964 0.253058 3.97247 22 664 18612 18611 1 0 0 5 
5 3.62177 -3.36989 -0.339867 0.0251984 0.259439 4.06029 22 665 9446 9444 1 0 0 3 
0.213321 -4.8224 -5 0.00643604 0.0640297 0.173596 4.01737 22 666 4631 4574 1 0 0 1 
-4.49243 -2.37059 -5 -0.419601 0.107001 0.189608 3.98261 22 667 1879 1 1 0 0 5 
-4.75408 -0.405397 -5 -0.529335 0.190665 0.948305 3.90025 22 668 31172 30779 1 0.453083 0.453083 17 
5 -4.01877 -3.45245 -0.397301 0.307307 0.0913812 3.96009 22 669 10525 10468 1 0 0 4 
-2.05724 -3.03768 5 -0.194571 -0.251034 -0.400304 4.03622 22 670 9448 9400 1 0.349464 0.349464 25 
5 -1.15007 2.15026 -0.424326 -0.116259 0.0763894 4.00244 22 671 9858 9737 1 0.241731 0.241731 4 
1.02821 4.09214 -5 -0.253876 0.0523811 0.687221 3.88015 22 673 6690 6453 1 4.72737 4.72737 27 
5 4.64923 -1.93408 -0.768684 0.300703 -0.119617 4.21077 22 674 8135 8130 1 0.126586 0.126586 24 
1.00834 -5 -1.62446 -1.23296 0.581962 0.537238 3.94709 22 675 32840 32768 1 0 0 1 
1.76798 0.466893 -5 -0.308992 0.117959 0.380738 3.92527 22 676 28240 28052 1 0 0 2 
5 -4.08531 0.586893 -0.497314 0.0800023 0.0860128 3.96593 22 677 16240 16220 1 0.51044 0.51044 32 
5 2.27112 -0.486474 -0.278634 -0.0433245 0.253857 3.94194 22 678 33592 33591 1 0 0 3 
5 4.08413 3.40668 -0.259787 -0.384014 0.122872 3.9762 22 679 4166 4121 1 0.24842 0.24842 30 
2.93153 5 0.877876 -0.404227 -0.219236 -0.0773561 4.40878 22 680 1681 1680 1 0.531938 0.531938 12 
4.14338 4.02163 -5 -1.38545 0.215399 1.71155 3.91901 22 681 10605 10604 1 0.203011 0.203011 5 
-0.869122 1.95326 -5 -0.530395 0.124648 0.872497 3.90379 22 682 4765 4704 1 0 0 1 
4.77839 -4.96066 -5 -0.469787 0.0396048 0.933552 3.91357 22 683 5641 1 1 0 0 5 
5 0.126467 -1.38358 -0.391662 0.15005 0.163969 3.99904 22 685 38583 38582 1 0.449804 0.449804 29 
4.77751 -1.25753 -5 0.104933 0.0770835 0.207275 4.12904 22 686 6054 6030 1 0 0 3 
5 -2.58274 3.2581 -0.668484 0.228014 -0.4385 4.23517 22 687 8996 8995 1 0 0 3 
5 3.64595 4.54711 -1.58201 0.205698 -0.546015 4.053 22 688 5953 5940 1 0 0 2 
5 -1.05262 0.772705 -0.433852 0.171523 0.329218 3.94372 22 689 1297 1203 1 0 0 1 
-3.75838 4.77785 5 -0.174267 -0.094 -0.379419 4.18208 22 691 5062 5061 1 0 0 2 
3.99595 0.504873 -5 -1.88364 1.14062 1.81988 3.92357 22 692 2946 2932 1 0 0 6 
5 -2.2702 0.855399 -0.365828 0.125018 -0.334156 4.09995 22 693 26221 26220 1 0 0 1 
1.60491 -3.343 -5 -0.124236 0.184328 0.343928 3.98865 22 695 5446 5425 1 0.409276 0.409276 18 
5 0.697158 2.39393 -0.481928 0.0886303 -0.144949 4.07811 22 696 19917 19916 1 0 0 2 
2.00591 -1.24949 -5 -0.255856 0.284496 0.511277 3.91323 22 697 18029 17971 1 0 0 6 
5 1.66763 1.68484 -0.445391 0.234024 0.41831 3.92447 22 698 17818 17681 1 0 0 2 
5 0.901242 -4.07396 -3.71117 0.801852 4.30621 3.91044 22 699 1133 1 1 0 0 4 
5 -2.87099 2.14443 -0.72289 0.227406 0.208012 3.97694 22 700 16989 16859 1 0.0239051 0.0239051 4 
5 -4.56869 -4.48728 -0.189985 0.0972209 0.0110323 3.99711 22 702 6834 6832 1 0 0 3 
5 2.35777 3.23381 -0.286906 0.0731746 0.56844 3.9186 22 703 6778 6666 1 0.510527 0.510527 30 
4.99326 -1.90109 -5 -0.501185 0.272783 0.614227 3.88755 22 704 18854 18659 1 0.057584 0.057584 22 
0.36544 -1.40081 -5 -1.19395 0.319329 3.76731 3.87907 22 705 27402 27347 1 0 0 1 
5 -3.02677 4.87983 -0.461367 0.0976025 0.196811 3.99025 22 706 17479 17436 1 0 0 1 
5 0.189315 -1.76395 -0.317992 0.35034 0.193036 4.0017 22 707 30453 30452 1 0 0 2 
2.24449 3.39313 5 -0.156525 0.151727 -0.443571 4.03161 22 708 42361 42360 1 0 0 1 
5 0.0421738 1.78702 -0.424099 -0.0652203 -0.2775 4.2959 22 709 6321 6320 1 0.510565 0.510565 28 
5 3.34212 -3.88663 -1.16606 0.382948 1.11932 3.9293 22 710 24126 24064 1 0 0 1 
2.64435 -5 3.01953 -1.32795 0.568659 0.0180399 3.98378 22 711 2236 2185 1 0 0 1 
5 -2.17427 -4.62094 -1.12499 0.231144 0.963222 3.92169 22 712 30789 30716 1 0.794231 0.794231 3 
-0.0305139 -5 -4.74296 -0.0208575 0.162337 -0.123027 4.17108 22 713 16811 16810 1 0 0 4 
-0.390108 0.650992 5 -0.260625 0.163252 -0.174045 4.10863 22 714 41800 41435 1 0.20164 0.20164 4 
5 -4.04598 4.6814 -0.843173 -0.159048 0.792032 3.94013 22 715 8027 7952 1 0.0508069 0.0508069 6 
5 -4.56348 1.80135 -1.29214 0.491312 1.25822 3.93246 22 716 28925 28800 1 0 0 1 
5 -4.63712 4.20695 -2.44743 0.229102 1.96915 3.96822 22 717 2357 2311 1 0 0 3 
2.78895 -3.34544 5 -0.24508 -0.170494 -0.0475612 4.00634 22 718 10456 10455 1 0 0 3 
5 1.74876 -4.39891 -0.423464 0.202734 -0.201735 4.13806 22 719 22267 22266 1 0.510592 0.510592 26 
5 -1.26168 3.78765 -0.497848 0.00719011 -0.114959 4.11138 22 720 16858 16857 1 0 0 4 
2.6814 -3.46653 -5 -24.2307 -1.77811 -3.35236 3.97141 -11 721 9087 9086 1 0 0 2 
5 -2.31861 -2.0945 -0.365811 0.0182 -0.101164 3.92478 22 722 10752 10751 1 0 0 2 
4.28528 -2.98569 -5 -0.469018 0.0143915 0.202324 3.9711 22 723 4240 4202 1 0.226519 0.226519 5 
3.74418 5 1.69724 0.0965962 -0.152345 -0.0568138 4.27716 22 724 37436 37405 1 0 0 1 
5 0.503224 -0.634888 -0.0445329 0.173497 0.105348 3.97132 22 725 1018 1017 1 0.448814 0.448814 32 
5 -1.88653 -3.802 -0.758672 0.0487031 0.101935 4.00099 22 727 4238 4198 1 0 0 2 
5 3.66407 -3.62813 -1.79163 0.641714 2.1555 3.90803 22 728 5571 5436 1 0 0 2 
-4.10071 -5 -1.84827 -0.131648 0.219046 0.442502 3.92408 22 729 8982 8981 1 0.186017 0.186017 29 
5 -0.24056 -2.12668 -0.327271 -0.218876 -0.141131 4.1636 22 730 14199 14196 1 0.417895 0.417895 28 
5 2.5041 -4.07611 -0.610363 0.245539 0.375287 3.92946 22 731 1661 1594 1 0.220414 0.220414 10 
-1.20553 -3.97433 -5 -0.248085 -0.185405 0.170624 3.97823 22 732 23372 21655 1 0 0 1 
5 -2.30478 0.833494 -0.346472 -0.0869926 -0.0487072 4.09139 22 733 16202 16127 1 0 0 3 
5 -1.0236 0.554988 -4.72658 2.22707 11.5616 3.89892 22 734 6167 6105 1 4.29771 4.29771 56 
5 0.743798 2.57119 -1.50126 0.340132 -0.0611556 4.08434 22 735 8335 8334 1 2.1347 2.1347 3 
5 1.90251 -2.65406 -0.500968 0.0966369 0.0285081 4.00415 22 736 9371 9369 1 0 0 4 
5 3.92993 4.95479 -0.466998 -0.213851 -0.102149 4.09175 22 737 2407 2406 1 0.0966497 0.0966497 23 
3.62667 -5 3.47375 -0.153326 0.129637 -0.00773599 4.07864 22 738 7794 7333 1 0.233951 0.233951 41 
5 -1.75413 4.82967 -0.296288 0.125606 0.174356 4.04923 22 739 12418 12395 1 0.261427 0.261427 16 
5 -2.19175 -2.2801 -3.80123 -4.59513 0.99063 4.02137 22 740 6782 6753 1 0 0 4 
5 1.19805 0.373422 -0.310981 0.0883554 -0.0437363 4.08189 22 741 14061 14039 1 0.205891 0.205891 14 
5 1.73339 2.31215 -2.76526 0.00622525 1.10332 4.0087 22 742 8576 8482 1 2.14981 2.14981 20 
0.100496 -0.283215 5 -0.441693 0.0707964 -0.218405 4.13228 22 743 45637 45610 1 0 0 1 
5 -0.586647 4.97318 -0.358355 0.0153613 0.0207972 4.01579 22 744 37764 37696 1 0 0 1 
5 -2.14148 4.9845 -1.95057 0.27133 1.61798 3.96818 22 745 39266 39183 1 0 0 2 
5 2.01632 -2.98213 -0.158701 0.146807 0.00406576 4.13271 22 746 22397 22389 1 0 0 2 
-0.338519 -0.885333 -5 -19.8921 5.94367 15.9767 3.92967 22 747 3338 3198 1 0 0 4 
5 1.41357 0.498161 -0.3542 0.0392888 -0.0587809 4.03289 22 748 13266 13179 1 0 0 1 
5 2.067 -1.04363 -0.532588 0.273277 0.302247 3.95303 22 750 19332 19207 1 0 0 1 
5 -2.05117 2.53478 -1.0947 0.268765 1.29295 3.92864 22 753 15684 15512 1 0.427555 0.427555 5 
-4.21773 2.33615 5 -0.126337 0.0525771 -0.195436 4.12008 22 754 8471 8440 1 0.0790369 0.0790369 4 
-2.91315 5 -4.22282 -0.197517 -1.3734 0.557465 3.98868 11 755 15294 15293 1 1.06923 1.06923 3 
4.90369 -5 -0.297347 -0.441546 0.282734 0.110642 3.9782 22 756 8635 8486 1 0.674867 0.674867 58 
5 -3.76871 3.33969 -1.0585 0.21235 1.1176 3.93984 22 757 9209 9038 1 0.0855808 0.0855808 3 
5 0.566833 1.89082 -0.826099 1.08359 0.270531 3.94055 11 758 4972 4941 1 1.2066 1.2066 28 
4.65232 -5 2.50312 -0.210675 0.320222 -0.276485 4.06519 22 759 3121 2890 1 0.202591 0.202591 19 
1.79587 -5 -0.0360986 0.0857028 0.474165 -0.170124 3.97784 22 760 23314 23313 1 0 0 2 
5 -2.86825 2.69867 -0.171678 0.232567 0.0957647 3.99339 22 761 3021 3020 1 0 0 2 
5 -1.00945 0.327352 -0.215593 0.159077 0.0043112 4.00021 22 762 4316 3684 1 0.267721 0.267721 18 
4.55509 1.88568 5 -0.232499 0.0904602 -0.144189 4.16525 22 763 10531 10500 1 0.102309 0.102309 7 
5 -3.05615 -1.51123 -5.65351 -0.383351 1.83532 3.98078 22 764 2310 2309 1 2.25005 2.25005 32 
1.59932 4.43116 -5 -0.322239 0.117388 0.384309 3.90488 22 765 14537 14236 1 0.0438597 0.0438597 6 
5 -4.82214 -2.33178 -0.508022 0.143955 0.507871 3.92277 22 767 5671 5618 1 0.20397 0.20397 32 
5 1.99796 2.49077 -0.710598 0.272208 1.11549 3.91362 22 768 34838 34002 1 0.438254 0.438254 7 
2.82341 -5 -0.192517 -0.384059 0.0442769 -0.243744 4.03419 22 769 33640 33602 1 0 0 2 
1.18843 -2.52413 5 -0.442206 0.115029 -0.228784 4.18559 22 770 23604 23601 1 0 0 2 
5 4.19508 1.33801 -0.38859 0.198169 -0.0360104 3.98458 22 771 17181 16669 1 0 0 2 
0.501461 -3.45378 -5 -0.267872 -0.366355 0.199337 3.91552 22 772 14889 14811 1 0.19715 0.19715 4 
-0.409933 -1.84363 5 -0.182043 -0.159809 -0.102266 4.0096 22 773 6890 6869 1 0.135201 0.135201 6 
2.32816 -3.02036 -5 -0.854569 0.239381 0.997976 3.93845 22 774 41760 41759 1 0 0 2 
3.02511 -3.30711 -5 0.161782 -0.265624 1.47749 3.90909 22 775 1030 1 1 0 0 1 
-2.98276 3.65869 -5 -0.159245 0.157554 0.163474 3.96621 22 776 11244 11041 1 0 0 1 
2.42793 4.77161 -5 -0.131813 -0.125542 0.174883 4.00273 22 777 24976 24975 1 0 0 1 
5 -3.87185 1.66476 -0.428446 -0.0128532 0.278189 3.94514 22 778 18595 18572 1 0.227869 0.227869 4 
5 -2.53499 2.43973 -0.493564 0.0606432 -0.117628 3.99475 22 781 2477 2443 1 0 0 3 
5 -0.289375 -2.96157 -0.133788 0.280538 -0.320655 3.95409 22 782 3577 3535 1 0 0 3 
5 4.98821 -3.4506 -0.731477 0.10916 0.362842 3.94858 22 783 9278 8790 1 0 0 1 
5 2.99163 -3.135 -0.292372 0.0521475 0.197359 3.96514 22 784 15718 15674 1 0 0 2 
2.80995 4.50648 -5 -0.762343 0.168453 3.69055 3.87765 22 785 49769 49744 1 0 0 1 
5 -4.36128 -2.97431 -0.445104 0.115386 0.446219 3.92351 22 787 12824 12193 1 0.13249 0.13249 3 
5 0.508924 -0.740995 -0.501358 0.0680321 0.0716368 4.04628 22 788 7989 7987 1 1.01102 1.01102 36 
5 1.08163 -0.770752 -0.429734 -0.0713448 -0.0854432 4.11888 22 789 30682 30617 1 0 0 1 
5 2.04571 -1.75601 -0.48687 0.109723 -0.109721 4.05064 22 790 4256 4255 1 0 0 3 
3.20464 1.16394 -5 -1.06851 0.310327 1.23246 3.91774 22 791 32789 31236 1 0.116115 0.116115 3 
2.7292 4.41612 5 0.108491 0.0288147 -0.190742 4.11949 22 792 33051 33050 1 0.19233 0.19233 14 
5 3.51644 -2.99099 -0.466334 0.0793561 -0.193274 4.01928 22 794 4723 4722 1 0 0 4 
1.44517 -0.110328 5 -0.163391 0.0940238 -0.293972 4.16997 22 795 23112 23055 1 0.349012 0.349012 15 
-3.80711 -0.479694 -5 -0.822404 -0.245338 0.725044 3.94814 22 796 28869 28861 1 0 0 2 
5 -0.480236 4.5213 -0.0384253 -0.124339 0.154134 4.0565 22 797 8028 1 1 0 0 3 
5 -0.852177 -3.98346 -2.03145 1.09817 0.56039 3.97618 22 798 18147 17995 1 0.281893 0.281893 3 
5 4.94819 1.92465 -1.66133 0.871523 1.72463 3.95443 22 799 11546 11497 1 0 0 2 
5 -2.34212 -2.61708 -0.455802 -0.105505 0.205508 4.02113 22 800 25502 25501 1 0 0 1 
4.42295 -5 3.21467 -0.305958 0.132196 -0.313326 4.15752 22 802 42778 42733 1 0 0 2 
5 -1.34627 2.02439 -0.270963 0.140028 0.131355 3.99159 22 803 13665 13641 1 0 0 2 
3.56755 -5 -4.00318 -0.50807 0.0535197 0.0109581 4.01733 22 804 25302 25301 1 0.00629747 0.00629747 3 
-0.9347 -2.90624 -5 -1.45662 0.116289 1.73699 3.91173 22 805 14940 14905 1 0 0 1 
-0.806986 1.58578 -5 -0.678829 0.0369423 0.0809352 4.02528 22 806 5409 5408 1 2.04547 2.04547 4 
5 3.92486 -4.79928 -0.460446 -0.0601255 -0.123065 4.00287 22 807 23415 23245 1 0 0 4 
5 -0.546262 -2.9129 -6.69036 0.35357 11.9677 3.9185 22 808 40457 40369 1 0 0 1 
2.34704 -4.4896 -5 -3.7675 0.341449 4.69947 3.90824 22 809 14519 14454 1 2.84902 2.84902 6 
4.81379 -5 -1.29155 -0.428687 0.106228 0.244637 3.98446 22 811 10073 10072 1 0 0 2 
-2.98279 -5 -3.76551 -0.129559 0.0541139 -0.102435 4.03938 22 812 3064 2907 1 0 0 1 
5 -0.460888 -4.9585 -0.287471 0.194924 0.0248626 4.02898 22 813 13432 13108 1 0 0 1 
2.22953 -3.15142 5 0.0121388 -0.116769 -0.15212 4.01712 22 814 2584 2562 1 0 0 3 
5 1.259 2.7455 -0.159285 0.132903 -0.241539 4.1222 22 815 4213 4189 1 0 0 3 
3.41202 0.663657 -5 -0.960227 0.211559 1.12693 3.90732 22 816 1157 1 1 0 0 5 
5 0.983218 -4.62762 -0.276241 -0.385003 -0.191269 3.94097 22 817 28474 28473 1 0 0 1 
3.49902 1.94818 5 -0.0116341 -0.145654 -0.489663 3.97125 22 818 16059 16058 1 0.510765 0.510765 19 
-2.48599 -0.552407 -5 -0.150467 0.424828 1.28248 3.91396 22 819 3149 2970 1 1.35909 1.35909 22 
5 -2.31602 3.53095 -1.18359 0.150248 0.589538 3.96961 22 820 19987 19857 1 0 0 2 
-4.14403 -2.80665 -5 -1.72649 0.172369 1.00577 3.95331 22 821 10091 9906 1 0.24745 0.24745 3 
1.64945 5 2.86548 -1.01936 -5.63893 5.44922 4.01397 11 823 2753 2746 1 1.0384 1.0384 2 
5 2.74504 -2.19704 -0.207951 0.114748 -0.132549 4.02682 22 824 10491 9401 1 0.0933903 0.0933903 4 
-3.67805 -1.09809 -5 -0.513642 0.110853 0.562136 3.90993 22 825 8513 8461 1 0 0 2 
5 1.92267 -2.86999 -7.3538 1.66554 16.1936 3.8931 22 827 7400 7356 1 0 0 2 
5 -3.33263 -3.31396 -0.233646 -0.0709514 0.0765829 4.10787 22 828 25184 25183 1 0.118619 0.118619 2 
5 2.73323 0.699378 -2.78902 0.860533 -1.30222 4.10699 22 830 1915 1835 1 3.29715 3.29715 31 
5 4.20271 -0.230622 -0.265332 0.0710901 0.120817 3.96284 22 831 17325 17254 1 0 0 2 
5 2.01471 1.23623 -0.309013 0.270589 0.73088 3.97037 22 832 17705 17671 1 0 0 2 
5 -2.0671 2.45542 -0.453409 0.0263281 0.234195 3.98079 22 833 7315 7314 1 0 0 1 
5 -2.8435 0.412976 -0.837223 -0.392015 -0.279326 4.12796 22 834 1705 1684 1 0.724347 0.724347 3 
5 -1.32364 1.99134 -0.368318 -0.0192445 0.278702 4.00982 22 835 8979 8900 1 0 0 1 
1.30509 -2.24457 -5 -0.559976 0.191437 0.606972 3.92795 22 836 11614 11469 1 0 0 2 
5 4.6264 1.44738 -1.90012 0.387812 0.473578 3.97222 22 837 9928 9915 1 0 0 4 
-4.91675 -5 2.32261 -0.932306 0.164773 -0.350723 4.06518 22 838 15660 15582 1 0.288673 0.288673 31 
5 -2.95519 -1.04124 -0.840699 0.0147867 -0.39641 4.10158 22 839 10957 10852 1 0 0 1 
5 3.54775 2.38791 -3.30255 0.45688 1.56095 3.96738 22 840 7260 7188 1 2.41975 2.41975 10 
5 3.05942 3.29997 -0.125952 0.274514 -0.248799 4.19332 22 841 16167 16165 1 0 0 1 
5 2.54908 -3.11105 -0.774744 0.248367 -0.234566 4.03262 22 842 30558 30491 1 0 0 1 
5 2.37318 -0.193257 -0.333492 -0.187959 0.298221 3.95151 22 843 17167 17166 1 0.960057 0.960057 5 
5 -0.516798 -1.64239 -1.8328 0.18785 0.479747 4.00589 22 844 20757 20698 1 0 0 1 
5 -1.78228 -1.22952 -1.31492 -0.120952 1.66115 3.92729 22 845 10775 10756 1 0.702304 0.702304 28 
5 1.86462 2.2314 -1.73929 -1.0821 -1.1393 4.12933 22 846 2079 2052 1 0 0 2 
5 -0.0377454 0.559874 -0.683738 0.576358 0.414452 3.94821 22 847 2036 1998 1 2.01045 2.01045 38 
5 -3.41467 -2.33297 -0.562181 0.106146 0.369566 3.95557 22 848 1084 1 1 0 0 4 
5 -4.39716 1.94136 -0.75123 0.297238 0.0291246 4.00117 22 850 11853 11729 1 0.808082 0.808082 23 
5 0.143962 0.90986 -0.502873 0.0118412 -0.0899928 4.07974 22 851 1097 1096 1 0 0 1 
-3.74741 1.97556 -5 -1.24319 0.490735 2.25285 3.90981 22 852 25379 1 1 0 0 1 
-4.63714 -5 0.619503 -1.25795 0.349415 -0.682695 4.21081 22 853 5514 5513 1 0 0 2 
5 4.05058 -2.59141 -0.414445 0.207587 -0.0242552 4.06869 22 854 14863 13606 1 0 0 2 
5 2.61265 0.666393 -1.01098 0.118932 2.5074 3.90194 22 855 17644 1 1 0 0 4 
5 -2.89952 -1.16954 -0.588005 0.167132 0.376549 3.99524 22 857 25955 25954 1 0.0397945 0.0397945 3 
5 -0.836265 -0.923958 -0.311963 -0.0412855 0.549803 3.90953 22 858 4318 4263 1 0 0 3 
5 -3.777 -1.75797 -0.438778 -0.0481838 0.257433 3.94076 22 859 1552 1528 1 0 0 1 
-2.95604 3.99893 5 -0.236142 0.0779931 -0.0617369 4.04851 22 861 1585 1424 1 0.255724 0.255724 33 
3.03239 5 0.809081 -0.328436 -0.0378522 -0.30789 4.16852 22 862 7545 7514 1 2.09214 2.09214 63 
5 0.707554 -1.28278 -0.25156 0.121747 0.154291 3.94514 22 864 10297 10096 1 0.31914 0.31914 8 
5 3.03622 -3.19599 -1.47932 -0.507298 0.267984 4.04097 22 865 14255 14254 1 0 0 1 
3.98104 3.29894 5 -0.490778 0.138238 -0.886246 4.15118 22 866 30732 30686 1 0 0 3 
5 -3.00383 -1.3292 -0.281155 0.163468 -0.394144 4.05299 22 867 25593 25573 1 0.0790831 0.0790831 5 
2.87225 -5 -4.89828 -0.625873 0.105184 0.224487 3.94754 22 868 22089 22084 1 0 0 3 
5 -2.43601 0.344671 -7.71178 1.77982 12.4055 3.91806 22 869 14499 14291 1 5.30893 5.30893 48 
2.2929 -4.93211 -5 -3.8683 0.744151 10.203 3.88343 22 870 24256 24140 1 0 0 3 
5 -4.31269 -1.34323 -0.631937 0.0715209 -0.171457 4.06995 22 872 11465 11464 1 0 0 1 
5 -1.17521 1.30353 -1.46878 -0.00840027 0.0220493 4.06529 22 873 15164 15163 1 0 0 1 
-3.67981 -2.24849 5 -0.782755 0.0540811 -0.237039 4.12264 22 874 32703 32702 1 0 0 3 
5 -2.61657 -3.23168 -0.118245 -0.0238501 0.108711 3.9236 22 875 27722 27567 1 0.672713 0.672713 44 
5 -0.469428 -3.4392 -0.336177 -0.176846 0.232114 3.97634 22 876 9034 9033 1 0.0126707 0.0126707 4 
5 2.08881 4.04072 -0.663045 0.11027 0.182622 3.98891 22 877 22422 22419 1 0 0 1 
-4.7802 5 -1.28383 -0.0152924 -0.232158 -0.0255365 4.22188 22 878 44341 44340 1 1.65898 1.65898 6 
5 -0.0973178 3.04801 -0.746255 0.844471 0.861098 3.93335 22 879 30414 30121 1 0 0 1 
5 1.43913 -4.45151 -4.10425 0.377263 -0.0725518 4.09069 22 880 14890 14889 1 0 0 2 
5 -4.24077 2.56108 -0.30751 0.0227312 0.0713364 4.06344 22 882 6911 6909 1 1.29091 1.29091 4 
5 0.0625719 -4.67699 -0.349058 0.0199944 -0.0957307 4.08551 22 883 7014 6751 1 0 0 2 
5 -0.488196 -0.740971 -2.40263 0.569293 2.06 3.93366 22 884 13840 13610 1 0 0 2 
5 -4.94422 2.06242 -1.91322 0.822809 4.29804 3.91919 22 885 1700 1680 1 0 0 2 
3.16331 1.77445 5 -0.0589568 0.251499 -0.180567 3.99352 22 886 46709 46708 1 0 0 1 
-0.356705 -5 0.0495359 -0.0679717 0.290806 0.176963 4.06503 22 888 8018 7890 1 0.486409 0.486409 22 
-0.554303 -5 3.24768 -1.70977 0.770482 -0.599116 4.23076 22 889 5471 5388 1 0 0 2 
1.22425 -5 0.0310548 -0.458865 0.284512 -0.107813 3.99692 22 890 2503 2502 1 0 0 6 
5 -4.71208 -1.4224 -0.79531 0.0266108 1.35843 3.89485 22 891 4828 4529 1 0 0 5 
5 -2.12193 -0.123296 -0.473517 -0.192073 -0.00304543 4.1185 22 892 12941 12915 1 0.510638 0.510638 25 
-2.76455 -0.828653 -5 -0.970725 -0.178089 0.86878 3.96413 22 893 1970 1735 1 0 0 1 
-1.1216 4.82237 -5 -0.195505 0.0732643 0.471258 3.89107 22 894 12277 12121 1 0 0 1 
-0.531318 1.58122 -5 -0.477486 0.118143 0.138454 3.98941 22 895 24662 24661 1 0 0 2 
5 -3.35199 2.55571 -0.475889 0.145198 0.116476 4.02432 22 896 4734 4733 1 0 0 2 
5 1.65742 4.34893 -1.59913 -0.209433 -0.379717 4.13916 22 897 5961 5910 1 0 0 2 
-2.64863 -0.616944 -5 -0.293252 -0.119919 0.139436 4.02724 22 898 10443 10442 1 0.442711 0.442711 16 
5 -1.97049 -0.216885 -0.477842 -0.00341348 -0.0847119 3.96227 22 899 40640 40590 1 0 0 1 
5 -4.64344 -4.28062 -0.556013 -0.0346721 0.483692 3.94404 22 900 8153 8037 1 0 0 1 
-1.66164 -5 4.06665 -3.10109 1.10709 3.09254 3.98416 22 901 7849 7845 1 0 0 2 
5 -4.64831 3.64161 -0.87666 0.110418 0.50871 3.97658 22 902 26877 26836 1 0 0 2 
2.68059 -5 -1.07823 -1.10221 2.31446 0.521962 3.94637 22 903 10471 10409 1 0 0 3 
2.54536 -5 -0.0352889 -0.451047 0.160537 -0.16314 4.07448 22 904 1282 1281 1 0 0 4 
5 2.96741 -1.51652 -1.65323 0.195851 -0.414696 4.08996 22 906 5750 5747 1 0 0 5 
5 -2.54684 -0.416294 -1.72475 0.391329 3.68014 3.89729 22 907 45085 40882 1 0 0 1 
5 1.22613 2.26556 -2.25531 1.33749 0.428599 4.04725 22 908 1402 1375 1 0.0136282 0.0136282 3 
5 2.21121 -4.16799 -0.128567 0.0605616 0.789022 3.90729 22 909 10918 1 1 0 0 4 
-0.92898 -0.692369 -5 0.018722 0.564032 0.370371 3.89718 22 910 11236 11134 1 0.993875 0.993875 23 
4.13613 4.44401 -5 -1.46521 0.597415 2.1506 3.89994 22 911 39774 39773 1 0 0 1 
-4.67014 5 3.92677 -0.266008 -0.192129 -0.0161352 4.03814 22 912 17812 17811 1 0 0 4 
2.34966 -5 4.63731 -0.482403 0.157921 0.0667106 4.03282 22 914 6337 6211 1 0.0771789 0.0771789 3 
-0.328754 -5 2.40949 -0.740366 0.102343 0.348679 3.96554 22 916 15872 15583 1 0 0 3 
5 3.4 2.10345 -0.117983 0.175342 -0.0299939 4.0308 22 917 19694 19693 1 0 0 3 
4.94985 -1.77733 -5 0.0448161 0.206352 0.12528 4.11034 22 918 6881 6878 1 0 0 2 
-2.43358 2.53686 5 -0.475246 -0.124419 -0.140645 4.10572 22 919 5290 5289 1 0 0 3 
5 0.764974 -0.118862 -0.38555 0.0719674 -0.327554 4.22366 22 920 12550 12548 1 0 0 1 
-2.1463 1.71266 -5 -0.735523 0.120447 0.834719 3.91714 22 921 16280 16218 1 1.62694 1.62694 5 
5 -1.73209 -1.51655 -0.395782 0.0109342 0.107031 3.97993 22 922 8028 7970 1 0 0 3 
5 3.33218 -1.34196 -0.282445 0.0765067 0.531704 3.89799 22 923 15998 15933 1 0 0 4 
-1.82607 -5 -4.27965 -0.373421 0.184235 0.2962 3.96291 22 924 38607 38605 1 0 0 2 
5 -2.96052 -3.7903 -0.422456 0.10001 -0.428078 4.20244 22 925 28945 28883 1 0 0 1 
5 -3.88341 -1.17993 -0.509627 -0.00610683 -0.0369229 3.99741 22 926 18504 18480 1 0.834905 0.834905 5 
5 3.58965 4.76974 -0.46377 0.0137851 0.118379 4.03811 22 927 7789 7760 1 0 0 3 
5 -0.674786 3.21945 -0.864966 0.0321133 1.08001 3.93968 22 928 23715 23714 1 0 0 2 
5 -2.69327 -0.202719 -0.638789 0.101343 0.26043 3.97197 22 930 28322 27640 1 0 0 2 
5 4.6436 -4.93799 -0.782152 0.269645 -0.507115 4.06133 22 931 6305 6256 1 0 0 1 
-3.96146 -1.69313 5 -0.235327 -0.0162273 -0.242415 4.24454 22 932 18003 18002 1 0 0 1 
2.09804 0.607591 -5 -0.166018 0.0299105 0.168615 3.90797 22 933 1662 1 1 0.883198 0.883198 17 
5 -0.979487 0.879605 -0.477329 0.00908581 -0.182193 4.10745 22 934 6723 6722 1 0.165648 0.165648 22 
5 -1.26129 1.24145 -1.75233 -0.208534 -0.902133 4.13653 22 935 30739 30735 1 0 0 1 
3.18795 -4.94496 -5 -1.29144 -0.195898 3.53967 3.91241 22 936 34729 34669 1 0 0 1 
2.69366 4.61374 -5 -0.381422 0.129342 0.0909916 4.02708 22 937 34399 34397 1 0 0 1 
5 2.57428 1.45684 -0.377755 -0.103943 -0.128343 4.06531 22 938 43878 43843 1 0.411848 0.411848 29 
-1.27376 -3.73519 -5 -0.110323 -0.116841 0.33205 3.95947 22 939 18119 17883 1 0 0 3 
5 0.656532 3.66671 -2.61828 -1.04928 2.48667 3.9352 22 940 16257 16121 1 0 0 2 
5 0.35965 -1.76491 -1.61652 0.766596 0.249805 4.04012 22 941 1311 1287 1 0 0 4 
5 -1.04886 -1.9775 -8.69045 0.254172 -2.47665 4.01669 22 942 10837 10836 1 0 0 3 
5 -2.79889 1.76829 -0.405347 -0.116918 0.0568033 3.97874 22 944 1810 1808 1 0 0 2 
5 -3.70549 -2.30273 -5.61685 2.45819 3.38429 3.94433 22 947 23753 23653 1 0 0 2 
3.16879 -5 3.92467 0.193448 0.070038 -0.35276 4.17669 22 948 13143 13141 1 0 0 2 
5 -1.8985 -4.72225 -0.939792 0.220431 0.963956 3.91741 22 951 13004 12947 1 0 0 3 
5 0.330535 4.05428 -0.395763 0.0720674 0.561178 3.93614 22 952 11100 11011 1 0.384329 0.384329 3 
5 -4.06555 2.07874 -0.464988 0.0724046 0.199156 3.97655 22 953 28390 28387 1 0 0 2 
0.984202 -5 -4.0223 -0.111268 0.19168 -0.259725 4.03539 22 954 20882 20881 1 0 0 2 
-0.314023 -0.41323 -5 -0.402285 0.121697 0.260449 3.95372 22 955 3373 3372 1 0 0 3 
5 -0.677023 -2.96769 -1.8845 0.440756 2.25086 3.92652 22 956 20139 20102 1 0 0 2 
5 0.730352 -0.318469 -0.700201 0.125555 0.0608235 3.94938 22 957 8143 8095 1 0 0 2 
-1.67866 -5 1.55708 0.0906864 0.180321 0.0917714 4.06042 22 958 44796 44772 1 0 0 1 
5 1.7526 -1.6492 -1.3674 0.500398 1.51011 3.93041 22 959 27510 27420 1 0 0 1 
2.79745 -3.54641 5 0.0373259 0.0184514 -0.0742293 4.01691 22 961 45398 45350 1 0.0846506 0.0846506 27 
5 1.19719 -1.79862 -0.0779466 0.0982022 -0.144053 4.05739 22 962 8776 8274 1 0.272428 0.272428 17 
5 -3.50001 -4.19522 -0.707706 -0.350432 -0.0720504 3.92429 22 963 18579 18436 1 0 0 3 
-4.78321 -5 -1.41263 -0.479993 0.583531 0.186602 4.02327 22 964 35262 35237 1 0 0 2 
2.73236 0.0777772 5 0.143803 -0.0133945 -0.0739153 4.19206 22 966 18372 18371 1 0.00216524 0.00216524 3 
-1.41809 -2.33443 -5 -4.39459 0.435001 6.84069 3.89216 22 967 12618 12403 1 0.284426 0.284426 39 
2.17913 3.0568 -5 -0.717753 -0.296734 0.459282 4.00333 22 969 17110 17039 1 0 0 1 
-1.93079 3.82567 -5 -0.925334 0.291168 1.38893 3.9052 22 970 6858 1 1 0 0 5 
5 3.94809 3.52368 -0.472465 0.082301 -0.176417 4.09522 22 971 6108 6107 1 0 0 1 
5 3.36119 2.26369 -0.404171 0.0401671 -0.1868 3.9562 22 972 50297 50295 1 0 0 1 
5 0.554599 0.516027 -0.382257 0.0715301 -0.0353804 3.97477 22 973 18857 18856 1 0 0 1 
5 3.84732 0.436423 -6.54867 -1.60742 -0.398988 3.91128 -11 974 6281 6280 1 6.63924 6.63924 40 
0.252324 4.15636 -5 -0.0528966 -0.301962 0.334586 3.91459 22 975 4777 4733 1 0 0 5 
5 2.25353 -2.08676 -0.412365 0.17074 0.202424 3.95677 22 976 11563 11518 1 0.262181 0.262181 3 
-1.14954 -3.00259 5 -0.199811 -0.030774 -0.01356 4.25059 22 977 11923 11888 1 0 0 2 
-1.90646 -2.00497 5 -0.446134 0.103857 -0.226491 4.19446 22 978 19421 19378 1 0 0 4 
2.50651 1.67028 -5 -0.200408 -0.0193916 0.100102 4.23798 22 979 4364 4361 1 0 0 2 
1.66724 -3.73276 5 0.0371739 0.163584 -0.121311 4.12333 22 980 25444 25428 1 0.243145 0.243145 36 
-2.58009 -0.182752 -5 -0.559963 0.0849444 0.540463 3.94327 22 981 2932 1 1 0 0 2 
5 -3.34712 0.956584 -1.45296 0.144135 1.66683 3.91906 22 982 1347 1 1 0.0923239 0.0923239 7 
5 2.61768 -0.217219 -1.06008 0.165994 -0.590728 4.12653 22 983 28816 28815 1 0 0 2 
5 1.75663 1.05329 -0.492576 -0.078964 0.110695 3.91113 22 984 1097 1096 1 0.62028 0.62028 7 
-3.971 5 -0.48246 -0.173947 -0.115604 0.14207 4.01247 22 985 10756 10755 1 0 0 4 
-0.466862 -5 -4.73432 -0.236873 0.279779 0.111761 3.99947 22 987 20134 20133 1 0 0 1 
5 2.38146 3.90738 -0.485002 0.0903307 0.666785 3.93174 22 989 22657 22392 1 0 0 3 
3.53075 5 0.971775 0.0179114 -0.768992 0.498943 4.14196 22 990 23259 23258 1 0 0 1 
-1.9279 -1.36379 -5 -1.06709 0.400253 0.30373 3.99604 22 991 6191 6008 1 0 0 3 
-0.458681 -5 2.86503 -0.223488 0.158647 -0.0566302 4.2024 22 993 44970 44968 1 0.27971 0.27971 11 
-3.81858 -4.79209 -5 -1.68974 0.0304929 0.560083 3.97973 22 994 42714 42701 1 0.0977917 0.0977917 3 
5 -3.17244 -4.27032 -1.29088 -0.911019 0.199238 3.98088 22 995 5406 5377 1 0 0 1 
5 3.78681 4.30445 -1.85529 0.207713 1.00206 3.96461 22 996 27132 27123 1 0.245946 0.245946 32 
4.1241 -5 1.78799 -0.17195 0.190607 -0.32414 4.10823 22 998 16459 16419 1 0.000492001 0.000492001 3 
5 -0.189293 -0.656084 -0.453734 0.164671 0.167716 3.9742 22 999 49916 49913 1 0.428153 0.428153 25 
5 4.83226 -2.65884 -0.276134 0.058778 0.440279 3.90176 22 1000 40873 40693 1 0 0 1 
