# Det0_3_14
#x y z Px Py Pz t PDGid EventID TrackID ParentID Weight Edep VisibleEdep Ntracks
5 -1.79841 -2.43984 -0.986341 -0.39669 -0.268766 3.95223 22 1 2850 2788 1 0.241721 0.241721 8 
5 -0.32438 3.15149 -0.490652 -0.282891 0.548173 3.8801 22 2 7545 7412 1 0 0 1 
5 2.87647 4.32279 -4.39131 -1.24943 3.21751 3.96078 22 3 2403 2339 1 0 0 3 
-1.65716 -1.73932 -5 -0.0384686 0.162219 0.199954 4.33179 22 4 33086 32960 1 0 0 1 
5 -3.49796 -4.00877 -0.371208 0.00010098 -0.160806 3.96498 22 5 9560 9557 1 0 0 2 
-1.30414 0.950013 -5 -0.239865 -0.181997 0.193683 3.91651 22 7 20437 20436 1 0.0979695 0.0979695 3 
5 -2.53321 -3.58171 -0.884445 -0.329188 -0.277372 3.9317 22 9 14142 14141 1 0 0 2 
5 -4.85442 4.31824 -0.417284 -0.21616 -0.0321292 4.00621 22 10 20870 20838 1 0 0 1 
5 1.2414 -1.57986 -0.458138 -0.253624 0.50559 3.88366 22 11 54787 54693 1 0 0 1 
2.11844 1.38403 -5 -5.26909 -2.92874 8.09981 3.83869 22 12 4608 4490 1 0.149594 0.149594 4 
-0.499656 5 1.4178 -0.331265 -0.10864 -0.164103 4.11097 22 13 16600 16151 1 0 0 1 
5 2.51025 1.76464 -0.257056 0.0341881 -0.0490554 3.91415 22 14 15890 15710 1 0.263613 0.263613 20 
4.31112 3.78707 5 -0.71435 0.221765 -0.181771 3.93682 22 15 32875 32799 1 0.548309 0.548309 2 
5 -3.31226 -1.28794 -0.287782 -0.20727 0.158657 3.94005 22 16 1701 1 1 0 0 2 
5 3.30245 1.92536 -0.505145 -0.0498374 0.0588617 3.94177 22 17 34048 34047 1 0 0 1 
2.56809 2.88987 -5 -0.0671283 -0.056759 0.19336 3.90553 22 18 22183 22182 1 0.0643233 0.0643233 3 
2.38304 4.15938 5 0.0464075 0.267371 -0.184636 4.24121 22 20 29561 29560 1 0 0 1 
3.2834 1.4662 5 -0.336378 -0.0602438 -0.379922 4.26249 22 21 15294 15293 1 0 0 2 
-3.92155 5 4.96815 0.0262491 -0.294293 0.128956 4.04922 22 24 8134 8105 1 0 0 3 
-2.32086 5 0.00971036 -1.82534 -0.800323 -2.07674 4.13427 22 25 3051 3049 1 0.316506 0.316506 20 
5 1.98542 -0.311637 -0.393111 -0.0724401 -0.0631729 4.0138 22 26 16103 16102 1 0.313734 0.313734 4 
3.50476 5 -1.12544 -0.294614 -0.536874 0.419995 3.92539 22 27 6067 5997 1 0 0 3 
2.07814 -3.25952 -5 -0.485935 -0.41409 0.856249 3.86085 22 28 20858 20775 1 0 0 1 
-4.4777 5 -2.08131 -0.393631 -0.123304 -0.257523 4.12582 22 29 1648 1617 1 0.0520861 0.0520861 3 
5 0.332886 2.009 -0.438219 -0.0513913 -0.257765 4.0839 22 30 15113 15112 1 0.510494 0.510494 37 
-4.73806 0.279371 -5 -2.07664 -0.852605 1.20077 3.91436 22 31 21338 21216 1 0 0 1 
0.0478998 1.05145 -5 -3.06597 -1.46538 3.95275 3.84993 22 32 12372 12313 1 0 0 3 
5 1.50426 -3.25584 -0.233833 -0.372739 0.114492 3.87155 22 33 8861 8860 1 0.910225 0.910225 31 
5 -2.40242 2.03485 -0.205515 0.0972368 -0.0392815 4.10363 22 35 18865 18821 1 2.10449 2.10449 6 
5 -0.978412 4.31554 -0.21986 -0.10225 -0.187062 4.15471 22 36 12751 11284 1 0 0 3 
5 -3.80549 -3.45485 -0.20744 -0.242535 -0.091989 3.89996 22 37 7834 7379 1 0 0 1 
1.3713 -1.17854 -5 -1.30613 -0.590114 0.958159 3.87551 22 38 11576 11393 1 0 0 3 
5 0.399263 -2.31992 -0.235334 -0.0653501 0.591303 3.82578 22 39 31356 1 1 0 0 2 
5 -4.66565 4.1846 -0.281223 -0.230645 0.358937 3.92466 22 40 26647 26646 1 0 0 3 
2.60013 5 1.11307 -0.806742 -0.398464 1.16893 3.90135 22 42 3040 2921 1 0 0 1 
5 0.0406913 -3.77089 -3.08412 -1.94078 6.69334 3.82627 22 44 20733 20605 1 0 0 1 
5 1.84029 -0.322098 -0.0506925 -0.120334 0.179216 4.18029 22 45 19320 19280 1 0 0 2 
3.51259 5 -3.67759 -3.48319 -1.56251 1.68031 3.88951 22 48 32983 32982 1 0 0 1 
-1.43759 5 4.86388 -0.33404 -0.0233689 0.13836 3.92212 22 49 9627 8092 1 0.183199 0.183199 6 
2.57413 3.83812 5 -0.31215 0.0280784 -0.155355 4.32119 22 50 26905 26832 1 0 0 1 
4.45749 0.711826 -5 -1.1394 -1.10254 1.26614 3.90242 22 51 58717 58716 1 0 0 1 
3.5377 -4.31647 -5 -2.93689 -2.35947 3.03213 3.88208 22 52 2338 2121 1 0 0 1 
5 -2.64781 -4.17849 -0.453658 0.0472427 0.303829 3.84548 11 53 35620 35615 1 1.07354 1.07354 22 
-4.03833 5 3.79146 -0.455708 -0.177115 -0.0190313 4.11096 22 55 45321 45320 1 0 0 1 
5 -0.124415 -3.55959 -0.265294 -0.0260416 -0.043625 4.29265 22 56 5590 5589 1 0 0 1 
5 -3.0884 -3.17576 -0.219927 -0.2557 -0.247932 4.10458 22 57 11000 10998 1 0 0 2 
5 4.70172 -0.515827 -0.498131 -0.104897 -0.0445202 3.99489 22 58 15741 15740 1 0.0138648 0.0138648 2 
5 -2.93337 1.21347 -2.23321 -0.79785 -0.479272 3.99458 22 59 30995 30992 1 0 0 1 
-4.20828 -1.18571 5 0.0539841 0.0715796 -0.225227 4.22373 22 60 33998 33996 1 0 0 1 
-1.4997 -0.216754 -5 -0.499558 -0.141256 0.277988 3.89238 22 61 13131 7115 1 0 0 1 
5 3.70756 -0.303365 -0.205829 -0.201375 0.254921 3.89599 22 62 41646 41645 1 0 0 1 
5 -0.390981 -0.925754 -0.326849 -0.117524 -0.374804 4.26943 22 63 29102 29100 1 0 0 1 
-2.49482 4.95499 -5 -0.974913 -0.153908 0.905643 3.86951 22 64 28415 28383 1 0 0 2 
-2.04947 5 0.571065 -1.10283 -0.26383 -0.195444 4.04206 22 65 23904 23846 1 0 0 3 
0.864793 5 0.628112 -0.393289 -0.314279 0.0875926 4.00375 22 66 4199 4198 1 0.282279 0.282279 4 
5 -3.52228 0.749509 -0.133546 -0.107399 -0.0897575 3.98853 22 67 4026 4024 1 0.193245 0.193245 16 
2.00317 5 -4.16972 -0.381629 -0.0630803 -0.0789927 4.00037 22 68 4672 4620 1 0.121917 0.121917 3 
-1.38922 -5 0.466396 -0.12819 0.0856888 0.210157 4.07536 22 69 30933 30932 1 0 0 1 
-3.369 -5 0.0119131 -0.180512 0.260297 0.0186619 3.91736 22 72 2634 2588 1 0 0 2 
5 -3.81365 1.36922 -4.32733 -2.35769 4.44462 3.88929 22 73 17746 17594 1 0 0 2 
5 -4.87795 3.92046 -1.24929 -0.72467 1.56607 3.88719 22 74 5077 4973 1 0 0 1 
4.82168 -3.6164 5 -0.359189 -0.105211 -0.289281 4.16261 22 75 1281 1280 1 0 0 1 
5 -1.64174 -1.78849 -0.38319 0.0188783 0.337534 3.89763 22 76 9728 9727 1 0.139542 0.139542 3 
5 4.13434 -4.23239 -2.20843 -1.04528 -0.977442 3.97635 22 77 48910 48909 1 0.110234 0.110234 3 
-1.3279 -4.17141 5 -0.260649 -0.395623 -0.631461 4.15076 22 78 25236 25205 1 0.803333 0.803333 17 
5 -0.84517 1.28687 -7.80706 -5.43416 5.28933 3.86922 22 79 6786 6651 1 1.58756 1.58756 5 
5 3.00171 2.72097 -1.08872 -0.289746 0.38919 3.92901 22 80 23771 23732 1 0 0 1 
3.43457 5 3.43627 -0.0464211 -0.220926 0.0446945 3.96766 22 82 25002 25001 1 0.446631 0.446631 33 
0.320043 -2.98625 -5 -1.1485 -0.734264 0.813696 3.89562 22 83 8170 8098 1 0.479703 0.479703 25 
5 -3.60895 -2.88106 -0.364897 -0.347258 -0.0641754 3.98782 22 85 17956 17921 1 0 0 2 
-4.65593 -4.97054 5 -1.18233 -0.586494 -0.558384 4.12755 22 86 9015 8969 1 0.0326137 0.0326137 5 
2.05977 5 -0.390902 -1.25291 -0.668377 0.779988 3.8916 22 87 9256 9185 1 0 0 1 
5 -1.35891 3.06544 -0.460502 -0.053513 0.21339 3.93615 22 88 4789 4769 1 0 0 2 
0.0121277 5 -0.596529 -0.170374 -0.125842 -0.233148 4.01182 22 89 3674 3672 1 0 0 1 
4.24561 5 -0.0663435 0.0447973 -0.167833 -0.204317 3.90405 22 90 8792 8754 1 0 0 2 
1.81569 -3.42736 5 -0.347065 -0.214863 -0.307407 4.21532 22 94 38912 38911 1 0 0 2 
-3.11571 4.08682 5 -0.0304598 -0.170766 -0.0634697 4.09191 22 95 13666 13665 1 0.301898 0.301898 23 
2.84495 5 4.8166 0.0837328 -0.212131 -0.0134059 3.86403 22 96 22287 22081 1 0.228035 0.228035 34 
5 -1.908 4.80825 -0.295089 -0.328945 -0.256588 4.23074 22 97 42174 42172 1 0.0145196 0.0145196 2 
5 2.20773 -3.69266 -0.557003 -0.201875 -0.960219 4.2668 22 98 2097 2022 1 0.237422 0.237422 17 
4.94228 -3.73297 -5 -0.263158 0.0827963 0.25461 3.89248 22 99 21717 21716 1 0.0354563 0.0354563 3 
0.670273 -0.337498 -5 -1.34789 -0.597869 0.75657 3.88379 22 100 4057 3989 1 0 0 1 
5 2.28137 0.273232 -9.12003 -4.71517 4.63067 3.92132 22 102 8109 7950 1 0 0 1 
4.48323 2.02604 5 -0.174288 -0.0261628 -0.323833 4.3489 22 103 29693 29692 1 0.36836 0.36836 22 
5 -2.91988 3.067 -8.53646 -5.68944 9.91413 3.86952 22 104 5721 5642 1 0.627823 0.627823 60 
5 0.14977 -3.12922 -0.29367 -0.122963 0.155428 3.98682 22 106 19522 19483 1 0 0 1 
5 2.40523 -4.23672 -0.820013 -0.506338 0.0631439 3.95902 22 108 26755 26754 1 0 0 1 
2.28749 3.70564 -5 -2.44027 -0.721758 2.55345 3.86846 22 109 10331 10330 1 0 0 2 
5 3.46649 4.64934 -0.841047 -0.242465 0.661033 3.91798 22 110 7220 6165 1 0.184462 0.184462 27 
5 3.34161 2.22911 -3.27551 -0.832738 1.95077 3.89476 22 111 27863 27862 1 0.0295365 0.0295365 17 
5 1.81236 -4.27841 -0.458237 -0.172918 0.145735 3.91895 22 112 15301 15300 1 0 0 1 
5 4.96562 -3.65185 -0.849686 -0.376799 0.899361 3.85433 22 114 31014 30757 1 0 0 1 
5 -4.11885 -0.389732 -0.315775 -0.388915 -0.100753 3.95822 22 115 22719 22690 1 0 0 1 
0.600993 5 -1.4302 -1.61624 -1.05072 1.89639 3.8293 22 116 19199 18914 1 0 0 1 
1.07814 3.81011 -5 -0.328231 -0.0801271 0.332229 3.85579 22 117 24860 24859 1 0.061751 0.061751 4 
5 2.14833 1.24672 -5.38209 -1.28315 -1.70928 4.011 22 119 4233 4211 1 0 0 2 
5 -1.11641 0.493854 -0.3837 -0.395613 -0.355692 5.08311 22 121 3024 2980 1 0 0 4 
4.38888 4.06833 -5 -0.0440456 0.0276001 0.292438 3.87783 11 122 17035 17006 1 0.0800524 0.0800524 3 
1.56622 5 -4.72356 -0.478199 -0.174605 -0.044262 3.89701 22 123 12170 12149 1 0 0 3 
3.00324 5 3.0468 -0.409226 -0.187718 -0.229161 3.99375 22 124 24824 24823 1 0.199666 0.199666 5 
-3.45521 2.70593 -5 -0.349891 -0.247697 0.567977 3.87864 22 126 38800 38799 1 0 0 2 
4.2302 0.29767 -5 -0.120317 -0.362509 0.150779 3.85618 22 127 30211 30039 1 0 0 1 
1.42397 5 2.85101 -0.378722 -0.186515 -0.287927 4.06902 22 128 3146 3145 1 0 0 4 
5 -3.13584 1.34252 -0.405171 -0.237594 0.186973 3.9147 22 129 22657 22534 1 0.332515 0.332515 2 
-0.115006 5 -4.29483 -1.71356 -0.84816 0.272859 3.96058 22 130 30125 30124 1 7.7497 7.7497 12 
5 -3.55138 4.08816 -0.43118 -0.201683 -0.185817 4.02866 22 131 20264 20210 1 0 0 1 
5 2.52077 -4.07323 -1.39479 -0.44334 1.44905 3.8452 22 132 4703 4326 1 0.363725 0.363725 23 
5 3.56898 2.15682 -0.488195 -0.231599 0.102403 3.9095 22 133 22650 22649 1 0 0 2 
5 3.90712 0.082474 -3.09194 -2.13224 -0.945005 3.98465 22 134 23773 23772 1 0 0 1 
-0.782093 0.809385 5 -0.0621364 0.212879 -0.273209 4.27093 22 135 6803 6801 1 0 0 2 
5 1.8845 -0.000649413 -1.73462 -0.494729 1.73487 3.86488 22 136 10254 10219 1 0 0 1 
0.797962 5 -1.30579 -0.660292 -0.216376 -0.36861 3.98306 22 138 36160 35959 1 0.0367001 0.0367001 3 
3.45768 3.25781 -5 0.0819696 -0.224512 0.0748644 3.95967 22 139 4133 4132 1 0 0 2 
4.84026 3.72919 5 -0.633267 -0.138431 -0.226442 4.02402 22 140 40358 40357 1 0 0 1 
5 -0.0787513 -0.525884 -0.284256 0.0539767 0.204299 3.99406 22 141 3657 3626 1 0 0 1 
5 3.54785 0.177082 -0.673663 -0.71308 0.20151 3.9039 22 142 12535 12523 1 0.214964 0.214964 3 
-2.64774 5 -4.4461 -0.293759 -0.263408 0.214171 3.94771 22 143 40325 40324 1 0 0 1 
1.52269 0.486684 5 -0.202005 -0.409865 -0.178797 4.1654 22 145 2499 2498 1 0 0 2 
-0.972391 -1.98345 5 0.0153727 -0.0284434 -0.253951 4.12319 22 146 31767 31766 1 0.0308597 0.0308597 2 
5 -4.50182 2.51682 -0.22404 0.628544 0.0563057 9.49733 22 148 15829 15810 1 0 0 1 
5 1.24356 1.68936 -0.322482 -0.106771 -0.0807114 4.11695 22 149 7104 7051 1 0.142256 0.142256 5 
5 3.20228 4.51135 -0.873989 -0.379089 1.30572 3.88225 22 150 7884 7834 1 0.270333 0.270333 26 
4.95923 -4.66327 5 -0.254829 -0.225334 -0.0393724 4.00966 22 151 5409 5408 1 0.238322 0.238322 21 
4.33798 5 -2.81467 0.120888 -0.231085 0.22385 3.92114 22 152 23427 23413 1 0 0 1 
-1.04207 5 2.44425 -0.687525 -0.188964 0.759851 3.87998 22 153 3877 3593 1 0 0 3 
-2.26565 2.82679 -5 -0.218242 -0.240943 0.319191 3.87596 22 155 1120 1 1 4.60514 4.60514 61 
4.00486 3.17381 -5 -1.13195 -0.64014 0.844359 3.87142 22 156 7212 6816 1 0.0254158 0.0254158 3 
5 1.40714 4.48064 -0.324957 -0.357281 0.134611 3.97296 22 158 22219 22106 1 0.327806 0.327806 20 
5 -3.58889 -3.60072 -2.45538 -1.13086 -0.991195 4.02655 22 159 22583 22582 1 0 0 1 
5 -0.0439925 1.73332 -1.23532 -0.398758 -0.0161583 3.96787 22 160 16599 16598 1 0 0 2 
2.23622 5 0.946035 -0.274885 -0.110075 -0.0953233 4.15344 22 161 6478 6477 1 0.0776836 0.0776836 5 
5 -1.26454 -0.42904 -1.16276 -0.217647 1.17238 3.85186 22 162 6064 5816 1 0 0 7 
4.08199 5 4.66281 -0.442815 -0.189058 0.0845319 3.93093 22 163 4559 4555 1 0 0 3 
3.40918 3.26897 5 -0.28812 -0.125739 -0.402861 4.20879 22 164 19574 19573 1 0 0 1 
5 -1.31179 -3.68701 -0.388249 -0.162533 0.0441979 4.01966 22 166 17848 17830 1 1.02717 1.02717 56 
5 4.78941 2.80722 -1.91023 -0.0233209 4.27421 3.84615 22 167 2652 2491 1 0 0 2 
5 -2.35779 -0.723956 -0.911488 -0.177935 0.26581 654.923 22 168 9110 9044 1 0 0 2 
-0.605454 5 1.85663 -7.13825 -1.23602 -0.058585 3.98725 22 169 24858 24594 1 0 0 2 
5 0.393847 -4.94127 -0.307566 -0.335665 0.180852 3.89297 22 170 6001 5791 1 0 0 2 
5 2.36829 -4.04746 -0.248581 -0.0851518 0.106581 3.9021 22 171 7460 7106 1 0 0 5 
5 -4.549 -2.69905 -0.210711 -0.260685 0.3857 3.8787 22 172 2639 2638 1 0 0 2 
5 3.15627 0.535456 -0.868082 -0.246303 0.70282 3.87828 22 173 13495 12936 1 0 0 1 
5 -1.23408 2.31592 -0.227599 0.116943 -0.248987 3.97885 22 174 12303 12268 1 0 0 2 
5 3.36312 -4.87434 -1.65875 0.173503 1.78712 3.87144 22 176 33585 33391 1 0 0 1 
-1.67265 5 -3.97131 -0.309379 -0.327166 0.387012 3.8471 22 177 27110 26956 1 0 0 1 
3.78846 2.54324 5 -0.498115 -0.0395925 -0.106928 4.06409 22 178 25152 25151 1 0 0 1 
5 0.733303 0.851735 -0.582616 -0.238293 0.709256 3.86282 22 179 10149 10033 1 0 0 3 
5 4.12749 -3.67416 -0.762105 -0.200777 0.442035 3.89589 22 180 17682 17534 1 0.651438 0.651438 2 
5 -3.46171 2.77389 -0.260621 -0.0428223 0.168287 3.99616 22 182 27365 27364 1 0 0 3 
3.34341 -5 4.01109 0.0133703 1.89541 1.31701 3.88174 11 183 6028 6027 1 2.06312 2.06312 5 
5 2.30711 -0.877316 -0.176142 0.267401 0.415816 3.95146 22 184 28371 28343 1 1.67177 1.67177 9 
1.27109 5 -3.07361 -0.271781 -0.120579 -0.102491 3.94948 22 185 35612 35522 1 0 0 1 
5 -4.02368 1.02725 -0.58883 -0.658831 -0.450161 4.29282 22 186 8890 8889 1 0 0 3 
5 -0.587488 2.57096 -0.328059 -0.151444 -0.298757 4.07726 22 187 42110 42066 1 0 0 2 
-1.76338 -3.55153 -5 -0.327189 -0.317016 0.113581 3.97342 22 188 7183 7150 1 0 0 1 
-4.44109 5 -1.72183 -0.0195612 -0.602114 0.333912 3.87946 11 189 31136 31109 1 0.280841 0.280841 1 
5 0.787557 -4.72493 -0.263568 0.0404321 -0.300782 4.29892 22 190 22789 22787 1 0 0 3 
5 -4.50131 -3.51606 -1.34607 -0.234448 0.210516 3.91669 22 191 42513 42416 1 0 0 2 
5 3.22649 2.19043 -0.467656 -0.167659 -0.119619 3.99994 22 192 14756 14724 1 0 0 2 
5 0.290348 -3.27573 -0.902635 -0.424234 0.854871 3.86688 22 193 17530 17431 1 0 0 3 
-4.63846 -2.18672 -5 -0.541783 -0.00766097 0.146215 3.95275 22 194 6676 6634 1 0.147295 0.147295 13 
5 3.18746 -4.9467 -0.525344 -0.144611 0.290147 3.89749 22 195 1223 1 1 0.616957 0.616957 25 
0.955035 2.31776 -5 -7.45037 -3.68138 11.8247 3.84512 22 197 1118 1 1 0.338646 0.338646 3 
5 0.847392 1.68991 -0.460718 -0.165434 -0.0261442 3.98758 22 198 4459 4458 1 0.0295036 0.0295036 23 
5 -3.291 0.456277 -0.485969 -0.118787 -0.104131 4.03454 22 199 8694 8693 1 0 0 2 
4.51992 2.82893 5 -0.216729 0.032823 -0.27633 3.94466 22 202 22404 22348 1 0.352236 0.352236 31 
5 -1.91887 0.494383 -0.483328 -0.440694 0.243143 3.89992 22 203 3152 3086 1 0 0 3 
5 -1.73376 3.65941 -0.294184 0.0139817 -0.0963517 4.00106 22 204 31933 31906 1 0 0 2 
4.68021 -1.83397 -5 -8.40789 -5.15123 21.0957 3.81796 22 207 34914 34747 1 0 0 3 
3.04543 5 0.756563 -0.0804772 -0.225746 -0.10403 4.16911 22 208 1491 1490 1 0 0 1 
-0.612854 3.17788 -5 -4.86661 -1.71604 4.71778 3.85091 22 209 22141 22101 1 1.44473 1.44473 20 
5 3.09606 -3.97674 -0.389053 -0.092832 0.0560231 4.0096 22 210 3709 3570 1 0.104867 0.104867 3 
5 4.57175 -0.486606 -0.345681 -0.0274736 -0.0462207 3.93375 22 212 10336 10306 1 0 0 3 
-2.66023 -4.01529 -5 -0.35727 -0.116133 0.617099 3.8375 22 213 3014 2822 1 0.211382 0.211382 37 
-1.50178 2.72377 5 0.0336112 0.150805 -0.137614 4.07042 22 214 16384 16236 1 0 0 1 
5 0.104007 -2.55367 -1.98031 -0.819356 -0.0214098 3.97603 22 215 12020 11968 1 0 0 1 
-4.03695 -4.38444 -5 -0.831067 -0.446493 1.1973 3.84676 22 216 41755 41754 1 0 0 2 
-0.591772 5 -4.47206 -0.366751 -0.216734 0.282206 3.88422 22 219 22458 22457 1 0 0 1 
5 4.40654 1.37122 -0.0511553 -0.156163 -0.198068 4.01436 22 220 9444 9443 1 0 0 1 
-2.47087 -0.79709 5 -0.41973 -0.245762 -0.156677 4.09992 22 222 10708 10682 1 0 0 1 
1.45871 5 -0.440346 -0.423336 -0.108276 0.120997 3.98258 22 223 9716 9690 1 0 0 4 
5 -1.75599 -3.78328 -0.329138 -0.255709 0.0804683 3.94075 22 224 8344 8343 1 0 0 3 
-0.0858479 -4.02926 -5 -0.146234 -0.300941 0.319309 3.96064 22 227 16726 16725 1 0 0 1 
5 0.0704614 -0.844503 -0.283481 -0.344277 -0.249463 4.08501 22 228 7716 7715 1 0.279904 0.279904 31 
0.902306 0.963463 -5 -0.36103 -0.0151212 0.467398 3.87379 22 229 38291 38155 1 0 0 1 
2.94165 5 -2.44156 0.065625 -0.20728 -0.0504304 3.96072 22 230 6132 6131 1 0.403516 0.403516 40 
3.11733 0.443514 -5 -0.312 -0.0373136 0.438246 3.83579 22 231 36626 36025 1 0 0 1 
5 -1.92559 -3.35571 -0.666315 -0.364409 0.68939 3.84287 22 232 1763 1 1 0 0 3 
5 0.277268 -3.84993 -0.359676 -0.0368553 -0.361103 4.2847 22 233 1534 1532 1 0 0 3 
5 -2.93368 -0.839677 -0.384182 -0.333264 -0.0495843 4.08835 22 236 6463 6462 1 0 0 2 
5 -1.26951 -0.345861 -0.434691 -0.244899 0.110398 3.95167 22 237 8588 8552 1 0 0 5 
5 0.1311 3.45951 -0.211234 0.0438519 -0.130497 3.91745 22 240 7994 7608 1 0.20844 0.20844 6 
-0.97526 -1.4393 5 -0.298551 0.143914 -0.184237 4.1464 22 241 6531 6409 1 0 0 1 
5 0.852002 -2.91575 -0.421673 -0.204216 0.203979 3.91679 22 242 16093 16092 1 0.0819861 0.0819861 2 
-2.73243 5 0.617563 -0.0576089 -0.252171 0.0732744 4.09729 22 243 24209 24208 1 0.268437 0.268437 28 
2.12697 5 2.37716 -0.168826 -0.0757046 -0.476326 3.94797 22 244 19275 19274 1 0 0 2 
5 3.40955 -3.20297 -0.330051 -0.311401 -0.23498 4.01476 22 245 14309 14284 1 0 0 2 
4.18206 5 -4.61801 -0.245161 -0.0831598 0.253724 3.88278 22 246 31561 31560 1 0.36197 0.36197 30 
-2.21254 5 -1.66078 -0.370622 -0.183844 0.296375 3.88166 22 247 35328 35304 1 0 0 1 
5 1.38025 -4.53921 -6.26738 -1.79677 11.2127 3.82354 22 248 29221 29105 1 1.65914 1.65914 6 
0.763663 5 0.613282 -0.210504 -0.212273 -0.0932002 4.09831 22 249 9971 9968 1 0.216099 0.216099 22 
5 -3.36079 0.719897 -0.29949 -0.0735293 -0.049454 3.93898 22 251 1538 1362 1 0.311973 0.311973 23 
5 3.15673 -0.213451 -0.367975 -0.0764937 0.064429 4.91752 22 252 7546 7439 1 0 0 2 
5 -3.2922 4.05442 -0.296995 -0.197921 0.113943 3.93614 22 253 33757 33663 1 0 0 1 
5 -1.02046 -4.90901 -1.36304 -0.276792 0.26605 3.93411 22 254 14866 14807 1 0 0 1 
-1.92036 5 -1.5555 -0.44241 -0.127734 -0.144992 4.13953 22 255 9914 9913 1 0.0651307 0.0651307 2 
5 -0.36062 2.58344 -0.502312 -0.268287 0.2292 3.90519 22 256 26917 26845 1 0 0 2 
5 3.24718 -2.64718 -0.436258 -0.344524 0.481132 3.85574 22 259 13673 13459 1 0 0 5 
2.14483 -3.35917 5 -0.101997 0.0414112 -0.168036 4.08604 22 260 19008 19007 1 0.200414 0.200414 31 
-3.3456 5 -4.03677 -3.61693 -1.58385 4.24937 3.86183 22 261 23352 23261 1 0.100049 0.100049 6 
-3.54724 5 -1.65379 -0.751936 -0.149286 0.41199 3.87306 22 262 41340 41230 1 0 0 1 
5 4.43598 0.725507 -4.00665 -1.58851 -0.887488 4.04073 22 264 5725 5693 1 0 0 2 
5 -1.44291 -1.40637 -1.02375 -0.356673 0.413136 3.85015 22 266 15920 15859 1 0 0 1 
5 -4.36939 3.7178 -0.377604 -0.060756 -0.12544 4.0581 22 267 21193 21164 1 0.156721 0.156721 4 
5 -2.78381 -2.32514 -1.81069 -1.12315 1.99375 3.87293 22 268 29734 29681 1 0 0 1 
-2.00401 3.23354 -5 -0.100576 -0.0318659 0.336316 3.90306 22 270 1050 1 1 0.19092 0.19092 25 
5 1.99864 2.42146 -1.1644 0.0486479 -0.775902 4.03945 22 271 7975 7974 1 1.63773 1.63773 5 
4.649 5 3.4661 -0.547806 -0.282769 0.532158 3.89252 22 272 7712 7586 1 0 0 1 
5 1.64691 2.94939 -0.217529 -0.154879 0.212988 3.94319 22 273 47246 47245 1 0 0 1 
5 -1.99492 -2.41667 -36.1222 -16.7618 -47.1627 8.80176 2112 274 21370 21309 1 0 0 3 
4.61882 5 0.600063 -0.123502 -0.220987 -0.319677 4.15246 22 275 18087 18084 1 0 0 1 
3.70485 5 -0.27803 -0.825704 -0.209557 -0.596751 4.21548 22 276 16353 16352 1 0 0 1 
4.73505 5 -3.43195 -0.083314 -0.367312 -0.133065 3.99624 22 277 36735 36456 1 0 0 1 
5 1.40527 0.908219 -0.813442 -0.225175 -0.72014 4.05121 22 278 17998 17947 1 0.229479 0.229479 19 
-4.07943 -5 -0.9099 -0.172614 0.125584 -0.464277 4.10237 22 279 2181 2180 1 0 0 4 
5 1.17443 -3.92332 -0.801912 -0.417409 -0.852219 4.07781 22 280 21404 21381 1 0.397898 0.397898 7 
5 0.0601543 0.00405201 -0.655062 -0.204859 0.486352 3.87912 22 281 45354 45191 1 0.305187 0.305187 2 
4.16281 5 -3.05828 -0.143855 -0.323277 -0.36867 4.18394 22 282 54541 54538 1 0 0 1 
4.69046 1.08975 5 -0.159979 0.055544 -0.329142 4.09699 22 284 8201 7910 1 1.13519 1.13519 42 
5 1.98166 2.70166 -0.713011 -0.129265 0.324667 3.87932 22 285 48417 48414 1 0.42339 0.42339 3 
5 0.0143956 -4.17071 -7.61277 -4.98371 22.5707 3.8113 22 286 7781 7780 1 0.418154 0.418154 35 
5 1.33022 0.304224 -0.649037 -0.240872 0.293521 3.88988 22 287 8130 7445 1 0 0 1 
0.832096 4.8083 5 -0.394579 -0.0642539 -0.318274 4.20057 22 289 11214 11213 1 0 0 1 
5 0.832171 2.38747 -0.227868 -0.0696283 -0.14835 4.04987 22 290 5821 5655 1 0 0 3 
-2.44847 5 3.18541 -0.323867 -0.233648 -0.194868 4.06863 22 291 3105 3078 1 0.123877 0.123877 5 
5 -3.79267 -3.87431 -0.125699 -0.143898 -0.274044 3.97856 22 293 8727 8704 1 0 0 1 
-1.38279 4.11068 -5 -0.490241 -0.268877 0.243529 3.91331 22 294 6217 6120 1 0.609619 0.609619 17 
0.438632 5 -1.22177 -0.941344 -0.729769 0.941629 3.89531 22 295 9546 9498 1 0 0 5 
-4.60112 5 3.28998 -0.348677 -0.236513 -0.0983727 4.01344 22 296 3255 1 1 0 0 3 
4.21712 -5 1.54644 -0.0515725 0.253778 0.0946168 3.94104 22 297 6359 6258 1 0.27523 0.27523 32 
5 -0.0661812 -4.92514 -0.168107 -0.11953 0.0112291 3.91165 22 298 18400 18397 1 0.206338 0.206338 18 
4.13242 0.554945 -5 -11.1191 -3.91313 7.92266 3.8938 22 299 23581 23562 1 0 0 3 
5 0.464667 0.279012 -0.486094 0.156529 0.0182091 3.95575 22 300 13291 13290 1 0 0 3 
5 3.94004 -0.164036 -0.433314 -0.181238 0.201275 3.95317 22 301 41094 41063 1 0 0 1 
0.750507 5 2.24878 -0.193783 -0.0752131 0.012158 3.99249 22 302 7796 7784 1 0.058049 0.058049 3 
5 -0.0245929 -3.06756 -0.0377828 0.139698 0.0533648 4.09605 22 303 3570 3569 1 0.153777 0.153777 34 
5 0.563749 4.6923 -2.23361 -0.61982 2.57357 3.87033 22 304 4398 4323 1 0 0 3 
5 1.43955 -3.20101 -1.06924 0.134649 0.0365073 3.91596 22 306 2782 2755 1 0.306901 0.306901 4 
5 -1.2688 1.08964 -0.221924 -0.25484 -0.222577 3.97362 22 307 37437 37322 1 0.472663 0.472663 26 
5 1.45379 4.89461 -0.325594 0.111424 -0.045397 3.98374 22 308 5888 5861 1 0 0 3 
-0.335091 2.13947 -5 -10.7877 -3.29118 13.6368 3.85217 22 309 11106 10846 1 0 0 2 
5 2.20223 3.04927 -0.613082 -0.0200331 0.535776 3.89963 22 310 12004 11530 1 0 0 1 
5 -2.72516 1.19159 -0.717603 -0.166409 0.0907645 3.9346 22 311 12868 12867 1 0.286757 0.286757 13 
5 3.62577 -3.95705 -0.313986 0.0871019 -0.266455 4.02844 22 312 17493 17490 1 0 0 2 
1.88187 -1.40391 5 -0.194032 0.104301 -0.290988 4.06616 22 313 22783 22782 1 0.364534 0.364534 26 
4.59212 -2.81224 -5 -0.0725435 -0.0382153 0.149445 4.06617 22 314 23121 23084 1 0 0 1 
5 0.144083 -3.46317 -1.361 -0.721756 0.663923 3.9272 22 316 23714 23681 1 0 0 2 
3.98169 -5 -2.92329 -0.473002 0.0305082 0.0906815 3.91479 22 317 20117 19679 1 0 0 2 
5 2.35264 3.9137 -0.283275 -0.0659066 -0.169803 4.08286 22 319 11421 11330 1 0.336571 0.336571 15 
5 -4.12003 4.33717 -0.389483 -0.416877 0.147788 3.96263 22 320 22700 22658 1 0 0 1 
4.14774 5 -2.54951 -1.59296 -0.782941 1.16429 3.87103 22 323 15172 15171 1 0.0805955 0.0805955 2 
2.27349 0.167968 5 -0.484948 -0.117772 -0.47864 4.09885 22 324 12487 12486 1 0 0 4 
5 4.73566 -4.99776 -0.172586 -0.0678182 -0.275784 3.95973 22 325 7766 7738 1 0 0 2 
5 -4.60358 -1.95964 -1.55209 -1.24549 2.8212 3.85439 22 326 2077 1831 1 0 0 1 
2.59277 5 -4.58392 -0.404079 -0.280016 0.0839545 3.94917 22 330 13788 13787 1 0.0343021 0.0343021 5 
-3.68856 3.00626 -5 -5.53174 -0.694653 1.01198 3.93957 22 331 20082 20081 1 0 0 2 
5 -3.3394 -2.73627 -0.268106 -0.155176 -0.356534 4.13442 22 332 27947 27892 1 0 0 2 
0.696839 5 -0.213586 -1.57071 -1.11525 1.13034 3.87551 22 333 31534 31499 1 0.0261077 0.0261077 2 
1.58183 5 -0.161642 -0.458495 -0.208784 0.0855046 3.99415 22 334 2100 2099 1 0 0 3 
5 3.64066 -2.50185 -0.245844 -0.0542035 -0.373489 4.15429 22 335 8151 8150 1 0 0 1 
1.59239 5 4.63624 -1.87464 -1.07989 0.961358 3.961 22 336 14637 14569 1 0 0 1 
5 2.61297 0.0481808 -0.442882 0.112635 -0.228668 3.95439 22 337 12432 12403 1 3.48261 3.48261 32 
-3.8351 -5 -4.26818 -0.758932 0.23285 0.339057 3.94219 22 339 2613 2612 1 0.268918 0.268918 14 
4.49872 2.91861 -5 -0.104201 0.0377242 0.173049 3.9104 22 340 20441 20439 1 0 0 4 
4.28198 5 2.57826 -6.6584 -3.37289 6.29067 3.87947 22 341 16482 16459 1 1.88035 1.88035 33 
5 4.9722 4.7902 -0.45983 -0.221972 -0.0201148 3.96252 22 342 7024 6996 1 0 0 1 
5 2.25434 -4.92652 -0.75362 -0.617342 -0.168883 3.92279 22 344 33561 33560 1 0 0 2 
0.673847 -3.88691 -5 -0.830077 -0.417186 1.0315 3.86247 22 345 19386 18937 1 0 0 1 
5 4.20525 -4.45787 -0.343856 -0.221765 -0.171442 3.95073 22 346 2213 2157 1 0 0 3 
5 4.46569 0.0969112 -0.567161 -0.127435 0.727568 3.84089 22 347 42531 42502 1 0 0 1 
5 2.3267 -4.60814 -2.11125 -1.43432 1.49584 3.88653 22 349 10543 10491 1 0.0878888 0.0878888 6 
0.197426 5 -0.148595 -3.71096 -1.76383 4.66563 3.86656 22 350 31443 31183 1 0.129378 0.129378 3 
5 -3.16714 -0.249796 -0.599729 -0.0632541 0.308055 3.86081 22 351 41520 41460 1 0 0 1 
5 -0.549045 -0.0520781 -3.55614 -1.17274 1.4213 3.9361 22 352 45001 44983 1 0 0 1 
5 3.91766 -2.53494 -5.38618 -1.22109 4.17618 3.86687 22 353 8747 8678 1 0.48174 0.48174 7 
5 -3.44112 1.34772 -0.478715 0.299354 0.251847 3.88341 22 356 6531 6435 1 0 0 1 
-0.51418 1.85394 5 -0.615313 -0.134012 -0.100885 4.06073 22 357 7079 7037 1 0 0 2 
5 2.96205 0.998309 -0.311913 -0.137145 -0.0840384 4.19479 22 358 11710 11659 1 0.0346954 0.0346954 3 
-1.27902 -0.951681 5 -0.42894 -0.100011 -0.426189 4.20585 22 359 15101 15100 1 0 0 8 
3.57559 1.9198 5 -0.14671 -0.298759 -0.318237 4.07199 22 360 7562 7544 1 0.48239 0.48239 19 
0.692675 5 -1.05096 -1.42053 -0.875889 -1.29822 4.11524 22 361 2008 1948 1 0 0 4 
5 -1.36226 4.28994 -1.3552 -0.429764 0.973878 3.89505 22 363 16711 16552 1 0 0 1 
-1.27449 5 -4.92651 -0.265024 -0.125847 -0.00223485 3.9906 22 364 11309 11283 1 0 0 1 
5 -2.02394 -1.63952 -0.94918 -0.370247 0.598964 3.88677 22 365 6696 6512 1 0 0 1 
-1.72154 -4.53756 5 -0.201901 -0.18804 -0.0387092 4.00099 22 366 22865 22664 1 0 0 2 
5 -1.0155 -1.70849 -0.24287 -0.127016 0.125291 3.90177 22 368 2584 2583 1 0 0 1 
5 -1.50206 4.88842 -0.255056 -0.205756 0.113072 3.95938 22 369 33851 33850 1 0 0 1 
5 -2.09166 -0.290909 -0.493258 -0.176708 -0.201728 4.09557 22 370 21548 21499 1 0 0 2 
4.21566 -3.12912 -5 -0.74902 -0.727946 2.19591 3.82648 22 372 7952 7867 1 0 0 1 
5 -1.77691 3.9183 -0.231095 0.0201757 0.0825667 3.90664 22 373 3853 3700 1 0 0 8 
-3.78014 -1.73714 5 -0.334299 -0.160548 -0.226494 4.09496 22 375 10110 10109 1 0 0 1 
5 -1.05095 -0.884978 -0.166671 0.14523 0.0533258 3.8855 22 376 19516 19407 1 0 0 2 
5 3.40775 3.32814 -0.629185 -0.210355 -0.0822779 5.00065 22 378 31337 31335 1 0 0 2 
2.89669 -4.70683 -5 0.046211 -0.804624 1.19986 3.86434 22 379 12757 12656 1 0 0 1 
2.20023 -5 2.63904 0.104882 0.0764762 -0.00556028 4.14024 22 380 39626 39427 1 0.129572 0.129572 24 
-4.23269 5 -3.49628 -1.92204 -0.83641 2.44077 3.85434 22 381 2583 2431 1 0 0 2 
5 4.47179 4.76591 -2.74837 0.142219 -1.66111 4.1565 22 382 30320 30287 1 0 0 1 
1.99811 -1.02313 5 -0.293723 -0.0473362 -0.184831 4.10182 22 384 3591 3567 1 0 0 1 
5 -1.98145 -2.07973 -0.610066 -0.150998 0.392418 3.87016 22 385 3721 1 1 1.14315 1.14315 6 
-1.65131 5 -4.56142 -0.194746 -0.380407 -0.157152 3.88126 22 387 14183 14119 1 0 0 1 
5 -0.167561 1.1851 -0.190496 -0.259443 0.198104 3.99654 22 390 12049 12048 1 0 0 1 
-4.98828 5 3.34039 -0.46935 -0.400153 0.000974349 3.96332 22 392 6298 6262 1 0 0 1 
-1.27007 4.34184 -5 -0.24861 0.0410175 0.431468 3.83486 22 393 11932 11758 1 0 0 3 
5 -3.9125 1.0458 -1.54164 -0.376972 1.16051 3.90268 22 394 15547 15452 1 0 0 2 
4.57144 1.18312 5 -0.393001 -0.111915 -0.333781 4.11514 22 395 4982 4855 1 2.76935 2.76935 27 
5 -1.58526 -0.458 -0.325235 -0.107153 0.0512805 3.9519 22 396 42261 42165 1 0 0 1 
-2.35366 -0.513329 -5 -0.762679 -0.228728 0.361883 3.90968 22 397 24759 24758 1 0 0 2 
5 -1.20794 -2.75286 -6.78064 -1.8884 1.02267 3.91442 22 399 4939 4916 1 1.97039 1.97039 4 
-2.10387 0.725639 -5 -0.188551 -0.244604 0.126672 3.98368 22 400 22047 22046 1 0 0 2 
5 1.30461 -1.2984 -0.754195 0.120944 -0.399563 4.00071 22 401 4605 4549 1 0 0 3 
5 -1.301 -2.76068 -0.340458 0.122807 -0.180038 3.90911 22 402 36805 36646 1 0.0460038 0.0460038 4 
-0.731092 5 -3.88577 -0.889338 -0.129428 0.282337 3.92987 22 403 20604 20603 1 0 0 1 
5 0.896087 -0.0363046 -0.670124 -0.634399 0.700353 3.85574 22 404 35917 35650 1 0 0 2 
-2.90006 -4.874 -5 -1.01709 0.303264 1.63868 3.87953 22 406 34536 34535 1 0 0 1 
5 -1.25754 -1.30497 -2.01003 -1.49486 0.951202 3.9073 22 409 10390 10389 1 0 0 2 
0.635983 5 4.57454 -0.454169 -0.155146 0.0913513 4.0073 22 411 4625 4623 1 0 0 5 
5 -3.92855 2.25343 -0.213455 -0.169296 -0.120105 4.01002 22 412 7273 7272 1 0 0 1 
5 -2.18307 2.90913 -0.396383 -0.232831 -0.138201 4.13087 22 413 6620 6619 1 0.478062 0.478062 29 
3.02518 2.29938 5 -0.768153 -0.375869 -0.385483 4.09941 22 415 35403 35385 1 0 0 1 
2.96728 0.347153 5 -0.438185 0.19918 -0.171584 4.11176 22 416 2788 2756 1 0.722446 0.722446 55 
-3.90042 5 -0.972773 -0.721528 -0.235853 0.209721 3.92779 22 417 14858 14837 1 0 0 3 
5 -4.5164 1.97998 -0.400532 -0.29198 0.124265 3.92575 22 418 12587 12547 1 0.395028 0.395028 4 
5 -2.90023 4.27892 -0.268034 -0.291711 -0.0376181 3.9409 22 419 4074 3512 1 0 0 2 
2.21571 5 2.8268 -0.427524 -0.244001 0.400527 3.88746 22 420 23934 23917 1 0 0 1 
5 3.34122 2.59909 -0.492781 -0.130416 0.0357592 3.98091 22 421 1595 1594 1 0 0 2 
5 -0.78159 1.11248 -0.356684 -0.127309 -0.00762985 4.00063 22 422 12047 11973 1 0 0 1 
5 2.31872 -4.64296 -0.287095 -0.1322 0.0571376 3.91446 22 424 12264 11988 1 0 0 2 
-2.55014 -5 -4.99028 0.0348963 0.210484 0.218158 3.9224 22 425 34566 34072 1 0 0 1 
5 1.19522 -2.81409 -1.19585 -0.657193 -0.409107 4.00902 22 426 37321 37208 1 0.681063 0.681063 2 
5 -3.96494 -2.21934 -0.336272 -0.138142 -0.343258 4.32197 22 427 22604 22603 1 0 0 2 
5 4.3611 -3.12574 -0.592768 0.0157568 0.469581 3.87222 22 428 8543 7967 1 0.276244 0.276244 2 
5 0.287314 -4.10891 -0.423691 -0.087825 -0.189319 4.00798 22 429 3018 3017 1 0 0 1 
1.79521 5 2.09053 -0.551869 -0.502836 -0.202114 4.02032 22 431 44813 44783 1 0 0 1 
-4.45341 -1.30594 -5 -4.18853 -1.38425 3.9341 3.87078 22 432 3829 3800 1 0 0 1 
-4.36326 4.549 -5 -0.306736 -0.104682 0.319016 3.85013 22 433 16015 15971 1 0 0 5 
-4.211 -5 -0.598017 -0.178503 0.134693 0.050042 4.03831 22 434 16080 15926 1 0 0 1 
0.793441 -3.8255 5 -0.550761 0.00417922 -0.0953878 4.02371 22 435 8141 8116 1 0 0 1 
-3.47807 5 -0.996816 -5.42641 -1.8407 0.485778 3.95473 22 436 14163 14162 1 0 0 2 
5 -0.374912 -2.3401 -2.21934 -1.03823 1.10355 3.90339 22 440 23977 23791 1 1.00298 1.00298 5 
5 3.00202 -2.41393 -0.200433 0.0761736 -0.0989918 4.02408 22 441 6178 6177 1 0 0 1 
-3.93055 -0.474566 5 -0.116014 -0.653143 -0.506286 5.25004 22 442 1867 1821 1 0 0 2 
-3.13819 2.68309 -5 -0.504651 0.0776248 0.0205447 4.00446 22 444 1841 1814 1 0 0 2 
5 -2.04306 -2.08222 -8.47715 -3.0098 6.58371 3.86173 22 445 4403 4303 1 0.241961 0.241961 13 
-1.69152 5 3.21369 -0.256689 -0.256477 0.135668 4.02726 22 446 17730 17712 1 0 0 2 
4.4922 5 2.26253 -0.383027 -0.394613 -0.102064 3.93932 22 447 36408 36272 1 0.0840734 0.0840734 14 
5 -3.11915 3.07448 -0.217167 -0.37934 0.0868001 3.93791 22 449 19058 19036 1 0 0 3 
2.92715 5 0.782334 -0.335463 -0.0668755 0.205457 3.98507 22 450 16461 16460 1 0 0 1 
-4.32277 0.00442081 5 -0.447125 -0.230139 -0.0907478 4.02965 22 451 1790 1730 1 0 0 2 
-2.32292 5 -0.996174 -0.424564 -0.24012 -0.152339 4.11391 22 452 43296 43295 1 0 0 2 
-2.5499 -5 0.889956 -0.100026 0.189165 -0.0824777 4.30445 22 453 36521 36518 1 0 0 1 
0.254848 -5 -1.43029 -0.252798 0.618566 -0.671215 4.10989 22 454 13769 13768 1 0.198061 0.198061 7 
4.24404 -3.99683 5 -0.136506 -0.282341 -0.252658 4.22026 22 456 7763 7730 1 0 0 2 
0.756152 5 -2.04172 -0.0528437 -0.142384 0.0202041 3.95692 22 457 10632 10585 1 0 0 1 
3.44434 -1.50038 5 -0.287274 0.131749 -0.208804 4.16585 22 458 15415 15413 1 0 0 2 
2.42635 1.10338 -5 -0.0391678 -0.273173 0.37344 3.91132 22 459 16569 16568 1 0 0 3 
5 1.91807 2.91315 -0.5472 -0.353415 0.118138 3.90134 22 460 1741 1578 1 1.275 1.275 61 
3.28922 1.50763 -5 -0.253393 0.0187302 0.230943 3.90859 22 461 23763 23762 1 0.0317409 0.0317409 3 
0.988365 -3.63278 -5 -0.320248 -0.189858 0.570158 3.83311 22 463 12120 12119 1 0.0296405 0.0296405 16 
3.00607 -1.96019 5 -0.868329 -0.45831 -1.03964 4.11682 22 464 4621 4407 1 0.00228224 0.00228224 8 
4.0233 -3.05629 5 -0.119767 -0.0307442 -0.183171 3.92856 22 465 34447 34353 1 0 0 1 
5 0.809852 1.79935 -1.07047 -0.603072 -0.883811 4.31187 22 467 20898 20831 1 0 0 4 
3.82685 -0.694968 -5 -0.747119 -0.326894 0.788482 3.85192 22 468 25460 25409 1 0 0 1 
0.0450692 -1.80412 -5 0.0731615 0.017635 0.399365 3.88299 22 469 45714 45713 1 0.264939 0.264939 15 
3.42297 0.917187 5 -0.393464 -0.396263 -0.292186 4.04825 22 470 2150 2149 1 1.39359 1.39359 4 
2.67511 5 3.65692 -0.0312371 -0.177801 -0.410597 4.22267 22 471 12060 12059 1 0.331467 0.331467 13 
-0.618432 4.21464 5 -0.194834 0.049426 -0.208881 4.03895 22 472 8493 8419 1 0.289775 0.289775 15 
5 -2.07057 3.1898 -0.45413 -0.0320571 0.232074 3.94617 22 474 10597 10555 1 0 0 1 
2.11714 4.74671 -5 -0.152008 -0.183831 0.249183 3.95737 22 475 23020 22980 1 0.500231 0.500231 33 
0.310135 5 -3.45163 -1.92141 -0.795451 0.484318 3.92949 22 478 6340 6290 1 0 0 2 
2.34734 5 2.76508 -0.292664 -0.21521 0.13326 3.94272 22 479 20438 20437 1 0 0 6 
5 3.43617 -3.0841 -0.977308 -0.405731 1.29897 3.84096 22 481 6428 6315 1 0.99919 0.99919 6 
5 -3.50331 -4.74731 -0.731157 -0.157954 0.0872686 3.90872 22 482 3150 2694 1 0 0 1 
5 -4.99443 -1.66998 -0.951291 -0.327969 1.63861 3.84775 22 483 34331 33516 1 0 0 1 
5 -1.67678 -0.76759 -1.62506 0.434503 -0.655523 3.96197 22 484 45364 45346 1 0.783358 0.783358 5 
5 -4.48796 0.727949 -0.557998 -0.280277 0.451208 3.88607 22 485 11329 11328 1 0 0 1 
-0.952812 1.58698 -5 -0.311607 -0.225143 0.336648 3.87109 22 486 33638 33637 1 0 0 1 
5 -0.518593 -2.36096 -0.485603 -0.26885 0.14961 3.91765 22 487 5208 4979 1 0.519629 0.519629 31 
2.12178 0.715341 -5 -0.469812 -0.12328 0.234712 3.89197 22 488 15955 15954 1 0 0 3 
-3.48932 -1.01021 5 -0.161993 0.408023 -0.738463 4.18338 22 489 16840 16808 1 0 0 3 
5 -0.682619 -0.838321 -8.77072 4.97332 17.5225 3.83034 11 490 9941 9844 1 2.94838 2.94838 54 
5 -3.60258 -0.0446185 -0.21731 -0.0760699 0.112271 3.95303 22 491 24903 24902 1 0.941758 0.941758 32 
-2.73163 0.845653 5 -0.461941 -0.149287 -0.15951 4.08423 22 492 9359 9358 1 0 0 1 
-4.31058 5 -1.16755 -1.08666 -0.417265 1.13101 3.89961 22 493 15524 15402 1 0 0 2 
5 -4.32979 1.13109 -0.289216 -0.100006 -0.15503 4.06172 22 494 5655 5653 1 0 0 2 
3.37463 -0.213457 -5 -0.888373 -0.27627 0.686353 3.86663 22 495 4171 4105 1 0 0 2 
5 -4.07974 3.056 -4.66339 -2.80575 2.5439 3.91909 22 496 28446 28293 1 0 0 3 
4.39486 -5 -0.368546 -0.0544603 0.199447 0.127014 4.15602 22 497 24567 24566 1 0.242353 0.242353 19 
-3.62391 -1.60878 5 -0.194482 -0.180229 -0.436822 4.10189 22 498 15938 15937 1 0.819983 0.819983 35 
5 2.82143 -2.13145 -0.0831562 -0.074649 0.304881 3.85636 22 500 18639 18525 1 0.324389 0.324389 23 
1.47125 -4.67442 -5 -0.374555 -0.240286 0.241554 3.89353 22 501 47785 47712 1 0 0 1 
5 -4.81266 2.13995 -0.35147 -0.103661 0.356151 3.90983 22 502 14052 14051 1 0.539014 0.539014 18 
3.61523 -0.432392 -5 -0.798567 -0.29476 0.393898 3.90491 22 503 6710 6331 1 0 0 2 
4.19071 5 3.60485 -0.891139 -0.536656 1.18078 3.90617 22 504 28850 28849 1 0 0 1 
3.66413 5 3.39022 -0.277331 -0.310959 -0.217729 4.09512 22 505 5460 5353 1 0.46989 0.46989 17 
5 4.27771 3.76318 -3.5619 -0.79066 2.28036 3.89204 22 506 29653 29492 1 0.0292532 0.0292532 15 
-1.0191 5 -0.437988 -3.00722 -1.47804 -0.898514 3.97277 22 507 3940 3882 1 0 0 4 
4.44558 -0.733954 -5 -1.28892 -0.512947 2.09309 3.83615 22 508 5640 5639 1 1.59174 1.59174 4 
4.48173 5 -4.17493 -0.175939 -0.15936 0.173472 3.93719 22 510 8796 8795 1 0.119434 0.119434 3 
3.59507 5 3.19015 0.00381469 -0.627017 0.337649 3.86205 22 512 4350 4282 1 0 0 3 
1.9974 4.42258 -5 -0.13494 -0.312223 0.381351 3.84723 22 513 48333 48332 1 0.412917 0.412917 10 
1.6973 0.0581446 -5 -1.09294 0.131425 1.27737 3.8895 22 514 11644 11643 1 0 0 1 
4.10362 5 2.45032 -0.848024 -0.357406 0.673552 3.8849 22 516 21811 21754 1 0 0 2 
-3.21053 -5 -3.96244 0.177898 0.471481 0.084723 3.9638 22 520 7474 7472 1 0.0642958 0.0642958 3 
-4.70943 5 1.5581 -1.53036 -0.225003 -0.652125 4.00694 22 522 7284 7234 1 0 0 3 
-3.8923 -5 -2.80854 0.0342925 0.224793 -0.112934 4.19286 22 524 35754 35473 1 0 0 1 
5 0.630879 -2.98006 -0.741604 -0.345032 0.208943 3.91788 22 525 6475 6388 1 0 0 1 
5 3.4402 -2.14409 -1.32985 -0.286521 -0.0386539 4.0235 22 527 16083 16048 1 0 0 1 
5 4.40612 3.36701 -2.1945 -0.247763 1.7625 3.89966 22 528 48705 48675 1 0 0 1 
4.8107 5 -0.53375 3.59216 -18.5191 20.1804 21.5507 2112 529 12308 12306 1 0.250369 0.250369 23 
2.54427 -0.319209 -5 -1.17599 -0.296239 0.610608 3.89667 22 530 1873 1801 1 0 0 2 
5 -1.93036 -4.6735 -0.809209 -0.330066 -0.493371 4.00295 22 531 24092 23979 1 0 0 2 
4.74961 5 3.58657 -0.512956 -0.206148 -0.179726 4.06809 22 533 16483 16482 1 0 0 2 
5 -3.76153 3.31181 -0.261695 -0.0239663 0.00316799 3.94145 22 534 39977 39694 1 0 0 1 
5 4.564 -4.63164 -0.595503 0.0163341 -0.11353 3.94433 22 535 8736 8677 1 0.408843 0.408843 29 
5 -4.54382 -0.241019 -0.467192 -0.189231 -0.083921 3.99879 22 536 47728 47727 1 0 0 1 
-2.50856 5 -3.56451 -0.326571 -0.154703 -0.108108 4.00352 22 537 23195 22965 1 0.518971 0.518971 8 
5 -4.7193 2.92542 -0.756455 -0.644995 0.772001 3.87134 22 538 15707 15642 1 0 0 3 
1.92965 -2.37661 -5 -0.455202 -0.231476 0.294339 3.87464 22 539 21592 21575 1 0 0 1 
-2.1294 5 -1.58517 -0.856227 -0.440109 -0.318171 4.04354 22 540 10609 10472 1 0 0 2 
-3.11798 5 -0.291529 -0.316952 -0.268213 -0.297864 4.22971 22 541 17295 17294 1 0 0 2 
-1.04914 5 2.79171 -0.142503 -0.194793 -0.0786863 3.95172 22 542 5123 5027 1 0.253646 0.253646 15 
4.93162 5 1.60233 -0.639733 -0.484552 0.199058 3.90084 22 545 37792 37661 1 0 0 2 
-0.0135976 0.268402 5 0.13426 -0.0614203 -0.126706 3.97649 22 546 7654 7634 1 0 0 4 
3.06022 5 -3.15423 -2.28581 -1.72698 -0.22165 3.99624 22 547 16400 16323 1 0.510674 0.510674 22 
5 3.89524 3.90856 -0.424239 -0.0579875 0.278888 3.96749 22 548 9128 9076 1 0 0 3 
5 -2.00696 -3.63745 -1.1802 -0.69016 0.862727 3.88502 22 549 34840 34678 1 0 0 2 
-2.52304 5 0.661218 -1.25473 -0.759365 0.891867 3.90318 22 550 36587 36586 1 0.113629 0.113629 7 
5 -0.155567 3.86373 -1.43978 -0.661223 0.852518 3.91541 22 552 19189 19185 1 0 0 4 
5 -2.63243 2.83075 -0.440454 -0.238261 0.101747 3.97153 22 553 23658 23657 1 0 0 2 
5 1.22708 -3.14316 -0.393195 -0.124847 -0.041601 3.9424 22 554 2567 2079 1 0 0 1 
5 -0.963797 -1.71145 -0.592804 -0.0206285 -0.327246 4.08821 22 555 23187 23186 1 0 0 2 
5 -4.01904 -2.39097 -0.170393 0.0575025 -0.0704066 4.09009 22 557 24412 24390 1 0.00161319 0.00161319 3 
5 -2.59393 4.74873 -0.956624 -0.785283 0.40612 3.95927 22 558 24132 24108 1 0 0 3 
5 -1.55253 2.97765 -1.51123 0.621723 0.313638 3.894 22 560 15352 15317 1 0.567214 0.567214 29 
5 -3.59414 3.67447 -1.65932 -0.66986 0.568187 3.94365 22 561 22360 22353 1 0 0 2 
1.89552 -1.2491 5 -0.145966 -0.248169 -0.29594 4.2688 22 562 5771 5770 1 0.199516 0.199516 6 
5 -0.0252877 -0.917468 -0.234849 0.151753 -0.127193 4.15408 22 566 8008 7970 1 0 0 2 
1.84543 5 -1.47636 0.0299927 -0.260184 0.122373 4.03213 22 567 37424 37397 1 0.149111 0.149111 2 
5 1.15692 4.38242 -0.749439 -0.30415 -0.65467 4.10649 22 568 13747 13736 1 0.34542 0.34542 38 
5 3.74256 0.440527 -2.07731 -0.314483 0.279414 3.95154 22 569 34599 34577 1 0 0 1 
5 -0.0510173 -1.6624 -0.476969 -0.165059 0.0798519 3.92057 22 572 5794 5793 1 0.510681 0.510681 22 
5 4.61045 1.64426 -0.678206 -0.300695 -0.350235 4.02517 22 573 4344 4267 1 0 0 5 
5 -0.717071 1.18373 -0.252679 -0.207271 -0.00769473 3.93056 22 574 3883 3871 1 0 0 1 
5 -0.846439 -1.15537 -0.525816 -0.0188072 0.120781 3.86741 22 575 25535 25438 1 0.361296 0.361296 26 
-2.98723 4.75898 -5 0.0497689 0.0655134 0.731444 3.83965 22 576 9943 9861 1 0.510756 0.510756 19 
5 1.52969 0.172964 -0.625289 -0.285024 0.192186 3.93025 22 577 14489 14424 1 0 0 1 
5 2.68001 2.29222 -0.734892 -0.303323 0.920806 3.87377 22 579 21631 21367 1 0.404634 0.404634 26 
3.56526 5 -3.69012 -1.75365 -0.550546 0.719411 3.89429 22 580 4033 3860 1 0 0 1 
5 -2.6598 -0.950695 -0.890098 -0.415724 1.47027 3.85979 22 581 1062 1 1 0 0 2 
5 0.334356 1.44737 -0.794979 -0.14348 -0.157094 3.99213 22 584 14958 14957 1 0 0 2 
1.20338 5 4.84286 -0.327832 -0.0465534 0.0519712 3.98769 22 586 21130 21126 1 0 0 1 
-0.967343 -3.82049 -5 -0.397848 -0.12864 0.586685 3.83891 22 589 25025 22907 1 0.126249 0.126249 3 
0.329072 -0.613628 -5 -6.44257 -4.43848 6.57201 3.86286 22 590 11243 10862 1 0 0 3 
5 -4.29325 -0.31932 -0.838536 -0.0184901 -0.231168 4.04173 22 592 34655 34601 1 0 0 1 
1.04714 -4.36872 5 -0.372684 0.0625225 -0.332559 4.28888 22 593 10289 10288 1 0.151573 0.151573 6 
3.67498 5 -2.19664 -15.3829 -4.12313 6.35957 3.91064 22 594 46042 46019 1 8.22942 8.22942 12 
5 -4.07778 -1.86133 -0.415003 -0.275261 0.114559 4.10028 22 595 1536 1508 1 0 0 1 
4.76495 -3.75748 5 -0.193147 -0.268213 -0.0377527 3.92046 22 596 5107 5042 1 0 0 3 
2.22119 4.83695 5 -0.0670139 0.210002 -0.119595 4.08991 22 597 31917 31916 1 0 0 3 
5 4.45435 -0.310254 -0.470454 -0.123988 0.151382 3.95755 22 599 51528 51497 1 0 0 1 
-4.22189 0.387044 5 -0.216607 -0.136977 -0.268525 4.06203 22 600 12351 12349 1 0 0 1 
-2.27953 5 4.56502 -0.204771 -0.215138 0.0343102 4.12058 22 601 21014 21013 1 0.51046 0.51046 31 
5 3.65282 4.6798 -0.760778 -0.561967 0.910074 3.87091 22 602 17584 17581 1 0.510741 0.510741 18 
4.70958 4.82272 5 -0.558018 -0.276706 -0.0508378 4.01719 22 603 29870 29838 1 0.0795007 0.0795007 5 
-3.21449 5 1.23619 -0.427807 -0.100797 0.1113 3.915 22 604 6850 6814 1 0 0 3 
4.32529 3.38194 5 -0.365039 -0.310397 -0.143519 3.99729 22 605 15249 15070 1 0 0 3 
5 3.60495 2.61552 -0.0850767 -0.130464 -0.223651 3.99525 22 607 15457 15455 1 0 0 2 
2.68434 -0.593571 5 -0.157906 -0.118887 -0.2484 4.09918 22 608 18456 18434 1 0.108149 0.108149 4 
4.43374 -4.06629 5 -0.413 -0.200472 -0.224414 4.09496 22 610 50715 50689 1 0 0 2 
5 -1.35366 1.06121 -0.490826 -0.315425 0.0738165 3.93581 22 612 7095 6948 1 0.00794235 0.00794235 3 
5 1.16968 2.33983 -0.905311 -0.302864 -0.940805 4.24228 22 614 15477 15447 1 0 0 1 
5 4.11967 -3.98637 -0.696358 0.05297 0.189763 3.93819 22 616 9554 9534 1 0 0 1 
5 0.56805 2.16727 -0.261246 0.204177 -0.165997 3.87803 22 618 19837 19694 1 0.337047 0.337047 14 
-2.95968 -5 4.51051 -0.725227 0.0292593 0.0769723 3.97514 22 619 7928 7892 1 0 0 7 
5 4.97689 4.64676 -0.551062 0.163276 0.0801599 4.05231 22 620 3390 3386 1 0.692017 0.692017 50 
5 4.90449 -3.15808 -0.294284 -0.0752486 0.0887994 3.91808 22 621 28745 28718 1 0 0 2 
3.09211 -1.16396 -5 -0.260022 -0.151892 0.412841 3.85708 22 622 17540 17501 1 1.87588 1.87588 7 
-4.29769 -2.81735 5 -0.189109 -0.194583 -0.195603 4.30504 22 623 12738 12737 1 0 0 3 
5 -1.82905 -0.10716 -0.518301 -0.0559986 -0.0713634 3.97948 22 625 38017 37126 1 0 0 1 
-2.53811 5 3.36692 -0.583426 -0.220521 -0.102448 4.04166 22 627 3533 3532 1 0 0 2 
-4.30221 3.42507 5 -0.276268 -0.218656 -0.312199 4.25951 22 628 29493 29491 1 0 0 1 
-0.142424 2.49055 5 -0.227623 -0.268495 -0.221411 4.12349 22 629 11168 11145 1 0.0246087 0.0246087 3 
4.25508 3.88783 5 -0.574311 0.266999 0.509931 3.91152 -11 631 15957 15956 1 0.401279 0.401279 4 
4.60952 5 3.83346 -0.288241 -0.0608886 -0.239119 3.94635 22 632 32732 32731 1 0.378918 0.378918 33 
4.96088 5 -0.744356 -0.387972 -0.336963 0.650025 3.89058 22 633 6973 6841 1 0 0 1 
5 -0.700445 -2.71813 -0.593677 -0.0854762 -0.343845 4.15501 22 634 19882 19881 1 0 0 1 
0.227041 -1.30739 -5 -0.557195 -0.346825 0.221638 3.89971 22 636 5471 5442 1 0 0 2 
5 4.60514 -2.26738 -0.356748 0.00783573 -0.365772 4.20953 22 637 2676 2674 1 0 0 6 
5 0.589411 0.0486742 -2.11894 -1.28167 1.56973 3.86842 22 639 3817 3795 1 2.53854 2.53854 8 
5 -2.81445 3.44991 -0.451106 -0.188749 0.148314 3.94892 22 640 4032 3999 1 0 0 3 
2.30275 5 1.61683 -0.452719 -0.187583 -0.144839 4.03924 22 641 19782 19781 1 0 0 4 
-4.54703 5 -0.113936 -0.224709 -0.115086 0.214353 3.89901 22 642 49822 49774 1 0 0 1 
-1.38021 3.517 -5 -3.69762 -2.11436 1.22415 3.94731 22 644 17892 17754 1 0 0 2 
5 2.0922 -3.54182 -0.432657 -0.0765869 -0.235456 4.14983 22 645 34150 34124 1 0 0 1 
5 1.89001 0.0226592 -0.342133 -0.133987 0.313313 3.87634 22 646 36657 36632 1 0.48237 0.48237 34 
5 4.87936 3.46634 -0.389115 -0.0354725 -0.141179 4.05822 22 647 5166 5134 1 0.0177512 0.0177512 4 
5 1.37301 -4.87428 -0.414645 0.0790783 -0.287986 4.24483 22 648 14245 14244 1 0 0 2 
-0.471737 5 4.68899 -0.252054 -0.455418 0.168844 3.97407 22 649 17175 17174 1 0 0 1 
5 -2.90044 -4.95376 -4.43933 0.0724014 1.59428 3.88236 22 650 7019 6953 1 3.58794 3.58794 53 
5 0.997264 -1.50257 -0.272004 -0.176927 0.0988272 3.92372 22 651 38764 38464 1 0.0294873 0.0294873 17 
4.93076 5 -1.92072 -2.73172 -2.27955 -2.82417 3.91487 22 652 38336 38335 1 0 0 1 
4.39908 0.584894 -5 -0.468243 -0.450728 0.317576 3.85806 22 654 3087 1 1 0.179801 0.179801 3 
5 -4.36993 1.36454 -0.882048 -0.430892 0.666084 3.90712 22 655 24977 24818 1 0 0 2 
-0.426386 2.23345 -5 -0.31724 -0.146161 0.1225 3.89918 22 656 26358 26357 1 0 0 1 
-4.652 5 -2.80919 -1.44697 -0.480165 0.28738 3.94297 22 658 11738 11688 1 0.166472 0.166472 9 
4.79664 5 2.39604 -0.295185 -0.263645 -0.207158 4.21572 22 660 24207 24206 1 0 0 2 
5 3.03575 3.09357 -3.98805 -0.597169 4.66943 3.87237 22 661 21527 21473 1 0 0 1 
5 3.85064 -1.1251 -0.234726 -0.0459885 0.0771995 3.94601 22 662 6969 6928 1 0.251004 0.251004 21 
0.0284739 2.98795 5 -0.602019 -0.150906 -0.263137 4.94993 22 664 15064 15021 1 0 0 4 
5 3.78049 -4.18651 -0.456005 0.230167 -0.0142222 3.9598 22 665 27907 27871 1 0.233361 0.233361 26 
5 -1.91466 -3.09849 -3.85869 -2.69003 0.224031 3.94244 22 667 8378 8321 1 0 0 2 
4.62989 5 0.697646 -3.46758 -0.630109 1.70098 4.89323 22 668 10327 10325 1 0 0 3 
5 -1.47961 -2.25257 -0.408804 -0.0501336 -0.144132 3.9978 22 669 13779 13736 1 0 0 3 
2.73657 4.47898 -5 -0.419589 -0.181868 1.0317 3.81955 22 671 49710 1 1 0 0 1 
5 0.0708922 -4.91822 -1.21301 -0.484556 0.899259 3.88635 22 672 9248 9205 1 0 0 1 
2.12149 -2.87548 5 -1.48149 -0.516603 -1.25142 4.21472 22 673 31966 31937 1 0 0 1 
5 -0.464541 -1.54852 -3.77903 -0.366713 -0.0229291 3.93819 22 675 3856 3754 1 0 0 3 
1.08284 -5 1.59992 0.0270504 0.0979735 -0.113007 4.03753 22 676 1059 1 1 0.276153 0.276153 36 
1.64859 -3.63605 5 0.00836766 -0.00224206 -0.277077 4.02828 22 677 1487 1302 1 0.767563 0.767563 45 
5 1.4116 0.948646 -0.328738 0.0980045 -0.0525426 3.95937 22 678 18787 18703 1 0 0 4 
5 -4.35435 -3.77554 -0.541821 -0.278757 0.582419 3.87098 22 680 10124 6464 1 0 0 3 
2.99768 5 -4.84261 -0.213029 -0.179569 -0.217999 3.86988 22 681 48111 48064 1 0 0 2 
5 4.3895 0.690588 -0.801773 -0.145409 0.335632 3.92063 22 683 1349 1348 1 0.0590482 0.0590482 3 
5 0.221089 -0.407539 -0.406815 -0.140622 0.0843314 3.88589 22 684 3124 3050 1 0 0 1 
5 0.451575 4.48001 -9.89812 -4.09201 12.5732 3.8715 22 686 11220 11171 1 0 0 3 
5 4.87228 3.21279 -0.560656 -0.288636 0.426499 3.89502 22 688 30699 29786 1 0 0 1 
1.97843 5 -0.0219133 -1.1479 -1.09276 -0.220613 4.07688 22 690 7695 7568 1 0 0 1 
-1.60083 -3.91052 -5 -3.67228 -1.48635 2.2624 3.88786 22 691 33818 33586 1 0 0 2 
5 1.7165 -3.36447 -0.359286 0.134867 0.0885346 3.91759 22 692 18909 18908 1 0 0 3 
0.579143 -3.3963 5 -0.0930521 -0.478652 -0.893572 4.10631 22 693 13584 13583 1 0.438002 0.438002 37 
5 4.01455 -4.47701 -0.154763 0.0574636 -0.337686 4.18356 22 694 15365 15337 1 0 0 2 
5 4.46286 3.03289 -0.482708 -0.169017 -0.0153827 3.96895 22 696 5571 5515 1 0.336541 0.336541 12 
2.35148 0.1905 -5 -2.09921 -0.59135 3.36314 3.82443 22 697 18343 18311 1 0 0 2 
-3.14422 3.97574 -5 -0.137316 -0.046454 0.315404 3.89847 22 698 8296 8107 1 0 0 2 
-0.475118 2.68344 -5 -0.293689 -0.0804275 0.321522 4.85514 22 699 3192 3191 1 0 0 5 
-2.95186 5 0.310028 -0.0484801 -0.258014 -0.0398616 3.91905 22 703 39215 38960 1 0 0 2 
5 -1.08338 -3.5679 -0.553088 -0.418555 0.0107265 3.84572 11 704 1245 1244 1 0.650861 0.650861 15 
5 2.65387 -2.00112 -0.387902 -0.302704 -0.137921 4.99575 22 705 1346 1345 1 0 0 3 
0.598982 -3.10637 -5 -0.2064 0.0729915 0.0837267 4.13788 22 706 1137 1081 1 0.29933 0.29933 35 
5 -3.69007 -4.09388 -0.173472 -0.239593 -0.356501 4.15001 22 707 5986 5985 1 0 0 2 
2.11991 5 2.5783 -1.71811 -0.350624 -0.107213 4.01689 22 708 8801 8754 1 0 0 1 
5 -1.43381 2.33658 -0.240445 -0.12158 -0.0830653 3.99446 22 709 23437 23436 1 0 0 1 
5 -0.761456 4.14931 -0.416219 -0.182921 -0.233285 4.10642 22 710 12353 12352 1 0 0 2 
5 2.9811 -4.30136 -0.454903 -0.217382 -0.0832387 4.0318 22 712 8067 8031 1 0 0 1 
3.6471 -3.23175 -5 -0.339615 -0.248748 0.624186 3.82006 22 713 1275 1272 1 0.415265 0.415265 47 
5 -2.85402 -0.891501 -3.19109 -0.486968 -2.51314 4.10164 22 714 24710 24681 1 0 0 3 
5 0.16113 -4.81254 -0.423685 -0.311909 0.863623 3.82646 22 715 4582 4323 1 0 0 3 
5 -0.323971 3.26847 -0.497349 0.0986628 0.063479 3.93642 22 716 21206 21203 1 0 0 3 
5 0.88751 -2.15436 -0.599566 -0.154743 -0.308696 4.17128 22 718 5541 5540 1 0 0 2 
5 -1.76305 -0.877058 -0.555203 -0.159717 0.119374 3.92849 22 719 12980 11719 1 0 0 1 
0.431767 -3.59051 -5 -0.864949 -0.353811 0.432682 3.87999 22 720 19919 19853 1 0.534322 0.534322 38 
5 -3.34149 -4.9628 -0.916784 0.00686763 0.637168 3.8742 22 721 24826 24739 1 0 0 2 
4.05969 5 -2.32643 -0.817278 -0.761795 -0.829217 4.01816 22 722 25904 25875 1 0 0 2 
0.515566 2.86491 5 -0.178194 -0.0978748 -0.145252 4.02529 22 723 3166 3165 1 0.0024503 0.0024503 6 
-4.25329 5 1.78813 -0.401836 -0.187006 -0.412258 4.1732 22 725 3997 3996 1 0 0 1 
5 3.50334 2.41342 -0.187752 0.0428656 -0.0308583 3.91741 22 726 7458 7371 1 0 0 2 
-1.52909 5 4.18476 -0.401456 -0.128593 -0.156673 4.1409 22 727 8589 8588 1 0.838464 0.838464 76 
3.6219 5 -4.08566 -1.66813 -1.27836 -0.307807 3.92651 22 728 2277 2276 1 0 0 2 
5 1.34418 -3.95479 -0.0847526 -0.0513767 0.0120106 3.84297 22 729 39797 39728 1 0.0994699 0.0994699 26 
5 3.75143 -1.45749 -0.10519 -0.0567745 -0.177869 4.08161 22 730 7844 7789 1 0.174922 0.174922 16 
-2.48716 5 -3.38817 -0.470818 -0.255521 0.461531 3.87008 22 731 19542 19405 1 0 0 2 
5 -0.179233 -0.10614 -0.433115 -0.245701 -0.266933 3.95322 22 732 14332 14256 1 0.239738 0.239738 25 
5 -1.02223 -0.454119 -0.441701 -0.228566 -0.117379 4.08873 22 733 44441 44438 1 0 0 1 
-2.53609 5 -4.60996 -0.453546 -0.181604 0.149787 3.96783 22 734 8537 8536 1 0 0 1 
5 -1.9055 2.25016 -0.45908 -0.220188 0.0433845 3.96125 22 735 21483 21479 1 0.474803 0.474803 24 
0.192747 5 -3.69053 -0.155387 -0.262107 -0.398434 4.32597 22 736 31534 31533 1 0.0791774 0.0791774 5 
5 4.77236 4.6757 -3.50107 0.0733037 -0.203112 3.97849 22 737 14237 14206 1 0 0 4 
5 -1.82525 3.14556 -0.679826 0.0462015 -0.161407 3.89557 22 738 6626 6601 1 4.94496 4.94496 9 
5 -1.96283 -4.47919 -0.182131 -0.0633821 -0.0151155 3.95294 22 739 5458 5408 1 0 0 5 
-3.52395 4.43964 5 0.00740242 -0.0633042 -0.15536 3.92138 22 740 22471 18573 1 0.167492 0.167492 29 
-2.59876 0.354521 -5 -0.429332 -0.161075 0.225497 3.95532 22 742 28610 28575 1 0 0 1 
-4.41981 5 4.43811 -0.453741 -0.338461 0.0881649 3.96613 22 743 20440 19371 1 0 0 2 
5 3.14855 2.46972 -0.658706 -0.0688671 0.671192 3.86961 22 746 30997 30851 1 0.269272 0.269272 25 
2.79082 5 1.00692 -0.651181 -0.214097 0.236055 3.90049 22 747 16838 16739 1 0 0 3 
5 2.59402 3.53491 -0.48734 0.108952 0.0391496 3.95102 22 749 28178 28127 1 0 0 1 
5 -2.73884 0.366623 -11.584 -5.17925 -7.69042 4.14383 22 751 12229 12071 1 0 0 1 
-2.19556 5 -4.57578 -0.133252 -0.119971 -0.150358 4.13801 22 753 13265 13250 1 0.101977 0.101977 3 
5 -2.27787 -0.16929 -0.190711 -0.244384 -0.0860767 3.98245 22 754 21268 21030 1 0 0 1 
5 -3.24637 0.0792219 -0.311704 -0.381839 0.122957 3.97072 22 755 17778 17777 1 1.0437 1.0437 26 
0.666558 -0.542802 5 -0.263576 -0.0323748 -0.327508 4.15774 22 756 25725 25640 1 0 0 1 
-1.56831 2.21644 -5 -1.80724 -0.58539 0.613195 3.90603 22 757 22270 22077 1 0 0 1 
5 0.793597 0.968226 -0.920873 -0.446034 0.184549 3.98914 22 758 5367 5303 1 0.126124 0.126124 5 
5 2.27248 -3.88647 -0.4832 -0.152874 -0.0653248 3.99207 22 760 11261 11259 1 0.259965 0.259965 5 
5 4.50458 3.06578 -0.95602 -0.808738 1.11917 3.87271 22 763 13372 13273 1 0 0 1 
5 -2.29011 -1.61335 -1.12588 -0.934849 -1.02596 4.06246 22 764 12540 12467 1 0 0 3 
5 -4.74894 0.0945549 -0.214112 0.00160239 -0.0662249 3.96244 22 765 16039 15913 1 0.223523 0.223523 40 
-3.48627 5 -3.09708 -0.398041 -0.137673 0.289361 3.92775 22 766 42765 42733 1 0 0 1 
4.71841 5 -3.59242 -0.876811 -0.249693 0.601993 3.87435 22 767 2577 2427 1 0 0 3 
1.29843 5 -0.638173 -0.315882 -0.185239 0.0231706 3.94099 22 768 1595 1426 1 0 0 6 
5 0.781031 -1.93319 -0.157579 -0.0990163 -0.19467 4.28362 22 769 51803 51726 1 0 0 1 
5 3.69398 -2.01705 -5.05576 -0.847272 2.65097 3.87422 22 770 40942 40941 1 0 0 1 
5 1.81471 2.04292 -0.111399 -0.136768 -0.479588 4.26016 22 771 26689 26687 1 0 0 1 
1.08765 -2.81262 -5 -1.8055 -1.30817 1.06216 3.90614 22 773 37809 37635 1 0 0 1 
5 2.81206 1.0387 -1.44243 0.014064 -0.0700167 4.02406 22 774 34946 34536 1 0 0 1 
5 3.45261 -1.3884 -0.0581874 -0.211969 -0.141309 4.06304 22 775 23317 23155 1 0 0 1 
5 -4.28304 -0.915918 -0.288404 -0.0380928 0.153044 3.98934 22 776 2719 2718 1 0.442651 0.442651 58 
5 -0.650931 -4.54335 -0.785542 -0.239694 0.13757 3.87294 22 778 23306 23305 1 0 0 2 
4.1328 5 -0.401029 -1.1318 -0.619452 1.39189 3.84074 22 779 22289 22240 1 0 0 1 
-3.89 -5 -4.1017 -0.310154 0.290813 0.802282 3.88707 22 780 12411 12157 1 0 0 4 
5 -1.06651 3.78198 -0.502079 -0.271341 0.69622 3.86855 22 781 15221 15220 1 0 0 2 
5 2.723 -2.18876 -0.431652 -0.0926097 0.253917 3.89326 22 782 57403 57371 1 0 0 1 
5 2.19656 4.61485 -0.300002 0.413054 0.0224707 3.91828 22 783 37965 37964 1 0 0 1 
5 2.26462 3.91893 -0.244174 -0.0789636 -0.0977364 4.04651 22 784 15956 15940 1 0.274152 0.274152 30 
0.550607 4.39747 5 -0.386888 -0.0403137 -0.327221 4.1368 22 785 19946 19918 1 0 0 3 
5 2.85616 -3.04939 -0.212666 -0.22839 0.0778245 3.9148 22 787 20856 20855 1 0.321262 0.321262 24 
-3.66041 5 -4.5682 -0.448865 -0.0760855 0.232058 3.94116 22 789 2140 2138 1 0 0 1 
5 4.30963 2.79806 -0.696031 -0.274096 0.173501 3.94809 22 790 27517 27516 1 0.18316 0.18316 5 
5 -1.55612 -3.05811 -1.64092 -0.709142 0.598784 3.90479 22 791 21041 21017 1 0.42967 0.42967 24 
3.73817 5 0.341659 -5.54995 -1.46998 9.08738 3.84926 22 792 1910 1829 1 0 0 1 
5 2.11132 0.500799 -20.4531 -8.9838 7.05619 3.92384 22 793 12714 12676 1 3.34979 3.34979 4 
5 -1.40229 -3.12176 -0.44531 -0.205292 0.00937417 3.96127 22 794 21350 21273 1 0 0 1 
5 -0.656688 0.866319 -0.372356 -0.206001 -0.282903 4.20295 22 795 13415 13413 1 0 0 2 
5 2.24196 -1.45845 -12.2035 -3.10768 10.834 3.87753 22 797 8524 8474 1 0.424117 0.424117 27 
4.19222 -4.15728 -5 -0.0989551 0.108602 0.282053 3.8845 22 798 25180 25179 1 0.410346 0.410346 28 
5 -0.758226 -4.63051 -0.629033 -0.15267 0.332549 3.87897 22 799 7307 6943 1 0.192503 0.192503 8 
5 1.67542 2.30676 -0.297409 -0.152235 -0.259385 4.22298 22 801 26666 26665 1 0 0 1 
1.83979 -0.886688 5 -0.317193 -0.102492 -0.34491 4.2277 22 802 20203 20172 1 0 0 1 
4.0104 3.90275 -5 -0.765495 -0.114238 0.386579 3.89341 22 803 4958 4670 1 0.329312 0.329312 5 
2.6079 5 1.39898 0.0117381 -2.9787 -4.86593 3.9326 22 804 37197 37196 1 3.38813 3.38813 24 
4.5763 0.427515 -5 -4.59567 -2.6751 3.66126 3.86919 22 805 5938 5782 1 0 0 3 
-2.74048 5 2.48449 -0.4021 -0.207816 -0.311567 4.21339 22 806 9299 9277 1 0 0 1 
3.72084 4.80971 -5 -1.39586 -0.274921 0.877862 3.88041 22 807 14624 14538 1 0 0 2 
5 4.23177 -1.21028 -0.490377 -0.105156 -0.0979425 4.09866 22 808 37215 37211 1 0 0 1 
5 -2.1986 2.26554 -0.593805 -0.648627 0.573023 3.88478 22 809 16088 15701 1 0 0 2 
0.698503 5 3.62443 -0.484436 -0.193592 0.110439 3.92929 22 812 3522 3465 1 0 0 1 
5 -1.74817 -0.0977847 -0.534449 -0.235425 0.278347 3.88748 22 814 3310 1 1 0.510636 0.510636 26 
2.15052 -4.67491 -5 -2.84622 -1.01876 0.382493 3.97312 22 815 12140 12065 1 0.209409 0.209409 31 
-0.00160373 -0.0769277 -5 -2.41516 -1.40735 3.68288 3.85069 22 816 55313 55198 1 1.83872 1.83872 18 
5 -4.78655 3.96389 -0.339113 -0.379387 0.4542 3.93201 22 817 22359 22358 1 0 0 1 
4.52323 -3.11262 5 -1.34673 -0.172842 -0.224594 4.0314 22 818 2870 2808 1 0 0 2 
4.0869 -3.21537 -5 -0.17818 -0.158264 0.0451026 3.94227 22 819 26906 26891 1 0 0 3 
5 2.70943 -4.8819 -0.485114 0.0769853 -0.140916 3.99893 22 820 23224 23221 1 0.134997 0.134997 3 
2.61825 5 -2.93039 -0.334765 -0.200324 -0.0735856 3.9331 22 821 18586 18585 1 0 0 2 
3.32067 5 4.39681 -0.477274 -0.426937 0.394422 3.89671 22 824 18573 18544 1 0 0 2 
5 -3.07182 -0.0600194 -0.155836 0.320808 0.0473333 3.93061 22 825 13394 13393 1 0 0 1 
4.11328 2.13847 5 -0.953306 -0.325149 -1.69325 4.25477 22 828 2831 2805 1 0.280863 0.280863 15 
-0.710445 5 -4.70252 -0.332074 -0.292073 -0.0195262 4.02127 22 830 5698 5697 1 0 0 4 
-3.91003 -2.15143 5 -0.308151 -0.271819 -0.303772 4.10527 22 831 42408 42407 1 0 0 1 
-2.48791 3.72817 -5 -0.236623 -0.0407438 0.451076 3.83937 22 832 24271 24270 1 0 0 2 
5 -1.58746 3.96498 -0.438254 0.0506408 0.148825 3.88852 22 833 1857 1385 1 0 0 3 
-1.46322 -3.20105 -5 -1.93476 -0.399888 3.19418 3.82998 22 834 28026 27920 1 0 0 1 
-0.655565 3.00152 5 -0.176085 0.116572 -0.129382 4.23591 22 835 8217 8216 1 0 0 1 
5 -0.966344 -1.34344 -0.410693 -0.211346 0.0798403 3.9312 22 836 18930 18906 1 1.43106 1.43106 107 
5 4.6632 2.7719 -0.875248 -0.279629 0.348816 3.90147 22 837 45562 45517 1 0 0 1 
-4.15328 5 -2.08322 -0.0886175 -0.271648 -0.142701 3.97129 22 838 15042 14996 1 1.6875 1.6875 23 
-3.08389 2.5789 5 -1.62348 -0.780892 -0.652879 4.11314 22 839 20445 20444 1 0 0 1 
1.33212 -4.3848 5 0.0790781 -0.306692 -0.0939647 4.17099 22 840 36308 36162 1 0 0 1 
3.44853 -5 3.69512 -0.342344 0.288881 -0.0551117 3.95492 22 841 17639 17570 1 0.450912 0.450912 30 
-3.53153 -0.238231 -5 -2.9509 -1.50769 4.01594 3.84557 22 842 1642 1610 1 0.032967 0.032967 5 
-3.63087 -0.510656 -5 -0.836865 -0.234967 0.93611 3.8533 22 843 15124 14942 1 0.938859 0.938859 43 
5 -1.69227 -4.44977 -0.181236 0.0362162 -0.082662 4.00647 22 845 16191 16190 1 0 0 1 
4.21629 4.39443 -5 -0.233178 -0.0204724 0.0752822 3.86382 22 847 27726 27725 1 0 0 1 
5 -0.356051 -2.07751 -1.07826 -0.101944 0.980732 3.88593 22 848 10937 10912 1 0 0 1 
5 -3.3775 -3.63788 -0.219633 -0.416696 -0.198105 4.03544 22 849 3383 3382 1 0.0634726 0.0634726 6 
4.32349 5 -4.05133 -0.170383 -0.220757 -0.295031 4.27146 22 850 9128 9127 1 0.0503151 0.0503151 5 
5 0.676834 -3.3136 -0.492214 -0.0870202 -0.0668854 4.01198 22 852 26123 26106 1 0.257043 0.257043 6 
5 4.76755 -4.31399 -0.502944 0.0209563 -0.0879069 3.88841 22 853 10636 10613 1 0.148429 0.148429 3 
-3.66929 4.42159 5 -0.303126 -0.119849 -0.393536 4.30624 22 860 4385 4384 1 0 0 2 
5 -3.35111 0.15079 -0.439985 -0.259867 0.00144627 3.98532 22 861 1065 1061 1 0 0 1 
4.89175 5 -2.54433 -0.3312 -0.174697 -0.147472 4.06983 22 862 10315 10288 1 0.402021 0.402021 29 
4.17313 5 2.07335 -0.0978935 -0.33011 -0.118615 4.08903 22 863 13166 13164 1 0.363655 0.363655 32 
-3.51252 -0.799736 -5 -0.795681 -0.212186 0.679267 3.87366 22 864 8262 8082 1 0 0 1 
1.76819 5 -0.331158 -1.17086 -0.996221 -0.121848 3.97767 22 865 53291 53114 1 0 0 1 
1.26779 5 1.39258 -0.17034 -0.0353929 -0.430937 4.2456 22 866 38385 38384 1 0 0 1 
-0.476161 -3.56273 5 -0.13293 0.00943886 -0.352084 4.14655 22 867 2209 2208 1 0 0 1 
5 2.42454 0.741288 -0.439636 -0.172077 -0.125597 4.02779 22 869 26846 26845 1 0 0 1 
2.11422 5 4.29859 -0.0178379 -0.166585 -0.225697 4.05566 22 870 12216 11447 1 0.280918 0.280918 12 
5 4.58275 2.69143 -0.0838817 0.166633 -0.160443 3.9684 22 871 37813 37758 1 0 0 2 
4.79931 5 4.80109 -0.440018 -0.302504 0.086782 3.9153 22 873 49616 49229 1 0 0 2 
-2.60555 4.20225 -5 -0.350936 -0.218035 0.213579 3.90072 22 874 4216 4215 1 0 0 3 
5 4.01237 -1.91886 -0.305943 0.134005 -0.21126 4.10409 22 875 6980 6977 1 0.143527 0.143527 28 
-0.565927 5 -2.01579 -0.785109 -0.896422 0.203042 3.87991 22 876 20095 20039 1 6.41244 6.41244 7 
5 0.0826658 4.85303 -0.461677 -0.219989 0.147723 3.93915 22 877 17702 17701 1 0 0 1 
2.34121 4.83182 5 0.0233381 -0.346269 -0.148916 3.9596 22 879 3879 3791 1 0 0 3 
5 0.641139 -2.64209 -0.508055 0.0418283 -0.0353647 3.91529 22 880 21990 21910 1 0.155096 0.155096 3 
-1.46432 5 0.887409 -3.56036 -0.923477 2.27022 3.89107 22 881 4364 4341 1 0.382259 0.382259 9 
5 0.551738 -0.983267 -1.55308 -0.618538 0.726907 3.9198 22 882 2590 2512 1 0 0 1 
5 0.299288 -0.22743 -0.384572 -0.336438 0.00582559 4.07542 22 884 1606 1602 1 0 0 2 
5 -4.49101 4.36264 -3.33584 -0.350817 0.555282 3.94517 22 885 2185 2184 1 0.28728 0.28728 3 
5 -4.08152 -0.636444 -0.41385 -0.216729 0.154017 3.95173 22 886 4446 4261 1 0 0 3 
-2.9065 -5 -0.157074 -0.25913 0.217391 -0.131444 3.94456 22 887 16157 16114 1 0 0 2 
3.0414 2.64971 5 -0.199354 0.034722 -0.469225 4.1784 22 888 11319 11282 1 0 0 3 
-1.20257 -0.522847 5 0.0268495 -0.207876 -0.293806 4.12013 22 890 49687 49685 1 0 0 2 
5 3.24011 -0.0565435 -0.406292 -0.114584 0.189255 3.91356 22 892 5363 1 1 0.181959 0.181959 5 
5 -3.29129 4.26836 -0.487591 -0.313277 0.401856 3.92184 22 893 40889 40768 1 0 0 1 
5 3.3761 -2.78539 -1.0299 -0.0651773 -0.252481 3.96639 22 896 1657 1595 1 0 0 2 
4.89065 -1.13271 -5 -0.479309 -0.200065 0.720421 3.83499 22 897 37773 37772 1 0 0 1 
5 2.41855 3.50238 -0.265799 0.0291415 -0.314116 4.0339 22 898 1544 1543 1 0.412198 0.412198 25 
2.24844 5 2.58044 -0.369264 -0.234349 0.264282 3.9344 22 899 25540 25519 1 0 0 2 
3.18111 -1.15454 -5 -1.31056 -0.135208 1.11234 3.86629 22 900 40867 40818 1 0 0 1 
-4.0222 -0.386303 -5 -4.65207 -1.87869 1.86963 3.91228 22 902 31014 30991 1 0 0 2 
2.36913 -2.52896 -5 -0.380129 -0.270201 0.208838 3.89527 22 904 18969 18954 1 0.206288 0.206288 28 
5 -3.56087 -1.22178 -0.333869 -0.195402 -0.457869 4.08245 22 906 3927 3926 1 0 0 2 
4.12935 5 0.648917 -0.142137 -0.399294 0.135026 3.93289 22 907 8043 8039 1 0.444357 0.444357 28 
-4.90097 2.69622 5 -0.340988 -0.146512 -0.284847 4.23826 22 908 3396 3382 1 0.00544927 0.00544927 3 
5 2.5977 -1.05451 -0.490246 0.279618 0.406837 3.85741 22 909 40582 40429 1 0 0 1 
5 1.55939 -4.82462 -0.854629 -0.32707 -0.308931 4.00478 22 910 2711 2681 1 0.850654 0.850654 33 
3.17737 3.70526 5 -0.02731 0.00931853 -0.31947 4.1572 22 911 1897 1883 1 0.637756 0.637756 24 
-0.744805 1.68927 -5 -0.330555 -0.0908169 0.137603 3.98096 22 912 16123 16103 1 0 0 3 
5 3.16744 -0.271534 -0.420915 -0.127376 -0.260242 4.15458 22 913 23995 23994 1 0.291371 0.291371 3 
0.904872 -0.621889 -5 -0.193444 -0.0723289 0.48338 3.82422 22 916 32006 31908 1 0.146968 0.146968 3 
2.85222 0.701295 -5 -0.35069 -0.106945 0.391939 3.84636 22 917 12682 10730 1 0.0320639 0.0320639 3 
5 1.94185 -1.96706 -0.382871 -0.0813301 -0.328505 4.15873 22 918 12444 12421 1 0 0 1 
-0.844407 5 -1.58338 -0.366773 -0.391351 0.0516327 3.88224 22 919 10774 10622 1 0.250156 0.250156 5 
2.5811 -5 -4.49733 -0.18617 0.114998 -0.0524134 3.9158 22 920 28078 28047 1 0 0 2 
5 3.43093 4.55171 -0.802228 -0.264366 0.23987 3.90964 22 921 4806 4699 1 0 0 2 
-0.738708 3.94099 5 -0.197814 0.0802123 -0.178865 4.10281 22 922 4975 4687 1 0 0 1 
5 4.2356 -4.29001 -4.18371 -1.81929 6.65515 3.83182 22 923 9029 8924 1 6.5219 6.5219 49 
2.7324 -3.00698 -5 -3.45557 -1.48232 2.6191 3.86359 22 924 53612 53517 1 0 0 2 
-3.05116 5 -3.65851 -1.57637 -0.377811 2.26649 3.85187 22 925 29397 29395 1 0.228813 0.228813 4 
2.56796 2.45557 5 0.104386 0.158981 -0.474287 4.02418 22 926 34534 34532 1 0.145632 0.145632 19 
5 1.6428 -1.84256 -0.798952 0.0568709 0.496748 3.88564 22 927 23523 23485 1 0 0 1 
0.31484 1.44748 5 -0.381334 -0.158427 -0.195871 4.01324 22 928 14695 14694 1 0.206657 0.206657 3 
-2.69102 2.50679 5 -0.841958 0.0556472 -0.333363 4.35548 22 929 19259 19258 1 0 0 3 
-1.97626 5 -2.41418 -0.434616 -0.132675 0.233723 3.9325 22 930 18521 18518 1 0 0 1 
5 4.80639 -4.53181 -2.96736 -0.93764 2.86059 3.84677 22 931 15545 15510 1 0.144495 0.144495 3 
2.84839 1.47444 -5 -0.134848 0.0631698 0.129452 3.90944 22 932 45677 45651 1 0.356133 0.356133 21 
5 4.31326 1.30746 -0.28898 -0.179594 0.381012 3.85998 22 933 14408 14184 1 0.106431 0.106431 3 
-1.16565 5 -2.89002 -0.744421 -0.285282 0.123094 3.95139 22 934 30466 30351 1 0.569553 0.569553 3 
5 -0.823047 -0.0798166 -0.213882 0.00347614 -0.0274981 4.10285 22 935 8631 8629 1 0.215208 0.215208 29 
5 1.46962 -3.08527 -0.426562 -0.140801 0.243598 3.89337 22 936 22168 22127 1 0 0 1 
5 -0.0230089 1.34629 -0.201463 -0.0588409 -0.141217 3.9758 22 937 39760 39566 1 0.1269 0.1269 6 
5 4.89516 -1.37405 -0.274894 -0.156826 0.37463 3.89066 22 938 1319 1299 1 0 0 3 
5 -0.859652 -4.51666 -0.329669 0.102004 -0.213991 4.04353 22 939 27154 27142 1 0 0 1 
5 -0.610663 0.513036 -0.62801 -0.113336 0.470409 3.90622 22 940 14564 14544 1 0 0 2 
5 -0.657041 -2.83371 -12.2323 -5.63894 1.46197 3.90464 22 941 14270 14269 1 0 0 2 
5 1.26923 0.836673 -0.456529 -0.229389 0.00906988 4.03023 22 942 21348 21346 1 0.129613 0.129613 3 
-0.507254 3.80151 -5 -0.336864 -0.010596 0.0588585 3.97462 22 943 25326 25306 1 0 0 1 
5 -1.5331 4.95387 -1.37367 -0.386817 -0.572866 4.06577 22 944 2594 2573 1 0 0 4 
5 -1.02628 0.61065 -2.33646 -1.09552 -1.10588 4.03548 22 945 11817 11816 1 0.115682 0.115682 3 
5 -2.90561 3.843 -0.463972 -0.253657 -0.024363 4.03033 22 946 25263 25215 1 0.528851 0.528851 31 
5 -2.00016 2.74608 -1.91511 -0.887671 1.81654 3.90944 22 947 13166 13165 1 1.21215 1.21215 9 
5 2.95223 -2.78472 -0.526018 -0.248155 0.0745164 4.00164 22 948 24469 24424 1 0.869882 0.869882 2 
-1.53957 -1.71982 -5 -1.13642 -0.476304 1.09271 3.87581 22 949 42133 41958 1 0 0 1 
5 4.50112 2.56489 -0.300674 0.0133176 0.208576 3.87487 22 950 15336 15333 1 0 0 2 
-2.54093 3.35233 5 -0.383302 -0.230301 -0.247308 4.21713 22 952 2341 2339 1 0 0 3 
2.96632 5 1.59061 -0.399444 -0.120202 -0.249453 4.12529 22 953 16046 16045 1 0 0 3 
5 0.255285 0.682463 -1.04048 -0.460609 0.932346 3.89377 22 954 26666 26637 1 0 0 3 
5 -2.12667 4.69576 -0.244435 -0.105446 -0.106268 3.94134 22 955 2582 2581 1 0 0 3 
0.930849 2.27655 5 -0.380966 -0.0744523 -0.332328 4.28165 22 956 19833 19831 1 0 0 4 
-1.41019 5 -2.22533 -2.21303 -0.615208 2.19827 3.87445 22 957 44433 44373 1 0 0 1 
5 -4.33061 1.38359 -3.29329 -0.662311 3.30284 3.89309 22 959 1264 1207 1 0 0 1 
0.920421 5 -3.28467 -0.336692 -0.242944 0.0786457 3.94758 22 961 45527 45503 1 0 0 1 
5 3.83116 -1.08181 -0.308042 0.00793138 0.0918308 3.89843 22 962 9624 9623 1 0.831998 0.831998 33 
4.81332 5 1.71561 0.305267 -0.250251 -0.409986 4.1981 22 963 50467 50463 1 0 0 1 
5 1.28167 4.12257 -0.647914 -0.240291 0.176673 3.93461 22 964 13865 13848 1 0.0436394 0.0436394 3 
5 2.04977 -1.21941 -1.03055 -0.429601 -0.0148771 3.98148 22 965 31081 30985 1 0 0 1 
-3.37987 5 -1.4091 -0.0506879 -0.370566 -0.0477039 4.01772 22 967 3737 3736 1 0 0 5 
5 -3.85588 3.76774 -0.326147 -0.471817 0.188853 3.96077 22 968 13708 13589 1 0 0 2 
5 4.6403 4.29697 -0.621152 -0.17433 0.58158 3.89734 22 970 55400 55327 1 0 0 1 
5 -1.2925 3.23517 -0.408731 -0.0223923 0.159241 4.02295 22 973 49729 49728 1 0.293936 0.293936 3 
5 4.15549 3.12549 -1.42103 -0.888892 -2.03675 4.03505 22 974 41428 41427 1 0 0 3 
5 0.990425 -3.03707 -0.646535 -0.521516 0.000391645 3.93814 22 975 5299 5190 1 0.283067 0.283067 35 
2.46375 1.32815 5 -0.0140691 -0.0973589 -0.223444 3.96 22 976 15127 15126 1 0.440054 0.440054 46 
5 3.9842 1.19808 -0.453762 -0.102847 0.564991 3.88342 22 977 4472 4422 1 0 0 3 
5 4.50674 0.0998452 -0.648605 -0.356878 0.14766 3.91227 22 978 7210 6776 1 0 0 3 
5 -1.24961 0.953251 -0.449591 -0.160393 -0.182379 4.04274 22 979 23206 23205 1 0 0 2 
5 3.14472 -3.53283 -1.7996 -1.11822 -0.332489 4.04412 22 980 16415 16301 1 0.0650808 0.0650808 3 
5 0.668087 1.51391 -2.68321 0.672327 -2.21696 4.43192 22 981 4399 4396 1 0.334204 0.334204 22 
3.57711 5 1.67856 -0.231453 -0.322887 -0.232778 4.1646 22 982 5952 5928 1 0.148343 0.148343 4 
5 -0.504181 -4.88314 -1.3259 -0.534319 -0.166556 3.93884 22 983 18960 18809 1 0 0 1 
5 -2.33782 -4.4271 -0.399377 -0.278507 -0.272903 4.03099 22 984 19506 19407 1 0 0 1 
5 -1.63095 3.2997 -0.4507 -0.161559 -0.00438438 4.06245 22 985 8356 8337 1 0 0 1 
5 -1.60267 3.7249 -4.45814 -0.857548 1.10112 3.96164 22 987 27858 27857 1 0 0 1 
5 3.03833 -4.33802 -5.11294 -3.123 2.80123 3.88826 22 989 56597 56563 1 0 0 1 
5 -4.14459 -2.30912 -0.573688 -0.295893 0.316574 3.89742 22 990 16659 16629 1 0 0 3 
5 2.67057 -0.395946 -0.20437 0.328281 0.17951 3.93946 22 991 6247 6008 1 0 0 1 
4.82648 3.46853 5 -0.697613 -0.312061 -0.378302 4.12209 22 992 17741 17740 1 0 0 2 
-0.260606 4.89364 -5 -0.492197 -0.0793774 0.112078 3.95375 22 993 16788 16763 1 0 0 3 
-4.65541 -0.935288 -5 -0.400848 -0.0324079 0.095958 4.19097 22 994 6097 6096 1 0 0 3 
2.49447 5 -4.99748 -0.473755 -0.540318 -0.038431 3.95144 22 995 23575 23547 1 0 0 1 
5 -1.31456 3.53171 -0.286189 -0.143627 0.39823 3.86615 22 996 28662 28643 1 0 0 1 
1.77549 0.243885 -5 -2.44503 -0.919719 1.89023 3.87704 22 997 4155 4046 1 0.905498 0.905498 5 
1.89753 5 2.01592 -0.998496 -0.399315 1.11245 3.86545 22 998 9789 9770 1 0 0 3 
5 4.39196 -3.1538 -0.387197 -0.148789 -0.29843 4.06597 22 999 24223 24187 1 0 0 1 
