# Det0_6_20
#x y z Px Py Pz t PDGid EventID TrackID ParentID Weight Edep VisibleEdep Ntracks
4.05937 3.62317 -5 -0.805581 0.301386 2.642 4.0084 22 1 38657 36725 1 0 0 2 
3.80959 -3.41827 -5 -0.317473 -0.0131807 0.528502 4.03404 22 2 19674 19619 1 0.516473 0.516473 25 
1.39521 4.77788 -5 -0.306904 0.0440674 0.304874 4.06883 22 4 10402 10123 1 0 0 4 
5 3.76728 -2.95676 -0.360082 -0.0163148 -0.100447 4.16353 22 6 37232 37231 1 0 0 1 
5 -4.56332 -0.282 -1.77021 -0.410665 1.76433 4.0711 22 7 14056 14048 1 0 0 2 
5 -0.593394 -3.64133 -0.211518 0.0114271 0.190838 4.06711 22 9 7333 7285 1 0.0736802 0.0736802 6 
5 -3.35564 -1.72081 -0.334915 0.00406667 0.2344 4.1597 22 10 7866 7841 1 0 0 3 
-0.629548 3.24429 -5 -0.229839 0.038172 0.304341 4.0476 22 11 9286 9156 1 0 0 2 
5 4.76119 2.20137 -0.508652 -0.0400802 0.0280538 4.19387 22 13 4256 4255 1 0 0 1 
5 -3.59464 -3.86443 -0.44937 -0.139183 0.199537 4.08824 22 14 13263 13262 1 0 0 2 
5 -4.13678 2.61299 -0.379095 -0.37834 -0.0282708 4.22078 22 16 9249 9228 1 0 0 2 
5 -0.403538 -1.46573 -0.429876 0.260293 0.0925969 4.16278 22 17 3412 3411 1 0.00682063 0.00682063 3 
4.87797 2.34264 -5 -0.828563 -1.09014 1.50149 4.06746 22 18 12567 12544 1 0 0 1 
5 0.0269892 4.09425 -0.467005 0.00562862 0.207352 4.08027 22 19 36492 36491 1 0 0 1 
5 -2.1191 -0.15292 -0.938118 -0.0442151 0.300437 4.13592 22 21 2949 2926 1 0 0 2 
4.0246 -2.04984 -5 -1.35817 -0.0980954 1.36675 4.03808 22 22 27540 27430 1 0 0 1 
-3.28677 5 2.93521 -0.204908 -0.257355 0.0136653 4.14874 22 23 1621 1509 1 0 0 4 
0.521992 1.08083 -5 -0.180552 0.00392208 0.478023 4.05444 22 24 35118 35117 1 0 0 1 
5 -2.0172 4.26161 -2.72543 0.841794 6.60723 4.03938 22 25 17110 16728 1 0.472195 0.472195 61 
-2.58362 -1.36699 -5 -11.431 2.99678 8.51623 4.08445 22 26 40016 39957 1 0 0 1 
-0.8603 -2.05779 -5 -0.0871965 0.0925698 0.0340824 4.20281 22 28 10694 10693 1 0.131179 0.131179 29 
4.80815 -2.08696 -5 -0.0421531 -0.156097 0.105223 4.1014 22 30 10624 10605 1 0 0 4 
1.54736 -0.655832 -5 -3.28129 0.283322 5.73864 4.03252 22 31 42235 42093 1 0 0 3 
-4.02914 1.49147 -5 -4.3655 0.614494 6.89562 4.04047 22 33 17957 17927 1 0.885385 0.885385 70 
2.84233 -4.91238 -5 -1.40483 -0.0805013 3.00832 4.02615 22 34 4879 4692 1 0 0 2 
5 3.09379 -0.664741 -0.724447 0.425654 0.859891 4.05574 22 35 3699 3583 1 0 0 3 
-0.769272 -5 0.79697 -0.347462 0.188874 0.969133 4.05559 22 36 2409 2174 1 0 0 1 
5 -2.89827 0.0764472 -0.846218 0.236954 1.91353 4.0309 22 37 26231 26020 1 0 0 3 
5 3.03456 -2.08862 -0.438954 0.103988 0.240055 4.11121 22 38 2901 2877 1 0 0 3 
-1.66105 -2.73412 -5 -0.818723 0.0604487 1.83173 4.01723 22 40 10400 9615 1 0 0 3 
0.255768 1.99089 -5 -0.0995885 -0.0414389 0.353765 4.07504 22 42 12471 12374 1 0 0 3 
5 4.78561 -3.4458 -1.41377 0.839078 1.06871 4.0594 22 44 4221 4145 1 0 0 3 
5 -0.120094 1.45154 -0.476428 0.028765 0.420647 4.08546 22 45 4559 4500 1 0 0 2 
0.285822 1.57656 -5 -0.32584 -0.00236816 0.115449 4.12955 22 46 49789 49471 1 0.0502719 0.0502719 2 
0.945049 -1.87549 -5 -0.106742 0.023142 0.260487 4.10355 22 48 11583 11582 1 0 0 1 
5 -0.864648 -3.65275 -0.394151 0.202319 1.16725 4.01179 22 49 26123 25679 1 0.663607 0.663607 32 
-1.88384 2.90422 -5 -0.0938353 0.140164 0.595864 4.09619 22 50 12461 12389 1 0 0 1 
0.902647 -5 4.00694 -0.337139 0.177811 0.317317 4.10447 22 51 16946 16711 1 0 0 3 
5 -3.70252 -3.23537 -1.16072 2.30445 -0.0478953 4.11611 -11 52 1814 1813 1 2.11981 2.11981 3 
5 -3.91291 -1.04504 -1.67344 0.436539 2.37378 4.0419 22 53 8106 7981 1 0 0 2 
2.87316 -5 2.16129 -11.0917 1.5822 22.3459 4.05066 22 54 4426 4280 1 0 0 1 
5 -1.85417 4.77066 -0.804201 0.12063 0.55678 4.1001 22 55 5594 4477 1 0.829032 0.829032 4 
5 0.0999024 -0.462078 -0.178125 0.219326 -0.19895 4.15917 22 56 9022 9001 1 0 0 3 
5 -3.16705 4.48935 -6.54807 -1.96163 -0.124327 4.10532 -11 58 16151 16150 1 1.02807 1.02807 4 
4.75503 -1.16918 -5 0.0972819 0.0264426 0.233455 4.14478 22 59 1317 1316 1 0 0 5 
-4.84289 -1.40478 -5 -0.524053 0.0213082 1.47658 4.01122 22 60 25039 1 1 0.107208 0.107208 5 
5 4.56663 -2.50764 -1.12832 0.512029 0.929351 4.08211 22 62 2910 2821 1 0 0 4 
3.90288 2.83192 -5 -2.31853 -0.44672 3.00334 4.03592 22 63 6350 6214 1 1.26954 1.26954 20 
5 2.8432 1.80223 -1.27411 0.161686 0.570473 4.15504 22 64 33632 33631 1 0 0 1 
5 -2.37871 -3.1137 -0.306397 0.0392654 0.725527 4.026 22 66 37540 37357 1 0 0 1 
5 -3.78611 -1.12415 -0.837198 -0.135508 0.249071 4.14664 22 68 23351 23295 1 0.436697 0.436697 5 
-0.169723 -3.90754 -5 -1.14538 0.191423 0.355944 4.13994 22 69 4932 4894 1 0.132819 0.132819 18 
1.74677 -5 -3.52076 2.07797 1.82591 1.31439 4.0366 22 70 30003 30002 1 0 0 2 
5 -4.78629 1.11238 -0.632145 0.0727795 0.227207 4.10934 22 71 16689 16452 1 0 0 2 
5 -0.833038 2.34401 -1.45469 0.481289 0.629691 4.14483 22 72 3809 3808 1 0 0 2 
5 1.56112 -1.33872 -0.645902 0.540242 0.828186 4.04991 22 73 29781 29201 1 0 0 2 
5 -2.99931 -0.226588 -3.53084 -1.37115 0.0568013 4.09236 22 74 42273 42272 1 0 0 1 
5 1.27897 3.96372 -0.248288 0.0118673 0.176692 4.1531 22 75 7712 7386 1 0 0 2 
5 0.422947 1.84885 -1.77163 0.977921 0.940322 4.10593 22 77 4549 4463 1 0.55829 0.55829 11 
1.23262 -2.47599 -5 -1.32549 0.312567 2.20148 4.0342 22 78 24621 1 1 0.800814 0.800814 29 
5 -3.19068 4.20391 -0.19774 -0.104007 -0.124645 4.06281 22 79 27783 27755 1 0 0 1 
5 -4.37139 -3.5188 -0.336131 0.0317975 0.0898503 4.15264 22 80 3747 3721 1 0 0 1 
-0.854475 5 -1.1376 -0.314311 -0.160808 0.494711 4.04885 22 81 24571 24530 1 0 0 3 
5 1.99463 2.35991 -0.469372 0.0155234 0.201417 4.11121 22 83 4547 4546 1 0.251802 0.251802 2 
1.5416 -5 -0.777825 -0.168867 0.0875626 0.145642 4.08525 22 85 8861 8860 1 0.510131 0.510131 51 
5 0.472297 -1.70479 -0.362834 0.0428776 0.680552 4.03075 22 86 7551 6911 1 0 0 2 
5 1.69028 -4.11422 -0.485992 0.0568695 0.196909 4.04225 22 87 19623 19443 1 0.219257 0.219257 7 
4.98503 -5 -1.97999 -0.537392 0.108479 0.151762 4.11803 22 88 22973 22943 1 0 0 1 
5 -3.21639 -2.99999 -0.783049 -0.228156 0.29833 4.0591 22 89 8746 6342 1 0 0 3 
5 2.03348 -2.86044 -0.458705 -0.117732 0.111705 4.16238 22 90 20889 20888 1 0.339434 0.339434 5 
5 -3.70916 -1.9513 -0.481429 0.161925 -0.0559108 4.14748 22 91 1320 1317 1 0 0 2 
4.92999 5 -3.55412 -0.360169 -0.337437 -0.132416 4.06947 22 92 6267 6266 1 0.238861 0.238861 29 
5 0.783999 0.898022 -1.23219 0.434107 0.34826 4.08028 22 93 33405 33404 1 0 0 1 
5 -2.65855 0.189106 -0.472076 0.0856955 0.175843 4.12192 22 94 31272 31271 1 0.264079 0.264079 3 
2.84424 -2.80312 -5 -1.0756 0.396538 0.779383 4.07128 22 95 26343 26285 1 0 0 1 
5 -4.87934 1.36941 -0.48313 0.164643 0.0244496 4.14799 22 96 14981 14980 1 0 0 4 
-0.237685 -5 -2.00202 -1.5588 0.904309 3.72903 4.03539 22 98 47102 46935 1 2.75898 2.75898 4 
5 4.24566 1.90223 -0.119195 -0.0598364 0.414966 5.13237 22 99 2927 2900 1 0 0 2 
5 -0.632128 -1.39216 -1.37627 0.422325 1.97844 4.0563 22 100 18868 18755 1 0.19797 0.19797 28 
0.965458 2.14267 -5 -0.388098 -0.16455 0.244843 4.13135 22 101 45052 45051 1 0 0 2 
5 3.77815 2.06033 -2.03921 0.159257 0.995514 4.11521 22 102 34821 34655 1 0 0 1 
-4.99799 0.660012 -5 -7.38052 1.73735 16.8059 4.02155 22 104 5846 5642 1 2.4171 2.4171 27 
2.17587 -0.946635 -5 -4.0634 -0.189095 4.82456 4.04378 22 105 10153 9827 1 4.13505 4.13505 5 
5 -4.29523 3.18187 -4.40817 0.421504 7.29387 4.04657 22 106 2734 2547 1 0 0 2 
-0.0394899 -0.935566 -5 -0.633308 0.139698 0.69394 4.04215 22 107 1191 1180 1 0.269848 0.269848 2 
5 -2.72144 2.8172 -0.341829 -0.0139409 0.364583 4.07279 22 108 11779 11778 1 0 0 1 
5 4.06199 -2.29557 -0.472643 0.104789 0.163546 4.12205 22 110 21810 21787 1 0 0 2 
4.57975 4.42723 -5 -4.59619 7.17484 7.50631 4.01149 11 112 2151 2071 1 0.489171 0.489171 3 
-3.27484 -0.0646479 -5 -1.86729 0.0988172 1.12478 4.08919 22 113 50553 50501 1 0 0 1 
3.61698 5 -4.71474 0.0981789 -0.0919813 0.0102619 4.15701 22 114 11059 11057 1 0 0 1 
5 -2.85133 -3.92315 -2.80192 -0.099035 3.32199 4.05569 22 115 23873 23770 1 0 0 1 
5 -1.15888 2.27917 -1.05295 -0.17268 0.355899 4.20922 22 116 12523 12498 1 0.590723 0.590723 4 
5 -2.44867 -1.46127 -0.874034 -0.0680649 -0.0482265 4.08925 22 117 36247 36154 1 0.0207889 0.0207889 14 
5 1.59511 -4.77412 -0.241379 0.458088 0.0304311 4.08591 22 119 16168 15666 1 0 0 3 
-0.797374 -5 1.03341 -0.815808 0.628701 0.381395 4.1259 22 121 1750 1707 1 0 0 2 
5 0.66327 3.81066 -0.361008 0.0620375 0.24907 4.09809 22 122 5053 5052 1 0 0 1 
-2.05796 4.02835 -5 -0.672144 0.151536 0.598359 4.08139 22 123 41006 40952 1 0.60973 0.60973 2 
5 -1.77925 -1.03132 -0.418532 0.084871 0.280621 4.09755 22 124 11819 11816 1 1.44521 1.44521 13 
-0.7035 5 1.66122 -0.136606 -0.0302888 -0.104828 4.11805 22 125 7980 7934 1 0.17432 0.17432 33 
5 -1.55903 -4.17708 -0.742028 -0.261179 0.340606 4.14153 22 126 20110 20109 1 0 0 1 
5 1.16597 4.53974 -0.195563 0.159601 0.220556 4.06509 22 127 36632 36604 1 0 0 1 
2.58977 -5 -1.5575 -0.78266 0.0641318 1.38969 4.02874 22 128 9059 8442 1 0 0 2 
-4.63785 0.648146 -5 -2.0718 0.407481 2.23749 4.06031 22 129 6512 6363 1 0.815846 0.815846 63 
5 3.95675 4.62296 -0.643808 0.252803 1.36422 4.05656 22 130 5073 4828 1 0 0 2 
-1.56332 2.45399 -5 -2.11256 0.571476 1.90655 4.06443 22 131 5630 5544 1 0.335783 0.335783 3 
5 3.73021 -0.558623 -1.05324 -0.427922 0.131115 4.17283 22 132 1793 1764 1 0.38647 0.38647 5 
4.05947 1.25332 -5 -0.91609 0.137664 1.87504 4.02279 22 133 4492 4403 1 1.37336 1.37336 6 
0.216941 -3.62918 -5 -0.803846 0.0481384 1.28147 4.03988 22 134 17659 17482 1 0 0 4 
-3.22679 -4.4555 -5 -0.321138 0.110859 0.343275 4.0386 22 135 60701 60697 1 0 0 1 
5 -3.50983 1.14832 -0.503829 0.0833982 -0.0179093 4.14508 22 137 2920 2919 1 0.510625 0.510625 27 
5 4.66044 -0.181197 -1.59316 0.621973 2.84531 4.03912 22 138 14440 14270 1 0 0 3 
4.32691 3.47147 -5 -0.478109 -0.06091 0.169769 4.09981 22 139 28316 28315 1 0 0 1 
5 3.46169 4.50422 -1.75234 0.605909 2.04161 4.06249 22 140 4257 4163 1 0 0 5 
2.36525 4.62047 -5 -0.782979 0.284378 1.69512 4.0137 22 141 5577 5464 1 0 0 1 
5 2.93002 -2.09078 -0.240957 -0.102677 0.438767 4.03517 22 142 12392 12391 1 0 0 3 
5 -3.34446 -4.15564 -0.251239 0.0301345 0.443949 4.03715 22 143 22527 22526 1 0 0 2 
5 -4.2227 -2.70735 -0.495286 -0.165743 1.10082 4.03751 -11 145 7540 7539 1 0.0573593 0.0573593 3 
5 -3.05299 1.10876 -2.96865 0.301403 6.53998 4.03605 22 146 19576 19268 1 0 0 2 
-2.46698 -1.07982 -5 -0.797754 0.266763 1.81826 4.02052 22 147 24906 23367 1 0 0 3 
3.3814 -5 3.56126 -1.20457 0.360301 0.444423 4.10503 22 148 13582 13535 1 0 0 3 
-2.77854 1.64381 -5 -0.793772 0.167408 0.666045 4.07542 22 149 4939 4493 1 0.32033 0.32033 23 
5 -1.78036 -3.47345 -3.03801 0.59066 4.07818 4.05069 22 150 3798 3612 1 0 0 3 
-2.12809 -2.45614 -5 -0.0677626 0.513938 0.403429 4.03864 22 152 23155 23085 1 0 0 2 
5 -0.268567 2.27349 -0.818185 0.568858 0.616913 4.09586 22 153 27741 27715 1 0.537576 0.537576 5 
3.18822 2.41258 -5 -1.82014 -0.303097 3.24469 4.02335 22 154 8170 8146 1 0 0 5 
3.80435 5 -3.17265 -0.098841 -0.17951 -0.0870524 4.10019 22 157 18093 18092 1 0.534926 0.534926 26 
-2.28483 -3.29022 -5 -0.21507 0.0564251 0.350448 4.13261 22 158 2806 2805 1 0 0 2 
-2.45775 -4.23839 -5 -0.437109 0.163808 0.207901 4.15089 22 159 6416 6391 1 0.395072 0.395072 28 
5 -3.5768 1.91 -1.15396 -0.00278074 0.557759 4.09497 22 161 15454 15303 1 0 0 1 
5 -3.69024 -2.22449 -0.865488 0.434777 2.20122 4.02382 22 162 19625 19443 1 0.0333552 0.0333552 16 
5 -3.43957 -2.53202 -0.495581 0.0285516 0.121261 4.1083 22 163 3522 3496 1 0 0 3 
5 3.55602 0.775978 -0.436079 -0.00892464 0.260745 4.07253 22 164 12523 12481 1 0 0 5 
-3.33696 1.82815 -5 -0.287428 0.206842 0.347198 4.13066 22 165 2311 2310 1 0.100088 0.100088 27 
3.42177 1.7592 -5 -0.982023 -0.391586 1.77522 4.05607 22 166 33757 33619 1 0.114397 0.114397 2 
5 1.65892 -0.751833 -0.296789 0.0196915 0.41551 4.05152 22 168 22409 22390 1 0.427645 0.427645 9 
5 -2.24007 -0.0981934 -0.413465 0.105807 0.300391 4.08479 22 170 2630 2608 1 0 0 2 
3.18574 2.74563 -5 -0.178594 0.0416005 0.474795 4.03894 22 171 23087 22803 1 0.508778 0.508778 16 
-3.61465 0.335995 -5 -1.12575 -0.00899665 1.75292 4.02966 22 172 26507 26378 1 0 0 2 
5 -1.01809 1.89592 -3.35807 -0.887422 0.997545 4.16065 11 173 11416 11413 1 3.60077 3.60077 57 
5 3.50979 -0.168349 -1.68945 -0.0428045 0.236686 4.09503 22 175 9400 9370 1 1.25759 1.25759 9 
1.58057 -5 -4.92787 -0.493387 0.128582 0.0339998 4.16621 22 176 12080 12057 1 0 0 3 
3.95439 -1.67771 -5 -0.214506 0.0851305 0.787074 4.05053 22 179 6995 6951 1 0 0 3 
5 -0.735645 2.80401 -1.05583 0.209193 0.992582 4.07666 22 180 11226 11172 1 0.394449 0.394449 6 
-4.48414 0.960479 -5 -2.22234 2.55554 0.544914 4.07649 22 181 25832 25831 1 0.289716 0.289716 14 
5 -2.18608 2.82388 -0.399677 -0.0806548 0.281344 4.1394 22 182 25337 25241 1 0 0 1 
4.27802 -4.91592 -5 -3.94851 0.569151 3.82228 4.03912 22 183 1347 1184 1 0 0 2 
5 -2.93354 1.61573 -0.670868 0.147487 0.0784753 4.09963 22 184 19876 19662 1 0 0 2 
5 1.64801 2.73084 -0.895805 0.144065 1.01358 4.07124 22 185 24396 24388 1 0 0 2 
5 0.188046 -0.163405 -0.319833 0.0827423 0.0852178 4.18309 22 186 3533 3521 1 0.00352055 0.00352055 4 
-0.10846 -1.05634 -5 -1.5252 0.852475 1.92558 4.05031 22 187 29458 29149 1 0 0 1 
5 2.65992 1.31802 -0.402381 0.151659 0.0599824 4.13663 22 188 11518 11517 1 0 0 6 
1.16293 -5 -4.34892 -0.958529 0.408008 0.647483 4.05652 22 189 19312 19311 1 0 0 2 
0.688323 3.10673 -5 -1.71281 0.415986 2.04376 4.0565 22 191 17655 17530 1 0.391726 0.391726 28 
5 0.171172 -0.0415909 -0.107777 -0.133865 0.357131 4.14979 11 192 7489 7466 1 0.30225 0.30225 31 
5 2.38726 3.89997 -0.402725 -0.0792196 0.35157 4.1048 22 193 8469 8049 1 1.89172 1.89172 7 
5 -2.27055 -1.29003 -0.534352 0.123178 0.598922 4.0546 22 194 2578 2212 1 0 0 1 
2.62143 3.46314 -5 -2.53619 0.965519 0.627613 4.11866 22 195 11030 10866 1 0 0 2 
5 -0.586708 2.70445 -0.233608 -0.0274666 0.195631 4.11218 22 196 38859 38843 1 0 0 1 
5 -0.0155963 -0.631765 -0.242541 0.0343614 0.349409 4.07144 22 197 3709 3422 1 0 0 4 
-3.19183 -0.575007 -5 -1.88988 0.059694 2.26587 4.04349 22 198 49555 49166 1 0 0 1 
-0.653272 -5 -0.352484 -0.478736 0.366312 0.0224208 4.13515 22 200 34126 34083 1 0.0796818 0.0796818 2 
-2.34765 -0.886479 -5 -0.636612 0.120466 0.574971 4.07497 22 201 4222 4130 1 0 0 1 
0.520891 4.00196 -5 -0.48532 0.114084 0.274435 4.07103 22 203 17168 17082 1 0 0 4 
-2.0145 -5 0.676165 -0.0931816 0.57528 0.0692023 4.10188 22 204 3756 3544 1 0.818964 0.818964 24 
-0.0493027 3.87528 -5 -0.295836 -0.0300491 0.764224 4.04874 22 205 5049 4998 1 0.622897 0.622897 4 
5 -1.51602 1.9666 -0.91787 0.462432 0.593054 4.10314 22 206 3112 3021 1 0 0 3 
5 2.62055 -1.03076 -0.201979 0.14742 0.363912 4.05597 22 207 7806 7805 1 0.607823 0.607823 24 
5 -1.48716 -0.971355 -2.39877 0.199838 0.51654 4.12029 22 208 19252 19142 1 0 0 3 
5 -4.11518 -3.26739 -1.49085 0.264437 0.749913 4.06246 22 209 4441 4410 1 0 0 4 
2.63204 -3.02331 -5 -0.322512 0.100291 0.383468 4.05974 22 210 7383 7382 1 0.268259 0.268259 4 
-1.9546 1.58362 -5 -0.185698 -0.432245 0.707368 4.06646 22 211 31447 31388 1 0.00327931 0.00327931 3 
5 -2.80958 -0.673528 -0.57913 -0.0408019 -0.0916491 4.15342 22 212 8674 8673 1 0 0 3 
-1.02995 -0.351011 -5 -1.69641 0.485364 3.58713 4.02664 22 213 18767 18676 1 0 0 2 
5 0.890472 3.89254 -7.34734 -0.3179 12.9512 4.04985 22 214 12790 12747 1 0 0 5 
5 1.49435 -1.58357 -0.252887 -0.0237456 0.437665 4.03725 22 215 1144 1096 1 0.0520791 0.0520791 2 
-2.37168 -5 -0.806904 -0.428651 0.224679 -0.0180922 4.18506 22 216 2575 2574 1 0 0 2 
4.26795 3.3301 -5 -3.24426 1.3536 1.72036 4.08431 22 219 3827 3721 1 0 0 1 
3.47385 -5 -2.31091 0.123379 0.131404 -0.0336016 4.12445 22 220 42289 41857 1 0 0 2 
5 1.7221 -1.1713 -0.260434 0.0913146 0.19599 4.15669 22 221 9438 9437 1 0 0 3 
5 4.21374 4.77503 -0.438532 0.0598334 0.775885 4.0609 22 222 10795 10771 1 0.184363 0.184363 29 
-3.67221 1.75396 -5 -0.0838826 0.141191 0.38013 4.09259 22 224 1463 1461 1 0 0 2 
-0.0485239 -5 2.3752 -0.131411 0.211514 0.222514 4.08555 22 226 9988 9987 1 0 0 2 
5 -2.30967 1.41902 -0.429164 -0.137103 0.241124 4.10572 22 228 5459 5458 1 0 0 2 
5 2.30894 1.59345 -4.92191 2.89026 5.17572 4.08684 22 229 21121 21023 1 0 0 1 
-1.82681 -5 -1.61541 -0.138873 0.202911 0.170098 4.17864 22 230 2337 2336 1 0 0 5 
5 -4.37703 4.79473 -0.267838 0.0409273 0.0249873 4.11948 22 231 37544 37510 1 0 0 1 
4.43251 -2.84806 -5 -2.30115 0.34593 6.60026 4.01246 22 233 9771 9513 1 0 0 3 
3.23339 5 1.74854 -0.373956 -0.284516 0.200818 4.12119 22 234 17676 17675 1 0 0 2 
-4.82871 -4.54642 -5 -2.04831 0.379515 2.53143 4.05269 22 236 2618 2518 1 0 0 2 
5 -4.63481 -1.30619 -0.502981 0.0901544 0.00154919 4.171 22 237 1907 1906 1 0 0 2 
-3.23626 3.75895 -5 -4.05314 0.758341 6.29963 4.03793 22 240 7743 7608 1 0 0 6 
5 0.173425 2.66265 -0.573978 0.185122 1.15608 4.05196 22 241 17436 17303 1 0 0 1 
5 3.53057 0.785487 -0.757154 -0.0100619 0.676793 4.0786 22 242 9757 9660 1 0 0 2 
0.56232 -5 -2.21496 -1.79378 0.614343 -0.00766761 4.1358 22 243 2247 2243 1 0 0 3 
5 -2.9579 -0.239381 -1.97449 0.665825 4.44571 4.03693 22 244 1781 1645 1 0 0 2 
4.35882 4.64306 -5 -0.789424 0.285894 3.50241 3.99946 22 245 6659 6607 1 0.131994 0.131994 5 
5 -2.70055 -1.43032 -0.19595 -0.0267599 0.0615161 4.19244 22 246 2003 1127 1 0 0 2 
0.551224 2.66473 -5 -0.0728205 0.0970729 0.41371 4.13772 22 248 14404 14354 1 0 0 1 
5 -1.61466 -2.28873 -0.421562 -0.0599819 0.219284 4.06905 22 252 17687 16897 1 0 0 1 
-2.43662 -5 4.57561 -2.06302 0.61083 2.62491 4.08319 22 253 21800 21728 1 0 0 3 
-3.59009 3.00883 -5 -1.4196 0.172812 2.17496 4.04216 22 254 10183 10182 1 0 0 1 
4.03381 -2.84846 -5 -0.0764174 0.289426 0.395108 4.07597 22 255 5106 4895 1 0 0 3 
5 1.59889 -1.89954 -0.278706 -0.0992097 -0.021869 4.12973 22 256 10996 10994 1 0.51058 0.51058 27 
5 -2.77437 0.744988 -0.627201 0.0336639 0.316586 4.08422 22 258 9530 9508 1 0.268371 0.268371 5 
5 2.11473 -0.702679 -13.1575 0.332546 11.1244 4.04776 22 259 27717 27716 1 1.30627 1.30627 60 
-3.31141 -2.74159 -5 -3.29228 1.69639 5.41767 4.04585 22 262 11208 11113 1 0 0 1 
5 4.84496 -0.891999 -4.16532 0.864892 3.42952 4.07343 22 263 14550 14531 1 0 0 1 
5 2.0093 3.48862 -0.431445 0.111472 0.250098 4.1229 22 265 26690 26689 1 0 0 2 
2.2198 5 0.288023 -0.189893 -0.473863 -0.0226863 4.07326 22 266 21929 21927 1 0 0 2 
5 4.89228 0.217495 -0.769791 0.244778 0.521634 4.09141 22 267 1645 1490 1 0 0 3 
5 -1.85859 -3.23604 -0.892438 -0.854752 -0.311817 4.14354 22 268 48148 48146 1 0 0 1 
5 2.30882 -3.68538 -0.367741 0.144145 0.171897 4.06954 22 270 24246 24224 1 1.66505 1.66505 19 
5 -4.45401 0.0500279 -0.276287 0.0358607 0.23602 4.07503 22 271 8245 8219 1 0 0 1 
-0.175229 2.06825 -5 0.124948 -4.24157 -2.72237 4.04329 11 272 10155 10135 1 0 0 4 
5 -3.79256 3.1782 -0.19259 -0.0212362 0.255181 4.05745 22 273 18368 18105 1 0 0 2 
2.98247 -4.4421 -5 -0.255019 -0.00845723 0.448459 4.04106 22 274 51162 51159 1 0 0 1 
5 3.16824 -4.27176 -0.206365 -0.266525 0.0790368 4.09687 22 275 12519 12518 1 0 0 2 
5 4.44005 -1.36504 -0.278699 -0.00954068 0.264109 4.15288 22 276 4957 4956 1 0.0283712 0.0283712 3 
-2.2619 -3.99121 -5 -0.608873 -0.00258775 0.370241 4.10346 22 277 45206 45150 1 0 0 1 
5 -3.63126 2.59687 -0.479132 -0.196833 0.0810517 4.11953 22 278 32302 32281 1 0.157506 0.157506 4 
-2.57739 0.772998 -5 -0.410542 0.212409 0.217848 4.0943 22 279 3992 3991 1 0 0 4 
4.30611 -1.06443 -5 -0.350818 0.0471499 0.724634 4.01614 22 280 25576 25575 1 0 0 2 
-4.47967 -1.88173 -5 -0.21558 0.0296324 0.277059 4.04014 22 281 19591 19551 1 0 0 2 
5 -1.78637 -3.26398 -0.5022 0.0920721 -0.0209216 4.15786 22 282 12537 12536 1 0.685256 0.685256 24 
5 1.90541 -1.75885 -0.173716 0.594846 0.752465 4.05078 22 283 2475 2391 1 0.371327 0.371327 23 
-4.44542 -4.60015 -5 -0.962837 0.37125 0.854052 4.06208 22 284 15246 14926 1 0 0 3 
5 -1.78973 0.729053 -0.86456 0.20696 1.4335 4.05054 22 285 23287 22667 1 0 0 3 
5 0.628926 1.02779 -0.911938 0.444248 2.1758 4.03049 22 286 7202 6904 1 0.19279 0.19279 5 
5 -1.65677 0.933544 -0.885103 0.467244 0.175927 4.15858 22 287 25552 25455 1 0 0 1 
2.36365 -4.53677 -5 -0.394328 0.0965091 0.664274 4.02682 22 288 13778 13699 1 0 0 1 
5 3.78597 -2.8954 -0.204674 0.0906511 0.29765 4.04167 22 289 5990 5776 1 0 0 2 
5 -1.94673 4.27526 -0.290507 -0.171328 0.119668 4.12234 22 290 33146 33114 1 0 0 1 
5 1.0609 -4.84133 -0.396965 0.129358 0.457955 4.03959 22 291 8758 8448 1 0.619188 0.619188 32 
5 4.86865 3.7381 -0.796547 0.213061 1.6329 4.05583 22 292 39165 37707 1 0 0 2 
5 3.16117 1.55893 -0.280958 0.229187 0.237985 4.15266 22 293 6250 6223 1 0.0788586 0.0788586 3 
0.842965 -3.80465 -5 -0.661074 -0.130646 1.40258 4.01673 22 294 19308 19258 1 0.0172296 0.0172296 5 
4.41701 -5 -4.1966 -0.244849 0.106442 -0.230579 4.11513 22 295 19838 19834 1 0 0 3 
3.53657 -5 -4.16766 -0.240607 0.11615 0.236403 4.06453 22 296 49036 48764 1 0 0 2 
5 1.82518 4.32688 -0.344997 0.0285528 0.130377 4.09998 22 297 9471 9469 1 0 0 2 
4.18905 -1.48119 -5 -2.00139 0.419225 1.31798 4.07952 22 298 30206 30108 1 0.526681 0.526681 4 
5 -0.668218 -3.70781 -0.421147 0.124773 0.177722 4.07488 22 299 17046 16057 1 0.167023 0.167023 2 
3.50688 1.77437 -5 -0.0908014 -0.167139 0.363675 4.07195 22 300 4208 4207 1 0 0 2 
5 1.53989 -4.76052 -0.839065 0.49884 0.664346 4.11604 22 301 41331 41303 1 0 0 1 
-3.16304 -5 -0.959223 -0.498062 0.547142 3.08977 4.0362 22 302 9721 9240 1 2.76106 2.76106 4 
0.322744 -0.968572 -5 -0.865797 0.0580392 1.40906 4.03427 22 303 11574 11252 1 0.0985031 0.0985031 3 
3.66653 -5 -2.20844 -0.418519 0.258382 0.138567 4.23829 22 304 48472 48471 1 0 0 1 
1.63599 -5 -2.5945 -0.435268 0.0752175 0.256912 4.12123 22 305 1643 1631 1 0 0 1 
0.472744 2.15398 -5 -0.263917 0.269032 0.48832 4.10482 22 307 6330 6287 1 0 0 5 
1.94769 -3.75644 -5 -0.148901 -0.372562 0.223645 4.04377 22 308 30193 30101 1 0 0 2 
5 2.42244 4.834 -0.338917 -0.180141 0.337349 4.13214 22 311 15767 15766 1 0 0 3 
-1.18309 -0.980937 -5 -3.68292 0.710544 7.36709 4.03082 22 312 52656 52473 1 0 0 1 
4.95142 3.71376 -5 -0.127323 0.504598 0.3063 4.03975 22 313 11561 11524 1 0 0 3 
-3.84247 -1.27908 -5 -0.386597 -0.0326286 0.573079 4.10879 22 314 34560 34384 1 0.106737 0.106737 21 
5 0.884511 -0.0333857 -0.490712 0.061788 0.128467 4.14161 22 315 6370 6369 1 0.200666 0.200666 33 
1.00527 -2.05916 -5 -0.363214 -0.046366 0.196342 4.10959 22 316 18637 18606 1 0 0 1 
5 1.11973 1.17486 -0.253158 -0.18045 -0.00438571 4.06141 22 317 20331 20238 1 0.310813 0.310813 13 
5 -2.46335 -3.76255 -0.287832 0.0367787 0.249861 4.06078 22 318 49420 49330 1 0.0876873 0.0876873 2 
5 2.87646 -3.44152 -0.338059 0.133413 0.287628 4.07931 22 319 13840 13839 1 0 0 3 
1.6285 4.10922 -5 0.0801979 0.0268018 1.19396 4.01718 22 320 17593 17530 1 0.510841 0.510841 71 
5 2.47202 0.378729 -0.533116 -0.139186 0.0608704 4.12464 22 322 44342 44171 1 0 0 1 
5 1.85576 4.49392 -0.593761 0.109478 0.289141 4.11284 22 323 4827 4725 1 0.00894384 0.00894384 10 
2.93712 -4.34335 -5 -0.278526 0.0850711 0.279301 4.04153 22 324 33739 33669 1 0.0558639 0.0558639 2 
-3.3276 -5 3.26146 -0.317095 0.0543405 0.0917353 4.13408 22 325 3669 3623 1 0.800701 0.800701 28 
5 1.80772 2.81653 -0.260084 0.110768 0.253176 4.1809 22 326 21175 21173 1 0 0 1 
5 -0.449305 0.309487 -0.442268 0.179255 0.0329109 4.14607 22 327 13404 13376 1 0.47801 0.47801 24 
5 1.11194 -1.63933 -0.818269 0.0902648 1.27724 4.04607 22 328 15912 15770 1 0 0 1 
5 -4.18183 -0.463275 -0.883099 -1.14306 0.0933132 4.08743 -11 329 9753 9752 1 4.54255 4.54255 6 
3.72226 4.34 -5 -0.465242 0.0642215 0.201359 4.08343 22 330 7775 7754 1 0 0 1 
5 -4.27972 0.544279 -0.456471 -0.0928113 -0.0219943 4.15654 22 331 34707 34683 1 0.42105 0.42105 29 
5 3.37212 -1.10927 -0.398243 -0.139007 0.149496 4.07232 22 332 59100 58237 1 0 0 1 
5 0.601654 -4.80357 -1.11732 0.414023 0.313847 4.09526 22 333 15316 15260 1 0 0 1 
3.67403 -2.65876 -5 -0.216913 0.0787845 0.304755 4.06047 22 334 22528 22490 1 0.417084 0.417084 26 
5 2.2636 2.20908 -2.49237 0.703997 9.52528 4.07108 -11 336 27087 27086 1 2.78215 2.78215 4 
5 4.38189 0.464128 -6.78328 0.685341 3.90311 4.08612 22 338 7390 7295 1 0 0 1 
-3.25082 -5 1.36505 0.090404 0.255702 0.0809465 4.15846 22 340 26977 26976 1 0.282795 0.282795 19 
2.25576 -5 -4.3929 0.158425 0.164079 -0.147391 4.09515 22 341 26780 26665 1 0.0208258 0.0208258 2 
-0.372012 -5 -3.54576 -0.44374 0.0589063 0.452991 4.02964 22 342 21353 15315 1 0 0 1 
-0.94346 4.86822 -5 -0.273773 0.348174 0.168914 4.12172 22 343 1794 1695 1 0 0 1 
3.22979 -3.27157 -5 -3.50427 0.511617 5.01539 4.03796 22 345 28840 28777 1 4.76954 4.76954 68 
5 -1.04316 -4.02012 -0.298736 0.146217 -0.00789769 4.15461 22 346 9296 9295 1 0 0 2 
5 -2.96069 4.97999 -1.37491 0.244027 1.93886 4.06386 22 347 7628 7481 1 0 0 2 
5 -2.0334 2.51287 -0.355971 -0.0841569 0.058351 4.07753 22 348 19323 18706 1 0 0 1 
-3.61955 -3.64538 -5 -0.280191 -0.0416486 0.425298 4.04405 22 350 17069 17068 1 0.93887 0.93887 23 
0.374409 0.143803 -5 -0.226462 -0.108659 0.323215 4.08816 22 351 14525 14512 1 0.152775 0.152775 8 
-2.93477 5 3.51462 -1.06883 -0.0386858 0.590804 4.113 22 352 9912 9424 1 0.227477 0.227477 6 
3.40535 1.30498 -5 -0.85262 0.760977 1.58605 4.03503 22 353 8619 8537 1 0.456393 0.456393 23 
5 -3.6291 -1.8186 -0.36582 0.316086 0.189709 4.13507 22 354 19561 19360 1 0 0 2 
5 2.74967 -3.38412 -0.553909 0.153254 0.418599 4.07309 22 355 4473 4449 1 0 0 3 
5 -3.60399 -0.300263 -0.332739 0.399217 -0.020808 4.11311 22 357 3808 3734 1 0 0 3 
4.82904 1.70459 -5 -0.238866 0.138233 0.462764 4.02445 22 358 4516 4314 1 0 0 3 
4.76584 0.656763 -5 -0.469111 0.323546 0.429128 4.05711 22 359 2294 2237 1 0.485038 0.485038 5 
-1.30819 -4.82328 -5 -0.34897 -0.187514 0.322767 4.05941 22 360 12635 12634 1 0 0 3 
3.5166 -4.71724 -5 -1.81816 -0.406563 0.843474 4.08422 22 361 12521 12515 1 0 0 5 
5 2.22782 3.58104 -0.458203 0.16191 0.157972 4.13053 22 363 39757 39756 1 0 0 1 
-1.33745 -4.51911 -5 -0.035046 0.0253545 0.167652 4.17569 22 364 26215 26196 1 0 0 2 
0.273721 -5 -4.62314 -0.702886 0.883944 0.179971 4.05112 22 365 9297 9296 1 0 0 3 
5 -0.116267 0.824377 -0.503234 0.0837936 0.0292237 4.16748 22 366 3480 3479 1 0 0 1 
-2.75328 -1.18144 -5 -0.394931 0.305858 0.497482 4.08379 22 367 22611 22432 1 0 0 1 
0.937256 3.83178 -5 -1.35395 0.523917 1.58116 4.06188 22 368 12816 12815 1 0 0 2 
5 -2.16671 -2.33205 -9.02053 1.71028 1.62882 4.14201 22 370 32329 32298 1 6.92074 6.92074 131 
5 1.30746 -3.51304 -0.313189 -0.182091 0.327528 4.08263 22 371 2556 2502 1 0.488159 0.488159 15 
5 -2.07293 -4.97329 -0.248874 0.0552732 0.442862 4.03717 22 372 19871 19870 1 0.0999598 0.0999598 4 
-3.85257 2.77859 -5 -0.156529 -0.0502138 0.483836 4.13252 22 373 1505 1470 1 0.545245 0.545245 6 
-1.42225 -2.24781 -5 -0.880294 0.0604321 0.655763 4.06963 22 375 7676 7572 1 0 0 1 
-0.516213 2.96451 -5 -0.120144 0.0352065 0.298898 4.13851 22 376 8972 8971 1 0 0 3 
5 1.85926 -0.755563 -0.296108 0.0826894 -0.150208 4.05736 22 378 17306 16931 1 0 0 2 
1.89438 -5 0.388917 -0.879156 0.280066 0.535102 4.10827 22 379 5007 4974 1 0 0 3 
-0.388093 -5 1.89387 -0.518138 0.275559 0.323318 4.12338 22 380 39904 39862 1 0 0 1 
3.50617 3.57718 -5 -0.315399 0.000827662 0.335127 4.03794 22 381 2009 2008 1 1.69076 1.69076 8 
5 -2.67481 -3.28243 -0.378567 -0.0296573 -0.00563127 4.14006 22 382 1922 1921 1 0 0 2 
-3.18265 -2.47145 -5 -0.330147 0.0611848 0.0828609 4.18481 22 383 16564 16507 1 0 0 2 
1.20164 -0.993993 -5 -0.471836 -0.0523996 0.189063 4.0913 22 385 15052 15032 1 0 0 4 
-2.27847 -2.88827 -5 -0.468153 -0.0221946 0.203616 4.15048 22 386 8462 8449 1 0 0 4 
5 2.93451 -1.5939 -1.21055 0.816974 0.542938 4.07252 22 387 10499 10465 1 0 0 3 
5 1.35144 -2.34828 -2.52286 -0.608183 3.55007 4.02373 22 388 8248 7421 1 0 0 3 
3.46808 -4.2322 -5 0.0231789 0.327494 0.479681 4.09228 22 389 56105 56011 1 0.804159 0.804159 66 
5 -4.75499 -0.184975 -0.289066 -0.0602367 0.139207 4.08096 22 394 8550 8549 1 0.260192 0.260192 27 
1.91108 -2.48912 -5 -1.72388 0.215544 2.15275 4.02488 22 395 3967 3796 1 1.01597 1.01597 31 
1.81328 -4.69645 -5 -0.929716 0.276647 1.2166 4.04164 22 396 5096 4949 1 0 0 1 
5 -4.93552 2.82252 -0.406014 0.0194355 0.268096 4.07226 22 398 8776 8719 1 0.00923719 0.00923719 3 
5 -1.25611 -0.798106 -0.892362 0.540129 -0.11572 4.18756 22 399 2133 1991 1 1.04935 1.04935 13 
5 -3.68438 4.39814 -1.70045 -0.0330522 3.08268 4.05965 22 400 23179 23176 1 0 0 2 
0.450208 -1.81379 -5 -6.5626 1.09734 2.39202 4.1236 22 401 21441 21395 1 0 0 2 
5 -2.78583 -1.30048 -0.647974 0.0926359 0.0926009 4.07723 22 402 13471 13392 1 0 0 2 
5 0.625291 0.340915 -0.592888 0.157132 0.161212 4.15208 22 403 8283 8281 1 0.495009 0.495009 31 
4.20698 4.15207 -5 -0.396631 0.0927468 0.199841 4.05797 22 404 26819 26818 1 0 0 1 
3.98248 -5 -2.95045 -0.443539 0.174793 0.183957 4.13761 22 405 8153 8152 1 0 0 3 
5 0.482832 0.911133 -0.823766 0.268684 0.421534 4.11399 22 406 10899 10809 1 0 0 3 
4.16529 5 0.0277856 -0.277597 -0.19226 0.0557362 4.15038 22 408 10014 10013 1 0 0 1 
-0.612655 5 -4.59756 -0.663459 -0.180985 0.454634 4.06841 22 409 13900 13766 1 0 0 3 
-2.65771 -2.35771 -5 -0.293502 0.123771 0.411387 4.03538 22 411 53376 53375 1 0 0 1 
5 2.77536 -1.29532 -0.350989 0.159726 0.165668 4.1525 22 412 24113 24112 1 0 0 3 
5 1.5913 -4.47141 -1.44108 0.341665 2.36816 4.04163 22 414 9693 9665 1 0 0 3 
5 -1.78114 1.57865 -0.13267 0.0732484 0.0581809 4.16649 22 415 16903 16902 1 0 0 1 
-3.3114 -2.31048 -5 -0.290995 0.175902 0.500629 4.06661 22 416 11394 11302 1 0 0 1 
5 3.43754 1.06468 -1.47321 0.462185 1.96483 4.05996 22 417 14592 14469 1 9.40609 9.40609 41 
-0.442147 -2.10729 -5 -0.176989 0.0905427 0.394723 4.02171 22 418 9285 9277 1 0 0 4 
5 4.23592 -2.19003 -0.464117 0.0664579 -0.0305231 4.05586 22 419 17640 17638 1 0.233906 0.233906 3 
5 -0.214598 3.29405 -0.513306 -0.0566416 1.04926 4.04056 22 420 3482 3479 1 0 0 4 
5 2.16641 0.315701 -0.115175 0.327739 -0.0490675 4.10119 22 421 45019 44926 1 0 0 2 
-0.547323 -0.51102 -5 -1.04524 -0.0759762 0.969531 4.08175 22 423 24651 24568 1 0 0 1 
5 -4.27483 3.30641 -0.498147 0.0109496 0.132117 4.12212 22 425 2333 2229 1 0 0 2 
5 1.92598 0.989707 -1.26742 0.10229 3.22746 4.03694 22 426 8751 8559 1 0 0 1 
5 1.99711 2.78705 -0.475668 0.0848699 -0.166303 4.0676 22 427 34221 34220 1 0 0 2 
5 -0.141211 -0.936167 -0.185214 0.0622897 0.157361 4.127 22 428 20940 20871 1 0.0699752 0.0699752 3 
4.59384 -5 -0.925677 -0.196057 0.203618 0.432858 4.06556 22 430 5333 5047 1 0 0 1 
-0.361546 -0.509001 -5 -0.652751 0.0581722 1.1835 4.03295 22 431 33952 33818 1 0 0 3 
5 -3.84496 3.71387 -3.79504 0.911058 4.44319 4.06249 22 432 8492 8462 1 0 0 2 
-4.7013 0.321387 -5 -2.00775 0.205334 2.00696 4.04668 22 433 3700 3635 1 0.5108 0.5108 17 
-0.906028 -0.57802 -5 -1.11554 0.278094 3.081 4.01662 22 434 14328 13976 1 0.317398 0.317398 24 
-2.31382 1.90963 -5 -0.915499 0.27261 0.975869 4.05146 22 436 22274 22180 1 0 0 3 
-0.817971 5 4.92247 -1.02425 -0.123571 0.302673 4.0821 22 438 17347 17257 1 0.255182 0.255182 3 
5 3.76316 2.85866 -3.22415 0.842419 6.62964 4.05987 22 439 2456 2408 1 1.04557 1.04557 4 
5 3.07998 2.87744 -0.465104 0.170168 0.12586 4.1382 22 440 47715 47714 1 0 0 1 
5 -0.0362924 -3.66996 -0.67834 0.116958 0.669658 4.03826 22 441 18062 17843 1 0.446823 0.446823 42 
2.91216 2.82067 -5 -0.441641 0.252261 0.178083 4.09193 22 442 26255 25620 1 0 0 1 
5 2.65199 3.16965 -0.96839 0.4629 0.227315 4.11165 22 443 8673 8575 1 0.297916 0.297916 20 
2.86821 1.98681 -5 -0.365743 0.110825 0.193188 4.10483 22 445 9225 9192 1 0 0 3 
5 2.5042 4.35741 -0.760818 0.198992 0.319798 4.15197 22 446 11250 11146 1 0.396826 0.396826 30 
0.592168 1.96816 -5 -0.382507 0.0281594 0.283932 4.1097 22 447 3551 3536 1 0.327453 0.327453 9 
-1.43517 1.99909 -5 -0.0217604 -0.161061 0.2298 4.13093 22 448 16175 16111 1 1.20191 1.20191 15 
-0.0506638 -3.92581 -5 -0.292465 -0.032114 0.257346 4.14707 22 449 11193 11161 1 0 0 1 
5 -2.72097 4.43424 -3.70327 0.626282 0.990846 4.11935 22 451 4048 4046 1 0 0 3 
4.14502 2.81768 -5 -1.45247 0.241937 2.896 4.02585 22 452 1860 1814 1 1.12937 1.12937 26 
5 -3.67936 3.25919 -0.292688 0.184608 0.0891084 4.11483 22 453 12844 12841 1 0.00963576 0.00963576 2 
-0.0908411 2.76144 -5 -0.643862 0.393866 0.414213 4.06044 22 454 13666 13635 1 0.0292436 0.0292436 18 
5 3.11486 -2.82371 -0.684905 0.14751 0.789623 4.05746 22 455 18386 18095 1 0 0 2 
5 3.49467 -3.01645 -0.447987 0.100728 0.215001 4.0983 22 456 13903 13902 1 0 0 2 
5 0.964475 -0.785065 -0.806935 0.132975 0.237614 4.12441 22 458 8141 8024 1 0.955768 0.955768 29 
-1.29408 2.44224 -5 -0.12849 0.159577 0.274716 4.17 22 459 4383 4346 1 0 0 1 
-3.58537 -1.96697 -5 -0.195919 0.0875638 0.420325 4.05706 22 460 22545 22510 1 0 0 2 
5 2.9916 3.96507 -0.21411 0.164618 0.0678698 4.1573 22 461 28005 27862 1 0 0 2 
5 -4.49685 1.20796 -0.283745 -0.409446 0.113854 4.04333 22 463 3433 3432 1 0 0 4 
0.33127 -1.46972 -5 -1.18769 0.828224 3.29284 4.01492 22 464 16217 16048 1 0 0 2 
5 -0.321124 -1.03449 -0.509625 0.017267 0.227921 4.09331 22 465 19630 19335 1 0 0 2 
-0.849721 4.41557 -5 -0.341852 0.101198 0.607077 4.02626 22 466 1353 1282 1 0.0743503 0.0743503 24 
5 3.72901 0.34991 -0.167287 0.0516285 0.279522 4.03116 22 467 9466 9405 1 0 0 3 
5 -0.93924 1.94838 -4.14402 0.250511 0.315849 4.08383 22 468 13846 13797 1 0 0 4 
-1.85542 -1.43453 -5 -0.149762 0.040863 0.136175 4.0687 22 469 19585 19404 1 0.176742 0.176742 20 
-3.04896 -5 3.30157 -1.03554 0.203526 1.25845 4.08129 22 470 21853 21781 1 0 0 2 
0.920687 4.74763 -5 -0.29182 0.0658042 0.255382 4.02592 22 471 1763 1735 1 0.88663 0.88663 46 
1.95109 -5 -2.92416 -0.0859176 0.679272 -0.226967 4.26448 22 472 23447 23370 1 1.67686 1.67686 53 
5 2.48746 4.19192 -1.15718 0.299045 1.91043 4.06486 22 473 35095 34846 1 0 0 2 
5 1.58488 4.93296 -0.346859 0.233552 0.347536 4.09491 22 474 2181 2115 1 0 0 3 
-1.38127 4.20446 -5 -0.874277 -0.159231 2.0704 4.0077 22 475 34304 34175 1 0 0 2 
-4.25528 -0.957118 -5 -0.765834 0.296676 1.10372 4.04516 22 476 33999 33862 1 0 0 1 
5 0.042159 -0.534825 -1.52975 -0.165317 0.0770464 4.11808 22 477 2143 2098 1 0 0 3 
0.455303 3.034 -5 -0.229857 -0.441476 0.987401 4.05791 22 478 1095 1 1 0.448558 0.448558 9 
0.74184 1.4384 -5 0.0204424 0.0467641 0.215009 4.18348 22 479 11175 10148 1 0 0 7 
-2.51626 -2.44446 -5 -0.682805 -0.0520922 0.775861 4.04387 22 480 6027 5742 1 0.681001 0.681001 4 
5 -4.57916 2.6498 -1.58656 0.520915 3.88745 4.04196 22 481 10456 10266 1 0 0 2 
5 -0.0132012 -1.89485 -0.214212 -0.0432079 0.0535475 4.14161 22 482 35659 35656 1 0 0 1 
5 -4.41974 2.91233 -1.14096 0.368657 1.81273 4.06098 22 483 1974 1824 1 0.522324 0.522324 28 
5 1.43895 1.01321 -6.08133 0.283864 3.50081 4.08648 22 484 3604 3463 1 0 0 2 
-4.70144 -3.0428 -5 -0.399833 0.0641145 0.922786 4.02482 22 485 2063 2014 1 0 0 2 
5 1.15191 4.97737 -2.31224 -0.0949691 4.72533 4.04894 22 486 10987 10607 1 0 0 2 
5 3.09627 -0.356848 -3.12455 1.2135 7.61076 4.04101 22 487 33600 33578 1 0 0 1 
-1.86217 4.73539 -5 -0.297917 -0.00981864 0.155064 4.09715 22 489 24169 24058 1 0.306349 0.306349 13 
2.75786 5 -2.15689 -0.250838 -0.248828 0.179068 4.12382 22 491 16143 15994 1 0.102404 0.102404 7 
5 -3.12517 4.6865 -0.474736 0.169724 0.007766 4.15587 22 492 17644 17604 1 0 0 3 
5 -3.25838 -1.72813 -2.00101 0.316168 1.11099 4.09095 22 493 27435 27347 1 0 0 2 
5 0.947669 3.10972 -0.224581 0.27554 0.304205 4.1409 22 494 2098 2097 1 0 0 2 
3.57935 2.49884 -5 -0.0237676 -0.00814153 0.370225 4.03467 22 495 7566 7511 1 0 0 3 
5 1.98668 3.2926 -0.483617 0.26675 0.155947 4.16146 22 496 13261 13187 1 0.446604 0.446604 31 
-4.08751 2.67022 -5 -0.157622 0.0145757 0.783168 4.03502 22 497 11382 11136 1 1.5275 1.5275 11 
5 0.0676618 1.06932 -1.19883 0.774399 0.888267 4.07073 22 498 22674 22413 1 0.304522 0.304522 29 
5 -2.14202 2.8856 -0.982911 -0.0038943 1.37528 4.04991 22 500 13597 13458 1 0 0 2 
5 -3.00408 2.11945 -0.368091 -0.300283 0.561849 4.055 22 501 16502 15579 1 0.25086 0.25086 20 
5 -0.500772 -1.39598 -0.496117 0.282606 1.08498 4.04769 22 502 52572 52422 1 0 0 1 
2.46089 -2.56505 -5 -0.550356 0.078713 0.692354 4.04952 22 503 46730 46688 1 0 0 1 
5 -4.70331 0.83418 -0.429535 0.025305 0.625722 4.05281 22 504 13194 12968 1 0 0 3 
5 4.14741 2.697 -1.23193 -0.456376 0.187703 4.23312 22 505 4363 4362 1 0 0 4 
5 3.61855 4.32139 -2.85747 1.05406 0.357901 4.17229 22 506 42996 42995 1 0 0 1 
-3.32675 -0.335085 -5 -2.44387 0.627839 3.0367 4.04709 22 507 3959 3882 1 0 0 2 
0.661314 1.90885 -5 -0.901681 0.263846 2.67364 4.01587 22 508 14651 14579 1 0.199617 0.199617 21 
5 -2.9275 -2.50883 -0.378669 0.0446064 0.42401 4.05499 22 509 10438 10326 1 0 0 1 
-0.0403431 5 -0.220766 -0.0770348 -0.21206 0.103385 4.21295 22 510 30977 30976 1 0.247788 0.247788 24 
5 -1.21647 -1.54552 -0.726637 0.485042 -0.249924 4.14784 22 511 13598 13525 1 0 0 1 
5 -1.17542 -3.07462 -0.364287 0.176113 0.77363 4.02115 22 512 16336 16152 1 0.0518164 0.0518164 4 
-2.45342 -5 3.95212 0.0137705 0.278262 0.107468 4.085 22 513 1565 1536 1 0 0 6 
-1.98764 4.17815 -5 -0.455824 0.0465529 0.51886 4.044 22 514 23968 23923 1 0.00704081 0.00704081 3 
5 -4.07281 2.62569 -1.99009 -0.116847 2.22756 4.07199 22 515 8663 8662 1 0 0 1 
2.61452 2.58644 -5 -0.18694 -0.0259274 0.28575 4.1179 22 516 25112 25111 1 0 0 1 
-1.58548 -4.56227 -5 -0.482557 0.0277819 0.437072 4.07603 22 518 42551 42498 1 0 0 1 
4.51059 -0.189415 -5 -0.721226 0.036146 1.03017 4.03241 22 519 6286 6079 1 0 0 3 
-0.0769297 -4.9767 -5 -1.69309 0.162668 2.49997 4.03683 22 520 5764 5652 1 0 0 3 
-1.50868 -5 0.498882 -0.379283 0.0942116 0.247044 4.15096 22 521 21441 21422 1 0.0406579 0.0406579 3 
-4.37339 -5 -1.57015 -3.18332 0.873726 1.18856 4.10152 22 522 3037 2980 1 0 0 5 
1.78883 -5 3.6993 -0.976358 0.515964 0.914442 4.0611 22 523 2108 2043 1 0.869492 0.869492 8 
-2.26008 -2.4028 -5 -0.753962 -0.252236 0.916911 4.04058 22 524 26064 26063 1 0 0 1 
5 1.35774 -1.89716 -0.577801 -0.0291656 0.115017 4.09366 22 525 10912 10911 1 0 0 2 
5 1.09233 0.332867 -0.257064 0.0916656 0.20645 4.1326 22 526 4798 4795 1 0 0 2 
-2.46849 -0.533889 -5 -0.607755 0.0155816 0.406043 4.09786 22 528 40173 39980 1 0 0 3 
5 2.93295 -2.64941 -1.01516 0.328337 1.55371 4.05195 22 529 10526 10525 1 0 0 1 
5 3.88023 -3.03887 -0.289779 0.111203 0.526156 4.04133 22 530 12614 12613 1 0 0 2 
5 2.61861 2.8001 -0.351641 0.269964 0.480417 4.05833 22 531 29585 29500 1 0 0 5 
2.66773 5 3.74495 -0.197641 -0.0636798 0.461893 4.09938 22 532 6955 6868 1 0 0 3 
5 0.35209 3.33407 -0.839424 0.0682331 1.4169 4.04939 22 533 29845 29625 1 0 0 2 
5 -1.50853 3.56109 -0.0968927 -0.0400775 0.417122 4.08644 22 535 11255 11227 1 0 0 2 
5 -2.77724 4.28836 -0.278168 0.206834 0.375449 4.09773 22 536 7965 7964 1 0 0 4 
-3.73779 -2.16446 -5 -1.03669 -0.0449327 1.7837 4.02584 22 537 3235 3001 1 0 0 2 
5 -2.38155 4.76846 -0.217181 -0.0311201 0.0372764 4.09108 22 538 11263 11083 1 0.222138 0.222138 27 
4.49826 1.81099 -5 -1.42577 0.693244 2.24203 4.02917 22 539 19459 19332 1 0 0 2 
5 4.18141 -0.212221 -0.169308 0.178917 0.135053 4.20922 22 540 22172 22135 1 0.280252 0.280252 40 
5 -4.48285 1.86537 -0.404202 0.0552854 0.205443 4.10899 22 541 31215 31214 1 0 0 1 
0.707963 2.89015 -5 -2.20732 0.936956 1.46822 4.04885 22 542 1287 1225 1 0.140775 0.140775 8 
2.48411 -1.36037 -5 -0.858047 0.0875827 0.714288 4.0543 22 543 1689 1 1 0.0662171 0.0662171 5 
5 -0.306175 0.349113 -0.474907 0.190266 0.355491 4.08125 22 544 7946 7814 1 0.0177118 0.0177118 2 
-2.11493 2.54967 -5 -0.467082 0.116764 0.171233 4.09729 22 545 10670 10669 1 0.201558 0.201558 4 
5 1.87768 3.7698 -0.36768 0.0422712 0.179864 4.07268 22 546 1744 1395 1 0.0292666 0.0292666 22 
5 -4.93805 -2.65716 -1.41917 -0.434831 1.41707 4.06896 22 547 7995 7955 1 0 0 3 
5 -4.97197 3.02916 -0.965834 0.222147 0.382798 4.06101 22 548 26688 26298 1 0 0 1 
5 4.78576 -2.09285 -0.504761 0.0779058 0.0163399 4.15263 22 549 6624 6609 1 0 0 4 
-0.224324 -1.66372 -5 -0.865386 0.235035 1.37346 4.03031 22 550 47465 47416 1 0 0 2 
5 4.52687 -4.46965 -0.728589 0.190452 -0.187111 4.0515 22 552 33215 33174 1 0 0 1 
-1.7558 -2.02017 -5 -0.96982 0.167699 2.84873 4.02394 22 554 4222 4200 1 0 0 1 
3.42649 -4.99125 -5 -5.46201 -0.719308 9.33725 4.03182 22 556 1048 1 1 0 0 1 
-0.784888 -4.55819 -5 -0.386362 0.140327 0.586113 4.03586 22 557 2099 2006 1 0.152442 0.152442 7 
-0.440572 -0.983636 -5 -0.00953517 -0.342471 0.81689 4.0765 22 558 8468 8296 1 0 0 3 
5 -1.69689 -4.69269 -0.385335 0.0267391 -0.337504 4.14905 22 559 1180 1179 1 0 0 1 
5 1.65852 0.866204 -0.219204 -0.0557647 0.0118332 4.09791 22 560 1770 1698 1 0.226085 0.226085 28 
5 -2.28136 -4.42442 -0.490867 0.0784231 -0.118405 4.11039 22 561 6753 6751 1 0 0 4 
0.64506 -3.59048 -5 -1.19308 -0.0692913 0.830303 4.08443 22 563 1264 1234 1 0 0 2 
5 -2.99853 3.22556 -0.506059 -0.000996327 0.0708745 4.1481 22 564 8520 8495 1 0 0 1 
1.75515 1.3511 -5 -0.274997 0.0630497 0.145661 4.07576 22 565 11185 11147 1 0.0761995 0.0761995 3 
5 1.13928 4.25318 -4.12175 1.52689 6.12685 4.05375 22 566 26086 25931 1 0 0 2 
5 2.03614 -1.10575 -2.2098 0.188717 1.91468 4.06856 22 567 18265 18083 1 0 0 1 
2.59799 -5 0.588998 0.121077 0.114007 0.125282 4.20673 22 568 3589 3588 1 0 0 2 
5 3.53753 -1.88866 -0.378462 0.110153 -0.170444 4.15109 22 569 8300 8274 1 0 0 3 
5 -3.27226 1.42912 -0.439395 0.11438 0.170323 4.14314 22 570 35109 35108 1 0 0 1 
5 -2.15293 -0.406177 -0.427974 -0.130923 -0.126354 4.24035 22 572 14396 14198 1 0.238538 0.238538 4 
-0.461134 1.66697 -5 -0.93218 0.910353 0.841342 4.10373 22 573 2366 2325 1 0.585827 0.585827 31 
0.708754 -3.13059 -5 -2.89054 1.25454 10.5682 4.00537 22 575 17665 17593 1 2.19638 2.19638 9 
5 4.62583 -1.05862 -0.498907 0.110322 0.198911 4.07449 22 576 12934 12931 1 0 0 3 
5 -0.628547 3.64913 -1.61487 -0.00241019 1.97507 4.0714 22 577 14984 14982 1 0 0 2 
-2.19497 5 -0.602159 -0.0833126 -0.133991 0.0883749 4.19498 22 578 15066 14973 1 0.181142 0.181142 5 
5 -2.83605 2.81184 -0.217727 0.150311 0.0379402 4.22135 22 580 18740 18704 1 1.93091 1.93091 97 
5 -1.06118 1.42851 -2.12847 -0.586421 1.37883 4.08159 22 581 5281 5208 1 0 0 2 
5 -0.18256 -0.942355 -0.878843 0.205904 0.482202 4.11704 22 582 16170 16084 1 0 0 2 
0.911416 0.376119 -5 -0.449936 -0.0317671 0.885331 4.03797 22 583 15949 15948 1 0.993223 0.993223 28 
5 -2.37094 -2.82288 -0.801562 0.261804 1.02162 4.04828 22 584 45710 45505 1 0 0 1 
5 -1.93845 3.34614 -0.426668 0.108907 0.528047 4.07442 22 586 4149 4023 1 0.31597 0.31597 29 
5 4.24786 -2.83961 -0.745068 -0.997505 0.330592 4.14354 22 587 22009 22008 1 0 0 1 
5 3.88477 -0.812412 -0.203215 0.103579 0.659219 4.02312 22 588 33737 31548 1 0 0 2 
5 -0.87619 -1.43089 -0.386377 0.252662 0.219078 4.10689 22 589 7534 7505 1 0.431085 0.431085 7 
5 2.22533 2.37493 -1.39019 -0.0668424 2.0376 4.05481 22 590 14554 14470 1 1.44524 1.44524 28 
3.68132 -5 1.20973 -0.0739341 0.179646 0.226659 4.15956 22 592 6639 6024 1 0.298241 0.298241 20 
5 -3.33767 -2.32956 -0.308776 0.0852422 0.946646 4.02465 22 593 25087 25084 1 0.268777 0.268777 2 
-3.20341 -5 -3.49158 -0.886159 0.389892 0.699505 4.07895 22 594 15538 15279 1 0 0 2 
-0.893849 -5 -1.68999 -0.338482 0.142256 0.0342563 4.15946 22 595 23106 23105 1 0 0 2 
2.54404 -5 -1.5912 -0.335151 0.369544 0.139361 4.10181 22 596 26602 26583 1 0 0 1 
5 0.642999 -1.12734 -15.1423 1.30028 33.6645 4.02047 22 597 12689 12468 1 0 0 4 
5 4.82793 -4.51263 -0.361809 0.000712312 0.0736146 4.21641 22 598 5536 5534 1 0 0 3 
5 -3.71855 3.78807 -0.234852 -0.0558493 0.300044 4.071 22 599 18176 18090 1 0 0 2 
5 3.29442 -2.93058 -0.4196 -0.0902246 0.277336 4.08253 22 600 18434 18406 1 0 0 2 
3.16338 0.925362 -5 -2.95127 0.189671 6.47669 4.01649 22 601 8774 8107 1 0 0 2 
5 3.15969 -0.098955 -6.20291 3.29994 5.24655 4.05518 11 602 6267 5921 1 1.32042 1.32042 7 
3.32488 5 -3.97453 -0.0907864 -0.259235 -0.0214583 4.1677 22 603 39152 39096 1 0 0 1 
5 3.46798 3.7559 -0.160461 0.340249 0.513447 4.1165 22 604 24076 24025 1 0 0 2 
0.917491 -0.355663 -5 -0.226824 -0.0175131 0.286248 4.0281 22 605 11349 11097 1 0 0 1 
5 -3.25187 2.67508 -0.458992 -0.347737 0.0792512 4.12506 22 606 5688 1 1 0 0 1 
0.564752 -3.66897 -5 -0.0466552 0.0715512 0.211962 4.18081 22 607 53013 53012 1 0 0 1 
4.54348 -5 -4.83884 -1.23773 1.62628 1.32085 4.05075 22 608 2617 2512 1 0.499641 0.499641 5 
-2.56297 -5 3.49614 -2.28394 1.45023 1.76784 4.10047 22 609 23213 23212 1 0 0 4 
-0.904288 -0.801665 -5 -0.770855 -0.127555 0.544107 4.04569 22 610 1448 1428 1 0.151498 0.151498 10 
5 2.22665 -2.12698 -0.437045 0.00332338 0.220621 4.12024 22 611 55372 55371 1 0.489483 0.489483 10 
-1.26546 4.07658 -5 0.419493 -0.0534223 1.02702 4.04053 22 612 16419 16276 1 0 0 1 
5 2.85992 -2.37641 -0.293837 0.355908 -0.117242 4.14905 22 613 36073 36069 1 0.0362987 0.0362987 3 
5 -3.05695 0.587964 -0.461347 0.218886 0.197996 4.11256 22 614 14153 14132 1 2.79926 2.79926 10 
5 2.22654 2.94072 -0.470643 0.198237 0.0178138 4.26469 22 615 4976 4971 1 0 0 2 
4.61329 2.87142 -5 -0.314176 0.0508502 0.262815 4.06211 22 617 10283 10281 1 0 0 2 
5 -2.12405 -3.74875 -0.626136 0.253663 0.527367 4.06114 22 618 40524 40403 1 0.856543 0.856543 30 
5 -1.557 -3.54253 -0.628039 0.255758 1.20266 4.03021 22 619 29048 28843 1 0 0 2 
5 4.4274 1.94499 -0.837674 0.426235 0.0822879 4.16143 22 620 33197 33196 1 0 0 2 
-3.11119 -2.90436 -5 -0.933399 -0.118381 1.81851 4.02784 22 621 29714 29495 1 0.758783 0.758783 4 
4.57524 3.42592 -5 -0.653595 0.225117 0.364518 4.09049 22 622 42080 42079 1 0 0 3 
1.81655 -1.73434 -5 -0.358551 0.80205 1.69118 4.01816 22 623 25052 24924 1 0.595455 0.595455 2 
5 3.88629 -0.576415 -3.98404 1.1752 12.3232 4.02185 22 624 2943 2449 1 0.266397 0.266397 3 
5 -0.55418 0.460883 -1.40303 0.417565 2.48824 4.04779 22 625 12847 12517 1 0 0 3 
4.15525 -5 1.06256 -0.117084 0.592258 1.32729 4.05795 22 626 27062 26932 1 0 0 1 
5 0.143631 -3.81892 -0.262211 0.0410338 0.298126 4.07429 22 627 5334 5329 1 0 0 2 
5 0.598317 -4.76322 -0.487975 -0.0353305 0.147485 4.09757 22 628 11483 11457 1 0 0 2 
5 3.87807 1.98033 -0.649388 0.0778746 0.273178 4.18655 22 629 9634 9633 1 0.0608803 0.0608803 4 
4.65795 1.86201 -5 -0.472481 -0.0149524 0.310891 4.07503 22 630 11203 10508 1 0.113358 0.113358 2 
1.27996 -5 3.90996 -0.339401 0.549242 0.585119 4.08019 22 631 3365 3229 1 0 0 2 
-2.381 1.75742 -5 -0.341664 0.16153 0.343939 4.06137 22 632 2373 2372 1 0.291925 0.291925 6 
-1.17482 -4.39858 -5 -0.408373 -0.0640016 0.210396 4.10062 22 633 14608 14537 1 0 0 1 
1.32222 5 -3.51145 -0.181276 -0.103679 0.185435 4.16241 22 634 13074 12750 1 0.278734 0.278734 38 
5 -0.47957 -3.79501 -0.453959 0.0967767 1.43254 4.01458 22 636 35528 35514 1 2.2464 2.2464 26 
5 1.18355 -2.07805 -1.92867 0.318431 0.0577692 4.12966 22 637 13970 13945 1 0 0 4 
5 -3.23024 4.16122 -3.33337 0.250005 4.78061 4.04923 22 639 13014 12871 1 0.616239 0.616239 23 
3.64791 -4.85102 -5 0.928389 1.31023 3.89546 4.01353 11 640 3875 3858 1 2.68399 2.68399 10 
5 1.04961 -2.74829 -0.367853 0.321322 0.150188 4.19666 22 641 22187 22158 1 0.012771 0.012771 2 
5 0.251603 -4.93097 -0.482263 0.16022 0.0535926 4.22479 22 642 10894 10872 1 0.0125285 0.0125285 4 
5 1.21215 0.405335 -0.128988 0.145848 0.0909495 4.19285 22 643 2191 2190 1 0 0 2 
5 -1.05359 3.88795 -4.8225 0.958417 6.55691 4.06965 22 644 2965 2825 1 0 0 2 
4.41975 4.68271 -5 -1.26013 0.552964 1.59128 4.03323 22 645 14254 14249 1 0 0 2 
5 2.72755 2.652 -1.95065 0.730553 2.11402 4.07918 22 646 4162 4004 1 0.339337 0.339337 2 
5 1.41384 -1.97021 -0.703715 0.249736 0.73755 4.0645 22 647 13444 13140 1 0.557 0.557 6 
3.03597 -2.6501 -5 -0.697048 0.215859 1.3059 4.02555 22 648 14637 14244 1 0 0 2 
5 -1.88852 1.99804 -0.360142 0.0306657 0.201144 4.09253 22 649 11535 11503 1 0.108805 0.108805 4 
4.11484 4.9957 -5 -0.162974 0.262927 0.293937 4.08205 22 650 1688 1687 1 0 0 1 
5 -2.03891 -1.10123 -0.99091 0.163744 -0.0615497 4.10597 22 651 7539 7522 1 0 0 1 
-0.626921 0.688374 -5 0.136309 -0.110893 0.399817 4.03512 22 652 4384 4323 1 0 0 3 
3.23317 5 2.75934 -0.168824 -0.219977 0.030106 4.18716 22 653 12978 12964 1 0.27798 0.27798 55 
1.93236 -2.64919 -5 -0.168472 0.0111874 0.538829 4.0047 22 654 7376 7307 1 0.564349 0.564349 24 
5 1.83036 -3.2632 -3.60139 1.04309 3.03806 4.0676 22 656 12775 12741 1 0 0 5 
5 1.16932 0.860294 -0.365425 0.0304261 0.267294 4.13132 22 657 6847 6708 1 0 0 4 
-3.56025 -5 -1.79592 0.0542159 0.096187 -0.324231 4.20962 22 658 7760 7759 1 0 0 4 
-1.45572 -0.258738 -5 -0.113967 -0.167357 0.208407 4.0487 22 659 16629 16455 1 0.945469 0.945469 61 
5 1.18817 -1.4529 -1.0322 0.3175 0.862277 4.07292 22 660 21329 21183 1 0 0 4 
5 0.129864 2.27152 -0.297084 0.292932 0.0427214 4.07597 22 661 3970 3920 1 0.67878 0.67878 41 
5 -3.23606 2.74814 -0.902897 0.191504 1.79567 4.04499 22 662 18179 18178 1 0 0 3 
0.0636271 -5 -0.688602 0.0909763 0.316892 0.049876 4.10358 22 664 2383 2196 1 0 0 1 
5 0.222883 -0.30693 -0.8974 0.327143 1.69074 4.04995 22 665 20785 20784 1 0 0 2 
5 -0.43968 -0.650641 -0.506363 0.0654274 -0.0208828 4.10335 22 666 16748 16744 1 0 0 2 
-2.80707 -1.95746 -5 -1.04641 0.185792 1.48349 4.03518 22 667 3747 3715 1 0 0 3 
5 -4.02425 -0.00396135 -0.43489 0.275253 -0.00339907 4.12934 22 668 3558 3066 1 0 0 1 
5 3.44741 2.31878 -0.581735 0.303466 0.425431 4.08859 22 670 1145 1090 1 0 0 2 
5 2.97864 -2.30786 -1.0666 0.386796 0.631063 4.04456 22 671 5745 5679 1 0 0 4 
5 -3.42503 -4.85743 -1.17888 0.0714176 0.309532 4.04396 11 673 11369 11368 1 2.34297 2.34297 10 
5 0.122522 0.854936 -0.368677 0.149923 0.3205 4.14548 22 674 1787 1765 1 0 0 1 
-0.191121 2.9413 -5 -3.24815 1.93898 4.89963 4.04328 22 675 23757 23655 1 0 0 4 
0.774106 4.06674 -5 -1.13447 0.234468 1.66819 4.03435 22 677 8296 7880 1 0 0 4 
4.89393 -4.44168 -5 -1.03761 0.341241 2.28095 4.02935 22 678 4161 4119 1 1.57329 1.57329 7 
4.40039 -5 -1.07289 -0.34154 0.0814657 -0.0212387 4.26265 22 679 35204 35188 1 0.00446246 0.00446246 3 
5 -0.342313 -3.35237 -0.55402 0.0619834 0.824715 4.04609 22 680 21582 21478 1 0 0 2 
5 -3.59594 -1.06064 -0.298951 -0.0222011 0.640204 4.02411 22 681 3968 3965 1 0.845855 0.845855 32 
5 3.46382 -3.62164 -0.444619 0.248105 0.0433314 4.09032 22 682 3702 3701 1 0 0 2 
-4.96776 -5 -3.09859 -0.849456 0.371248 0.702912 4.08211 22 683 5239 4911 1 0 0 6 
5 -2.21401 0.00380843 -5.12651 0.459975 1.89017 4.09884 22 684 14639 14593 1 0 0 4 
5 -3.0269 2.42186 -0.357502 -0.0667175 0.0924995 4.14918 22 685 19004 18918 1 0 0 1 
-4.51915 2.89664 -5 -0.216239 -0.0796128 0.0385608 4.11562 22 686 3168 3112 1 0 0 2 
5 -3.55573 -4.15282 -1.22541 0.0465911 0.602495 4.08912 22 688 16885 16875 1 0.681907 0.681907 25 
5 -0.982526 0.206205 -1.21758 0.425255 2.58441 4.04118 22 689 1604 1203 1 0 0 3 
5 2.2081 -3.66718 -0.553392 0.0314178 0.0480603 4.13931 22 691 3296 2972 1 0 0 2 
-2.58956 -5 4.12587 -0.659293 0.32296 0.157533 4.11395 22 692 2287 2257 1 0 0 1 
-4.40485 -5 -1.73228 -4.66721 2.66393 6.35507 4.05756 22 693 1947 1928 1 0.577286 0.577286 68 
5 1.76083 3.22558 -0.915574 0.0436944 0.46704 4.12329 22 694 26208 26182 1 2.72636 2.72636 12 
-3.923 2.06505 -5 -0.775213 0.193666 0.898098 4.06038 22 695 32313 32245 1 0 0 1 
3.9974 3.30705 -5 -2.38798 0.198157 3.151 4.042 22 696 2929 2928 1 0 0 1 
5 -4.08052 -3.15751 -2.47532 -0.899918 -0.780838 4.0986 22 697 2439 2438 1 0.387428 0.387428 33 
-3.83134 5 -4.86148 -0.298162 -0.128902 0.130424 4.14253 22 698 38712 38710 1 0 0 2 
3.13285 -3.55976 -5 -1.41504 0.75194 0.879166 4.07332 22 699 4155 4104 1 0 0 3 
0.58638 -1.70421 -5 -1.77907 -0.0170399 3.28388 4.03306 22 701 37513 37512 1 0 0 1 
4.88486 2.06781 -5 -0.391639 0.088466 0.282262 4.05958 22 703 10142 10113 1 0 0 2 
5 -2.98318 2.21093 -6.2937 0.847565 3.43995 4.09352 22 704 15519 15490 1 0 0 2 
5 0.165502 0.709188 -8.27725 0.961322 14.599 4.05283 11 705 17992 17478 1 2.59109 2.59109 72 
5 1.71024 -0.895351 -5.69237 0.400351 4.02205 4.0775 22 706 6868 6712 1 0 0 4 
5 4.52351 0.90739 -0.723248 0.52047 0.322043 4.16409 22 707 21581 21517 1 0 0 2 
5 1.25674 -3.46557 -3.45919 0.067616 2.68297 4.07124 22 708 2870 2840 1 0 0 3 
-1.1993 -5 1.26028 -0.348646 0.301038 0.145729 4.12105 22 709 5670 5599 1 1.34002 1.34002 4 
-1.39348 -2.1623 -5 -0.0503676 -0.238078 0.26518 4.19767 22 710 1848 1806 1 0 0 5 
5 -0.17769 -1.14068 -0.330497 -0.115502 -0.0499793 4.16356 22 711 19408 19320 1 0 0 1 
0.653203 5 -1.44202 -0.158015 -0.247031 0.182895 4.10079 22 712 2607 1 1 0 0 1 
5 -1.6632 1.1826 -0.25702 0.0530231 1.55561 4.01563 22 713 1441 1 1 0 0 5 
5 -0.871169 -3.61904 -1.14846 0.184072 0.2038 4.06737 22 715 9872 9828 1 0.166503 0.166503 8 
-1.90469 3.70755 -5 -1.62292 0.861607 1.39224 4.07032 22 716 9971 9956 1 0.387795 0.387795 21 
5 1.81521 -0.185779 -0.489816 -0.19985 -0.0766804 4.16492 22 717 45441 43648 1 0 0 3 
3.6145 -2.43464 -5 -0.506669 0.054533 0.0378558 4.17015 22 718 4582 4581 1 0 0 3 
5 -1.99703 -2.66743 -0.38374 -0.207271 0.266276 4.07322 22 719 21202 21174 1 0.51073 0.51073 21 
-0.124509 -0.777362 -5 -0.831036 0.338075 1.61324 4.03026 22 720 23037 22909 1 0 0 3 
5 -4.00737 0.638716 -0.875189 1.22384 0.982381 4.08951 22 721 21210 21207 1 0 0 2 
4.56327 5 0.989309 -0.122195 -0.342659 0.464639 4.06488 22 722 2071 2068 1 0.170231 0.170231 33 
5 1.55957 3.66331 -1.9785 0.210767 1.53525 4.11878 22 724 12187 12186 1 0.719873 0.719873 59 
1.86397 -0.789226 -5 1.02665 0.377955 1.82504 4.05684 -11 725 3909 3908 1 1.67733 1.67733 4 
5 -0.908659 4.78866 -0.467462 -0.0178383 0.205624 4.13617 22 726 2003 1973 1 0.307609 0.307609 6 
-3.15641 -1.62799 -5 -4.12068 0.551898 5.57855 4.03726 22 728 2247 2208 1 0 0 8 
5 2.01385 -2.75357 -0.219451 -0.160503 0.0389403 4.14407 22 729 2038 2036 1 1.58402 1.58402 91 
5 -1.96024 -4.72292 -1.00217 -0.0514853 0.142607 4.06668 22 730 3640 3410 1 0 0 3 
4.62104 4.56474 -5 -0.723513 0.0928629 2.4162 4.00426 22 731 23389 23266 1 0 0 4 
1.25908 -5 -3.4438 -0.323053 0.054161 0.392203 4.10257 22 732 2059 2058 1 0 0 5 
5 3.17221 2.10274 -0.994788 0.466106 3.20911 4.03337 22 734 27296 27107 1 0 0 1 
-3.22648 4.2941 -5 -1.34065 0.561314 0.492719 4.10125 22 735 38566 38508 1 0 0 1 
5 -2.20099 1.29426 -32.0859 0.399969 4.61459 4.05414 -11 736 1183 1182 1 7.86173 7.86173 133 
5 3.6846 4.86698 -0.928797 -0.94624 0.563154 4.10717 22 737 3103 3102 1 0.340585 0.340585 10 
0.631611 -5 -1.9099 -0.320117 0.454787 0.390434 4.14591 22 739 27996 27922 1 0 0 1 
5 -4.14281 4.37135 -0.874093 0.039996 0.579125 4.10854 22 742 36263 36183 1 0 0 1 
2.23695 -5 1.01235 -0.288641 0.101913 0.40917 4.06966 22 743 17447 17432 1 0.51079 0.51079 14 
5 -2.14571 3.47179 -2.54139 0.899035 2.87986 4.06344 22 744 1934 1806 1 0.212029 0.212029 27 
5 -0.0482173 1.00841 -0.496625 0.127934 0.168117 4.14754 22 745 51378 51339 1 0.539295 0.539295 25 
5 1.09921 -2.97579 -0.23342 0.0814361 0.121679 5.0468 22 746 31338 31277 1 0 0 2 
5 -3.34943 2.55471 -1.37892 0.380014 1.78245 4.05681 22 747 3975 3198 1 0 0 5 
5 3.0094 -1.05542 -1.02024 0.230432 0.582403 4.08452 22 748 14078 14076 1 0.258983 0.258983 15 
5 -1.12015 4.2585 -0.526556 0.0816604 0.0054719 4.1789 22 749 10919 10918 1 0 0 2 
5 0.363672 -0.342614 -0.519861 0.345448 0.0437143 5.35266 22 751 16494 16489 1 0 0 1 
-4.39129 2.68342 -5 -4.12937 0.818768 8.76883 4.02569 22 752 21196 20735 1 0 0 3 
5 -3.99127 0.342975 -0.928718 0.0173392 1.20011 4.05325 22 753 7608 7605 1 0 0 6 
4.04913 -5 -3.54003 -0.329732 0.330594 0.272038 4.04111 22 755 11186 11127 1 0.470676 0.470676 3 
1.20903 -3.98305 -5 -0.341631 0.178104 0.0576533 4.08952 22 756 4586 4263 1 0.0655757 0.0655757 8 
1.0172 -2.51837 -5 -0.383308 0.109167 0.556403 4.03701 22 757 31663 30272 1 0 0 1 
5 -3.15761 -4.00046 -2.34307 0.129067 1.43462 4.07197 22 758 7279 7206 1 0 0 3 
0.660246 5 0.549083 -0.224578 -0.101492 0.0890563 4.20493 22 759 24055 24026 1 0 0 1 
1.22826 3.55422 -5 -15.5848 7.68258 4.09391 4.10682 22 760 12219 12054 1 0 0 1 
5 -2.7431 -2.12157 -0.281753 0.148961 0.399432 4.08037 22 761 1238 1237 1 0.158645 0.158645 4 
0.130877 -5 -3.73876 -0.427471 0.148348 0.237448 4.09583 22 763 6116 6085 1 0.129194 0.129194 5 
5 -1.68785 -2.61256 -2.95004 0.397867 1.06876 4.09067 22 764 12959 12887 1 0.0055131 0.0055131 5 
5 3.3154 -0.238489 -0.696498 0.361826 0.180793 4.13218 22 765 2074 2031 1 0 0 2 
-1.89093 -1.15645 -5 -0.298442 0.168711 0.39498 4.06828 22 766 23276 23047 1 0 0 1 
5 -3.69999 -4.75718 -0.345119 -0.0690906 0.0141216 4.15169 22 767 38819 38818 1 0 0 1 
-3.61765 -0.580402 -5 -0.673818 -0.11024 0.655996 4.06222 22 768 3644 3601 1 0 0 2 
-4.14438 0.942664 -5 -0.398102 0.0630031 0.31411 4.09652 22 769 3384 3383 1 0.194957 0.194957 4 
3.26599 -1.74335 -5 -0.112193 -0.114194 0.133106 4.10431 22 770 9148 9145 1 0.207935 0.207935 18 
5 -3.25571 1.25202 -0.279549 0.113827 0.41233 4.08155 22 771 18348 18323 1 0 0 1 
-1.33639 3.70199 -5 -0.325951 0.126483 0.328741 4.04616 22 772 2165 2143 1 0 0 4 
5 -4.84358 -0.255132 -1.10197 0.00399657 1.19081 4.06752 22 773 33456 33454 1 0 0 2 
2.97587 2.86476 -5 -0.403458 0.0848468 0.1619 4.08218 22 774 15719 15718 1 0 0 2 
1.51728 4.53038 -5 -0.879903 0.0298991 0.637551 4.08719 22 775 2413 2348 1 0 0 1 
5 3.95011 -4.47731 -0.448082 0.186436 -0.0236919 4.13655 22 776 21756 21723 1 0 0 2 
5 -3.48782 -4.25997 -0.149227 0.0440589 0.210237 4.16661 22 777 20995 20994 1 0.10416 0.10416 31 
2.38943 5 -1.78648 -0.180742 -0.226424 -0.0142526 4.07441 22 778 9419 9371 1 0 0 5 
5 -1.9503 3.21626 -0.464998 0.308131 0.0727668 4.10848 22 779 13689 12944 1 0.944165 0.944165 20 
-1.49131 3.82297 -5 -0.304692 0.305608 0.314824 4.05736 22 780 3784 3754 1 0 0 2 
5 4.24939 0.0671612 -0.254792 0.055753 -0.0719798 4.11552 22 781 3692 3631 1 0 0 2 
-3.03348 -5 -3.55084 0.120334 0.352788 -0.142413 4.14464 22 782 17523 17487 1 0 0 5 
5 4.55564 -3.12265 -0.825645 0.195964 1.3783 4.0207 22 783 8065 8008 1 0 0 4 
-4.14622 2.7697 -5 -0.89716 0.261823 1.19621 4.07968 22 784 25932 25914 1 0 0 2 
5 3.15233 4.38575 -3.81122 2.04873 0.304518 4.14273 22 785 20890 20887 1 2.17625 2.17625 7 
5 -3.05522 -0.813824 -0.240355 -0.131382 0.0940255 4.04736 22 786 2428 2235 1 0 0 5 
0.949087 -0.502021 -5 -7.78113 0.266663 10.1331 4.02956 22 787 10991 10951 1 1.02885 1.02885 18 
5 2.09891 3.5227 -3.87341 0.601722 1.74024 4.12496 22 788 5476 5420 1 0 0 4 
5 -3.35059 -3.74038 -0.231221 -0.232757 0.0185574 4.1578 22 789 13840 13823 1 0 0 1 
5 -4.95722 0.805812 -0.251366 0.0925624 0.435163 4.04204 22 790 13226 13198 1 0.222031 0.222031 3 
2.1351 3.08703 -5 -1.59157 0.178593 0.760319 4.11365 22 791 34921 34863 1 0 0 1 
1.12008 -5 0.274539 -1.5314 0.468921 0.317757 4.1295 22 792 8821 8787 1 0.0103209 0.0103209 5 
5 4.75697 1.9368 -0.522755 0.600956 0.208351 4.118 22 793 5177 4950 1 0.356306 0.356306 4 
0.212987 -2.87352 -5 -0.720307 0.363035 1.24543 4.02299 22 794 6640 6501 1 0 0 3 
5 -4.8549 -3.15109 -4.35974 0.961697 0.511555 4.12624 22 796 8287 8225 1 0 0 1 
5 2.24717 -3.14571 -0.429916 0.229315 0.139188 4.09384 22 797 7137 7017 1 0.506646 0.506646 8 
5 -1.13878 0.57283 -1.18276 0.110046 2.04477 4.04088 22 798 43044 42933 1 0 0 1 
-3.32947 -1.72575 -5 -10.2015 1.43514 21.9856 4.02677 22 799 17591 17564 1 0 0 2 
5 2.99905 0.373881 -0.482191 0.164412 -0.00698625 4.20781 22 800 34393 34392 1 0 0 1 
1.76405 2.70009 -5 -0.413201 0.139006 0.877712 4.03336 22 802 20882 20607 1 0 0 2 
-0.248823 -1.50419 -5 -1.27204 0.80138 0.954904 4.07062 22 803 33349 33274 1 0 0 1 
5 4.53336 -1.77122 -0.76074 0.0785885 0.0439187 4.10861 22 804 8456 8367 1 0.10032 0.10032 5 
0.871105 -1.76745 -5 0.0718472 0.234996 0.184242 4.20909 22 805 11419 11417 1 0.00582534 0.00582534 4 
5 0.206054 3.17632 -0.754456 0.674475 0.125919 4.06442 -11 806 6431 6430 1 0.629657 0.629657 3 
4.74636 -5 -4.24351 -0.416801 0.208797 0.209285 4.23317 22 807 34165 34164 1 0 0 1 
3.00841 -0.70884 -5 -0.474442 0.0332451 0.186868 4.11159 22 809 10854 10853 1 0.285025 0.285025 6 
5 1.8561 -0.270063 -0.460964 -0.0207738 0.396922 4.07521 22 811 4236 4151 1 0 0 2 
5 1.1942 -3.14878 -0.425273 0.206432 0.0668527 4.16011 22 812 12856 12855 1 0 0 3 
1.34172 -2.18027 -5 -0.242472 0.0419059 0.346243 4.04001 22 813 13106 12756 1 0 0 1 
-1.45789 2.92272 -5 -0.292465 0.319808 0.524882 4.05216 22 814 50636 50633 1 0 0 1 
5 -1.19568 -1.37335 -0.308717 0.181793 -0.021909 4.19785 22 815 2504 2437 1 0 0 1 
5 -1.33058 -3.92244 -2.10074 -0.238953 0.842529 4.09832 22 816 5231 5228 1 0 0 3 
-1.33102 -0.412812 -5 -0.847803 0.142728 0.640221 4.03914 22 817 1403 1305 1 0 0 1 
-0.297596 -5 2.71251 -0.564405 0.348534 -0.0382984 4.11184 22 818 19820 19766 1 0 0 1 
5 -1.62282 -1.17713 -1.85647 0.13444 0.49987 4.0977 22 819 22461 22459 1 0.404873 0.404873 6 
5 -0.815641 1.675 -0.446384 -0.0152085 0.147618 4.11817 22 820 17290 17222 1 0 0 1 
5 -1.81181 2.88941 -0.541055 0.0558336 0.654993 4.06389 22 821 4901 4737 1 0 0 3 
5 -4.50908 2.96801 -0.427998 -0.264131 0.0904022 4.17495 22 822 18280 18277 1 0 0 3 
-2.42746 -5 -4.16178 0.253046 0.102259 0.283658 4.11175 22 823 32618 32507 1 0.13743 0.13743 4 
4.85957 -0.931588 -5 -0.554594 0.547696 1.34759 4.03232 22 824 4924 4882 1 0.547065 0.547065 5 
5 -1.32058 0.298653 -0.714585 0.780382 0.17267 4.11381 22 825 14357 14356 1 0 0 3 
5 -3.40671 -1.42742 -1.30886 0.0495806 0.0684643 4.1711 22 826 5042 5041 1 0 0 1 
5 3.96577 0.22302 -0.379591 0.372623 0.0492119 4.09137 22 827 2528 2444 1 0 0 5 
5 -4.47776 4.21796 -0.326529 0.109223 0.260151 4.07806 22 828 6533 6425 1 0 0 1 
5 3.16378 -3.77041 -0.508067 0.0101473 -0.0537126 4.13865 22 829 6315 6311 1 0 0 2 
5 2.83742 1.51908 -0.506661 0.0361125 0.496681 4.13057 22 830 26687 26686 1 0 0 1 
5 -1.57387 -0.327124 -0.493242 0.0613715 0.118599 4.15148 22 831 14794 14753 1 0 0 1 
5 -0.46998 3.80491 -2.84542 -0.00104591 4.04648 4.06457 22 832 35046 34900 1 0 0 1 
2.08966 -4.72183 -5 -1.4693 0.191585 1.63568 4.05165 22 833 10897 10715 1 0 0 4 
5 -2.66269 -3.55311 -0.424673 0.128895 0.073497 4.15039 22 834 22884 22883 1 0.199404 0.199404 17 
-2.86695 1.48454 -5 -3.64288 0.328392 1.71737 4.08257 22 835 38703 38599 1 0 0 1 
5 -0.725389 -4.1767 -0.534502 0.379162 0.48786 4.0586 22 836 10768 10641 1 0.765675 0.765675 31 
-3.43671 -1.64281 -5 -4.38982 0.479613 5.77417 4.0456 22 837 12366 12344 1 0 0 4 
0.270018 -0.694759 -5 -0.273946 0.0261554 0.248134 4.04909 22 838 9955 9749 1 0 0 4 
2.70443 4.90507 -5 -0.225329 0.0131668 0.307514 4.04384 22 839 17839 17713 1 0 0 1 
5 -4.87869 -3.81641 -1.4854 -0.729351 1.79532 4.05769 22 840 2053 1989 1 0 0 4 
5 -4.81284 -4.25596 -0.391978 0.0162196 0.028436 4.10632 22 842 29165 29012 1 0 0 2 
5 -1.22707 -4.58053 -0.495456 0.108344 0.0624872 4.11499 22 843 28159 28158 1 0 0 1 
5 3.51668 4.08703 -0.514777 0.0285926 0.573971 4.07438 22 844 11881 11702 1 0.687791 0.687791 24 
0.958811 1.81671 -5 -0.103381 -0.016573 0.191645 4.0917 22 845 7916 7915 1 0 0 5 
5 -4.15547 4.41575 -1.81608 0.342465 0.951397 4.11896 22 846 34549 34468 1 0 0 1 
1.34678 -3.61373 -5 -0.197846 0.18616 0.0108244 4.09424 22 847 1397 1277 1 0.271547 0.271547 25 
5 -1.13853 -0.338627 -1.17816 0.280957 1.49004 4.06974 22 848 1678 1589 1 0 0 5 
5 4.76916 4.40884 -0.18838 -0.0641364 0.307164 4.11123 22 849 6011 6010 1 0 0 4 
3.60003 -2.0733 -5 -0.335282 0.121284 0.53111 4.03785 22 850 43627 43603 1 0 0 2 
5 -2.26591 2.93296 -0.462528 0.00867616 0.230242 4.10231 22 851 2104 2072 1 0 0 2 
-1.22373 -4.28596 -5 -0.433598 0.122587 0.47097 4.06213 22 852 8638 8634 1 0 0 2 
5 0.121854 1.99569 -0.0764736 0.108836 0.276655 4.10448 22 853 6272 6261 1 0.512392 0.512392 54 
-3.3362 0.758402 -5 -0.358671 -0.0192587 0.103101 4.1719 22 855 19080 19076 1 0 0 1 
5 -3.00756 1.385 -0.396517 0.0525372 0.318016 4.07893 22 857 9277 9244 1 0 0 1 
4.40658 -2.23823 -5 -0.389704 -0.0116799 0.330325 4.29676 22 858 2207 2206 1 0 0 2 
-1.36527 3.16415 -5 -0.307846 0.239434 0.268033 4.12551 22 859 31206 31185 1 0 0 2 
-0.655502 5 -0.958973 -0.296814 -0.097079 0.0732674 4.13554 22 860 9181 9027 1 0 0 3 
5 -2.77149 -3.55255 -0.470908 0.0623385 0.116169 4.12966 22 861 7426 7425 1 0.488606 0.488606 28 
4.82793 0.537514 -5 -0.486875 0.171155 0.390204 4.07718 22 863 3445 3387 1 0 0 1 
5 -4.34453 -4.22016 -2.73358 -0.723543 0.116371 4.12799 22 865 6572 6571 1 0 0 1 
5 3.51154 -0.509178 -0.891919 0.201974 1.04506 4.06689 22 866 1900 1839 1 0.15993 0.15993 9 
0.123217 -5 -0.482474 -0.366508 0.605683 0.396835 4.05092 22 867 1546 1544 1 0.101881 0.101881 3 
5 4.97217 4.80434 -0.43142 0.198522 0.188643 4.14031 22 868 38992 38990 1 0 0 1 
2.29327 -5 2.88096 -0.497895 0.174965 0.0258988 4.13665 22 870 26931 24791 1 0 0 2 
5 -3.45862 0.690049 -0.412654 0.152047 0.131417 4.11297 22 871 2308 2240 1 0 0 1 
2.84466 -5 -3.51236 -0.447056 0.26382 0.0898014 4.11373 22 872 29084 29046 1 0 0 2 
4.72205 -5 -1.63349 -0.376577 0.2249 0.199156 4.16236 22 874 26873 26846 1 0.626511 0.626511 21 
3.83637 1.80914 -5 -0.3322 0.181881 0.484422 4.03024 22 875 5136 4746 1 1.43016 1.43016 21 
5 -0.459084 -4.59515 -0.246119 0.20096 0.131101 4.03843 22 876 13512 13511 1 0 0 2 
0.660983 3.77059 -5 -0.899021 0.202314 1.83727 4.02435 22 877 38743 38550 1 0 0 3 
4.5174 -2.58134 -5 -8.60227 -1.5675 4.48734 4.09287 22 878 21176 21100 1 1.1177 1.1177 8 
-4.3087 4.45272 -5 -1.95109 0.698684 2.80442 4.05469 22 879 10015 9526 1 0.450017 0.450017 28 
5 1.64336 0.0943704 -0.303599 0.0456984 0.101858 4.05888 22 880 41344 40869 1 0.760434 0.760434 23 
5 3.16593 -3.83442 -0.375074 -0.123 -0.0584746 4.12479 22 881 24515 24466 1 0 0 3 
5 1.01332 2.97801 -0.489864 0.0542723 -0.0357998 4.09731 22 882 5936 5767 1 0.316661 0.316661 7 
4.06004 2.09171 -5 -0.0556631 -0.0338623 0.25601 4.20332 22 886 8198 8173 1 0.263734 0.263734 29 
5 2.41451 -3.48889 -0.498416 0.0693933 0.0888012 4.08949 22 888 1397 1396 1 1.9252 1.9252 9 
-3.97923 4.70754 -5 -2.65473 0.466644 1.03212 4.12486 22 889 11415 11414 1 0 0 4 
-3.20763 -3.78532 -5 -0.772496 -0.00929031 1.66717 4.02517 22 890 6892 6315 1 0 0 2 
5 -4.55414 -2.14168 -1.17503 0.692856 0.755864 4.06062 22 891 7492 7491 1 0 0 5 
5 -0.0920457 3.26147 -0.345334 0.108246 0.480783 4.06632 22 892 4234 3480 1 0 0 3 
5 -0.668084 -3.87208 -5.32344 1.08969 5.66958 4.05648 22 893 17714 17608 1 5.9505 5.9505 34 
5 -3.61202 4.67364 -0.273534 0.145181 0.317787 4.07398 22 894 18078 18077 1 0 0 3 
5 3.27588 -3.54052 -0.434376 0.237861 0.125936 4.10573 22 895 12004 12003 1 0 0 2 
-4.1703 -3.41318 -5 -0.427354 -0.00699898 0.584889 4.09694 22 896 2651 2500 1 0 0 1 
2.95242 -3.29021 -5 -0.1622 0.284335 0.148477 4.03163 22 897 14981 14580 1 0.358576 0.358576 48 
5 -3.09525 -4.72623 -0.356751 0.00456625 0.211491 4.06335 22 898 28804 28786 1 0.414506 0.414506 15 
5 -1.50373 4.81945 -0.493741 -0.029658 0.128298 4.14419 22 899 11390 11389 1 0 0 2 
5 0.463606 -1.01687 -0.344153 -0.00530695 0.293056 4.08844 22 902 1207 1206 1 0.0256469 0.0256469 5 
5 3.7086 -4.75459 -2.29344 0.346294 -0.316905 4.17549 22 903 42657 42656 1 0 0 2 
5 -4.32517 4.02863 -0.259781 -0.134818 -0.0439895 4.1317 22 904 12022 11990 1 0 0 2 
5 2.25824 -1.14152 -0.595118 0.52543 0.127911 4.09793 22 906 8519 8415 1 0 0 1 
1.26766 -5 1.23975 -0.698495 0.39357 0.980507 4.06063 22 907 45629 45628 1 0.0123658 0.0123658 6 
5 4.84803 -2.80055 -1.13038 0.333932 1.70132 4.03589 22 908 2691 1 1 0 0 2 
5 2.85441 0.914507 -3.4149 0.666683 1.91514 4.08813 22 909 7059 6907 1 0 0 4 
-3.96683 -1.03773 -5 -0.364533 0.0428948 0.561854 4.03573 22 910 21770 18515 1 0 0 2 
5 0.4007 -3.02105 -0.411657 0.139859 0.0207948 4.21439 22 911 4081 4080 1 0 0 2 
-0.713389 5 -4.52312 -1.4265 -1.00198 0.479457 4.09279 22 912 20020 19960 1 0 0 4 
5 1.03026 -2.51501 -12.947 1.9168 6.8978 4.08522 22 913 29727 29659 1 0 0 1 
0.635851 1.51057 -5 -1.77281 1.3204 0.831867 4.10396 22 914 17710 17709 1 1.28743 1.28743 11 
2.18705 -0.298939 -5 -0.896314 0.280188 0.688274 4.02547 22 915 5310 4958 1 0 0 3 
5 -1.883 -2.77212 -0.35135 0.0820892 -0.0620851 4.13174 22 916 5557 5514 1 0 0 1 
5 4.58784 1.45052 -0.48262 0.105584 0.616463 4.06171 22 917 1407 1274 1 0.28066 0.28066 31 
-1.80081 -5 2.03028 -0.242173 0.445093 0.0660626 4.15645 22 918 1729 1728 1 0 0 3 
5 -1.70311 0.696659 -0.280287 0.0037115 -0.0971894 4.14939 22 919 12215 12184 1 0 0 2 
-3.88644 5 0.432765 -0.209744 -0.117052 0.0751837 4.15834 22 921 17150 17104 1 0 0 1 
5 0.951283 3.01085 -0.16741 -0.348461 0.061758 4.06968 22 922 44725 44078 1 0 0 1 
5 0.738877 0.00871456 -2.49594 0.473481 3.77148 4.04159 22 923 22976 22815 1 0.310617 0.310617 26 
5 -2.97647 4.78572 -0.148987 0.203744 0.0250386 4.099 22 924 13995 13994 1 0 0 3 
-3.73632 -2.40842 -5 -2.82112 0.629931 7.24368 4.01817 22 925 44270 44063 1 0 0 1 
5 1.7302 -3.05921 -0.236215 0.0671488 0.255828 4.12575 22 926 8139 8138 1 0 0 5 
5 1.571 0.610992 -1.33318 -0.0186753 0.765423 4.09872 22 927 13484 13451 1 0 0 2 
5 -1.77333 -4.58727 -0.495015 -0.112811 0.209917 4.08951 22 928 17193 17192 1 0.505909 0.505909 28 
-3.97489 -4.81574 -5 -0.28521 -0.189833 0.532704 4.1145 22 930 37649 37648 1 0 0 2 
5 4.3206 -2.47937 -1.53711 0.701514 0.7247 4.08328 22 931 3609 3567 1 0 0 2 
5 0.592693 -1.8112 -9.7004 2.95076 16.3531 4.0455 22 932 1684 1569 1 0.234145 0.234145 7 
5 0.303273 4.08212 -0.372512 0.147405 0.0552941 4.09466 22 933 30465 30333 1 8.27902 8.27902 102 
3.97428 -5 -4.96564 -0.738111 0.285561 -0.279504 4.16582 22 934 2457 2426 1 1.50791 1.50791 4 
5 3.89875 2.5066 -0.506611 0.0140655 0.0653251 4.17256 22 935 1065 1061 1 0.823658 0.823658 5 
0.0651547 5 -1.62857 -0.15322 -0.197186 -0.0512565 4.19191 22 936 1699 1612 1 0.254563 0.254563 21 
5 -1.58056 -2.39675 -1.19915 0.41342 3.02441 4.02774 22 937 4817 4725 1 0 0 1 
5 4.4434 3.39921 -1.07148 0.263444 0.858496 4.09573 22 938 30046 29958 1 0 0 1 
3.35393 -4.54136 -5 -0.73 -0.0608264 1.19275 4.04001 22 939 3608 1 1 0 0 1 
0.412291 3.90592 -5 -0.493593 0.268181 0.906653 4.02775 22 941 8364 8351 1 0.0296163 0.0296163 11 
5 3.17375 -3.4431 -0.493213 0.0716762 1.31972 4.02077 22 942 3283 3144 1 0 0 3 
5 4.38044 -2.80266 -0.295407 -0.236399 0.333733 4.1281 22 944 38415 38396 1 0 0 1 
5 0.472374 -0.199884 -0.753723 -0.169387 0.557062 4.05147 22 945 5859 5746 1 0 0 1 
0.921604 -1.24679 -5 -2.93683 0.92737 2.66786 4.04272 22 947 23797 23653 1 0 0 3 
-4.97227 -5 0.17498 -0.345255 0.0543639 0.090093 4.14885 22 948 2624 2525 1 0 0 1 
4.98793 -5 -0.948736 -0.153217 0.14769 0.203768 4.07209 22 950 3772 3754 1 1.60016 1.60016 35 
-0.133461 -5 -1.04135 -0.386868 0.123495 0.379352 4.06025 22 951 16157 16093 1 0 0 1 
5 -0.918159 1.97803 -0.393493 0.0199681 0.325398 4.09728 22 952 29923 29919 1 0 0 2 
5 -3.18964 -2.47276 -0.318437 -0.263726 0.660901 4.05213 22 953 4755 4618 1 0 0 4 
5 -0.572036 1.72244 -1.2051 -0.00368913 1.19308 4.0779 22 954 21358 21127 1 0 0 3 
5 2.64675 -2.38799 -0.383506 0.453309 0.042899 4.05163 22 955 12949 12946 1 0.417258 0.417258 39 
5 -0.47754 -0.489099 -0.292976 0.0848031 0.186625 4.14429 22 956 2547 2546 1 0.0790618 0.0790618 5 
5 -0.866705 -4.35705 -0.471436 0.049659 0.190794 4.10045 22 957 16286 16285 1 0 0 5 
5 4.19162 2.99835 -0.313826 0.353618 0.459674 4.10821 22 958 22510 22316 1 0 0 3 
-2.19209 2.87412 -5 -1.06663 -0.286747 1.48035 4.04622 22 959 6210 5960 1 0.204496 0.204496 3 
5 -2.01483 4.90833 -1.3761 -0.263718 1.6379 4.08536 22 961 30657 30656 1 0 0 1 
5 -2.83257 1.43066 -1.09142 0.286161 2.06599 4.03874 22 962 8509 8463 1 0 0 4 
5 -0.419393 2.0609 -0.224014 0.0895059 0.446223 4.09174 22 963 17156 17151 1 0 0 2 
1.746 -0.525883 -5 -0.393329 0.0298793 0.324837 4.07089 22 964 42508 42476 1 0 0 2 
5 3.69875 -1.86516 -0.906914 0.36463 0.675019 4.08293 22 965 24754 24726 1 1.04756 1.04756 6 
0.0882062 5 -2.4596 8.36922 -6.50161 -2.69006 4.07708 -11 966 13755 13754 1 4.04173 4.04173 4 
5 1.65946 0.764636 -6.14184 1.6616 9.90018 4.0408 22 967 17879 17877 1 0.894717 0.894717 10 
5 -1.56292 -2.08129 -0.320044 0.344455 0.200106 4.06298 22 968 34516 34515 1 0 0 1 
5 -0.609386 -3.89366 -0.494658 -0.405695 0.393111 4.02458 22 970 19332 19287 1 0 0 4 
2.45433 -3.26522 -5 -0.338678 0.0226345 0.852082 4.01707 22 971 2009 1 1 0 0 3 
5 -3.46939 -0.636224 -0.230291 -0.0865011 0.312422 4.09247 22 972 20200 20085 1 0 0 2 
5 -4.07697 -3.73839 -0.555707 0.032772 0.13044 4.125 22 973 2517 1517 1 0.263467 0.263467 4 
4.4709 2.61789 -5 -0.414349 0.128537 0.449759 4.02144 22 974 6843 6785 1 0.0649258 0.0649258 3 
0.862627 -0.583196 -5 -0.334277 0.241878 0.680361 4.04312 22 975 3929 3599 1 0 0 5 
-2.64394 -5 -3.894 0.0927145 0.253358 0.0949745 4.11697 22 977 16300 16220 1 0.285675 0.285675 22 
2.69281 -4.1314 -5 -0.585904 0.231366 0.651424 4.06823 22 978 34494 34327 1 0 0 2 
-2.09723 2.60121 -5 -3.08308 0.686546 5.4442 4.03839 22 979 1271 1 1 0 0 1 
4.54145 -5 -3.90419 0.036558 0.049963 -0.31678 4.0851 22 980 1069 1067 1 1.67385 1.67385 60 
5 4.61444 1.85996 -0.42331 0.286215 -0.00307056 4.1429 22 982 3929 3928 1 0 0 1 
5 -1.6861 -4.24245 -0.727174 0.193663 0.193875 4.10237 22 983 11212 10990 1 0 0 4 
5 0.876831 -0.35679 -3.0662 1.49577 5.57709 4.04155 22 984 40951 40806 1 0 0 2 
5 2.70947 -1.9397 -0.468299 0.204414 0.00555935 4.18942 22 985 34923 34898 1 0 0 2 
3.51584 -5 -2.6 -0.281577 0.322446 0.0965356 4.06101 22 986 5530 5370 1 0 0 3 
-0.774139 -3.35655 -5 -6.78924 0.839221 9.84776 4.04982 22 987 3953 3900 1 0 0 2 
2.00081 -5 3.28786 -2.94308 0.294322 0.900652 4.12644 22 989 8250 8249 1 1.62754 1.62754 3 
5 4.89152 -3.83009 -0.27601 0.0385085 0.397511 4.07302 22 990 6564 6539 1 0 0 3 
5 -0.614866 -1.24625 -0.717862 0.231403 0.398543 4.10328 22 991 25192 25004 1 0.163443 0.163443 3 
-0.800513 -5 3.42603 -0.306137 0.310148 0.119098 4.21406 22 992 34163 34162 1 0 0 1 
1.83872 -3.10206 -5 -0.938439 0.0913328 1.24767 4.04646 22 993 41052 40906 1 0 0 1 
-4.11988 4.83211 -5 -0.484467 0.0637918 0.363014 4.06574 22 995 5744 5742 1 0 0 3 
0.471202 4.5035 -5 -0.60366 0.305923 0.416931 4.07361 22 996 18135 18097 1 0 0 2 
5 0.469203 -3.30943 -0.352295 0.120482 0.46626 4.02558 22 997 47277 47276 1 0 0 1 
5 3.67293 0.310394 -0.423348 -0.159211 0.620901 4.07678 22 998 20058 4711 1 0 0 4 
4.86852 0.132894 -5 -0.309894 0.102358 0.393203 4.0427 22 999 38423 38422 1 0 0 1 
4.16663 -5 1.67112 -0.0931795 0.101895 -0.166785 4.13086 22 1000 35913 35709 1 0.287771 0.287771 3 
