# Det1_3_14
#x y z Px Py Pz t PDGid EventID TrackID ParentID Weight Edep VisibleEdep Ntracks
5 2.22342 0.285039 -0.986341 -0.39669 -0.268766 3.91515 22 1 2850 2788 1 0.217599 0.217599 11 
2.29614 3.8823 -5 -0.490652 -0.282891 0.548173 3.841 22 2 7545 7412 1 0 0 2 
2.46347 5 -1.14568 -4.39131 -1.24943 3.21751 3.92912 22 3 2403 2339 1 0 0 4 
5 -3.12985 2.05173 -1.09349 -0.486898 1.03462 3.88794 22 5 8769 8740 1 0.77407 0.77407 61 
4.52817 5 2.37942 -0.386392 -0.30305 0.141356 3.95776 22 6 33765 33764 1 0 0 1 
2.45868 5 4.2664 -0.75653 -0.467197 0.0454228 3.89989 22 7 25798 25577 1 0.384435 0.384435 34 
5 1.18877 -0.445589 -0.884445 -0.329188 -0.277372 3.8946 22 9 14142 14141 1 0.849756 0.849756 30 
3.8545 -0.267647 5 -0.417284 -0.21616 -0.0321292 3.97287 22 10 20870 20838 1 0 0 1 
1.41743 -4.93245 -5 0.0785566 -0.145561 0.166662 4.07872 22 11 32354 32352 1 0 0 2 
2.20755 3.84228 5 -0.211733 -0.0178403 -0.464726 4.11072 22 13 35251 35248 1 0 0 1 
2.28422 4.33981 -5 -0.225047 -0.0867602 0.297104 3.87707 22 14 15890 15710 1 0.395869 0.395869 17 
-5 -0.677813 4.74944 0.0894025 -0.202525 0.00524152 3.96012 22 15 32875 32799 1 0 0 1 
2.43831 -0.428884 -5 -0.336079 -0.128549 0.167447 3.91068 22 16 1701 1 1 3.88121 3.88121 12 
5 4.28904 0.76012 -0.505145 -0.0498374 0.0588617 3.90802 22 17 34048 34047 1 0 0 2 
5 2.1176 -3.47869 -0.239157 -0.330546 -0.307674 4.14731 22 18 9377 9376 1 0 0 1 
5 -1.75059 3.25959 -1.49399 0.232254 -0.229864 3.9904 22 21 18365 18363 1 0 0 1 
5 -3.12235 2.22575 -0.209266 0.00252758 -0.117015 4.19843 22 22 23471 23469 1 0.059701 0.059701 2 
5 -1.1873 3.25743 -1.09968 -1.03713 -0.357198 3.99834 22 23 28959 28935 1 0 0 1 
1.78237 5 -4.50383 -0.305861 -0.26728 0.310048 3.86664 22 24 37538 37537 1 0 0 2 
-0.823398 5 2.08947 -0.491146 -0.219911 0.462288 3.8649 22 25 28207 27763 1 0.165548 0.165548 54 
5 3.82816 1.29536 -0.393111 -0.0724401 -0.0631729 3.97946 22 26 16103 16102 1 0 0 2 
-3.57013 1.10491 5 -0.347213 -0.162257 -0.337987 4.09131 22 27 7574 7573 1 0 0 3 
4.42652 0.786222 -5 -0.43717 -0.192228 1.20765 3.81088 22 28 23501 23317 1 0 0 3 
5 -0.0841313 -3.75903 -0.355074 -0.165382 -0.328163 4.16952 22 29 3681 3679 1 0 0 5 
0.0849219 0.929211 5 -0.438219 -0.0513913 -0.257765 4.06413 22 30 15113 15112 1 0 0 5 
4.0205 -0.139719 -5 -1.13621 -0.453107 1.37024 3.84876 22 31 40264 40092 1 0 0 2 
5 2.77623 -1.47753 -0.372035 -0.163716 0.110458 3.90013 22 32 18723 18062 1 0.0920549 0.0920549 28 
-2.80699 5 -4.3296 -0.233833 -0.372739 0.114492 3.85733 22 33 8861 8860 1 0 0 8 
5 0.198031 1.05378 -1.19371 -0.730014 0.943724 3.8738 22 34 18072 18071 1 0.192467 0.192467 3 
5 -2.2938 2.34204 -0.368809 -0.110809 -0.335888 4.03061 22 35 1935 1934 1 4.56275 4.56275 52 
3.67379 -1.38358 -5 -1.51776 -0.935373 0.189752 3.8948 22 36 8173 8040 1 0 0 3 
2.53134 5 -0.115085 -0.20744 -0.242535 -0.091989 3.85974 22 37 7834 7379 1 0 0 1 
5 2.98746 1.62533 -0.33887 0.0144163 -0.382203 4.12425 22 38 1339 1335 1 0 0 2 
0.727518 -5 -3.83251 0.0883523 0.147572 -0.0839316 3.94498 22 39 9203 9202 1 0.510702 0.510702 19 
2.19603 1.23618 -5 -0.281223 -0.230645 0.358937 3.88104 22 40 26647 26646 1 0 0 3 
-4.43366 0.39708 -5 -3.08412 -1.94078 6.69334 3.8216 22 44 20733 20605 1 0 0 2 
-3.67682 4.98125 -5 -0.0506925 -0.120334 0.179216 4.16098 22 45 19320 19280 1 0.0897795 0.0897795 4 
5 0.475704 -0.918316 -1.19684 -0.901228 -0.932962 4.18893 22 46 4620 4618 1 0 0 2 
5 -3.26542 1.7294 -1.47383 -0.927893 -0.871249 4.11562 22 47 18066 18065 1 0 0 1 
4.55037 0.973804 5 -0.725275 -0.311351 -0.80773 4.14057 22 48 8635 8607 1 0.898624 0.898624 21 
-0.14811 5 -1.46265 -0.523015 -0.170545 0.55782 3.84249 22 49 21312 21052 1 0.283773 0.283773 26 
2.46757 5 -2.87671 -0.25965 -0.184394 -0.399626 4.25361 22 51 13923 13922 1 0 0 3 
5 -4.36199 -0.771908 -0.187694 -0.275556 -0.0639127 3.98742 22 52 14587 14526 1 0.483698 0.483698 26 
5 -4.03777 4.99857 -2.19895 -1.29899 1.11634 3.88899 22 53 35075 34973 1 4.70916 4.70916 34 
5 -4.14924 2.16855 -3.94685 -2.41324 -0.953939 3.86002 11 54 7943 7930 1 3.14453 3.14453 24 
5 0.857195 -1.91519 -0.265294 -0.0260416 -0.043625 4.25868 22 56 5590 5589 1 0 0 1 
1.95682 5 4.66693 -0.219927 -0.2557 -0.247932 4.06041 22 57 11000 10998 1 0 0 1 
-3.58354 5 -0.389232 -0.498131 -0.104897 -0.0445202 3.99005 22 58 15741 15740 1 0 0 2 
5 2.74929 -3.40835 -0.353083 -0.0628477 0.300706 3.90383 22 59 18278 18277 1 0 0 2 
-2.61441 -5 -0.784195 -0.0776777 0.356643 0.344655 4.12762 22 60 33434 33396 1 0.310785 0.310785 5 
-1.82428 5 -1.73368 -0.476357 -0.10206 0.229108 3.88291 22 62 41646 41645 1 0.153772 0.153772 3 
-0.275701 -4.01856 -5 -0.487217 -0.143009 0.0751531 3.90852 22 63 13278 13174 1 0 0 2 
5 -3.27423 4.78565 -0.46143 -0.179952 -0.125775 4.02399 22 64 7644 7619 1 0.13557 0.13557 3 
-1.35323 5 -0.639375 0.18281 -0.0312572 -0.003418 3.9686 22 65 25822 25794 1 0.185188 0.185188 18 
5 -3.97062 -4.92881 -0.157339 -0.127672 0.140307 4.11798 22 66 18037 18006 1 0 0 4 
-2.4848 5 4.06742 -0.142539 -0.445672 0.176599 3.94504 22 67 4026 4024 1 0.0604107 0.0604107 3 
5 -2.21947 0.877758 -0.220304 -0.0602674 -0.190186 3.93499 22 68 55801 55545 1 0 0 1 
5 1.27752 -2.69638 -1.74391 -1.7292 0.220257 3.98707 22 69 55816 55780 1 0 0 1 
0.59842 -1.65725 5 -0.406757 0.128582 -0.161473 4.15165 22 72 37155 37152 1 0 0 1 
5 -3.52471 4.09431 -0.388553 -0.231552 0.174884 3.9019 22 73 6038 6037 1 0 0 5 
2.11604 -0.750176 -5 -1.24929 -0.72467 1.56607 3.84671 22 74 5077 4973 1 0 0 4 
5 -0.995684 -1.50116 -0.416734 -0.207994 -0.210218 4.04688 22 75 8433 8431 1 0 0 1 
4.67238 5 -0.70202 -5.39632 -1.77393 4.114 3.86842 22 76 8920 8841 1 0.69451 0.69451 37 
5 -0.243841 4.48108 -0.227861 -0.192229 0.347857 3.866 22 77 8089 7956 1 0 0 10 
2.07995 5 -3.12516 -0.145813 -0.172648 -0.081975 3.88576 22 78 7259 6931 1 0.0848932 0.0848932 8 
5 -1.59735 -1.53332 -0.433017 -0.23035 0.143369 3.90979 22 79 3470 3469 1 0 0 6 
5 -0.512488 4.60009 -0.143078 -0.101407 0.179147 4.22398 22 80 18173 18172 1 0.161131 0.161131 26 
5 -0.451974 0.198033 -0.388393 -0.211609 -0.223893 4.07735 22 81 17354 17353 1 0 0 5 
-1.87268 -3.18463 -5 -1.20762 -0.854077 1.22636 3.87692 22 82 6364 6363 1 1.7679 1.7679 32 
5 1.43922 -2.71092 -0.997999 -0.282754 -0.424561 4.06035 22 84 3551 3550 1 0.124709 0.124709 3 
2.88249 -4.01986 5 -0.170264 -0.245615 -0.339031 4.09254 22 85 3972 3971 1 0 0 4 
-4.15948 -0.0715856 -5 -2.14132 -1.33575 1.95011 3.85714 22 86 19903 19795 1 1.86787 1.86787 7 
4.94118 0.710891 -5 -0.00616124 -0.175402 0.111361 4.92255 22 87 15640 15609 1 0 0 1 
5 -0.196848 -1.56842 -0.460502 -0.053513 0.21339 3.89918 22 88 4789 4769 1 0.172567 0.172567 3 
-5 2.17369 -3.50705 0.0447973 -0.167833 -0.204317 3.91911 22 90 8792 8754 1 0 0 3 
5 -3.10402 4.10173 -1.10931 -0.363495 0.78753 3.89953 22 91 13880 13740 1 1.2335 1.2335 3 
-1.14404 -5 -4.23527 0.122989 0.0525034 0.0934627 3.91786 22 95 19964 18603 1 0.162904 0.162904 17 
5 3.54888 3.19648 -0.449744 -0.0935581 -0.0854833 3.93004 22 96 32248 32247 1 0.247889 0.247889 6 
-0.295706 5 -4.26734 -0.383202 -0.267987 -0.206056 3.87979 22 97 10736 10720 1 0.466705 0.466705 5 
0.0424333 4.03527 5 -0.557003 -0.201875 -0.960219 4.23273 22 98 2097 2022 1 0.261786 0.261786 7 
2.87841 -4.27932 -5 -0.398102 -0.0897083 0.271153 3.85176 22 99 6471 6371 1 0.213069 0.213069 5 
1.64001 3.44528 -5 -3.80291 -0.384492 14.2318 3.81345 22 100 1185 1 1 0 0 1 
4.53774 5 -2.65156 -0.440461 -0.256544 0.0360422 3.91456 22 101 6136 6113 1 0.334691 0.334691 5 
0.25834 5 -2.39668 -9.12003 -4.71517 4.63067 3.89966 22 102 8109 7950 1 0 0 2 
5 -3.40844 -1.37069 -0.143327 0.173754 0.149427 4.02405 22 103 4422 4390 1 0 0 2 
1.94601 1.70954 -5 -8.53646 -5.68944 9.91413 3.8308 22 104 5721 5642 1 0 0 3 
5 3.922 -1.44187 -0.399301 -0.169806 -0.269897 4.03326 22 106 5733 5732 1 0 0 2 
5 3.51171 3.54921 -0.197608 -0.127402 0.0720625 3.89504 22 108 12151 12098 1 0.245501 0.245501 28 
5 4.45349 -2.16436 -0.352081 -0.197634 -0.313208 4.15902 22 109 19001 18951 1 0 0 3 
0.319333 5 0.468537 -0.841047 -0.242465 0.661033 3.89484 22 110 7220 6165 1 0.44834 0.44834 4 
1.52316 5 -1.65584 -3.27551 -0.832738 1.95077 3.86884 22 111 27863 27862 1 0 0 1 
5 -1.07295 -4.25552 -0.278195 -0.239819 0.0142486 3.87474 22 112 4681 4680 1 0.235368 0.235368 7 
5 3.72805 1.198 -0.239978 -0.286283 0.0780996 3.94244 22 113 23862 23763 1 0 0 1 
-4.92248 5 -3.73391 -0.849686 -0.376799 0.899361 3.85394 22 114 31014 30757 1 0 0 1 
4.68036 1.85914 -5 -0.223531 -0.126407 0.311878 3.84995 22 115 11172 11147 1 0 0 2 
4.96791 -1.70472 -5 -0.289127 -0.164814 0.891231 3.80431 22 117 30629 30076 1 0 0 4 
5 1.01206 1.3152 -0.912571 -0.290056 0.629389 3.86809 22 118 12685 11421 1 0.197685 0.197685 3 
5 4.53244 4.42259 -5.38209 -1.28315 -1.70928 3.97511 22 119 4233 4211 1 0 0 3 
-0.139019 3.89549 5 -0.3837 -0.395613 -0.355692 5.05539 22 121 3024 2980 1 0 0 3 
3.47713 5 -3.2218 -0.118353 -0.444168 0.369374 3.87427 22 122 16964 16795 1 0 0 2 
2.57579 5 -2.21171 -0.401398 -0.908776 0.146375 3.86262 22 123 12171 12149 1 0 0 3 
5 0.956659 1.60805 -0.240848 -0.191141 -0.165149 3.9291 22 124 4263 4242 1 0 0 6 
5 -2.61546 1.50692 -0.55914 0.0422093 0.138779 3.88663 22 125 16455 16395 1 0.577439 0.577439 18 
5 3.06235 -2.1915 -0.714488 -0.270895 1.16052 3.84248 22 126 30656 30571 1 0 0 2 
-3.10116 -4.70635 -5 -1.83026 -0.854267 1.15788 3.89691 22 127 26003 25932 1 0 0 1 
3.3855 5 1.70603 -0.36217 -0.289682 0.0974365 3.8901 22 128 5822 5821 1 0 0 8 
5 2.72819 -3.27215 -0.405171 -0.237594 0.186973 3.87308 22 129 22657 22534 1 0.309019 0.309019 25 
5 3.791 -3.31811 -0.373294 -0.335 0.0977058 3.9115 22 130 4004 4003 1 5.39368 5.39368 40 
-2.88413 -2.56169 5 -0.43118 -0.201683 -0.185817 4.0203 22 131 20264 20210 1 0 0 1 
5 4.65061 2.35348 -0.334633 0.01547 0.0622454 3.87474 22 132 1848 1843 1 0.340547 0.340547 19 
1.04753 1.76056 -5 -0.968794 -0.537829 2.56651 3.81922 22 133 22084 21911 1 0.17478 0.17478 16 
5 -1.6825 -2.74459 -0.590003 -0.365496 1.38603 3.82388 22 134 16144 15963 1 1.19772 1.19772 4 
4.26293 -1.95627 5 -0.0601906 -0.122565 -0.35033 4.22259 22 135 18294 18238 1 0.375618 0.375618 23 
5 -1.59086 -2.11579 -0.771229 -0.282279 0.852106 3.83771 22 136 8342 8176 1 0.978898 0.978898 9 
2.45101 2.70091 5 0.0650173 0.071883 -0.183302 4.09157 22 137 13332 13268 1 0.482599 0.482599 23 
1.83767 5 -1.34596 -0.832369 -0.496071 -0.395757 4.00974 22 138 38710 38709 1 0 0 1 
-5 -0.966566 -3.59137 0.0819696 -0.224512 0.0748644 3.97539 22 139 4133 4132 1 0 0 2 
0.954643 0.209348 -5 -0.261724 -0.322554 0.239117 3.96736 22 141 3657 3626 1 0.159313 0.159313 12 
-3.62812 5 -0.233282 -0.673663 -0.71308 0.20151 3.8971 22 142 12535 12523 1 0 0 2 
2.76602 2.13491 -5 -0.122122 0.260706 0.308767 3.88075 22 143 1055 1040 1 0.598301 0.598301 55 
-4.70184 5 0.173581 -0.339196 -0.250142 0.047847 3.94518 22 145 16470 16469 1 0 0 1 
5 3.21481 -1.33936 -1.39898 -0.979136 1.30211 3.86425 22 146 11184 11133 1 0.510718 0.510718 18 
5 -4.26359 3.92617 -0.669569 -0.468194 1.60038 3.84303 22 147 26039 25545 1 0 0 2 
-4.82243 -5 2.4722 -0.22404 0.628544 0.0563057 9.49556 22 148 15829 15810 1 0 0 2 
2.44457 3.29808 5 -0.237448 0.0121617 -0.379663 4.08719 22 149 7104 7051 1 0.0988105 0.0988105 7 
-0.855345 5 -1.68068 -0.873989 -0.379089 1.30572 3.85668 22 150 7884 7834 1 0 0 2 
5 -3.03911 -4.00101 -0.587324 -0.348151 0.63629 3.85697 22 151 9026 8597 1 0 0 4 
-5 3.73451 -1.5888 0.120888 -0.231085 0.22385 3.92742 22 152 23427 23413 1 0.110975 0.110975 2 
5 0.917736 -4.98745 -1.83792 0.0472353 -0.0320492 3.92683 22 153 36966 36964 1 0 0 3 
-3.0639 5 4.96595 -0.982572 -0.577391 1.05106 3.90137 22 154 16929 16928 1 0.180272 0.180272 12 
5 4.29685 4.86689 -0.322425 -0.114595 0.379513 3.86893 22 155 7198 7197 1 0.436761 0.436761 4 
-4.82736 5 -1.88051 0.0511475 -0.208986 0.00868809 3.91941 22 156 7538 7516 1 0.214923 0.214923 27 
-4.06118 -5 4.64549 -0.172394 0.143631 -0.0788001 4.1582 22 157 12329 12303 1 0.237529 0.237529 23 
-1.73219 5 3.12696 -0.324957 -0.357281 0.134611 3.95614 22 158 22219 22106 1 0 0 1 
1.3469 5 0.998817 -0.160118 -0.262896 0.250937 3.84009 22 159 2181 2117 1 0 0 4 
5 3.18399 1.86412 -1.23532 -0.398758 -0.0161583 3.93281 22 160 16599 16598 1 0 0 2 
5 -1.10709 -2.04471 -0.306829 0.0918906 0.164813 4.14813 22 161 7455 7454 1 0 0 3 
5 -1.94493 3.10311 -3.03399 -1.12026 4.62695 3.84524 22 162 4018 3509 1 5.62924 5.62924 85 
0.923349 5 -2.55214 -0.158486 -0.37395 0.0493522 4.02702 22 163 1854 1834 1 1.63477 1.63477 56 
4.19367 2.34535 5 -0.188316 -0.17074 -0.202248 3.95661 22 164 36384 36383 1 0 0 1 
5 -2.59245 4.89916 -0.339179 -0.0526118 -0.0765666 4.26764 22 165 18068 18066 1 0.121174 0.121174 16 
5 2.87451 -4.8254 -0.388249 -0.162533 0.0441979 3.9833 22 166 17848 17830 1 0 0 1 
-1.5108 4.832 -5 -1.91023 -0.0233209 4.27421 3.81763 22 167 2652 2491 1 0.0345481 0.0345481 6 
5 -0.405651 -3.64018 -0.911488 -0.177935 0.26581 654.888 22 168 9110 9044 1 0 0 3 
5 1.27644 2.79473 -6.23714 -1.47061 2.73852 3.89154 22 169 12475 12474 1 0 0 4 
5 -0.932552 -4.98577 -0.316051 -0.344299 0.238298 3.8415 22 170 1813 1 1 0 0 4 
-2.77837 3.12931 -5 -0.248581 -0.0851518 0.106581 3.89365 22 171 7460 7106 1 0 0 10 
-3.74297 -2.99384 -5 -0.210711 -0.260685 0.3857 3.86853 22 172 2639 2638 1 0.102165 0.102165 17 
1.49812 5 -4.72558 -0.868082 -0.246303 0.70282 3.84972 22 173 13495 12936 1 0 0 2 
-2.54648 -2.49473 5 -0.227599 0.116943 -0.248987 3.96601 22 174 12303 12268 1 0 0 2 
-0.420327 4.06982 -5 -1.74722 -1.08543 4.34873 3.81438 22 175 36543 36376 1 2.54984 2.54984 62 
5 -3.03125 3.13813 -0.51521 -0.212574 0.362337 3.8874 22 176 20113 19320 1 0 0 3 
1.64852 4.07054 -5 -2.37568 0.220387 3.75784 3.84631 22 177 26957 26956 1 0.0960467 0.0960467 6 
5 3.84797 2.19194 -0.221244 0.0167024 0.0570215 3.98517 22 178 18570 18533 1 0.228534 0.228534 36 
-0.193109 2.69934 -5 -0.582616 -0.238293 0.709256 3.83672 22 179 10149 10033 1 0.2594 0.2594 30 
-2.71413 4.72971 -5 -0.762105 -0.200777 0.442035 3.88685 22 180 17682 17534 1 0 0 1 
-1.51154 5 1.30984 0.122889 -0.928123 -0.108065 4.02762 22 181 4524 4469 1 0 0 1 
1.50429 -5 3.12938 0.0443002 0.163118 -0.040578 3.93434 22 182 5980 5782 1 0.361346 0.361346 27 
0.153336 -3.84725 -5 -1.94921 -0.5817 2.59861 3.84272 22 183 6027 5438 1 0 0 5 
0.601218 2.22285 -5 -0.95712 -0.239934 0.429566 3.92524 22 184 28371 28343 1 0.551369 0.551369 7 
5 2.04029 2.4526 -0.383359 -0.180747 0.284717 3.8829 22 185 42111 42071 1 0 0 1 
0.196525 1.79062 5 -0.58883 -0.658831 -0.450161 4.26362 22 186 8890 8889 1 0 0 1 
4.92121 0.149212 -5 0.0390585 -0.462215 0.214364 3.84127 22 187 11283 11282 1 0.338505 0.338505 5 
5 3.07982 1.27768 -0.364167 -0.183421 -0.307992 3.9949 22 188 26239 26207 1 0 0 2 
4.7296 5 -0.0639622 -0.1314 -0.024857 0.0368291 3.86655 22 189 16078 16077 1 0.109118 0.109118 10 
3.52174 -0.519703 5 -0.263568 0.0404321 -0.300782 4.25557 22 190 22789 22787 1 0.190584 0.190584 24 
4.48856 -2.84867 -5 -1.34607 -0.234448 0.210516 3.88418 22 191 42513 42416 1 0.41401 0.41401 5 
-0.0530887 5 3.45577 -0.467656 -0.167659 -0.119619 3.98191 22 192 14756 14724 1 0.210745 0.210745 22 
-0.23348 -4.05727 5 0.189996 -0.125099 -0.0970111 4.16038 22 193 9859 9858 1 0 0 8 
5 1.24824 3.42646 -0.29999 -0.0391642 0.00280021 4.01413 22 194 8721 8320 1 0.0113963 0.0113963 3 
-4.8085 5 -4.18458 -0.0153767 -0.231143 -0.141355 4.19163 22 195 1105 1 1 0 0 3 
2.15891 5 4.70871 -0.547327 -0.143764 0.384708 3.92949 22 196 10393 10089 1 0 0 1 
4.23747 3.23108 5 -0.397079 -0.113262 -0.301032 4.06223 22 197 16343 16341 1 0.172096 0.172096 20 
5 4.43817 2.25737 -0.460718 -0.165434 -0.0261442 3.95209 22 198 4459 4458 1 0 0 4 
5 -0.846661 2.59902 -0.485969 -0.118787 -0.104131 3.99946 22 199 8694 8693 1 0 0 1 
3.68371 -2.27615 5 -0.376893 -0.20451 -0.222503 4.03608 22 202 2814 2719 1 0 0 4 
2.58823 5 -3.32295 -0.483328 -0.440694 0.243143 3.86337 22 203 3152 3086 1 1.48609 1.48609 48 
-0.582894 -5 1.62934 0.0236411 0.223807 0.00515378 3.9902 22 204 18785 18732 1 0.0585558 0.0585558 5 
5 -2.40151 -0.1906 -0.41019 -0.139373 -0.0158602 3.93112 22 205 3141 2649 1 0.432858 0.432858 37 
5 4.03041 -0.208368 -0.251097 -0.116027 0.238267 4.04672 22 206 10073 10072 1 0.0917161 0.0917161 2 
5 1.16714 3.01694 -0.366403 0.00227925 -0.0101315 3.94945 22 207 42612 42606 1 0 0 3 
4.44992 3.75711 -5 -0.463055 0.13969 0.0547574 3.9093 22 208 3501 3481 1 1.44515 1.44515 9 
3.21526 -3.62454 5 0.0975593 -0.423593 -0.268646 4.14832 22 209 12760 12759 1 0 0 1 
2.10608 4.79164 -5 -0.389053 -0.092832 0.0560231 3.98499 22 210 3709 3570 1 0 0 2 
3.09456 5 4.89912 -0.314901 -0.216108 0.606229 3.8747 22 211 26768 21478 1 0 0 1 
5 -3.76585 3.54559 -3.5491 -2.17097 0.147372 3.90839 22 212 10334 10306 1 0 0 6 
5 1.98198 -2.27471 -0.292925 -0.0466447 -0.158557 3.99757 22 213 7060 7059 1 0 0 4 
5 4.0585 -0.0362963 -0.196078 0.307074 -0.0166594 4.02299 22 215 11261 11260 1 0 0 2 
5 3.5603 2.81662 -0.253801 -0.132892 0.135822 3.87052 22 216 21740 21585 1 0.164714 0.164714 5 
5 2.74901 -3.24654 -0.323431 -0.153517 -0.364616 4.11718 22 218 21350 21348 1 0.104192 0.104192 4 
-2.48793 5 3.77141 -7.05026 -2.07332 4.94892 3.88349 22 219 5488 5470 1 0 0 3 
-4.8056 5 2.12393 -0.0511553 -0.156163 -0.198068 4.0111 22 220 9444 9443 1 0 0 1 
5 2.06706 4.64842 -0.311934 -0.283001 -0.289357 4.12629 22 223 7347 7294 1 0.19811 0.19811 6 
-0.0232664 2.11046 -5 -0.329138 -0.255709 0.0804683 3.91934 22 224 8344 8343 1 0 0 5 
5 3.5965 0.764765 -0.704579 -0.334482 0.322441 3.90254 22 225 8025 7945 1 0 0 1 
2.69755 5 -2.25451 -0.0619633 -0.285399 0.271213 3.86293 22 226 38639 38585 1 0 0 1 
5 3.28945 0.38288 -0.344197 -0.013959 -0.0602193 3.99673 22 227 16203 16202 1 0.045199 0.045199 2 
0.227411 5 1.04482 -0.181877 -0.415943 -0.154421 3.98413 22 228 5354 5351 1 0.413522 0.413522 7 
5 3.47799 -0.201051 -0.770334 -0.204134 0.553591 3.8725 22 229 28684 28632 1 0.67229 0.67229 5 
4.37088 5 1.85335 -0.191235 -0.0920601 -0.105424 3.89612 22 230 34468 34399 1 0.0559508 0.0559508 2 
5 -1.19861 0.723419 -0.0690527 -0.0353247 -0.191797 4.05352 22 231 17472 17331 1 0.110055 0.110055 13 
2.59864 5 -4.87026 -0.722308 -0.360606 1.36835 3.81669 22 232 1411 1 1 0.0666374 0.0666374 7 
3.81496 1.18052 5 -0.359676 -0.0368553 -0.361103 4.24292 22 233 1534 1532 1 0.225485 0.225485 33 
4.14583 5 0.340726 -0.384182 -0.333264 -0.0495843 4.04777 22 236 6463 6462 1 0 0 1 
5 -1.50177 -0.587337 -0.449 -0.131069 0.0833209 3.93162 22 237 8435 8386 1 0.192382 0.192382 10 
5 -2.41683 -1.54566 -0.474372 -0.07998 -0.172321 4.04896 22 238 19971 19942 1 0 0 1 
5 1.88769 2.22635 -0.26414 -0.221861 0.371862 3.86877 22 240 7994 7608 1 0 0 5 
5 -2.26378 -2.38293 -0.155345 -0.213641 0.120851 3.94889 22 241 18738 18668 1 0 0 1 
-0.691369 2.93867 -5 -0.421673 -0.204216 0.203979 3.89937 22 242 16093 16092 1 0 0 1 
5 -2.72401 0.431261 -0.303143 -0.229095 -0.341672 4.15934 22 243 14590 14589 1 0.440526 0.440526 27 
5 -1.71397 -4.20704 -5.5672 0.304532 1.33754 3.88652 11 244 13007 12383 1 4.81361 4.81361 89 
5 1.36324 0.0535373 -0.0941106 -0.491342 -0.433072 3.98029 22 245 4492 4465 1 0 0 6 
-3.1192 5 -4.45222 -0.526615 -0.0378024 0.439249 3.86701 22 246 35674 35673 1 0 0 1 
5 -0.72294 4.8932 -0.268289 -0.387849 -0.0117668 3.94405 22 247 11169 11168 1 0.896126 0.896126 53 
5 3.31841 3.39485 -9.04426 -4.83581 8.57659 3.85785 22 248 26514 26487 1 0 0 4 
3.80981 5 -3.02678 -0.0700653 -0.887933 0.334891 3.85982 22 249 54611 54609 1 0.394076 0.394076 21 
5 -0.256127 3.22714 -0.271315 -0.121931 -0.117704 3.90275 22 251 1538 1362 1 0.00757072 0.00757072 2 
5 -0.603876 0.607456 -0.235293 -0.0734538 0.405565 3.83581 22 252 2276 2098 1 0.0487126 0.0487126 9 
5 3.17321 3.47336 -0.315821 0.00212662 0.0954023 3.95822 22 253 19122 19093 1 0 0 3 
4.01156 5 3.28973 -1.10561 -0.714554 1.07514 3.88404 22 254 10178 10159 1 0 0 3 
3.60409 3.47065 -5 -0.389423 -0.28202 0.173014 3.91539 22 255 35979 35976 1 0.510458 0.510458 36 
5 3.89512 -0.165644 -0.398872 -0.064905 -0.312743 4.00072 22 256 12804 12803 1 0 0 3 
5 -0.369415 -3.62592 -0.432269 0.205949 -0.178462 4.16838 22 257 44999 44997 1 0 0 1 
5 -0.722349 4.45648 -0.234758 -0.0357202 0.170439 3.91709 22 258 12001 11900 1 0.438481 0.438481 25 
2.60657 5 2.92684 -0.279663 -0.175044 -0.390215 4.20552 22 259 11502 11501 1 0.510537 0.510537 37 
5 1.11007 -1.60566 -0.366711 0.100549 -0.0687424 4.17974 22 260 26140 26139 1 0 0 2 
-0.394567 5 -1.21539 -0.20714 -0.101361 0.530516 3.82939 22 261 27010 26696 1 0.195875 0.195875 33 
-1.60278 2.48806 5 0.0322605 -0.0547174 -0.185238 4.07792 22 263 23997 23996 1 0.195298 0.195298 28 
-3.57738 5 1.04062 -4.00665 -1.58851 -0.887488 4.03552 22 264 5725 5693 1 0 0 1 
2.56934 0.21143 -5 -0.183758 -0.326874 0.34714 3.93077 22 265 47336 47335 1 0 0 1 
5 2.90118 1.65027 -1.9293 -1.17965 3.96935 3.84239 22 266 10855 10599 1 0.943301 0.943301 5 
-1.14026 -3.74836 5 -0.377604 -0.060756 -0.12544 4.04438 22 267 21193 21164 1 0 0 1 
0.0911903 5 2.13423 -0.120925 -0.260432 -0.162528 4.11876 22 268 9299 9247 1 0 0 2 
5 -0.107003 1.51287 -0.324734 -0.275019 -0.0416031 3.95993 22 270 6774 6751 1 0.65387 0.65387 49 
5 2.31796 4.01961 -0.48673 -0.146269 1.19213 3.85198 22 271 7274 7273 1 0.113316 0.113316 9 
3.62156 3.63191 -5 -0.18849 -0.0635839 0.390195 3.83594 22 272 13613 13612 1 0.915823 0.915823 14 
5 -1.62976 2.02813 -0.318111 -0.128493 -0.00889646 3.94542 22 273 9646 9392 1 0.128891 0.128891 5 
0.680466 0.640993 5 -36.1222 -16.7618 -47.1627 8.30785 2112 274 21370 21309 1 0.393502 0.393502 33 
1.43996 5 0.640709 -0.321708 -0.293658 -0.300951 4.20243 22 275 27547 27487 1 0.00500676 0.00500676 2 
5 0.395847 1.89083 -0.197111 -0.191392 0.185856 3.94836 22 276 27481 27480 1 0 0 1 
5 -0.0965958 3.96534 -0.329133 -0.187369 0.343051 3.89862 22 277 52714 52668 1 0.225344 0.225344 33 
5 0.556184 1.60227 -0.294586 -0.249427 -0.28689 3.87516 22 278 3071 2849 1 0 0 3 
5 0.791372 2.16691 -0.561323 -0.237975 0.559637 3.85563 22 279 8578 8519 1 0 0 4 
5 -3.59189 1.66808 -0.240501 0.103774 -0.138403 3.88068 22 280 9311 9310 1 0.295967 0.295967 26 
5 0.853709 -2.14127 -0.129328 -0.179795 0.0118309 3.9177 22 281 3109 3108 1 0 0 5 
5 3.75323 3.47601 -0.619967 -0.185166 0.556607 3.8605 22 282 48969 48844 1 0 0 1 
5 4.64371 3.95993 -0.855451 -0.580025 -0.594785 4.03679 22 284 11544 11401 1 0.34009 0.34009 25 
5 -3.8054 4.52089 -0.725159 -0.299734 0.590381 3.8594 22 285 46314 44206 1 0.355404 0.355404 14 
5 0.530909 -1.78791 -0.456244 -0.310728 0.621961 3.84563 22 286 3991 3725 1 4.9559 4.9559 58 
4.88836 5 -4.1677 -0.649037 -0.240872 0.293521 3.85167 22 287 8130 7445 1 0 0 2 
0.167074 5 -4.24563 -0.358168 -0.272357 -0.242192 3.93351 22 288 13700 13699 1 0 0 6 
5 3.51583 4.96903 -0.348987 -0.0789313 0.408407 3.86561 22 289 9234 9189 1 0 0 3 
-0.987124 2.05836 5 -0.227868 -0.0696283 -0.14835 4.03338 22 290 5821 5655 1 0.499028 0.499028 5 
1.24192 5 -4.47734 -6.12769 -1.49966 0.745572 3.88544 22 291 21864 21851 1 0.305074 0.305074 6 
5 -0.991764 4.84447 -0.411426 -0.214272 0.310271 3.89627 22 292 13126 13094 1 0 0 1 
5 3.36707 4.09012 -0.676266 -0.270695 1.31449 3.84483 22 293 5235 4912 1 0.129752 0.129752 4 
5 1.38749 -2.19294 -0.097767 -0.0225391 0.230893 3.83059 22 294 11116 11115 1 0 0 2 
-0.883038 5 2.21484 -0.342402 -0.0915525 0.522724 3.8548 22 295 33215 32480 1 0 0 4 
0.355494 0.943551 -5 -7.23009 -2.83409 2.49485 3.88285 22 296 11693 11692 1 0 0 2 
4.82902 2.10948 -5 -0.0317096 -0.588576 0.187973 3.86826 22 297 30325 30305 1 0.302135 0.302135 52 
5 3.30958 1.19406 -3.53483 -2.27374 3.30186 3.87752 22 298 5174 5114 1 0.334518 0.334518 33 
2.08344 3.55943 5 -0.111095 0.00779026 -0.876456 4.10348 22 299 33200 33141 1 1.2865 1.2865 8 
5 -2.75546 -0.0955896 -0.486094 0.156529 0.0182091 3.92068 22 300 13291 13290 1 0 0 2 
-2.46579 5 -1.34118 -0.433314 -0.181238 0.201275 3.94321 22 301 41094 41063 1 0 0 1 
0.78998 3.43551 -5 -0.33559 -0.174701 0.840468 3.82194 22 302 9431 9240 1 0.270635 0.270635 28 
-3.65435 -5 -4.96816 -0.0377828 0.139698 0.0533648 4.07772 22 303 3570 3569 1 0 0 2 
3.41199 2.89805 -5 -2.23361 -0.61982 2.57357 3.82682 22 304 4398 4323 1 0.141339 0.141339 8 
-3.37498 5 4.33975 -0.661319 -0.296108 0.280923 3.91583 22 305 14597 14540 1 0 0 1 
-0.135579 2.58353 -5 -1.40104 -0.452807 0.632782 3.89783 22 306 2782 2755 1 0.524307 0.524307 3 
2.81848 -3.05335 5 0.0707118 0.0104135 -0.135176 4.26038 22 307 12318 12298 1 0.574236 0.574236 51 
-4.24415 1.19513 5 -0.325594 0.111424 -0.045397 3.98106 22 308 5888 5861 1 0 0 4 
4.21069 2.5032 -5 -0.613082 -0.0200331 0.535776 3.85881 22 310 12004 11530 1 0 0 3 
5 -0.406195 -0.073243 -0.717603 -0.166409 0.0907645 3.9001 22 311 12868 12867 1 0 0 3 
5 0.8517 4.52915 -0.313986 0.0871019 -0.266455 3.98372 22 312 17493 17490 1 0 0 1 
5 0.607727 -2.10152 -0.174528 -0.116153 0.0363072 3.8336 22 313 4005 3981 1 0.21218 0.21218 35 
3.33047 -0.652877 -5 -0.104013 0.213836 0.0378028 4.01208 22 314 1233 1200 1 1.09049 1.09049 77 
5 -1.6238 -3.51029 -0.338074 -0.296215 0.243069 3.94471 22 315 25251 25250 1 0 0 2 
-1.8496 1.81479 -5 -1.361 -0.721756 0.663923 3.91425 22 316 23714 23681 1 0 0 2 
5 3.03748 4.27774 -0.347925 -0.181314 -0.102111 3.97259 22 317 28183 28165 1 0 0 2 
5 -0.924066 -4.58426 -0.483633 -0.0978466 -0.132833 4.05182 22 318 6050 6032 1 0 0 1 
-3.18778 2.77427 5 -0.283275 -0.0659066 -0.169803 4.07568 22 319 11421 11330 1 0 0 2 
3.52071 5 1.10402 -0.389483 -0.416877 0.147788 3.91962 22 320 22700 22658 1 0 0 1 
0.449707 5 3.64463 -0.414954 -0.203453 0.218036 3.93512 22 321 2491 2490 1 0 0 1 
-0.914936 -2.43831 5 -0.0385873 0.143744 -0.2368 4.0157 22 322 15387 14947 1 0.249757 0.249757 15 
2.41106 3.96503 5 -0.254501 0.207177 -0.301553 4.08797 22 323 9718 9717 1 0.445368 0.445368 17 
5 2.15069 2.65586 -0.646324 -0.161425 0.398823 3.86811 22 324 1123 1 1 1.00148 1.00148 43 
-4.32729 5 -3.92281 -0.172586 -0.0678182 -0.275784 3.95541 22 325 7766 7738 1 0 0 2 
-3.32734 -3.26134 -5 -1.55209 -1.24549 2.8212 3.84198 22 326 2077 1831 1 0 0 1 
5 -0.194225 -2.45853 -0.336501 -0.37938 -0.0629097 3.96436 22 327 27380 27350 1 0 0 3 
5 1.39273 3.64377 -0.39137 -0.296516 -0.0673767 3.9656 22 328 20881 20770 1 0 0 3 
5 -2.24255 -0.522613 -0.151432 -0.102304 0.106337 3.86398 22 329 37459 37405 1 0 0 1 
5 -1.07415 -2.76812 -0.632071 -0.430961 -0.00616983 3.94396 22 330 10849 10817 1 0 0 3 
5 -0.733191 -0.268755 -0.438663 -0.251768 -0.0728506 4.03346 22 331 19478 19475 1 0 0 2 
2.15296 1.40221 5 -0.354715 -0.28728 -0.229711 4.09518 22 332 27947 27892 1 0.0969634 0.0969634 5 
3.39811 5 0.0329031 -0.38112 -0.198211 -0.363853 4.05258 22 333 48670 48669 1 0 0 1 
5 3.29803 3.53658 -2.00915 0.0168591 -0.760209 3.91383 -11 334 3726 3725 1 3.0499 3.0499 20 
-0.0620186 4.72938 5 -0.245844 -0.0542035 -0.373489 4.12411 22 335 8151 8150 1 0 0 2 
5 0.717807 4.59829 -0.382521 -0.151779 0.212487 3.89808 22 337 4946 4714 1 0 0 5 
4.3155 -0.960795 5 -0.212261 -0.198184 -0.241172 4.15706 22 338 11748 11724 1 0.16638 0.16638 3 
-4.71803 5 -3.02426 -0.146381 -0.224211 -0.0264667 4.10214 22 339 33039 32938 1 0 0 1 
5 3.54871 2.12476 -0.378332 0.20143 0.0591128 3.91754 22 340 11660 11659 1 0.80659 0.80659 7 
5 -3.63692 3.66485 -4.89058 -3.2802 2.41364 3.91637 22 341 4254 4186 1 0.948617 0.948617 31 
0.334721 5 3.00189 -0.0178952 -0.213203 0.229428 3.93732 22 342 1171 1170 1 0.361708 0.361708 31 
5 0.593967 3.91862 -51.6112 -7.71937 30.3874 6.47498 2112 343 8029 7956 1 0 0 1 
-0.935382 -4.71714 -5 -0.382423 -0.101423 0.0896111 3.97536 22 344 21080 21031 1 0.610816 0.610816 4 
5 -4.4946 -3.83508 -0.258731 0.0112161 -0.179237 3.90739 22 345 53093 52703 1 0 0 1 
-3.7677 5 -3.84346 -0.343856 -0.221765 -0.171442 3.94543 22 346 2213 2157 1 0.410273 0.410273 37 
2.9727 -5 3.66552 -0.220724 0.120218 -0.076207 3.98487 22 347 10269 10268 1 0.647915 0.647915 45 
5 3.27353 -1.1843 -0.238907 -0.0929762 -0.147069 4.03989 22 348 15973 15972 1 0.459387 0.459387 22 
-2.9204 5 0.729542 -0.220526 -0.286697 0.0356887 3.90265 22 349 4079 4070 1 0.363139 0.363139 24 
-0.333654 5 -1.78961 -0.958805 -0.361525 1.44865 3.83667 22 350 23902 23807 1 0 0 2 
1.87354 5 -1.6215 -1.00573 -0.705587 -1.0106 4.02873 22 351 16957 16870 1 1.12226 1.12226 13 
5 -4.90242 -3.98579 -0.647513 -0.843432 0.088103 3.92809 22 352 43180 43179 1 0 0 2 
0.273091 3.69989 -5 0.00722125 -0.114678 0.497912 3.82124 22 353 3492 3491 1 0.510544 0.510544 32 
5 -3.23768 4.41118 -1.31761 -0.519527 0.498414 3.93643 22 354 11300 11281 1 0 0 2 
5 0.642038 1.76099 -0.2351 -0.119595 0.192255 3.84946 22 355 24236 24107 1 0 0 1 
-2.5071 -5 0.0362295 -0.478715 0.299354 0.251847 3.87268 22 356 6531 6435 1 0 0 1 
-4.4296 -1.02291 -5 -1.77353 -0.690841 1.62603 3.87663 22 357 14450 14407 1 0 0 1 
-0.365018 5 2.24711 -0.311913 -0.137145 -0.0840384 4.1774 22 358 11710 11659 1 0.0765237 0.0765237 4 
2.93175 5 -1.98149 -0.451815 -0.231758 -0.0571947 3.91122 22 359 19065 19064 1 0 0 6 
1.59292 5 1.40304 -0.428986 -0.124547 0.182778 3.89431 22 360 11596 10105 1 0 0 3 
-3.90433 3.00438 -5 -0.31701 -0.205561 0.235816 3.86986 22 361 42084 41992 1 0 0 2 
5 3.35763 2.65858 -1.27273 -0.631058 0.510697 3.8798 22 363 2744 2743 1 0 0 2 
0.325363 0.0533268 -5 -0.94918 -0.370247 0.598964 3.86465 22 365 6696 6512 1 0 0 3 
4.55586 -4.8682 -5 -0.253698 0.157754 0.0566986 4.0507 22 366 48861 48860 1 0.303656 0.303656 28 
5 4.56485 -4.71746 -0.145603 0.149408 -0.138401 3.97423 22 367 6441 6308 1 0 0 2 
1.38044 2.32133 -5 -0.24287 -0.127016 0.125291 3.87536 22 368 2584 2583 1 0 0 2 
3.06 5 1.31524 -0.255056 -0.205756 0.113072 3.92284 22 369 33851 33850 1 0 0 1 
5 -3.3966 4.62251 -1.3232 -0.59182 0.546772 3.9508 22 370 16846 16845 1 0 0 3 
5 -2.5019 1.31754 -0.370801 -0.269754 0.0595094 3.92476 22 371 34263 33467 1 0.109981 0.109981 3 
5 -2.68428 4.68299 -0.298074 0.183147 -0.247227 3.9736 22 372 2602 2487 1 0.0936971 0.0936971 4 
5 -1.07065 -0.416521 -0.24229 -0.0613208 0.111242 3.86944 22 373 3853 3700 1 0.0273382 0.0273382 7 
5 -3.58241 0.0519803 -0.261471 -0.138609 0.221092 3.93653 22 375 6173 6138 1 0.323385 0.323385 27 
0.549009 -2.44384 -5 -0.445733 -0.242005 0.390602 3.85462 22 376 3367 3292 1 0 0 6 
5 0.146287 1.66716 -1.30501 -0.532982 2.5105 3.8354 22 377 7422 1 1 0 0 2 
2.30971 5 -2.22366 -0.646016 -0.00888037 -0.61175 4.18707 22 378 8429 8163 1 0 0 7 
3.46466 -2.93079 -5 -0.414454 -0.312107 0.218415 3.89214 22 379 25560 25520 1 0 0 2 
5 1.76516 0.885115 -1.88431 0.129864 2.01095 3.85597 22 380 29387 29300 1 0 0 2 
5 -1.96428 3.73553 -0.348741 -0.350354 0.129427 3.94701 22 381 14740 14737 1 0 0 6 
-4.61269 4.45175 5 -2.74837 0.142219 -1.66111 4.15499 22 382 30320 30287 1 0 0 3 
2.99216 5 3.38215 -0.0228182 -0.0240477 0.00565453 4.03869 22 383 18328 18318 1 1.44812 1.44812 13 
-0.460052 -0.857763 -5 -0.610066 -0.150998 0.392418 3.85177 22 385 3721 1 1 0 0 3 
5 4.91853 2.76527 -0.36341 0.350743 -0.0776683 3.91535 22 389 4957 4956 1 0.41492 0.41492 28 
5 -2.79956 3.09011 -1.50758 -0.603845 1.92584 3.86499 22 390 8632 8610 1 0 0 2 
0.867639 1.83229 5 -0.129846 -0.133548 -0.475841 4.22402 22 391 11987 11986 1 0.0825511 0.0825511 2 
5 0.304734 0.242158 -2.84893 -0.513711 5.3571 3.83465 22 393 13544 13503 1 6.33565 6.33565 38 
5 -4.8468 3.82213 -0.09424 0.195301 0.214402 3.89283 22 394 6514 6128 1 0.304573 0.304573 25 
1.30121 -4.00818 5 -0.322753 -0.156566 -0.36392 4.30268 22 395 14663 14659 1 0.545603 0.545603 6 
4.84295 5 4.26802 -0.399436 -0.0513434 -0.697508 4.18758 22 396 5187 5160 1 0.575826 0.575826 42 
5 -3.84019 -2.62526 -0.192325 -0.110696 0.300451 3.84218 22 397 29352 29163 1 0.0862728 0.0862728 3 
5 1.57706 -4.26108 -6.78064 -1.8884 1.02267 3.87943 22 399 4939 4916 1 0.78457 0.78457 14 
4.03032 5 0.811548 -0.42798 -0.244751 -0.134352 4.06422 22 400 3726 3710 1 0.510683 0.510683 26 
2.55491 5 1.03462 -1.0945 -0.565602 -0.327702 3.97138 22 401 4605 4549 1 0.412818 0.412818 4 
-3.94514 5 -2.73677 0.175515 -0.246872 -0.411544 4.03812 22 402 9097 9095 1 0.734229 0.734229 28 
5 4.98193 0.278686 -0.556189 -0.354409 0.78889 3.91005 22 404 19992 19991 1 0 0 3 
5 4.61319 -3.32754 -0.639432 -0.0878168 1.06809 3.82226 22 405 29560 29559 1 0 0 1 
3.21781 5 -1.83688 -1.42046 -0.69896 0.0203426 4.01685 22 406 13164 13114 1 0.957729 0.957729 11 
5 -3.95192 -1.47288 -0.649503 -0.25387 0.398895 3.87514 22 407 3898 2893 1 0.115873 0.115873 5 
5 0.643051 -2.45362 -3.60422 -2.59875 6.87403 3.83473 22 408 33017 32948 1 0 0 2 
0.544671 -0.154142 5 0.178346 -0.22814 -0.155395 3.91898 22 409 1001 1 1 0 0 4 
5 -0.195716 2.21752 -39.727 -20.9271 -6.31614 7.63232 2112 410 14727 14643 1 0.0235778 0.0235778 5 
-0.468995 3.08476 5 -0.294035 -0.0630094 -0.41315 4.26396 22 411 5035 5033 1 0.127183 0.127183 8 
-1.76881 5 2.75724 -0.134061 -0.0744331 -0.48745 4.25331 22 412 2698 2696 1 0 0 5 
0.996942 1.33947 5 -0.396383 -0.232831 -0.138201 4.10664 22 413 6620 6619 1 0.170337 0.170337 23 
5 -0.513603 -0.736511 -0.206683 -0.234476 0.404256 3.85519 22 414 11594 11593 1 0.0892387 0.0892387 2 
5 3.52394 -3.84466 -0.235484 -0.1422 0.189682 4.92375 22 415 4535 4477 1 0.333731 0.333731 25 
5 -2.34151 -4.69554 -0.303248 -0.109418 0.277072 3.90281 22 416 15585 15584 1 0 0 3 
5 0.1215 -2.32769 -0.318773 -0.307675 0.254637 3.87136 22 417 17851 17849 1 3.00841 3.00841 27 
5 3.27303 0.967228 -1.5057 -0.827875 0.83946 3.86206 22 418 12545 12543 1 0.22542 0.22542 37 
3.84285 5 3.84795 -0.492987 -0.084075 0.202824 3.89889 22 419 4074 3512 1 0.141734 0.141734 7 
-3.08688 5 4.57846 -0.294464 -0.158769 0.229304 3.89367 22 420 7001 6943 1 0 0 4 
1.26776 5 2.14426 -0.492781 -0.130416 0.0357592 3.95923 22 421 1595 1594 1 0 0 2 
5 2.78764 1.32639 -0.356684 -0.127309 -0.00762985 3.96521 22 422 12047 11973 1 0 0 1 
5 0.860608 -3.07695 -0.186337 0.277486 0.0945777 3.90552 22 423 30976 30735 1 0.346934 0.346934 21 
-3.206 3.14481 -5 -0.287095 -0.1322 0.0571376 3.90776 22 424 12264 11988 1 0 0 3 
3.41506 -1.12999 -5 -2.29234 -1.27884 1.96947 3.86283 22 426 14307 14262 1 0 0 2 
-1.45182 -1.93748 -5 -0.385804 0.0890816 0.323016 3.96685 22 427 11087 11077 1 0.171853 0.171853 3 
-2.63406 4.29821 -5 -0.592768 0.0157568 0.469581 3.86215 22 428 8543 7967 1 0 0 1 
5 2.36017 0.35941 -0.423691 -0.087825 -0.189319 3.9708 22 429 3018 3017 1 0 0 3 
5 -4.90342 -4.06089 -2.35496 -1.1675 0.620108 3.90317 22 432 10378 10350 1 0.0987847 0.0987847 17 
-4.45255 5 -1.02027 -0.39961 -0.289104 0.147303 3.89597 22 433 24052 23781 1 0.87821 0.87821 5 
1.48583 5 -1.06588 -2.02295 -0.758049 1.60886 3.86392 22 434 19136 19064 1 1.35541 1.35541 26 
5 -2.29306 -0.839649 -0.937827 -0.803938 1.37464 3.87546 22 435 13510 13509 1 0 0 3 
-1.67078 5 -4.19568 -0.125796 -0.201155 -0.0527156 4.09668 22 436 27271 27173 1 0 0 1 
0.117895 -3.08028 -5 -0.55273 -0.338399 0.451026 3.8618 22 437 28515 28463 1 0 0 1 
5 0.0730717 0.873929 -0.278129 0.0270001 0.00047819 4.03477 22 438 11847 11812 1 0.279173 0.279173 20 
5 1.45051 -0.628605 -2.35588 -0.762361 -1.65698 4.14911 22 439 30223 30222 1 0 0 3 
-0.827786 5 -4.61328 -0.140287 -0.123453 -0.126092 4.15067 22 440 18421 18420 1 0.09925 0.09925 6 
5 -0.798436 2.52497 -0.200433 0.0761736 -0.0989918 3.98477 22 441 6178 6177 1 0.15107 0.15107 4 
-1.04522 5 3.51009 -1.78877 -1.74892 1.79119 3.86876 22 443 35411 35410 1 0 0 2 
-1.24309 -0.709172 -5 -8.47715 -3.0098 6.58371 3.84525 22 445 4403 4303 1 0 0 4 
5 -1.52679 3.2245 -0.547988 -0.0439932 -0.196134 3.92362 22 446 31578 31522 1 0 0 3 
-1.17932 1.77897 5 0.305956 -0.0975602 -0.397483 3.915 22 447 2513 2511 1 0.183738 0.183738 19 
-1.03132 5 4.97241 -0.393626 -0.0868119 0.0820134 3.95161 22 448 8586 8456 1 0 0 3 
5 -2.70888 0.396607 -0.187421 -0.126048 0.0324442 3.88593 22 449 14777 14430 1 0.227981 0.227981 15 
5 -2.73567 -4.84848 -0.239372 -0.251784 0.221268 3.91898 22 450 42162 42157 1 0 0 1 
-4.80017 2.08233 -5 -0.663296 -0.303988 0.275738 3.85888 22 451 37763 37737 1 0 0 2 
5 4.95591 0.100366 -0.269175 -0.184808 -0.0300372 4.00407 22 452 46145 46144 1 0 0 1 
0.0187826 5 -4.10713 -0.249098 -0.325975 -0.0202678 3.98257 22 453 46964 46962 1 0.242881 0.242881 2 
5 -1.12123 -1.42469 -0.166277 -0.139447 -0.0110444 3.90958 22 454 33641 33598 1 0 0 2 
5 -0.734386 0.373308 -1.16728 -0.902104 0.225786 3.92176 22 455 11985 11923 1 0 0 1 
3.17533 5 2.8645 -1.55644 -2.05128 -1.60495 4.05777 22 456 6289 6193 1 0 0 3 
1.72477 -2.28488 5 -0.261354 -0.117794 -0.423011 4.17748 22 458 14274 14273 1 0.510554 0.510554 31 
-0.228179 5 1.88294 -0.5472 -0.353415 0.118138 3.88208 22 460 1741 1578 1 0 0 4 
2.43734 5 1.56214 0.181352 -0.358096 -0.337928 4.04804 22 461 8104 8103 1 0.245089 0.245089 4 
-1.52791 -3.4904 -5 -0.250887 -0.277442 0.51482 3.83692 22 462 9722 8928 1 0 0 1 
3.10351 5 -1.78797 -0.242504 -0.381106 0.139081 3.91433 22 463 1027 1003 1 0.712317 0.712317 20 
5 0.968788 2.82252 -0.475944 -0.385041 0.595874 3.84793 22 464 14923 14919 1 0.875045 0.875045 59 
5 4.60139 -4.08971 -0.344008 0.00498925 0.000853431 4.11346 22 465 1574 1572 1 0.343733 0.343733 22 
5 1.89315 -2.43435 -0.348714 -0.310349 -0.29637 4.109 22 466 3023 2941 1 0 0 2 
3.22203 1.41567 -5 -0.753562 -0.423777 1.05058 3.82106 22 467 11656 11449 1 0 0 8 
3.25036 5 -0.972908 -0.188633 -0.189667 -0.10581 3.95702 22 468 10723 10673 1 0 0 1 
0.316264 4.13449 5 -0.272595 0.13947 -0.052889 3.94743 22 470 3207 2038 1 0.931185 0.931185 9 
1.76621 5 -3.98789 0.103951 -0.490321 -0.0994953 4.30592 22 471 13618 13617 1 0 0 4 
1.88515 3.8934 -5 -0.108322 0.123387 0.150552 3.86875 22 472 18535 18506 1 0 0 5 
5 4.76385 2.78211 -0.829777 -0.163372 -0.35428 4.0563 22 473 29280 29226 1 0.656318 0.656318 5 
5 -1.36467 -1.92049 -0.45413 -0.0320571 0.232074 3.90864 22 474 10597 10555 1 0 0 4 
4.8155 0.899134 -5 -0.0186542 -0.378159 0.291587 3.9285 22 475 9647 9624 1 0.0506943 0.0506943 4 
5 -2.41438 -1.45152 -0.283848 -0.166593 -0.338371 4.27743 22 477 13473 13434 1 0 0 2 
3.22361 5 1.53929 0.0463329 -0.357331 -0.157551 4.1056 22 478 15210 15205 1 0.445196 0.445196 29 
4.34372 0.863055 -5 -0.316357 -0.125858 0.361713 3.82195 22 479 15870 15572 1 0.40349 0.40349 11 
5 4.35087 -2.4463 -0.241676 -0.291513 -0.343122 4.39069 22 480 7528 7527 1 0 0 3 
-3.55853 4.0346 -5 -0.977308 -0.405731 1.29897 3.83272 22 481 6428 6315 1 0.428299 0.428299 77 
5 2.35237 -1.23513 -0.478208 -0.180046 0.00457858 3.89797 22 482 2770 2769 1 0.190441 0.190441 6 
-3.06677 -4.32793 -5 -0.951291 -0.327969 1.63861 3.83472 22 483 34331 33516 1 0 0 1 
5 -3.98785 2.79181 -2.4468 -0.435834 2.95862 3.92449 11 484 45346 44862 1 1.58095 1.58095 19 
2.08361 -0.929937 -5 -0.557998 -0.280277 0.451208 3.85345 22 485 11329 11328 1 0 0 5 
3.56581 4.22379 -5 -0.485603 -0.26885 0.14961 3.88383 22 487 5208 4979 1 0 0 2 
5 0.958657 -2.95955 -0.464818 -0.205064 -0.0548865 3.91367 22 488 29819 29818 1 0.338924 0.338924 3 
-1.45176 5 -3.64853 -0.503944 -0.371737 -0.257715 3.89598 22 489 9165 9090 1 0 0 1 
5 -3.40542 -4.10491 -0.302968 -0.170168 -0.205979 4.26723 22 490 4277 4276 1 1.99981 1.99981 5 
2.17131 -0.898491 -5 -0.165343 -0.0727822 0.181603 3.92218 22 491 24903 24902 1 0.754202 0.754202 20 
4.81488 1.82097 5 -0.727146 0.331879 -0.165098 3.96885 22 492 4021 4020 1 0 0 2 
4.11052 5 4.68672 0.0361634 -0.201522 -0.0874151 3.97157 22 493 14285 14115 1 0.0899384 0.0899384 4 
2.21764 -1.83407 5 -0.289216 -0.100006 -0.15503 4.03316 22 494 5655 5653 1 0 0 2 
5 1.9368 -2.39904 -4.66339 -2.80575 2.5439 3.87612 22 496 28446 28293 1 0 0 3 
5 -3.60342 -2.5467 -0.46819 -0.204089 0.0163136 4.10858 22 497 24567 24566 1 0 0 1 
0.95765 5 -4.59798 -0.227654 -0.157664 0.137984 4.0683 22 498 26178 26159 1 0.598769 0.598769 42 
-4.21761 3.52378 -5 -0.0831562 -0.074649 0.304881 3.84617 22 500 18639 18525 1 1.42614 1.42614 4 
4.16798 5 3.50185 -0.299098 -0.219975 0.214049 3.93164 22 501 23959 23470 1 0 0 1 
2.0461 -2.73451 -5 -0.35147 -0.103661 0.356151 3.87566 22 502 14052 14051 1 1.25233 1.25233 38 
5 3.82571 1.44386 -0.441672 -0.193544 -0.169076 4.00441 22 503 11570 11567 1 0 0 1 
1.38057 -3.31395 -5 -3.26825 -1.27467 2.34454 3.8743 22 504 30440 30439 1 0.488819 0.488819 19 
5 -0.345391 3.33285 -0.309015 -0.135457 0.172859 3.92824 22 505 23731 23707 1 0 0 2 
5 -3.43841 -0.854432 -1.76701 -0.961095 -0.063729 3.93308 22 506 4719 4670 1 0.0239337 0.0239337 4 
-0.597815 -1.58086 -5 -0.712729 -0.260378 0.74627 3.84583 22 507 42771 41925 1 0.319494 0.319494 29 
-5 -4.07911 3.47427 0.278778 -0.364292 0.7967 3.86915 22 508 5640 5639 1 0.0826929 0.0826929 6 
2.20416 0.34287 5 -0.0120175 -0.106936 -0.236945 4.10186 22 509 28531 28505 1 0 0 1 
-0.461044 2.5945 5 0.135664 0.0917991 -0.103066 4.05332 22 511 16073 16041 1 0 0 2 
3.89931 5 -4.32756 -0.078234 -0.535474 0.21562 3.82339 22 512 4503 4282 1 0.708661 0.708661 13 
3.75416 5 -0.848479 -0.440668 -0.123258 -0.227462 4.02756 22 513 29639 29638 1 7.83361 7.83361 53 
5 0.954456 1.43341 -0.375095 -0.512057 0.412461 3.85432 22 515 48702 48602 1 0.44342 0.44342 2 
5 -3.44774 2.30797 -1.67456 -1.31849 1.85152 3.88447 22 516 16945 16717 1 0 0 1 
-3.98433 2.75307 5 -0.331466 -0.11347 -0.117661 4.01997 22 517 28510 28509 1 0.214646 0.214646 2 
5 -0.38378 -2.90437 -0.302603 -0.330028 -0.190611 4.12784 22 519 3396 3394 1 0 0 3 
5 3.82781 1.30783 -0.613242 0.188892 -0.263062 3.94892 22 520 34900 34899 1 0 0 1 
0.830111 -0.823548 5 -0.302316 -0.115148 -0.395558 4.06563 22 522 26181 26179 1 0 0 3 
-4.96856 -5 4.20963 0.0343528 0.0605217 -0.280237 4.06086 22 523 2530 2528 1 0.0248243 0.0248243 5 
5 -4.31754 2.18458 -0.243067 -0.410447 -0.112588 3.97114 22 524 19655 19609 1 0.685289 0.685289 2 
2.16939 3.96644 -5 -0.741604 -0.345032 0.208943 3.89066 22 525 6475 6388 1 0 0 1 
3.09058 -4.66711 5 -0.314264 -0.369443 -0.160841 4.04326 22 526 6970 6942 1 0.360028 0.360028 27 
3.15009 5 4.90676 0.0225068 -0.2177 0.0316425 4.05535 22 527 5412 5408 1 0.257015 0.257015 21 
5 4.86341 4.11563 -0.183383 -0.143254 -0.130762 3.90575 22 528 37366 35338 1 0.266728 0.266728 13 
-5 4.02408 0.529715 3.59216 -18.5191 20.1804 21.7159 2112 529 12308 12306 1 0 0 3 
-3.66713 5 2.8714 -0.162775 -0.394666 0.176089 3.95549 22 530 1130 1 1 0.045884 0.045884 3 
5 2.14851 1.42345 -0.809209 -0.330066 -0.493371 3.96158 22 531 24092 23979 1 0 0 1 
5 4.89563 0.43369 -0.579394 0.039239 -0.113908 4.01846 22 532 23548 23547 1 0 0 1 
-3.34142 5 -2.2719 -0.218258 -0.363342 0.00478016 4.01928 22 533 25426 25425 1 0 0 1 
5 -4.12849 -1.22213 -0.369281 -0.310366 0.104762 3.93707 22 534 10933 10893 1 0 0 3 
5 4.28971 -2.72519 -0.595503 0.0163341 -0.11353 3.91036 22 535 8736 8677 1 0 0 2 
5 -0.49342 1.55527 -0.467192 -0.189231 -0.083921 3.96231 22 536 47728 47727 1 0 0 1 
5 3.85357 -2.36707 -1.32671 1.68682 4.44377 3.83036 11 537 6991 6958 1 0.598748 0.598748 63 
2.76583 1.90226 -5 -0.756455 -0.644995 0.772001 3.82824 22 538 15707 15642 1 0 0 9 
5 1.728 -3.05779 -0.265157 -0.162172 -0.4056 4.10779 22 539 24612 24583 1 0 0 1 
5 2.77601 1.47926 -0.298168 -0.237481 -0.340322 3.98313 22 540 25967 25966 1 0 0 1 
4.96328 5 1.91218 -0.433305 -0.484335 -0.149291 3.94464 22 541 1332 1331 1 0.450398 0.450398 5 
5 1.07666 3.45237 -0.268472 -0.175957 0.0768153 3.88915 22 542 9997 9947 1 0.285702 0.285702 7 
2.54844 5 -3.15472 -0.30248 -0.216087 0.350617 3.8715 22 543 35886 35839 1 0.300789 0.300789 3 
1.32236 5 2.19984 -0.263046 -0.138257 0.0351177 3.94005 22 545 10190 10189 1 0.269714 0.269714 10 
-5 -2.02518 0.268487 0.13426 -0.0614203 -0.126706 4.00072 22 546 7654 7634 1 0.320205 0.320205 42 
4.35333 2.87787 5 -0.0406777 0.0924779 -0.294788 3.95332 22 547 34392 34137 1 0.311337 0.311337 17 
0.769062 -4.12334 -5 -0.230013 -0.0949969 0.0716149 3.90098 22 548 5191 5141 1 0 0 5 
5 2.25207 -3.08748 -0.412123 -0.369598 0.474826 3.85772 22 549 3036 2626 1 0.570766 0.570766 7 
5 -0.762879 -3.84044 -1.89113 0.534442 0.834824 3.87232 11 550 40173 40083 1 1.94047 1.94047 5 
5 2.53288 1.89387 -0.375978 -0.101265 0.0957379 3.92416 22 551 34744 34651 1 0.200296 0.200296 2 
5 4.43695 -2.05742 -1.43978 -0.661223 0.852518 3.87373 22 552 19189 19185 1 0 0 4 
5 2.77701 0.520705 -0.440454 -0.238261 0.101747 3.93283 22 553 23658 23657 1 0 0 1 
5 4.40226 -2.08513 -0.393195 -0.124847 -0.041601 3.90722 22 554 2567 2079 1 0 0 1 
3.90679 -5 -4.05293 -0.124991 0.260833 -0.120235 4.28617 22 555 3114 3111 1 0.119832 0.119832 6 
4.95026 0.955596 5 -0.129975 -0.15246 -0.130974 4.03944 22 557 24412 24390 1 0 0 3 
4.25085 5 0.821427 -0.956624 -0.785283 0.40612 3.91726 22 558 24132 24108 1 0 0 3 
5 -4.84411 0.17003 -8.13638 -2.65802 5.10895 3.85665 11 560 15317 14965 1 2.32518 2.32518 28 
5 -0.869164 1.50096 -0.593638 -0.27305 0.104542 3.91786 22 561 22355 22353 1 0 0 2 
5 0.686198 4.63283 -0.549642 -0.240225 -0.770777 4.16604 22 562 5500 5432 1 1.85831 1.85831 13 
5 2.6351 -0.164468 -1.44885 -1.20281 3.51969 3.84014 22 563 10677 10630 1 0 0 2 
5 3.70807 -0.372244 -0.507833 0.0471757 -0.828346 4.1468 22 566 7878 7877 1 0 0 4 
-4.68882 5 4.72667 0.0988918 -0.0887991 0.133159 4.11013 22 567 3074 3039 1 0 0 1 
-4.29302 1.44384 5 -0.749439 -0.30415 -0.65467 4.10322 22 568 13747 13736 1 0 0 2 
3.30602 5 -0.676695 -2.07731 -0.314483 0.279414 3.92327 22 569 34599 34577 1 0 0 1 
5 4.48402 2.10292 -2.35386 0.368817 2.17122 3.86178 22 570 8409 8337 1 0.0749572 0.0749572 6 
5 -0.658216 -2.18182 -0.279254 -0.173089 0.038182 3.93586 22 571 2361 1 1 0.330424 0.330424 25 
5 4.64636 -3.86581 -0.764286 -0.307289 1.60418 3.82123 22 572 2851 2584 1 0 0 6 
-4.12137 5 2.09799 -0.678206 -0.300695 -0.350235 4.02162 22 573 4344 4267 1 0.402294 0.402294 8 
1.96955 5 1.39597 -0.252679 -0.207271 -0.00769473 3.90048 22 574 3883 3871 1 0 0 2 
4.39742 5 2.56907 -0.0378965 -0.243212 0.0935794 3.87548 22 575 2699 1 1 2.27765 2.27765 27 
0.290586 5 -2.71799 -0.457451 -0.137196 0.181756 3.90962 22 576 19648 19624 1 0.404851 0.404851 39 
5 2.33904 -4.73291 -0.210425 -0.524538 -0.272714 4.27448 22 577 6436 6435 1 0 0 2 
5 -2.23067 0.124948 -0.736208 -0.558695 1.4784 3.84123 22 578 23398 23306 1 0 0 2 
0.620885 5 -4.75065 -0.734892 -0.303323 0.920806 3.84273 22 579 21631 21367 1 0 0 1 
-2.54856 -1.51484 -5 -0.890098 -0.415724 1.47027 3.84355 22 581 1062 1 1 0 0 2 
5 -0.486083 1.97269 -3.77408 -1.2021 1.96177 3.91574 22 582 2424 2384 1 0 0 1 
5 2.13919 3.42345 -0.794979 -0.14348 -0.157094 3.9576 22 584 14958 14957 1 0.411922 0.411922 20 
-0.90948 -1.85094 -5 -0.853496 -0.544238 0.854427 3.86287 22 585 16490 16465 1 1.29472 1.29472 13 
5 0.228275 -4.98201 -0.966744 -0.53185 0.293448 3.88591 22 586 11409 11302 1 0 0 1 
5 4.90471 -0.487465 -0.0130064 -0.306511 -0.0336425 3.94952 22 587 48727 48726 1 0.0442697 0.0442697 3 
5 -3.35548 1.57454 -0.173789 -0.0656993 -0.25093 4.13881 22 588 9479 9478 1 0.482891 0.482891 29 
5 -3.02911 1.14503 -0.477355 -0.320291 0.373841 3.8707 22 589 16998 16939 1 0.531446 0.531446 6 
3.87625 4.08962 -5 -3.81297 -7.71544 8.92439 3.83479 -11 590 10862 10861 1 4.31684 4.31684 30 
5 2.72853 3.43869 -0.22626 -0.279209 -0.232546 3.95894 22 591 33256 33220 1 0 0 1 
0.883493 -0.553189 5 -0.328079 -0.165299 -0.129209 4.06816 22 592 12828 12826 1 0.530217 0.530217 5 
5 2.91391 -0.815163 -0.739166 0.0215002 0.204086 3.89836 22 593 20912 20818 1 0.0669284 0.0669284 33 
5 -4.3106 -0.653661 -0.253443 -0.209766 -0.0580667 3.98639 22 594 28825 28608 1 0 0 2 
5 2.55495 -4.62177 -0.415003 -0.275261 0.114559 4.05921 22 595 1536 1508 1 0 0 3 
2.92838 -4.87168 -5 -0.0136887 0.211274 0.114198 3.86863 22 596 11078 10775 1 0 0 4 
4.80493 3.51669 -5 -1.76393 -1.86636 3.6644 3.81743 22 597 13699 13345 1 0.24645 0.24645 5 
5 -3.07536 -2.59781 -1.65086 -1.26772 1.19898 3.88174 22 599 1459 1408 1 0 0 4 
5 2.85852 4.69914 -0.22518 -0.252517 0.218019 3.89645 22 601 13433 13373 1 0 0 2 
3.94072 -2.02297 -5 -0.647898 -0.639949 2.3368 3.80838 22 602 1662 1 1 0.260227 0.260227 32 
0.0655213 5 3.84398 -0.24128 -0.0881327 0.32716 3.86925 22 603 20343 20271 1 0 0 4 
1.36103 3.80179 5 -0.459181 -0.27833 -0.399946 4.08289 22 604 8263 8233 1 0.244516 0.244516 6 
5 2.52487 -4.17955 -0.787398 -0.50832 -0.413319 3.94649 22 605 28808 28776 1 1.32415 1.32415 4 
5 -4.45296 -4.57013 -0.571372 -0.336272 -0.119884 3.94318 22 606 34617 34436 1 0 0 1 
-4.09295 4.9959 5 -0.0850767 -0.130464 -0.223651 3.98555 22 607 15457 15455 1 0 0 3 
0.782975 -0.123534 5 0.00613622 0.193988 -0.0654583 4.10516 22 608 19124 19123 1 0 0 1 
3.14633 1.31593 5 -0.150094 -0.257107 -0.415316 4.08117 22 610 13897 13896 1 0 0 3 
5 3.42873 2.69366 -0.820267 -0.308781 0.719736 3.89383 22 611 11229 11097 1 0 0 3 
5 1.75297 1.87933 -0.109253 -0.301073 0.109797 3.97379 22 612 6949 6948 1 0.338102 0.338102 35 
-2.44019 2.02604 5 -0.905311 -0.302864 -0.940805 4.22963 22 614 15477 15447 1 0.198905 0.198905 11 
5 3.70539 -4.18594 -4.18771 -1.7668 -0.4191 3.94849 22 615 17064 16987 1 0 0 1 
-1.28038 3.83673 -5 -0.696358 0.05297 0.189763 3.9253 22 616 9554 9534 1 0 0 1 
4.35364 1.77524 -5 -1.08631 -0.573822 1.49984 3.82582 22 618 19837 19694 1 0.644839 0.644839 18 
5 1.31985 0.91356 -0.210251 -0.461382 0.0635697 3.98575 22 619 2147 2146 1 0.104816 0.104816 9 
5 2.01395 3.19211 -0.551062 0.163276 0.0801599 4.01718 22 620 3390 3386 1 0.102001 0.102001 4 
5 -2.25449 -3.57708 -0.320382 -0.143321 -0.299696 4.05464 22 621 27378 27352 1 0.178168 0.178168 30 
5 -4.14219 2.63207 -1.07453 -1.16956 0.188567 3.94533 22 622 25235 25152 1 0 0 2 
5 -0.89278 -2.06978 -0.865595 -0.336735 1.17284 3.8511 22 625 32782 32780 1 0 0 2 
5 -1.01051 -1.18198 -0.0882603 -0.576647 0.289952 3.83934 22 627 8859 8575 1 0 0 1 
5 -4.3059 4.4928 -0.418059 -0.359135 -0.107514 3.96751 22 628 13681 13631 1 0 0 2 
5 2.12759 -3.10747 -0.253216 -0.0951783 -0.433524 4.11894 22 630 22207 22206 1 0 0 1 
5 3.72469 -4.25926 -2.99128 -0.608847 2.97329 3.84174 22 631 15956 15770 1 0.409335 0.409335 34 
5 -0.760136 -4.65113 -0.357018 -0.195114 -0.309174 3.9908 22 632 8069 8068 1 0 0 5 
5 4.08956 0.100029 -0.182231 -0.266071 0.396381 3.89784 22 633 6934 6933 1 0 0 1 
5 0.73933 3.07365 -0.593677 -0.0854762 -0.343845 4.11617 22 634 19882 19881 1 0.397531 0.397531 18 
3.42051 5 4.9526 -0.981892 -0.254279 0.606534 3.89961 22 635 14645 14530 1 0.56866 0.56866 11 
5 2.45793 -2.18747 -0.36731 -0.186805 0.737577 3.82713 22 636 1242 1 1 0.618488 0.618488 7 
5 -0.466396 -1.71409 -0.796614 -1.20449 -0.353364 3.94753 22 637 2395 2372 1 0 0 4 
1.81509 4.71161 -5 -2.11894 -1.28167 1.56973 3.83697 22 639 3817 3795 1 4.88361 4.88361 51 
5 1.36968 0.162129 -0.451106 -0.188749 0.148314 3.91113 22 640 4032 3999 1 0 0 4 
5 0.739753 3.67743 -0.61664 -0.311278 0.399251 3.88083 22 641 4944 4012 1 0.381594 0.381594 41 
4.76603 -0.684995 -5 -3.025 -1.39223 1.97436 3.86387 22 642 33193 33151 1 0 0 2 
3.82125 -3.60841 5 -0.754065 -0.508254 -0.139811 4.01948 22 643 39672 39616 1 0 0 1 
5 4.58198 -4.98471 -0.399754 -0.314634 0.0481901 3.95584 22 644 24730 24715 1 0 0 1 
5 4.76457 -1.71227 -0.567053 -0.278779 0.627061 3.86618 22 645 28225 28172 1 0 0 2 
0.48466 4.03793 -5 -0.342133 -0.133987 0.313313 3.85052 22 646 36657 36632 1 0 0 1 
-3.67659 5 3.9465 -0.389115 -0.0354725 -0.141179 4.0535 22 647 5166 5134 1 0 0 3 
5 -0.534122 2.0711 -0.414645 0.0790783 -0.287986 4.20373 22 648 14245 14244 1 0 0 4 
5 -4.51397 3.11068 -0.572495 -0.507038 0.340721 3.90462 22 649 14567 14564 1 0 0 1 
-4.87124 -2.90254 -5 -4.43933 0.0724014 1.59428 3.88191 22 650 7019 6953 1 0 0 8 
5 -3.60339 2.29841 -0.600751 -0.612471 1.08743 3.85489 22 651 10430 10360 1 0 0 4 
2.55213 5 3.88787 -0.889423 -0.572133 2.48298 3.835 22 652 27130 26972 1 0 0 2 
5 0.441071 -4.4181 -0.359654 0.122014 -0.148203 3.9402 22 653 38010 38009 1 0 0 1 
-1.14978 5 4.56825 -0.0541517 -0.176616 -0.198957 3.91711 22 654 5447 5446 1 0.510811 0.510811 16 
5 2.03359 2.96304 -0.302832 -0.105991 0.284272 3.87606 22 655 2258 1680 1 0.201694 0.201694 5 
4.0104 5 0.938052 -0.630377 -0.600373 -0.472855 3.89847 22 656 27651 27650 1 0 0 3 
5 -1.92261 2.24287 -6.36336 -2.34599 4.80463 3.88857 22 657 33923 33922 1 0 0 1 
5 3.46469 -0.707846 -0.142467 -0.32497 0.0645129 3.89301 22 658 3931 3927 1 0.230278 0.230278 19 
5 -4.41998 -1.29535 -0.453302 -0.518 0.152597 3.94218 22 659 27721 27654 1 0 0 2 
2.28874 5 0.241336 -0.341863 -0.0824225 0.512786 3.84377 22 660 3152 1 1 0 0 2 
-1.27701 -3.5676 -5 -1.02954 -0.428627 2.3532 3.81818 22 661 12168 11634 1 0 0 2 
0.866363 5 -3.0545 -0.234726 -0.0459885 0.0771995 3.92505 22 662 6969 6928 1 0 0 4 
5 -1.37614 -3.75619 -0.171127 0.0470601 -0.166873 4.24306 22 663 4818 4817 1 0 0 1 
4.46738 -5 3.84461 -0.0755641 0.156891 -0.00316038 3.84863 22 664 11179 11119 1 0 0 6 
5 -1.26697 -3.87463 -0.456005 0.230167 -0.0142222 3.92242 22 665 27907 27871 1 0 0 2 
5 -4.85642 2.46447 -0.252418 -0.0444233 -0.146968 4.041 22 666 27602 27460 1 0 0 2 
4.91868 5 -3.67436 -3.85869 -2.69003 0.224031 3.90206 22 667 8378 8321 1 0 0 3 
5 1.47622 -1.15027 -0.130136 0.0292548 0.140851 3.89859 22 668 25724 25658 1 0.193342 0.193342 39 
5 -0.253259 1.27314 -0.408804 -0.0501336 -0.144132 3.96219 22 669 13779 13736 1 0 0 4 
5 -2.49053 0.0852823 -0.303945 -0.410155 0.0226003 3.93243 22 670 12399 12397 1 0 0 1 
0.759793 -5 -2.73247 -0.102453 0.0291262 0.175674 4.33084 22 671 7720 7717 1 0.0949209 0.0949209 4 
-4.88968 0.114961 -5 -1.21301 -0.484556 0.899259 3.88587 22 672 9248 9205 1 0 0 2 
5 0.670447 -0.884678 -1.8406 -1.89191 1.8188 3.86376 22 673 14746 14642 1 0 0 3 
5 4.20109 1.39878 -2.54535 0.355177 0.153006 3.90726 22 675 3852 3754 1 0 0 11 
-4.62677 -4.79446 -5 -0.227203 -0.235162 0.209282 3.95255 22 676 1059 1 1 1.34479 1.34479 5 
-1.68869 -4.2516 5 -0.530834 -0.241395 -0.442088 4.03856 22 677 1642 1640 1 0.21866 0.21866 4 
5 -1.56964 2.54696 -0.328738 0.0980045 -0.0525426 3.92416 22 678 18787 18703 1 0 0 3 
-3.86089 -3.7683 -5 -0.541821 -0.278757 0.582419 3.86507 22 680 10124 6464 1 0 0 4 
-4.93462 5 -1.52659 0.144422 -0.0956665 -0.103524 3.88399 22 681 10379 8867 1 0.330593 0.330593 4 
-0.405715 5 4.89374 -0.000297922 -0.312563 -0.176043 3.88219 22 682 33361 33360 1 0 0 1 
-1.63373 5 -0.718574 -0.801773 -0.145409 0.335632 3.90829 22 683 1349 1348 1 0.21325 0.21325 24 
5 3.67775 -2.4805 -0.406815 -0.140622 0.0843314 3.84993 22 684 3124 3050 1 0 0 1 
5 1.30293 4.98443 -0.385371 -0.282483 0.212593 3.92706 22 685 3529 3154 1 0 0 1 
2.46307 3.5369 -5 -9.89812 -4.09201 12.5732 3.82996 22 686 11220 11171 1 0 0 3 
-4.75192 5 3.02407 -0.560656 -0.288636 0.426499 3.89389 22 688 30699 29786 1 0 0 2 
5 -4.95892 -4.38422 -0.39964 -0.249407 -0.1774 4.06734 22 690 1243 1216 1 0 0 1 
5 3.84461 3.53171 -2.10839 -0.422954 2.4471 3.86005 22 691 34657 34468 1 0 0 1 
-1.17181 5 1.75213 -0.0305295 -0.108792 0.155879 3.93256 22 692 11364 11363 1 1.02161 1.02161 34 
3.81269 -5 1.88997 -14.2592 9.14302 -16.4663 15.229 2112 694 1211 1209 1 0 0 2 
-3.46593 5 3.08178 -0.482708 -0.169017 -0.0153827 3.96353 22 696 5571 5515 1 0 0 4 
2.89413 -5 3.90598 -0.404394 0.167003 -0.510512 4.05682 22 697 2751 2748 1 0 0 5 
5 2.26351 0.892931 -0.177895 -0.24496 -0.411665 4.18393 22 698 21961 21960 1 0 0 2 
5 -3.94761 -2.17948 -2.00878 -0.842928 0.600361 3.86983 22 699 23804 23754 1 0.197445 0.197445 7 
5 4.12355 3.93866 -0.410787 0.182036 0.163471 3.9273 22 700 7655 7625 1 0.274469 0.274469 31 
3.52199 0.276483 -5 -0.198876 -0.0827267 0.342386 3.88659 22 701 28067 18791 1 0 0 2 
-0.293191 -5 0.168816 -0.0452518 0.193539 0.477705 3.89585 22 702 1018 1 1 0 0 2 
-2.66238 -5 0.963698 -0.228779 1.68913 -1.5034 4.10832 22 703 4925 4924 1 0 0 2 
-0.181275 4.89261 -5 -1.64438 -0.524726 3.85257 3.81062 22 704 1158 1117 1 0.905578 0.905578 4 
-1.99355 5 -0.932157 -0.387902 -0.302704 -0.137921 4.98254 22 705 1346 1345 1 0 0 1 
2.96287 -0.292929 5 -0.178359 -0.160307 -0.394426 4.06324 22 706 1137 1081 1 0 0 5 
-0.57496 2.42164 5 -0.173472 -0.239593 -0.356501 4.1106 22 707 5986 5985 1 0 0 3 
-2.34464 5 4.95262 -0.0125897 -0.215723 0.0637173 4.15396 22 708 23769 23764 1 0.11938 0.11938 23 
5 -2.29598 1.22687 -0.340548 -0.114241 0.249071 3.88717 22 709 16715 16713 1 0 0 4 
-3.48223 -0.0944218 5 -0.416219 -0.182921 -0.233285 4.10021 22 710 12353 12352 1 0 0 3 
5 4.49021 1.94705 -1.38642 -0.251437 0.564179 3.88387 22 711 1973 1918 1 0.12567 0.12567 26 
-0.775158 5 -3.52829 -0.454903 -0.217382 -0.0832387 4.01597 22 712 8067 8031 1 0.0624474 0.0624474 4 
5 1.6263 -4.02792 -0.233464 -0.247975 -0.38095 4.0283 22 713 17666 17643 1 0 0 4 
5 4.71166 -2.45273 -10.8852 -2.15679 11.1987 3.84 -11 714 4075 4074 1 2.94595 2.94595 39 
-4.90803 0.228835 -5 -0.423685 -0.311909 0.863623 3.82573 22 715 4582 4323 1 0 0 3 
5 -0.504985 0.694592 -0.257242 -0.0987419 0.117987 3.85884 22 716 16493 16377 1 0.918236 0.918236 50 
5 3.46842 2.99429 -0.599566 -0.154743 -0.308696 4.13279 22 718 5541 5540 1 0 0 5 
5 -3.1968 3.50177 -0.338454 -0.178252 -0.00869167 3.95617 22 719 10469 9359 1 0 0 2 
-3.24628 -5 -0.992303 -0.0748253 0.0968023 -0.0820037 3.9602 22 720 37314 37313 1 0.0441616 0.0441616 5 
4.23779 -4.84493 -5 -1.21708 -0.100413 1.34416 3.85093 22 721 24824 24739 1 0 0 3 
5 1.19085 2.92096 -0.199869 -0.431445 -0.187156 4.03998 22 722 2069 2068 1 0 0 2 
3.43616 1.02057 5 -4.24248 0.109949 -1.97547 3.96973 22 723 25143 25105 1 0.312516 0.312516 5 
5 -2.88244 -3.87374 -0.567246 -0.533893 -0.149612 3.90232 22 725 15892 15822 1 0 0 3 
-0.198921 -4.83637 -5 -0.535647 -0.285503 0.0917758 3.88795 22 726 7442 7371 1 0.441403 0.441403 6 
-2.29369 4.89183 -5 -0.365342 -0.150674 0.425006 3.84961 22 727 17334 17238 1 4.49941 4.49941 13 
-1.10378 2.85785 5 -0.183145 -0.398415 -0.262381 4.06374 22 728 2347 2345 1 0 0 1 
5 -0.0610416 -3.18578 -0.194397 -0.300856 -0.0727592 3.95313 22 729 16113 16111 1 7.00719 7.00719 60 
-2.68667 5 2.45418 -0.10519 -0.0567745 -0.177869 4.06589 22 730 7844 7789 1 0.302251 0.302251 20 
2.14956 5 2.41706 -0.173863 -0.156284 0.260182 3.85928 22 731 11747 11549 1 0.117531 0.117531 19 
5 -1.03394 4.65595 -0.28372 -0.140295 -0.0305133 3.97146 22 732 12430 12429 1 0 0 5 
5 2.20288 0.0387696 -0.460245 -0.160697 0.153203 3.83466 22 733 37760 37759 1 0.344494 0.344494 5 
3.6433 -3.40201 -5 -1.36589 -0.877776 0.256255 3.87096 22 734 2372 2315 1 0 0 2 
5 2.89079 1.30512 -0.45908 -0.220188 0.0433845 3.92412 22 735 21483 21479 1 0 0 3 
5 -1.65511 -1.07096 -0.178913 -0.135271 -0.349482 4.01469 22 736 5737 5736 1 0.303046 0.303046 31 
0.58995 4.65532 5 -3.50107 0.0733037 -0.203112 3.95981 22 737 14237 14206 1 0 0 4 
5 -1.08166 0.610334 -1.01953 -0.700877 1.68485 3.8547 22 738 6626 6601 1 4.21785 4.21785 14 
5 3.25677 -1.73056 -0.314998 -0.282587 0.0601582 3.91414 22 739 2850 2849 1 0.40281 0.40281 5 
5 -3.78411 1.29506 -0.323475 -0.241461 -0.187933 4.06305 22 740 27393 27385 1 0 0 1 
5 -0.181548 1.66474 -0.324213 -0.145771 0.367092 3.87465 22 741 29755 29754 1 0 0 1 
-3.05162 0.952881 -5 -0.685575 -0.376277 1.09099 3.8402 22 743 30186 30055 1 0 0 1 
-0.0776815 0.15182 5 -0.0676657 -0.159124 -0.327707 4.13551 22 744 14292 14223 1 0.370091 0.370091 26 
4.52647 5 -2.28056 -0.337472 -0.240572 -0.298927 4.07468 22 745 38900 38876 1 0 0 1 
5 0.149419 0.943467 -0.389359 -0.101013 0.221962 3.87789 22 746 13437 13406 1 0 0 2 
5 4.14775 -3.55627 -0.401121 0.169463 -0.264934 3.98122 22 747 17605 17509 1 0.0128162 0.0128162 5 
5 0.536015 -0.312323 -0.529636 -0.324022 0.187497 3.89846 22 748 4354 4343 1 0 0 2 
5 0.358363 2.73158 -0.48734 0.108952 0.0391496 3.91673 22 749 28178 28127 1 0 0 2 
5 -4.04345 1.88785 -0.276956 0.0908421 0.116326 3.93707 22 750 4255 4171 1 0.143569 0.143569 55 
1.97923 0.381595 5 -11.584 -5.17925 -7.69042 4.11402 22 751 12229 12071 1 0 0 1 
-3.19857 -1.05886 5 -0.232019 -0.0927061 -0.279748 4.11669 22 753 17309 17216 1 0.374951 0.374951 12 
5 -0.918522 -1.25922 -0.223181 -0.27399 0.161604 3.87666 22 754 6599 6597 1 0.176216 0.176216 17 
1.7317 5 -2.57622 -0.311704 -0.381839 0.122957 3.93412 22 755 17778 17777 1 0 0 2 
5 -3.60237 0.0560019 -2.05347 -1.22365 1.14622 3.8799 22 758 4278 4230 1 0 0 7 
5 4.71709 2.26868 -0.247045 0.200631 -0.399794 3.97093 22 759 10135 10134 1 0 0 2 
5 0.342851 3.71807 -0.421074 -0.17314 1.11065 3.8432 22 760 1161 1 1 0 0 4 
5 -4.93045 0.874886 -2.58705 0.070806 1.35835 3.87647 22 761 27168 27145 1 0 0 1 
-0.627917 -4.88598 -5 -0.626107 -0.412595 0.88426 3.83538 22 763 5577 5379 1 0.652403 0.652403 10 
2.25746 3.73594 5 -1.12588 -0.934849 -1.02596 4.02403 22 764 12540 12467 1 5.93088 5.93088 25 
5 -1.32564 -3.68223 -0.50225 -0.0149606 0.0929562 3.91317 22 765 8172 8169 1 1.96323 1.96323 27 
-0.716486 -3.53741 5 0.145625 0.296778 -0.389662 4.20279 22 766 22121 22120 1 0 0 2 
3.78544 -1.93653 -5 -0.443283 -0.218874 0.129285 3.90798 22 767 6857 6856 1 0 0 3 
1.69859 2.51994 -5 -1.28013 -1.52537 0.812505 3.85798 22 768 21659 21618 1 0.0758351 0.0758351 9 
0.612199 4.30751 5 -0.157579 -0.0990163 -0.19467 4.25163 22 769 51803 51726 1 0 0 2 
0.688887 4.64736 -5 -5.05576 -0.847272 2.65097 3.85256 22 770 40942 40941 1 0 0 1 
3.99828 3.86594 -5 -3.16234 -2.22754 5.36635 3.82543 22 771 19746 19691 1 0.0232164 0.0232164 4 
4.79868 5 4.9626 -0.229522 -0.085351 0.360306 3.84812 22 772 2722 2701 1 0.367047 0.367047 34 
5 1.20527 3.07716 -0.346129 -0.222384 0.00217857 3.96685 22 773 18971 1 1 0 0 1 
2.3988 5 -4.43369 -0.0378858 -0.0943513 -0.21079 4.02011 22 774 20286 1 1 0 0 3 
-4.57523 5 -0.356833 -0.0581874 -0.211969 -0.141309 4.05668 22 775 23317 23155 1 0 0 1 
2.69623 -3.26651 -5 -0.288404 -0.0380928 0.153044 3.96008 22 776 2719 2718 1 0 0 7 
5 3.55087 -3.08254 -0.283085 -0.192167 -0.379545 4.12097 22 777 7415 7412 1 0 0 3 
-2.39248 0.144704 -5 -0.785542 -0.239694 0.13757 3.86372 22 778 23306 23305 1 0 0 3 
5 1.79164 2.19132 -0.797403 -1.16726 -0.740467 3.93188 22 779 11390 11363 1 0 0 4 
5 0.877153 -4.78999 -0.280097 -0.413014 -0.109933 3.90649 22 780 3371 3370 1 0.707314 0.707314 13 
-2.44464 5 -1.00047 0.0246701 -0.00790593 0.0140109 4.13335 22 781 4011 3996 1 0.216207 0.216207 52 
5 3.06458 4.42844 -0.944385 -0.20532 2.03421 3.84043 22 782 5837 5806 1 0 0 2 
2.42311 5 3.20525 -0.424778 -0.283839 0.0108964 3.94436 22 783 8807 8790 1 0.510754 0.510754 19 
-2.29918 3.13804 5 -0.244174 -0.0789636 -0.0977364 4.03637 22 784 15956 15940 1 0 0 1 
5 4.65592 -4.93041 -0.267552 -0.140313 0.16042 3.8587 22 785 1218 1 1 0.341619 0.341619 32 
0.185924 -3.68529 -5 -0.33833 -0.2098 0.304585 3.86398 22 786 34171 33678 1 0 0 1 
2.19761 5 0.895748 -0.309801 -0.468224 -0.51678 3.97352 22 787 1053 1 1 1.02576 1.02576 7 
-4.13249 -3.19161 -5 -0.0487736 -0.223888 0.398811 4.03153 22 788 8917 8894 1 0 0 3 
-3.2469 5 2.36106 -0.696031 -0.274096 0.173501 3.94164 22 790 27517 27516 1 0 0 3 
0.321593 0.743661 -5 -1.64092 -0.709142 0.598784 3.8844 22 791 21041 21017 1 0 0 2 
5 0.722427 2.71483 -0.419844 -0.0739228 0.146917 3.91135 22 792 11387 11330 1 0 0 2 
5 1.51399 2.13507 -0.24111 -0.0455393 -0.377433 4.24482 22 793 7239 7238 1 0 0 2 
5 3.20779 -3.33227 -0.44531 -0.205292 0.00937417 3.92453 22 794 21350 21273 1 0 0 1 
4.8826 -3.86032 5 -0.32372 -0.151752 -0.183914 4.18832 22 795 6943 6899 1 0 0 3 
5 3.37275 -0.236124 -6.33439 -0.93053 3.69671 3.88077 22 796 19992 19991 1 0 0 1 
-1.01078 3.25784 -5 -12.2035 -3.10768 10.834 3.85942 22 797 8524 8474 1 0 0 3 
4.54019 3.73132 -5 -0.350365 0.324893 0.181133 3.86657 22 798 10481 10455 1 0.175385 0.175385 5 
-4.3011 -0.588598 -5 -0.629033 -0.15267 0.332549 3.87627 22 799 7307 6943 1 0 0 6 
5 -2.01064 -0.952491 -0.533469 0.283634 -0.452413 4.19437 22 800 7158 6880 1 0.381923 0.381923 24 
-1.91195 3.2561 5 -0.297409 -0.152235 -0.259385 4.20833 22 801 26666 26665 1 3.65063 3.65063 14 
3.53789 5 2.72997 -0.397697 -0.107006 0.362081 3.88928 22 802 52043 52042 1 0 0 1 
5 -3.01477 -1.26434 -0.436576 -0.151622 0.218018 3.92562 22 803 4161 4159 1 0 0 3 
5 -0.903377 3.00315 -1.30327 -1.13715 -0.498636 3.93793 22 804 35313 35286 1 0 0 3 
1.58838 5 -0.317733 -0.254211 -0.151691 0.175861 3.88652 22 805 3917 2613 1 0.344174 0.344174 13 
2.67154 5 4.76195 -0.100659 -0.332627 0.202864 3.88147 22 806 1575 1500 1 0 0 1 
5 0.968699 0.932967 -1.96239 -1.50184 0.976386 3.91507 22 807 1489 1448 1 0 0 2 
-1.05134 5 -4.41242 -0.352417 -0.0995429 -0.35639 4.36581 22 808 26552 26550 1 0 0 2 
1.59018 5 -4.094 -0.593805 -0.648627 0.573023 3.84593 22 809 16088 15701 1 0.127582 0.127582 6 
5 0.21299 3.15729 -0.445839 -0.129955 0.213213 3.89972 22 812 17636 17635 1 0.148371 0.148371 15 
4.41266 2.39812 -5 -0.534449 -0.235425 0.278347 3.84948 22 814 3310 1 1 3.29581 3.29581 82 
4.80376 2.93138 -5 -1.1558 -0.21529 1.25189 3.83296 22 815 3119 3082 1 2.6146 2.6146 59 
5 1.92764 3.60047 -0.823823 -0.655036 1.44676 3.86498 22 816 52220 52184 1 0 0 1 
1.15304 -3.74195 5 -0.307629 -0.314251 -0.26025 4.06283 22 817 3510 3508 1 0.150981 0.150981 26 
4.96172 -1.63375 -5 -0.365809 -0.22581 0.276249 3.92689 22 818 1969 1951 1 0 0 2 
-0.894019 -5 3.76711 0.0787259 0.119263 -0.137042 4.00233 22 819 1253 1183 1 0.259174 0.259174 31 
5 1.12247 -1.97709 -0.485114 0.0769853 -0.140916 3.9638 22 820 23224 23221 1 0.155025 0.155025 16 
5 3.00824 -1.44283 -0.260813 -0.189947 -0.0184902 4.19334 22 821 17859 17834 1 0.485058 0.485058 31 
5 -1.85987 -4.57819 -0.79014 -0.345883 0.346292 3.88581 22 823 36742 36487 1 0.18419 0.18419 16 
5 -3.48077 -2.02846 -0.54079 -0.364912 0.450662 3.83969 22 824 3152 3115 1 0.197882 0.197882 3 
-4.06337 -5 -0.34451 -0.155836 0.320808 0.0473333 3.92339 22 825 13394 13393 1 0.0741933 0.0741933 5 
5 0.158076 4.4511 -0.36868 -0.118761 0.333303 3.87582 22 826 6696 6687 1 0.210614 0.210614 16 
2.672 -0.452506 -5 -0.120496 -0.305926 0.272211 3.90429 22 827 1821 1795 1 0 0 1 
5 -4.23117 -1.8045 -0.409667 -0.291046 -0.0926535 3.98834 22 828 9051 9049 1 0.0301913 0.0301913 5 
-4.4338 5 -0.106315 0.129211 -0.489987 -0.065857 3.97247 22 831 7951 7950 1 0.0274607 0.0274607 2 
4.31361 -5 -4.21456 -0.0181272 0.048116 0.0104449 4.12135 22 832 4234 4233 1 0.41689 0.41689 69 
5 -2.74298 0.56912 -0.438254 0.0506408 0.148825 3.85308 22 833 1857 1385 1 0.413225 0.413225 31 
1.61489 -0.772851 5 -0.0765099 0.0026807 -0.13328 4.01419 22 835 44719 44718 1 0.153259 0.153259 27 
5 4.17975 -3.28748 -0.410693 -0.211346 0.0798403 3.89313 22 836 18930 18906 1 0.080246 0.080246 5 
-3.94579 5 2.35177 -0.875248 -0.279629 0.348816 3.89752 22 837 45562 45517 1 0 0 1 
3.22612 5 0.35874 -1.49468 -1.21623 0.390257 3.8955 22 838 25935 25842 1 5.41563 5.41563 8 
3.51035 -0.215412 5 -0.402431 -0.250796 -0.154918 4.10452 22 839 6947 6945 1 0.468812 0.468812 20 
3.56023 2.99803 5 -0.217948 -0.168569 -0.332353 4.16368 22 840 8333 8214 1 0 0 2 
-3.20952 -1.61958 -5 -0.138903 0.100766 0.17044 4.09579 22 842 8251 8250 1 0 0 2 
5 -2.94859 0.722159 -0.416262 -0.639886 -0.271881 5.01658 22 843 19104 19074 1 0 0 8 
-1.3615 5 0.0756781 -0.0309506 -0.231442 -0.158503 4.06425 22 845 7461 7386 1 0 0 2 
2.49692 -0.639803 -5 -0.207396 0.0975022 0.362886 3.84314 22 847 9392 9363 1 0.0261653 0.0261653 6 
-1.78688 -0.0522693 -5 -1.07826 -0.101944 0.980732 3.87141 22 848 10937 10912 1 0.675233 0.675233 3 
-0.58437 5 0.344948 -0.219633 -0.416696 -0.198105 4.00117 22 849 3383 3382 1 0 0 5 
5 -1.93534 -4.31227 -0.342341 0.0310568 -0.012888 3.89949 22 850 16307 16200 1 0 0 3 
5 -4.68585 1.36183 -0.596318 -0.508898 0.425075 3.89759 22 851 14796 1 1 0 0 1 
1.45287 -0.991016 5 -0.0843921 -0.0163869 -0.379062 4.21551 22 852 14856 14855 1 0 0 5 
5 4.35088 -2.56615 -0.502944 0.0209563 -0.0879069 3.85451 22 853 10636 10613 1 0 0 3 
1.59742 5 -0.715893 -0.27155 -0.203478 -0.382069 4.27436 22 855 32842 32839 1 0 0 1 
5 1.24234 -3.08104 -0.351816 -0.108984 0.543273 3.8324 22 856 5737 4174 1 0.0497762 0.0497762 2 
5 4.71688 0.0816834 -0.157942 0.174207 -0.188222 4.13039 22 857 27983 27982 1 0 0 2 
5 -3.68175 0.0233975 -0.390289 -0.68937 0.0515251 3.94549 22 858 17482 17463 1 0 0 2 
3.68109 -4.49014 -5 -0.892557 -1.11906 1.06843 3.87714 22 859 7927 7899 1 0 0 1 
5 4.20786 3.77969 -0.264913 -0.135168 0.441783 3.85612 22 860 31540 29479 1 0 0 2 
5 1.64148 0.0616795 -0.458856 -0.224838 0.00435046 3.94803 22 861 1065 1061 1 0 0 2 
-4.11698 5 1.76624 -0.0944456 -0.350034 -0.360105 3.96907 22 862 22272 22270 1 0 0 4 
1.26828 5 -4.79504 -1.66847 -0.66576 2.60986 3.83085 22 863 9587 9527 1 0 0 4 
-2.57954 -3.57169 5 -0.548036 -0.483617 -0.557427 4.14729 22 864 5816 5787 1 0 0 3 
3.64514 5 0.258117 -0.670052 -0.369037 0.221771 3.90307 22 865 37446 37411 1 0.532499 0.532499 2 
5 -2.22303 2.15312 -1.08567 -0.649427 0.621169 3.87337 22 866 13680 13679 1 0 0 2 
5 0.45148 -2.51183 -0.904866 -0.21912 0.959603 3.84641 22 867 5553 5362 1 0.742294 0.742294 16 
5 1.62606 0.744378 -0.385315 -0.135146 -0.307225 4.00703 22 868 24994 24966 1 0 0 1 
5 4.30346 -1.81463 -0.653958 -0.0737138 -0.211145 3.93598 22 869 7547 7464 1 0 0 4 
5 -4.58927 -3.32963 -0.244998 -0.013582 0.247384 3.87647 22 870 1797 1771 1 1.58419 1.58419 15 
5 1.52525 3.01383 -0.443824 -0.100875 0.232303 3.90292 22 871 12032 12031 1 0.636297 0.636297 29 
4.87027 0.689005 5 -0.248811 -0.116242 -0.0834664 4.07228 22 873 52313 52196 1 0 0 1 
5 -4.22834 -1.36809 -0.502739 -0.381909 0.505558 3.83942 22 874 9491 9324 1 0 0 4 
5 -0.367685 4.98634 -0.305943 0.134005 -0.21126 4.061 22 875 6980 6977 1 0.894758 0.894758 7 
5 3.56564 3.79499 -1.84784 -1.19516 4.82381 3.84628 22 876 12185 12104 1 0.336908 0.336908 9 
5 4.84767 1.65333 -0.461677 -0.219989 0.147723 3.90069 22 877 17702 17701 1 0.365779 0.365779 48 
5 4.94225 4.52256 -0.538155 -0.440197 0.181534 3.95697 22 878 17852 17818 1 0 0 2 
-1.90124 -0.948988 -5 -1.34349 -0.435376 0.742312 3.88578 22 879 22379 22373 1 0 0 1 
0.915485 5 -3.53449 0.13837 -1.92717 -0.136694 4.08698 22 880 9193 9171 1 0 0 6 
3.34962 -3.86002 5 -0.404937 -0.162862 -0.265748 4.06744 22 881 15997 15996 1 0.360078 0.360078 27 
-4.44492 -3.71571 -5 0.065358 -0.0607589 0.20395 4.04192 22 882 2336 2313 1 0 0 4 
0.373251 5 -0.308826 -0.384572 -0.336438 0.00582559 4.05161 22 884 1606 1602 1 0 0 3 
5 -3.43935 2.69805 -3.33584 -0.350817 0.555282 3.91117 22 885 2185 2184 1 0 0 2 
5 1.15537 -4.358 -0.41385 -0.216729 0.154017 3.91209 22 886 4446 4261 1 0 0 2 
1.32083 -3.2828 -5 -0.648764 -0.233234 0.357689 3.88583 22 887 16157 16114 1 0 0 2 
2.18375 -4.57712 -5 -0.079738 -0.264302 0.0317397 3.97448 22 888 2322 2283 1 0 0 4 
5 4.82 0.924564 -0.197938 -0.142735 -0.111771 4.0123 22 889 21417 20900 1 0.268139 0.268139 22 
5 -1.71729 4.89141 -0.161924 -0.341944 -0.0388307 3.913 22 890 12649 12646 1 0.331708 0.331708 13 
5 3.22273 -0.856267 -43.4922 -27.2332 30.733 6.98112 2112 891 8172 8140 1 1.62975 1.62975 6 
4.2836 -5 -0.775477 0.104568 0.121605 0.087822 4.06125 22 892 1295 1294 1 0 0 3 
5 3.13372 -3.9733 -0.487591 -0.313277 0.401856 3.8736 22 893 40889 40768 1 0 0 1 
5 2.7788 2.24325 -0.109924 -0.111259 0.160923 3.95695 22 895 1507 1484 1 0 0 3 
5 4.00895 -0.333871 -1.0299 -0.0651773 -0.252481 3.93198 22 896 1657 1595 1 0 0 3 
-3.23332 1.23037 5 -0.669124 -0.239595 -0.818578 5.16286 22 897 24951 24894 1 1.08349 1.08349 34 
-3.73274 2.27961 5 -0.265799 0.0291415 -0.314116 4.02734 22 898 1544 1543 1 0 0 2 
5 0.593629 2.26094 -5.8592 -3.92856 4.93915 3.88892 22 899 15723 15678 1 0.0814694 0.0814694 3 
5 -2.19344 4.40226 -0.297975 -0.078468 -0.0645316 4.03283 22 902 2441 2409 1 0.5151 0.5151 37 
-1.17188 5 2.91876 -0.0481704 -0.593446 -0.345621 3.91482 22 903 10474 10473 1 2.97889 2.97889 63 
5 1.40468 3.85492 -0.421601 -0.276145 0.0843589 3.90965 22 904 4668 4637 1 0.907041 0.907041 40 
5 -3.99488 -4.96876 -0.412187 -0.301234 0.0219101 3.96311 22 905 1742 1741 1 0 0 2 
-0.46319 -0.905639 5 -0.333869 -0.195402 -0.457869 4.05529 22 906 3927 3926 1 0 0 2 
5 -3.46365 4.52563 -0.487887 -0.362079 0.478837 3.87686 22 907 2720 1 1 0.0733523 0.0733523 4 
4.31776 5 3.0378 -0.845607 -0.437067 1.09015 3.85727 22 908 1626 1 1 0 0 2 
-0.245619 -0.114023 -5 -0.490246 0.279618 0.406837 3.8349 22 909 40582 40429 1 0.0458148 0.0458148 2 
3.99027 5 -1.57482 -0.854629 -0.32707 -0.308931 3.97089 22 910 2711 2681 1 0 0 3 
-2.03181 -1.00569 -5 -0.585884 -0.21257 0.136966 3.88119 22 911 3745 3518 1 1.97096 1.97096 14 
5 -1.65495 1.05852 -0.289536 -0.0441679 0.0117523 4.354 22 912 26305 26304 1 0.292785 0.292785 24 
1.05569 5 3.47257 -0.420915 -0.127376 -0.260242 4.13006 22 913 23995 23994 1 0 0 2 
5 3.79695 -3.74787 -0.158639 -0.0403789 -0.153186 4.04634 22 914 23148 22717 1 0.223268 0.223268 57 
5 1.94095 -4.58052 -0.277296 -0.067231 0.203879 3.88587 22 916 34489 34488 1 0.35026 0.35026 28 
5 3.03214 -4.2332 -0.35635 -0.175075 -0.185655 3.89553 22 917 54373 54347 1 0 0 1 
5 3.30564 -3.24723 -0.57073 -0.107788 0.61666 3.8419 22 918 3153 1 1 0 0 4 
-3.91212 5 -0.422484 -0.0909454 -0.10314 -0.111733 4.02452 22 919 27656 27530 1 0 0 3 
5 4.46515 0.502307 -0.469207 -0.20188 0.014454 3.92519 22 920 4653 4651 1 0.650968 0.650968 26 
-0.238591 5 3.12803 -0.802228 -0.264366 0.23987 3.89226 22 921 4806 4699 1 1.72937 1.72937 26 
5 4.15491 2.57796 -1.8931 -1.5459 1.77238 3.88945 22 922 37148 37098 1 0 0 2 
-4.55367 4.42969 -5 -4.18371 -1.81929 6.65515 3.82895 22 923 9029 8924 1 1.60829 1.60829 7 
4.03842 5 2.87908 -0.0126287 -0.193845 -0.108437 4.03286 22 924 2932 2787 1 0.400968 0.400968 48 
5 0.871415 3.49136 -0.0986098 0.144664 0.33692 4.87329 22 925 5691 5690 1 0 0 4 
2.75981 1.50211 5 -0.151977 -0.26061 -0.318547 4.08245 22 926 3219 3184 1 1.94139 1.94139 8 
5 0.0370827 -1.67894 -0.260537 -0.251484 0.0235219 3.90257 22 927 8026 7961 1 0 0 2 
3.26909 4.45777 -5 0.168882 -0.22796 0.337977 3.86144 11 928 5657 5626 1 0.034675 0.034675 3 
5 1.19494 -2.29721 -0.844648 -0.289555 -0.557954 4.07446 22 929 12024 12023 1 0 0 1 
2.28968 5 4.13282 -2.38407 -0.891929 0.978166 3.90757 22 930 32145 32066 1 0 0 1 
-4.51434 4.95985 -5 -2.96736 -0.93764 2.86059 3.84446 22 931 15545 15510 1 0 0 3 
5 0.453039 -0.847822 -0.221753 -0.0281888 -0.1456 4.03649 22 932 1368 1367 1 0.445873 0.445873 47 
5 0.548683 -0.379543 -0.731226 -0.672184 1.40619 3.83537 22 933 4525 4453 1 0.278433 0.278433 23 
3.3847 5 4.51378 -1.42936 -0.165215 1.03537 5.66203 22 934 35908 35879 1 0 0 1 
4.32483 -2.13634 5 0.247357 0.133266 -0.426819 4.05002 22 935 8631 8629 1 0 0 2 
-1.64713 2.57634 -5 -0.426562 -0.140801 0.243598 3.87997 22 936 22168 22127 1 0 0 1 
1.82488 0.767421 -5 -0.897892 -0.348222 2.16054 3.80936 22 937 13037 12541 1 0.289709 0.289709 7 
-4.81622 5 -1.6245 -0.274894 -0.156826 0.37463 3.88956 22 938 1319 1299 1 1.54138 1.54138 5 
-3.80335 5 4.92815 -0.576505 -0.269441 0.646986 3.90451 22 939 17967 17883 1 0.104946 0.104946 5 
2.36006 0.717591 -5 -0.62801 -0.113336 0.470409 3.87523 22 940 14564 14544 1 0 0 1 
5 3.95283 -4.02888 -12.2323 -5.63894 1.46197 3.8677 22 941 14270 14269 1 0.278359 0.278359 22 
2.42496 5 0.689161 -0.456529 -0.229389 0.00906988 4.00251 22 942 21348 21346 1 0.0294172 0.0294172 5 
5 4.5154 -0.143952 -0.272736 -0.00472529 -0.124386 4.03522 22 943 7302 7167 1 0 0 2 
-4.88938 -1.50195 5 -1.37367 -0.386817 -0.572866 4.06536 22 944 2594 2573 1 0 0 3 
4.27365 3.32195 5 -2.33646 -1.09552 -1.10588 3.99831 22 945 11817 11816 1 0 0 3 
5 2.56147 4.3681 -0.463972 -0.253657 -0.024363 3.99228 22 946 25263 25215 1 0 0 1 
3.1664 1.78504 -5 -1.91511 -0.887671 1.81654 3.86983 22 947 13166 13165 1 0.179086 0.179086 8 
-0.659327 5 -3.39963 -0.526018 -0.248155 0.0745164 3.9855 22 948 24469 24424 1 0 0 1 
5 -3.7786 -0.75549 -1.68417 -1.12758 -0.0775329 3.95692 22 949 22921 22919 1 0 0 1 
5 0.379458 -3.50176 -0.346203 -0.177714 -0.179782 3.9549 22 950 14551 14549 1 0 0 5 
5 -0.347017 0.900019 -1.92612 -0.611618 -1.51229 4.10883 22 952 21884 21882 1 0 0 3 
2.43014 4.22763 5 -0.697035 -0.453607 -0.575419 4.05123 22 953 21012 20907 1 0.292184 0.292184 5 
1.34154 3.06261 -5 -1.04048 -0.460609 0.932346 3.86386 22 954 26666 26637 1 0 0 2 
-4.30019 -1.82478 5 -0.244435 -0.105446 -0.106268 3.9386 22 955 2582 2581 1 0 0 2 
5 -4.71322 3.77432 -0.153968 -0.293522 0.0423614 3.99037 22 956 18605 18604 1 0.00204118 0.00204118 6 
5 -4.18978 2.62487 -0.944109 -0.781947 1.73788 3.86038 22 957 55208 55207 1 0 0 1 
5 2.00001 0.755705 -0.474027 -0.203645 0.541436 3.87638 22 958 6822 4076 1 0 0 2 
1.36514 -3.05052 -5 -3.29329 -0.662311 3.30284 3.86271 22 959 1264 1207 1 0.0416137 0.0416137 4 
5 4.48007 4.06043 -8.30825 -4.48333 10.0801 3.86823 22 960 15973 15923 1 0 0 1 
5 3.57368 -4.06293 -0.308042 0.00793138 0.0918308 3.86361 22 962 9624 9623 1 0.322551 0.322551 5 
5 -2.35193 0.0184861 -0.452325 -0.40898 -0.389052 4.08046 22 963 32262 32234 1 1.2635 1.2635 58 
5 4.99035 1.39578 -0.647914 -0.240291 0.176673 3.89788 22 964 13865 13848 1 0 0 3 
1.2398 5 -1.4005 -0.381448 -0.224613 0.391813 3.86004 22 965 23082 21227 1 0 0 2 
2.51269 0.131903 -5 -0.378916 -0.214302 0.267614 3.87458 22 966 14641 14640 1 0.510584 0.510584 30 
5 -1.03715 -4.64033 -0.2098 0.197561 -0.28299 3.91826 22 967 3524 3498 1 1.10647 1.10647 36 
0.236027 -5 4.38784 0.0791821 0.168737 -0.0910979 4.08418 22 968 8398 8395 1 0.207288 0.207288 17 
3.2497 5 4.05089 -0.0992925 -0.239367 -0.349199 4.27657 22 969 26693 26692 1 0 0 3 
1.49738 5 0.210409 -0.728667 -0.318734 1.7904 3.82824 22 970 9743 9513 1 3.15173 3.15173 9 
2.80148 5 4.41076 -0.448067 -0.219451 0.110439 3.93822 22 971 32862 32835 1 0 0 1 
5 4.95921 2.54028 -0.145028 -0.0310377 -0.248827 3.97102 22 973 2283 2259 1 0.55569 0.55569 82 
-3.69217 4.97358 5 -1.42103 -0.888892 -2.03675 4.02695 22 974 41428 41427 1 0 0 3 
-0.0292392 5 -3.04008 -0.646535 -0.521516 0.000391645 3.91683 22 975 5299 5190 1 0.0781745 0.0781745 7 
5 4.18066 2.8929 -0.486989 -0.0935007 0.123365 3.91252 22 976 15127 15126 1 0.465281 0.465281 32 
5 2.65988 -3.64078 -0.458769 -0.195014 0.621928 3.8311 22 977 1940 1856 1 0.636493 0.636493 4 
-4.10352 5 -0.104245 -0.648605 -0.356878 0.14766 3.90879 22 978 7210 6776 1 0.00939202 0.00939202 4 
4.97582 2.3093 5 -0.449591 -0.160393 -0.182379 4.00492 22 979 23206 23205 1 0 0 1 
5 -0.0240243 3.95589 -0.327463 -0.212506 0.505191 3.87044 22 980 6000 5790 1 0.128761 0.128761 6 
-0.780748 -0.389123 5 -2.68321 0.672327 -2.21696 4.41333 22 981 4399 4396 1 0 0 2 
0.0449732 5 0.976966 -0.131984 -0.0786271 -0.0491289 3.91183 22 982 4807 4790 1 0.160932 0.160932 26 
4.42384 5 3.58327 -0.561587 -0.383778 0.29671 3.91701 22 983 5332 5331 1 0 0 4 
5 -3.47254 1.80573 -0.443862 -0.219171 -0.126768 3.90983 22 984 19088 19087 1 0.369469 0.369469 6 
5 1.95368 3.39698 -0.4507 -0.161559 -0.00438438 4.02702 22 985 8356 8337 1 0 0 3 
5 -4.07887 4.94023 -0.768668 -0.391416 1.12153 3.86535 22 986 2684 2594 1 0 0 1 
2.86754 5 3.43877 -3.26601 -1.81464 1.7188 3.92031 22 987 12022 11963 1 0 0 2 
-0.0270154 4.28056 -5 -0.406601 -0.220373 0.909813 3.82337 22 988 14074 13973 1 0 0 1 
-4.44846 4.96144 5 -0.307854 0.124719 -0.388318 4.25413 22 989 55008 55005 1 0 0 2 
5 2.48704 -3.42068 -0.165178 -0.0111534 0.034751 4.11141 22 990 7218 7198 1 0.168732 0.168732 33 
5 4.06313 -2.0353 -0.843986 -0.153022 0.123833 3.90438 22 991 6247 6008 1 0.440306 0.440306 3 
5 -2.36038 0.646886 -1.91659 -1.73956 -0.191611 3.91153 22 992 18824 18803 1 0.25607 0.25607 8 
5 3.24274 -1.34981 -0.0773834 -0.189413 0.156056 4.06382 22 993 5213 5212 1 0.286659 0.286659 30 
5 0.0194692 -4.63569 -0.0721425 -0.177983 0.153307 4.07774 22 994 4816 4815 1 0 0 4 
-1.63178 5 -1.15163 -0.015851 -0.243912 -0.0846223 3.99146 22 995 20142 20130 1 0.084633 0.084633 4 
4.06167 5 4.03337 -0.49354 -0.246397 0.285976 3.88978 22 996 14483 14397 1 0 0 2 
5 2.88508 -0.817744 -0.448971 -0.234146 -0.0687048 4.01761 22 997 4637 4633 1 0.416411 0.416411 21 
5 3.65117 -3.50327 -0.232634 -0.122937 0.971354 3.80844 22 998 1180 1 1 0.18122 0.18122 30 
-3.41767 5 -1.93423 -0.387197 -0.148789 -0.29843 4.059 22 999 24223 24187 1 0.291682 0.291682 32 
1.25979 2.32344 -5 0.404531 0.180328 0.254865 3.9334 22 1000 10674 10673 1 0 0 1 
