# Det10_4_16
#x y z Px Py Pz t PDGid EventID TrackID ParentID Weight Edep VisibleEdep Ntracks
-3.16639 -4.61132 -5 0.665921 0.306091 0.689857 3.91523 22 1 10381 10221 1 0 0 3 
2.37618 3.90647 -5 0.112801 -0.273089 0.384658 3.97202 22 2 5275 5124 1 0.0629741 0.0629741 30 
-3.79685 1.78291 -5 0.38418 -0.0533959 0.337962 3.91636 22 3 21533 21500 1 0.279836 0.279836 5 
-5 -0.956138 -3.60303 1.91494 -0.403052 0.775859 3.93928 22 4 1414 1291 1 0.287733 0.287733 20 
-5 2.10303 -1.4526 0.568705 -0.054506 0.0565665 3.98537 22 5 10464 10463 1 0 0 3 
-3.07905 -0.36979 -5 6.01471 -4.08396 9.73451 3.90037 22 6 13248 13203 1 0 0 3 
-5 -0.139298 3.08838 0.56016 -0.371305 -0.0281905 4.03812 22 7 9339 9272 1 0.391698 0.391698 5 
-5 -2.28881 -2.88271 0.252851 -0.0772629 0.155195 3.92918 22 8 25491 25074 1 0.157545 0.157545 46 
2.98565 5 3.51241 0.0286787 -0.186259 -0.173638 4.04185 22 9 18547 18432 1 0.372307 0.372307 28 
-5 2.47934 -2.86205 0.411189 0.0807122 -0.292454 4.19814 22 10 2835 2802 1 0 0 4 
-5 3.75782 2.35462 1.37643 -0.213117 1.57217 3.93172 22 11 12876 12661 1 0 0 2 
0.736455 -5 4.75012 0.217447 0.174805 -0.24005 4.03579 22 13 16253 16252 1 0 0 2 
-5 -3.6551 3.27664 0.19287 -0.17356 0.547805 3.9177 22 14 8427 6204 1 0.0295621 0.0295621 21 
-5 3.42527 -0.799664 0.444227 0.2163 -0.130371 4.03055 22 15 40150 40116 1 0 0 1 
2.19894 5 -1.53283 0.462985 -0.152006 -0.153816 4.14338 22 16 4641 4640 1 0.701655 0.701655 23 
-5 -4.50781 1.87956 0.376327 -0.0924442 -0.333094 4.23867 22 17 7859 7857 1 0 0 1 
-5 0.260237 1.11122 0.442639 -0.217088 0.282898 3.9675 22 18 9791 9707 1 0 0 4 
-3.60641 4.10173 -5 1.73482 -0.186882 1.5891 3.90063 22 19 34889 34805 1 0 0 1 
-5 -3.15541 2.20593 0.191299 -0.090115 -0.0278551 4.00645 22 20 2360 2299 1 0.212939 0.212939 21 
-5 4.17138 -2.43664 0.566747 -0.0606811 -0.144765 4.06698 22 21 17532 17502 1 0.39738 0.39738 3 
-5 2.98836 4.38367 0.944438 -0.370558 0.115859 4.04129 22 22 8716 8654 1 0 0 3 
-0.527523 5 -2.7853 0.244186 -0.446668 0.044505 4.04733 22 23 10620 10619 1 0.5106 0.5106 35 
-5 -3.23613 0.217313 0.340032 0.0443915 0.287919 4.0027 22 24 23044 23043 1 0 0 2 
-5 2.48883 4.57189 0.437723 0.0475817 -0.0204598 4.07674 22 25 5981 5954 1 0.677695 0.677695 55 
-5 4.06698 2.07467 2.14804 -0.144071 1.80728 3.93675 22 26 3379 3311 1 0 0 2 
4.80999 -3.42212 -5 0.536517 0.133454 0.288091 4.01568 22 27 29830 29753 1 0 0 1 
1.05974 5 -0.625847 0.368983 -0.352693 -0.0240666 4.03162 22 28 2705 2678 1 0 0 1 
-5 1.27664 -1.00978 8.13794 -2.22649 0.784879 4.00589 22 29 28293 28265 1 0.786367 0.786367 28 
-2.61982 5 -2.12791 0.604357 -0.190334 0.396057 3.96758 22 30 23474 23340 1 0 0 5 
-5 -2.51032 0.57927 0.449066 -0.11239 0.128572 4.16134 22 31 10740 10739 1 0.152045 0.152045 17 
-5 2.05097 2.71205 0.464104 -0.0867791 0.141338 4.01091 22 32 2768 2746 1 0 0 1 
-5 -3.82574 2.74903 0.419417 -0.178716 0.264037 3.98734 22 33 39909 39908 1 0.16487 0.16487 3 
3.22126 -1.69637 5 0.683611 -0.00574998 -0.230712 4.04282 22 34 34508 34478 1 0 0 2 
-5 0.390509 -2.09793 0.518946 0.0182904 -0.333921 4.04672 22 35 24009 23993 1 0 0 2 
-2.91121 -0.324783 5 0.676675 -0.0250469 -0.157243 4.07682 22 38 25412 25391 1 0.0581012 0.0581012 5 
-5 -4.0972 -1.16439 1.55584 -0.371709 1.29453 3.90742 22 39 8024 8000 1 1.47015 1.47015 33 
-4.57983 5 -0.354224 0.483614 -0.183628 -0.0472661 3.94837 22 41 17901 17585 1 0 0 3 
-5 -3.39241 -0.929418 0.212217 -0.216588 0.0720881 4.11297 22 42 4572 4571 1 0 0 1 
-5 -1.55236 -0.631816 1.22056 -0.662252 0.788937 3.93538 22 43 14042 13970 1 0 0 2 
-5 -0.154071 -0.753643 0.484286 -0.0190182 -0.161942 4.12704 22 45 1283 1282 1 0.350782 0.350782 26 
-3.60252 1.51217 5 0.490278 -0.189963 -0.516145 4.12729 22 46 1772 1742 1 0 0 3 
-4.21476 0.967894 -5 0.91591 0.027916 2.99506 3.88812 22 47 6452 6368 1 0.415466 0.415466 7 
-5 -0.234087 -4.83353 4.60824 -0.73772 0.827907 3.97519 22 48 13765 13764 1 0 0 3 
1.01672 -1.07953 -5 0.277475 -0.0979189 0.569202 3.88602 22 50 16930 1 1 0 0 3 
-5 1.75945 1.49409 4.29196 0.73925 0.513117 4.00213 22 51 46982 46944 1 0.916182 0.916182 3 
-2.39258 -0.751894 -5 2.21617 -0.225028 1.5666 3.94571 22 53 5339 5144 1 0 0 1 
-5 2.17105 0.162915 0.431099 0.180542 0.312017 4.03274 22 54 31720 31719 1 0.788804 0.788804 31 
-2.06843 -1.66139 -5 0.464021 0.0475538 0.472029 3.90933 22 55 36126 36031 1 0.459751 0.459751 29 
-3.65555 5 3.75437 0.303301 -0.166599 0.125171 3.97542 22 57 18864 18634 1 0 0 1 
-3.7991 1.79724 -5 2.76402 0.251925 3.06096 3.90441 22 58 3305 3264 1 0 0 2 
-5 -0.708279 4.54767 0.538274 -0.0598295 0.43337 3.95886 22 59 16409 15757 1 0 0 2 
-5 -0.76281 3.21586 0.450594 -0.0832086 0.226189 4.01385 22 60 22236 22213 1 0 0 1 
-3.27134 -1.40732 -5 2.12267 0.215444 2.09745 3.90744 22 61 18540 18482 1 0 0 1 
-5 -2.28727 -3.19327 1.88307 -0.0701781 2.74881 3.90075 22 62 13902 13783 1 2.72956 2.72956 13 
-5 2.01396 0.0129842 6.78169 -0.44801 5.83746 3.9317 22 63 11974 11944 1 0 0 2 
-5 3.1933 -3.67508 0.628889 0.250425 -0.566038 4.30189 22 64 24061 24060 1 0 0 2 
-5 -0.0364535 -3.3685 0.416404 -0.109606 0.377316 3.91606 22 65 24420 24308 1 0 0 4 
3.56559 -5 2.97142 -0.00143435 0.215035 -0.0566126 4.31253 22 66 2306 2305 1 0.441261 0.441261 29 
-5 1.43048 -2.0576 0.593707 -0.138388 0.37381 3.97697 22 67 19170 19169 1 0 0 2 
-5 4.6508 -4.99189 2.37196 0.197421 -0.394346 4.03451 22 68 30776 30699 1 0 0 3 
-5 -4.58419 3.83883 0.585657 -0.495051 0.134533 3.97887 22 69 14952 14475 1 0 0 3 
-0.681728 5 -4.398 0.235078 -0.398595 0.014683 3.95062 22 70 12330 12093 1 0.00108611 0.00108611 2 
0.172203 5 4.12069 -0.0479419 -0.330507 0.239042 4.0179 22 71 10079 10030 1 0 0 2 
-3.58053 3.05094 -5 1.27556 -0.0696821 1.85075 3.90971 22 72 1374 1249 1 0 0 1 
-0.359486 -4.94122 -5 1.52527 -0.529454 1.15173 3.93918 22 73 33520 33519 1 0 0 3 
-4.59226 5 1.7057 0.0387874 -0.18779 0.11698 4.06752 22 74 5509 5508 1 0 0 4 
-5 -0.17837 -3.59955 0.436864 -0.337193 -0.520638 4.07922 22 75 19678 19601 1 0 0 1 
0.45954 5 -3.1747 1.35855 -0.179163 -0.408596 4.07191 22 76 16996 16856 1 0.295606 0.295606 12 
3.31328 4.7968 -5 2.22956 -0.485928 2.43843 3.92758 22 77 7399 7229 1 0 0 4 
-5 -3.27885 3.09133 0.503857 0.304749 0.239692 4.00718 22 78 36896 36895 1 0 0 1 
1.68046 5 2.76097 0.240839 -0.283939 -0.031995 4.1204 22 80 3722 3721 1 0 0 4 
-1.14416 -2.39636 -5 0.683577 -0.248717 0.945738 3.92841 22 81 44849 44618 1 0 0 4 
-5 -1.09775 -0.296045 0.337916 -0.142921 -0.16998 4.03291 22 82 21619 21545 1 0.00669316 0.00669316 11 
-5 -3.86652 -3.4602 0.55652 -0.58744 -0.614414 4.14202 22 83 28567 28566 1 0 0 1 
0.922528 -3.29974 -5 0.171262 -0.0612041 0.2894 3.89364 22 84 4145 4072 1 0 0 3 
-5 -3.69936 4.49135 0.824375 -0.306029 1.63819 3.93357 22 85 24805 24803 1 0 0 2 
-5 4.68001 1.69864 0.289907 -0.105777 0.159908 4.0866 22 86 4862 4861 1 0 0 2 
-5 3.12985 1.28959 0.145557 0.117348 -0.136497 4.11767 22 87 13961 13950 1 0 0 1 
-1.95015 1.22197 5 0.0312687 0.0301459 -0.262294 4.13395 22 88 4988 3441 1 0.382441 0.382441 31 
-5 -2.40013 2.60992 0.418468 -0.0131793 0.184568 3.99184 22 90 2531 2530 1 0 0 2 
1.28731 3.4064 -5 0.653353 -0.0294425 0.684724 3.9027 22 91 8357 8143 1 0.761412 0.761412 51 
-1.27871 -3.65364 -5 2.34528 -1.15768 4.77609 3.893 22 94 23214 23083 1 0 0 4 
-4.40587 -3.54341 -5 0.0193239 0.315631 0.307476 3.9202 22 95 54819 45755 1 0 0 1 
-5 2.76891 -2.96167 0.453564 0.022857 0.360801 3.92477 22 96 30535 29583 1 0.282785 0.282785 3 
-5 -1.60451 -0.682034 0.145175 -0.0169296 0.289399 3.95527 22 97 30255 27735 1 0 0 1 
-5 -3.63993 1.47122 0.556723 -0.22233 0.497949 3.93829 22 98 43862 43859 1 0 0 2 
0.331682 -2.59061 5 0.0797752 0.0449573 -0.209828 4.19646 22 99 11327 11124 1 1.83571 1.83571 57 
-5 4.64174 -1.4749 2.91473 -1.0124 0.292918 4.00222 22 101 31127 31126 1 1.94327 1.94327 3 
-1.79715 -3.29476 -5 0.430212 -0.219105 0.643527 3.90445 22 102 12179 12177 1 0 0 4 
-5 4.23455 3.24664 0.24493 -0.0682087 -0.115758 4.01876 22 103 17535 17298 1 0.132467 0.132467 3 
-4.94583 5 -1.15921 0.0466584 -0.423935 -0.281464 4.19977 22 105 15187 15186 1 0.256633 0.256633 21 
4.39766 5 4.31945 0.362717 -0.319128 -0.166474 4.11947 22 106 20903 20902 1 0 0 1 
-0.390299 5 -1.38489 0.880092 -0.0450458 1.10843 3.91144 22 107 11514 11477 1 0 0 1 
-5 -4.89601 -4.81019 0.50898 -0.00542464 -0.0450482 4.02985 22 109 20557 20555 1 0 0 4 
-5 -0.945327 1.46205 0.216542 -0.211017 -0.15412 4.02165 22 110 44829 44589 1 0 0 1 
2.44023 -4.53866 -5 0.505602 -0.140472 0.463018 3.98258 22 111 1467 1447 1 0.220456 0.220456 24 
-5 4.67535 -0.472475 5.18667 -8.305 -6.38393 4.21372 22 113 12771 12704 1 0 0 2 
-5 1.88992 -0.815357 4.89521 -0.579057 11.0081 3.89949 22 115 34113 34033 1 0 0 1 
-0.304003 -5 0.178225 0.313819 0.124875 0.398281 3.96053 22 117 9775 9714 1 0 0 3 
3.05357 2.02717 -5 1.40088 -0.278328 1.14883 3.9242 22 118 12272 12220 1 0.698903 0.698903 32 
-5 1.91382 2.47323 0.431631 0.101227 -0.0911943 4.107 22 119 24219 24214 1 0 0 1 
-1.75923 -0.0176824 -5 4.74612 -0.093427 4.56809 3.91517 22 120 11345 11311 1 0.891381 0.891381 4 
2.97466 0.321756 -5 0.0441933 0.00777862 0.24104 4.09774 22 121 17734 17732 1 0 0 1 
-2.46171 4.72781 5 0.375033 -0.0226512 -0.187655 4.13333 22 122 3049 3035 1 0.131256 0.131256 4 
-5 -1.19071 1.18056 0.295081 -0.197744 -0.0418335 4.19913 22 123 14231 14141 1 0 0 5 
-5 3.0001 -3.74953 0.476609 -0.0818402 -0.165125 4.15623 22 124 33840 33812 1 0.0904787 0.0904787 2 
3.39985 1.85622 -5 1.0992 -0.19992 1.07399 3.9277 22 125 48803 48753 1 0 0 1 
3.25128 -1.55047 5 0.615229 -0.383443 -0.430768 4.1241 22 126 25853 25828 1 0 0 1 
2.1249 -5 2.86876 0.369863 0.33092 -0.121708 4.16187 22 128 13563 13562 1 0.265453 0.265453 25 
-5 0.537465 2.13854 0.77679 -0.0693763 0.186678 3.97197 22 129 30170 30104 1 0 0 4 
-5 -3.3194 2.53762 0.344767 -0.138159 0.0975297 4.01331 22 131 10719 10265 1 0.383753 0.383753 18 
-5 2.5806 -1.07489 0.770754 0.0117089 0.571867 3.94046 22 132 25935 25878 1 0 0 2 
-5 -3.65115 -0.302007 0.698172 -0.0839418 0.295716 3.97673 22 133 10698 10678 1 0 0 1 
1.97689 5 -0.865135 0.725688 -0.131066 1.06556 3.91739 22 134 18075 17813 1 2.12763 2.12763 20 
-1.80666 -3.379 -5 0.806963 -0.295776 1.46381 3.897 22 135 4461 3920 1 0.277112 0.277112 45 
-5 -1.05229 1.79673 0.529078 -0.111858 0.187221 3.96193 22 136 24190 23784 1 0 0 1 
-5 -3.87725 -2.06852 0.140874 -0.449389 0.920404 3.92557 22 137 9304 9285 1 0.0292526 0.0292526 13 
-5 -1.37048 2.96438 1.69186 -0.332424 1.45176 3.93837 22 138 3235 3062 1 0 0 3 
-5 -1.19787 -3.56479 1.74346 -0.436089 0.624271 3.9983 22 139 16630 16525 1 0 0 1 
-5 -0.713536 0.142947 0.759206 -0.0503014 0.0278617 4.01507 22 140 2400 2328 1 0 0 2 
1.19195 5 -4.74572 0.450114 -0.440414 0.350876 3.95744 11 142 22295 22265 1 0.0307272 0.0307272 1 
-5 -4.62947 4.61258 0.400683 -0.0928714 -0.188836 4.14773 22 143 9875 9872 1 0 0 1 
-1.0106 3.72297 -5 0.683196 -0.0906916 1.00506 3.88787 22 144 4374 4254 1 0.453165 0.453165 9 
-1.74672 -4.78407 5 0.148166 0.0804145 -0.197988 4.15777 22 146 22757 22756 1 0 0 1 
-3.74261 -3.97458 -5 3.64725 -1.06873 7.38847 3.89891 22 147 15734 15619 1 0 0 2 
-5 -2.2451 -4.92299 0.476957 0.00188335 -0.183382 4.09443 22 148 13180 13178 1 0 0 1 
-5 -1.57707 -4.43419 0.454144 -0.102673 0.210551 3.94883 22 149 10918 10917 1 0.319092 0.319092 10 
2.40813 -0.43966 -5 3.49513 -1.21346 3.02034 3.92366 22 151 11919 11899 1 1.68623 1.68623 36 
-5 0.322155 2.9648 0.520566 -0.0458561 0.358253 3.96686 22 152 33922 33920 1 0 0 2 
-2.69407 2.25375 5 0.288171 0.158445 -0.391117 4.12735 22 153 18460 18459 1 0.511488 0.511488 4 
0.879101 5 -2.19254 0.338246 -0.141627 0.0172266 4.06911 22 154 22521 22520 1 0.254551 0.254551 2 
-4.01604 -1.36922 -5 0.400405 -0.113127 0.144533 3.96547 22 155 10125 8194 1 1.03784 1.03784 50 
-5 -0.0983819 -3.30213 0.220589 -0.0507325 -0.0716125 4.02616 22 157 2668 2667 1 0.236898 0.236898 35 
2.43881 -2.15129 -5 1.60692 -0.721212 0.277471 3.9805 22 158 4832 4830 1 0 0 1 
0.438751 5 3.46892 13.1596 -31.4729 25.4472 15.7689 2112 160 34652 34490 1 0.548308 0.548308 20 
-5 -2.30912 2.36659 0.553793 0.117281 -0.506683 4.23817 22 162 12402 12351 1 0.0204652 0.0204652 2 
-1.21731 5 -0.838928 4.27324 -0.219993 3.23351 3.95226 22 164 15829 15748 1 0 0 2 
-5 0.256746 -1.98233 0.385394 -0.0214543 -0.10418 3.91873 22 165 1180 1 1 0 0 2 
-5 -0.21716 4.13896 0.137564 -0.314062 0.244601 3.98252 22 166 17900 17830 1 0.0441625 0.0441625 4 
-5 -1.78604 1.02866 0.487149 0.0569501 0.143395 3.96629 22 167 36972 36971 1 0 0 2 
-5 3.19132 -2.38884 0.29543 0.0731772 -0.0983499 4.21379 22 168 23041 23021 1 0.319597 0.319597 20 
-5 -3.09519 0.3906 0.921557 -0.144523 0.0021474 4.03218 22 169 5945 5921 1 0.222117 0.222117 36 
-5 -4.0931 3.24724 0.497611 0.0511438 -0.104342 4.07378 22 171 10441 10427 1 0 0 6 
-5 -2.44805 -4.88785 0.220195 -0.0799396 0.387073 3.91368 22 174 37744 37536 1 0 0 1 
3.38734 5 1.01996 0.176126 -0.109278 -0.0442981 4.20168 22 175 4743 4742 1 0 0 3 
0.0137357 2.0161 -5 3.4016 -0.228787 2.49689 3.94079 22 176 7164 7104 1 0 0 1 
-5 -2.78127 -1.00022 0.675114 -0.24072 0.316731 3.96012 22 177 23231 23032 1 0 0 2 
-5 -0.206837 4.57988 0.498115 0.0395925 0.106928 4.00819 22 178 25153 25151 1 0.755003 0.755003 37 
-4.65605 3.94252 -5 0.210899 -0.0401238 0.396077 3.90328 22 179 10393 10181 1 2.63193 2.63193 4 
-5 0.374311 -1.00152 0.307336 0.107789 -0.219698 4.10983 22 180 24821 24780 1 0 0 1 
-4.74416 5 -2.61403 0.484324 -0.146327 0.0716852 3.95035 22 181 3056 3031 1 0.04831 0.04831 5 
4.8724 -5 -0.763838 5.37994 1.30064 2.04924 3.96124 22 182 3744 3561 1 4.6145 4.6145 18 
-5 -0.101768 -1.63224 0.182436 0.0241853 0.207719 3.97873 22 183 33950 33949 1 0.276735 0.276735 48 
-5 3.44836 -1.34247 0.623264 0.048404 0.78831 3.92508 22 184 19108 19041 1 0.208649 0.208649 6 
-0.883828 0.73438 -5 0.157919 -0.0770173 0.380223 3.98661 22 185 33785 33680 1 1.08175 1.08175 41 
4.45252 4.30759 -5 0.485703 -0.138218 0.25986 3.94833 22 186 14754 14753 1 0 0 2 
-4.92219 -3.39781 5 0.369171 0.0994097 -0.339043 4.14345 22 187 44034 44033 1 0 0 1 
3.29223 -4.24627 -5 -0.0850132 0.15701 0.180344 3.99443 22 188 8350 8284 1 0 0 1 
-0.500497 2.21257 -5 0.0285976 0.0558135 0.521692 3.91094 22 189 29396 28773 1 1.99095 1.99095 5 
1.96021 2.77523 -5 7.88868 9.17091 9.0027 3.89056 -11 190 17143 17142 1 1.65311 1.65311 58 
-4.99277 2.18172 -5 0.279556 -0.128517 0.327604 3.95019 22 192 31022 30998 1 0 0 1 
-5 4.78643 4.80013 0.382152 -0.0805858 0.329523 3.96602 22 193 45185 45156 1 0 0 1 
-5 1.3714 -1.14535 0.110574 0.362045 -0.30382 4.19102 22 194 7738 7736 1 0 0 3 
0.291146 -0.0648706 -5 0.117087 -0.102129 0.229651 3.93756 22 195 3498 3457 1 0.276919 0.276919 21 
2.53434 -4.61571 -5 6.20259 -3.21155 5.61688 3.93236 22 196 21314 21257 1 0.213618 0.213618 4 
-2.85077 -1.58448 -5 0.369187 -0.147451 0.0624753 3.9837 22 197 8260 7464 1 0 0 2 
-0.224232 3.62776 5 0.118518 -0.21626 -0.0809028 3.96296 22 199 35358 35025 1 0.259117 0.259117 30 
-5 -2.7846 -4.24363 0.261945 -0.0642408 -0.143151 4.08099 22 200 2712 2460 1 3.04208 3.04208 34 
3.96332 3.30778 -5 0.452192 -0.0466187 0.233385 4.02328 22 203 38621 38598 1 0 0 1 
-5 -2.23553 -0.335879 0.286245 0.0205521 -0.0420711 3.98531 22 204 6771 6697 1 0.289559 0.289559 28 
-5 -3.74198 3.92259 0.566738 -0.36552 0.316362 3.94501 22 205 6559 6205 1 0 0 2 
2.70681 -1.26705 5 0.315958 0.0859912 -0.256124 4.01487 22 208 5015 4979 1 0.415445 0.415445 25 
0.431015 3.56126 -5 1.38589 -0.19168 1.31962 3.93696 22 209 34839 34326 1 0 0 1 
-5 -3.71427 -2.07824 2.73546 -1.25772 1.04681 3.94528 22 210 43169 43088 1 0 0 1 
-5 -2.26072 -1.90899 0.128487 0.480147 0.118617 3.93366 22 211 12671 12632 1 0.00357563 0.00357563 5 
2.99988 2.80364 -5 0.413149 0.0213695 0.299951 3.94124 22 212 29701 29665 1 0 0 2 
-5 3.14984 1.54783 0.529437 0.0891469 -0.0178519 3.97819 22 216 19727 19472 1 0 0 3 
-5 3.96748 -0.718632 4.09236 -0.587179 4.75211 3.91488 22 217 4110 3996 1 0 0 2 
-5 4.84193 2.31874 0.226607 0.440281 0.212629 3.99338 22 218 1276 1 1 0.510895 0.510895 9 
-5 0.607802 1.02119 2.60579 -0.45063 1.96519 3.95411 22 219 25398 25334 1 0 0 4 
-1.69678 -0.223339 -5 1.6609 -0.342075 2.59181 3.90015 22 220 49633 49306 1 2.85739 2.85739 30 
4.09044 3.35317 5 1.39979 -0.647893 -1.59195 4.22482 22 221 18913 18912 1 0 0 3 
-5 3.37947 4.81035 1.42714 -0.180937 0.788249 3.98036 22 222 32065 32064 1 0 0 1 
-5 -2.48191 -2.27668 3.24617 -0.326047 0.731953 3.94305 -11 224 17354 17353 1 1.87953 1.87953 5 
2.58686 -2.57464 5 0.457296 -0.128839 -0.188151 4.12558 22 226 34135 34119 1 0 0 3 
-0.102774 -4.74616 -5 5.29111 -0.0503598 6.52531 3.89906 22 227 1342 1 1 0 0 3 
-3.79832 4.45158 -5 1.27548 -0.505085 1.4991 3.92349 22 228 32576 32526 1 0 0 1 
3.12936 -0.82253 -5 0.202598 -0.0577333 0.390556 3.91221 22 229 26766 26734 1 0 0 2 
-5 3.01095 4.66166 0.437174 -0.0610759 0.130678 3.9707 22 230 37603 37531 1 0 0 1 
-5 0.698557 -0.0121099 0.475567 0.0312179 0.212554 3.96621 22 231 3737 1311 1 0.177871 0.177871 3 
1.47339 5 -1.60952 -0.497742 0.790602 0.426635 3.90623 11 233 6955 6950 1 0.328153 0.328153 4 
1.12183 -3.45058 -5 0.486562 -0.390039 0.667542 3.97807 22 234 40552 40551 1 0.114112 0.114112 32 
1.9789 -2.0661 -5 -0.0803414 0.16622 0.386885 3.94443 22 235 17779 17195 1 0 0 2 
-0.563298 -3.10478 -5 0.105839 -0.405086 0.0613237 3.9209 22 237 15146 15106 1 0 0 4 
-5 0.268239 -0.0855797 0.490049 -0.0524205 0.515554 3.9316 22 238 3304 1808 1 0 0 1 
-5 1.56394 3.44733 0.281605 -0.0394738 -0.424571 4.04183 22 239 6438 6437 1 0.0716735 0.0716735 4 
-5 -4.90022 3.2079 0.374584 -0.28092 0.204672 4.00536 22 241 41913 41889 1 0 0 2 
-5 1.74587 1.20402 0.42456 -0.137743 0.24802 3.95343 22 242 48804 47383 1 0 0 4 
-5 -1.43877 -3.52475 0.421516 -0.0507971 -0.284365 4.18348 22 246 1375 1355 1 0.198141 0.198141 25 
1.59045 5 -3.67477 0.668891 -0.8809 0.467548 4.04598 22 247 19058 19005 1 0.987634 0.987634 2 
-5 2.54118 4.64073 0.242244 0.0141956 0.175894 3.97676 22 248 4869 4847 1 0 0 2 
3.27899 5 4.09975 0.378404 -0.190195 -0.0531288 4.17078 22 249 17400 17399 1 0 0 3 
-5 -0.145683 4.80387 1.81353 0.182816 2.63893 3.92616 22 250 13742 13616 1 0 0 2 
-5 3.94853 -0.709715 0.304058 0.053977 0.343152 3.98255 22 251 18576 18575 1 0.230207 0.230207 24 
-5 0.831803 4.07341 0.368408 0.00723497 0.180941 3.96749 22 252 13743 13741 1 0 0 1 
4.54034 0.952357 -5 0.326948 0.228235 0.106354 4.16405 22 253 8954 8953 1 0 0 5 
-5 4.34538 -1.39151 0.50392 -0.0665844 -0.0524551 4.01432 22 254 34130 34100 1 0 0 1 
-5 -1.60245 -4.85299 0.437055 -0.0478534 0.361386 3.92277 22 255 31550 31537 1 0 0 1 
-5 -1.534 1.12089 2.02132 -0.370116 -0.644787 4.09319 22 256 4585 4584 1 0 0 3 
-5 -2.41553 0.352668 0.530782 0.0518788 -0.337023 4.14425 22 257 2583 2528 1 1.06845 1.06845 8 
-5 -1.78605 1.69711 0.710444 -0.244649 0.827366 3.94465 22 258 12055 11900 1 0.119873 0.119873 4 
-5 -1.91234 0.330287 1.27499 -0.318215 2.30182 3.89982 22 260 8414 5592 1 0.339814 0.339814 24 
-5 1.36946 -1.84074 0.903238 -0.270265 0.484437 3.96076 22 261 5999 5879 1 0 0 4 
-5 3.56115 3.1786 0.625584 -0.0126228 1.39773 3.90996 22 262 19437 14257 1 0 0 3 
-4.04624 -2.96205 5 1.6396 -1.95765 -0.419605 4.10238 22 263 34651 34421 1 0 0 1 
-3.42272 5 -1.06823 0.470781 -0.197149 0.0248483 4.02002 22 264 14720 14703 1 6.39568 6.39568 13 
-5 2.20925 -1.09972 0.206981 -0.0829934 -0.459773 4.0861 22 265 10601 10600 1 0 0 2 
-4.0901 1.96035 -5 0.963411 -0.211247 1.80673 3.8972 22 266 24688 24532 1 0 0 1 
-5 -3.21591 -1.14947 0.48669 -0.109363 0.11087 3.98892 22 267 3316 3315 1 0.0110967 0.0110967 4 
2.91184 -4.22348 5 0.371986 -0.091011 -0.239712 4.08476 22 268 40943 40543 1 0 0 1 
1.16346 -5 -0.850214 0.238265 0.181832 0.372144 3.97289 22 269 2873 2716 1 0 0 3 
-5 4.87689 2.90408 0.478614 -0.0130373 0.309356 4.00283 22 270 13651 13507 1 0 0 2 
-5 -0.792369 -0.389449 0.391552 0.0386394 0.326058 3.95383 22 271 10785 10767 1 0 0 1 
-5 -0.976472 -3.70294 0.344377 -0.377086 -0.018192 4.04447 22 272 17800 17796 1 0 0 3 
-5 1.32261 4.93659 0.27033 0.127512 0.0885457 4.05945 22 273 17276 16995 1 0 0 1 
-5 0.481468 0.721672 0.45728 -0.119089 -0.0527548 4.06654 22 274 3311 3243 1 0 0 3 
0.343827 5 -2.16812 0.413504 -0.0650777 0.0105596 3.96876 22 275 1770 1742 1 0.233737 0.233737 4 
-5 -4.65892 -0.0937499 0.820852 -0.0848599 -0.0757218 4.02555 22 276 10924 10921 1 0.670441 0.670441 3 
-5 2.1147 -4.26342 0.842683 0.00441557 0.140584 3.93732 22 277 5623 5188 1 4.73275 4.73275 8 
-5 -0.431438 4.85029 0.318118 0.0536847 0.428135 3.93896 22 278 12422 12244 1 0 0 1 
-5 2.01251 1.17435 0.332168 0.372816 0.108593 3.99527 22 279 10025 10024 1 0.610731 0.610731 6 
-0.722524 3.43962 -5 1.3868 0.000673751 1.03941 3.94329 22 280 3316 3308 1 0.588481 0.588481 26 
-5 -2.71279 -2.16113 0.553919 0.385938 -0.00489137 4.03926 22 281 39223 39222 1 0.186027 0.186027 22 
-5 1.38296 -0.351308 0.414651 -0.17602 0.117823 4.00667 22 282 5077 5076 1 0 0 3 
-5 0.655283 1.76711 0.35638 -0.182453 0.0816155 4.07707 22 283 10361 10360 1 0.408294 0.408294 20 
1.45493 3.40819 -5 1.85901 -0.27217 0.755981 3.95903 22 285 40478 40435 1 0.0393518 0.0393518 7 
-3.72729 -5 4.90011 0.751559 0.496865 0.3176 3.97592 22 287 11723 11615 1 0 0 1 
-5 -1.0298 -0.0765506 0.321851 -0.10397 -0.141367 3.98743 22 288 3210 3092 1 0 0 2 
-2.00611 -2.52422 -5 1.10678 0.0891066 1.01369 3.9033 22 289 22872 22597 1 0 0 3 
-5 3.82576 1.48459 2.33422 -0.0709019 3.89688 3.92044 22 290 16526 16414 1 0 0 2 
-5 3.19322 -1.73328 0.405366 -0.141422 -0.277124 4.09846 22 291 7048 7047 1 0 0 2 
-5 2.06193 -1.38202 3.03576 -1.3687 2.08307 3.91585 22 293 23176 23133 1 0 0 2 
3.61862 -3.97037 5 0.491983 -0.129761 -0.0472707 4.12047 22 294 23010 23009 1 0 0 1 
4.66847 5 2.30052 2.21422 -0.0729316 3.44999 3.92863 22 295 4490 4285 1 0 0 3 
-5 4.50427 4.85227 0.139753 -0.0257504 0.32032 3.9206 22 296 4229 4228 1 0 0 5 
-5 3.7169 3.8349 0.500364 -0.0749734 -0.0716602 4.10017 22 297 15307 15306 1 0 0 3 
-2.11243 2.25665 5 0.283967 0.00834149 -0.20952 4.04499 22 298 5558 1 1 0.339014 0.339014 4 
-1.51671 5 4.75704 0.0917781 -0.230234 -0.100859 4.10723 22 299 1382 1381 1 0.267177 0.267177 26 
-5 0.0416338 -0.378462 0.873467 0.467505 0.841152 3.91508 22 300 12202 12166 1 0 0 2 
-3.40813 -1.87763 -5 0.362437 -0.295574 0.157229 4.00497 22 301 5432 5379 1 11.3809 11.3809 38 
3.46754 5 0.381157 0.729153 -0.15268 0.687234 3.9306 22 302 45877 45809 1 0 0 4 
3.95999 0.447415 -5 1.01466 -0.102548 0.764327 3.96933 22 303 19668 19518 1 0 0 3 
2.8393 -4.08168 5 0.0124354 -0.00476809 -0.0308798 4.19083 22 304 8319 8314 1 0.0334535 0.0334535 12 
-5 -1.58195 0.694539 0.195494 -0.0391654 -0.180442 3.96404 22 305 34528 34508 1 0 0 1 
0.716317 -1.60953 -5 0.926782 -0.323302 1.46338 3.89909 22 306 3629 2755 1 0.000653943 0.000653943 6 
-5 1.62637 -0.952768 0.412868 0.0297703 0.117841 4.03084 22 307 28502 28500 1 0 0 4 
-5 3.1429 -1.8192 0.435251 -0.0803896 -0.0747376 4.16091 22 309 35119 35118 1 0.0293023 0.0293023 2 
-0.596561 -5 -1.97117 0.435795 0.215426 0.431132 3.9585 22 310 14436 14307 1 0 0 2 
2.97985 -2.7458 -5 3.95548 -0.651443 2.00036 3.94255 22 311 5804 5730 1 0.173979 0.173979 41 
-4.58445 -3.34261 -5 1.72184 -0.688807 0.611925 3.93899 22 312 24330 24244 1 0.241808 0.241808 11 
-5 -0.0231353 1.59812 0.658329 -0.389475 -0.027896 4.12216 22 313 2856 2830 1 0.503902 0.503902 28 
-5 1.02572 -1.0588 0.460888 0.0699542 -0.0263112 3.99283 22 314 13648 13645 1 0.164613 0.164613 2 
-5 4.09342 1.61481 0.659968 -0.149951 0.468084 3.95895 22 315 4654 4280 1 0 0 2 
-0.0510995 5 3.98859 3.74283 -3.4168 3.41199 3.94916 22 316 20258 20067 1 0.601229 0.601229 28 
-4.88037 5 -3.04099 10.5349 -4.92879 3.10417 3.96357 22 317 36625 36610 1 0 0 2 
3.42183 -5 0.236176 0.0860404 0.16602 -0.169817 4.10675 22 318 2035 2031 1 0.355843 0.355843 21 
-3.87717 2.73562 -5 0.606789 -0.0546261 1.10761 3.88793 22 319 1149 1 1 0.0699834 0.0699834 6 
-5 -3.92199 4.57177 0.265641 -0.0982997 0.0876047 4.0399 22 320 22419 22418 1 0 0 2 
-3.68514 -4.11455 -5 0.105666 0.0100836 0.377591 3.91792 22 322 31028 31027 1 0 0 3 
-5 -0.489107 -3.50214 1.47507 -0.327462 0.533449 3.98008 22 323 15829 15802 1 0 0 2 
-5 -4.14117 -2.32272 0.434604 -0.179166 0.0502877 4.00498 22 324 14023 13984 1 0.135449 0.135449 3 
-5 -3.78394 4.00224 0.550689 -0.0466296 -0.0106462 4.03277 22 325 6932 6851 1 1.27701 1.27701 5 
-4.47001 0.14523 -5 0.580961 -0.168536 0.751564 3.90894 22 326 1492 1275 1 0 0 2 
-5 1.50763 1.59535 0.704036 0.499683 -0.0702425 4.03982 22 327 33961 33916 1 0 0 3 
-5 -1.87037 4.06549 2.11441 -1.72269 -1.72526 4.18961 22 328 1734 1667 1 0 0 2 
-5 1.25103 4.18491 0.433471 -0.101446 0.250861 3.97226 22 329 5790 5789 1 0.313273 0.313273 27 
-5 0.233895 2.37621 0.949651 -0.379866 0.0601148 4.03199 22 330 8208 8100 1 0.731624 0.731624 3 
1.81206 -3.13712 -5 0.397269 0.230417 0.270849 3.95471 22 331 3784 3731 1 0.184888 0.184888 21 
-5 -3.62979 -2.32208 0.24618 -0.158361 0.169262 3.93913 22 332 40145 40116 1 0 0 2 
-5 -0.487421 -3.4971 0.431107 -0.0606177 0.267568 3.95656 22 333 9148 9116 1 0 0 2 
-5 -4.45121 1.97185 1.5894 -0.960303 2.08125 3.92343 22 334 57280 57118 1 0 0 1 
-5 -4.06007 -0.913635 0.204382 -0.188651 0.162143 3.94704 22 335 25266 25203 1 0 0 1 
-5 0.775845 -0.112226 0.362126 -0.210298 0.187853 3.97864 22 336 7962 7930 1 0 0 4 
-5 4.98641 -0.0130285 0.965873 -0.297092 0.830026 3.9483 22 338 36833 36799 1 0 0 2 
-5 -0.466522 4.95337 0.424262 -0.0597304 0.278486 4.01002 22 339 11131 11109 1 0 0 1 
-5 2.24052 4.5272 0.954679 -0.631209 0.811141 3.97165 22 340 29629 29521 1 0.100702 0.100702 2 
-0.14746 5 -2.62265 0.299194 -0.132476 -0.143947 4.08553 22 341 12142 12141 1 0.0711349 0.0711349 4 
-5 1.91829 2.52303 0.171038 -0.149095 -0.0881833 4.04092 22 342 24558 24472 1 0.0311716 0.0311716 3 
-5 3.97927 3.06001 0.397149 0.0769764 -0.312197 4.11151 22 343 2959 2957 1 0 0 3 
-5 -0.951477 -1.94951 0.126113 -0.274852 -0.0206984 3.99346 22 344 14576 14575 1 0 0 3 
-0.397072 -5 -1.56162 0.0839545 0.594487 -0.254246 4.04307 22 345 14884 14879 1 0 0 5 
-2.51283 5 -0.929379 0.0794271 -0.324054 0.380365 3.98449 22 346 11585 11582 1 0 0 3 
0.358981 0.709036 -5 0.398081 -0.0470602 0.316917 3.99485 22 347 23967 23934 1 0.314865 0.314865 23 
-5 -0.440117 1.78071 0.503694 -0.00951493 0.0855663 4.06193 22 348 9687 9686 1 0 0 4 
4.03967 3.95735 -5 0.389104 -0.23462 0.233819 4.02305 22 349 1705 1704 1 0 0 1 
-5 -3.01493 -0.134921 0.486757 -0.0953616 0.104975 4.00451 22 350 4188 4121 1 0 0 3 
-1.15959 3.31431 -5 0.195082 -0.193351 0.212735 3.95071 22 351 4699 4434 1 0.346933 0.346933 30 
-5 4.19938 -3.88352 0.609782 0.153589 0.108974 3.93859 22 352 49120 48821 1 0 0 2 
-5 -4.49457 4.36651 1.1604 0.281452 1.87903 3.94157 22 353 39492 39467 1 0 0 1 
-4.6781 5 2.41696 0.0542591 -0.101356 -0.231899 3.94337 22 354 3811 3609 1 0 0 3 
-5 -1.91504 1.74544 0.344976 -0.00952027 -0.121744 4.06811 22 355 4795 4794 1 0.365774 0.365774 10 
-5 -1.93449 -0.385472 0.41338 -0.123116 0.30993 3.93264 22 357 2230 2113 1 0 0 4 
0.479811 -0.997844 5 0.161201 0.168205 -0.454798 4.0633 22 358 15114 15111 1 0.425789 0.425789 15 
3.37364 5 1.25164 0.428114 -0.085302 -0.00686097 4.06276 22 359 22169 21809 1 0 0 1 
3.57205 0.829538 5 0.901554 -0.179108 -0.194687 4.1227 22 360 3147 3106 1 0 0 3 
-5 -2.60604 -3.48814 0.560266 -0.274935 0.206901 4.01693 22 361 15080 15045 1 0 0 3 
1.28502 -1.8017 5 0.303487 0.0623566 -0.210778 4.10888 22 362 9342 9178 1 0 0 3 
-5 -1.78597 4.88135 0.416215 -0.100936 0.0621671 4.0185 22 363 1611 1610 1 0 0 2 
-5 -3.81834 3.82082 0.271528 -0.170768 0.0239811 4.06646 22 364 9178 9177 1 0 0 1 
0.0993495 3.69916 5 0.270368 -0.0441808 -0.126776 4.16221 22 365 12241 12001 1 0.0177685 0.0177685 2 
-5 -3.30321 -3.36198 0.495815 -0.24137 -0.111564 4.02099 22 366 10517 10336 1 1.00839 1.00839 13 
-0.89114 -4.16922 -5 0.211308 0.0438835 0.169787 3.96605 22 367 27601 27600 1 0 0 2 
-5 -2.28872 -2.30923 0.276869 -0.0213816 0.181525 3.99839 22 368 30663 30543 1 0 0 1 
-5 0.199907 3.43658 0.906952 0.0742799 -0.328741 4.0938 22 369 3597 3567 1 2.07197 2.07197 17 
-5 4.0722 0.336415 8.15828 0.317424 3.6487 3.9338 22 370 13161 13160 1 0 0 9 
-2.39277 5 2.76678 -0.194764 -0.108659 0.0302395 3.95592 22 371 7918 7898 1 0 0 3 
-0.533742 -4.31671 -5 0.389444 0.0500632 0.364418 3.94286 22 373 28872 28633 1 0.244588 0.244588 18 
-5 -3.7206 3.78877 0.583151 -0.275633 0.250498 3.97542 22 374 12427 12426 1 0.16128 0.16128 33 
-5 1.39069 -1.45489 0.482644 0.0986948 -0.135771 4.01566 22 375 46771 46745 1 0 0 1 
4.13835 -2.34758 -5 0.601539 -0.0485571 1.04789 3.90741 22 376 1086 1 1 0.0351946 0.0351946 3 
-5 -4.19142 -3.67591 0.387859 0.144495 -0.149061 3.95984 22 377 11469 11135 1 0 0 1 
4.98359 5 -1.47487 0.126876 -0.262801 0.179335 3.98151 22 378 20802 20119 1 0 0 6 
-5 -0.68924 -2.83734 0.256214 -0.07792 -0.0299786 4.02169 22 379 4834 4765 1 0 0 3 
-5 -1.88561 -4.44618 1.01169 0.172325 -0.0543343 3.95053 22 380 9717 9649 1 0 0 5 
-5 4.32893 -0.988029 0.318977 0.015716 0.0474963 4.09899 22 381 39623 39589 1 0.114401 0.114401 2 
-5 4.37998 2.75006 0.524527 -0.0756802 -0.0533393 4.04611 22 382 8710 8577 1 0.50193 0.50193 29 
-5 -2.26751 -1.71488 0.383297 0.875079 -1.3486 3.90253 11 383 8403 8335 1 0.17678 0.17678 3 
-5 -2.48571 -3.13597 0.499936 -0.0335209 -0.101878 3.94274 22 387 16000 15175 1 1.86809 1.86809 6 
2.54965 1.47175 -5 0.38617 -0.0713728 0.1801 3.98404 22 388 23883 23854 1 0 0 3 
-5 -1.92789 -4.58843 0.560405 -0.0354868 0.565314 3.92791 22 389 59499 59266 1 0 0 1 
-5 -0.91534 1.23373 0.50538 -0.0508642 0.0558905 4.01485 22 390 1799 1796 1 0 0 2 
3.31389 5 4.12746 0.324674 -0.112249 -0.0497853 4.13556 22 391 5738 5736 1 0.741465 0.741465 30 
-5 1.56713 1.625 3.12076 -1.13384 1.1991 4.00454 22 393 9088 9087 1 0.0248952 0.0248952 8 
-5 1.96791 -2.42188 0.525104 0.251636 0.148886 4.00272 22 394 2886 2772 1 0 0 2 
-5 -0.747714 -4.47549 0.93026 -0.532013 -0.445014 4.1293 22 395 33577 33576 1 0 0 1 
-0.436739 -1.36443 -5 0.0205691 0.011545 0.02397 3.95577 22 396 18031 18023 1 0.370074 0.370074 34 
-3.80346 3.72619 -5 0.414723 -0.112438 0.429022 3.90458 22 401 41184 41149 1 0 0 1 
-0.622447 5 3.45296 0.277331 -0.42779 0.439404 3.98383 22 402 22463 22348 1 0 0 3 
-5 -0.22889 -1.40391 0.939869 -0.43204 0.0842876 3.97301 22 403 4837 4812 1 0.669725 0.669725 7 
-1.58031 5 1.9307 -0.00289145 -0.20162 0.0710467 4.0656 22 404 9745 9743 1 0.213448 0.213448 24 
-5 -1.04882 0.219494 0.431977 -0.00260862 -0.272964 4.15865 22 405 7246 7243 1 1.44851 1.44851 47 
-5 1.69083 0.315293 0.378041 0.0608693 0.0172524 3.96304 22 406 10301 10095 1 0 0 1 
-5 3.18923 4.30769 0.389221 0.175225 0.0343868 4.08455 22 407 12339 12300 1 0 0 5 
-4.05236 1.96911 -5 -0.0494148 0.0157888 0.12225 4.05118 22 408 2822 2750 1 0.260682 0.260682 21 
-2.98393 -3.31795 -5 0.50302 -0.174505 0.410901 3.9382 22 409 14729 13766 1 0.400033 0.400033 2 
-5 -1.99656 2.02528 0.381019 -0.155618 0.0431057 3.97595 22 411 12693 12667 1 0 0 1 
-5 2.5884 0.751475 0.300901 -0.083766 -0.28003 4.12598 22 412 1202 1201 1 0 0 4 
-5 2.36567 2.7101 1.89418 -0.892548 0.71045 4.00095 22 413 10949 10905 1 0 0 3 
-5 3.43381 3.1461 2.23977 -0.132963 3.15218 3.92647 22 414 11123 11091 1 0 0 1 
-5 0.75114 2.73761 3.88799 -0.0877877 0.643864 3.99127 22 415 7338 7337 1 1.1296 1.1296 4 
-1.80694 1.05064 -5 2.31741 0.069798 5.96462 3.87622 22 416 4688 4673 1 0.332863 0.332863 29 
-5 -1.18745 0.489875 0.475941 -0.152031 -0.107175 4.13316 22 417 46985 46983 1 0 0 2 
-5 -1.04502 4.67412 0.468603 0.144313 0.385007 4.00882 22 418 14331 14189 1 0 0 2 
-5 -3.60688 4.40254 0.2289 -0.116164 -0.032792 3.98401 22 419 3313 2974 1 0 0 7 
-4.33763 3.9706 -5 0.310394 -0.0785847 0.398246 3.91336 22 420 25792 25775 1 0 0 2 
-5 -1.63523 -1.4151 0.811078 -0.299857 0.556963 3.92186 22 421 11659 11353 1 0.267989 0.267989 31 
-5 3.66259 3.58199 5.30741 -1.08851 3.96112 3.93746 22 422 7544 7521 1 0 0 3 
-0.035757 -0.982804 -5 4.89053 -0.899696 6.2634 3.90307 22 423 7359 7155 1 0 0 1 
-5 0.654137 -0.379334 0.484118 -0.0148572 -0.3051 4.14048 22 424 3025 3023 1 0.0296051 0.0296051 13 
2.83961 -2.77967 -5 14.4672 -5.93133 27.0511 3.89592 22 426 5214 5046 1 0 0 4 
-5 -2.24714 -0.57752 0.747164 0.0224559 0.380852 3.94455 22 427 12667 12581 1 0 0 1 
-2.87277 1.45251 5 0.222318 0.0925431 -0.357664 4.08733 22 428 18881 18880 1 0.351487 0.351487 14 
-3.18137 -1.85365 -5 0.454827 -0.066779 0.223144 3.92577 22 430 2129 2128 1 0.118316 0.118316 4 
0.276992 1.57775 -5 0.69147 0.00910737 0.221532 3.95936 22 431 42276 42275 1 0 0 1 
-1.1228 5 1.26003 -0.15331 -0.120543 -0.012564 4.25669 22 432 10132 10130 1 2.56611 2.56611 38 
0.255617 5 4.15025 0.267445 -0.268664 -0.0149282 3.99334 22 434 11206 10745 1 0 0 1 
-5 -2.78217 -3.7364 0.571066 0.0474169 0.601422 3.91632 22 435 14983 14735 1 0 0 3 
-5 -0.178226 1.41437 0.536715 -0.0905633 0.0917052 4.03367 22 436 3016 3015 1 0 0 1 
1.92113 -3.46361 -5 1.4936 -0.456311 1.53642 3.97492 22 437 17367 17366 1 0 0 1 
-1.22271 -5 -2.68639 0.0829742 0.162097 -0.13397 4.23787 22 438 5244 5242 1 0 0 2 
-5 -2.12518 3.68201 0.533428 -0.206636 0.863961 3.91721 22 439 1620 1265 1 0.619357 0.619357 67 
-5 0.217559 -1.52873 0.246539 -0.0414929 0.445664 3.89606 22 440 34469 34427 1 0 0 4 
-5 -3.78547 -1.8943 9.37831 -2.66971 12.9357 3.91341 22 441 5812 5758 1 0 0 6 
-3.93942 5 -0.0052706 -0.0492199 -0.191558 -0.327601 3.9447 22 442 29852 29831 1 0.781564 0.781564 6 
-4.77031 5 3.03585 0.507301 -0.0494337 0.0363566 4.06146 22 443 2235 2233 1 0 0 1 
-4.05243 -5 -4.69537 -0.00623975 0.182875 0.0242254 4.01264 22 444 1366 1365 1 0.184309 0.184309 19 
-5 -0.293855 -3.39084 2.86139 -0.189197 5.81519 3.88995 22 446 20447 20325 1 0 0 1 
-5 -3.63158 -1.52494 0.453497 -0.119095 -0.182183 4.20317 22 447 1381 1378 1 0 0 2 
1.21954 5 0.702581 0.603263 -0.0875778 0.0995809 4.00754 22 448 12208 12173 1 0 0 1 
-5 -0.00301973 1.31202 0.610197 -0.139354 0.602306 3.94765 22 449 42790 42551 1 0 0 1 
4.77756 1.4615 5 0.356725 -0.217881 -0.16733 4.04996 22 450 29969 29825 1 0 0 3 
-5 1.5555 3.68484 0.771583 -0.337293 0.25226 4.00495 22 452 4132 4131 1 0.254767 0.254767 6 
-2.90669 -5 2.57981 0.0531466 0.102057 -0.217205 4.17037 22 453 14936 14935 1 0.245412 0.245412 22 
-5 4.6592 -0.50782 0.335187 0.273063 -0.253412 4.15437 22 455 4491 4485 1 0 0 1 
-3.95228 1.97767 -5 0.0675246 0.111983 0.115984 4.21281 22 456 42248 41096 1 0 0 1 
3.91078 5 2.45691 0.450942 -0.118114 -0.199515 4.13868 22 458 6151 6150 1 0 0 4 
-0.729602 4.01207 -5 1.87273 -0.108836 1.74869 3.93496 22 460 4851 4673 1 0 0 2 
-2.74231 5 0.164994 5.7474 -5.31756 7.11609 3.90716 11 461 48726 48691 1 6.09946 6.09946 22 
-5 -0.692571 0.523819 0.303547 -0.0133711 -0.0316249 3.98156 22 463 10017 9923 1 0.264826 0.264826 2 
-3.08942 -4.91629 5 0.396384 -0.139719 -0.290651 4.26323 22 464 5224 5222 1 0.304601 0.304601 5 
-5 2.35658 2.14873 0.451354 -0.164859 0.173841 4.02565 22 465 8289 8288 1 0.0673449 0.0673449 5 
-3.38929 -2.36811 -5 0.158404 0.175134 0.159622 4.03755 22 466 2631 2585 1 0 0 2 
-5 -0.86315 4.32487 0.516766 -0.0965862 0.604906 3.95214 22 467 2603 2257 1 0 0 2 
-2.78167 4.08606 5 0.452946 -0.0521358 -0.171561 4.07831 22 468 5319 4169 1 0.375681 0.375681 28 
3.36398 -3.5367 -5 0.308996 -0.153893 0.376773 3.91663 22 469 4054 4053 1 0 0 5 
-1.46294 0.737869 -5 1.78212 -0.314653 1.53517 3.93632 22 470 1824 1744 1 0.221939 0.221939 22 
-5 2.07544 0.459977 0.492995 -0.0554899 -0.122461 4.09809 22 471 8675 8673 1 0 0 3 
1.72531 -0.886671 -5 0.484199 -0.0899153 0.13633 4.01171 22 472 29763 29762 1 0 0 2 
-5 0.846323 4.46862 0.408073 0.307072 -0.0174132 3.97984 22 473 1614 1613 1 0.232659 0.232659 10 
-5 4.91914 3.44707 0.442219 -0.176879 0.185138 3.98126 22 474 2245 2243 1 1.44392 1.44392 24 
-5 -1.33632 -4.49413 1.93696 -0.214296 0.279057 3.97197 22 476 5015 5014 1 0 0 3 
-5 -3.51439 2.88374 1.38027 -0.528876 -0.275083 4.06805 22 477 4918 4917 1 0.375367 0.375367 3 
2.39575 3.4614 -5 0.00359005 -0.38214 0.499268 3.9329 22 478 37328 37164 1 0.628409 0.628409 21 
-5 1.96098 -4.34476 0.478182 -0.0784325 -0.0911824 4.05171 22 479 24710 24674 1 0 0 3 
-5 -0.0201986 2.69848 0.979808 -0.71432 0.820366 3.94862 22 480 8785 8721 1 0 0 5 
-5 0.693187 -0.284294 0.267768 0.119123 0.145997 4.04201 22 481 44786 44283 1 0.327319 0.327319 12 
-5 -2.08428 -2.59744 0.376113 -0.186813 -0.291136 4.17857 22 482 23083 23081 1 0.138675 0.138675 9 
-3.19432 5 2.84453 -0.105133 -0.304073 0.0483483 3.99759 22 483 33352 32828 1 0.0902469 0.0902469 6 
-5 4.83968 0.113369 0.327599 -0.26903 0.292149 3.96453 22 484 9250 9039 1 0.0603254 0.0603254 3 
0.620897 3.1152 -5 0.416817 0.0190136 0.294995 3.95383 22 485 7157 7136 1 0.1643 0.1643 3 
-5 3.02355 -1.33406 0.258684 0.0720368 -0.174056 4.17957 22 487 12444 12442 1 0.976811 0.976811 39 
4.4144 0.642037 5 0.358452 -0.0516469 -0.261812 4.18462 22 488 12737 12543 1 0 0 1 
-5 4.23081 -3.76915 1.34766 -0.653604 1.94772 3.9038 22 489 38945 38894 1 0.328093 0.328093 5 
-5 2.59633 -2.11506 0.68828 0.292731 -0.183659 4.04883 22 491 38343 38342 1 0.162379 0.162379 2 
-5 0.388005 1.3549 0.791754 -0.114118 0.329038 3.96345 22 492 2091 1742 1 0 0 2 
-5 -0.823136 -4.13066 0.580434 -0.134093 0.294376 3.98531 22 493 24136 24135 1 0 0 2 
-5 3.25147 0.866922 19.8629 -20.5407 15.388 16.7688 2112 494 4736 4706 1 0.0295251 0.0295251 21 
-5 0.319984 -3.33139 0.258055 -0.246278 -0.109075 4.10371 22 495 9089 9088 1 0.0764078 0.0764078 3 
-3.9321 5 2.84905 -1.05428 -2.34598 0.601171 3.95337 11 496 3290 3201 1 0.96789 0.96789 18 
2.27902 5 4.33371 0.640593 -0.307295 0.378145 3.97402 22 497 8821 8737 1 0 0 2 
-5 -0.419605 0.432596 0.348082 -0.0202644 -0.0848677 4.03849 22 498 3810 3682 1 0 0 3 
-5 -0.904787 -3.17275 0.291241 -0.0405065 -0.272792 3.96669 22 499 11743 11347 1 0 0 1 
-5 2.86592 0.0625468 0.20325 -0.256592 -0.23462 4.08313 22 500 30623 30621 1 0 0 1 
-5 3.05389 4.34668 0.510266 -0.165275 0.375665 3.94387 22 501 12781 7399 1 0.226709 0.226709 22 
-5 -3.61645 0.945588 0.223521 -0.0820269 -0.143416 4.07708 22 502 7902 7901 1 0.277523 0.277523 33 
4.3603 5 -4.23352 1.01678 -0.240399 -0.647293 4.0483 22 503 9195 9165 1 0 0 2 
4.77974 3.76433 5 0.215205 0.0122999 -0.350761 4.1034 22 504 11635 11595 1 0 0 2 
-5 -1.76668 -3.75222 0.162414 -0.123905 0.369165 3.89791 22 505 28139 28085 1 0.280898 0.280898 19 
-4.09529 0.467164 -5 0.116582 -0.0852682 0.158819 3.93015 22 506 1805 1803 1 0.266252 0.266252 4 
-5 1.83073 3.3316 0.50742 -0.0572696 0.0191107 4.07158 22 507 8624 8622 1 1.28707 1.28707 5 
-5 -4.99613 -2.96754 1.36122 -0.703317 0.764573 3.95193 22 508 11969 11947 1 0 0 3 
-0.155408 5 -0.972962 0.319723 -0.31294 0.0902269 4.10814 22 509 12134 12041 1 0.129458 0.129458 5 
-5 4.74834 3.02801 0.29825 -0.125729 -0.212796 4.09705 22 511 8108 8091 1 0.174343 0.174343 5 
-5 -4.72533 -2.62893 0.668022 -0.108605 0.103657 4.02125 22 512 10882 10881 1 0 0 1 
-5 0.252752 -4.30407 0.386784 -0.109192 0.270807 3.9526 22 513 23685 23550 1 0 0 2 
-5 -1.06807 -2.51539 0.452201 -0.0220374 0.0438504 4.05002 22 514 9491 9477 1 0 0 1 
4.80473 4.55319 -5 0.05596 -0.13719 0.20494 3.95279 22 515 28600 28568 1 0 0 1 
-5 2.8298 -2.62276 0.737229 -0.229962 -0.379123 4.1091 22 516 8755 8754 1 1.20784 1.20784 4 
-5 -1.10223 -1.66507 0.389933 0.124075 0.433104 3.92268 22 517 14671 14211 1 0 0 2 
-5 -4.36995 3.31051 0.320732 -0.316582 0.0922503 3.99412 22 518 7121 7097 1 8.39041 8.39041 5 
-5 -1.89947 2.24887 0.348367 -0.107898 0.528665 4.94362 22 520 5143 5125 1 0 0 2 
-5 -3.58296 -4.86404 0.747516 0.558082 0.195866 3.89853 22 521 25684 25570 1 0 0 1 
0.578767 -0.520593 -5 2.9609 -0.35247 1.73228 3.97963 22 522 44078 44077 1 0 0 1 
0.403868 1.62164 -5 0.473502 -0.12759 0.0341649 3.99043 22 524 16551 15853 1 2.5195 2.5195 26 
-4.21447 0.998374 -5 0.126847 0.0772827 0.282402 3.93619 22 525 3721 3454 1 0 0 2 
-5 2.43154 -4.40649 0.59105 -0.0444977 -0.118432 4.04776 22 526 3024 2988 1 0 0 1 
-1.98138 -1.95598 -5 0.0277999 0.146214 0.203651 3.95112 22 527 17188 17185 1 0.251994 0.251994 17 
-5 2.54663 4.22684 0.50904 0.0202859 0.0398295 4.00048 22 528 2373 2344 1 0 0 7 
-5 -4.40823 -4.63517 4.03064 -1.27248 9.534 3.88201 22 529 12731 12666 1 0.510585 0.510585 32 
-0.310246 -2.04837 -5 0.102506 0.151293 0.205373 4.07945 22 531 41159 41118 1 0.274418 0.274418 31 
1.22687 -4.71376 -5 0.664892 -0.39417 0.451294 3.94869 22 532 11181 11155 1 0 0 6 
-5 0.509884 -2.74369 0.327233 -0.240577 0.280168 3.94629 22 533 52555 52431 1 0 0 1 
2.31384 -4.19006 -5 0.864991 -0.169303 0.547903 3.94613 22 534 24016 23936 1 0 0 2 
-1.89228 3.71522 -5 -0.0472939 0.0172909 0.162639 3.993 22 535 7519 7516 1 0.334144 0.334144 42 
-5 1.59464 2.80289 0.413007 0.0664533 0.214758 3.99803 22 540 14435 14434 1 0 0 3 
0.0208377 -3.90309 5 0.436928 -0.0896643 -0.249348 4.16677 22 541 6874 6839 1 0.221684 0.221684 20 
-0.547694 2.01965 5 0.184309 -0.335145 -0.334757 4.10393 22 542 10420 10375 1 0 0 5 
-5 1.91291 4.84805 0.315575 0.0447216 -0.103323 4.14975 22 543 30808 30761 1 0.334917 0.334917 10 
-5 1.6987 -3.30282 1.04337 0.0211868 -0.361523 4.06296 22 544 6644 6643 1 0.338327 0.338327 4 
-5 4.74062 1.84523 0.473554 0.0535759 0.184381 4.02447 22 545 17068 17067 1 0.880826 0.880826 3 
4.55964 1.48882 -5 0.493247 -0.0357009 0.214085 4.00098 22 546 57530 57494 1 0 0 3 
-5 -0.0647427 -3.24047 0.467189 -0.156477 0.135534 4.01536 22 547 5667 5648 1 0.253884 0.253884 2 
-3.51009 4.81261 5 0.472507 0.145986 -0.128628 4.02893 22 548 39008 39007 1 0 0 3 
-5 -3.98329 -4.56236 0.669942 -0.459893 0.43093 3.98067 22 549 4632 4603 1 0.11229 0.11229 7 
-5 1.54999 -2.22056 0.456837 -0.12723 0.367693 3.94636 22 550 30101 30100 1 0 0 2 
-3.93301 -5 3.19007 1.25148 0.0775009 0.0555991 3.98741 22 551 17917 17882 1 0 0 3 
2.71035 -5 2.60888 0.149993 0.198346 -0.120942 4.09585 22 552 18405 18029 1 0.10591 0.10591 26 
-5 -1.33408 1.24809 0.56879 -0.182273 0.857284 3.92224 22 553 36910 35915 1 0 0 1 
-5 1.37404 -1.98179 1.62578 -0.0965923 1.10573 3.96174 22 555 43807 43756 1 1.33423 1.33423 20 
-5 -0.345425 -2.173 2.00874 -0.526024 -0.628987 4.06765 22 556 6530 6529 1 0 0 2 
-3.16842 2.02087 -5 0.411101 0.00437664 0.0603722 4.00225 22 557 14325 13874 1 0 0 1 
-5 4.11643 0.159158 1.28421 -0.198525 0.42872 3.91596 22 558 9719 9664 1 0.133295 0.133295 8 
-5 -4.35472 2.98826 1.26698 -0.308843 2.14474 3.91137 22 559 36449 35072 1 0 0 1 
-3.02356 5 -1.62828 0.827998 -0.0804969 0.417099 3.96905 22 560 5921 5809 1 0.182285 0.182285 2 
-5 -2.2655 -1.78979 0.439056 -0.220093 -0.141098 4.00042 22 561 37750 37726 1 0.217858 0.217858 3 
0.373604 2.05851 -5 3.09017 -0.511607 2.81279 3.9333 22 562 3184 3160 1 0 0 2 
-5 -0.0628734 1.78328 1.30832 -0.404892 0.898024 3.94983 22 563 9657 9577 1 0 0 1 
-5 2.83671 1.03354 0.943262 -0.163366 0.0917948 4.02194 22 565 19763 19758 1 0 0 1 
-2.79577 3.88117 -5 1.1569 -0.154819 1.25783 3.9267 22 566 24138 23744 1 0 0 1 
-3.41956 3.66065 5 0.55675 -0.0822293 -0.203461 4.17039 22 567 36648 36647 1 0 0 1 
-5 3.52852 -4.72256 0.728376 -0.41969 0.897651 3.90993 22 568 18527 18479 1 0 0 2 
-5 2.22731 -3.48839 0.43875 -0.158952 0.208212 3.92595 22 570 23589 23565 1 0 0 1 
-1.57211 5 -0.975927 -0.149879 -0.22158 0.054222 4.07287 22 571 6746 6745 1 0 0 3 
-5 -1.11269 1.20537 0.411996 -0.144984 0.418584 3.93188 22 572 17168 16816 1 0 0 2 
-5 -4.53382 -4.62566 0.973795 0.0292107 0.440285 3.93178 22 573 7372 6735 1 0 0 3 
-5 2.03129 -1.04872 0.260645 0.0960392 -0.231263 4.15114 22 574 14393 14392 1 0 0 2 
-5 -2.38369 4.42372 0.38025 0.113807 0.0213855 4.15438 22 576 15917 15916 1 0.605985 0.605985 5 
-0.66234 -2.49368 5 0.310776 -0.0932784 -0.127946 4.02691 22 577 2198 2197 1 0 0 1 
-5 -1.73515 3.72036 0.418733 0.210425 -0.203724 4.20436 22 578 33403 33385 1 0 0 1 
-0.476295 5 4.66907 0.448412 -0.0717758 0.0629575 4.03357 22 579 19979 19942 1 0.272275 0.272275 21 
-0.162541 1.93584 -5 0.196822 -0.0547609 0.416149 3.88891 22 580 20805 20731 1 0 0 1 
-4.05974 1.87086 -5 0.821626 -0.35012 1.69602 3.8896 22 581 16531 16530 1 0 0 5 
0.0801066 3.51446 -5 38.0821 2.35065 25.1885 3.8958 11 582 1 0 1 0.750681 0.750681 11 
-5 -1.85421 -0.138206 0.404159 -0.0669571 0.054707 3.9833 22 584 3563 3548 1 0.193038 0.193038 2 
-3.40702 5 3.35466 1.23625 -0.177351 0.592322 3.96328 22 585 24123 23909 1 0 0 1 
-3.08485 -1.78059 5 0.292673 -0.0546125 -0.251845 4.20451 22 586 6931 6929 1 0.389699 0.389699 19 
-5 2.44424 4.58623 0.376955 -0.0266361 0.00793009 4.02686 22 587 18053 18045 1 0.0624749 0.0624749 15 
-5 1.93881 0.406174 3.14509 -0.234129 5.95481 3.91505 22 588 17902 17775 1 0 0 1 
-2.19909 2.82242 5 0.301707 0.10539 -0.103153 4.1473 22 589 7423 7329 1 0 0 4 
-5 3.62268 2.03098 2.53022 -1.14174 -0.359347 4.00621 22 590 3135 3110 1 0 0 1 
-5 2.59993 -4.07183 0.426263 -0.101904 0.262746 3.99168 22 591 18673 18672 1 0 0 2 
-5 -1.5635 4.74248 1.33228 -0.207765 0.701355 3.97549 22 592 5190 5189 1 0 0 3 
-2.10413 0.00244269 -5 0.939539 -0.0250806 0.706712 3.92028 22 593 1771 1257 1 0.0457949 0.0457949 4 
-5 -3.49151 -4.48209 1.46321 -0.56329 2.34725 3.90002 22 594 17308 17179 1 0.794128 0.794128 4 
-3.76439 -5 -2.28549 0.0857259 0.36618 -0.345953 4.02361 22 595 12659 12656 1 0 0 3 
-5 -3.68344 -2.35661 0.554526 -0.148663 0.243087 3.94782 22 596 7270 7214 1 0 0 2 
-5 0.310031 -1.14757 0.453264 -0.0720724 1.13976 3.92168 22 597 18371 18370 1 0 0 2 
-5 -2.4876 4.2313 5.41754 -0.588993 4.6861 3.94148 22 598 1880 1541 1 0 0 3 
-0.354934 -1.81898 5 0.299299 -0.231978 -0.343113 4.16536 22 600 9829 9827 1 0 0 1 
-0.370646 -5 -0.354453 0.281097 0.127894 0.399438 3.97324 22 602 43964 43889 1 0 0 1 
-5 -3.00773 -2.56562 1.26627 -0.520864 1.99121 3.89593 22 603 36401 36352 1 0 0 1 
1.76633 0.343484 5 0.493983 -0.137727 -0.274116 4.18715 11 604 41426 41415 1 0.172444 0.172444 1 
-5 -3.11859 -4.17068 0.363593 -0.0762416 0.0213746 4.06784 22 605 14271 14270 1 0 0 1 
-5 -3.42566 -2.6948 0.67899 -0.425645 -0.450659 4.04109 22 606 11171 11147 1 0.696907 0.696907 7 
-2.388 -2.44239 -5 -0.031567 -0.0248556 0.481083 3.91302 22 607 11358 1 1 0.482479 0.482479 17 
-2.53003 -3.93526 5 0.286411 -0.225909 -0.197605 4.04095 22 608 24976 24975 1 0 0 1 
-0.0477909 5 0.15541 0.259499 -0.334252 -0.0745418 3.93927 22 610 15798 15509 1 0 0 3 
1.95401 5 -3.94096 0.189436 -0.359219 -0.103883 4.12578 22 611 7259 7214 1 0.141106 0.141106 5 
-5 -3.1828 -4.3735 0.396923 -0.0124216 -0.253181 4.02943 22 612 7738 7737 1 0.08457 0.08457 17 
-3.18243 -4.60423 -5 0.217599 -0.0643482 0.348087 3.91232 22 613 10896 10771 1 0 0 2 
-5 0.99706 -2.63053 0.449066 -0.165799 -0.178802 4.11306 22 614 39180 39155 1 0.5107 0.5107 21 
-5 -2.71888 -2.73508 1.35093 -0.348599 1.69165 3.8976 22 615 12949 12928 1 0 0 4 
-3.44955 -5 3.69419 0.209128 0.257188 0.388895 3.95824 22 616 4782 4781 1 0.816901 0.816901 6 
-5 -2.78797 4.56204 0.937766 -0.446599 0.944602 3.93966 22 617 58985 58961 1 0.191873 0.191873 2 
-5 -4.9068 -2.73624 0.337396 -0.0934953 0.318636 3.93791 22 618 5623 5557 1 0.288514 0.288514 22 
-0.430269 3.15266 -5 0.285383 -0.000834269 0.423881 3.90963 22 619 1145 1112 1 0 0 4 
-5 1.6808 -0.934506 0.104225 -0.165253 0.0600905 3.97371 22 620 3530 3386 1 0 0 5 
-5 4.75226 2.32478 0.477365 -0.152387 0.0302771 4.01624 22 621 9313 9293 1 0.348944 0.348944 6 
-5 4.16965 -0.668969 0.253855 0.0676525 0.315049 3.91334 22 622 43170 43169 1 0 0 2 
-5 -2.66948 1.95358 0.523312 -0.295403 -0.397199 4.10217 22 623 4568 4529 1 0 0 5 
-5 2.9732 -0.382791 0.277852 -0.138423 -0.34221 4.17186 22 625 3629 3628 1 0 0 2 
-0.53362 -4.6109 5 0.214904 0.222932 -0.318644 4.29318 22 626 12885 12861 1 0 0 1 
-1.30559 -0.700074 -5 0.444425 -0.0807527 0.409734 3.92013 22 627 3280 3121 1 0 0 7 
-5 -4.1841 4.77876 0.502994 -0.0835036 -0.0338275 4.08379 22 628 34948 34947 1 0 0 1 
-5 1.27029 -2.6479 0.413812 -0.247398 0.201744 3.95823 22 629 43044 42008 1 0 0 1 
-5 -2.7515 3.32139 0.372982 0.0285575 0.348122 3.99677 22 631 3251 3229 1 0.367121 0.367121 22 
-5 -3.36613 4.08975 0.481357 0.160398 0.0607258 3.9907 22 632 9522 9521 1 0 0 3 
-5 -0.455584 -4.9983 0.300137 -0.203365 0.360112 3.9043 22 633 6446 6445 1 0 0 4 
-4.01927 -4.65084 -5 0.316332 -0.170297 0.363391 3.92208 22 634 4701 4700 1 0.166513 0.166513 5 
-0.774001 -0.342746 -5 0.0323169 -0.195232 0.0605322 4.27294 22 635 1080 1079 1 0 0 2 
1.53936 -3.37396 -5 0.66423 -0.220247 0.823631 3.89861 22 636 37447 36644 1 0 0 5 
-5 2.10877 2.69238 0.616004 -0.0856505 0.647085 3.93879 22 637 21742 21741 1 0 0 6 
-1.7121 5 3.09911 2.2742 -2.03244 1.65495 4.16688 22 640 23696 23661 1 0 0 3 
-5 -4.64696 2.1098 1.49328 0.0919563 0.31128 4.0447 22 641 29179 29178 1 0 0 2 
2.28446 0.158348 -5 0.334023 -0.0680931 0.0177669 4.27227 22 643 7056 7026 1 0.0884393 0.0884393 4 
-2.82474 5 -4.88065 6.32126 -2.53373 10.3565 3.89872 22 644 13495 13272 1 0 0 4 
1.02888 5 3.87373 0.415583 -0.275676 -0.111415 4.11666 22 645 19555 19553 1 0 0 1 
-5 -1.74164 2.95976 0.268427 0.0728358 0.00771724 3.98384 22 646 32012 31981 1 0.277774 0.277774 32 
-5 0.885898 -4.28518 0.409733 -0.0191298 -0.281296 4.11338 22 647 10462 10460 1 0.36778 0.36778 45 
-5 -4.79954 2.80176 7.16236 -2.35447 2.11885 4.07839 22 648 17477 17418 1 0.0135418 0.0135418 4 
-5 3.36315 4.82689 0.890612 -0.256537 1.90134 3.92654 22 649 1591 1 1 0.236969 0.236969 29 
-5 1.1921 1.42542 1.38175 -0.303702 2.10739 3.92762 22 650 14247 14236 1 0 0 5 
-5 -1.89507 -4.81927 0.719782 -0.145369 0.423182 3.93816 22 651 12771 12520 1 0.324204 0.324204 24 
-5 -0.953568 -2.33915 0.296433 -0.0837612 0.230719 4.02576 22 652 20363 20342 1 0 0 1 
-5 4.92393 0.594337 0.330833 -0.147558 0.0209183 4.08188 22 653 4774 4773 1 0 0 2 
-4.22742 -2.83127 -5 0.897647 -0.220715 1.03162 3.92028 22 654 28692 28622 1 0 0 1 
-5 2.51124 -4.77345 0.981929 -0.179836 1.23685 3.89901 22 655 33143 33076 1 0 0 2 
-5 -4.64033 -3.22247 0.389383 -0.175564 0.126856 3.97444 22 656 5021 4886 1 0 0 1 
-5 4.02062 -4.09849 3.08327 0.426088 0.140535 3.97908 22 657 2433 2432 1 0 0 3 
-5 -2.81459 1.65688 0.131048 -0.49376 -0.0121476 3.96869 22 658 28174 28144 1 0 0 5 
0.881856 0.707892 -5 0.440512 -0.452646 0.166771 3.90416 22 659 5365 4815 1 0 0 3 
-5 1.72171 -4.83219 0.297285 0.0103395 -0.0899331 4.06302 22 660 4232 3954 1 0.420359 0.420359 38 
-2.87792 3.01457 -5 2.47135 0.240446 4.28756 3.89391 22 661 17636 17513 1 0 0 4 
-4.46232 5 -0.851669 0.422118 -0.0569755 0.139603 4.00172 22 662 9711 9709 1 0.439645 0.439645 17 
-0.122126 -2.87528 5 0.380091 -0.11345 -0.322149 4.17884 22 663 6566 6565 1 0 0 1 
2.30259 2.69294 -5 4.99594 0.665448 7.20201 3.91573 22 664 10540 10521 1 0.0473577 0.0473577 5 
-1.45146 3.75876 -5 1.38838 -0.251883 1.06917 3.92274 22 665 1089 1 1 0.767057 0.767057 61 
-5 -2.46724 2.55161 6.51286 -2.07429 3.93122 3.99554 22 666 28662 28639 1 0.719161 0.719161 46 
2.8633 -4.44489 -5 0.750203 -0.200779 1.33039 3.93006 22 667 34435 34434 1 0 0 2 
-5 -3.57631 -4.66692 2.02426 -0.422422 2.1433 3.92277 22 668 13339 13338 1 0 0 4 
-5 -4.71563 2.93428 0.537055 -0.328729 0.0655522 4.04608 22 671 27117 27114 1 0.302491 0.302491 22 
-3.19478 1.23802 -5 0.866128 -0.0408895 1.18208 3.90123 22 672 17115 16308 1 0 0 1 
-5 4.45721 2.57132 7.14183 -1.35696 3.59998 3.99213 22 673 9125 9124 1 0 0 3 
-5 -1.45804 -2.67797 0.276928 0.0907181 0.00340479 3.96676 22 674 26159 26152 1 0.291254 0.291254 13 
-5 -3.16463 -0.463174 2.25027 -0.732443 1.0729 3.96777 22 675 14550 14516 1 0.799046 0.799046 6 
-5 -4.2648 -3.24484 0.679857 -0.346976 0.181464 3.99044 22 676 13682 13653 1 0 0 2 
-5 -0.523889 1.85783 0.336632 -0.0837578 0.305212 3.96605 22 678 33793 33773 1 0 0 1 
-5 -3.54853 1.66619 0.246163 -0.0504151 0.19804 3.94946 22 679 18678 18677 1 0 0 2 
-5 -4.8848 1.2354 0.22756 -0.106326 -0.126654 3.97305 22 680 22784 22741 1 0 0 1 
4.17509 -5 -4.25294 -0.00163494 0.246441 -0.327547 4.0192 22 681 15533 15532 1 0.166551 0.166551 3 
-5 -4.76054 -1.93879 2.10214 -0.259067 0.848067 3.97203 22 682 10549 10387 1 0 0 1 
-5 -3.27832 4.27414 1.21533 0.23022 -0.313515 4.0294 22 683 2844 2819 1 0.404324 0.404324 7 
-5 2.05826 -4.69958 0.143588 0.142103 0.0474859 3.99587 22 684 16531 16425 1 0.800099 0.800099 23 
-5 -1.74093 -3.01895 0.173226 -0.124242 0.0105717 4.05722 22 685 19056 17707 1 0 0 2 
-5 4.65371 2.97716 0.395655 -0.116513 0.172903 3.97878 22 686 12348 12347 1 0 0 4 
-5 -0.478497 4.09418 0.741212 -0.14916 1.02368 3.92592 22 687 9060 8726 1 0.348829 0.348829 5 
-5 0.981119 -1.73694 0.373602 0.310411 -0.257775 4.08432 22 688 22475 22471 1 0.143159 0.143159 25 
0.81262 -0.42334 -5 0.477218 -0.0805795 0.149401 3.96145 22 690 10487 10486 1 0.0297122 0.0297122 8 
-5 -3.96779 2.47499 0.269267 -0.0595731 0.127703 3.9975 22 691 22362 22361 1 0 0 1 
-5 1.28442 -0.241749 0.59635 -0.281311 -0.409055 4.09979 22 694 12703 12672 1 0 0 3 
-3.11316 4.49681 -5 0.761857 -0.0799031 0.395428 3.92295 22 695 3497 3351 1 0 0 5 
-5 -4.65915 -0.931604 0.89509 -0.383092 0.360707 3.97745 22 696 6878 6836 1 0 0 1 
-1.34749 -4.60665 -5 3.73703 -0.451255 5.34818 3.90809 22 697 37638 37435 1 4.72179 4.72179 5 
-5 0.152861 -3.04803 0.775454 -0.225119 0.6085 3.92311 22 698 11987 11450 1 0.0917022 0.0917022 4 
-5 -3.87231 3.35291 0.779227 0.131012 -0.423407 4.13705 22 699 41021 41020 1 0 0 2 
-5 0.00980082 -2.65178 0.526486 -0.147366 0.197195 3.97028 22 700 12910 12851 1 0.272819 0.272819 29 
-0.793453 3.37774 5 0.221671 0.00163068 -0.262545 4.16285 22 701 14458 14429 1 0 0 4 
-2.81962 5 4.87821 0.294035 -0.123163 0.104432 3.9967 22 702 6189 6170 1 0.285573 0.285573 25 
-5 0.325028 3.04562 0.119227 -0.0586755 0.221114 4.00333 22 703 23087 22895 1 0 0 3 
3.22313 1.24549 5 0.151686 0.132201 -0.196117 4.13277 22 704 19862 19687 1 0 0 4 
-5 -3.85407 -3.17997 1.32543 -0.560694 1.27815 3.94335 22 705 2132 2076 1 0.272822 0.272822 27 
-5 -0.100155 4.39882 1.08473 -0.122547 1.14785 3.93889 22 706 20708 20538 1 0.135135 0.135135 3 
-5 0.652723 0.675162 0.293002 0.0473975 -0.164386 4.22279 22 707 21187 21185 1 0 0 1 
-5 0.551058 -2.02783 0.321959 0.372633 0.136406 4.10531 22 708 34483 34481 1 0.104942 0.104942 2 
1.6577 5 0.0555003 1.96693 -0.175531 1.10468 3.9682 22 709 7017 6964 1 0.512081 0.512081 6 
-5 0.135918 -3.59499 0.492511 -0.064003 -0.120233 4.06674 22 710 33564 33563 1 0 0 2 
-0.125526 3.24729 5 0.15493 0.211405 -0.438662 4.07794 22 711 1062 1035 1 0.527085 0.527085 35 
3.49668 3.70164 -5 0.342004 0.0809455 0.344 3.92191 22 712 26956 26798 1 0.225211 0.225211 20 
-5 1.02385 4.05008 0.713075 -0.0650973 0.860605 3.96831 22 713 1240 1 1 0 0 2 
-0.0704126 2.84442 5 0.128532 -0.0784058 -0.26513 4.07193 22 714 53988 53987 1 0 0 1 
-5 3.30998 3.43852 0.41056 -0.105423 -0.285388 4.25086 22 715 37738 37736 1 0 0 1 
-5 -1.5176 -2.66811 0.834862 -0.142394 -0.350751 4.10318 22 716 17460 17406 1 0 0 3 
4.59889 2.6945 -5 0.688435 -0.210122 0.893991 3.91157 22 717 19132 19102 1 0.26117 0.26117 6 
-5 4.48151 -2.40097 8.33438 -1.20162 -6.38897 4.14955 22 718 8122 8079 1 0 0 4 
-1.73791 -1.3294 5 0.30092 -0.302058 -0.281652 4.04745 22 719 1461 1460 1 0.510594 0.510594 28 
-0.488215 5 4.23446 -0.455883 -0.229149 0.0279552 3.96233 22 720 1324 1323 1 0.0936699 0.0936699 4 
-5 4.86606 1.53773 0.764079 -0.165058 1.20045 3.91676 22 721 31258 29977 1 0 0 2 
-3.44108 5 -2.29467 2.33155 -1.48094 1.23989 3.94205 22 722 6894 6777 1 0.369981 0.369981 3 
-5 0.539188 4.17232 0.491917 0.0307601 0.134877 4.00366 22 723 27996 27994 1 0 0 2 
-1.31596 -0.0691501 -5 5.45131 -7.57028 7.66164 3.89615 11 724 15992 15884 1 3.2741 3.2741 124 
0.611212 -3.44448 -5 0.349501 -0.174541 0.277638 3.94011 22 725 10593 10543 1 0.841672 0.841672 5 
-5 1.54766 1.72594 0.292446 -0.243233 0.102985 4.07105 22 726 5816 5745 1 0 0 3 
-5 3.53329 0.829381 0.280913 -0.0926796 -0.166773 4.01422 22 727 9545 9490 1 0.331923 0.331923 22 
-4.44556 1.36435 -5 1.02918 -0.0991761 0.841944 3.93009 22 728 14496 14427 1 0 0 3 
2.44051 5 4.12226 0.167389 -0.274405 0.0144661 4.15033 22 730 2572 2547 1 0 0 2 
-5 -0.66039 0.202308 0.306234 0.00207081 -0.214365 4.04225 22 731 3649 3621 1 0 0 2 
4.01921 -2.25122 -5 0.983697 -0.0936062 1.50671 3.90967 22 732 17653 15378 1 0 0 2 
-5 -1.67669 -1.40988 0.655399 0.233032 1.84121 3.89639 22 733 9741 9572 1 0 0 6 
-5 -4.37504 3.60356 0.509984 -0.119249 0.416673 3.9609 22 734 25037 24915 1 0.248924 0.248924 44 
-5 -2.33472 3.7521 0.189244 -0.13417 -0.135017 4.22383 22 735 9159 9158 1 0 0 1 
4.10516 5 -4.17841 0.426505 -0.109607 0.203218 3.99642 22 736 9586 9585 1 0 0 1 
-1.34767 5 0.253656 1.75348 -0.438525 -0.513206 4.04279 22 738 7096 7095 1 0 0 4 
-5 -4.49103 -0.188772 0.14082 -0.10471 -0.0479956 4.01588 22 739 12841 12838 1 0 0 2 
-4.20478 1.64469 -5 2.80432 -0.335642 2.27246 3.91843 22 740 13104 12954 1 0 0 3 
-5 0.805334 -1.8381 3.80649 -0.638949 10.4274 3.88709 22 741 10564 10351 1 0.470852 0.470852 29 
-5 3.50523 4.38022 0.389475 -0.0380843 -0.343066 4.20559 22 742 5975 5974 1 0 0 2 
3.84213 -5 4.34474 -0.00786434 0.289592 0.119379 4.12093 22 743 6329 6328 1 0 0 3 
-5 -3.57347 0.639617 0.646795 0.171037 0.158858 3.9834 22 744 29625 29545 1 0.900477 0.900477 25 
-4.03325 -0.507396 -5 0.999172 -0.237496 2.35124 3.88109 22 745 7829 7718 1 0.0172826 0.0172826 6 
-5 3.83341 -2.32772 0.363791 -0.115199 -0.0219417 4.02509 22 746 13037 11942 1 1.08218 1.08218 5 
-2.02184 -4.75523 -5 0.946957 -0.146934 1.16581 3.91748 22 747 18289 18260 1 0 0 1 
-5 -0.0878389 -4.44681 1.56605 -0.544588 -0.54995 4.165 -11 748 1597 1596 1 0.72661 0.72661 1 
2.78762 -4.66055 -5 0.529855 -0.327703 0.448271 3.94806 22 749 25753 25266 1 0.0202312 0.0202312 2 
-5 2.7503 3.62899 0.354431 0.245541 -0.0549002 4.02979 22 750 1027 1 1 0 0 1 
-0.722272 1.03458 5 1.0362 0.0253576 -1.47475 4.11849 22 751 9508 9507 1 0 0 2 
-0.193419 -1.43672 -5 1.51538 -0.696925 0.735637 3.96879 22 752 13358 13144 1 0 0 2 
-5 0.785469 -3.15592 0.291431 -0.187962 0.64172 3.91668 22 753 50731 50672 1 0 0 1 
4.58851 5 1.92434 0.192436 -0.0988987 0.345518 3.96549 22 754 7130 7106 1 0 0 1 
3.39848 -1.07213 -5 0.727437 -0.163728 0.818169 3.92596 22 755 65574 65094 1 0 0 1 
-5 2.10873 -2.38915 0.617027 0.0344694 -0.0717958 4.05493 22 756 13838 13796 1 0 0 1 
-3.44296 -2.22151 5 -0.0426358 -0.126315 -0.25009 4.00888 22 757 15357 14488 1 0.0535649 0.0535649 4 
2.47116 -2.05676 -5 0.356212 -0.0406674 0.262869 4.04165 22 758 1426 1425 1 0.661687 0.661687 80 
-4.09056 -3.2578 -5 0.155805 -0.0234557 0.297619 3.89508 22 759 19523 19140 1 0.123654 0.123654 4 
0.313538 5 1.42692 0.349121 -0.152011 -0.213643 4.11944 22 760 13708 13597 1 0 0 6 
-5 -2.6659 -4.4195 0.752527 -0.108329 0.312498 3.96717 22 761 3656 3651 1 0 0 3 
-5 -0.90699 3.54144 0.277562 0.116392 -0.00834674 4.13936 22 763 3281 3149 1 0.233223 0.233223 3 
-5 -1.9225 2.65858 0.145083 -0.148583 0.243353 4.28356 22 764 9141 9131 1 0.0335075 0.0335075 9 
-5 -1.82768 4.14949 0.312212 0.1807 0.0750748 4.27133 22 765 1159 1145 1 0 0 4 
-3.9244 4.33916 -5 0.511335 -0.250833 0.499986 3.99732 22 766 8313 8248 1 7.53898 7.53898 32 
1.30694 5 0.0793778 0.000825273 -0.238359 0.0787133 4.02923 22 767 14239 13523 1 0.0324237 0.0324237 5 
-2.65669 -1.43069 5 0.154533 -0.104073 -0.381954 4.1658 22 769 4508 4507 1 0 0 3 
-5 2.57406 0.679568 0.48772 0.0616338 0.139464 4.00179 22 770 12086 12056 1 0 0 2 
-2.81859 5 4.51317 0.424152 -0.223183 0.0819929 4.01508 22 773 26299 26240 1 0 0 3 
-5 2.00005 0.590372 1.23158 -0.120814 0.886973 3.94068 22 774 35498 35444 1 0 0 1 
-5 -3.20179 4.02464 1.42984 -0.413194 0.877414 3.97809 22 775 10815 10814 1 0.362074 0.362074 9 
-5 2.68211 -1.05629 0.624753 0.523474 -0.420408 4.05054 22 776 24147 24126 1 0 0 1 
-5 3.75885 3.6507 4.46182 -0.657803 13.6574 3.90455 22 777 50711 50492 1 0 0 1 
-5 -1.56319 3.05651 2.74122 -0.0459038 -0.588344 4.10716 22 778 1061 1 1 0.668367 0.668367 4 
1.13925 5 -4.285 0.0620686 -0.120476 -0.238563 4.07473 22 780 44778 44704 1 0 0 1 
-5 -1.9536 -4.90755 3.14761 -0.654638 -2.78538 4.19248 22 782 33846 33735 1 0 0 3 
2.06805 3.27348 5 0.431968 0.130825 -0.239601 4.19139 22 783 40149 40147 1 0 0 1 
-5 -3.31531 4.27085 1.72321 -0.665941 4.22556 3.90793 22 784 9613 9401 1 0 0 5 
4.27626 2.57208 5 0.444587 -0.0121791 -0.251622 4.20643 22 785 4561 4560 1 0.00673318 0.00673318 6 
-5 -1.8339 1.85861 0.633442 -0.0492529 0.082849 4.06825 22 787 18748 18685 1 0.640252 0.640252 27 
-3.35456 -4.74292 -5 2.92335 -1.12105 1.49109 3.93733 22 788 13976 13945 1 0 0 2 
-4.1136 -5 -3.54274 -0.0702678 0.150206 0.121785 4.01606 22 789 37177 37149 1 0.573995 0.573995 8 
-5 2.10687 -0.429225 16.3385 -2.7359 4.11216 3.96416 22 790 42720 42503 1 0 0 2 
-0.302507 3.51193 5 0.391675 -0.0559674 -0.230015 4.12973 22 791 10964 10890 1 0.371511 0.371511 15 
0.426811 0.245607 -5 0.500235 -0.047323 0.0929782 3.99376 22 792 5899 5897 1 0 0 2 
-5 -0.107199 -3.75526 0.83658 -0.0808842 -0.516132 4.14937 22 793 15115 15114 1 0 0 3 
-5 -3.26184 -4.29544 0.440068 -0.24648 0.00541851 3.99715 22 795 8252 8205 1 0 0 7 
-5 -1.57073 1.88665 0.505618 -0.0474619 0.0567208 3.96328 22 796 2845 2843 1 0.676035 0.676035 37 
3.01507 -0.797221 5 -0.00852706 0.147746 -0.180606 4.18847 22 797 35762 35719 1 0 0 1 
-5 0.813746 -0.31343 0.22586 0.0991171 -0.161637 3.97157 22 798 13102 13057 1 0 0 2 
-5 -4.32524 -2.71348 2.74396 -0.559769 1.31758 3.96863 22 799 5608 5583 1 0 0 3 
-0.106631 -1.95277 -5 2.09203 -0.196645 1.17265 3.93401 22 800 20714 20691 1 0 0 3 
-5 -3.80877 2.17971 0.496029 -0.0826893 -0.0907633 4.05724 22 801 19657 19607 1 0 0 1 
-5 1.89539 -0.556339 0.374735 -0.0465535 0.284077 3.96476 22 802 10425 10424 1 0.34419 0.34419 31 
-5 -4.4412 3.28874 0.481998 -0.118026 -0.0402424 4.04376 22 803 5306 5291 1 0.276792 0.276792 6 
-5 4.20001 -1.91663 0.315094 0.275772 -0.292891 4.11688 22 804 4694 4692 1 0.807785 0.807785 56 
-2.30336 0.552906 -5 0.9249 0.0315981 0.98473 3.99733 22 807 4654 4653 1 3.21979 3.21979 74 
-1.03565 -2.47301 -5 0.312444 -0.594372 0.35857 3.918 22 808 22854 22810 1 3.21708 3.21708 24 
3.75515 1.80508 5 0.00128213 -0.263017 -0.0960788 4.01652 22 809 47842 47615 1 0.279667 0.279667 23 
2.10992 5 -2.15012 2.18007 -0.708133 -0.865789 4.0879 22 810 7775 7660 1 0 0 2 
-5 -0.257446 -2.57665 0.260308 0.00838361 0.0951066 3.9589 22 812 36811 36509 1 0 0 1 
-5 4.72994 2.65226 0.179951 0.201567 0.0402217 3.98834 22 815 11906 11885 1 0.128869 0.128869 4 
-5 4.31081 0.595015 0.215133 -0.104973 -0.16951 4.22473 22 816 25513 25511 1 0.130581 0.130581 22 
-5 -2.2934 1.47509 0.222605 0.111905 -0.0736571 4.18643 22 817 30881 30858 1 0.0408758 0.0408758 2 
-5 0.164509 0.6834 0.234547 0.101355 0.0972155 3.99435 22 818 12707 12509 1 0 0 1 
-1.45662 4.80349 5 0.920662 -0.366409 -0.168302 4.09381 22 819 32453 32452 1 0 0 1 
3.82225 4.97457 -5 0.106453 -0.110227 0.297004 3.95877 22 820 11325 11303 1 0 0 1 
-5 3.89226 4.14364 1.49449 -0.197565 1.50992 3.94692 22 821 36934 36898 1 0 0 1 
-5 4.70238 -2.7828 0.40816 -0.285002 -0.115323 4.06923 22 822 7622 7621 1 0.510872 0.510872 12 
-5 -4.20837 2.63545 6.13245 -1.2516 -0.967434 4.00024 22 823 2003 1854 1 0.953493 0.953493 56 
-5 -2.78815 -0.554313 1.53267 -0.334764 0.122638 4.04463 22 824 22981 22779 1 0 0 1 
-5 4.63836 0.613849 0.271808 -0.0231861 -0.190429 4.1897 22 825 4163 4139 1 0.0272973 0.0272973 5 
-5 2.3799 -2.14435 0.582619 -0.0944771 0.429005 3.94355 22 827 6019 4980 1 0 0 1 
-3.63316 5 -2.13676 4.90642 -1.13123 0.373507 4.00708 22 828 9205 9204 1 0 0 2 
-5 2.85505 -4.62026 0.514276 -0.462344 -0.196847 4.20005 22 829 8375 8374 1 0.191363 0.191363 3 
-4.42669 3.46112 -5 5.12377 -1.19115 2.81553 3.94725 22 830 49697 49696 1 0 0 1 
-5 -0.943395 2.10307 5.12216 -2.25995 4.04805 3.94482 22 831 15820 15595 1 0 0 1 
-2.45928 4.08645 -5 0.686578 -0.234992 0.404838 3.93201 22 832 36535 36057 1 0.185862 0.185862 4 
3.83819 -1.34502 -5 0.417759 -0.426459 0.630171 3.94137 22 833 30447 30342 1 0.610335 0.610335 4 
-5 4.29098 -1.6228 0.224109 -0.0278983 -0.103666 3.98769 22 834 20185 20156 1 0 0 1 
-5 -4.34271 -4.61288 0.460531 -0.0743856 -0.20856 4.19235 22 835 31852 31851 1 0 0 1 
-5 -2.96578 4.2564 0.956241 -0.658229 0.419028 3.97222 22 836 1032 1 1 0 0 3 
-5 4.35028 0.137899 0.391298 0.0318091 -0.154705 4.03303 22 837 36125 36057 1 0.421498 0.421498 33 
-0.565936 3.00485 -5 0.504466 -0.106362 0.692796 3.91706 22 838 37472 37062 1 0 0 1 
-4.41226 4.13918 5 0.440013 -0.0340207 -0.187767 4.15391 22 839 15664 15663 1 0.170923 0.170923 2 
-5 0.831026 -4.98049 1.83125 -0.9345 2.951 3.90328 22 840 46611 46416 1 0 0 2 
-3.61997 3.00962 -5 3.07407 -0.471841 4.33929 3.91267 22 842 16703 16701 1 0 0 1 
-5 -0.235066 4.1679 0.526271 -0.186338 0.0401936 4.03543 22 843 9975 9920 1 0 0 3 
-5 -3.40427 0.759295 1.53769 -0.920304 1.01236 3.95436 22 844 1812 1733 1 7.58106 7.58106 60 
-5 -1.45788 0.195724 0.763218 -0.640692 0.398169 3.98315 22 845 3745 3716 1 0 0 5 
-5 -4.2331 -2.93393 1.18457 -0.0128366 1.42113 3.92238 22 846 3187 3175 1 0 0 2 
-2.42964 -0.709585 -5 0.236392 0.228274 0.192711 4.02294 22 848 4528 4527 1 2.66921 2.66921 32 
2.04059 -4.2298 5 0.099354 -0.190351 -0.463697 4.04579 22 849 9674 9673 1 1.16527 1.16527 46 
1.21405 5 -3.69652 0.170086 -0.0764886 0.240318 3.92054 22 850 28371 28185 1 1.36648 1.36648 15 
-5 4.40683 0.0718583 0.373012 -0.0606769 -0.343948 4.17215 22 851 5620 5618 1 0 0 1 
-5 0.27861 3.83099 0.191151 0.0109193 -0.0592886 4.01571 22 852 2833 2766 1 0.200091 0.200091 23 
-3.81481 -4.18197 -5 0.854474 -0.121557 1.7519 3.88913 22 853 3370 3003 1 0 0 5 
-5 3.18209 2.95632 0.276118 0.0463184 0.149724 3.9729 22 854 13692 13606 1 0 0 1 
-5 0.756661 -2.57111 0.417008 -0.042672 0.292238 3.92407 22 855 15035 15013 1 0.0322599 0.0322599 10 
0.47823 -3.57891 -5 4.09315 -1.00418 2.76462 3.94992 22 857 26168 25954 1 0 0 1 
-1.24784 -4.61632 -5 8.83134 -2.20505 4.23374 3.94516 22 860 21498 21493 1 0.217181 0.217181 3 
1.11866 5 -3.56108 0.261578 -0.106511 0.125374 4.02085 22 861 20075 20039 1 0 0 1 
2.28617 -5 -3.55275 -0.0620266 0.287905 0.0476838 3.95405 22 862 18031 17964 1 0.364942 0.364942 12 
-1.86729 -0.415693 -5 0.375665 -0.108643 0.328927 3.92992 22 863 4372 4371 1 0 0 5 
-5 -3.90193 -1.65289 0.219144 -0.183259 0.057424 4.23731 22 864 6335 6333 1 0 0 2 
-5 -3.46142 4.05093 0.749534 -0.268154 0.158983 4.00689 22 865 19389 18904 1 0 0 2 
-5 -3.25168 0.697283 0.202057 -0.0411626 -0.060067 4.23133 22 866 34823 34559 1 0 0 1 
3.6835 3.97443 5 4.92412 1.05386 -1.65827 4.11975 22 867 17757 17756 1 0 0 2 
2.7703 5 3.36729 0.238101 -0.0265036 0.258183 3.96271 22 868 20940 20869 1 0 0 4 
-5 4.98195 -0.560148 1.31679 0.118067 1.51442 3.91933 22 869 17663 17662 1 0.15521 0.15521 13 
-5 -1.61912 -1.87457 0.477733 0.0327028 0.223735 3.93675 22 870 31913 31541 1 0 0 2 
-0.831983 3.66115 -5 1.7952 0.152404 4.19301 3.8856 22 871 37592 37447 1 0 0 2 
-3.79501 5 1.30822 2.51214 -0.142251 1.64906 3.90608 -11 872 1036 1035 1 0.782003 0.782003 1 
-5 -4.21504 -4.12269 0.223772 -0.0533432 0.291229 3.90398 22 873 13903 13863 1 0.0510765 0.0510765 3 
2.38803 -1.19895 5 0.466479 -0.041111 -0.198044 4.0659 22 874 1525 1524 1 0 0 2 
-5 -2.50412 0.84563 0.806166 -0.173869 -0.20983 4.12229 22 875 44803 44776 1 0 0 1 
-5 0.634847 -0.450193 0.463194 -0.542357 0.162026 4.00616 22 876 1759 1753 1 0.0458219 0.0458219 5 
-5 -3.80495 -0.436679 3.20317 -0.804372 0.69155 3.97539 22 877 15923 15837 1 0.158307 0.158307 5 
-2.34938 -5 2 0.181401 0.0340498 0.26891 4.02572 22 878 8918 8875 1 0.181585 0.181585 9 
-5 -4.28298 -0.738089 2.33597 -0.279842 -0.0460374 3.99488 22 879 7192 7191 1 0.191101 0.191101 29 
-5 -3.13389 -3.29518 0.670889 -0.0388513 0.251266 3.98903 22 880 33813 33812 1 0.0227996 0.0227996 4 
-5 -2.87137 3.0159 0.405991 -0.0938941 0.0208218 4.1221 22 882 38536 38535 1 0 0 3 
-2.3849 0.185852 -5 0.472199 -0.0997501 0.167923 3.96224 22 883 2551 2550 1 0.275668 0.275668 35 
-5 3.65015 0.581646 1.18583 -0.0584677 -0.996968 4.17521 22 884 13387 13386 1 0 0 2 
-5 -0.710841 2.04703 1.83328 -0.237374 1.30911 3.96481 22 885 8347 8285 1 0 0 2 
-5 -2.88199 4.00906 0.273071 -0.254182 0.0131537 4.34924 22 886 5256 5254 1 1.43742 1.43742 5 
-5 -2.05099 2.83872 0.558879 -0.128006 0.66716 3.92609 22 887 1467 1 1 0.170861 0.170861 6 
3.28568 3.35334 -5 -0.0240785 -0.116896 0.104733 4.18602 22 888 18876 18807 1 0.158317 0.158317 28 
-5 4.18566 4.33303 0.41104 -0.0794368 0.0725527 4.00894 22 889 15798 15676 1 0 0 2 
-5 -1.73221 -1.29662 2.19672 -0.518577 2.22397 3.93387 22 890 2970 2888 1 0.51073 0.51073 19 
-0.349563 5 -1.83911 0.276094 -0.0534962 0.0974525 4.00555 22 892 2032 1974 1 0 0 2 
-5 -4.56518 -0.913339 0.398759 -0.204125 0.725814 3.90964 22 893 8799 8668 1 0.175439 0.175439 5 
-5 3.38765 -4.76625 1.16232 -0.0677488 1.75401 3.90082 22 895 16249 16024 1 0 0 1 
-2.43609 5 0.338105 0.816815 -0.79685 -0.523001 4.11068 22 897 5803 5731 1 0.358699 0.358699 3 
-5 0.170536 -4.50073 0.497809 0.0547005 0.101557 4.00235 22 898 12601 12599 1 0 0 1 
-5 -0.45591 1.9619 0.494572 -0.126417 0.0231671 4.01317 22 899 13013 13012 1 0 0 4 
-5 -1.47452 0.643738 0.320982 -0.287484 0.0290121 3.98773 22 900 21121 21037 1 0 0 2 
-4.51538 -3.09181 -5 2.40671 0.187354 4.13055 3.87968 22 901 1230 1073 1 0 0 5 
-5 -1.29811 -4.60504 0.157151 -0.076109 -0.0358687 3.96504 22 902 56210 56181 1 0 0 1 
-5 -4.82637 1.17896 0.54758 -0.386066 0.191143 3.97395 22 903 31532 31506 1 0 0 1 
-2.78139 3.72089 5 0.511365 -0.0650325 -0.286966 4.07744 22 904 24810 24807 1 0 0 1 
-3.47155 -2.29325 -5 0.416507 -0.208036 0.210624 3.94881 22 905 6424 6423 1 0 0 1 
-3.95791 -3.6942 5 0.0776037 -0.0926126 -0.268679 4.13884 22 906 3037 3000 1 0.294343 0.294343 25 
-0.548301 -5 0.113008 -0.0174504 0.0296358 -0.00105414 4.07411 22 910 4142 4138 1 1.00024 1.00024 20 
-5 0.0976834 -1.93453 0.400408 -0.116883 -0.191007 4.20412 22 911 20755 20753 1 0 0 3 
-5 1.69034 0.28715 3.68329 -1.74084 3.56065 3.95184 22 912 3848 3702 1 0 0 2 
-3.82637 -0.51078 -5 0.321402 -0.0242882 0.645253 3.88019 22 913 17178 16080 1 0.235393 0.235393 5 
-5 1.02736 4.36061 0.32767 0.131213 0.0789811 4.02411 22 914 20189 20186 1 0 0 1 
-2.43068 -1.4973 -5 2.64593 -0.815783 2.08878 3.94265 22 915 9846 9820 1 0 0 2 
-5 3.06415 0.758807 0.824728 0.0045178 0.135487 4.041 22 917 42740 42737 1 0 0 1 
-5 2.08212 1.80088 0.658704 0.202097 0.130627 4.04839 22 918 7000 6927 1 0 0 1 
-5 0.744854 2.88303 0.358689 -0.186247 -0.291428 4.23035 22 919 4965 4935 1 0 0 2 
-0.93479 3.02281 -5 2.64139 -0.0412139 4.08458 3.9198 22 921 23709 23708 1 0 0 2 
1.42497 -4.90568 -5 0.609178 -0.338323 0.413819 3.96736 22 922 1678 1 1 0.37582 0.37582 5 
3.53623 -1.65788 -5 0.412222 -0.191514 0.233485 3.96402 22 923 29521 29520 1 0 0 2 
-1.78839 4.49059 -5 2.2002 -0.12966 0.907208 3.96228 22 925 19917 19915 1 0 0 3 
0.700168 5 3.26876 0.230008 -0.2555 0.00578337 4.04963 22 926 13671 13353 1 0 0 4 
-5 3.55005 1.57591 0.638613 0.088882 0.188656 3.96148 22 927 20672 20562 1 0 0 1 
-5 -3.77858 1.49538 0.134757 0.0767018 0.159476 4.05848 22 928 8421 8420 1 0.0656711 0.0656711 5 
-5 -2.85985 -2.40129 1.81498 0.239352 1.39733 3.90042 -11 929 40212 40211 1 2.35886 2.35886 13 
-5 -3.72781 4.65305 0.24536 -0.0334622 0.0608285 4.07672 22 930 21638 21401 1 0 0 3 
-5 1.1324 2.14374 0.187472 0.0358029 -0.237595 4.05737 22 931 21511 21335 1 0 0 1 
1.48827 -3.99374 -5 0.80885 -0.250423 0.389844 3.96558 22 932 35227 35226 1 0 0 3 
-5 4.64014 -2.16523 0.0804047 0.00519545 0.247283 3.95997 22 934 13104 13059 1 0.259821 0.259821 17 
3.85505 5 4.10995 0.241952 -0.278123 -0.130033 4.13614 22 935 1319 1318 1 0 0 3 
-5 3.9924 -4.9534 0.488762 -0.0509459 0.149958 3.96298 22 936 3289 3239 1 0.242259 0.242259 30 
-0.752097 -2.44276 -5 2.29663 -0.788733 4.18211 3.89702 22 938 25789 25514 1 0 0 3 
1.38041 5 -3.77243 0.733089 -0.631197 -0.408801 4.0596 22 939 8926 8925 1 0.23268 0.23268 21 
-5 2.0851 -3.50173 0.789556 -0.262928 1.58209 3.8962 22 940 24644 24383 1 0 0 1 
-5 4.95419 0.0440723 0.266155 -0.016545 0.043362 4.07155 22 941 46375 46374 1 0 0 1 
-5 0.885083 2.81118 0.344066 -0.0967211 0.318286 3.94495 22 942 17742 17714 1 0.142404 0.142404 3 
-5 3.7084 3.0252 0.377554 -0.188756 0.0481572 3.9774 22 943 4944 4890 1 0.15154 0.15154 5 
4.67531 -0.662269 -5 6.39111 0.985056 3.7642 3.9498 22 944 7411 7302 1 0 0 5 
-5 2.41006 3.24336 0.431918 -0.116149 0.247136 3.98173 22 945 8425 8422 1 0 0 4 
-5 2.66548 -0.222031 0.377569 -0.115223 -0.324477 3.98523 22 946 1006 1002 1 0.049855 0.049855 13 
-2.25359 -1.1416 5 0.587826 0.0737256 -0.451621 4.11359 22 947 6153 6152 1 0 0 1 
-5 2.20564 -4.27499 2.28416 -0.606368 1.25296 3.93809 22 948 35596 35464 1 0 0 1 
-2.13012 5 2.73413 1.51823 -0.493141 2.1574 3.93082 22 949 41342 41308 1 0 0 1 
-5 -3.17904 2.52944 1.27273 -0.152944 1.76082 3.93191 22 950 16023 15784 1 0 0 2 
-0.159592 -4.04365 -5 3.26575 -0.94535 2.46582 3.93523 22 951 8220 8126 1 0 0 1 
-5 0.210308 -4.80955 0.477872 -0.179371 -0.261651 4.09716 22 952 19438 19413 1 1.14019 1.14019 26 
-3.63532 5 3.17475 0.590026 -0.74678 1.30291 3.92669 22 954 3001 1929 1 1.63426 1.63426 31 
3.74802 5 3.2615 0.0733423 -0.1913 -0.00172275 3.96494 22 955 5253 5071 1 0 0 4 
-5 -3.08491 -1.0377 0.28312 -0.225838 0.260769 3.93858 22 956 5911 5865 1 0.168359 0.168359 30 
-5 -2.11285 3.55171 0.571725 -0.192194 0.142466 4.00002 22 957 23473 23062 1 0.531957 0.531957 3 
-2.63477 3.49177 -5 0.257472 -0.0995905 0.430012 3.91263 22 958 10683 10651 1 0.63915 0.63915 33 
-5 3.42603 -0.641643 1.62441 -2.61835 0.30681 3.92703 -11 959 2180 2179 1 2.26912 2.26912 14 
-5 1.14393 4.58416 0.462504 -0.129785 -0.259671 4.14851 22 960 3976 3975 1 0 0 1 
2.98955 4.66995 5 0.00103396 0.00236582 -0.0296692 4.10502 22 961 11181 11172 1 0.0296166 0.0296166 12 
-5 3.79575 0.401671 5.39922 0.446922 8.32318 3.91616 22 962 2788 2705 1 0 0 2 
-5 -0.420664 4.32838 0.564839 0.0468276 0.539397 3.94637 22 963 12415 12389 1 0.559712 0.559712 56 
3.11177 -5 -0.981613 -0.0826601 0.105689 -0.186203 4.1211 22 964 9748 9667 1 0.229225 0.229225 21 
2.22749 4.11268 -5 0.572166 -0.0574388 0.111201 3.98963 22 965 22433 21227 1 0 0 2 
-5 4.18057 3.75482 1.25758 -0.187615 1.60842 3.92968 22 966 16785 15972 1 6.74619 6.74619 86 
-5 -3.68455 2.65029 1.49439 -1.08738 0.848097 4.00279 22 969 1433 1432 1 0.054513 0.054513 8 
-0.880968 2.83117 5 0.180172 0.235452 -0.081871 4.10398 22 970 3052 3051 1 0 0 2 
4.01727 5 0.732396 0.499829 -0.0676793 0.0819183 4.02863 22 971 26684 26683 1 0.190373 0.190373 3 
-0.0340724 -5 -1.47521 0.0279096 0.113149 -0.274921 4.03976 22 972 15387 15386 1 0 0 6 
-5 -3.95877 -3.47253 0.544862 -0.0197185 1.12996 3.88835 22 973 4881 4545 1 0 0 2 
2.22699 4.2595 5 0.235453 0.0776601 -0.0594296 4.2077 22 974 13727 13516 1 0 0 2 
-5 4.17834 -1.04801 3.09579 -0.201821 1.11946 3.98239 22 975 18745 18715 1 0.571044 0.571044 5 
-5 -4.58769 -2.20684 0.473464 0.00813981 -0.192057 4.13179 22 976 34002 34001 1 0.51085 0.51085 13 
-5 2.21201 4.4811 0.389957 -0.028922 -0.26887 4.17353 22 977 25019 25018 1 0 0 1 
-2.50524 5 -4.01293 0.560522 -0.298633 0.647053 3.94131 22 978 4628 4627 1 5.75826 5.75826 30 
-5 0.122708 0.984632 0.686264 -0.0837804 0.645508 3.93988 22 979 55076 55034 1 0 0 1 
1.98971 5 -1.67887 0.478818 -0.0862586 -0.156245 4.06865 22 980 12070 12040 1 0 0 3 
-5 0.420262 2.249 0.503582 -0.0389115 0.0775273 3.93889 22 981 14095 14094 1 1.22167 1.22167 41 
-2.58156 -1.10518 5 -0.023455 -0.0829418 -0.178198 4.00237 22 982 14947 14615 1 0.197667 0.197667 21 
-1.78119 -1.2868 5 0.419806 0.122375 -0.2644 4.22534 22 983 20140 20098 1 0 0 1 
-5 -1.10399 -2.64372 0.668489 -0.0337657 0.850182 3.91896 22 984 3604 3519 1 0 0 2 
-5 0.873353 4.64661 0.394129 -0.029585 0.283858 3.96309 22 985 9656 9655 1 0 0 1 
-5 -3.4058 4.74825 0.417736 -0.0925389 0.120404 3.96683 22 987 29768 29200 1 0 0 3 
1.50547 5 -3.14453 0.801281 -0.486017 2.07254 3.90915 22 988 9358 9240 1 0 0 1 
-5 -3.26765 1.22006 0.367724 -0.10174 0.414486 3.94355 22 990 23707 23652 1 0.25655 0.25655 34 
-4.73999 1.47145 -5 0.488327 -0.150276 0.00858129 3.91921 22 991 3812 3779 1 0.0296051 0.0296051 11 
-5 1.40274 2.58923 0.165955 0.187326 0.318156 3.95167 22 992 37771 37770 1 0.203766 0.203766 6 
-5 0.937375 -2.82943 0.259244 -0.0720969 -0.181004 4.05442 22 994 1411 1409 1 0 0 4 
-5 -2.24934 3.03412 0.685562 0.418217 0.404516 3.9687 22 995 1227 1 1 0.228171 0.228171 24 
-0.43705 5 3.60182 0.467771 -0.205352 -0.0118714 4.09403 22 997 1195 1194 1 0 0 6 
-5 1.85754 -0.665504 2.06551 -0.273785 1.52706 3.94971 22 999 6840 6793 1 0.835145 0.835145 47 
-5 -0.209193 3.9349 1.65275 -0.82014 1.84478 3.95684 22 1000 20285 20217 1 0 0 2 
