# Det10_7_6
#x y z Px Py Pz t PDGid EventID TrackID ParentID Weight Edep VisibleEdep Ntracks
-2.02471 -5 -0.123093 0.303806 0.0684747 0.036664 3.67194 22 2 11278 11229 1 0 0 1 
-3.0423 -5 0.666012 0.419955 0.268086 0.113523 3.67435 22 4 55952 55951 1 0 0 1 
-2.41811 -5 -2.82468 0.209017 0.393396 -0.551731 3.83199 11 5 55563 55549 1 0.363058 0.363058 1 
-5 2.81143 2.81651 0.641487 -0.365114 0.052046 3.6735 22 6 18227 18108 1 0 0 1 
-3.20742 1.85014 5 0.235347 0.00711822 -0.45352 4.07455 22 7 8955 8954 1 0 0 2 
-5 1.05769 -3.76496 0.0634256 0.434535 -0.235164 4.01112 22 9 31068 31014 1 0 0 1 
-5 2.02454 0.127733 1.31463 0.459844 -0.218782 3.66052 22 12 32608 32557 1 0 0 1 
3.28971 -4.13155 5 0.360314 -0.0390758 -0.372485 3.7824 22 14 9717 9707 1 0 0 2 
-5 -1.12278 1.39155 1.28225 0.170676 0.404858 3.65205 22 18 20047 20016 1 0 0 1 
-2.88089 -4.71741 5 0.719969 0.212318 -0.781435 3.8996 22 21 9933 9886 1 0 0 1 
0.00233692 -1.34105 5 0.180838 0.0621498 -0.161844 3.7867 22 28 20911 20775 1 0.0117612 0.0117612 2 
-2.05673 2.36755 5 1.7215 0.799813 -1.02512 3.80784 22 29 27493 27476 1 0 0 1 
-5 0.0392561 -0.329122 0.0608763 -0.13887 0.0921724 3.72631 22 37 32969 32948 1 0.177077 0.177077 23 
2.31797 0.717461 5 0.447624 -0.133958 -0.415089 3.89883 22 38 5094 4990 1 0 0 2 
3.94081 2.82704 5 0.266376 0.151945 -0.0594083 3.79622 22 39 1321 1 1 0 0 1 
-2.54146 2.86273 5 0.3932 -0.0745185 -0.478566 4.36514 22 42 25876 25874 1 0.623569 0.623569 19 
-1.27914 3.16161 5 0.315507 0.0102543 -0.401833 3.91515 22 46 48612 48589 1 0 0 1 
-0.875956 -5 -3.53072 0.294455 0.0334051 -0.416293 3.90917 22 47 8423 8390 1 0 0 1 
-5 0.8866 3.97487 0.994405 0.547495 0.1097 3.70261 22 48 26302 26248 1 1.14001 1.14001 28 
-4.59781 -4.60494 5 0.456036 0.2018 -0.111479 3.86499 22 49 25702 25679 1 0.0746318 0.0746318 2 
-0.0292539 -3.6112 5 0.324255 0.0944704 -0.189703 3.76845 22 57 24492 24396 1 0.016694 0.016694 5 
-4.81448 -0.163063 5 0.236391 0.187779 -0.412284 4.0514 22 64 29784 29767 1 0.510743 0.510743 22 
-5 -3.56813 -2.35451 1.85598 0.789886 -0.204562 3.6972 22 67 6978 6877 1 0 0 1 
-5 2.65979 -1.36584 0.406702 0.191734 0.184182 3.62746 22 73 52466 52399 1 0 0 1 
-5 -1.91207 4.34536 1.33589 0.3317 0.24803 3.68964 22 74 5314 5312 1 0 0 1 
1.00751 -1.48577 -5 0.491003 0.132308 0.0503061 3.68388 22 76 19313 19312 1 0 0 1 
3.48916 1.13674 5 0.330153 0.198042 -0.224763 3.87792 22 77 68251 68250 1 0 0 1 
-1.28759 3.85065 5 -0.00435577 -0.0230758 -0.0240722 3.98302 22 80 26799 26788 1 0.0333726 0.0333726 18 
-5 -1.02895 3.17742 0.229928 -0.0563777 -0.18032 3.92976 22 94 47478 47477 1 0.0218341 0.0218341 2 
-5 3.64167 1.8022 0.139202 0.261039 0.0260957 3.97843 22 100 10978 10946 1 0 0 2 
-5 1.03122 -0.915163 0.470185 0.180721 -0.0859425 3.6903 22 102 24949 24948 1 0.510556 0.510556 27 
-5 -2.10242 -4.73323 3.97057 0.363071 -1.77784 3.73856 22 104 44084 44083 1 0 0 1 
-5 1.06446 -3.21637 0.322405 0.101768 -0.573079 4.0833 22 105 9224 9223 1 0 0 1 
-5 4.81864 4.5382 0.371018 0.176542 -0.262715 3.82757 22 108 28662 28661 1 0 0 1 
-3.12196 3.61114 5 0.174012 0.0825603 -0.473311 4.42935 22 109 27537 27536 1 0 0 1 
-4.03096 -5 1.3284 0.149837 0.220109 0.294912 3.64015 22 115 38834 38645 1 0.177531 0.177531 2 
-5 -3.33337 0.259892 0.771131 0.15974 0.104401 3.64535 22 119 45504 45465 1 0 0 2 
-5 3.30815 1.24857 0.170712 0.150081 -0.392734 4.03681 22 120 11400 11399 1 0 0 1 
-5 4.86224 -0.731301 0.423749 0.27253 0.0853455 3.74401 22 121 16881 16879 1 0 0 3 
-2.32778 -0.969119 5 26.0629 -8.72906 -23.5764 7.95968 2112 122 25348 25229 1 0 0 1 
3.7658 -4.75878 5 0.226222 0.107334 -0.348646 4.22591 22 127 15424 15423 1 0 0 2 
2.06336 0.726275 5 0.443298 0.378528 -0.728849 4.19928 22 128 5887 5886 1 0 0 1 
-5 2.25507 4.20848 0.437992 0.0561163 -0.251143 3.76463 22 129 34376 34375 1 0 0 1 
-4.4935 -1.34151 5 0.212128 0.085073 -0.32225 3.92393 22 132 40505 40234 1 0 0 1 
2.90157 0.954914 -5 0.364514 0.190369 0.30333 3.68311 22 134 40834 40833 1 0 0 1 
-5 1.22375 -1.49859 1.38523 0.526845 0.791641 3.62127 22 135 22156 22127 1 0 0 1 
-3.94867 -5 -4.68945 0.34009 0.256973 -0.0121564 3.69828 22 136 23781 12048 1 0 0 1 
-5 -4.96378 -3.35813 0.209174 0.0761724 -0.362737 4.11155 22 138 33169 33167 1 0 0 1 
-5 0.445695 2.60582 0.559697 -0.000318904 -0.185544 3.89996 22 139 29693 29692 1 0 0 1 
-4.55612 -5 0.466697 -0.0447772 0.143291 -0.299141 3.88583 22 141 16080 16079 1 0 0 1 
-5 1.3427 4.12139 0.380766 0.29327 -0.17358 3.7485 22 144 9833 9779 1 0 0 2 
3.05818 -0.0818132 5 0.352555 0.0730495 -0.362614 3.84591 22 145 21070 21067 1 0 0 1 
-5 0.322634 1.74237 0.382102 0.169189 -0.294097 3.92635 22 150 7080 7051 1 0 0 1 
-2.23603 -5 -2.71906 0.121 0.124273 -0.480661 4.05389 22 151 22033 22032 1 0 0 1 
-1.05678 0.220089 5 0.285719 0.152141 -0.0668445 3.80724 22 153 5578 5545 1 0.330259 0.330259 19 
-4.92099 0.753809 5 -0.150905 0.217323 -0.248825 4.24626 22 157 4459 4458 1 0 0 2 
-5 1.06843 -1.18303 2.80894 1.6142 0.0953652 3.70299 22 160 23889 23763 1 0 0 1 
-1.71843 0.676523 -5 0.128868 0.20151 0.179605 3.73351 22 168 17118 17117 1 0 0 1 
-5 2.38093 -2.60146 0.237049 0.293502 -0.0952535 3.79027 22 175 33206 33205 1 0 0 1 
0.785618 -5 1.37996 36.4663 11.9082 -7.87308 8.51107 2112 180 31072 30925 1 0 0 2 
3.6908 4.54317 5 0.117426 0.43605 -0.774299 3.95214 22 181 8615 8613 1 0.10754 0.10754 3 
-4.86242 -5 2.09251 0.181046 0.771049 -1.08005 4.24097 22 182 28104 28084 1 0 0 1 
3.86425 -5 2.46534 2.95371 0.631077 1.13937 3.67735 22 183 44557 44436 1 0 0 1 
2.32594 -1.33425 5 0.469863 0.163562 -0.521159 4.07584 22 200 31966 31888 1 0 0 1 
-5 -0.170428 0.838618 0.240119 0.102051 -0.391655 3.8932 22 201 31893 31892 1 0 0 2 
-0.896968 -0.999623 5 1.34817 0.546146 -1.60406 4.06858 22 203 54793 54758 1 0.384294 0.384294 2 
3.58193 0.329453 5 3.09183 -0.754431 -1.23617 4.19406 11 205 5816 5815 1 0.25261 0.25261 1 
-3.93312 -5 2.47695 0.487417 0.149932 0.0326278 3.68299 22 208 38119 38118 1 0 0 1 
0.132651 -5 -3.61594 0.27428 0.300592 -0.00667645 3.76715 22 220 50540 50507 1 0.227134 0.227134 2 
-5 0.672691 -0.0722208 0.248952 0.189585 0.166599 3.65748 22 221 38410 38409 1 0.354141 0.354141 28 
-5 -3.99973 4.5899 1.959 0.534669 -2.30723 4.01085 22 224 52710 52695 1 0 0 1 
-5 -0.737867 -2.04155 1.31403 0.54382 -0.412978 3.74921 22 229 28407 28406 1 0 0 2 
-5 -1.16227 -0.22332 0.237212 0.271439 -0.0107366 3.77307 22 230 10638 10637 1 0 0 1 
-5 -0.190297 3.57307 4.55439 2.14456 0.839127 3.69402 22 232 3061 3009 1 0 0 1 
-3.98734 3.15178 -5 0.0151257 -0.0731811 0.240866 3.66245 22 235 32210 32197 1 0.251841 0.251841 20 
1.044 -5 2.63976 2.0682 1.43571 -2.66225 3.97018 22 244 17079 17078 1 0 0 2 
1.883 0.778695 5 0.335245 0.191215 -0.507031 4.08272 22 246 8505 8462 1 0 0 1 
1.29865 2.9938 5 0.271683 0.0542878 -0.429373 3.97648 22 249 40489 40488 1 0 0 1 
3.75659 -0.484633 5 0.153855 0.136606 -0.444844 4.44578 22 250 12706 12704 1 0 0 4 
-5 -3.3682 -0.333983 0.409663 0.247304 0.179269 3.64388 22 254 30556 30526 1 0 0 1 
-1.77365 2.20455 5 0.273801 0.264466 -0.262222 3.81213 22 262 9645 9589 1 0.46195 0.46195 19 
-5 2.99035 2.5086 0.227099 0.0745919 0.0161314 3.68856 22 263 40449 40448 1 0 0 1 
1.31147 -4.75374 5 1.35228 0.0439808 -1.22629 3.92097 22 268 5752 5724 1 0 0 3 
-0.683638 -4.06606 5 0.0124628 -0.159541 -0.246139 4.02857 22 270 13908 13907 1 0 0 1 
3.56017 -2.11946 5 -0.0129536 0.231699 -0.0554866 4.0372 22 271 38344 38343 1 0.238275 0.238275 19 
2.09624 -5 4.74517 0.282348 0.207128 0.0909131 3.73416 22 272 12966 12905 1 0 0 1 
-5 -2.47766 2.40957 0.220161 0.0898061 -0.123223 3.82461 22 273 47335 47245 1 0 0 1 
-0.507515 0.185243 5 0.605853 0.296501 -0.212865 3.71766 22 274 38395 38368 1 0 0 2 
1.48669 -4.63558 5 0.407476 0.0697766 -0.300357 3.92743 22 275 32315 32293 1 0 0 1 
-1.10658 -0.811384 -5 2.24973 1.12891 1.35432 3.61759 22 285 21928 21917 1 0 0 1 
-5 3.07246 -4.533 0.430115 0.275857 0.00489457 3.72906 22 286 33470 33469 1 0 0 1 
-3.04286 -2.39539 -5 0.467224 0.204121 0.0339983 3.71166 22 290 30963 30962 1 0 0 1 
4.69023 -1.57589 5 0.800807 0.324239 -0.941689 4.07289 22 291 43095 43094 1 0 0 1 
-5 -3.85864 -3.15776 0.169011 -0.412806 0.249292 4.40589 22 292 32048 32036 1 0 0 1 
-5 -4.24585 0.764365 0.223054 0.004737 -0.454661 3.81707 22 294 35239 35238 1 0 0 1 
3.07576 -1.83782 5 0.245054 0.186855 -0.231097 3.90355 22 295 34006 33877 1 0 0 1 
-5 2.44081 4.59616 5.38199 1.57623 -2.5229 3.79732 22 296 3918 3867 1 0 0 1 
2.64103 -5 4.08289 -0.0091547 0.249589 -0.313531 4.18118 22 297 48405 48403 1 0 0 2 
-5 -3.70882 -2.04469 1.22753 0.53215 -0.745266 3.71335 22 299 21036 21034 1 0 0 1 
4.0647 3.46548 5 0.181155 0.0917223 -0.468924 4.31813 22 301 12984 12982 1 0 0 2 
-0.948894 -3.9099 5 22.8584 8.03174 -31.9731 10.57 2112 307 42200 41889 1 0 0 2 
-5 3.11034 -4.59944 1.39295 0.969449 -2.12211 4.0723 22 308 41241 41155 1 0 0 1 
-4.93772 -3.07983 5 0.319531 0.0590048 -0.362551 3.9927 22 313 20272 20271 1 0 0 1 
-5 -0.62356 3.8838 0.250366 -0.234369 0.0221614 3.93983 22 317 24565 24502 1 0 0 1 
-3.96923 -3.74866 5 0.236245 0.142489 -0.34904 4.17335 22 319 47115 47111 1 0 0 1 
-3.72368 -0.257654 -5 0.432865 0.170683 0.141754 3.68655 22 320 43791 43766 1 0.279958 0.279958 2 
-5 2.15706 -0.0215511 0.406191 0.0486592 -0.00569388 3.71795 22 326 1003 1002 1 0.408772 0.408772 24 
-5 -1.02141 -2.49786 1.7846 0.561311 -0.897406 3.81979 22 327 2643 2512 1 0 0 1 
-1.30659 -4.70768 5 0.463258 0.27128 -0.663379 3.98106 22 328 32708 32706 1 0.625687 0.625687 18 
-5 3.09861 -2.86432 0.309697 0.00889543 -0.00552071 3.68462 22 330 35449 35316 1 0 0 1 
-2.54079 -5 -4.13452 0.385342 0.331969 0.049278 3.71607 22 331 2362 2360 1 0.510717 0.510717 17 
-5 1.90516 -3.6123 0.180988 0.0241341 -0.331107 3.85664 22 332 48626 48601 1 0.201363 0.201363 3 
-5 -0.727702 -3.13044 0.196957 0.0180183 -0.134475 3.7954 22 334 13988 13963 1 0 0 2 
-5 0.447847 -1.85316 0.480651 -0.139313 -0.103374 3.778 22 335 27824 27823 1 0 0 1 
-5 -2.3444 -3.67805 3.55524 1.03456 -2.78686 3.84831 22 338 43693 43544 1 0 0 1 
0.514936 -5 1.43596 0.272857 0.105172 -0.175725 3.83582 22 340 48136 48068 1 0.340783 0.340783 27 
0.300002 -4.30998 5 0.37793 0.131843 -0.317658 3.90449 22 341 39004 39003 1 0.161838 0.161838 26 
1.5705 -5 1.22225 0.274742 0.428342 -0.159784 3.85255 22 344 50849 50704 1 0 0 1 
4.59028 -5 -2.24276 0.0475116 0.211475 -0.385708 4.06608 22 345 50028 49997 1 0 0 1 
-5 -3.77571 4.51289 0.358211 0.255242 0.587469 3.63237 22 351 41915 41790 1 0 0 1 
1.72657 1.79074 5 0.181319 0.29172 -0.274096 3.95936 22 352 39849 39835 1 0 0 1 
-5 -3.08532 4.01741 0.203794 -0.0104525 -0.0397865 3.65591 22 363 41820 41753 1 0.207674 0.207674 18 
1.97183 -0.587412 5 0.0838801 0.142537 -0.316624 3.84136 22 366 26001 25920 1 0.356726 0.356726 28 
-3.79986 1.3134 5 0.297762 0.144871 -0.402982 4.01056 22 374 20906 20847 1 0.135824 0.135824 2 
-5 -4.71085 -4.81517 0.623131 0.448207 -0.235205 3.75185 22 375 18655 18621 1 0 0 1 
-5 3.14065 0.461601 4.49279 1.96807 0.662877 3.70094 22 376 34662 34661 1 0 0 1 
-3.07738 -5 0.128424 1.22657 0.79029 -0.714417 3.78429 22 380 15349 15348 1 0 0 1 
0.391529 -0.638479 5 0.0863104 0.244735 -0.32295 4.19586 22 385 34921 34894 1 0 0 1 
-4.86887 -5 3.99699 0.385079 0.142561 -0.221116 4.81438 22 389 11926 11849 1 0 0 1 
-1.65703 2.20686 5 0.250979 0.173603 -0.181852 3.82047 22 390 14646 14564 1 0 0 1 
-5 -1.95912 -3.75315 0.346764 0.137542 -0.267847 3.85589 22 392 5352 5322 1 0 0 3 
0.221639 4.68171 5 0.317146 0.221798 -0.333682 4.06143 22 393 29270 29248 1 0 0 1 
-5 -3.68315 3.53809 0.967958 0.738283 0.391961 3.6553 22 396 44714 44610 1 0 0 2 
-1.31882 5 3.18539 0.420795 -0.26817 -0.192043 3.92173 22 402 24365 24364 1 0 0 1 
-5 -0.131024 -4.01426 0.354156 0.0120055 0.13262 3.75349 22 403 33606 33558 1 0.190134 0.190134 3 
-5 -1.92471 4.50382 4.877 2.05396 0.898965 3.70901 22 404 29780 29510 1 0 0 1 
-5 -2.46426 3.5762 0.337187 -0.207302 0.0519772 3.71206 22 405 44846 44818 1 0 0 1 
-3.7993 -1.78431 -5 0.0661281 -0.133446 0.134382 4.07385 22 409 28987 28964 1 0.0852889 0.0852889 4 
-5 -1.62107 -1.81133 0.500519 0.0952693 0.0390382 3.70206 22 421 56145 56144 1 0 0 1 
2.05756 1.83584 5 2.62609 1.46419 -3.56888 3.96898 22 425 30950 30949 1 0 0 1 
2.28821 -2.77522 5 0.19335 -0.195831 -0.0942697 3.86169 22 426 8782 8559 1 0 0 2 
-5 4.09795 -4.66176 0.308063 0.1106 -0.377526 4.13549 22 427 36772 36755 1 0 0 2 
-4.60376 -2.52195 -5 0.240882 0.138496 0.141823 3.68234 22 433 11583 11495 1 0.549428 0.549428 22 
4.52914 0.594372 5 0.972561 0.185766 -0.484644 3.9918 22 438 30066 30065 1 0.34911 0.34911 2 
-5 -1.14528 0.570361 0.487959 0.188765 -0.425405 3.79034 22 440 25579 25577 1 0 0 1 
-5 2.8306 4.85665 0.71775 0.60075 -0.0532156 3.74486 22 450 31147 31089 1 0 0 1 
1.60959 -5 4.23188 0.329121 0.245153 -0.108463 3.80778 22 453 19474 19461 1 0 0 1 
0.0758071 4.94067 5 0.0476075 0.102011 -0.298308 3.98737 22 456 2044 2043 1 0 0 3 
-5 0.727715 2.81397 0.335033 -0.0309465 0.122289 3.78033 22 460 3271 3247 1 0 0 2 
-2.14009 -4.70031 5 0.323351 0.129165 -0.203795 4.12964 22 466 38925 38924 1 0.40322 0.40322 18 
0.762668 2.77078 5 0.346596 0.277632 -0.242176 3.91366 22 467 37395 37394 1 0 0 1 
-1.65672 -0.389415 5 0.244495 0.0971952 -0.0435559 3.99109 22 468 6956 6927 1 0.266169 0.266169 33 
-5 -4.26151 -2.20952 0.830517 0.245311 -1.74859 4.0474 22 472 11252 11165 1 0 0 2 
0.241153 2.9936 5 0.00846963 0.321699 -0.280179 3.74657 22 473 6477 6440 1 0 0 1 
-5 -3.38185 -1.75825 0.174872 0.0968636 0.0945361 3.93759 22 481 32380 32336 1 0.220616 0.220616 26 
0.855951 1.10921 5 0.422254 0.118453 -0.26228 3.86867 22 482 20850 20849 1 0 0 2 
-3.33086 -5 1.21502 0.399377 0.183239 -0.0750444 3.75966 22 491 36925 36914 1 0 0 1 
-5 -1.3269 3.48545 0.583314 0.276097 -0.0068094 3.70652 22 493 47619 47618 1 0 0 1 
-0.335071 -1.56358 5 -0.145827 0.204546 -0.160108 3.93228 22 495 6487 6486 1 0.0149969 0.0149969 2 
-4.95122 -5 4.11387 0.667771 0.681093 -1.63197 4.09401 22 496 9170 9132 1 0 0 2 
-5 2.2186 -0.692576 0.434879 0.0902345 -0.252701 3.77821 22 501 12690 12689 1 0 0 1 
-5 2.36674 2.91499 0.534071 0.316913 -0.579856 4.91448 22 502 42698 42490 1 0 0 1 
0.379445 -4.83517 5 0.412316 0.224735 -0.201519 3.70582 22 505 37577 37575 1 0 0 1 
3.32963 -0.243295 5 0.475527 0.330793 -0.892935 4.10031 22 521 16809 16808 1 0 0 1 
1.40536 -1.53885 5 -0.0401096 0.0485193 -0.367053 3.7804 22 525 13286 13285 1 0.092541 0.092541 2 
2.82276 2.2072 5 0.0529273 -0.156084 -0.184471 3.81541 22 526 15604 1 1 0 0 1 
-5 0.86121 3.1884 0.466307 0.192226 -0.0820169 3.69731 22 530 10232 10231 1 0 0 1 
-5 3.60301 -2.70922 0.145477 0.0840076 -0.0547229 3.67082 22 532 30396 30353 1 0 0 1 
-3.90355 1.84872 5 0.268086 0.129327 -0.41536 4.09936 22 534 37050 37032 1 0.202278 0.202278 2 
1.62463 -0.452894 -5 0.264264 0.343555 0.270655 4.32429 22 539 22945 22944 1 0.51065 0.51065 23 
-5 -2.63618 -0.101832 4.81532 1.18801 2.04372 3.6495 22 540 18668 18667 1 0 0 1 
-2.15884 -4.95781 5 0.016387 -0.0718225 -0.317869 3.88601 22 542 36060 36059 1 0.325719 0.325719 29 
-0.203948 1.76201 -5 0.435736 0.131265 0.186576 3.72106 22 543 38883 38848 1 0 0 1 
-5 -3.70641 4.64151 0.484031 0.0572587 -0.153477 3.8337 22 549 30563 30560 1 0 0 1 
-2.61338 -0.291893 5 0.320467 0.101526 -0.24644 3.77377 22 553 8771 8757 1 0 0 1 
-5 -3.66897 -2.59479 0.508575 0.0291545 0.0402657 3.63129 22 558 22699 22676 1 0 0 1 
-5 -3.94376 0.890378 0.411754 0.242995 -0.180366 3.82509 22 561 2346 2345 1 0 0 2 
-2.29682 -0.185148 5 0.512097 0.240404 -0.167959 4.83911 22 562 13456 13454 1 0 0 1 
1.92342 -5 -2.16633 -0.00595631 0.137362 -0.11868 3.78875 22 565 21052 20944 1 0 0 1 
-2.24808 1.8895 5 0.117343 0.110354 -0.275473 3.9803 22 569 35047 34961 1 0 0 1 
-4.43384 -5 -1.71323 0.316632 0.0958028 -0.32543 3.77702 22 570 35540 35539 1 0 0 1 
1.76689 -0.673476 5 0.287201 0.0457047 -0.343649 4.2755 22 572 45925 45879 1 0 0 1 
-0.0600968 -4.06485 5 1.00052 0.314959 -2.85127 4.43625 22 575 48183 48182 1 0 0 1 
-5 -1.98703 2.16118 0.454572 0.218945 -0.0809146 3.78244 22 576 27894 27893 1 0 0 2 
-4.68613 -5 -4.05751 0.112086 0.088851 -0.280088 4.04879 22 580 25160 25159 1 0 0 2 
-5 -1.45672 -3.22865 0.275197 0.131143 -0.0631711 3.73931 22 583 13600 13598 1 0 0 2 
4.82067 -4.91432 5 1.1569 0.239966 -0.322396 3.83174 22 585 19535 19534 1 0 0 1 
-5 -4.30557 2.80075 0.027299 -0.0115478 -0.00288808 3.97721 22 586 26817 26799 1 0.0296087 0.0296087 12 
-0.447998 -5 2.96569 0.20319 0.559168 -0.651518 4.08014 22 591 10112 10022 1 0 0 2 
-5 0.940056 -4.39997 0.450774 0.237624 -0.0381816 3.67225 22 592 21712 21710 1 0 0 1 
-4.23223 -4.67182 -5 0.348903 0.0816595 0.364305 3.64231 22 594 20489 20488 1 0 0 2 
-5 1.84957 -4.11375 0.129812 0.239801 -0.351387 3.82373 22 595 10155 10153 1 0 0 1 
-5 -1.89397 -2.83781 0.308563 0.232904 -0.0724532 3.7334 22 600 6986 6574 1 0.392945 0.392945 27 
-5 3.34809 -3.56425 0.246462 0.154854 -0.218034 3.79841 22 601 11181 11124 1 0 0 1 
-3.01377 -3.39724 5 0.897407 0.236015 -0.851454 4.03961 22 606 39223 39222 1 0.866974 0.866974 2 
-5 -1.99007 -2.50385 0.132112 0.0254825 -0.492968 4.34776 22 608 27682 27661 1 0 0 1 
2.07049 -5 4.53288 0.69603 0.320495 0.487851 3.62761 22 612 43842 43736 1 0 0 1 
-5 -3.22451 2.61679 0.379247 0.0937912 -0.329386 3.92052 22 614 6608 6607 1 0.643369 0.643369 31 
2.15978 -5 -2.08194 0.489277 0.454895 -0.191073 3.81202 22 616 50138 50137 1 0 0 1 
-5 -4.15336 -2.98437 0.387256 0.223138 -0.120697 3.72492 22 618 32405 32404 1 0 0 1 
-5 -3.13437 3.25794 0.34864 0.132216 0.0570898 3.80873 22 622 37248 37225 1 0 0 1 
-5 -4.09129 -3.09825 0.430922 0.141093 0.235624 3.62165 22 623 12049 12048 1 0 0 1 
-4.70939 5 4.69362 0.0270366 -0.232352 0.275537 3.67133 22 626 25253 25204 1 0 0 1 
-5 -1.17794 4.50004 0.328165 0.0982387 0.0570084 3.65944 22 627 9628 9597 1 0.00669925 0.00669925 3 
-5 3.78543 -3.14336 0.424306 0.110179 -0.262574 3.84476 22 628 14135 14109 1 0 0 1 
-5 4.9965 0.435425 0.0678982 0.0798798 0.0833844 3.84894 22 634 36556 36455 1 0 0 1 
2.45631 1.93021 5 0.17702 0.0568432 -0.475975 4.40007 22 643 45427 45426 1 0.239732 0.239732 2 
-5 -3.97286 4.4952 0.40893 0.0435055 -0.0392251 3.68893 22 645 13484 13448 1 0.412276 0.412276 52 
1.14906 0.681581 5 0.484402 0.354936 -1.35479 4.23233 22 646 23896 23894 1 0 0 1 
-5 2.22344 -2.98724 0.608327 0.352108 -1.10398 4.13961 22 647 24454 24428 1 0 0 1 
-0.522938 -5 0.882679 0.589709 0.181238 -0.381514 3.83309 22 650 40839 40767 1 0 0 2 
-0.581336 -4.39466 5 0.284037 0.0615135 -0.420308 4.20723 22 656 7969 7968 1 0 0 1 
-3.23574 1.64175 5 0.317141 0.125532 -0.250473 3.78018 22 659 39923 39922 1 0.422843 0.422843 23 
-5 -3.69195 2.22096 0.387418 0.19835 -0.26774 3.90964 22 660 18930 18929 1 0 0 1 
-5 -0.488655 0.371261 0.25032 0.0693947 -0.080887 3.82977 22 666 47557 47535 1 0.271687 0.271687 24 
-2.27476 4.97523 5 0.0199023 0.156491 -0.16054 3.90135 22 667 45736 45692 1 0 0 1 
-1.03518 -5 -0.507644 -0.0254931 0.191151 -0.168758 3.89257 22 669 37679 37583 1 0 0 1 
-5 0.403241 0.665178 0.418706 0.156535 -0.247593 3.82756 22 675 34484 34483 1 0 0 2 
-5 -1.20803 -2.93151 0.361179 0.227745 -0.252714 3.92768 22 677 35244 35242 1 0 0 1 
-3.59724 4.33115 5 0.421832 0.188585 -0.8073 4.28025 22 679 12563 12514 1 0 0 1 
1.24999 -5 -4.30297 1.60796 0.574217 -2.45084 3.98095 22 684 3797 3775 1 0 0 1 
2.67148 5 3.95655 0.314739 -0.0929788 0.14019 3.7405 22 691 39153 39151 1 0 0 2 
-2.421 -5 -3.84092 0.348951 0.11748 0.0137327 3.68452 22 694 29509 29469 1 0.368088 0.368088 21 
1.77001 -2.85815 5 0.309439 0.101486 -0.250685 3.899 22 698 27366 27333 1 0.076007 0.076007 2 
-5 1.19162 -2.59081 0.522441 0.31499 -0.0912835 3.72649 22 699 52616 52587 1 0 0 1 
-2.59676 -4.03283 5 0.215784 0.108311 -0.450362 4.2194 22 700 36655 36628 1 0 0 1 
-5 -1.63598 -1.82007 0.427356 0.108027 -0.178063 3.8312 22 702 8117 8093 1 0 0 1 
0.9002 3.5136 5 0.304867 0.0891228 -0.379729 4.05709 22 703 21347 21316 1 0 0 1 
-4.02897 -0.58916 5 1.00507 0.281403 -0.700782 3.81957 22 708 16722 16498 1 0 0 1 
-3.35105 -0.589464 5 0.247831 0.167316 -0.208718 3.89423 22 710 20908 20813 1 0.0226065 0.0226065 2 
-3.99531 -3.00823 5 0.208226 0.236747 -0.0939249 3.69038 22 712 29185 1 1 0.328674 0.328674 17 
-5 1.72026 4.45347 1.77763 0.455185 -0.414938 3.72267 22 714 33404 33403 1 0 0 1 
-1.59726 2.75673 5 0.856907 0.456956 -0.666517 3.93062 22 716 39410 39286 1 0 0 1 
-5 2.06115 0.771314 0.785375 0.315559 -0.14811 3.70543 22 717 24235 24177 1 0 0 1 
0.362931 -1.11599 5 0.00733562 0.0937043 -0.562098 3.86649 22 722 9968 9911 1 0 0 1 
4.78442 -5 3.3538 3.9346 1.26743 0.708807 3.65763 22 724 11555 11554 1 0 0 1 
-5 2.33198 2.49247 0.278348 0.0285338 -0.113047 3.73405 22 727 24421 24385 1 0.0249518 0.0249518 2 
-5 3.86055 -3.78204 0.481582 0.148591 0.0843799 3.69739 22 729 7365 7325 1 0 0 2 
3.30274 5 -4.50674 0.232557 -0.160684 -0.187999 4.25266 22 730 19620 19492 1 0 0 1 
-4.83636 0.976854 5 0.228052 -0.0481816 -0.252026 4.03983 22 731 39375 39374 1 0 0 1 
-5 2.63241 -4.27948 0.296603 0.186662 0.0448933 3.66027 22 732 21483 21365 1 0.015326 0.015326 2 
-5 4.77662 -1.39647 0.255973 0.22892 -0.342794 3.95464 22 739 34418 34417 1 0 0 1 
-0.0834674 -0.0160538 5 0.324694 0.210563 -0.170249 3.936 22 740 15475 15472 1 0 0 1 
-5 -0.706938 -3.49606 0.140669 0.254197 -0.0137849 3.94019 22 741 29756 29754 1 0 0 1 
-4.82722 -5 3.1007 0.469932 0.136529 0.147119 3.6867 22 743 31351 31350 1 0.011716 0.011716 2 
-5 0.179681 -2.51163 0.473702 0.17426 0.0797487 3.70127 22 745 53199 53198 1 0 0 1 
-5 3.23609 3.78384 0.358307 0.167735 0.323421 3.64959 22 757 33946 33915 1 0 0 1 
3.82599 -5 -2.96758 0.41814 0.130906 -0.262949 3.83695 22 760 57627 57595 1 0 0 1 
-5 3.98154 2.42147 0.461873 0.218214 -0.0132485 3.84119 22 763 61856 61855 1 0 0 1 
-5 4.33328 -1.39119 0.411053 0.149455 -0.255635 3.82874 22 768 15346 15282 1 0 0 1 
-5 -1.85436 -1.27924 0.399171 0.318128 0.0240244 3.71399 22 769 46501 46465 1 0.0446344 0.0446344 2 
-3.46043 -5 -2.90747 0.316939 0.170742 -0.147977 3.79332 22 770 46768 1 1 0 0 1 
1.74902 -5 0.155175 0.621589 0.12498 0.0582771 3.70847 22 771 28751 28677 1 0 0 1 
-5 0.748073 -1.58217 0.459646 0.088704 -0.00442525 3.65576 22 773 32106 32086 1 0.0408843 0.0408843 3 
-1.64589 4.88481 5 0.082349 0.05889 -0.463164 4.14961 22 776 17540 17315 1 0 0 1 
3.6685 1.39303 5 0.904308 0.575312 -0.897646 3.85406 22 777 28343 28342 1 0 0 1 
-5 2.77259 2.94321 0.353121 0.277412 -0.24386 3.89081 22 780 43663 43630 1 0 0 1 
1.35451 -5 4.71526 0.269329 0.198814 -0.624195 3.82799 22 781 28617 28595 1 0 0 1 
-5 -3.72337 -2.66883 0.384197 0.0294906 -0.335623 3.89877 22 783 12603 12602 1 0.510328 0.510328 37 
0.168858 -5 -1.28333 0.409984 0.262251 0.180829 3.62159 22 784 48597 48433 1 0 0 1 
-5 4.90127 1.29787 1.09416 0.678698 -0.101443 3.70485 22 788 35764 35691 1 0 0 1 
-5 4.86748 4.63687 0.387682 0.223788 -0.191376 3.78511 22 789 29653 29567 1 0 0 1 
3.96914 -5 -0.866358 0.487353 0.101978 -0.114923 3.7859 22 790 19561 19560 1 0 0 1 
-5 3.22272 -4.19673 0.440639 0.252845 0.0550124 3.6617 22 791 47590 47589 1 0 0 1 
-5 4.62772 -4.44368 0.677916 0.398978 0.52585 3.61172 22 798 55391 39702 1 0 0 1 
-2.40829 4.45912 -5 -0.0363461 -0.0785285 0.106904 4.6189 22 800 6367 6336 1 0.137081 0.137081 30 
2.97538 -5 3.974 1.55464 0.588707 0.921912 3.64012 22 801 35605 35603 1 0 0 1 
-5 -0.0797169 4.71676 0.868206 0.676747 0.582949 3.63967 22 802 29146 29097 1 0 0 2 
-2.30756 -4.42711 5 0.414689 0.0703678 -0.290174 4.01341 22 805 6304 6303 1 0.0784334 0.0784334 4 
-5 1.44786 0.0801652 1.21413 0.463839 -0.122693 4.70957 22 809 51339 51202 1 0 0 1 
-5 -3.98468 4.98593 0.169255 0.090229 -0.297352 3.99649 22 815 9540 9539 1 0 0 1 
-5 -3.98239 -2.32091 0.417239 0.0123133 -0.294754 3.85301 22 816 14575 14574 1 0 0 3 
-5 -2.67967 1.58672 1.13634 0.351479 0.353126 3.64954 22 820 22806 22659 1 0 0 1 
-5 -3.97996 0.901713 0.483167 0.164015 0.406913 3.72883 22 824 34109 34086 1 0 0 1 
-3.47788 5 -1.86771 -0.00274277 -0.150949 -0.10848 3.74244 22 828 47326 47296 1 0 0 1 
-3.28214 -5 -2.48127 -0.0833764 0.137512 -0.209893 3.75049 22 829 26674 26673 1 0.190052 0.190052 16 
-5 -2.1627 -0.959485 0.469277 0.0754228 -0.187644 3.77187 22 830 55474 55441 1 0 0 1 
-5 -0.679097 -2.81302 2.35188 0.372474 -0.758512 3.74173 22 831 27289 27152 1 0 0 2 
-4.00192 -5 0.552798 -0.0801583 0.166913 -0.0350101 3.93204 22 832 47206 47164 1 0 0 1 
4.31204 -2.90044 -5 0.00369172 0.186008 0.222039 3.7015 22 836 14169 1 1 0 0 1 
-0.89628 -5 3.44489 0.244249 0.0918932 -0.233265 3.85599 22 842 42024 42006 1 0.0347444 0.0347444 2 
-5 2.89695 -1.89768 0.169477 -0.179652 0.0724098 4.14823 22 843 45926 45925 1 0.256889 0.256889 26 
-1.31697 -0.910635 -5 0.502502 0.0483584 0.388801 3.58407 22 845 51260 44829 1 0 0 1 
-3.82287 -2.83789 5 1.03541 -0.825539 -3.16321 4.25582 22 846 33525 33524 1 0 0 1 
-5 -4.31604 -1.30951 0.0712375 0.47586 -1.24255 4.26535 22 852 20511 20485 1 0 0 2 
-5 4.76141 1.07362 0.303785 0.114389 -0.182016 3.80071 22 855 11493 11492 1 0 0 1 
-5 0.11982 -4.30244 0.306458 0.0824212 -0.0732653 3.8342 22 860 29088 29086 1 0.0374756 0.0374756 2 
-5 3.73505 -4.99171 0.215439 0.0323897 -0.297452 3.98999 22 861 11322 11300 1 0 0 1 
-5 -4.102 -3.73943 0.497789 0.167811 0.241917 3.6235 22 864 25135 24403 1 0 0 1 
0.847132 1.06188 5 0.230058 -0.165387 -0.156521 3.90465 22 870 23877 23876 1 0 0 1 
-2.88207 -5 2.34425 1.69321 0.670202 -0.364723 3.7301 22 872 5306 5305 1 0.217454 0.217454 3 
-5 -4.00269 2.94662 0.382142 0.183259 0.285489 3.62712 22 873 24803 24760 1 0 0 1 
-0.831139 5 4.8628 -0.0425292 -0.207639 -0.0629687 3.85031 22 878 8004 8003 1 0.220895 0.220895 15 
-5 -3.57976 -2.13363 0.35061 0.151201 -0.339603 3.92354 22 879 7467 7466 1 0 0 1 
-5 -1.45051 4.06963 3.46851 0.747691 -1.72445 3.82459 22 880 27440 27384 1 0 0 1 
-5 3.28979 -0.821699 0.245319 0.225349 0.154242 3.6622 22 883 29156 29085 1 0 0 1 
-5 -4.94456 -3.63801 0.288599 0.205845 0.029121 3.63827 22 887 16802 16742 1 0 0 1 
2.77812 0.739133 5 0.841423 0.467891 -0.30379 3.79207 22 895 31766 31743 1 0.208192 0.208192 2 
-5 2.3943 2.91321 0.200022 0.0562016 0.072871 3.68148 22 899 9592 9591 1 0.0300346 0.0300346 4 
-5 0.750691 -0.0688213 0.6981 0.516798 0.306604 3.64034 22 905 22134 22086 1 0 0 1 
-5 -4.90667 3.19218 0.5857 0.339049 0.175786 3.62445 22 906 26470 26469 1 0 0 1 
-3.12889 -5 -4.78903 0.177422 0.0237756 -0.120602 3.69003 22 909 35081 34608 1 0 0 1 
-5 0.55038 -1.24212 8.39997 3.81146 4.3711 3.63254 22 915 9147 9146 1 0 0 1 
-5 -4.25865 4.12356 0.441184 0.148888 -0.210496 3.87303 22 916 39262 39259 1 0 0 2 
-5 -1.95482 2.31592 0.312703 0.237225 -0.244899 3.83871 22 917 4012 3978 1 0.21536 0.21536 2 
-3.02815 -5 4.95007 0.0621731 0.207915 0.0230821 3.68794 22 919 16400 1 1 0.124284 0.124284 2 
-5 -2.0873 -0.0440313 0.177892 -0.0622908 -0.239653 4.03027 22 924 36691 36690 1 0 0 1 
-5 -4.7609 4.48179 0.420512 0.198122 -0.212221 3.74698 22 929 41104 41102 1 0 0 1 
-4.57937 0.668748 5 0.160616 -0.0125182 -0.47993 4.27548 22 933 13922 13897 1 0 0 1 
-4.77631 0.583732 5 0.250343 0.0792653 -0.438366 4.06372 22 934 3619 3618 1 0.510602 0.510602 24 
-5 -3.76558 3.15814 1.47173 0.502838 0.0653333 3.69081 22 938 13324 13182 1 0 0 1 
-5 -0.450409 -1.30133 0.200585 -0.0303773 -0.262747 3.7853 22 939 37875 37874 1 0 0 1 
0.301722 4.88271 5 0.657622 0.393088 -0.629755 4.84229 22 946 21120 20948 1 0 0 1 
-5 0.495991 -2.31394 0.378836 0.0580064 -0.119034 4.1307 22 948 9135 9098 1 0 0 1 
-1.34644 3.79571 5 0.130554 0.0419821 -0.159756 3.9056 22 952 57950 57724 1 0.210082 0.210082 27 
1.94879 -0.558302 5 1.12924 0.476481 -0.620141 3.90062 22 953 13917 13916 1 0 0 1 
4.25341 -5 3.64041 0.652387 0.311651 -1.11029 4.01992 22 957 5479 5430 1 0 0 1 
-5 -3.97897 -2.32785 1.55991 0.611071 1.28717 3.58667 22 958 42273 42149 1 1.71264 1.71264 2 
-0.908983 3.72579 5 1.41939 0.489139 -1.0487 3.92548 22 963 11281 11194 1 0.0975816 0.0975816 2 
0.426252 -4.86203 5 0.242208 0.0122285 -0.180602 4.34938 22 969 11973 11972 1 0 0 1 
-5 1.18709 -2.57199 0.346532 0.162714 0.0222809 3.69434 22 970 43035 42460 1 0 0 1 
1.32907 -5 4.40922 -0.00751175 0.225195 -0.361594 4.30501 22 973 37161 37158 1 0.143755 0.143755 2 
-5 2.23758 2.20662 0.55793 0.31081 0.0210843 3.73411 22 976 46787 46720 1 0 0 1 
4.78258 -0.842121 5 0.49469 0.30644 -0.786006 3.96173 22 978 20239 20175 1 0.0237176 0.0237176 3 
-1.92684 1.35556 5 0.0758096 0.387827 -0.301635 3.89304 22 986 18141 18140 1 0 0 1 
-3.83269 -5 3.95709 0.298055 0.237014 -0.0520455 3.70101 22 988 10705 10704 1 0 0 1 
-5 -4.63066 2.31388 1.65244 0.504879 -0.215654 3.73731 22 989 2637 2636 1 1.40599 1.40599 31 
4.72264 -0.528222 5 0.422659 0.276151 -0.669117 4.04038 22 991 16524 16489 1 0 0 2 
-5 -4.28004 2.88419 0.297244 0.00742848 -0.415585 4.12911 22 995 10378 10351 1 0 0 1 
-5 0.537507 -3.5908 0.372336 -0.0570532 -0.345298 3.71868 22 997 36040 36039 1 0 0 2 
-1.80566 4.24239 5 0.324336 0.182562 -0.318249 4.09035 22 998 28493 28445 1 0 0 1 
-5 3.08912 4.40121 1.24152 0.657093 -1.18358 3.96477 22 999 58507 58506 1 0 0 1 
-4.36963 -5 -4.27551 4.40036 30.2773 3.91603 13.1765 2112 1000 29800 29796 1 0.169079 0.169079 43 
