# Det10_8_12
#x y z Px Py Pz t PDGid EventID TrackID ParentID Weight Edep VisibleEdep Ntracks
1.08135 5 0.614054 0.188258 -0.113779 0.154726 3.89997 22 1 8423 8347 1 0 0 1 
-5 4.12597 3.95497 0.236709 0.0356311 -0.754416 4.15165 22 2 5744 5743 1 0 0 3 
-1.85597 -3.23413 5 0.373214 0.223686 -0.267947 4.03255 22 3 38870 38867 1 0 0 1 
-2.48213 -5 4.30368 0.877489 0.297021 -0.405109 4.01949 22 4 25489 25400 1 0.794817 0.794817 5 
4.2331 -5 1.28718 0.388783 0.311988 -0.0556503 4.07531 22 5 45744 45743 1 0.129089 0.129089 3 
-5 -0.564676 1.45327 2.60808 1.08922 2.10058 3.80528 22 6 13691 13597 1 0 0 1 
2.81171 -5 -0.732378 0.474648 0.0563932 -0.0350194 3.89874 22 7 32695 32637 1 0 0 1 
-5 4.02981 0.512067 1.85874 1.71139 1.05687 3.85782 22 8 9485 9458 1 0 0 2 
3.79995 -5 -4.69183 0.739739 0.524767 0.0598121 3.89043 22 9 12290 12289 1 0 0 2 
-5 1.32386 2.4785 0.361464 0.109558 -0.216719 4.12274 22 10 16500 16472 1 0.215442 0.215442 2 
-4.95639 -0.1965 5 0.333677 0.00617872 -0.386964 4.13249 22 11 6293 6258 1 0 0 1 
-5 -3.33963 -2.39454 0.293538 0.186845 -0.266184 4.03774 22 12 12508 12485 1 0.25425 0.25425 26 
3.12477 -5 -4.83665 0.279843 0.279431 0.0695305 3.88269 22 15 7798 7732 1 0 0 2 
-3.76864 -1.62029 -5 1.2019 0.606665 2.17038 3.76404 22 16 17308 17279 1 0 0 1 
2.99937 1.38849 -5 2.1141 0.849014 2.2463 3.7971 22 18 28947 28621 1 0.435948 0.435948 28 
1.63019 -5 0.52311 0.670711 0.475217 0.546203 3.84076 22 19 15843 15842 1 0 0 2 
-3.32361 -5 -0.307543 0.454917 0.139761 0.186111 3.93695 22 21 22661 22645 1 0 0 1 
-5 1.44992 2.10003 0.825583 0.256944 -0.569722 4.01207 22 22 10676 10619 1 0 0 1 
-1.76187 -5 3.37235 0.606948 0.553474 -0.225028 3.98883 22 23 6168 6167 1 0 0 2 
-5 -0.367316 0.131209 0.602914 0.262331 -0.0659883 3.99422 22 24 39578 39577 1 0.0209738 0.0209738 2 
-5 -2.48763 -1.63288 0.413195 0.299361 0.0277985 3.92098 22 28 5368 5367 1 0 0 2 
-5 -3.25353 0.233493 0.379377 0.249613 -0.234278 4.02398 22 29 13381 13380 1 0.510592 0.510592 29 
4.74956 -5 -2.32451 0.316364 0.178968 -0.277393 4.27266 22 30 5127 5126 1 0 0 1 
-1.5877 -0.674653 5 0.175717 0.285297 -0.38581 4.18649 22 32 34082 34081 1 0 0 1 
0.8548 -5 1.58873 0.336591 0.14467 -0.000514635 3.89142 22 33 4652 4515 1 0.170602 0.170602 39 
4.73907 2.31678 5 1.94838 0.681983 -0.534152 3.95564 22 34 20339 20309 1 0 0 3 
-5 -0.578952 3.51075 0.0954343 0.182431 0.039787 3.96872 22 35 18064 18035 1 0 0 1 
4.20276 -4.20587 5 0.41962 0.214358 -0.197709 4.07108 22 37 18291 18277 1 0 0 1 
-5 -4.95433 -0.858143 0.419746 0.203522 -0.208595 4.33327 22 39 25072 25071 1 0 0 2 
-5 1.30978 1.85184 1.2511 0.576002 1.23672 3.83422 22 40 14375 14291 1 0 0 1 
-2.22371 -5 1.58355 0.31818 0.306413 -0.283904 4.20331 22 41 11122 11084 1 0 0 1 
-5 -3.73132 4.28706 0.179838 0.554108 0.49751 3.8062 22 42 8342 8314 1 0 0 1 
-5 3.14314 -0.315778 0.306677 0.211914 0.0694128 3.87603 22 43 24953 24952 1 0 0 1 
-5 -3.49033 0.783819 0.568598 0.47134 -0.0902743 3.93741 22 45 27534 27500 1 0.274123 0.274123 2 
2.77728 -5 -2.90999 0.328365 0.193247 0.0930599 3.85036 22 46 8910 8883 1 0 0 3 
-5 0.030651 -4.48432 1.01312 0.961489 0.480171 3.83914 22 50 24141 24140 1 0 0 2 
0.525677 -4.46043 5 0.220943 -0.0475098 -0.161069 3.97329 22 53 31118 30633 1 0.95075 0.95075 6 
-2.16457 -1.25743 5 0.219001 0.222756 -0.336399 4.07717 22 54 40032 40011 1 0.0138702 0.0138702 3 
4.38431 -5 -0.95658 2.04361 1.60404 1.77889 3.82901 22 55 34062 33955 1 0 0 2 
-4.96225 -4.67128 5 1.35281 0.574464 -1.62441 4.09105 22 57 2805 2804 1 1.49725 1.49725 3 
4.3869 -5 3.6029 0.321424 0.175821 -0.264134 4.14141 22 58 10891 10851 1 0 0 1 
0.706778 -5 -2.86594 1.03147 0.533934 0.254893 3.87278 22 59 26249 26246 1 0 0 2 
0.729149 -5 4.54402 0.235582 0.180135 -0.265661 4.07794 22 61 32173 32101 1 0 0 2 
-5 -3.55476 1.22804 0.376604 0.503312 0.178912 3.90174 22 62 10395 10380 1 0.137742 0.137742 7 
-3.21299 -5 -4.78817 2.84064 1.28301 -1.15914 3.93223 22 65 48084 48056 1 0 0 1 
1.09449 -4.99031 -5 2.35082 1.10789 2.37888 3.77744 22 66 49504 49325 1 0 0 1 
-2.19362 4.90759 5 0.0805123 0.208965 -0.241893 4.17171 22 67 27810 27809 1 0 0 1 
-5 -3.53501 -4.41595 0.195107 0.129234 -0.141991 4.00448 22 68 28696 28695 1 0 0 2 
-3.97774 -5 3.59772 4.04847 2.19409 -6.86412 4.2678 22 69 25386 25385 1 0 0 2 
-5 -2.77256 -2.52564 0.360591 0.24499 0.266597 3.92731 22 70 14026 14025 1 0 0 1 
-5 0.127602 -3.4083 1.1189 0.181841 -0.24568 3.92754 22 71 44699 44644 1 0 0 1 
-5 1.23507 -4.66557 0.424973 0.266613 0.0971347 3.9055 22 72 24885 24884 1 0.0893907 0.0893907 4 
-5 2.37476 -1.14952 0.216585 0.460475 0.0466173 3.9447 22 74 3669 3668 1 0 0 1 
-3.24528 -1.57516 -5 9.12833 2.28762 2.75354 3.85639 22 77 55754 55694 1 0 0 1 
-0.498106 -5 2.86001 0.339536 0.349445 0.154774 3.91511 22 78 24308 24306 1 0.24444 0.24444 2 
-2.46318 -5 1.31065 -0.0330853 0.183106 -0.0856002 4.17041 22 80 21510 21509 1 0.212644 0.212644 37 
-5 -4.24213 -2.70349 1.05355 0.482579 0.0486375 3.91256 22 81 1578 1537 1 1.15927 1.15927 37 
-5 -3.74777 -3.34758 0.175585 -0.142665 0.0466296 3.87901 22 82 51162 51161 1 0 0 1 
-3.21651 -5 -4.19633 0.213897 0.10889 -0.107846 3.93361 22 84 4027 4026 1 0 0 3 
2.31394 2.30649 5 0.774395 0.331258 -0.816909 4.14194 22 85 38929 38892 1 0 0 1 
-4.74948 -5 -0.573466 0.0341057 0.404229 -0.283995 3.92233 11 86 14291 14271 1 0.054644 0.054644 1 
-5 -2.76822 -1.68087 0.33067 0.206807 -0.330164 4.12362 22 87 10383 10358 1 0 0 1 
-5 4.98047 -0.190637 0.179677 -0.208603 -0.170282 3.955 22 88 14873 11584 1 0 0 1 
1.11844 -4.91325 5 0.261837 0.145915 -0.197108 4.13457 22 90 9654 9627 1 0 0 2 
-0.0994089 -5 -2.21092 3.5112 2.87491 0.921725 3.86873 22 91 39507 39358 1 0 0 3 
4.83916 -5 2.62271 0.0912166 0.08215 0.00053843 4.17313 22 92 35501 35395 1 0 0 1 
-0.641964 -3.28322 5 0.285562 -0.189311 -0.20859 4.20933 22 93 25038 25032 1 0 0 1 
-5 -1.25404 -4.03857 0.938961 0.829007 1.04946 3.83365 22 96 11710 11709 1 0 0 4 
-4.18112 4.12291 5 0.0400716 0.233456 -0.346088 4.11185 22 97 26479 26449 1 0.171216 0.171216 2 
-5 -4.7366 -0.300506 0.0490717 0.199929 -0.238903 3.9822 22 98 57234 57138 1 0 0 1 
3.48449 -5 -4.3058 0.357826 0.225711 -0.286592 4.09103 22 100 9304 9298 1 0 0 1 
-5 -0.714301 -0.0718623 0.287891 0.174823 -0.0153274 3.91145 22 101 40941 40792 1 0 0 2 
-5 -2.60605 -0.774511 0.569448 0.137017 -0.471041 4.15335 22 103 4015 3957 1 0 0 5 
-2.72996 2.71984 -5 0.970308 0.620315 0.236659 3.88683 22 104 8178 8155 1 0 0 1 
-5 -4.38126 -1.83561 0.368938 0.162306 0.159628 3.91103 22 105 44059 44058 1 0 0 1 
-5 -3.0396 -2.9951 0.501469 0.0257868 -0.0947837 3.92105 22 106 40171 40170 1 0 0 1 
-5 -3.98538 -0.441274 1.04736 0.72553 0.254935 3.82269 22 109 50427 50371 1 0.385352 0.385352 2 
3.4396 -5 1.38963 0.428279 0.273118 -0.0557109 3.9335 22 110 21575 21559 1 0 0 2 
-5 -2.68969 -3.7449 1.4679 1.03522 2.5383 3.78238 22 111 20149 20117 1 0 0 1 
-5 0.380955 2.61444 0.216992 0.127321 -0.0812171 4.03427 22 113 38438 38437 1 0 0 2 
2.96051 -0.636582 5 -0.0218783 0.0100656 -0.0233823 4.00103 22 115 15923 15915 1 0.0334507 0.0334507 10 
-1.71271 -4.24864 -5 3.25237 1.73364 4.11106 3.80473 22 116 22661 22622 1 0 0 1 
3.6571 -5 3.00348 0.876891 0.778967 0.584967 3.89404 22 117 15920 15915 1 0 0 1 
-4.5362 -5 0.500466 0.763703 0.451643 0.471168 3.82998 22 118 17121 17102 1 0 0 1 
0.117202 0.388464 -5 0.852422 0.622723 1.39696 3.78082 22 119 45598 45386 1 0.84992 0.84992 28 
-4.1735 2.43845 -5 2.42624 2.32438 6.1425 3.76756 22 120 42621 42474 1 0 0 1 
3.38857 -5 1.9205 0.30868 0.182063 -0.043129 3.91217 22 123 1685 1433 1 0 0 2 
-1.62372 -3.16024 5 1.33584 0.684353 -1.06998 4.15279 22 124 14429 14378 1 0 0 1 
-5 -0.776456 -4.60839 0.441348 0.277015 -0.0137349 3.90582 22 125 38923 38621 1 0.521004 0.521004 17 
0.505804 -3.54703 -5 0.243312 0.257707 0.28206 3.81984 22 126 12824 12820 1 0.389408 0.389408 22 
-5 2.43374 -3.50786 0.364021 0.296073 -0.202361 4.07925 22 127 24493 24492 1 0 0 1 
-3.29867 -5 -1.06704 0.219718 0.253341 -0.172787 4.08566 22 128 7016 7015 1 0 0 1 
-0.13103 1.984 5 0.331025 0.207698 -0.329248 4.08554 22 129 34702 34687 1 0 0 3 
4.29956 -0.446427 5 0.39521 0.195273 -0.258453 4.15697 22 130 12799 12781 1 0 0 1 
2.69762 -5 4.2107 0.439405 0.11911 -0.232068 4.13052 22 132 11806 11805 1 0 0 3 
-5 4.15669 -4.48551 0.384666 0.252273 -0.222508 4.13355 22 134 24977 24928 1 0 0 3 
-5 -2.67347 -2.61458 0.287038 0.171456 -0.337003 4.17997 22 136 18281 18279 1 0 0 1 
-0.307226 -5 -1.63599 0.207176 0.264789 -0.157576 3.97072 22 137 5753 5752 1 0 0 1 
-5 -3.29803 -3.05914 0.401064 0.193387 -0.145238 4.02367 22 139 9662 9661 1 0 0 3 
-1.54566 5 0.15615 0.0979371 -0.117397 0.194495 4.14842 22 140 18086 18085 1 0 0 1 
-5 -2.37034 1.01925 0.281465 0.299829 -0.108647 4.00865 22 144 4463 4461 1 0.424917 0.424917 29 
-2.4964 0.801367 5 0.314347 0.279933 -0.289729 4.07097 22 151 19221 19220 1 0.246459 0.246459 2 
-3.74919 -5 -0.0527527 1.14218 1.36383 -1.22411 4.28734 22 152 12734 12673 1 0 0 2 
-5 -2.76156 4.65926 9.6661 3.66244 6.54757 3.83547 22 153 49665 49664 1 0 0 1 
-3.75621 -2.91809 5 0.366997 0.168337 -0.313202 4.08741 22 154 20615 20587 1 0 0 1 
-5 1.33944 2.0571 0.9209 0.384208 -0.363225 4.07974 22 155 18668 18667 1 0 0 1 
-5 0.179287 -2.79529 0.443571 0.329527 0.137808 3.86537 22 156 39168 38960 1 0.0393813 0.0393813 3 
-3.4728 -5 -3.46003 3.87037 2.03828 5.38708 3.77973 22 157 22492 22313 1 0.753038 0.753038 33 
-5 3.70655 3.47592 0.262248 0.0426235 0.320469 3.81161 22 158 5562 5499 1 0 0 3 
1.60592 5 1.56978 0.213784 -0.213849 0.0365285 4.33746 22 159 45531 45414 1 0.304255 0.304255 22 
-5 -3.48142 -2.21646 1.01864 0.410997 -0.734578 3.9349 22 161 8541 8482 1 0 0 3 
-5 -1.96326 -0.47467 1.84171 1.77894 0.0503229 3.89168 22 165 14546 14516 1 0 0 3 
4.3945 -3.74332 5 0.150535 0.268371 -0.151425 3.98549 22 166 21062 20772 1 0 0 1 
0.443833 -5 1.42228 0.235916 0.117136 0.185908 3.91409 22 167 7115 7114 1 0.102339 0.102339 3 
-5 -3.40498 -0.200937 0.386782 0.125048 0.0255642 3.93902 22 168 36840 36839 1 0.406664 0.406664 37 
-5 2.37655 4.91173 0.634217 0.562732 -0.22653 3.97696 22 169 24988 24969 1 0 0 1 
-5 1.00256 4.89574 0.194593 -0.14852 0.176975 3.97915 22 173 1264 1263 1 0 0 1 
0.634184 -5 1.90607 1.74711 0.670063 2.55315 3.80312 22 175 11173 11159 1 0.453935 0.453935 30 
0.452562 0.372937 -5 -0.0594713 -0.0820293 0.249871 3.9645 22 177 21377 21376 1 0 0 1 
-2.85161 -5 0.954439 0.342362 0.263707 -0.277541 4.25286 22 178 21557 21556 1 0.01724 0.01724 2 
0.366795 -5 1.54937 0.044951 0.120104 -0.270645 4.18819 22 179 6264 6262 1 0 0 1 
-3.52958 -2.55397 5 0.1914 -0.00451129 -0.0746175 4.00821 22 180 39211 39034 1 0.205001 0.205001 29 
-2.11657 -5 -0.747731 0.366231 0.268065 0.160546 3.84012 22 181 7926 7877 1 0.151845 0.151845 5 
-5 -3.99562 1.92305 0.737517 0.365002 0.0565613 3.90228 22 183 3660 3641 1 0 0 1 
0.239795 -0.269268 5 2.86802 1.24901 -2.45328 4.31786 22 184 35029 35025 1 0 0 1 
-5 3.75374 3.56712 0.58583 0.366126 -0.0700431 3.95681 22 185 11748 11660 1 0 0 1 
4.79917 0.180479 5 0.278599 0.0562648 -0.0799364 3.96729 22 186 4795 4791 1 0 0 3 
1.29505 4.65983 -5 0.380075 0.240755 0.155155 3.91668 22 189 20451 20408 1 0 0 1 
3.24348 -5 -0.417739 0.320366 0.497724 -0.827086 4.25571 22 190 3307 3306 1 0.793469 0.793469 4 
0.342818 -3.6631 -5 -0.00602209 0.199022 0.197639 4.00318 22 192 11629 11628 1 0.280066 0.280066 32 
-2.99825 1.50605 -5 0.143066 -0.196474 0.116647 3.85333 22 193 35732 29731 1 0.386511 0.386511 33 
2.90134 -4.61674 -5 0.484946 0.289302 0.487825 3.80118 22 194 13993 13867 1 0 0 3 
-5 4.98979 2.90391 0.25787 0.182049 0.400184 3.79841 22 196 10087 10013 1 0 0 1 
-5 0.195117 1.84708 0.428028 0.278733 -0.0148141 3.96259 22 198 30289 30288 1 0 0 1 
4.04992 -5 -1.95868 1.50876 0.955335 -0.371539 3.97537 22 199 9934 9759 1 0 0 1 
0.975828 4.26374 -5 0.509316 0.410354 0.309485 3.83604 22 201 46098 45938 1 0 0 1 
4.97718 -5 0.275254 1.12086 0.287912 -0.463119 4.0631 22 202 17203 17202 1 0 0 1 
-3.10457 3.42205 5 0.230418 0.38702 -0.241335 4.1136 22 204 11367 11365 1 0 0 1 
-2.24314 -5 2.61278 0.335694 0.191171 -0.10453 4.28459 22 205 12576 12575 1 0 0 2 
-1.62603 -5 3.28911 0.759553 0.23764 0.875556 3.80786 22 206 39710 39425 1 0 0 1 
0.154244 -5 -2.10574 0.218657 0.113083 -0.0153976 3.96544 22 208 22168 22137 1 0.246372 0.246372 19 
-5 3.96777 0.91436 0.449898 0.241766 -0.0161595 3.98366 22 209 13916 13915 1 0.519961 0.519961 27 
-5 3.27097 2.9719 0.402197 0.314449 0.0218946 3.93371 22 210 8211 8186 1 0.225696 0.225696 11 
-2.14103 1.44617 5 0.313668 0.159999 -0.370314 4.30669 22 214 23795 23793 1 0 0 3 
-5 -2.05419 3.26562 1.10828 0.367326 0.807688 3.88259 22 216 34914 34896 1 0 0 1 
-1.04359 4.19546 5 0.283179 0.254315 -0.17447 4.25031 22 217 8758 8756 1 0 0 1 
-0.0400794 -5 0.865308 0.134929 0.445292 -0.211256 3.95938 22 218 11116 11113 1 0.288417 0.288417 2 
-5 -2.76162 3.46863 2.79749 1.68716 -0.100775 3.9386 22 219 2679 2643 1 0 0 1 
-5 2.76792 3.69522 0.404469 0.0466932 0.0313083 3.8847 22 221 36921 36799 1 0 0 3 
1.596 -5 0.454764 0.421008 0.61299 -0.268542 4.24302 22 224 20962 20885 1 0 0 2 
-5 -0.190556 -1.9549 0.381445 0.0226298 -0.276833 4.09769 22 226 18849 18848 1 0 0 1 
-5 -4.71534 2.83385 0.75646 0.282533 0.299794 3.85831 22 228 32670 32526 1 0 0 2 
1.37886 1.99241 5 -0.100253 0.129409 -0.190461 4.05783 22 229 54883 54704 1 0 0 1 
-5 -4.84576 -1.86307 1.00117 0.854036 0.0444045 3.91831 22 231 4998 4997 1 0 0 1 
-5 -3.98057 -1.38955 0.198428 0.105213 0.221513 3.9363 22 232 20014 20013 1 0.0271238 0.0271238 2 
2.262 -5 4.44377 0.684415 0.52693 -0.105087 3.96109 22 233 32477 32476 1 0 0 2 
-5 -2.58113 0.0552637 0.299519 0.11988 0.396506 3.78309 22 234 1970 1800 1 0 0 2 
4.41455 -0.564905 5 0.079274 0.0747145 -0.217241 4.02312 22 235 8504 8387 1 0.120084 0.120084 3 
2.87778 -5 0.276027 0.492813 0.315947 0.0572948 3.86882 22 239 28563 27792 1 0 0 1 
-5 3.0115 0.512678 0.544964 0.517246 0.334103 3.83749 22 243 15970 15889 1 0 0 1 
-5 -4.75712 -4.23391 0.989098 0.566052 0.517325 3.80324 22 246 15184 15165 1 0.624527 0.624527 16 
-0.613547 -4.77354 5 0.0213366 -0.00605408 -0.240115 4.01548 22 247 37421 37412 1 0 0 1 
-5 2.19796 0.173414 0.196948 0.228736 -0.0528189 3.9983 22 248 36223 36189 1 0 0 1 
-0.778742 -1.40201 5 0.261654 0.138295 -0.279208 4.3969 22 256 11306 11305 1 0.292702 0.292702 19 
2.54989 -3.03878 5 0.425868 0.121547 -0.0898966 4.0002 22 258 19775 19758 1 0 0 2 
-5 -2.54211 -4.49138 0.349032 0.151819 -0.0503172 4.02006 22 261 19308 19211 1 0.181755 0.181755 4 
-3.61282 5 -4.07616 0.151737 -0.3475 0.342549 3.88089 22 262 40402 40400 1 0 0 2 
-5 1.70167 -0.673462 0.274213 0.144473 0.130205 3.81756 22 264 1335 1224 1 0 0 3 
-5 3.86657 4.78405 0.26515 0.254569 -0.354979 4.15195 22 265 20762 20761 1 0.320138 0.320138 3 
-0.586563 5 1.24965 0.139974 -0.125484 0.144302 4.16773 22 268 29218 29163 1 0.221373 0.221373 6 
4.65808 -5 0.381561 0.124694 0.250869 0.0371835 4.14163 22 269 4688 4658 1 0.187099 0.187099 22 
-5 -3.58218 -2.08422 0.497863 -0.023745 0.112644 3.91879 22 270 20019 20018 1 0 0 2 
2.89662 4.41411 5 0.434724 0.205191 -0.173297 4.06577 22 272 11682 11679 1 0 0 2 
-5 -1.43888 2.17522 0.260605 0.24724 -0.0334994 3.8772 22 273 26954 26953 1 0 0 3 
-4.49146 4.66749 5 0.151582 0.2731 -0.117887 3.91485 22 274 20134 20045 1 0 0 1 
1.81022 2.73948 -5 0.637225 0.525746 1.01023 3.77948 22 276 7869 7742 1 0 0 1 
-5 1.13549 4.60983 0.282603 0.401677 -0.543142 4.13982 22 277 13760 13684 1 0 0 1 
-5 -2.36866 4.09762 0.391199 0.0563048 0.240622 3.97389 22 278 10757 10731 1 0 0 1 
-5 -0.745047 -0.836463 0.371748 0.30026 0.00997361 3.9259 22 280 24077 23703 1 0 0 3 
-5 3.64429 0.640585 0.951471 1.58272 -0.28872 3.91554 22 282 36492 36393 1 0 0 3 
-5 -4.78564 2.11357 0.391243 0.499495 -0.513322 4.04818 22 284 21820 21803 1 0 0 1 
-0.19419 -5 -4.70928 0.597715 0.669074 0.330175 3.8885 22 287 19908 19907 1 0 0 2 
4.55931 -5 4.6017 1.38005 2.26728 -2.25275 4.08962 22 293 33873 33843 1 0.48475 0.48475 18 
-5 0.451611 -2.89747 0.418304 0.222312 -0.191623 4.01891 22 294 31295 31294 1 0 0 1 
-5 -4.88035 4.35031 0.191748 0.21393 -0.0363601 3.9818 22 296 15788 15787 1 0.203573 0.203573 18 
-5 0.412502 2.62635 6.53706 0.900627 0.430476 3.92429 22 298 3661 3627 1 0 0 2 
-3.30723 -5 1.56151 -0.00641801 0.248155 0.0235917 4.38373 22 299 8737 8735 1 0 0 1 
-5 -1.53925 0.870967 0.292548 0.0895977 -0.278307 4.29143 22 300 35058 35056 1 0 0 1 
0.983234 3.73286 5 0.0165006 0.0331478 -0.509656 4.01043 22 301 17156 17155 1 0 0 5 
-1.59324 -5 0.0889937 0.202161 0.210296 -0.245086 4.37268 22 302 1991 1988 1 0 0 3 
4.32388 -2.73764 5 0.107328 -0.0923578 -0.13974 3.96009 22 304 49212 49073 1 0 0 1 
-1.86202 -5 1.60652 0.3814 0.280935 -0.191649 4.03573 22 305 14146 14112 1 0 0 1 
-5 -1.61683 4.74124 1.05129 0.9069 1.21555 3.8097 22 306 2665 2167 1 0 0 2 
-5 2.0198 3.69422 0.347649 0.357419 -0.111858 3.9631 22 307 36715 36714 1 0 0 3 
-4.28275 4.82285 5 0.0555684 0.0400119 -0.259101 3.91816 11 308 47272 47240 1 0.0607417 0.0607417 1 
-4.07437 4.83437 5 -0.0825513 0.0756378 -0.228138 4.1152 22 309 3425 3424 1 0.25894 0.25894 4 
-5 -2.95977 -0.491421 11.8122 11.6088 6.80954 3.83475 22 311 10757 10557 1 0 0 1 
3.37508 -5 -1.89534 0.508061 0.164014 -0.160018 3.85988 22 312 26067 25331 1 0 0 2 
-5 0.29982 -0.29757 0.121711 0.235604 0.215079 3.8289 22 316 2641 2640 1 0 0 2 
-5 2.01429 1.66847 0.349579 0.192496 0.368307 3.91615 22 317 24529 24502 1 0 0 1 
-5 -3.26627 4.05728 0.365734 0.225237 -0.0868769 3.94544 22 319 17102 17101 1 0 0 3 
-5 2.89281 -2.48914 0.133165 0.53588 0.725251 3.80404 22 320 37581 37357 1 0 0 1 
-5 3.42755 -2.66852 0.493338 0.53571 0.841656 3.79172 22 322 9568 9434 1 0 0 3 
-5 2.84792 -0.598305 0.479956 0.275631 0.0938366 3.8948 22 323 22352 22308 1 0 0 1 
-1.93812 -5 2.01169 0.500481 0.227734 0.562957 3.82485 22 324 24183 24075 1 0 0 2 
0.859257 -5 -1.30314 0.427831 0.165154 -0.225399 4.03075 22 326 9519 9518 1 0 0 1 
-4.74698 3.12352 -5 0.435262 0.335786 0.213722 3.85965 22 327 32798 32526 1 0 0 1 
-1.60269 3.19231 5 0.226679 0.0247072 -0.275435 4.01278 22 328 24562 24502 1 0.20567 0.20567 5 
-0.0697341 -5 -0.863282 2.26826 1.60892 3.42097 3.79297 22 329 10821 10623 1 0 0 3 
-5 -0.275082 -3.14018 0.723345 0.0692686 0.400808 3.82903 22 330 43681 43535 1 0 0 1 
-5 -3.1438 -0.927936 0.337301 0.354497 0.118183 3.86735 22 331 11900 5329 1 0.503008 0.503008 23 
0.87502 4.79667 -5 0.314049 0.106594 0.281042 3.79249 22 332 34445 34444 1 0 0 1 
1.99927 -5 0.921111 0.642753 0.306661 -0.67875 4.25152 22 333 6460 6366 1 0.270646 0.270646 4 
2.22862 -5 -2.50457 0.259676 0.241616 -0.113441 4.12674 22 334 22928 22901 1 0 0 1 
-4.36147 -1.46571 5 0.28472 0.171273 -0.0666195 3.95139 22 335 11067 11035 1 0 0 1 
-4.15291 -5 -4.63125 0.671337 0.556589 0.00565819 3.9565 22 337 42042 42005 1 0 0 1 
-5 -1.63867 3.10201 0.165024 0.237665 -0.186962 4.02756 22 338 17937 17913 1 0.344082 0.344082 24 
2.59873 -5 3.60122 0.354955 0.158717 -0.0284695 3.93987 22 339 18952 18923 1 0 0 2 
-5 1.78452 0.994115 0.23467 0.118801 -0.146195 3.98711 22 340 14999 14443 1 0.546617 0.546617 3 
1.65375 -0.820563 -5 0.888791 0.401369 1.03808 3.80393 22 342 3828 3786 1 0 0 1 
-5 -4.93573 -1.52702 2.10039 1.93902 2.56209 3.80604 22 343 17996 17940 1 0 0 2 
3.40099 3.08538 -5 44.3592 14.9731 17.1817 9.42635 2112 345 17577 17464 1 0 0 3 
1.14242 -5 3.27908 35.7536 16.5299 -9.11243 11.6933 2112 346 36052 36033 1 0 0 1 
-5 -2.49145 -2.48682 1.09845 0.721783 0.431326 3.91193 22 347 19053 18949 1 0.104166 0.104166 3 
-5 0.989354 -4.14357 0.595205 0.755096 -0.366345 3.98077 22 348 22432 22338 1 0 0 2 
-5 4.98752 -4.8448 0.469895 0.504174 0.614335 3.79883 22 349 6546 6453 1 0 0 3 
-4.64538 4.17369 -5 0.247451 0.117994 0.431237 3.7668 22 351 20533 20529 1 0 0 1 
-2.3189 -5 0.151318 0.332019 0.0842022 0.164514 3.9653 22 352 36166 36165 1 0 0 2 
4.28696 3.87829 5 0.234817 0.14613 -0.204796 4.26965 22 353 29313 29309 1 0 0 1 
-4.63326 -5 0.171621 0.367564 0.367858 0.140696 3.82047 22 358 10595 10594 1 0.0786967 0.0786967 2 
1.21703 -5 -2.9593 0.665158 1.17277 0.0784294 3.90911 22 359 16256 16189 1 0.320283 0.320283 5 
0.373815 -5 2.91637 0.0502872 0.546474 0.351844 3.86683 22 361 22533 22355 1 0 0 2 
-5 2.14832 3.96554 0.473772 0.169233 0.089552 3.91525 22 366 3773 3772 1 0 0 1 
-5 1.24217 3.2055 0.834358 0.705569 0.827709 3.83245 22 369 25587 25534 1 0 0 1 
-3.57561 -2.4909 5 0.208317 0.155242 -0.661329 4.29649 22 370 37545 37522 1 0 0 1 
-5 -0.28414 3.58203 0.37492 0.0783143 -0.338263 4.17329 22 373 49058 49023 1 0 0 1 
-5 0.807853 -1.03088 0.745562 0.6815 0.316024 3.84822 22 374 18698 18697 1 0 0 1 
-5 3.63344 -0.894473 0.161727 0.36044 0.0759676 3.90897 22 375 16511 16510 1 0 0 2 
-5 -4.23675 -2.11636 1.00981 0.0795301 0.543623 3.85575 22 376 2973 2765 1 0 0 1 
-2.87664 2.8437 5 0.556878 0.265676 -0.40163 4.08843 22 379 8096 8095 1 0 0 1 
3.3005 -5 4.7517 0.592909 1.079 -0.826444 4.09676 22 380 25915 25857 1 0 0 1 
-2.94959 -0.355008 -5 0.252632 0.220758 0.372782 3.8424 22 381 20935 20934 1 0.315558 0.315558 32 
-5 -3.59661 1.64536 0.591449 0.327134 -0.534025 4.15516 22 384 19386 19321 1 0 0 1 
-1.39934 -5 2.55065 0.320501 0.227557 -0.195112 4.34943 22 385 9549 9548 1 0.438264 0.438264 32 
-2.99614 -3.7524 5 0.191534 0.00413562 -0.293387 4.05337 22 387 4510 4411 1 0.350107 0.350107 24 
-1.25685 -3.8504 -5 0.680331 0.131505 0.275959 3.84609 22 388 3781 1 1 0 0 1 
-1.52812 -3.40149 -5 0.441806 0.158434 0.149127 3.84283 22 389 26372 26251 1 0.491886 0.491886 39 
-0.777639 -5 -3.76436 -0.0459598 0.208213 -0.147681 3.98978 22 393 10576 10575 1 0 0 1 
-4.83377 2.13703 5 0.195059 0.125386 -0.455358 3.97725 22 394 2298 2280 1 0 0 2 
-5 2.28068 4.62368 0.827173 0.316533 -0.179628 3.94864 22 397 26520 26519 1 0 0 2 
-2.5912 -5 1.00471 -0.0142789 0.253376 -0.155117 4.28009 22 399 11285 11284 1 0 0 1 
-1.79954 -5 -1.86679 0.355831 1.04235 -0.334394 4.08696 22 400 16784 16783 1 0 0 1 
-5 3.33995 -0.681918 2.51816 2.08747 -1.10653 3.95717 22 401 24212 24130 1 0 0 1 
-5 -3.77406 2.0776 2.22459 1.58968 -0.504121 3.96276 22 402 6949 6777 1 0 0 4 
-3.49918 4.96918 -5 1.56443 0.529632 1.21962 3.83519 22 405 40864 40863 1 0 0 1 
-5 -1.81938 2.09407 0.0838349 0.167768 -0.224271 3.9605 22 406 27112 26039 1 0.291856 0.291856 33 
2.33387 -5 -0.114202 0.0406797 0.319764 -0.0754968 3.85643 22 407 46848 46847 1 0.122407 0.122407 4 
-0.243948 1.4529 -5 0.649495 0.388151 1.01845 3.77896 22 410 27654 27476 1 0.192514 0.192514 22 
1.08893 1.69772 5 0.289682 0.206607 -0.366767 4.18198 22 411 25673 25646 1 0.152881 0.152881 2 
-0.212052 5 2.5472 -0.12918 -0.209089 -0.448011 3.98429 22 412 5143 5141 1 0 0 3 
-5 1.4021 -0.845139 0.626612 0.437063 -0.618478 4.05548 22 416 17833 17796 1 0 0 2 
-0.375632 -0.794375 5 0.109203 0.142783 -0.431139 4.24231 22 419 16022 16021 1 0 0 1 
-5 1.35372 1.74938 0.802283 0.551532 -0.0415425 3.95891 22 421 20563 20557 1 0.24615 0.24615 24 
-5 -1.6761 3.19078 1.13127 0.872847 0.0157021 3.90639 22 424 3285 3255 1 0.284442 0.284442 25 
-1.03483 -2.95713 -5 0.00106707 0.105924 0.358612 3.95312 22 429 33153 33151 1 0 0 1 
-0.889257 -1.92597 5 0.339098 0.0870851 -0.422089 4.04653 22 431 2901 2899 1 0.369355 0.369355 3 
-1.86032 -5 -1.94059 1.42148 1.09293 -1.97719 4.17412 22 432 3636 3592 1 0 0 2 
-2.97845 -3.13064 -5 1.34368 0.832626 0.290574 3.92444 22 433 21051 20993 1 0.20113 0.20113 21 
-3.63277 -1.91189 -5 0.346449 0.179334 0.143414 3.93171 22 434 41935 41934 1 0.157895 0.157895 2 
-1.23709 -5 -3.18866 0.1949 0.453436 0.132401 3.8473 22 439 42828 42804 1 0 0 5 
-0.043084 -2.51405 5 0.234436 -0.0163906 -0.128866 4.09276 22 440 35252 35164 1 0 0 2 
-5 3.87373 -0.805491 0.317299 0.171905 -0.361787 4.16845 22 441 1221 1219 1 0 0 2 
-0.484564 -5 1.24259 0.753638 1.67982 0.188139 3.94241 22 442 17917 17916 1 0.0760094 0.0760094 4 
-5 -3.01261 -3.66729 0.280538 0.190577 -0.382229 4.0581 22 444 7903 7874 1 0 0 3 
-0.510504 -4.01279 5 0.415452 0.135727 -0.360626 4.19183 22 445 23828 23763 1 0 0 1 
3.09462 3.26885 -5 2.45063 32.7476 3.05445 11.7352 2112 446 12097 12094 1 0 0 3 
1.48334 -5 -2.47898 1.1556 0.29044 0.452846 3.8872 22 447 18656 18655 1 0 0 2 
-5 -4.49104 0.0799769 0.395317 0.272967 0.174165 3.89534 22 448 27155 27107 1 0 0 3 
3.44006 -5 0.018483 0.292435 0.3194 0.168068 3.94189 22 450 32581 32580 1 0 0 2 
-5 2.68948 -0.207367 0.929825 0.489635 -0.114345 3.8879 22 452 35124 34995 1 0 0 3 
-5 4.61082 0.0308221 0.401667 0.578339 0.267255 3.88388 22 453 25349 25293 1 0 0 1 
-5 -3.22652 -4.67903 0.475258 -0.182434 0.0443609 3.88245 22 454 29802 29800 1 0.210145 0.210145 4 
-1.70397 -5 -0.011872 0.41018 0.20342 0.226921 3.84446 22 455 8581 8556 1 0 0 1 
-5 -0.805604 2.525 0.413944 0.0453011 -0.15276 4.04762 22 456 37003 36989 1 0 0 3 
-5 -4.38239 -3.81087 0.333294 0.155041 0.0264813 3.88724 22 459 39394 39345 1 0 0 1 
-5 2.75403 4.25278 2.22992 1.22194 1.53715 3.86896 22 460 8920 8715 1 0 0 1 
-0.613148 4.99868 -5 0.520404 0.353356 0.360094 3.83604 22 461 18652 17779 1 0 0 2 
-5 -1.05901 -2.11594 5.6931 3.2222 2.99224 3.85789 22 462 1001 1 1 0 0 1 
-1.41755 -5 -0.326271 0.193242 0.312411 -0.0762926 3.87835 22 464 32287 32286 1 0.374829 0.374829 30 
3.69447 -1.37552 5 0.298375 0.302063 -0.567163 4.20378 22 465 43642 43641 1 0 0 1 
2.17559 -5 -0.283946 0.434555 0.0941125 0.0315407 3.93064 22 466 17141 17140 1 0 0 2 
-0.296174 -5 2.89075 0.380705 0.145296 0.291169 3.84693 22 468 12682 12672 1 0 0 2 
-1.56377 -0.745135 5 1.36315 0.384231 -0.306679 4.0199 22 469 12742 12693 1 0 0 1 
-5 -1.6647 3.60085 1.59173 1.06245 -0.0421642 3.92802 22 472 11319 11165 1 0 0 1 
-4.12751 1.60552 -5 0.46289 0.0738208 0.305844 3.82718 22 474 12285 11407 1 0 0 2 
-5 0.945635 1.99975 0.301321 -0.0499805 -0.267127 4.24783 22 475 16982 16979 1 0 0 1 
-5 -4.71054 -1.46174 0.307279 0.247573 0.0544454 3.87967 22 476 17081 16469 1 0.0929933 0.0929933 2 
-0.365564 -5 1.96922 0.134214 0.391585 0.264589 3.95939 11 477 11975 11952 1 0.197859 0.197859 2 
-4.89763 -5 4.41432 0.274939 0.194041 0.163843 3.89658 22 478 10122 10121 1 1.0133 1.0133 3 
-5 1.9377 4.33512 0.419925 0.231333 -0.176826 4.04559 22 481 52017 51989 1 0 0 1 
-5 -1.07368 -1.03195 0.552516 0.261408 -0.566787 5.0921 22 482 30356 30276 1 0 0 1 
-5 1.74109 3.40918 0.498586 0.801928 -0.530792 4.00787 22 483 9667 9666 1 0 0 1 
4.84308 -3.36424 -5 0.557199 0.277678 0.193284 3.93393 22 485 6249 6149 1 0.0750836 0.0750836 5 
-2.15451 -5 0.935187 0.599167 0.116357 -0.756926 4.34076 22 486 1499 1498 1 0 0 1 
-1.49772 -5 4.47324 0.755152 0.392549 0.0518729 3.93553 22 487 5840 5837 1 0 0 2 
-5 -1.04677 3.24424 0.114449 0.0997923 0.0350231 4.09202 22 488 35202 35165 1 0.155283 0.155283 36 
-5 3.03331 2.82374 0.399661 0.172386 -0.00414112 3.91988 22 489 3678 3431 1 0.0308593 0.0308593 7 
-5 -4.76083 3.26516 0.58154 0.342425 0.16311 3.91674 22 491 29609 29565 1 0.0516676 0.0516676 2 
-5 4.81782 1.36891 0.154991 0.252068 -0.0414686 4.05704 22 493 12965 12920 1 0 0 1 
-5 -1.12483 1.87465 0.307794 0.174465 0.368707 3.833 22 494 7287 7286 1 0 0 4 
-4.77778 -5 -1.40169 0.30438 0.266294 0.0927137 3.88674 22 495 4477 4476 1 0 0 2 
-5 1.04208 -1.65361 0.23234 0.269149 -0.0125095 3.96713 22 496 3629 3165 1 0 0 1 
2.76961 5 -2.61476 0.234052 -0.242229 -0.0104606 4.27595 22 497 38257 38242 1 0 0 1 
-5 -4.80612 -3.02132 1.69963 0.86762 1.60831 3.78647 22 499 20031 19926 1 1.9826 1.9826 3 
-0.688729 1.10365 -5 0.00820491 0.31392 0.119203 3.80928 22 501 37993 37992 1 0 0 1 
-4.91185 -5 3.73026 0.720351 0.480716 -0.359971 4.15952 22 502 17819 17818 1 0 0 1 
-4.22258 -5 -0.643181 0.155118 0.184856 -0.164113 4.30781 22 503 1612 1589 1 0.0340184 0.0340184 2 
-2.40382 -5 -0.873556 -0.109158 0.26542 0.0522487 3.89784 22 504 30678 30677 1 0.172316 0.172316 35 
-0.811267 5 -2.2489 0.147106 -0.278949 -0.263061 3.91041 22 505 3176 3110 1 0.274719 0.274719 8 
-0.0676893 -5 -1.5044 0.879181 0.246844 -0.888091 4.25331 22 506 24247 24192 1 0.119152 0.119152 2 
-5 -1.42158 4.81798 0.311427 0.182822 -0.496843 4.23794 22 507 19263 19201 1 0.613869 0.613869 24 
-5 2.42082 -1.3891 0.585787 0.447388 0.581016 3.82532 22 508 19981 19881 1 0 0 1 
3.77546 -5 3.37186 0.589074 0.315229 0.376371 3.85398 22 515 43445 43160 1 0 0 2 
-3.17105 -4.40996 5 0.468769 0.185338 -0.0766357 3.97983 22 516 37214 37213 1 0 0 1 
-5 -2.5011 4.74223 0.338083 0.297154 0.166228 3.86223 22 517 3091 1 1 0.510602 0.510602 29 
-2.24232 -5 -2.65609 6.97946 4.44125 7.54429 3.79159 22 518 9618 9595 1 0.3646 0.3646 4 
-5 -4.86211 -1.40834 0.710338 0.469347 0.921081 3.80382 22 521 27501 27456 1 0 0 1 
-5 0.140532 -2.01482 0.531953 0.355278 0.698948 3.80833 22 522 15405 15378 1 0 0 1 
3.0013 -0.987497 -5 0.402297 0.183271 0.476582 3.83409 22 523 13016 12999 1 0 0 1 
-2.08709 -5 -2.78256 0.332464 0.37409 0.103172 3.93271 22 525 23115 23112 1 0 0 1 
0.0463306 -5 3.28232 1.27468 0.402832 0.95317 3.86806 22 526 13958 13957 1 0 0 1 
-5 0.191206 4.43871 0.333112 0.291336 -0.255498 4.03592 22 527 15635 15634 1 0 0 4 
-5 3.62556 3.96305 0.308037 0.393227 0.107728 3.87572 22 528 5698 5697 1 0.510662 0.510662 25 
-5 0.160319 2.49332 0.361795 0.357896 0.0461993 3.91199 22 529 4670 4669 1 0 0 1 
4.08155 4.91862 -5 0.304939 0.0922888 0.0468953 3.91972 22 531 40648 40647 1 0 0 1 
-4.63176 -5 0.730226 0.452147 0.335094 -0.0575634 3.88693 22 532 14428 14426 1 0 0 4 
-5 -3.81049 3.9068 0.45596 0.227798 -0.122403 3.99934 22 538 29822 29773 1 1.12647 1.12647 85 
-0.990506 -5 -4.0551 0.274094 0.137667 -0.119303 3.98464 22 541 9291 8338 1 0.76243 0.76243 3 
-4.54053 -5 0.615988 0.31518 0.462639 -0.701037 4.32361 22 542 3954 3952 1 0.0675421 0.0675421 4 
-2.02279 -5 3.95244 0.231151 0.252616 -0.0540437 3.9312 22 543 32624 32491 1 0 0 1 
-1.7989 -4.16889 -5 0.994666 0.509465 0.0517008 3.96458 22 544 25884 25805 1 0 0 4 
-5 1.8341 -1.99442 0.940285 0.523215 -0.83493 4.20611 22 546 21493 21419 1 0 0 1 
-5 -0.636907 0.426512 0.279592 -0.0140321 -0.194352 3.91926 22 548 14470 14291 1 0 0 1 
2.61948 -5 1.08271 0.492987 0.13442 0.00381499 3.94213 22 549 13594 13586 1 0 0 1 
-5 -1.9686 3.27059 0.358673 0.29751 0.0611454 3.87385 22 551 5067 4939 1 0.0600926 0.0600926 2 
-5 -4.56148 2.06722 0.442999 0.233357 -0.10206 3.93939 22 553 23659 23657 1 0 0 2 
-5 -3.31722 0.152484 5.48523 3.98327 -4.71694 4.11237 22 557 3883 3852 1 1.47417 1.47417 4 
-4.22318 0.892258 5 0.651852 0.977965 -0.897109 4.1283 22 558 10260 10257 1 1.50185 1.50185 34 
3.94825 -5 3.26163 0.29727 0.197374 -0.155899 4.19096 22 559 7693 7655 1 0 0 1 
-1.66876 1.74156 -5 0.384032 0.2418 0.463596 3.8017 22 560 30978 30876 1 0 0 1 
1.81089 -5 -1.71439 0.452985 0.122219 0.140276 3.87234 22 562 8175 8174 1 0.038317 0.038317 3 
-5 -4.59695 -2.6252 0.364482 0.137154 -0.226397 3.93495 22 563 16609 16599 1 0.450202 0.450202 19 
-5 4.65093 1.39351 1.18595 0.587909 -0.562219 4.04715 22 566 5979 5952 1 0 0 2 
-4.62792 -0.443688 -5 0.919321 0.427613 0.974626 3.77156 22 567 26545 26448 1 0 0 1 
-5 4.09347 -1.56344 0.407436 0.397005 0.432744 3.81596 22 568 29790 29071 1 0 0 1 
-5 -1.84631 -2.8995 0.2876 0.266146 -0.327982 4.13007 22 570 8498 8497 1 0 0 1 
3.72203 -5 -0.132942 5.74728 3.18534 3.2484 3.84415 22 571 24678 24552 1 0 0 2 
-3.62986 2.66451 -5 0.293409 0.291765 0.277032 3.81759 22 572 11699 10399 1 0 0 3 
-5 2.12296 -0.677725 0.427486 0.406676 0.155398 3.86822 22 573 42660 42506 1 0 0 1 
-5 2.06278 -4.2969 0.302222 0.0252249 -0.080935 4.36569 22 574 5281 5275 1 0 0 1 
-2.43815 -5 -3.0144 0.14733 0.492656 -0.15119 3.97028 22 576 58162 58079 1 0 0 1 
-5 -3.86218 -4.39032 4.05961 1.92823 4.25185 3.78213 22 577 38336 38331 1 0 0 1 
-5 1.11252 -2.30197 0.483794 0.361497 -0.0335971 3.84035 22 579 36442 35877 1 0 0 1 
4.99978 -2.98126 -5 0.0492319 -0.1381 0.188627 3.87478 22 581 9466 9399 1 0 0 4 
-1.24804 -5 2.29799 0.237129 0.45145 0.0328968 3.84974 22 582 5501 5498 1 0 0 1 
-2.02209 5 4.26021 0.204539 -0.039115 -0.0382155 3.90107 22 584 9312 9221 1 0 0 2 
-0.435098 -5 -1.39886 0.435995 0.17534 0.240995 3.8384 22 585 22345 22344 1 0 0 1 
-5 -2.96071 -3.32153 0.471794 -0.10935 -0.163011 4.0732 22 586 25386 25385 1 0 0 1 
-2.61352 -4.80402 -5 0.470505 0.167866 0.107548 3.86554 22 587 41477 41476 1 0 0 1 
-5 3.78534 0.330693 0.697966 0.56561 -0.0975942 3.9712 22 588 19606 19478 1 0 0 1 
4.39119 -5 -0.413302 1.0302 0.319613 0.00304812 3.8937 22 590 5306 5115 1 0 0 3 
-5 -1.39709 -2.80878 0.394998 0.303873 0.112949 3.90565 22 591 16185 16184 1 0 0 2 
-0.508573 -5 0.227067 0.386405 0.261162 -0.0888579 3.93478 22 593 8860 8782 1 0 0 1 
-3.58515 -2.73494 -5 0.00131493 -0.00632143 0.395808 3.98693 22 594 39730 39674 1 0.176395 0.176395 2 
-5 -0.385123 1.00572 0.294274 0.190301 -0.371898 4.2318 22 595 8116 8115 1 0 0 3 
4.24528 -0.938509 -5 1.75136 0.932517 0.805372 3.84012 22 599 13054 12899 1 0 0 2 
-5 2.8794 -3.86964 0.472056 0.192318 -0.0360135 3.94837 22 602 3565 3539 1 0.216367 0.216367 2 
-0.585425 -5 1.65657 0.587314 0.255149 -0.177624 3.94821 22 603 20207 20153 1 0.966687 0.966687 32 
-4.42834 3.46895 -5 0.674295 0.599573 0.254829 3.88577 22 604 32677 32654 1 0 0 1 
-5 -2.33691 -1.40494 0.312041 0.0326058 0.0409469 3.86051 22 605 31534 31379 1 0.315851 0.315851 36 
-5 -2.24493 -1.0386 0.744039 0.327871 0.504862 3.84432 22 607 32186 32115 1 0.602974 0.602974 5 
-5 -4.04543 -0.780503 1.21345 -0.03417 0.163044 3.76985 11 608 29650 29644 1 0.816152 0.816152 1 
-5 3.01247 -2.5869 0.670925 0.666087 1.2893 3.77563 22 611 20175 19997 1 0 0 2 
3.29533 1.66802 5 0.357187 0.346227 -0.116891 3.99493 22 615 7861 7860 1 0 0 3 
-5 -4.46636 1.82951 0.325835 0.259275 -0.296189 4.02447 22 616 5804 5803 1 0 0 1 
-5 -2.9791 0.21985 0.72484 0.263088 -0.157638 3.93898 22 617 16396 16321 1 1.0904 1.0904 30 
-4.4574 -4.7343 -5 1.34967 1.39462 1.18552 3.80914 22 619 1346 1 1 4.89396 4.89396 9 
0.131862 -1.51961 5 0.29492 0.330957 -0.254183 4.07788 22 620 17249 17220 1 0 0 2 
-5 2.92944 -3.60791 0.403148 0.128059 -0.0159406 4.08492 22 621 28532 28499 1 0 0 1 
-1.87375 4.54914 5 0.0687923 0.342949 -0.0360704 3.978 22 622 24316 24299 1 0 0 1 
-5 1.71197 -0.361194 0.424653 0.273012 0.0790821 3.91624 22 623 28474 28473 1 0 0 2 
-2.32359 5 -1.20073 0.115606 -0.178498 0.122482 3.91891 22 625 7082 6950 1 0 0 3 
-4.10573 -5 -3.44767 0.254868 0.139889 0.146247 3.83041 22 627 8907 8893 1 0 0 3 
-5 3.91592 -4.76651 0.25541 0.293328 0.00399755 3.92169 22 628 6423 6422 1 0 0 1 
-4.04657 -5 -4.20417 0.688223 0.178105 0.307319 3.82104 22 629 16586 1 1 0 0 4 
-2.29942 -5 0.862695 1.05146 1.53015 1.25266 3.82282 22 630 5839 5717 1 0 0 1 
-0.0847356 -5 -2.25551 0.155994 0.127793 -0.195006 4.11892 22 631 12128 11876 1 0 0 1 
-3.15725 2.83085 5 0.276774 0.23401 -0.159311 4.1077 22 632 34503 34471 1 0 0 1 
-5 2.97385 4.71063 0.231994 0.244357 0.307673 3.8274 22 634 50215 50191 1 0 0 1 
-5 -3.64526 0.546889 1.51931 -0.0198469 -1.88119 3.98511 22 635 20033 20032 1 0 0 1 
-5 -0.158571 1.63517 1.01237 0.707956 0.953287 3.84266 22 636 5016 5015 1 0.384366 0.384366 4 
0.553926 2.93955 5 0.322062 0.206429 -0.302987 4.14719 22 637 16094 16039 1 0.0896079 0.0896079 4 
-4.67868 -2.34983 5 0.929061 0.572918 -1.45522 4.27922 22 638 11015 10922 1 0 0 1 
-2.16427 -3.59077 5 0.0991302 0.104226 -0.181613 3.93675 22 645 14475 14439 1 0.28966 0.28966 20 
-5 -2.47124 2.76064 0.386667 0.26967 -0.0050395 3.84598 22 646 9023 8970 1 0 0 1 
-0.273759 -5 -4.18489 3.6542 1.77515 0.190338 3.89184 22 647 8900 8867 1 3.03044 3.03044 44 
-5 2.29739 -3.18145 0.503159 0.25655 0.0814819 3.91522 22 648 17339 17286 1 0 0 2 
-2.43936 -5 -0.491645 0.465322 0.0768821 -0.212406 4.00461 22 651 13230 13197 1 0.160254 0.160254 2 
-2.17198 3.72149 5 0.348361 0.0416643 -0.371522 4.33924 22 652 7303 7300 1 0 0 1 
-2.58506 -5 2.66743 0.306977 0.186937 -0.0853681 3.98778 22 656 3537 3513 1 0 0 2 
3.1558 -5 -3.18469 0.216734 0.313235 0.0193543 4.12606 22 657 3615 3614 1 0 0 2 
-5 -2.48234 4.13532 0.429627 0.223866 0.162555 3.87575 22 658 20367 20365 1 0.12155 0.12155 3 
-5 -4.73005 -2.45101 0.83999 0.0915258 -0.714589 4.22984 22 659 45109 45073 1 0 0 1 
-3.95772 -5 3.65827 0.0694589 0.331378 -0.00960641 3.92327 22 660 45332 45168 1 0.419002 0.419002 20 
-5 -0.918909 1.96917 0.509678 0.44834 -0.140898 3.9736 22 661 3732 3691 1 0.313536 0.313536 34 
-5 -1.94607 2.83274 0.14518 -0.114234 -0.576217 4.37292 22 663 12942 12735 1 0 0 1 
-5 2.73424 -4.4532 0.384857 0.305008 -0.141331 4.01487 22 664 4793 4792 1 0 0 3 
0.7078 0.587174 5 -0.105136 0.130171 -0.0563947 3.89644 22 665 50160 49653 1 0.176351 0.176351 15 
-3.83454 -5 -0.642225 0.738768 0.502742 0.759928 3.81724 22 666 14361 14245 1 0 0 1 
-5 -2.24756 1.27614 4.29761 2.79166 3.86804 3.82719 22 668 18935 18893 1 0 0 1 
-5 -4.8758 2.90197 0.423046 -0.170593 -0.387475 4.12292 22 671 26723 26722 1 0 0 3 
-5 -1.93871 2.38232 0.43489 0.248121 -0.00464696 3.93518 22 672 2973 2952 1 0 0 1 
-0.328858 3.51678 5 0.318968 0.283177 -0.281408 3.91151 22 675 51145 51119 1 0 0 1 
-5 1.65284 2.26476 0.370561 0.329596 0.249815 3.84184 22 676 29660 29630 1 0 0 1 
-5 1.35842 -3.3981 0.173734 0.229788 -0.109556 4.06919 22 677 7489 7487 1 0 0 1 
-5 4.45141 -3.43437 4.89844 3.9393 0.486456 3.88699 22 680 24492 24491 1 0 0 1 
-4.43208 -1.93055 5 0.340056 0.266127 -0.273237 3.99383 22 682 34263 34262 1 0 0 1 
3.17062 1.59659 5 -0.0155727 0.0454663 -0.287553 4.06255 22 683 5008 4911 1 0 0 1 
-5 -3.90635 -1.88196 0.204602 0.166434 -0.119414 4.03046 22 685 12387 12386 1 0.576214 0.576214 20 
-5 -4.68092 3.09286 0.828094 0.484376 0.0477124 3.89164 22 686 2799 2717 1 0 0 3 
-5 -4.40671 2.59093 0.303802 0.00691996 0.161171 4.34935 22 687 33163 33162 1 0 0 1 
-5 4.10986 3.23132 0.451753 0.308376 0.388312 3.83564 22 688 11064 10804 1 0 0 2 
-5 -4.22853 -3.68848 0.378602 0.3352 -0.07363 3.90164 22 689 2519 2493 1 0 0 1 
-5 3.98514 0.100217 0.267112 0.0208986 0.12161 3.9741 22 690 6638 6637 1 0.29371 0.29371 30 
-5 -4.00836 3.32239 0.141548 0.00884259 0.0749174 3.81319 22 691 47936 47930 1 0 0 1 
-1.00327 -4.46028 -5 0.557482 0.230747 0.358072 3.84245 22 692 7164 7108 1 0 0 1 
-3.41824 -5 -1.62905 0.438599 0.261155 0.0234274 3.88217 22 694 34669 34604 1 0 0 1 
-5 -4.34065 2.2446 0.557947 0.329827 -0.753929 4.24366 22 696 12461 12460 1 0.373613 0.373613 36 
-0.252492 1.08891 5 0.299885 0.201842 -0.301775 4.08163 22 698 20399 20398 1 0.250335 0.250335 4 
-5 0.562709 2.10355 0.716716 0.400657 -1.08152 4.17326 22 701 4027 4026 1 0.157535 0.157535 3 
-5 -4.50776 -4.52473 17.885 12.4874 -1.48644 3.90768 22 702 53516 53318 1 0 0 1 
0.882273 -1.35552 -5 2.80663 1.47208 1.49993 3.83437 22 703 47087 46953 1 0 0 1 
-5 -4.70117 0.86293 5.00462 3.7736 -3.04242 4.01551 22 704 3890 3846 1 0 0 2 
-5 -1.19498 3.97227 0.14576 -0.0343886 0.19637 3.89285 22 706 20948 19848 1 1.71339 1.71339 22 
4.61481 -5 4.27455 0.312374 0.172119 0.196771 3.87718 22 708 8331 8273 1 0 0 2 
-5 -2.15531 2.86257 0.582051 0.380181 -0.00588787 4.91908 22 709 37941 37939 1 0 0 1 
2.46037 5 0.363792 -0.105817 -0.119238 -0.125322 3.84156 22 712 42887 39737 1 0.202463 0.202463 20 
-5 2.85429 -4.97 0.2205 0.153402 0.104126 4.03029 22 715 5688 5618 1 0 0 4 
-5 -1.10222 -3.32609 0.164908 -0.189135 0.0992304 4.10889 22 717 4434 4408 1 0 0 2 
2.42589 -5 3.04785 0.360619 0.173398 -0.174348 3.96209 22 719 9383 9359 1 0 0 1 
4.91746 -1.21815 -5 0.0729454 0.11698 0.247751 3.82159 22 721 19941 1 1 0 0 4 
-5 2.43135 -2.87892 0.223593 -0.0261699 0.24898 3.84823 22 722 20993 20911 1 0.378454 0.378454 28 
4.5379 -5 3.64203 4.07157 2.80699 3.95408 3.82393 22 724 9571 9527 1 0.339865 0.339865 7 
2.30172 2.69065 -5 0.0847492 0.53101 0.0464835 3.88853 22 725 4341 4338 1 0 0 4 
4.60872 -5 -2.47854 0.294703 0.276081 0.0605577 3.90419 22 726 19817 19804 1 0.31726 0.31726 25 
-5 -4.14573 0.431348 0.216265 0.18233 0.269706 3.9015 22 728 52752 52751 1 0.122419 0.122419 2 
-5 -2.68818 -3.30444 0.144262 -0.0240114 0.226966 3.95684 22 731 37600 37599 1 0 0 1 
-5 -1.49952 -1.51565 0.206154 0.20671 -0.00096659 4.10171 22 733 34213 34178 1 0 0 1 
-1.96912 -5 -3.74408 0.355069 0.210476 -0.296374 4.03179 22 740 33256 33241 1 0 0 1 
-5 -1.53182 -2.73773 1.14117 0.714531 -0.907546 4.02829 22 742 2572 2571 1 0.16761 0.16761 3 
-4.9525 -5 -3.56196 0.325213 0.13953 0.0509584 3.85825 22 743 38461 38382 1 0.357025 0.357025 29 
-2.59714 -5 1.41923 0.51556 0.349163 -0.591696 4.23982 22 744 9252 9251 1 0.2476 0.2476 12 
-4.73547 -5 0.751752 -0.0915239 0.184318 -0.0191785 3.92925 22 745 19079 18915 1 0 0 1 
-5 -3.68869 -4.94142 3.75814 4.06816 3.301 3.82993 22 746 20039 20038 1 4.41143 4.41143 7 
-1.09522 -4.31074 -5 0.842508 0.475873 0.841107 3.81522 22 747 20469 19203 1 0 0 1 
-2.76396 -5 -1.47082 0.219649 0.382135 0.258548 3.98185 22 748 35010 34980 1 0.510593 0.510593 28 
-0.9153 0.710402 -5 0.357451 0.520005 0.435207 3.8181 22 749 35714 35547 1 0 0 1 
-0.681783 -5 2.02103 5.43202 5.86813 2.73168 3.89909 22 750 21374 21373 1 0 0 1 
0.271243 1.89882 -5 2.66179 1.79959 0.52465 4.03447 22 752 21989 21955 1 0 0 4 
-5 0.263006 0.487935 0.405254 0.28366 0.128165 3.90292 22 753 24283 24255 1 0 0 1 
-2.25851 2.84473 -5 0.0617147 0.0952903 0.19836 4.37746 22 754 8597 8567 1 0 0 1 
0.45486 -5 2.99018 1.89531 0.617266 -0.690309 3.97722 22 755 16112 16080 1 0 0 2 
-5 4.03692 -3.69455 0.457869 0.129967 -0.185969 4.02811 22 756 1282 1273 1 0.430097 0.430097 12 
1.95806 2.78995 5 0.514551 0.248081 -0.423219 4.18736 22 758 7232 7206 1 0 0 2 
-5 -4.18978 -1.18521 0.549176 0.233969 0.246412 3.85785 22 759 37703 37413 1 0 0 1 
1.90102 0.357637 5 -0.133611 0.00969058 -0.150965 3.92498 22 760 2232 2231 1 0.201481 0.201481 20 
-5 -4.6017 -4.45147 0.446515 0.240962 0.0606732 3.87837 22 764 8341 8339 1 0 0 1 
-5 -4.3124 -0.976058 0.217712 0.0923834 -0.237588 4.00495 22 766 47143 47142 1 0 0 1 
-5 -2.82771 -4.41645 0.244476 -0.00435314 -0.112354 3.96422 22 768 45240 45158 1 0 0 1 
-5 -1.58975 3.42801 0.281301 0.22232 0.364093 3.81521 22 769 24092 24091 1 0 0 1 
2.09958 -5 4.95726 1.61956 0.943898 2.58062 3.82502 22 770 7070 6976 1 0 0 1 
-5 2.50061 3.45415 1.04563 0.868157 0.312505 3.86517 22 772 11088 11005 1 0 0 1 
-2.62388 -5 3.50119 2.33814 0.972626 0.981728 3.84368 22 773 32830 32828 1 0 0 3 
2.55878 -3.27776 5 0.148319 0.21778 -0.437828 4.07619 22 776 49349 49318 1 0 0 1 
-5 0.49003 -4.06262 0.476697 0.439772 -0.312513 4.07468 22 778 9655 9638 1 0 0 2 
-4.78392 -5 0.212357 0.322059 0.222911 -0.226292 4.1522 22 780 42794 42793 1 0 0 1 
-5 -1.94518 0.00253683 0.398451 0.231799 -0.220513 4.06352 22 781 13248 13246 1 0 0 1 
-5 -3.8079 -3.65673 1.2919 0.973883 0.348223 3.87185 22 782 18203 17927 1 0 0 1 
-5 3.72106 4.27519 0.28607 0.172608 -0.136038 4.02048 22 783 20185 20065 1 0.480935 0.480935 17 
3.33557 -5 0.777503 0.391199 0.402584 0.146351 3.87197 22 784 15179 15140 1 0.163835 0.163835 4 
2.50259 -5 3.21109 1.51968 0.640615 1.18162 3.83678 22 788 53081 52887 1 0 0 1 
-2.84721 -5 4.55137 1.54334 0.875607 2.14765 3.81322 22 789 10801 10468 1 0 0 4 
-5 -2.48615 -4.49918 0.411899 0.514376 0.0348413 3.87307 22 790 11912 11864 1 0 0 2 
-5 -3.17505 -0.730075 0.658338 -0.0171572 0.743196 3.8032 22 791 24097 23131 1 0 0 3 
1.22494 -4.89539 -5 0.55796 0.299223 0.282053 3.84652 22 792 20569 20568 1 0 0 1 
-5 -4.43465 -2.97925 3.08001 1.48257 -2.72522 3.97917 22 795 4539 4443 1 0 0 1 
-4.92359 -2.59823 5 0.134372 0.142348 -0.499557 4.10892 22 797 3763 3734 1 0.413209 0.413209 6 
-5 -1.90609 4.50664 0.396343 0.301732 0.113972 3.90145 22 798 19661 19657 1 0.00527661 0.00527661 4 
3.46831 -5 -4.26987 0.470836 0.316955 0.0727705 3.88308 22 799 22349 21664 1 0 0 3 
-5 -3.56789 -3.93046 0.419115 0.200316 0.113591 3.87434 22 800 10628 10627 1 0 0 1 
-5 -1.11596 0.780057 0.151623 0.0758412 -0.176289 4.12112 22 801 8637 8549 1 0 0 1 
3.92714 -2.78744 5 0.207592 0.164841 -0.306775 4.14608 22 802 11310 11252 1 0 0 3 
0.793978 -5 1.53905 0.236819 0.225066 -0.0714267 4.00778 22 803 3295 3237 1 0.183512 0.183512 13 
-5 -3.84001 -3.59932 0.383563 -0.000404583 -0.252388 4.17806 22 804 32835 32834 1 0 0 1 
-1.80353 -5 -3.14411 0.324495 0.114255 0.191036 3.83469 22 805 14097 14096 1 0.393355 0.393355 12 
1.84316 -5 1.98119 0.0116051 0.101699 0.284687 3.91263 22 807 13457 13425 1 0 0 2 
-4.81706 -4.47835 -5 0.388871 0.394405 0.827407 3.77267 22 808 13224 13187 1 0 0 1 
-5 -3.26238 -1.54341 0.349878 0.310309 -0.205945 3.99552 22 811 21083 21045 1 0.510646 0.510646 23 
-0.665271 -5 4.99444 0.0278014 0.278392 0.0569307 3.98253 22 815 6202 6201 1 0 0 1 
-3.54893 -0.34489 -5 0.862073 0.234612 0.632896 3.81069 22 816 46375 46328 1 0 0 1 
3.4487 -5 0.576936 1.9466 0.543485 -0.0420512 3.9708 22 817 28341 28302 1 0 0 1 
-5 -3.81958 0.0313568 5.23375 4.01758 7.77729 3.80024 22 818 30257 30169 1 0 0 1 
-0.752095 1.40554 -5 0.255852 0.249829 0.330831 3.95106 22 819 9212 9199 1 0 0 1 
-5 -1.18802 0.731513 0.466457 0.200623 0.0573446 3.91474 22 822 14060 14056 1 0.0833423 0.0833423 2 
-5 -2.36375 3.99497 0.283711 0.138651 0.483849 3.80595 22 824 37864 36946 1 0 0 1 
-5 0.811434 -4.97928 0.213094 0.196942 -0.420624 4.34515 22 825 4086 4083 1 0.0553244 0.0553244 32 
-2.26641 -5 -3.53049 -0.17023 0.140784 -0.367075 3.92135 22 827 6169 6157 1 0.00504018 0.00504018 4 
-5 -3.51102 -1.08713 0.259543 -0.0422436 -0.140807 3.97366 22 830 14473 14405 1 0.116018 0.116018 2 
1.96077 -5 -3.31738 1.04027 0.409166 0.74937 3.81485 22 831 5702 5539 1 0 0 2 
-5 3.44908 1.08981 0.427588 0.274143 -0.00688677 3.99616 22 832 16679 16651 1 0 0 3 
-5 3.23755 4.52668 0.975964 1.26344 -0.896621 4.0533 22 833 35821 35719 1 0 0 1 
3.99458 -4.13757 5 0.00871718 0.0108272 -0.0305531 3.99632 22 834 29302 29294 1 0.0332976 0.0332976 19 
-5 -4.36671 -0.892357 0.141738 0.0847336 0.147898 3.86383 22 836 29475 29472 1 0 0 4 
-5 -3.41878 -4.82015 0.429762 0.235354 0.231824 3.8325 22 837 45232 45136 1 0 0 1 
-4.41963 5 -2.41776 -0.234771 -1.50685 0.83796 3.86953 -11 840 14873 14872 1 0.699032 0.699032 5 
1.67261 -5 -3.2228 0.328358 0.202794 -0.0800857 3.98836 22 841 1668 1667 1 0 0 1 
-5 -4.47977 4.4842 0.465103 0.00907661 -0.211463 3.94071 22 842 2191 2190 1 0 0 1 
-5 -3.73773 1.66743 0.386275 -0.154907 -0.622657 4.25187 22 844 1294 1292 1 0.168484 0.168484 6 
3.72125 3.06787 5 0.152193 -0.00179522 -0.0755243 3.93961 22 845 22515 22512 1 0 0 4 
3.82495 2.94568 5 0.241806 0.243839 -0.471938 4.21992 22 846 32534 32533 1 0.084551 0.084551 2 
-4.97968 -5 3.67169 0.860452 0.943791 1.15684 3.88259 22 847 13513 13489 1 0 0 1 
-3.49805 -5 1.23228 0.290259 0.268498 -0.323695 4.09157 22 848 21812 21795 1 0 0 1 
-1.24021 0.0112834 -5 0.739331 0.663556 0.507786 3.83277 22 849 33125 32817 1 0 0 3 
-5 4.45557 1.1031 1.43468 1.2958 0.411367 3.89613 22 850 14415 14335 1 0 0 1 
-1.16135 -5 -2.40338 -0.582135 1.9886 1.92171 3.77648 11 851 26446 26382 1 2.36065 2.36065 14 
-5 -3.12433 -3.48689 0.371664 0.489152 0.35957 3.85827 22 852 46519 46449 1 0 0 1 
-5 2.23955 -4.37736 0.0153426 0.053133 -0.333515 3.91926 22 853 47816 47754 1 0 0 1 
-5 2.04059 4.96816 0.371739 0.0265668 -0.0246362 4.07729 22 855 26256 26253 1 0.211224 0.211224 4 
-3.50423 2.902 -5 2.05944 2.93186 0.840155 3.85642 22 856 5646 5588 1 0 0 3 
-3.24968 -3.85919 5 0.554904 0.396467 -0.12487 4.05764 22 858 16558 16476 1 0 0 1 
-5 -0.644621 -2.4043 0.735663 0.190069 0.150233 4.96138 22 859 27575 27572 1 0 0 2 
-1.89561 -3.99371 -5 0.960068 0.411225 1.25121 3.78146 22 862 3081 2881 1 0 0 2 
-0.819861 -5 -2.60071 0.0106075 0.161801 0.190977 3.85264 22 864 14739 14737 1 0.250119 0.250119 26 
0.501601 -1.14093 -5 0.563856 0.263431 0.375038 3.82558 22 865 7428 7159 1 0 0 2 
2.20747 -5 -4.18035 3.09301 1.69422 1.55832 3.87304 22 866 8621 8527 1 0 0 2 
-2.88048 -5 2.13309 0.319093 0.217265 -0.0413503 3.98816 22 868 55538 55463 1 0 0 1 
-5 -1.52455 -1.8102 0.379568 0.284035 0.190715 3.85739 22 869 18541 18540 1 0 0 1 
4.68221 2.89606 5 0.365824 0.241224 -0.262876 4.18762 22 870 9123 9122 1 0 0 2 
-5 2.48571 3.31661 0.713628 0.657269 1.00371 3.82254 22 872 2685 2537 1 0 0 2 
4.37012 -5 -3.47121 0.868052 0.669617 0.145672 3.91007 22 873 8487 8462 1 0.305994 0.305994 15 
-5 -1.08127 4.54025 0.401863 0.312535 -0.0441308 4.09194 22 874 2804 2801 1 0.510824 0.510824 17 
-5 1.99406 -3.11309 0.981994 0.669992 1.07646 3.82096 22 875 37732 37727 1 0 0 1 
-5 4.79811 1.55767 0.187969 0.063596 -0.226005 4.15217 22 877 26727 26701 1 0.300455 0.300455 20 
-5 0.305452 -2.63823 0.480793 0.275011 0.283234 3.85878 22 879 5623 5591 1 0.491129 0.491129 14 
-5 1.62817 -4.23506 0.696543 0.520734 0.0868248 3.94599 22 882 30394 30393 1 0.243071 0.243071 6 
1.60953 -2.09863 5 0.371112 0.25232 -0.244398 4.05081 22 883 19127 19106 1 0 0 3 
-5 2.00668 -3.67808 0.840223 -0.0165296 0.140446 3.84269 22 884 12024 11956 1 0 0 1 
-5 4.75975 4.95393 0.266083 0.19142 0.0929445 3.84574 22 886 20333 20331 1 0.363765 0.363765 29 
-2.33101 -0.803111 -5 1.196 0.747415 0.898837 3.80728 22 887 31178 31091 1 0 0 1 
-1.63691 1.3495 5 0.452453 0.346362 -0.281694 4.02196 22 890 8859 8858 1 0 0 3 
-2.104 -5 -1.51595 2.36069 1.51809 -1.86142 4.05931 22 891 8358 8357 1 0 0 1 
-3.33054 5 4.28507 -0.0347122 -0.184028 0.0218119 4.1973 22 892 7481 7480 1 0 0 3 
-5 1.11348 4.10076 1.27375 0.563744 0.395691 3.84629 22 893 40013 39890 1 0.0438641 0.0438641 4 
3.43133 -5 2.72797 0.486234 0.268853 0.119495 3.90793 22 894 9860 1 1 0 0 2 
-5 -1.59224 -0.816877 0.417893 0.0623751 -0.0235264 3.86703 22 895 43977 43899 1 0.416745 0.416745 13 
0.460799 1.21813 -5 0.660915 0.1144 0.366568 3.85064 22 899 55230 55182 1 0 0 1 
-5 4.02069 -2.2845 0.696336 0.565492 0.0531622 3.8096 22 901 12569 11665 1 0.183481 0.183481 5 
-5 -0.749971 4.07301 0.503061 0.0120096 0.0889118 3.90724 22 902 40159 40126 1 0.104479 0.104479 3 
-5 4.66871 -0.00346888 0.691627 0.626035 -0.851805 3.97275 22 910 2836 2835 1 0.353417 0.353417 25 
4.2681 -1.07131 -5 1.12552 0.557678 1.27625 3.81004 22 911 7457 7359 1 0 0 1 
-0.247594 1.21782 5 0.433174 0.112381 -0.28448 4.12631 22 912 49406 49301 1 0 0 1 
-5 -4.80265 -0.274732 0.244375 0.256893 0.303093 3.80924 22 913 14539 14510 1 0.4786 0.4786 33 
0.741159 -4.43789 -5 0.272225 0.289038 0.581205 3.79419 22 914 41474 41390 1 0.0019676 0.0019676 2 
-5 1.86388 -0.487747 0.542801 -0.115801 0.139808 4.0926 22 915 11267 11266 1 0 0 4 
-5 1.35374 1.07565 2.70503 0.415061 -1.18195 4.01594 22 916 23748 23747 1 0.216391 0.216391 4 
-4.79176 1.02692 5 0.150778 0.108269 -0.174576 4.11127 22 917 42804 42794 1 0.254435 0.254435 25 
-5 -0.308298 -3.48102 0.24293 0.315872 0.159468 3.95879 22 918 5348 5253 1 0.221462 0.221462 2 
-2.00843 -4.35101 -5 1.09526 0.0338107 0.661123 3.80183 22 919 59182 59071 1 0 0 1 
2.02959 -5 2.74791 0.846611 0.441799 1.438 3.80946 22 920 5898 1 1 0 0 1 
-1.86389 -5 -0.460179 0.723892 0.264272 0.462354 3.83665 22 921 23786 23708 1 0 0 1 
-4.22804 -4.18151 -5 -0.0559637 0.198317 0.0799745 3.92362 22 922 25141 25140 1 0.220865 0.220865 14 
-5 3.52826 -0.553425 0.559778 -0.511828 -0.514973 4.22074 22 924 13667 13666 1 0 0 3 
-5 -1.16691 -4.15037 0.172871 0.0919503 0.0195501 3.91469 22 926 31266 31174 1 0.196605 0.196605 12 
1.54421 0.464366 5 1.35857 0.561813 -0.831281 3.89029 22 928 33297 33295 1 0 0 1 
-1.64993 -4.05847 5 0.955699 0.899049 -1.0417 4.03207 22 929 33922 33846 1 0 0 2 
-3.92842 4.91174 -5 0.663346 0.446667 0.712649 3.80204 22 930 17846 17814 1 0 0 1 
4.24472 -5 3.905 0.500468 0.252028 0.210893 3.89508 22 932 11323 10758 1 0 0 1 
1.09683 -1.29855 5 0.298529 0.103693 -0.235931 4.08674 22 933 11446 11384 1 0 0 1 
-3.85137 -0.376281 5 -0.00363486 0.130809 -0.374791 4.34352 22 934 1415 1344 1 0.503755 0.503755 31 
-4.77622 -5 -1.16227 1.1021 0.202052 1.18702 3.80174 22 935 38920 38896 1 0 0 2 
-4.04661 -5 -4.368 0.37999 0.414378 -0.622096 4.20566 22 937 6624 6588 1 0 0 2 
-5 3.20831 -0.56179 0.35067 -0.0871088 0.118425 3.87896 22 938 4021 4020 1 0 0 5 
1.96217 4.04735 5 0.196307 0.202762 -0.278779 3.98574 22 939 9661 9660 1 0 0 3 
-3.29543 -5 4.64803 2.79219 1.30676 -0.58715 4.01698 22 941 30305 30236 1 0 0 1 
2.59424 -5 1.68329 0.0745279 0.363794 0.0571921 3.91791 22 944 1425 1 1 0.510607 0.510607 29 
-5 -3.66393 1.03806 0.25717 0.109664 0.0658816 3.90718 22 947 2384 1 1 0.138028 0.138028 2 
-5 1.75912 0.855166 0.660221 0.925499 -0.12562 3.96388 22 948 10672 10670 1 0.131465 0.131465 25 
-5 -0.517321 2.61411 0.394775 0.267303 -0.0780734 3.95579 22 951 39441 39440 1 0 0 1 
-4.00191 -5 4.05875 0.00351543 0.257957 0.0268877 3.84389 22 952 40128 39848 1 0.259053 0.259053 24 
-0.0519302 1.41241 -5 1.82862 0.701511 0.90832 3.84272 22 953 24500 24415 1 0 0 1 
-5 4.3997 -1.22107 0.248525 0.266479 -0.00925309 3.89078 22 954 38315 38286 1 0 0 2 
-5 -4.44047 3.80813 0.615429 0.310951 0.263518 3.87039 22 955 14044 14008 1 0 0 1 
-2.42581 -4.32731 -5 0.292278 -0.0177206 0.448298 3.78264 22 956 43546 42810 1 0 0 1 
-2.1559 -2.16048 -5 0.302354 -0.22785 0.105412 3.7913 22 957 13897 13862 1 0 0 3 
-0.23939 -5 3.67772 0.382822 0.145716 0.106902 3.92525 22 958 21712 21711 1 0 0 1 
-5 2.21577 2.92371 0.235081 0.147033 -0.249875 4.17104 22 961 10002 10001 1 0 0 5 
-5 0.775283 -2.83377 0.676671 0.989811 -0.329043 4.03255 22 963 16785 16784 1 0 0 4 
4.52616 -5 1.68044 4.81945 1.53837 -4.28476 4.20871 22 964 3516 3515 1 0 0 3 
-3.64229 -2.33175 5 0.363483 0.0616015 -0.353843 4.23907 22 968 34661 34660 1 0 0 1 
-5 -0.988834 -0.0645015 0.256958 0.211877 0.0146721 3.92957 22 969 37921 37920 1 0.332945 0.332945 25 
-5 -0.281139 0.330876 0.218879 0.14892 -0.188085 4.12105 22 970 29836 29304 1 0 0 1 
-5 -2.2052 4.27779 1.74409 0.715644 0.564166 3.84247 22 972 19590 19478 1 0 0 4 
4.56509 -5 0.172025 0.278344 0.214066 -0.0175056 3.89297 22 973 6246 6172 1 0.109136 0.109136 4 
-5 -0.0898488 -2.84966 0.971217 0.482414 0.382565 3.86841 22 974 23573 23546 1 0 0 1 
0.685711 -5 1.6166 0.118996 0.280189 -0.24936 3.98295 22 975 29435 29432 1 0.233022 0.233022 2 
-2.49396 4.83599 5 16.3912 3.85136 -13.6758 23.1754 2112 976 4952 4891 1 0 0 3 
-4.91614 -5 -1.27613 -0.0816515 0.503353 -0.0330003 4.0945 22 978 21735 21734 1 0 0 1 
-1.20869 -4.35601 -5 3.22526 20.1944 9.12637 18.4765 2112 979 35134 35095 1 0 0 1 
-0.469974 -5 3.01526 0.323183 0.141305 -0.369737 4.1635 22 980 14071 14070 1 0.510723 0.510723 20 
-3.51312 -4.18604 -5 0.00949988 0.0277906 0.237497 3.98926 22 981 3314 3279 1 0 0 2 
-5 2.35261 0.720379 0.365917 0.326539 -0.143517 4.02888 22 982 19955 19954 1 0 0 1 
-5 1.65632 4.85324 0.549441 0.294223 -0.490716 4.09734 22 983 14718 14674 1 0 0 1 
-5 -3.74531 -2.1589 0.45098 0.320605 0.13971 3.88808 22 984 66987 66844 1 0.57028 0.57028 29 
-3.35804 3.65059 5 0.188329 -0.141467 -0.111265 4.46417 22 986 21131 21130 1 0 0 1 
-5 1.42004 2.49849 1.1798 0.36384 -0.318701 4.03114 22 989 22920 22919 1 0 0 2 
3.07589 -0.514952 5 -0.0137364 -0.0704322 -0.221513 4.15493 22 990 32266 32263 1 0.232543 0.232543 18 
-5 -3.28691 -1.15184 0.173484 0.0270251 -0.199173 3.89266 22 991 11510 11509 1 0.265138 0.265138 22 
0.855289 -5 0.101774 0.314004 0.150742 -0.0665798 4.20164 22 992 62352 62349 1 0 0 1 
-5 -4.97535 -3.43981 3.3756 1.97792 1.12187 3.84491 22 993 16127 16083 1 0.198621 0.198621 26 
-2.7222 -5 -3.27364 0.497132 0.217801 -0.0538149 3.98645 22 995 20537 20429 1 0 0 1 
-5 1.44233 -3.89778 0.0823399 0.411325 -0.291808 3.88128 22 999 40267 40245 1 0 0 1 
-5 -0.174849 -2.13517 0.470565 0.198205 0.0200917 3.88757 22 1000 1117 1093 1 0.162269 0.162269 21 
