# Det10_1_12
#x y z Px Py Pz t PDGid EventID TrackID ParentID Weight Edep VisibleEdep Ntracks
-5 4.12344 3.13661 0.312622 -0.127373 -0.383619 4.21861 22 2 3424 3422 1 0.510323 0.510323 40 
0.608915 5 2.52317 0.370203 -0.269231 0.295869 3.84529 22 3 44436 44250 1 0 0 1 
-5 -3.60097 2.02336 0.396451 -0.814276 0.139485 3.91971 22 4 11405 11401 1 0 0 2 
0.774827 1.33563 -5 0.489682 -0.289044 0.198202 3.90127 22 9 1791 1720 1 0 0 2 
-5 0.0780716 4.11694 0.737069 -1.01892 -0.88515 3.9503 22 10 13154 13152 1 0 0 2 
-5 -2.02664 -4.40957 0.342767 -0.059426 0.0661278 3.91128 22 11 54717 54693 1 0 0 1 
1.78968 -2.70018 5 0.131097 -0.0225811 -0.209147 3.95461 22 15 33092 33035 1 0 0 1 
-5 4.46035 -4.51163 0.480715 -0.421234 0.289532 3.84932 22 16 15246 14818 1 0 0 1 
0.312415 5 -1.81893 0.371242 -0.852895 0.719342 3.83846 22 18 33191 33056 1 0 0 1 
-1.91183 5 2.88634 0.492013 -0.320018 -0.34817 3.97553 22 19 12201 12200 1 0 0 2 
-3.21127 4.03973 -5 0.560948 -0.450861 0.820666 3.80305 22 20 15695 1 1 0.141545 0.141545 2 
0.0521321 5 2.10498 0.126499 -0.3013 0.0918986 3.87087 22 21 6143 6089 1 0.345325 0.345325 5 
-5 -1.57689 4.17224 2.09327 -2.35455 0.594753 3.96339 22 22 17097 17023 1 0 0 3 
-3.6829 5 -3.05245 1.14598 -0.833947 -0.498224 3.94742 22 23 25595 25509 1 0 0 1 
-1.8936 -4.67557 -5 -0.1787 -0.0402583 0.0745746 3.93701 22 26 26695 26581 1 0 0 2 
-3.57118 2.96658 5 0.892611 -0.797914 -1.00317 4.20361 22 27 14688 14647 1 0 0 1 
-5 1.27025 -4.92015 10.6336 -8.78292 5.89978 3.82598 22 28 41870 41765 1 0 0 1 
-5 -2.04305 1.31814 0.34936 -0.342623 -0.147231 3.99364 22 29 20319 20296 1 0 0 2 
-5 -1.74995 1.88442 0.631582 -0.676529 -0.423292 3.99432 22 31 29114 29019 1 0 0 1 
-1.7101 3.59107 -5 -0.0946516 -0.281358 0.36065 3.87323 22 33 8007 7957 1 0 0 2 
-5 -0.293854 -4.74208 0.374276 -0.301034 0.619248 3.79549 22 35 48556 48502 1 0 0 1 
-5 1.78755 0.683893 0.396125 -0.293288 -0.13486 4.03149 22 36 49435 49432 1 0 0 1 
-3.672 5 0.903684 -0.0117443 -0.43583 -0.361583 4.0008 22 37 38025 38024 1 0 0 2 
-5 0.971649 0.96714 0.403514 -0.258321 -0.17767 4.02692 22 39 23707 23672 1 0.105616 0.105616 2 
-5 -1.97872 -1.0784 0.436599 -0.890471 -0.180795 3.88668 22 40 7518 7517 1 0 0 2 
-5 2.87302 -4.22358 0.856081 -0.766978 0.328254 3.85487 22 41 16022 15883 1 0 0 2 
-4.50566 4.65461 -5 0.77711 -0.112992 0.109502 3.93805 22 43 5843 5816 1 0 0 1 
-5 0.425299 -1.27988 0.283925 -0.236305 -0.353082 4.16515 22 45 29024 29023 1 0 0 1 
2.22677 5 -3.96199 0.19325 -0.316307 0.0576207 3.87394 22 46 3239 3237 1 0.374809 0.374809 23 
-1.61644 5 -3.88823 0.324688 -0.283147 -0.030759 4.07275 22 48 43080 43079 1 0 0 1 
-1.68724 5 1.36409 0.24471 -0.246949 0.124619 3.85573 22 50 37022 36975 1 0.303541 0.303541 3 
-5 4.35827 -0.126816 1.28532 -1.07273 0.671963 3.8888 22 51 12262 12260 1 0 0 1 
-0.368131 5 -4.30876 -0.215646 -0.222576 0.407334 3.80347 22 52 20427 20402 1 0 0 1 
-1.72387 -1.7386 -5 0.0556193 -0.739692 0.453647 3.92287 22 54 14493 14453 1 0.728645 0.728645 4 
-5 3.87777 4.21015 0.383634 -0.298819 -0.15701 3.99332 22 55 20475 20474 1 0 0 2 
-3.64826 0.389956 -5 -0.0462214 0.00967085 0.187219 3.90323 22 58 6638 5446 1 0 0 1 
-1.59835 2.70712 5 0.215467 -0.169663 -0.431171 4.05885 22 62 45151 45150 1 1.31693 1.31693 32 
-1.45756 4.06149 5 0.134067 0.0336567 -0.370621 4.11737 22 63 17321 17319 1 0.16539 0.16539 21 
-5 0.332238 0.379092 0.452396 -0.230796 0.0564897 3.88855 22 64 3107 3106 1 0 0 2 
-4.03028 5 -2.48981 8.08382 -5.74076 3.22037 3.83483 22 65 43450 43379 1 0 0 2 
-5 4.23305 4.84027 0.255524 -0.401135 0.186864 3.89825 22 66 27579 27578 1 0 0 1 
-5 1.37616 -0.349415 1.67775 -1.3912 1.36473 3.85287 22 70 33428 33389 1 0 0 2 
4.19417 -2.30324 5 0.29372 -0.347407 -0.232715 4.16508 22 71 8673 8639 1 0 0 1 
-5 -0.602669 3.20335 0.30358 -0.120775 0.186186 3.87919 22 72 13257 10436 1 0 0 1 
0.892972 1.7688 -5 0.383146 -0.286528 0.179501 3.9242 22 73 17241 17240 1 0.13133 0.13133 2 
-5 -0.844638 -0.312759 0.32513 -0.112394 -0.222885 4.04279 22 75 15071 15050 1 0.101161 0.101161 2 
-5 4.47019 -1.16871 0.409841 -0.010792 0.159115 3.87395 22 76 29339 29337 1 0 0 1 
-5 -2.39776 2.9071 0.306968 -0.200545 0.00785459 3.96902 22 78 4936 4918 1 0 0 1 
-2.3768 1.80017 5 0.12553 -0.172495 -0.15664 4.05986 22 79 37790 37787 1 0 0 1 
-5 4.65865 3.01237 0.686675 -0.56855 0.0647954 3.86112 22 80 41288 41264 1 0 0 2 
4.95625 -0.394618 5 0.389803 -0.226104 -0.147881 4.03271 22 81 54026 53900 1 0 0 2 
-5 2.34307 -4.83681 0.0615675 -0.409074 -0.299979 3.96251 22 82 53844 53843 1 0 0 1 
-1.57177 5 -2.26537 0.60247 -0.443711 0.366861 3.83559 22 84 3034 2895 1 0 0 1 
-5 -1.5925 -4.45408 0.0667757 -0.0150542 0.242855 4.39588 22 86 40727 40724 1 0 0 1 
-3.34646 5 -2.4447 0.0177161 -0.194279 -0.0194751 4.02208 22 88 14317 14262 1 0.195737 0.195737 20 
-3.01723 3.13793 5 0.208287 -0.17337 -0.159525 4.11901 22 89 4656 4621 1 0.313834 0.313834 41 
-1.8993 5 0.877378 0.356761 -0.326149 -0.165736 4.06111 22 90 2022 1998 1 0.143178 0.143178 2 
-0.629671 3.48272 -5 0.928931 -0.0679771 0.572272 3.82836 22 91 52287 52286 1 0 0 2 
2.83437 -2.01446 -5 0.445708 -0.403289 0.417359 3.84239 22 93 13959 13839 1 1.66516 1.66516 5 
-5 1.90737 3.85276 0.220659 0.0755016 -0.349698 4.30344 22 94 14982 14981 1 0.175862 0.175862 51 
-2.2023 -1.09787 -5 1.65387 -1.02925 1.66812 3.79821 22 96 13505 13468 1 0.0871863 0.0871863 8 
1.63157 5 1.641 0.23501 -0.311309 0.0310635 4.07308 22 98 4186 4184 1 0.168289 0.168289 2 
-3.17587 -2.57538 5 0.259505 -0.177857 -0.402671 4.08513 22 102 4847 4844 1 0 0 2 
3.44117 5 -4.58552 0.26279 -0.235264 -0.369746 4.08733 22 103 25409 25372 1 0 0 1 
-5 2.08424 -0.360155 0.369402 -0.23097 -0.267048 4.09769 22 104 33827 33825 1 0 0 1 
-1.94526 5 -4.44008 0.0892931 -0.146788 0.290487 3.92435 22 105 39170 39136 1 0 0 2 
-3.54412 2.07084 5 0.128217 -0.585802 -0.587361 4.27282 22 107 11037 11006 1 0 0 2 
-5 3.87795 -4.06482 0.151535 0.00605442 0.262788 3.89641 22 108 17100 1 1 0.30294 0.30294 29 
-5 4.22706 4.13827 0.319354 -0.212857 -0.163091 4.09848 22 109 59155 59154 1 0.41643 0.41643 37 
3.39518 5 -1.18646 0.172975 -0.232011 -0.228158 4.05522 22 110 30721 30695 1 0 0 2 
3.31045 3.63422 5 0.171352 -0.000121055 -0.176005 4.22327 22 111 43548 43508 1 0 0 1 
-5 3.71154 -2.62167 0.827175 -0.622062 -0.208147 3.93383 22 112 46493 46451 1 0 0 1 
-5 -0.945281 -1.59352 0.199985 -0.175173 -0.14532 3.98471 22 115 2940 2937 1 0.302546 0.302546 25 
0.131215 1.48216 5 0.424054 -0.169382 -0.216262 4.04649 22 119 35142 35124 1 0 0 2 
-5 1.19898 1.03774 3.62551 -3.96225 -5.89867 4.15476 22 121 39327 39326 1 0 0 1 
-5 0.270377 -4.27805 0.369285 -0.267823 -0.230259 4.07272 22 124 38705 38704 1 0 0 2 
2.97571 5 4.69406 1.00274 -1.57262 -0.376017 4.02334 22 126 42851 42850 1 0 0 1 
-2.83961 5 4.44197 0.381583 -0.193638 -0.322385 4.06482 22 127 14661 14627 1 0.322328 0.322328 2 
-5 3.61029 -0.831784 4.20612 -2.65562 0.520039 3.93728 22 128 24114 24111 1 0 0 1 
2.8042 -1.16742 5 0.441456 -0.174627 -0.118502 4.05072 22 129 13197 13193 1 0 0 1 
3.5969 1.72532 -5 0.626976 -0.351041 0.195379 3.88664 22 132 9801 9713 1 0.503152 0.503152 4 
-5 3.36355 -4.92826 0.144219 -0.23662 -0.116697 4.2659 22 133 24214 24213 1 0 0 2 
-5 1.61973 3.13769 0.451714 -0.198396 0.133091 3.90243 22 136 50679 50646 1 0 0 1 
-5 2.65773 3.41934 0.21267 0.0570966 0.172244 3.88654 22 138 5743 5697 1 0 0 2 
-1.88202 5 3.31164 0.530841 -0.42457 0.35765 3.8735 22 139 11332 3487 1 0 0 3 
-2.10621 -2.87022 -5 0.624775 -0.193527 0.162774 3.93771 22 140 46628 46564 1 0 0 1 
-3.94809 5 -1.80629 0.267175 -0.193485 -0.159326 4.04751 22 142 17176 17174 1 0 0 2 
-3.79971 5 4.38288 0.436882 -0.251535 0.0835711 3.95391 22 143 41651 41650 1 0 0 1 
0.37076 5 3.26738 -0.15293 -0.711332 -0.662424 4.00659 22 144 1043 1 1 0 0 2 
-5 -3.93165 -3.92987 0.640901 -0.226768 0.247964 3.83452 22 148 34694 34575 1 0 0 1 
-5 2.91287 1.53454 1.11772 -0.989174 0.264235 3.87904 22 153 26787 26785 1 0 0 2 
-5 -0.898737 -2.83379 0.578184 -0.515909 -0.498223 4.20431 22 157 8535 8534 1 0 0 2 
-5 3.49984 0.121198 0.404427 -0.273781 0.150341 3.88103 22 159 29457 29455 1 0 0 2 
-5 -2.58343 -0.354282 2.06314 -1.60305 -0.0810658 3.94115 22 160 26858 26806 1 0 0 1 
-5 2.01354 -3.1995 0.393284 -0.0940908 -0.0194471 3.92209 22 164 27883 27767 1 0 0 1 
-2.63436 -0.0868469 -5 0.919726 -0.683253 0.975213 3.80359 22 165 3532 3499 1 0.500825 0.500825 14 
-5 -4.25607 2.46533 0.0711506 -0.220198 -0.299149 4.13296 22 166 10702 10673 1 0.261886 0.261886 17 
-0.81393 4.93538 5 0.349954 -0.0256577 -0.371475 4.22789 22 167 39163 39161 1 0.262526 0.262526 3 
-5 4.84622 0.688319 0.498069 0.0513365 -0.102039 3.90842 22 169 39256 39229 1 0 0 1 
-3.83493 -1.25713 5 0.411374 -0.239858 -0.185363 4.02942 22 171 1441 1407 1 0.16414 0.16414 19 
-5 -2.01059 -4.18952 0.627576 -0.478486 0.277761 3.83221 22 173 31136 31095 1 0 0 1 
-5 -0.0971385 -1.27851 0.34343 0.215116 0.15017 3.78885 22 178 2988 2916 1 0 0 3 
4.22469 5 2.33636 1.00737 -0.712917 0.525734 3.87661 22 179 10628 10181 1 0 0 1 
-5 2.27768 0.443517 0.174543 -0.196876 0.0265489 3.87107 22 181 15649 15648 1 0.166061 0.166061 4 
-4.84763 -3.39504 5 0.201116 -0.182537 -0.320712 4.15491 22 182 13505 13501 1 0 0 1 
-0.657808 -3.27636 5 0.26654 -0.275675 -0.285425 4.18972 22 184 19968 19967 1 0.382064 0.382064 32 
-5 -3.65708 -1.98963 0.264287 -0.168374 0.184381 3.83495 22 187 24666 24580 1 0 0 1 
-5 3.78408 -3.26075 0.455422 -0.211811 -0.0940577 3.93107 22 189 16371 16335 1 0.296407 0.296407 19 
3.9611 5 -1.86235 0.319973 -0.290726 0.0599258 3.86829 22 190 57884 57796 1 0 0 1 
1.49119 5 -4.10138 0.7787 -0.668733 0.268312 3.85541 22 191 17481 17461 1 0 0 1 
3.72738 0.880471 5 0.683025 -0.579536 -0.125803 3.96648 22 193 39993 39905 1 0 0 1 
-5 -3.39008 3.10666 0.363856 -0.171832 0.113815 4.14581 22 194 16171 16170 1 0 0 1 
-5 -2.53594 0.218518 0.331018 -0.371647 -0.115869 3.98384 22 197 49823 49801 1 0.0342645 0.0342645 2 
1.58168 5 -2.51415 0.43199 -0.244036 0.248651 3.84235 22 199 4276 4274 1 0 0 1 
-5 -1.12745 1.23065 0.189645 -0.281765 -0.123455 3.99742 22 200 30602 30601 1 0 0 1 
1.13861 5 -3.58719 0.514154 -0.67139 0.077896 3.84842 22 202 31934 31827 1 0 0 1 
-5 3.9267 0.365279 0.18782 -0.0946487 0.173324 3.96757 22 203 26993 19633 1 0.272052 0.272052 29 
3.84135 4.30462 5 0.330359 0.110303 -0.00847621 3.92998 22 204 28415 28414 1 0.363362 0.363362 25 
-5 4.41418 4.80169 0.207995 -0.243999 0.0955759 3.93844 22 205 9612 9611 1 0 0 1 
-5 2.36963 -4.16433 0.123436 -0.261714 -0.0262544 3.90337 22 207 46896 46895 1 0 0 1 
0.0339907 5 -1.32524 0.303052 -0.213568 -0.00808198 3.88439 22 208 24187 24089 1 0 0 1 
-5 2.38975 -2.42901 0.334943 -0.355459 -0.150274 3.91354 22 210 36128 36127 1 0 0 1 
0.689688 5 -0.881711 1.27651 -0.359819 -0.278096 3.94594 22 212 1005 1 1 0 0 2 
-4.46306 5 -1.03341 0.926326 -1.21478 -0.0818017 3.87199 22 215 3857 3658 1 0 0 2 
-5 2.24807 -2.92542 0.308924 -0.125645 -0.164776 3.90104 22 216 25931 25905 1 0 0 1 
-3.75926 -2.48666 5 0.241164 -0.126522 -0.220885 4.35366 22 220 24377 24375 1 0.197197 0.197197 4 
2.15944 5 3.22781 0.379343 -0.342299 -0.0070837 4.01043 22 222 37283 37282 1 0 0 1 
3.1244 1.8107 5 0.39839 -0.258059 -0.189237 3.94785 22 223 9406 9378 1 0 0 1 
-5 3.30854 1.21911 0.278362 -0.421243 -0.0786689 4.10094 22 226 50587 50586 1 0.510514 0.510514 31 
-4.81439 4.64739 5 0.34225 -0.162379 -0.306372 4.13215 22 228 9074 9021 1 0.172692 0.172692 2 
-5 1.26782 3.75635 0.31161 -0.0881047 -0.109072 3.84025 22 229 2521 1 1 0 0 2 
-5 2.34887 -0.453427 0.283753 -0.0822699 -0.0403 4.25151 22 230 3752 3701 1 0 0 1 
-5 1.923 4.20724 0.15487 -0.0857897 0.324564 3.87296 22 233 15413 15379 1 0 0 1 
-5 4.7892 -2.29186 0.282195 -0.451827 0.132334 3.9007 22 234 31886 31885 1 0 0 1 
-4.66391 -5 1.22134 -0.0391772 0.0658895 0.162932 3.95405 22 237 58016 57920 1 0 0 1 
-4.83076 5 -3.04255 0.64885 -0.586899 -0.335683 4.00322 22 240 4874 4821 1 0 0 1 
2.91821 5 4.8876 1.25881 -0.50895 1.04254 3.85091 22 241 5526 5487 1 0 0 2 
4.56778 5 4.1637 0.218399 -0.962097 -0.0294136 4.24285 22 244 5760 5665 1 0 0 2 
-0.630985 2.87856 5 0.334998 0.00282649 -0.299245 4.16921 22 245 7893 7891 1 0 0 2 
-5 1.74439 -2.70054 0.281064 -0.295713 -0.169171 4.07304 22 249 21371 21370 1 0.128092 0.128092 3 
-5 -3.59997 -4.85044 0.400038 -0.259149 0.184204 3.89267 22 250 3339 3338 1 0 0 3 
-3.89631 1.94076 -5 2.8136 -1.88621 2.99183 3.82222 22 251 35280 35010 1 1.88969 1.88969 24 
2.37226 -0.201903 5 0.32336 -0.221088 -0.328143 4.29213 22 252 21380 21378 1 0 0 1 
-2.70058 -2.01324 5 -0.133966 0.21847 -0.0973148 4.04882 22 254 36584 36542 1 0.273557 0.273557 38 
-4.32602 -4.56687 5 0.339943 -0.356978 -0.317702 4.17358 22 256 18233 18202 1 0 0 2 
0.677954 -3.72729 5 0.220682 0.212094 -0.261382 4.01817 22 257 16045 16014 1 0 0 2 
-0.889062 3.50612 5 0.445462 -0.203989 -0.145162 4.06188 22 258 49406 49372 1 0 0 1 
-2.58577 -4.20909 -5 0.260617 -0.229799 0.569201 3.76977 22 260 31858 30761 1 0 0 1 
-5 3.76561 -4.92498 0.101675 0.246937 0.347918 3.81856 22 261 41803 41801 1 0.000556588 0.000556588 2 
1.48352 -1.73977 5 0.617131 -0.264013 -0.282897 4.3501 22 265 30276 30275 1 1.99441 1.99441 28 
-5 -1.21688 1.11801 0.56262 -0.354952 0.121994 4.06668 22 266 2099 2077 1 0 0 2 
3.85207 5 2.52846 0.415923 -0.290767 0.0598569 4.02337 22 268 7496 7495 1 0 0 2 
-3.74925 1.86339 -5 0.290085 -0.267417 0.437803 3.79014 22 269 32360 32245 1 0 0 1 
0.49368 5 -2.34422 2.07054 -1.3778 0.0230011 3.96329 22 270 13809 13765 1 0.198826 0.198826 11 
-5 1.14056 -3.28226 0.838343 -0.343521 -0.339501 4.0193 22 271 25154 25126 1 0 0 1 
-1.28611 5 4.95747 0.205901 -0.449705 0.296391 3.92118 22 273 2528 2477 1 0 0 1 
-3.38015 -2.48983 5 0.0757143 -0.283325 -0.22966 4.03842 22 274 5560 5522 1 0.167768 0.167768 21 
1.56298 5 2.45125 0.415708 -0.204921 0.00924256 4.04768 22 275 11170 11169 1 0 0 2 
-0.692003 4.82759 5 0.372839 -0.804559 -0.533757 4.07715 22 276 35783 35716 1 0 0 2 
4.81581 -3.53725 5 0.322308 -0.2073 -0.319816 4.08118 22 277 32444 32328 1 0.0314627 0.0314627 6 
-5 -0.00823028 -3.77841 0.392831 -0.266333 -0.189394 4.08742 22 280 15663 15660 1 0 0 1 
0.920661 5 0.288159 0.386241 -0.251571 0.220567 3.89045 22 281 40826 40825 1 0 0 2 
-5 -2.92869 -1.93459 1.0966 -3.4526 1.51713 3.9014 22 284 3472 3380 1 0 0 2 
-5 3.51887 3.3744 0.266297 -0.249376 -0.0022151 3.89468 22 285 58431 58137 1 0 0 1 
1.44167 -1.64927 5 0.411 -0.256275 -0.162856 4.05986 22 286 5117 5116 1 0 0 2 
-5 3.36968 -1.86845 0.453758 -0.0933771 -0.396773 5.19532 22 288 28372 28305 1 0 0 1 
-5 4.79715 2.23667 0.0625431 -0.154831 -0.175422 4.11455 22 291 6721 6659 1 0.241866 0.241866 21 
-5 -4.72619 -2.62228 0.379155 -0.335516 -0.0692141 3.96394 22 293 42809 42808 1 0 0 1 
-5 4.33014 -2.08976 0.5807 -0.166461 0.407349 3.86759 22 295 14368 14367 1 0.24044 0.24044 4 
3.62212 5 -0.515908 0.0876696 -0.167324 0.0137347 3.96229 22 296 4520 4519 1 0.00884871 0.00884871 2 
-1.4454 5 1.98191 0.623337 -0.421544 0.821003 3.81595 22 297 48835 48801 1 0 0 1 
-2.42998 5 1.44453 0.318036 -0.279005 -0.0811542 3.96459 22 298 7116 6873 1 0 0 2 
0.836708 5 -2.48255 0.361907 -0.360461 -0.0145306 3.94011 22 299 3976 3975 1 0 0 1 
-5 0.703892 0.317728 0.352699 -0.947979 0.278686 3.90505 22 301 48776 48691 1 0 0 1 
-4.85671 5 3.14731 0.0211371 -0.269361 0.120912 3.93328 22 302 3693 3692 1 1.46055 1.46055 8 
-0.561518 -0.0163556 5 0.351684 -0.22363 -0.295682 4.14631 22 304 9318 9295 1 0 0 2 
1.94434 -0.794321 -5 0.244148 -0.243148 0.226771 3.82279 22 306 4865 4692 1 0.173365 0.173365 4 
3.76848 -5 -0.478982 0.288788 0.192735 -0.0260591 4.06659 22 307 15214 15213 1 0.00290077 0.00290077 3 
-5 -4.22678 1.55322 0.632169 -0.369763 0.177367 3.88067 22 308 45878 45846 1 0 0 1 
-0.518662 -1.80168 -5 0.0841208 0.0322171 0.283025 3.86971 22 309 8884 8360 1 3.87959 3.87959 41 
-5 3.71738 4.83894 0.21676 -0.105039 0.246281 3.86241 22 310 10022 9928 1 0 0 2 
-3.14371 0.732196 5 0.175755 -0.126803 -0.230345 3.98448 22 311 8041 8040 1 0 0 1 
1.72701 5 2.90044 0.383416 -0.301509 0.440761 3.84555 22 312 28361 28309 1 0 0 2 
4.42095 5 -1.14687 0.334578 -0.460405 0.226668 3.86039 22 315 25879 25671 1 0 0 3 
-5 3.72991 -1.16339 0.390022 -0.323636 0.0652835 3.93172 22 317 20800 20799 1 0 0 1 
-5 2.80137 -2.67197 0.767475 -0.605456 0.786905 3.80908 22 318 7143 6985 1 0 0 3 
0.70712 5 4.98023 0.0141611 -0.492629 0.13504 3.91046 22 319 35793 35792 1 0 0 1 
-5 -2.09785 -4.14574 0.367445 -0.352365 0.0440763 3.92489 22 320 20935 20899 1 0 0 1 
-3.19217 -2.57364 -5 1.78726 -1.77646 3.48286 3.77665 22 322 48720 48719 1 1.12584 1.12584 31 
-5 -2.51322 2.96919 0.692064 -0.423702 -0.120194 4.00698 22 323 19758 19667 1 0 0 3 
1.2286 2.50952 -5 0.0698804 0.186183 0.187808 3.86969 22 324 14507 14440 1 0.433434 0.433434 49 
-0.802894 5 0.996266 0.309167 -0.306523 0.267542 3.88059 22 326 7711 7710 1 0.0906054 0.0906054 2 
-4.3701 5 -1.54392 0.667622 -0.474479 0.489811 3.83783 22 327 57368 57357 1 0 0 1 
3.83681 2.74765 -5 0.591152 -0.432031 0.872554 3.78635 22 329 4213 4182 1 0 0 3 
2.68629 3.69229 -5 0.370999 -0.205608 0.308134 3.81676 22 331 8739 8644 1 0 0 2 
0.477156 5 -3.59564 0.101509 -0.23338 -0.00201525 3.89682 22 332 42289 42240 1 0.254002 0.254002 31 
2.85854 5 -2.59191 0.315768 -0.202858 0.0983962 3.92166 22 333 35096 34976 1 0 0 1 
-5 -0.519327 -0.320555 7.36365 -3.48661 -5.04797 4.16408 22 337 20738 20737 1 0 0 1 
-5 3.26229 -1.45299 0.0208238 0.273943 0.0567837 3.86847 22 338 1713 1553 1 0 0 1 
2.07852 1.82944 -5 0.266277 0.0246722 0.119867 3.91162 22 339 23177 23176 1 0 0 1 
-5 -0.616981 4.10285 0.968478 -1.06841 1.37148 3.85856 22 342 22540 22466 1 0 0 1 
-5 0.196983 0.339917 0.378371 -0.304422 -0.159005 3.98742 22 343 7255 7254 1 0.494889 0.494889 59 
-5 2.2012 3.61481 0.807684 -0.595788 0.27312 3.84878 22 344 19947 19945 1 0 0 2 
-0.806756 3.69705 5 0.00961626 -0.460007 -0.222309 4.07687 22 345 13159 13157 1 0 0 5 
-5 -3.29533 -2.48424 1.57327 -0.993572 0.235013 3.91326 22 346 7309 7244 1 0.119975 0.119975 4 
-5 -2.97247 2.26524 0.232458 -0.251229 -0.37943 4.30089 22 347 45746 45745 1 0 0 2 
4.69716 5 2.09058 0.177136 -0.203409 -0.235497 4.14066 22 348 20621 20509 1 0.289756 0.289756 31 
-5 -1.95466 3.64311 0.384914 -0.330526 0.272516 3.9368 22 349 8877 8818 1 0 0 2 
-5 -2.34768 2.23439 0.533717 -0.553146 -0.69632 4.33248 22 351 13634 13633 1 0 0 1 
0.0289612 5 1.62181 0.295975 -0.262791 -0.149665 4.00962 22 352 22225 22224 1 0 0 2 
-5 0.845068 -0.850428 0.15745 -0.0264018 0.10401 4.21447 22 354 7024 7001 1 0.190217 0.190217 24 
-5 2.00567 2.62533 0.493405 -0.502738 0.0896515 3.89381 22 357 6360 6273 1 0 0 4 
2.99586 5 -1.91234 0.363772 -0.284319 -0.218981 4.10216 22 358 26491 26490 1 0 0 1 
-0.587347 5 -1.49652 -0.103037 -0.315188 0.167567 3.87033 22 359 57133 55725 1 0.165432 0.165432 2 
-5 -4.90565 -2.7839 0.173197 -0.156161 -0.867716 4.2643 22 364 28821 28750 1 0 0 3 
-5 2.91328 4.24001 0.032301 -0.0326583 0.257887 4.01546 22 366 27948 27893 1 0 0 2 
-1.53978 5 -1.14135 0.350572 -0.165617 0.0465686 4.09621 22 368 14228 14227 1 0 0 3 
4.60289 4.07001 5 0.335559 0.341947 -0.546116 3.95534 22 369 16186 16183 1 0 0 1 
-5 -1.84926 -0.319115 0.229513 -0.291854 -0.120347 4.02381 22 370 16203 16200 1 0 0 1 
-5 2.34575 -2.38368 0.344808 -0.192131 -0.0313002 3.92972 22 372 3744 1 1 0.428492 0.428492 48 
-3.50035 5 -2.80774 0.233432 -0.302474 -0.339322 4.18801 22 374 37649 37647 1 0 0 1 
-4.53011 5 -0.333087 0.504895 -0.825821 -0.0723741 3.95921 22 375 46063 46028 1 0 0 1 
0.796501 -4.94568 -5 1.28247 -0.975174 0.775404 3.91408 22 378 62386 62359 1 0 0 2 
-5 1.99146 3.78994 0.261781 -0.176266 0.0434811 3.97588 22 385 33439 33418 1 0 0 1 
-4.97618 5 2.71381 0.622366 -0.472057 0.956863 3.81468 22 386 10221 10219 1 0 0 1 
0.894466 5 -0.788643 0.0056677 -0.657313 -0.682587 4.50536 22 387 4415 4413 1 0 0 1 
-5 -4.08919 0.196446 0.400331 -0.373521 0.563686 3.81747 22 391 32147 32079 1 0 0 3 
-5 0.111061 -4.15012 0.330091 -0.167355 -0.107608 3.91002 22 393 10600 10575 1 0 0 4 
-5 0.33539 4.88333 1.37243 -1.55186 0.443792 3.89405 22 394 4880 4729 1 0 0 1 
1.65699 5 -0.703879 0.493759 -0.225188 -0.174057 4.21268 22 395 10630 10538 1 0 0 1 
0.0376395 4.69079 5 0.197379 -0.215941 -0.368536 4.21338 22 401 40166 40152 1 0 0 1 
-5 0.286169 -3.46898 0.283629 -0.112545 0.0340913 4.22043 22 402 27635 27634 1 0.306565 0.306565 31 
-5 0.112691 0.0167564 0.419918 -0.151018 -0.0815232 3.88756 22 403 37803 37658 1 0 0 1 
2.79786 4.27307 5 3.9099 -30.2029 -10.9939 17.7834 2112 404 16104 16059 1 0 0 2 
-5 2.48727 4.19731 0.840427 -0.925099 -0.0729155 3.95974 22 405 25791 25788 1 0 0 2 
-3.27684 -0.870952 5 1.31541 -1.13098 -0.913094 4.11209 22 408 2783 2750 1 0 0 1 
1.03868 -2.69429 5 0.003853 -0.153849 -0.220473 4.07102 22 409 37661 37631 1 0.268474 0.268474 25 
-1.31798 5 0.411323 0.978662 -0.587237 0.292421 3.8967 22 411 31649 31648 1 0 0 2 
-5 -1.81468 4.25769 0.180289 -0.204812 0.166912 4.10661 22 415 7340 7337 1 0 0 1 
1.56128 5 4.86139 0.191072 -0.098169 0.0936628 3.86599 22 416 19307 19286 1 0 0 1 
-5 2.20152 4.96653 0.0790838 0.160669 0.0705484 3.93298 22 417 3696 3338 1 0 0 4 
0.950305 5 3.9718 0.352754 -0.304058 -0.210317 4.08149 22 419 30797 30796 1 0 0 1 
-5 1.48009 4.54817 1.81577 -1.62608 0.865266 3.90607 22 420 6941 6863 1 0 0 1 
-3.19589 -3.73045 -5 0.346084 -0.325671 0.187841 3.86746 22 421 8857 8853 1 0 0 1 
-3.45414 0.257656 5 2.50873 -2.79811 -1.98267 4.02483 22 422 32518 32462 1 0 0 1 
-0.67431 0.139715 5 0.333817 -0.00180221 -0.10258 3.97283 22 424 10962 10961 1 0 0 1 
-5 0.662968 2.91148 0.235136 -0.341584 -0.307688 4.07499 22 426 32200 32199 1 0 0 1 
0.787985 1.79051 5 2.2906 -1.55955 -0.213354 3.94993 22 427 14853 14835 1 0 0 1 
-5 1.3863 4.87652 0.546381 -0.378365 0.366643 3.85307 22 428 14372 12573 1 0 0 1 
4.8778 5 2.21081 0.46752 -0.531765 0.409007 3.8581 22 430 23849 23662 1 0 0 1 
-1.4543 5 1.98147 0.587003 -0.435329 0.468456 3.8415 22 432 19604 19542 1 0 0 1 
-5 2.24518 -4.49647 1.89653 -2.33249 0.59637 3.92681 22 433 22260 22198 1 0 0 2 
2.28058 5 -3.0079 0.121504 -0.22781 0.11034 3.86725 22 436 47286 47107 1 0 0 1 
-3.06976 5 -0.626248 0.0743195 -0.337141 -0.0712349 3.8563 22 438 34820 34797 1 0.163171 0.163171 25 
-2.79908 5 -1.54571 0.573856 -0.646298 -0.962773 4.17237 22 439 30648 30564 1 0 0 4 
-3.24115 5 -0.0172674 0.229066 -0.210313 -0.0187251 3.94267 22 440 3770 3759 1 0.311297 0.311297 15 
-5 -3.64605 0.33861 0.34831 -0.294857 0.0719561 3.92998 22 441 39256 39168 1 0 0 1 
-1.82652 -3.9918 5 -0.204632 -0.191925 -0.232842 4.06406 22 444 17840 17769 1 0 0 1 
-5 4.94473 4.4965 0.632184 -0.19464 0.0320332 3.92643 22 445 38049 37953 1 0 0 1 
2.54988 5 -2.89968 0.115622 -0.0692894 -0.214898 4.00458 22 446 27946 27924 1 0 0 1 
-5 3.77138 -1.14021 0.196016 -0.106016 -0.178645 3.93404 22 448 29340 29339 1 0 0 1 
2.11972 5 -2.03343 0.386626 -0.17914 0.023741 3.89326 22 449 30816 29340 1 0.219869 0.219869 3 
0.767456 2.94251 5 0.410397 -0.446161 -0.40295 4.10942 22 450 31996 31935 1 0 0 1 
-5 -1.57295 -3.84445 0.320818 0.028752 -0.0826407 4.03078 22 452 6731 6730 1 0.121963 0.121963 2 
-3.7479 5 1.19194 0.727705 -0.394244 0.812662 3.80962 22 453 19854 15816 1 0 0 1 
-3.95408 5 3.55691 0.00866049 -0.178012 0.0391069 3.97499 22 456 2071 2043 1 0 0 1 
0.914172 5 2.01827 0.38778 -0.325439 0.069541 3.9145 22 457 6940 6918 1 0 0 1 
-5 0.881987 -3.06984 0.275605 -0.258946 0.421109 3.8133 22 458 57514 57246 1 0.24223 0.24223 30 
-5 4.65737 -1.34981 0.407308 -0.265453 -0.041728 3.9891 22 461 35050 35045 1 0 0 1 
2.11754 -3.64552 5 0.214112 -0.172923 -0.0575165 4.11562 22 463 3806 3805 1 0.69369 0.69369 3 
2.70592 -1.53686 -5 0.76043 -0.408651 0.552446 3.84856 22 464 13989 12141 1 0 0 4 
3.76085 5 2.09857 0.306722 -0.423174 0.426387 4.02226 22 466 4696 4644 1 0 0 1 
0.739438 0.246761 -5 0.277075 -0.0243196 0.225993 4.2217 22 467 6936 6935 1 0 0 2 
-5 -0.862735 2.33545 0.365122 -0.334466 0.126249 3.96585 22 468 1919 1918 1 0 0 1 
1.39924 5 2.94524 1.96304 -1.4172 1.27999 3.87714 22 470 18801 18800 1 0.188401 0.188401 13 
-0.0754987 5 0.383197 0.185656 -0.23367 -0.00435735 3.91213 22 473 2126 2095 1 0 0 2 
-0.859395 2.26062 -5 0.208564 -0.13459 0.0624866 3.90063 22 474 11860 11834 1 0 0 2 
2.16504 5 3.25241 0.299694 -0.358801 0.206315 4.47317 22 475 39758 39757 1 0 0 1 
-2.86436 3.56159 5 0.160269 -0.0159795 -0.12762 4.02587 22 476 30912 30832 1 0.205177 0.205177 21 
0.749366 5 0.962973 0.750997 -0.599316 0.684563 3.85119 22 477 5841 5681 1 0 0 1 
-0.408327 -4.19163 -5 0.15203 -0.284735 0.33761 3.91501 22 479 47227 47222 1 0 0 1 
0.0502288 5 2.18459 0.422894 -0.259192 0.0889309 3.94549 22 480 34446 34443 1 0 0 1 
-5 3.15729 -4.38712 0.176784 -0.221528 -0.425198 4.30455 22 481 39336 39334 1 0 0 1 
-5 -2.02203 0.830733 0.241973 -0.26705 -0.362289 4.11233 22 482 36968 36966 1 1.21726 1.21726 3 
-5 -3.47395 -3.44886 0.198158 0.0319219 -0.12819 4.0822 22 484 36559 36501 1 0.0025587 0.0025587 3 
-0.688928 5 2.39699 0.281691 -0.263263 0.0222021 3.96317 22 486 19899 19832 1 0 0 1 
-3.313 -2.57482 5 0.273369 -0.251694 -0.35077 4.05369 22 487 8360 8359 1 0 0 1 
-5 4.41673 0.70065 0.403658 -0.254234 0.210739 3.8546 22 488 18402 18217 1 0 0 1 
0.160538 -2.94549 -5 0.249106 -0.259378 0.334887 3.80937 22 489 31779 31436 1 0 0 1 
-1.06721 5 3.26319 0.345138 -0.375395 0.272592 3.86914 22 493 40232 20503 1 0 0 1 
1.83302 -1.23945 5 -0.114802 -0.0418115 -0.274103 4.11345 22 494 1294 1 1 0.0731504 0.0731504 3 
1.70334 5 -4.73317 0.555922 -0.411755 0.60086 3.80302 22 495 1550 1 1 0 0 4 
-2.83599 -3.87274 -5 0.157494 -0.113264 0.25049 3.7948 22 496 12059 11982 1 0 0 1 
-2.38495 5 -0.554323 0.0546209 -0.157211 0.332055 4.03795 22 497 6764 6730 1 0 0 1 
-5 0.09014 -3.3634 0.272846 -0.126276 -0.323616 4.13132 22 498 17541 17521 1 0 0 1 
-5 3.34345 1.10529 0.355297 -0.211777 0.047948 3.87926 22 501 23444 23362 1 0.0328325 0.0328325 2 
1.76018 5 -4.27765 0.41735 -0.264001 0.266763 3.84882 22 502 7268 7267 1 0 0 3 
-0.915406 5 -0.616038 0.00645964 -0.380211 0.00490319 3.96206 22 505 18038 17989 1 0 0 3 
-2.10426 5 -3.78152 0.343855 -0.456267 -0.0745326 3.93013 22 507 11540 11521 1 0 0 2 
-3.78357 -1.67118 5 0.137271 -0.208275 -0.301286 4.06749 22 508 25098 24426 1 0 0 2 
-5 -4.10936 -1.20999 0.388315 -0.550941 0.0618801 3.89109 22 509 8897 8812 1 0 0 1 
-5 2.87454 -3.37124 0.279222 -0.296521 -0.0992609 3.91645 22 511 41776 41723 1 0 0 1 
-5 -1.09017 -0.478373 0.48448 -0.356338 0.0941521 3.87935 22 512 7859 7798 1 0 0 1 
-5 0.0405418 3.16906 0.383053 -0.248017 0.11526 3.88254 22 513 8699 8626 1 0.539157 0.539157 24 
-2.57535 0.0996466 5 0.0619466 -0.355514 -0.139464 3.97399 22 517 17401 17269 1 0.419029 0.419029 35 
-5 2.55638 1.50715 0.203028 -0.234029 0.0748564 3.89368 22 518 13173 12499 1 0 0 1 
-3.59763 5 4.07955 0.960646 -0.603978 -0.177512 4.01571 22 520 15454 15360 1 0 0 1 
-5 -1.19927 -1.49417 0.202547 -0.142045 -0.256052 4.00977 22 521 28381 28353 1 0 0 1 
-0.684786 5 -4.13291 0.393631 -0.220972 -0.23947 4.08187 22 522 27922 27920 1 0 0 1 
-5 -4.69008 3.47927 0.198906 -0.315012 -0.237693 3.97414 22 527 16527 16490 1 0 0 2 
4.78909 2.41547 -5 0.362934 -0.267187 0.240852 3.87066 22 528 22931 22916 1 0 0 3 
-5 0.68346 2.86994 0.237971 0.0423372 -0.219063 3.97686 22 532 31803 31802 1 0 0 1 
2.09088 -0.481105 5 -0.284501 2.45963 -1.47053 3.98111 22 535 21868 21851 1 0 0 1 
-5 -4.35206 1.8517 0.223718 -0.0779117 -0.349064 4.4518 22 538 15150 15149 1 0 0 2 
-5 0.845522 1.46768 0.506839 -0.3961 0.0321387 3.92093 22 542 38865 38730 1 0 0 1 
-5 4.05405 -3.68823 2.74062 -1.48477 0.097021 3.89026 22 544 5722 5659 1 0 0 2 
1.94037 -5 -3.35075 -0.800232 0.68053 -0.609592 3.99549 11 547 5910 5909 1 1.0079 1.0079 89 
-5 2.958 -3.37236 0.321686 0.0138506 -0.0375823 4.20415 22 550 31218 31073 1 0 0 2 
-1.89127 5 1.42496 0.350217 -0.171455 0.00517449 3.90522 22 551 2926 2796 1 0 0 2 
-5 1.80252 4.83613 0.400137 -0.367824 0.0373142 3.89823 22 552 19884 19830 1 0 0 1 
-2.81251 2.67877 5 1.38166 -1.4425 -1.74539 4.18127 22 553 31424 31305 1 0 0 1 
-5 3.99014 -1.75421 0.229527 0.0652746 0.0625694 3.9531 22 556 24025 24024 1 0 0 1 
-5 4.62503 0.82889 0.224989 -0.108577 -0.107989 4.121 22 557 14281 14280 1 0 0 1 
2.24087 0.276188 -5 0.225952 -0.279541 0.0819487 4.06918 22 559 18084 18083 1 0 0 1 
2.49529 -2.12441 -5 0.0859762 -0.031433 0.182861 4.34322 22 560 1400 1398 1 0.204229 0.204229 20 
-0.343444 5 0.249218 0.408335 -0.258885 0.165411 4.00209 22 561 27596 27594 1 0.238786 0.238786 2 
-5 1.58837 -2.52301 0.295245 -0.194291 -0.336262 4.1128 22 562 42744 42743 1 0 0 1 
-2.1217 5 -0.0925802 0.286272 -0.231125 -0.0136835 3.91877 22 563 16660 16599 1 0 0 1 
1.90505 5 3.83186 0.687901 -0.561432 0.5188 3.87297 22 564 4634 4613 1 0.73914 0.73914 4 
-5 -2.25442 -4.40623 0.678489 -0.351008 0.0692305 3.92589 22 566 11465 11378 1 0 0 1 
-5 0.612589 1.06821 0.403337 0.138008 0.281768 3.83603 22 569 10283 10282 1 0 0 1 
3.52361 4.82442 5 0.334811 -0.264493 -0.281185 4.06527 22 570 31097 31074 1 0 0 1 
-2.77375 -2.29882 5 1.37916 -1.39665 -0.95811 4.05764 22 571 10949 10948 1 0 0 2 
-2.85939 4.21664 -5 0.437091 -0.475201 0.692644 3.81999 22 573 43499 42794 1 0 0 2 
-2.81425 -0.430504 -5 0.965299 -0.997944 0.964793 3.82277 22 576 12581 12519 1 0.00506726 0.00506726 7 
-5 3.21568 -4.31625 0.379801 -0.340993 -0.0243865 3.92785 22 579 27321 27320 1 0.269162 0.269162 3 
-5 3.68585 1.1213 0.0823152 -0.114917 0.245522 3.96517 22 580 6380 6379 1 0 0 1 
-4.94403 5 -1.92969 0.260417 -0.126474 0.285174 3.80531 22 583 13485 13441 1 0 0 2 
-2.68193 -4.71483 5 0.412106 -0.576341 -0.0485608 4.13101 22 584 3916 3888 1 0.288319 0.288319 26 
-4.08897 0.68291 5 0.516358 -0.428665 -0.101553 4.01173 22 585 28308 28205 1 0.105063 0.105063 2 
-5 -4.2586 1.7763 2.03301 -2.29937 -0.30753 3.95996 22 586 4306 4274 1 0.214773 0.214773 37 
-5 4.85769 4.85437 0.0984621 -0.185936 -0.178178 4.40324 22 589 36349 36347 1 0.275316 0.275316 25 
1.03163 5 -2.56813 0.386186 -0.298261 0.241216 3.87047 22 590 50479 50269 1 0 0 1 
-5 -1.88385 3.21205 1.15665 -1.50989 1.03068 3.86007 22 592 25000 24968 1 0 0 1 
-5 -1.00183 -4.49515 0.226786 0.129875 0.0328924 4.28498 22 593 42112 42110 1 0 0 1 
0.606924 5 3.24531 0.772855 -0.553263 -0.0243504 3.91807 22 596 33162 33161 1 0.000865702 0.000865702 3 
-5 -4.42127 4.7654 0.256531 -0.265431 0.0882736 3.96871 22 597 49179 48135 1 0 0 1 
-2.80903 4.80448 5 0.361068 -0.320622 -0.107693 4.10657 22 602 5774 5748 1 0 0 1 
-4.44952 -3.9359 -5 2.86666 -3.10041 2.98434 3.82445 22 603 28655 28572 1 0 0 2 
0.971644 5 -3.14756 2.21892 -0.878942 1.02862 3.86337 -11 604 21645 21644 1 2.56289 2.56289 14 
-0.35019 5 -3.80687 0.38453 -0.407297 0.471186 3.81298 22 606 27947 27826 1 0.295098 0.295098 3 
0.18615 2.51168 -5 2.85774 -1.63502 0.540268 3.87227 22 607 8431 8430 1 0.391174 0.391174 21 
-1.47417 -3.9383 -5 0.609304 -0.613157 0.2975 3.90456 22 609 5157 5093 1 0.216752 0.216752 18 
-5 2.76306 -4.67248 0.363951 -0.0979703 -0.0389259 3.95691 22 610 36092 36091 1 0.378746 0.378746 9 
-2.03729 5 -1.08646 0.329433 -0.264292 0.469537 3.80553 22 611 2782 2720 1 0.63115 0.63115 23 
-0.743461 3.36921 -5 0.101594 -0.1815 0.418203 3.91181 22 613 25088 25087 1 0.720245 0.720245 3 
1.76125 5 1.16143 0.44581 -0.578298 -0.425127 4.11669 22 614 2573 2572 1 0 0 1 
-4.37967 3.58647 5 0.302666 0.0231174 -0.411071 4.04334 22 615 26201 26200 1 0 0 1 
-5 2.09442 -2.0809 1.16156 -0.798754 0.385748 3.86466 22 617 22031 22028 1 0 0 1 
-5 -1.42895 -3.90941 0.527672 -0.266882 0.0821655 3.84794 22 619 1253 1252 1 0.00974989 0.00974989 4 
-5 1.24904 2.06997 0.28993 -0.282627 -0.147474 4.06734 22 620 31279 31255 1 0 0 2 
-5 -0.668987 4.16495 0.335 -0.383017 -0.00166804 3.96552 22 621 8770 8769 1 0 0 2 
2.02913 5 3.90298 0.523474 -0.57724 0.062918 3.89519 22 622 42767 42611 1 0 0 2 
-5 -0.075328 -1.7986 0.570778 -0.479754 0.1849 3.86149 22 625 54465 54384 1 0 0 1 
0.9086 5 1.77294 0.660282 -0.749431 0.238071 3.92054 22 627 12991 12944 1 0.107678 0.107678 2 
-2.33931 5 -2.12789 4.12143 -5.28322 0.432714 3.9246 22 629 41594 41558 1 0 0 2 
-0.993573 5 -1.52363 0.281996 -0.183691 -0.38452 4.21062 22 631 7808 7780 1 0 0 2 
-3.27487 5 3.20058 0.875462 -1.10984 0.988799 3.84116 22 633 27220 27028 1 0 0 1 
-2.42811 5 -2.06432 0.0501408 -0.305466 -0.186344 3.96349 22 635 7517 7439 1 0.173561 0.173561 3 
-5 -2.94058 3.09742 0.902718 -0.66769 0.649891 3.87287 22 639 16488 16487 1 0 0 1 
4.92784 -4.90508 -5 0.0874009 -0.32252 0.297234 3.95431 22 641 11650 11606 1 0.232706 0.232706 25 
-5 -2.53048 1.39348 0.364128 -0.355407 -0.0470836 3.97961 22 646 31026 31025 1 0 0 1 
-5 -3.5363 -3.81344 0.400506 -0.295155 -0.116611 3.92442 22 648 30278 30277 1 0.17148 0.17148 61 
3.2724 -1.89357 -5 1.16906 -0.990496 0.737195 3.8704 22 649 25192 25139 1 0 0 1 
1.51475 5 -1.38849 2.05738 -1.37043 1.52145 3.83933 22 650 24282 24136 1 0.00879921 0.00879921 3 
-2.31176 5 4.80727 0.671456 -0.835593 -0.163432 4.11123 22 652 23173 23170 1 0 0 1 
-5 -1.75466 -4.32705 0.399692 -0.290239 0.130872 3.88142 22 653 10903 10902 1 0.141637 0.141637 3 
4.74009 -5 2.76817 0.344727 0.0282598 -0.049384 4.25346 22 657 7370 7369 1 0 0 1 
-4.41164 5 2.1507 0.861141 -0.252718 1.98906 3.79257 22 661 12866 12779 1 0 0 1 
-2.77578 5 -3.9902 0.550774 -0.219011 0.0682624 3.91342 22 662 7341 7293 1 0 0 3 
-4.96319 4.4391 -5 3.75922 -2.7646 2.1629 3.83373 22 663 3939 3879 1 0 0 1 
2.8912 5 0.312102 1.3018 -0.467486 0.417366 3.88418 22 664 44895 44812 1 0 0 1 
-0.332739 5 0.00458222 0.536676 -0.402409 0.0949897 3.8898 22 665 40724 40523 1 0 0 2 
-5 0.30031 4.01116 0.263176 -0.300211 -0.0996041 3.99205 22 666 16421 16175 1 0 0 2 
-5 -3.19872 3.13492 0.175367 -0.0230952 -0.174865 4.09332 22 669 3441 3400 1 0 0 1 
-5 2.66427 4.901 0.311545 -0.310837 0.259692 3.86098 22 672 18830 18795 1 0 0 1 
-1.45727 -1.44558 5 0.169772 0.102835 -0.108693 4.08447 22 674 25705 25580 1 0.225857 0.225857 26 
1.97425 5 3.4871 0.921579 -1.18053 -0.51885 4.04168 22 675 14227 14226 1 0 0 1 
-2.89155 3.93307 5 -0.32981 -0.0149162 -0.390029 4.31142 22 677 3319 3317 1 0 0 1 
1.042 -3.61049 5 0.39189 -0.0272826 -0.326799 4.11432 22 678 14507 14506 1 0 0 1 
-4.66988 4.63008 5 0.0731907 -0.217613 -0.290864 4.04953 22 679 18077 18074 1 0 0 1 
4.92697 5 3.40296 0.382265 -0.241161 -0.238401 3.993 22 683 16232 16231 1 0 0 2 
2.74232 5 -0.382205 0.191066 -0.358213 -0.0296621 3.94235 22 684 43412 43374 1 0 0 1 
1.49651 5 1.79803 0.485283 -0.134637 0.0865634 3.89326 22 686 11769 11768 1 0.389049 0.389049 8 
-5 2.06589 -1.889 0.291046 -0.155248 -0.0393237 3.90839 22 688 21913 21893 1 0.331885 0.331885 21 
0.694071 3.29358 -5 0.130679 -0.183136 0.0132787 3.93301 22 690 5268 5267 1 0.225102 0.225102 17 
-3.50019 5 -1.24361 0.391439 -0.222186 -0.241927 4.02803 22 691 29195 29194 1 0 0 1 
-1.50561 5 4.41594 0.269344 -0.350161 0.188945 3.86077 22 692 49499 49465 1 0 0 1 
-3.99973 5 0.977807 0.0163331 -0.0790455 0.246293 3.98829 22 694 10093 10092 1 0 0 1 
1.43983 4.03127 5 0.253301 -0.098516 -0.432728 4.21374 22 697 28085 28068 1 0.0392164 0.0392164 2 
-1.43329 -2.13508 5 0.443629 -0.454827 -0.156833 4.01315 22 698 12824 12821 1 0.429499 0.429499 19 
-5 -0.644432 -3.17754 0.807446 -0.680699 -0.695984 4.13562 22 700 21519 21461 1 1.29324 1.29324 27 
-5 -4.93235 -3.96331 0.299491 -0.413266 0.0252342 3.97465 22 701 31462 31460 1 0 0 1 
-1.07259 5 0.53411 0.81386 -0.972653 -0.209056 3.97517 22 706 19671 19669 1 0 0 1 
-5 0.716969 -4.52111 0.721312 -0.907306 -0.431201 3.93971 22 707 19283 19252 1 0 0 2 
2.09191 2.89934 5 0.0191538 0.124108 -0.124999 3.97987 22 708 10358 10331 1 0.176996 0.176996 10 
-5 -2.01371 2.29042 0.91265 -0.903571 0.538768 3.90289 22 710 23522 23521 1 0 0 1 
-5 2.27489 1.99003 0.356914 -0.134112 -0.121853 7.49722 22 711 6697 6615 1 0.217153 0.217153 2 
-0.608008 3.18088 5 0.400172 -0.0734053 -0.219142 4.00745 22 712 1167 1117 1 0.626642 0.626642 57 
-4.9689 3.91963 5 1.71288 -0.781242 -0.943585 3.99874 22 714 10857 10844 1 0 0 1 
-5 -0.067527 -0.85683 0.350422 -0.307982 -0.0823414 3.94893 22 717 38099 38057 1 0 0 1 
-5 3.41938 3.0282 0.332086 -0.252412 0.357003 3.81262 22 719 6131 6059 1 0 0 4 
-1.84333 5 -3.64553 1.09586 -0.46481 1.07104 3.7983 22 723 7911 7816 1 0 0 3 
-5 -4.8036 1.54912 0.717638 -1.16572 -0.0861656 3.90005 22 724 6321 6319 1 0.359673 0.359673 57 
-5 3.11525 -3.17227 0.366304 -0.493474 -0.410457 3.91816 22 725 14699 14605 1 0 0 2 
-5 3.52901 1.56506 0.712051 -0.425588 0.215545 3.92181 22 729 39461 39419 1 0 0 2 
-5 3.36196 3.9244 0.131609 0.156794 -0.035605 4.1971 22 730 8174 8139 1 0 0 1 
-1.24546 5 -3.1159 2.99262 -2.05736 -0.257274 3.95893 22 731 46444 46419 1 0 0 1 
2.92641 5 3.62998 0.475274 -0.174552 -0.0690386 3.98086 22 732 12743 12742 1 0 0 1 
-5 -2.26884 -3.08928 0.299736 -0.257385 -0.324085 4.07388 22 733 17862 17861 1 0 0 1 
-4.3078 4.3834 -5 0.345466 -0.277771 0.481704 3.79714 22 735 32084 26742 1 0 0 1 
-3.44834 2.98421 5 0.425176 -0.389569 -0.240983 4.08564 22 736 29952 29951 1 0 0 2 
-5 -2.0002 4.4352 2.81651 -3.08965 2.97583 3.85373 22 738 9434 9315 1 0 0 1 
-3.14182 -5 -3.47515 -0.104174 0.211375 -0.0197139 3.88331 22 739 2472 2134 1 0.236161 0.236161 23 
-5 -3.75865 -1.3065 0.502042 -0.407935 -0.0564247 3.99056 22 740 30621 30620 1 0 0 1 
-3.49496 5 -1.23295 0.224704 -0.383992 -0.400251 4.08883 22 741 12320 12295 1 0 0 1 
4.80206 5 -3.84666 14.9025 -10.0659 -0.777142 15.99 2112 743 5361 5286 1 0 0 1 
-5 -2.02814 4.46875 0.237149 -0.139255 -0.0482263 3.93156 22 746 17312 17285 1 0.0797457 0.0797457 3 
-0.268224 2.51337 -5 0.395953 -0.21599 0.240185 3.86312 22 748 30818 30816 1 0 0 1 
-5 -4.98295 0.701642 0.185315 -0.140653 -0.0404583 3.97312 22 749 9268 8959 1 0 0 1 
-3.24002 4.89903 -5 0.499057 -0.237989 0.0813363 3.87795 22 750 2682 2627 1 0 0 2 
-2.97524 -4.67109 5 0.273199 -0.831109 -1.15706 4.31937 22 751 17102 17101 1 0 0 1 
-0.00580048 5 -2.19669 0.342145 -0.254512 0.281568 3.84329 22 752 38718 38717 1 0 0 1 
1.42221 5 3.31718 0.194831 -0.167799 -0.0405368 3.95647 22 753 2820 2819 1 0 0 1 
-5 -2.59491 -0.212281 0.325693 -0.393014 -0.0241759 3.96602 22 754 7376 7375 1 0 0 1 
3.92503 5 4.42105 0.540941 -0.312805 0.547224 3.84935 22 756 26100 23836 1 0 0 1 
-5 2.17699 -2.88682 0.447566 -0.236979 -0.0681586 3.94613 22 757 13645 13644 1 0 0 1 
-1.98679 5 1.33041 0.256474 -0.223926 0.290701 3.89868 22 758 68052 68024 1 0 0 1 
1.22036 -3.65438 -5 0.3685 -0.322862 0.145216 3.89979 22 760 8773 8744 1 0 0 3 
-5 2.62639 -1.67512 1.75173 -1.17727 -0.172089 3.89228 22 763 14741 14693 1 0 0 2 
-0.258452 5 4.66624 0.0161516 -0.0241434 -0.0048629 3.93927 22 764 41989 41983 1 0.175493 0.175493 17 
-2.61805 5 3.89615 -0.15071 -0.468662 0.0927271 3.92342 22 766 34546 34541 1 0 0 1 
-5 1.16137 -3.05425 4.82463 -4.10294 1.98443 3.8476 22 767 24822 24821 1 0 0 1 
-5 4.93454 -0.68046 1.48658 -1.07235 2.47242 4.84051 22 768 33433 33391 1 0 0 1 
-5 -1.09959 1.6849 0.246237 -0.155811 0.211241 3.83786 22 770 37605 37465 1 0 0 1 
-0.0446042 5 -0.451326 0.200973 -0.147434 -0.386233 3.98131 22 774 6567 6517 1 0 0 1 
0.908068 5 -1.79243 18.0206 -13.9027 3.37153 3.89185 22 775 13129 12836 1 0 0 1 
-5 2.62849 -3.10398 0.201528 -0.0072013 0.186972 3.90022 22 778 19331 19329 1 0.252398 0.252398 3 
-0.334311 5 4.97265 3.65278 -2.08473 -0.367453 3.98686 22 780 19524 19470 1 0 0 2 
-4.49396 5 1.19817 0.260823 -0.168625 -0.244649 4.12506 22 781 14478 14477 1 0 0 1 
0.881929 5 -3.65546 0.257763 -0.469327 0.157617 3.83702 22 784 21896 21733 1 0.296499 0.296499 17 
-5 4.35544 -4.5688 4.67232 -1.65424 -4.32996 4.12822 22 787 28282 28281 1 0 0 2 
-4.29129 -1.94291 -5 5.2886 -6.0529 0.615681 3.88724 22 788 17356 17355 1 0 0 2 
2.44774 5 -4.3843 0.503921 -0.380139 0.364151 3.83278 22 789 13819 13325 1 1.83694 1.83694 43 
-5 -2.52323 -0.0521792 0.240221 -0.272954 -0.132721 3.89714 22 790 11427 11182 1 0 0 1 
-5 -1.87283 3.01803 0.257224 0.0234937 0.0735505 3.95023 22 792 20325 20269 1 0.268256 0.268256 19 
-5 -0.928147 3.61938 0.846804 -0.776738 0.0475475 3.96881 22 793 28534 28464 1 0.839649 0.839649 2 
-5 -2.63623 4.15002 0.723856 -0.43578 -0.259721 4.04388 22 795 4582 4581 1 0.396868 0.396868 3 
-5 1.13989 -1.18471 0.151288 0.131172 0.211168 3.89133 22 796 21584 21471 1 0.290501 0.290501 30 
-5 -4.21533 1.34021 1.15039 -1.26605 1.06704 3.85578 22 798 36425 36248 1 0 0 1 
-5 -1.10131 -1.32525 0.257208 -0.236281 -0.0712129 3.9309 22 800 10286 10284 1 0.355974 0.355974 33 
-3.50733 -0.857611 -5 0.35033 -1.22189 0.535345 3.84739 22 802 1050 1 1 0.871519 0.871519 2 
-5 -3.67515 -1.8393 2.4556 -2.42104 -1.04057 3.9972 22 803 3335 3237 1 0 0 1 
-5 -3.49522 4.1525 0.278314 -0.30033 0.305717 3.8722 22 804 37601 37600 1 0 0 1 
-5 1.97389 4.83545 0.392906 -0.32203 -0.0551442 3.98743 22 805 2302 2301 1 0.0870721 0.0870721 3 
-5 4.56024 1.86725 3.5731 -1.15949 4.44768 3.78548 22 811 2438 2171 1 0 0 1 
-0.730128 4.57833 5 0.96198 -0.574765 -0.780405 4.08532 22 812 2571 2556 1 0.991071 0.991071 3 
-5 -2.16466 -1.67335 0.675801 -0.400143 0.0299327 3.91682 22 814 19509 19507 1 0 0 1 
-5 -0.200005 -2.87185 0.377779 -0.206624 0.349169 3.82984 22 815 23369 1 1 0 0 1 
-5 -3.35019 3.34484 0.0168874 -0.190577 -0.147084 4.08467 22 818 5900 5899 1 0 0 1 
-5 -4.11991 3.27912 0.193052 -0.111774 -0.185935 4.08976 22 819 21479 21477 1 0 0 1 
-4.37343 5 -3.22065 0.148461 -0.391404 -0.283857 4.17827 22 821 5163 5092 1 0 0 1 
-3.86165 5 2.99442 0.287205 -0.276124 -0.319982 4.09184 22 823 1093 1091 1 0 0 3 
2.05306 4.06524 5 0.333755 -0.376419 -0.301491 4.0321 22 824 10728 10691 1 0.114217 0.114217 2 
-5 -3.00259 -0.554612 0.165266 -0.0957354 -0.258384 4.18361 22 825 55378 55331 1 0 0 1 
0.780429 3.7803 5 0.267263 -0.331427 -0.580209 4.25587 22 826 13980 13979 1 0 0 1 
-5 -1.06203 2.42836 1.70678 -1.30916 1.1503 3.86602 22 827 6209 6039 1 0.210027 0.210027 5 
0.0232283 -2.84634 5 0.751684 -0.413542 -1.5704 4.3077 22 828 1059 1 1 0 0 2 
-4.26878 -4.56849 5 0.468451 -0.646002 -1.1356 4.36566 22 831 23969 23956 1 0 0 1 
-1.10809 5 -0.345738 0.122172 -0.265472 0.448703 3.89442 22 832 19893 19825 1 0 0 1 
-4.51554 3.26349 5 0.450565 -0.714694 -0.527757 4.13337 22 833 14402 14179 1 0 0 2 
-0.799313 -1.93158 -5 0.337904 -0.155932 0.223475 3.82186 22 834 30529 30462 1 0 0 1 
0.346101 -2.33763 5 0.786156 -0.738396 -0.435648 4.10103 22 835 28206 28106 1 0 0 2 
-3.67126 5 1.10871 -0.00429509 -0.208485 -0.0436577 3.98731 22 836 5030 4653 1 0 0 3 
4.87322 5 -4.19514 0.129246 -0.157453 -0.0742484 4.06755 22 838 39470 39147 1 0 0 1 
4.77873 5 -0.251292 0.288779 -0.299164 -0.297032 4.23191 22 840 9119 9118 1 0 0 1 
-3.93569 -1.09515 -5 0.0162233 0.0151365 0.296154 3.86367 22 841 8388 7468 1 0 0 1 
-5 1.40824 2.65847 0.116658 -0.126059 -0.391439 4.16206 22 843 9344 9310 1 0 0 1 
1.99769 5 0.512602 0.336727 -0.328186 -0.200072 4.02266 22 844 12311 12310 1 0 0 1 
-1.0498 5 3.65259 0.244333 -0.108361 0.0558479 3.92937 22 847 55298 52669 1 0.0359309 0.0359309 2 
0.195965 -0.31774 5 0.0121741 -0.311389 -0.339343 4.09688 22 848 6636 6635 1 0 0 1 
-5 0.744491 4.21255 0.298175 -0.249016 0.0335307 3.91602 22 850 3227 3043 1 0.0674328 0.0674328 3 
-0.694513 -3.35307 5 0.0752779 -0.149615 -0.191061 4.22312 22 852 2354 1536 1 0.0118113 0.0118113 2 
-2.0747 5 -2.43656 0.21781 -0.189421 -0.421662 4.03005 22 853 27392 27391 1 0 0 1 
2.56638 -1.7449 -5 0.402124 -0.257621 0.181791 3.85594 22 854 10916 10915 1 0 0 1 
-5 -2.55305 4.25837 1.08283 -1.05279 0.764162 3.89368 22 858 41229 40964 1 0 0 1 
1.87636 5 1.0044 0.15511 -0.571471 0.146144 3.90121 22 861 33604 33517 1 0 0 1 
-5 -3.15867 0.977573 0.190921 -0.0255413 -0.0192694 4.30248 22 862 11613 11612 1 0.193352 0.193352 17 
0.502336 5 -4.92267 0.227165 -0.22112 0.107108 3.8831 22 863 17597 17556 1 0 0 1 
3.23751 4.40945 5 1.02436 -0.674969 -0.384402 4.01283 22 864 23362 23359 1 0 0 1 
2.2837 5 -3.12893 0.451497 -0.228943 -0.0623602 3.96371 22 866 27592 27553 1 0 0 1 
2.13753 5 3.36752 0.469984 -0.203302 -0.0230534 3.93548 22 869 39649 39406 1 0 0 1 
-3.01871 5 -2.54421 0.768578 -0.466506 -0.063017 3.94901 22 870 11085 11083 1 0 0 1 
-4.8314 -0.592272 -5 0.441143 -0.271211 0.134333 3.854 22 871 29386 29355 1 0 0 1 
4.80168 5 -0.0769976 147.612 -74.3134 23.0422 3.92854 211 872 4099 3812 1 0.0904575 0.0904575 2 
-5 1.43586 -0.136776 0.388288 -0.296127 -0.150538 3.99144 22 873 19484 19483 1 0.683943 0.683943 27 
-1.73101 -3.63307 5 0.329316 -0.556392 -1.02869 4.1783 22 874 12225 12224 1 1.00223 1.00223 3 
-4.36061 5 -2.71388 0.305603 -0.248668 -0.15471 3.98751 22 876 12509 1 1 0 0 1 
-3.08309 5 4.36231 0.788845 -0.476101 -0.101375 3.98321 22 877 42028 42027 1 0 0 1 
0.506976 5 -4.01821 0.200632 -0.400356 0.0845712 3.95621 22 878 6243 6178 1 0 0 3 
2.63403 5 0.653329 0.564983 -0.303662 0.170095 3.866 22 879 31612 31236 1 0 0 3 
-1.62257 5 -2.23434 0.213942 -0.213661 -0.262878 4.00648 22 880 31241 31080 1 0 0 1 
-3.78601 5 1.89464 11.0149 -5.89494 1.97514 3.91373 22 881 37603 37602 1 0 0 1 
-4.51043 -1.55401 -5 0.730315 -0.740098 1.38681 3.78444 22 882 61343 60524 1 2.18978 2.18978 4 
-2.80209 5 3.78279 1.26827 -2.58056 0.699213 3.86528 22 886 31015 30996 1 0 0 1 
-5 -4.3023 -0.0318187 0.509729 -0.395493 0.323782 3.86153 22 887 26930 26929 1 0 0 1 
-1.72194 -4.02985 5 0.631906 -0.56644 -0.298929 4.09043 22 890 44225 44126 1 0 0 1 
-5 -1.17445 0.156326 5.01728 -4.44522 1.53971 3.91543 22 891 57768 57718 1 0 0 1 
-5 3.53018 -3.78032 0.0967939 -0.0605006 -0.434658 4.19332 22 892 30656 30634 1 0 0 1 
-5 2.76244 2.84017 2.06508 -2.55705 0.989479 3.89573 22 893 24093 24037 1 1.8056 1.8056 93 
-2.85041 -3.67477 -5 1.05297 -0.896195 1.28575 3.8101 22 894 27636 27324 1 0 0 1 
-5 -0.691336 0.650626 0.353706 -0.30236 0.211164 3.88565 22 895 9509 9508 1 0 0 1 
-0.703678 5 2.46767 0.217822 -0.190438 -0.0355595 3.99131 22 899 5005 5004 1 0 0 1 
-1.33842 1.17989 5 0.285853 -0.347289 -0.138672 3.91813 22 901 16328 16295 1 0 0 2 
-0.602344 -1.14676 5 0.34215 -0.14724 -0.48324 4.29292 22 902 8162 8161 1 0 0 2 
-5 -3.04905 -3.63736 0.360374 -0.172931 -0.172955 4.03392 22 904 3683 3682 1 0 0 1 
2.13677 -4.42057 5 0.288355 -0.339904 -0.208452 4.08105 22 909 21385 21384 1 0.161522 0.161522 3 
-0.381504 -1.0925 5 0.0966186 0.0885474 -0.279629 4.1292 22 910 21482 21465 1 0 0 1 
2.00684 -1.243 5 0.189046 -0.228344 -0.394491 4.19171 22 911 38395 38394 1 0 0 1 
-5 2.54337 -1.17151 0.312223 -0.404424 0.00885588 3.98463 22 912 38237 38236 1 0 0 1 
-5 -2.29085 2.6167 2.76004 -2.99328 1.52632 3.85672 22 913 24853 24852 1 0 0 1 
4.19437 -0.857623 5 0.267502 0.163295 -0.0455576 4.11371 22 914 14597 14578 1 0 0 1 
-3.40381 5 3.37045 0.327009 -0.30315 -0.24957 4.03586 22 915 34063 34062 1 0 0 1 
-2.59572 5 3.95345 -0.254997 -0.273317 -0.145884 4.04128 22 916 24484 24455 1 0 0 1 
-2.58225 -3.61889 5 0.279339 -0.288882 -0.221949 4.15942 22 918 30470 30469 1 0.0624958 0.0624958 3 
-0.631278 5 -3.76652 0.76854 -0.559796 -0.137456 3.97371 22 919 23421 23353 1 0 0 3 
-4.5854 5 -1.12588 0.301431 -0.166085 -0.049572 3.97336 22 921 40377 40375 1 0 0 1 
4.11074 -0.440324 -5 0.629612 -0.383704 0.804392 3.80908 22 924 2784 1 1 0 0 2 
-5 -3.46761 3.61196 0.278388 -0.398655 0.157144 3.89309 22 925 51260 51258 1 0 0 1 
-5 1.01986 1.12752 0.190046 0.194264 -0.159778 4.09045 22 926 28606 28605 1 0.0544181 0.0544181 2 
0.960404 5 -0.780594 1.0503 -0.695535 -0.00273461 3.94941 22 928 44714 44713 1 0 0 1 
-5 -2.35683 4.31968 0.43427 -0.107832 -0.246783 4.15325 22 931 20681 20678 1 0.205215 0.205215 2 
-5 2.47968 3.54816 0.458607 -0.335156 0.0687365 3.90444 22 932 25356 24896 1 0 0 1 
-5 3.6538 -3.57402 0.606628 -0.482098 -0.220949 4.02196 22 933 22552 22550 1 0 0 2 
-2.66114 5 1.37795 0.419225 -0.459351 -0.198156 4.02012 22 934 13103 13059 1 0 0 1 
-5 3.90221 -2.1199 0.450815 -0.505552 0.53079 3.82386 22 935 60260 54715 1 0 0 1 
-3.39781 5 4.06632 0.398592 -0.273553 0.165567 3.90839 22 936 35581 35580 1 0 0 1 
-5 -2.89311 -2.54833 0.432631 -0.265657 -0.00794813 3.91749 22 938 4107 4077 1 0 0 2 
-2.5517 5 -1.15007 4.63631 -5.80272 5.03146 3.83312 22 939 48196 48195 1 0 0 1 
-1.51275 5 4.29375 0.327117 -0.298772 -0.151632 4.08622 22 941 9507 9356 1 0 0 3 
4.20809 5 4.30734 0.442766 -0.220212 -0.128781 3.93832 22 943 28878 28849 1 0 0 1 
4.16457 5 -3.20426 0.119765 -0.307521 -0.623767 4.28047 22 945 20231 20230 1 0 0 1 
-5 2.58212 3.00484 1.01063 -0.415635 0.834962 3.83009 22 947 42523 42003 1 0 0 1 
-5 -1.47685 2.63418 0.391385 -0.328167 0.0156214 3.93639 22 948 34816 34791 1 0 0 1 
-5 2.91733 1.648 0.679974 -0.470308 -0.246243 3.9582 22 950 25165 25105 1 0.610932 0.610932 2 
-4.15694 5 -1.79195 0.661173 -0.458923 -0.293213 4.03876 22 951 12841 12840 1 0 0 2 
-4.04308 -3.82761 -5 1.48269 -1.60204 0.758449 3.86287 22 952 4894 4892 1 0 0 3 
-3.47273 2.59358 -5 0.303391 -0.264975 0.130221 3.91961 22 953 5051 5050 1 0 0 2 
0.591704 5 -3.13736 0.292642 -0.41824 -0.0235869 3.94449 22 954 11310 11308 1 0 0 1 
-0.90638 1.11511 5 0.985293 -0.925442 -0.903956 4.07954 22 956 2149 2108 1 0.360793 0.360793 3 
-2.58531 5 3.99263 -0.0737577 -0.357774 0.357319 3.85754 22 957 43469 43451 1 0 0 2 
3.12084 5 4.46472 1.03372 -0.811981 -0.148209 4.00007 22 962 16337 16286 1 0 0 3 
-5 -0.968551 4.28673 1.36621 -1.16947 -0.71905 4.03575 22 963 27442 27415 1 0 0 1 
-5 -3.57646 0.222774 0.0635949 -0.264878 -0.393441 4.32266 22 965 7830 7829 1 0 0 1 
-2.23888 5 -2.61655 0.0942427 -0.174574 -0.167094 4.12628 22 966 43446 42465 1 0.259007 0.259007 23 
-3.15319 5 1.60604 0.367863 -0.341904 -0.0943291 4.0863 22 967 57252 57251 1 0.510832 0.510832 11 
-5 -3.59859 3.63059 0.513665 -0.358582 0.248968 3.8994 22 970 35602 35496 1 0.398297 0.398297 30 
-5 -4.53337 2.38625 0.931127 -1.11806 -0.387726 3.9882 22 972 36932 36897 1 0 0 1 
0.987787 5 -1.937 0.412222 -0.192073 -0.0826431 3.93434 22 973 37944 37920 1 0 0 2 
-3.05177 -0.585283 5 0.0571278 0.107417 -0.288051 4.23205 22 974 7539 7524 1 0 0 1 
-5 4.29881 -0.202483 2.1567 -1.45276 0.175706 3.89759 22 975 29430 29360 1 0 0 2 
-4.21378 0.550624 5 0.420505 -0.502143 -0.314712 3.9329 22 977 13837 13679 1 0 0 1 
2.63518 5 0.00289201 -0.151066 -0.496744 -0.162269 3.99386 22 978 4952 4869 1 1.65227 1.65227 6 
-5 2.42546 -4.23234 0.195436 -0.275017 -0.0882492 3.91444 22 979 47312 46518 1 0 0 1 
-5 -1.2161 2.71192 0.225671 -0.311274 -0.0289867 4.16104 22 980 14833 14831 1 0 0 1 
-2.28972 -3.38026 5 0.145206 -0.190992 -0.13502 4.1068 22 981 46442 46279 1 0 0 1 
2.40623 5 -2.32005 0.391961 -0.304827 0.0357766 3.92546 22 983 2310 1 1 0 0 1 
-5 4.9531 -0.111796 0.35823 -0.364088 -0.0152036 3.94752 22 984 9246 9218 1 0.211608 0.211608 18 
3.85437 5 1.8368 0.0139831 -0.685385 0.641132 3.88713 22 986 18242 18140 1 0 0 1 
-5 2.05997 2.48208 1.71548 -0.416002 -0.768722 4.022 22 987 18943 18942 1 0 0 3 
4.6806 1.28878 -5 0.306925 -0.0210034 0.293825 3.90281 22 989 50847 50630 1 0 0 1 
-1.70946 -1.89473 -5 1.78055 -2.335 1.80576 3.88354 22 992 27927 27898 1 0 0 3 
3.80291 -0.851551 5 0.0627815 -0.0911971 -0.416345 4.05763 22 993 10685 10496 1 0 0 4 
-2.05696 5 -1.29398 0.103332 -0.352617 0.105862 3.90101 22 994 2374 2342 1 0 0 2 
-3.29143 5 4.88665 0.0350223 -0.707859 0.184757 3.89313 22 996 8682 8490 1 0 0 1 
-5 4.76653 1.60158 1.244 -0.442554 -1.05436 4.03266 22 1000 23161 23098 1 0 0 1 
