# Det10_1_16
#x y z Px Py Pz t PDGid EventID TrackID ParentID Weight Edep VisibleEdep Ntracks
-5 -2.49479 -2.91921 2.49494 -1.13597 0.573086 4.10506 22 1 2816 2788 1 0 0 1 
3.3566 5 1.19031 0.370723 -0.218866 -0.275285 4.25121 22 4 4762 4760 1 0.160671 0.160671 10 
3.44586 5 -0.662961 0.0298016 -0.31987 0.00485208 4.1484 22 7 49364 49042 1 0.321024 0.321024 18 
-5 3.16795 -4.12802 1.7518 0.908121 0.368884 3.98086 22 8 18445 18380 1 0 0 4 
-1.90194 0.929694 5 -6.11958 -27.4073 -12.3099 8.39933 2112 11 46211 46192 1 0 0 1 
-5 -1.81564 4.90008 0.57652 -0.725254 0.198005 4.09709 22 12 14754 14639 1 0 0 1 
0.689548 5 0.398098 0.625956 -0.334545 0.46294 3.98155 22 13 31079 30942 1 0 0 3 
4.16742 -2.38051 5 0.348956 -0.173748 -0.702212 4.18367 22 14 6990 6924 1 0 0 2 
-5 0.3202 -1.46451 0.67701 -0.355482 -0.188403 4.09768 22 15 23375 23212 1 0 0 1 
0.918796 5 -2.29143 0.692993 -0.342347 0.999739 3.92757 22 16 19282 19173 1 0 0 1 
3.69995 3.19782 -5 0.284735 -0.227829 0.261292 3.97049 22 18 37935 37592 1 0 0 1 
4.6258 2.40221 -5 0.731698 -0.500821 0.730761 3.97513 22 20 7397 7372 1 0 0 1 
-3.32958 5 -2.21478 0.165522 -0.312843 -0.00207874 3.98123 22 23 12347 12292 1 0.0937098 0.0937098 2 
-0.615627 -3.06893 -5 0.432089 -0.333962 0.283534 3.97121 22 26 27767 27673 1 0 0 2 
-3.93354 -3.19584 -5 1.38348 -1.52776 1.8745 3.94842 22 27 4789 4788 1 0 0 2 
4.85653 0.0481115 5 0.304376 -0.132715 -0.423231 4.0861 22 28 36616 36581 1 0 0 1 
-5 -3.48564 2.52096 3.0416 -3.13828 4.76984 3.95111 22 29 3931 3800 1 0.270505 0.270505 28 
-4.67642 5 -1.84713 0.329934 -0.393942 -0.0139216 3.9788 22 30 14345 14277 1 0 0 4 
1.96181 5 -0.251849 0.299059 -0.363367 -0.199118 4.16008 22 31 15334 15333 1 0 0 4 
-5 -2.06139 -4.16128 0.711515 -0.452296 0.169709 4.02535 22 33 48739 48501 1 0 0 1 
-2.67054 -2.30272 -5 0.24207 -0.29526 0.339623 3.96785 22 34 25476 25475 1 0 0 1 
-3.23764 5 1.94438 6.01837 -4.05687 0.382556 4.06119 22 36 38855 38697 1 0 0 1 
0.883544 5 -1.68054 0.57182 -0.311999 -0.0249831 4.08622 22 37 15781 15780 1 0 0 1 
0.0672534 4.333 -5 1.00085 -0.785103 1.16782 3.94198 22 38 36422 36380 1 0 0 2 
-4.55142 5 0.973406 0.254318 -0.173223 0.390401 3.93008 22 39 1505 1324 1 0.0210623 0.0210623 7 
-2.08701 5 2.73098 1.62647 -0.877215 0.482196 4.00123 22 41 3404 3288 1 0.684988 0.684988 3 
-5 -3.19214 0.483848 0.31146 -0.348603 0.0631652 4.04316 22 42 24980 24978 1 0 0 1 
-2.68087 0.0293529 -5 0.199894 -0.343583 0.309845 3.95009 22 43 27076 26516 1 0 0 1 
-1.78515 5 1.43327 1.86954 -1.36939 3.07884 3.93709 22 45 38243 38171 1 0 0 1 
-4.24925 -3.51964 5 0.221407 -0.382147 -0.12134 4.1678 22 46 51175 51174 1 0 0 1 
-4.25731 5 -3.85456 0.403651 -0.305006 -0.0718118 4.09055 22 47 19089 19088 1 0 0 1 
-5 -1.74096 3.61663 0.336341 -0.741893 0.686938 3.98863 22 50 12630 12612 1 0 0 2 
3.06417 5 2.46402 0.125899 -0.332433 -0.145583 4.10685 22 53 5568 5342 1 1.08297 1.08297 28 
-1.87779 5 -0.60563 0.255318 -0.155883 0.0472128 4.03528 22 54 23520 23473 1 0.537692 0.537692 20 
-5 2.70561 -1.28161 1.06562 -0.725781 0.27641 3.99722 22 55 4479 4477 1 0 0 1 
1.23273 5 2.72911 0.218678 -1.14902 -0.671779 4.2104 22 57 11888 11858 1 1.12213 1.12213 36 
-0.363354 5 2.1104 0.124025 -0.462727 -0.177824 4.32878 22 58 21644 21643 1 0 0 1 
-5 0.108902 0.379036 0.997186 0.104311 0.167132 4.03037 11 59 11394 11368 1 0.439804 0.439804 4 
-5 2.90044 2.16125 0.582321 -0.468476 0.437695 3.94658 22 63 4823 4611 1 0 0 2 
2.15844 4.43685 5 0.268434 0.154742 -0.406347 4.12378 22 64 19200 19199 1 0 0 5 
-5 -3.3476 4.24729 0.28628 -0.334384 -0.0835732 4.12586 22 66 39650 39649 1 0 0 1 
3.82452 5 -4.17466 0.113653 -0.31654 -0.217738 4.14533 22 68 5843 5842 1 1.64888 1.64888 8 
-0.721604 5 -1.51284 0.0564289 -0.375197 -0.196262 4.03237 22 69 48538 48537 1 0 0 1 
-0.757315 5 -0.618758 0.421349 -0.459234 0.854697 3.93769 22 71 2113 1882 1 0.0289696 0.0289696 3 
4.29641 5 -2.22981 0.237564 -0.333328 -0.0522773 4.1042 22 72 8092 8008 1 0 0 2 
-4.55113 5 -0.608322 0.404133 -0.311474 -0.0279368 4.10651 22 74 1941 1923 1 0 0 1 
-0.537492 -4.35704 5 0.377743 -0.206921 -0.246538 4.2815 22 75 43309 43248 1 0 0 1 
-2.10216 5 4.97708 0.282509 -0.181585 0.162833 3.9814 22 77 7528 7229 1 0 0 2 
2.28679 5 -2.01706 -1.44834 -0.665305 -1.06203 4.25602 11 79 25326 25325 1 1.34862 1.34862 1 
1.33843 0.284648 5 0.299517 -0.101045 -0.401496 4.19885 22 80 6792 6791 1 0.510743 0.510743 19 
-5 -2.0143 -2.25644 0.304419 -0.130852 -0.0368677 4.20811 22 81 9603 9602 1 0 0 1 
-5 0.766528 1.27704 0.461183 -0.192774 0.106153 4.08186 22 82 25012 25001 1 0 0 1 
-5 3.78091 -3.00036 3.74222 -2.86369 2.36689 3.97248 22 83 18788 18767 1 0 0 1 
-4.10162 3.1558 5 0.374985 -0.484144 -0.27392 4.23558 22 85 2738 2736 1 0 0 1 
-2.02658 3.85855 -5 0.554995 -0.149034 0.387637 4.03771 22 86 14807 14779 1 0 0 1 
2.47152 0.46793 -5 0.402139 -0.248913 0.19351 3.98827 22 88 6769 6768 1 0 0 2 
1.47998 5 1.49278 0.509764 -0.43788 0.209608 4.10626 22 89 9350 9349 1 0 0 1 
-5 0.291966 2.50085 0.474001 -0.305638 0.235942 4.0321 22 90 28307 28306 1 0 0 1 
-5 -1.79374 2.6451 0.116179 -0.202531 0.190286 4.14977 22 91 12313 12312 1 0.404228 0.404228 41 
-4.19751 -2.50667 -5 0.355777 -0.543205 0.813275 3.93256 22 94 5777 5622 1 0 0 1 
-4.10864 5 4.71082 0.502751 -0.0863175 0.0301697 4.03561 22 95 23583 23582 1 0.224707 0.224707 4 
-4.53046 5 -3.57777 2.69839 -1.87222 2.42107 3.95388 22 96 1002 1 1 0 0 2 
-5 -1.0775 -1.26505 0.156131 -0.465309 0.575487 3.96244 22 97 21086 21084 1 0 0 1 
-5 2.48345 1.15953 0.169144 -0.206912 -0.0646326 4.1755 22 98 14192 13333 1 0.0822833 0.0822833 3 
-5 0.201146 0.589103 0.451801 -0.324501 0.110547 4.01623 22 99 36882 36647 1 0.659309 0.659309 50 
3.96495 0.928079 -5 1.52322 -1.16298 1.77569 3.95649 22 101 7869 7770 1 0 0 3 
-5 1.28716 2.20666 0.435939 -0.536955 1.23888 3.9262 22 102 11856 11733 1 0 0 1 
-4.55702 5 0.515026 0.399945 -0.822301 0.282086 3.98831 22 103 16681 16630 1 0 0 2 
-3.8886 5 3.56295 0.433707 -0.282481 0.237503 4.01173 22 104 11171 1 1 0 0 1 
-5 -0.519697 2.10791 0.200139 0.137602 -0.134584 4.23128 22 105 2769 2768 1 0.132586 0.132586 3 
-2.16837 5 -4.54772 0.329741 -0.213046 -0.0651782 4.0573 22 111 24636 24099 1 0.301556 0.301556 23 
3.5744 3.53515 -5 0.559104 -0.093065 0.112846 4.1336 22 112 23490 23439 1 0 0 2 
3.82273 5 -2.15827 0.666574 -0.714842 0.291288 3.99409 22 113 5986 5985 1 0.51073 0.51073 21 
2.86703 -5 -1.93395 0.625842 0.163605 -0.20459 5.10374 22 116 24823 24820 1 0 0 1 
-2.12474 5 -4.14253 -0.224379 -0.108207 -0.0113244 3.9488 22 117 16632 13300 1 0 0 1 
-4.54498 1.48086 5 0.480309 -0.0426646 -0.161999 4.16066 22 118 32973 32887 1 0 0 1 
-5 -4.58897 -3.1447 2.8039 -2.34578 1.95964 3.97983 22 120 19151 19002 1 0.220986 0.220986 4 
-5 2.85924 -1.75642 0.987642 -0.68783 0.683598 3.97732 22 121 34280 34121 1 0 0 1 
-2.8438 5 -2.32179 0.747048 -0.794817 1.7071 3.90388 22 122 24792 24581 1 0 0 1 
-2.70019 5 -3.92434 0.345823 -0.208252 0.0865478 4.02604 22 124 17752 17691 1 0 0 1 
2.58763 5 1.33843 0.180327 -0.394887 -0.088157 4.10832 22 126 4406 4316 1 0.00531214 0.00531214 5 
-5 2.97047 3.23692 0.739971 -0.55193 0.629937 4.04319 22 128 2171 2081 1 0 0 3 
-5 -2.99822 -2.21574 0.37833 -0.173703 0.201551 4.08388 22 129 22616 22534 1 0 0 1 
2.15858 5 2.39469 0.605695 -0.299807 0.625764 3.95284 22 130 8345 7872 1 0.294227 0.294227 38 
-5 3.02908 4.08133 0.185164 -0.210962 0.146639 4.03579 22 131 29866 29824 1 0 0 1 
1.80318 -4.36988 -5 0.626074 -0.449423 0.60458 3.96598 22 132 37851 37363 1 0 0 1 
0.272187 0.951466 -5 1.83065 -1.35051 0.899973 4.02719 22 133 5344 5247 1 0 0 1 
1.83253 0.484262 5 0.315921 -0.31037 -0.25492 4.2591 22 134 2764 2763 1 0 0 2 
2.57523 5 -3.23061 0.265638 -0.257335 -0.102642 4.09693 22 135 56964 56963 1 0 0 1 
-5 -3.55024 -1.33031 0.323533 -0.242319 -0.173384 4.01773 22 136 49475 49275 1 0 0 1 
-1.25791 3.96816 -5 1.43643 -1.12582 1.42362 3.91824 22 138 5988 5697 1 1.93697 1.93697 27 
-5 3.58577 4.34256 2.49844 -2.68225 3.216 3.97317 22 139 41766 41765 1 0 0 2 
-5 -3.13909 -0.808149 0.408704 -0.250601 -0.212611 4.19556 22 140 7762 7761 1 0 0 1 
-5 0.228673 -3.15252 0.370862 -0.262441 -0.233893 4.22724 22 144 8281 8253 1 5.00364 5.00364 79 
-5 -1.44047 1.85791 1.04099 -0.794323 -0.242536 4.16511 22 146 3060 3059 1 0.112159 0.112159 2 
-5 -0.722462 -3.66136 0.346886 -0.204647 0.15154 3.98648 22 148 25418 22512 1 0 0 1 
1.67609 5 -2.28064 0.513008 -0.313804 0.293889 3.99604 22 149 19264 19064 1 0 0 3 
-0.45854 3.81142 5 0.115073 -0.402235 -0.218465 4.16461 22 150 2313 2293 1 0 0 1 
-1.09693 5 1.18191 0.812391 -0.490326 0.384186 3.99683 22 153 45835 45815 1 0 0 1 
-5 -3.63707 -3.23801 0.320084 -0.270333 0.2144 4.01293 22 156 22332 22331 1 0 0 1 
-5 -2.47146 -2.61737 5.08494 -7.35235 2.33468 4.00904 22 158 27884 27883 1 0 0 1 
-5 1.02464 2.85465 27.9251 -15.0344 -12.1155 24.2571 2112 160 34624 34490 1 0 0 2 
2.76195 4.0103 -5 0.340744 0.0362716 0.155554 4.08384 22 161 20175 20119 1 0 0 1 
0.915111 -2.07671 5 0.153909 -0.00194566 -0.177926 4.18858 22 165 3534 3533 1 0 0 3 
3.77687 5 -1.67597 0.390902 -0.126757 -0.0822268 3.97131 22 166 11591 11520 1 0 0 2 
-5 1.34487 -1.66789 6.99399 -4.95524 4.01952 3.96981 22 167 10516 10438 1 1.51511 1.51511 7 
-5 -3.2157 1.68768 0.50643 -0.453426 0.476741 3.95802 22 169 12750 12719 1 0.325509 0.325509 2 
-1.84628 5 -0.220493 0.1979 -0.29697 0.215038 4.05129 22 171 7210 7209 1 0 0 5 
-4.52072 5 2.35647 0.0505732 -0.150399 -0.250022 4.12398 22 173 10326 10296 1 0 0 2 
-3.01672 2.68474 -5 0.255405 -0.278597 0.297565 3.9274 22 174 13786 13633 1 0.427416 0.427416 19 
0.983866 5 4.33869 0.18207 -0.276881 0.0293174 4.0948 22 175 43351 43350 1 0.121178 0.121178 2 
1.00254 -3.24408 -5 1.21334 -0.946939 1.81358 3.92525 22 176 10471 10317 1 0.396787 0.396787 4 
-3.92478 5 -0.369802 0.876031 -0.39873 0.462588 3.97628 22 177 4463 4361 1 0 0 1 
4.68508 5 2.29162 0.204319 -0.291927 0.0652666 4.06407 22 178 20585 20584 1 0 0 1 
-5 1.84033 1.16937 0.437842 -0.298409 -0.201284 4.16871 22 179 37116 37115 1 0.566584 0.566584 16 
0.267723 5 -0.045569 0.437158 -0.0718978 -0.254645 4.15721 22 180 18717 18714 1 0 0 2 
-5 0.0495984 1.90927 0.500212 0.000556274 0.104437 4.04435 22 181 31885 31884 1 0 0 1 
-5 -3.87703 -3.66558 1.20256 -0.945236 1.15472 3.94222 22 182 43760 43675 1 0 0 1 
-5 -3.62084 0.694732 0.436255 -0.0221278 0.265164 4.07772 22 184 37909 37908 1 0 0 1 
4.34568 5 -0.463011 0.885385 -0.555702 0.031534 4.03769 22 185 39462 39434 1 0 0 3 
1.24412 3.47694 -5 0.523893 -0.510182 0.437313 3.96286 22 186 5049 4656 1 0 0 1 
-5 -1.86749 -4.27329 1.76851 -1.41256 0.319551 4.04814 22 187 30276 30275 1 0 0 2 
-5 1.39289 4.95226 0.211736 -0.194605 0.1447 3.99708 22 189 21154 21044 1 0 0 2 
-5 -4.71642 -3.17902 0.317448 -0.212455 -0.0775844 4.02799 22 190 7926 7925 1 0.267628 0.267628 6 
2.42468 0.920193 -5 0.264119 -0.214421 0.342464 4.02281 22 192 11548 11547 1 0 0 1 
0.920938 5 0.621402 0.154302 -0.204176 -0.16623 4.14827 22 193 4392 4298 1 0 0 3 
-5 2.48669 -1.15117 0.394247 -0.192538 0.246583 4.05921 22 195 19971 19914 1 0 0 2 
-5 4.10118 -2.18928 0.0596067 -0.0408408 -0.0615683 4.14582 22 199 22568 22567 1 0.0946858 0.0946858 20 
3.89246 5 4.41075 0.162825 -0.305026 0.26399 4.04296 22 200 10781 10754 1 0 0 1 
-0.671088 -2.31469 5 3.31906 -2.59009 -0.74897 4.09637 22 202 37130 37091 1 0 0 1 
0.0616806 5 -0.642871 1.35462 -0.790307 0.979048 3.99407 22 203 22206 22019 1 0.826819 0.826819 5 
2.33984 4.44052 5 -0.0284973 -0.14001 -0.313593 4.10753 22 204 6992 6991 1 0 0 3 
3.57576 5 -0.8 0.485713 -0.15867 -0.00520013 4.13147 22 205 5294 5292 1 0 0 1 
-5 4.66584 -3.57286 0.256753 -0.235383 0.0536403 4.14608 22 206 30831 30808 1 0 0 1 
4.24408 5 3.38228 0.0727763 -0.292324 0.164546 3.9791 22 208 2895 1970 1 0.0474743 0.0474743 27 
-4.61848 -0.268229 -5 0.500536 -0.373352 0.920929 3.92052 22 209 38697 38279 1 0 0 1 
-4.91479 5 4.53712 -0.147005 -0.200314 -0.203938 4.325 22 210 30069 30067 1 0 0 1 
-2.33483 1.94708 -5 8.12113 -8.10072 10.0848 3.9342 22 211 13325 13298 1 0 0 1 
-2.22016 5 -2.92345 0.459247 -0.188191 0.359785 3.94053 22 212 29781 28255 1 0.157602 0.157602 6 
-5 2.83261 -1.7489 0.489112 -0.274676 0.0246066 4.19507 22 213 5899 5898 1 0 0 2 
1.06454 5 0.176521 11.9825 -10.1846 16.5347 3.94234 22 215 3921 3658 1 0 0 3 
-5 -3.21219 4.60786 0.567713 -0.301097 0.277999 4.11598 22 216 4896 4895 1 0 0 1 
-5 3.08206 0.708222 0.170124 -0.235453 -0.420404 4.02807 22 217 2091 2090 1 0.157556 0.157556 5 
-5 4.99726 -1.26303 0.49789 0.0352508 -0.15804 4.13792 22 218 40199 40146 1 0 0 1 
4.74487 5 -0.562243 0.257221 -0.247021 0.266545 4.00269 22 219 28470 28469 1 0 0 2 
-5 0.599618 3.55622 0.44488 -0.17798 -0.177551 4.14617 22 220 8908 8885 1 0 0 3 
2.12182 5 4.11705 -0.151212 -0.131531 -0.163277 4.04804 22 221 42042 41900 1 0 0 1 
-5 -1.06726 1.61456 1.74839 -2.90758 1.42365 3.97781 22 222 4802 4715 1 0 0 2 
-5 -1.46377 1.07413 0.333657 -0.153942 6.44935e-05 4.05922 22 224 2028 2004 1 0 0 1 
-5 -3.52321 2.55873 0.663973 -0.763129 -0.373386 4.2073 22 226 51967 51962 1 0.0565209 0.0565209 20 
-5 4.71786 4.18158 4.16747 -1.56232 1.67185 3.94373 22 227 2644 2643 1 0 0 3 
-5 -2.16446 2.7923 0.14167 -0.410827 -0.0215142 4.39238 22 228 1149 1148 1 0 0 1 
2.62762 5 -1.03734 0.304521 -0.37443 0.167898 4.01476 22 229 1148 1109 1 0.0522436 0.0522436 7 
-5 2.87626 3.48368 0.393452 -0.288046 0.152791 4.02125 22 230 14164 14142 1 0 0 1 
2.72145 5 0.745544 2.52326 -1.19976 1.95626 3.96732 22 231 20225 20090 1 2.88969 2.88969 25 
1.81368 -1.30105 5 0.0827423 -0.229777 -0.222673 4.1652 22 233 31317 31313 1 0 0 2 
-4.16871 5 -4.65263 0.0913256 -0.206638 -0.136033 3.97546 22 235 22172 22146 1 0 0 1 
-4.41524 5 1.96313 0.526705 -0.357152 0.557571 3.95928 22 236 7113 6000 1 0 0 2 
-2.41245 5 -3.36564 0.222465 -0.411543 0.205576 3.95623 22 239 9487 9486 1 0 0 4 
-5 -3.7883 1.72276 0.64594 -0.0890804 -0.0389861 4.04089 22 240 17789 17764 1 0 0 2 
-3.59882 5 -3.02646 0.81833 -1.18653 0.506849 4.01433 22 241 6070 6069 1 0 0 2 
-5 -2.62958 2.48881 0.443047 -0.779629 0.200515 4.03495 22 242 36184 36068 1 0 0 1 
-5 1.60233 -1.20582 0.461953 -0.10572 -0.175524 4.0275 22 243 7634 7581 1 0.508791 0.508791 26 
-5 -4.49098 -4.29421 4.35295 -3.11888 1.62427 3.98819 22 244 10339 10338 1 0.168775 0.168775 7 
-5 -1.40219 -4.38143 0.334931 -0.0667496 0.0790079 3.95946 22 248 29567 29545 1 0 0 2 
0.0138694 5 -2.59656 0.0792531 -0.178878 0.144186 3.96698 22 249 51340 51339 1 0 0 1 
2.76445 5 -4.28222 0.457584 -0.0217262 -0.226417 4.03565 22 250 19903 19902 1 0.22481 0.22481 20 
-1.67492 5 -2.52367 0.370922 -0.312608 0.160666 4.05048 22 251 5959 5958 1 0 0 1 
3.5506 -2.11049 -5 -0.017376 -0.187297 0.340816 10.1444 22 253 14618 14584 1 0 0 3 
-5 -1.05372 -4.13173 0.245587 -0.330668 -0.0414941 3.98916 22 254 17653 17635 1 0 0 2 
-5 4.20275 4.81694 1.10645 -0.739748 0.0170708 4.03598 22 257 40878 40833 1 0 0 1 
1.52266 -4.6551 5 0.3342 -0.216175 -0.0421882 4.08485 22 260 16146 16084 1 0.345998 0.345998 23 
2.36634 1.86331 5 0.191769 0.072615 -0.200217 4.08968 22 262 18079 18078 1 0.0480947 0.0480947 3 
-5 -1.55831 4.53808 0.43561 -0.284346 -0.139571 4.1418 22 265 8055 7984 1 0 0 1 
-4.56232 -0.277139 -5 0.0690081 0.0145947 0.4865 3.93173 22 267 42119 42097 1 0.0249437 0.0249437 2 
-0.0713715 5 -1.82044 0.00625085 -0.145755 0.147401 4.26562 22 268 34355 34353 1 0 0 1 
1.46897 1.47875 -5 2.35595 -1.01601 1.13702 3.95693 22 269 9853 9815 1 0 0 2 
-5 -2.47646 4.9527 1.8255 -0.789968 1.12764 4.10446 22 270 7671 7604 1 0 0 4 
-5 0.746965 3.60029 4.72529 -1.53788 3.79222 3.98655 22 271 42874 42794 1 0 0 1 
0.923066 5 -0.286932 0.432726 -0.319251 -0.132847 4.14618 22 272 34263 34261 1 0 0 1 
-5 1.06672 -1.50705 1.22726 -1.04476 0.269054 4.02175 22 273 23706 23678 1 0 0 1 
0.38096 4.83116 5 0.646229 -0.316561 -0.0686888 4.07856 22 274 19403 19189 1 0.357457 0.357457 29 
-2.46312 0.615825 -5 0.0122599 -0.00716204 0.5681 3.9591 22 277 34037 33710 1 0.874148 0.874148 28 
2.49441 5 4.55802 0.273666 -0.438743 -0.333562 4.22481 22 278 38410 38370 1 0 0 2 
0.227202 4.52971 5 0.200399 -0.251926 -0.1848 4.19705 22 279 38065 37979 1 0.181552 0.181552 2 
-5 2.65104 1.81421 0.99284 -0.440952 -0.681076 4.23686 22 280 36302 36300 1 0 0 1 
3.5799 5 4.34934 8.01788 -4.6346 9.94777 3.97466 22 281 29844 29792 1 0 0 1 
2.36939 5 -1.17562 0.327756 -0.330373 0.0487057 4.01183 22 282 13763 13732 1 0 0 3 
-5 3.93045 -4.37611 0.405156 -0.310508 -0.0235173 4.00598 22 284 22696 22695 1 0.57742 0.57742 20 
2.75868 -5 -0.914594 0.349645 0.12186 0.279207 4.00679 22 285 32371 32304 1 0 0 3 
2.94878 5 -0.468142 3.82037 -2.33612 3.91251 3.97073 22 286 43520 43301 1 0 0 1 
-5 -3.22783 -4.98349 0.365278 0.0152943 -0.106708 3.93305 22 287 18664 17408 1 0 0 4 
-5 0.592576 -3.28645 0.448467 -0.0972188 -0.224824 4.12121 22 290 28330 28327 1 0 0 1 
-5 0.639612 0.418855 0.311489 -0.332373 -0.0337071 4.04098 22 292 9463 9441 1 0 0 2 
-5 4.60063 4.57927 2.77869 -2.51485 2.23262 4.00884 22 294 28931 28853 1 0 0 2 
-5 3.16177 1.0377 4.95211 -2.95075 2.70301 3.98702 22 295 23850 23796 1 0.0715081 0.0715081 4 
-5 -2.46697 -1.94094 0.460964 -0.219398 -0.0222837 4.03984 22 296 9353 9327 1 0 0 1 
0.906995 -4.05975 -5 -0.103725 -0.0112536 0.271129 3.9784 22 297 2484 2483 1 0 0 3 
-2.80875 1.4566 -5 0.294713 -0.264017 0.256944 3.95686 22 298 6961 6873 1 0 0 2 
3.22625 5 4.32207 3.76121 -3.06197 2.52585 3.99967 22 301 6987 6824 1 0 0 1 
-5 -4.3209 4.82411 0.198417 -0.539863 0.0556061 4.16925 22 302 25953 25877 1 0 0 1 
-3.66928 -0.341338 -5 4.25504 -2.75797 4.80667 3.93182 22 304 26145 26121 1 0.391108 0.391108 37 
-3.59619 5 4.08046 0.910328 -1.20509 -0.0554959 4.15199 22 305 21475 21474 1 0.111336 0.111336 3 
-5 -3.46064 -2.89011 0.415894 -0.169001 -0.215624 4.08928 22 306 20920 20810 1 0 0 1 
-5 -4.19515 0.703408 0.327389 -0.351192 0.17493 4.02145 22 307 9776 9775 1 0 0 3 
3.46226 5 3.53609 0.341293 -0.163956 0.429518 3.95743 22 308 50689 50604 1 0 0 1 
-5 0.77182 -3.43353 0.346206 -0.621575 0.125359 3.97888 22 310 42517 42409 1 0 0 1 
-2.62976 1.18934 -5 0.317092 -0.293205 0.507872 3.90746 22 311 21143 21057 1 0 0 1 
-5 0.56589 1.47691 1.11133 -0.847303 0.932959 3.96818 22 312 22427 22365 1 0 0 2 
1.77741 -1.99317 5 0.258808 -0.190819 -0.341101 4.24159 22 313 16777 16776 1 0 0 1 
-5 -0.3512 -2.83241 0.619865 -0.414 0.853327 3.91882 22 314 4349 3860 1 0.148175 0.148175 3 
-5 3.73614 -2.54852 0.256892 -0.319363 0.175122 4.00448 22 315 40133 40048 1 0 0 1 
-1.98981 5 -4.50058 0.371109 -0.273172 0.22085 3.9998 22 317 31741 31740 1 0.326287 0.326287 3 
-0.0977067 5 -1.1779 0.272796 -0.122602 0.0706798 4.0514 22 318 13855 13839 1 0 0 2 
4.9636 3.82662 -5 0.715378 -0.445541 1.11027 3.91857 22 319 6431 6275 1 0 0 2 
-0.694053 -3.5438 -5 0.80273 -0.773612 1.06246 3.94905 22 320 15490 15208 1 0 0 1 
-5 3.70396 3.74207 0.448338 -0.223682 -0.100395 4.02011 22 322 16359 16358 1 0.983232 0.983232 29 
-5 -3.30467 -3.20562 1.35674 -0.341994 -0.230988 4.1675 22 323 9764 9717 1 0 0 1 
-1.52649 5 -3.52665 0.688716 -0.491714 0.455304 3.97335 22 324 11429 10684 1 0 0 1 
2.54458 -2.79033 -5 0.481469 -0.357139 0.423634 3.98604 22 325 18818 18815 1 0 0 2 
3.04672 5 -0.0859312 1.81622 -1.71719 1.57265 3.98044 22 328 3834 3767 1 0 0 3 
1.24672 5 1.03735 0.399585 -0.291759 0.0878084 4.01908 22 329 9628 9627 1 0 0 4 
0.264366 5 4.73971 -0.478598 -1.6909 -0.948196 3.94786 -11 330 14533 14532 1 0.858664 0.858664 32 
-5 -3.37837 -0.286943 0.826311 -0.757242 1.54656 3.92734 22 331 25967 25807 1 0.539273 0.539273 5 
-5 -2.01031 3.23863 0.242874 -0.20474 0.342511 4.045 22 332 7905 7902 1 0 0 1 
3.86766 4.19158 -5 0.0739751 0.044435 0.224442 4.205 22 333 5500 5499 1 0 0 1 
-5 -4.50657 -4.62874 0.796297 -0.4141 -0.263831 4.06838 22 334 28603 28586 1 0 0 2 
-0.169809 3.09595 -5 0.426915 -0.417673 0.836091 3.91611 22 335 24651 24157 1 0 0 1 
-3.81114 5 0.68471 0.378384 -0.106016 -0.47304 4.1744 22 339 14182 14039 1 0 0 1 
-5 -2.5939 0.303467 2.6472 -2.1494 1.03988 4.04875 22 340 46844 46843 1 0 0 2 
-0.402208 5 2.70029 1.21118 -0.75029 -0.185737 4.13358 22 342 10933 10803 1 0 0 1 
3.12029 -4.39054 -5 0.178203 -0.0568652 0.225371 4.01908 22 343 28657 28631 1 0 0 2 
-1.86774 5 -0.101401 0.432332 -0.347957 0.593079 3.93883 22 344 44929 44874 1 0.332583 0.332583 24 
-5 2.76595 -4.94818 1.56268 0.0106075 -0.248424 4.2781 22 345 37156 37139 1 0.367414 0.367414 37 
-2.27996 5 -4.22184 0.399991 -0.317232 -0.0221637 4.05108 22 347 28138 28137 1 0 0 1 
4.972 5 1.23884 0.613913 -0.438313 0.624758 3.96191 22 352 6764 1 1 0 0 1 
-4.48224 1.49509 5 0.178045 0.240041 -0.0415164 3.95145 22 354 26215 23227 1 0 0 1 
-5 -1.10999 4.88045 1.97035 -1.46862 0.235515 4.06204 22 355 15375 15306 1 0 0 1 
-2.86767 1.65061 -5 0.184861 -0.331812 0.389505 3.91702 22 358 2772 2601 1 0 0 1 
-5 -2.94773 -3.69952 0.379617 -0.273382 -0.205605 4.17565 22 359 46757 46753 1 0.0577826 0.0577826 3 
-5 1.15039 2.92419 0.687682 0.0166734 0.212859 3.94766 22 360 47630 46645 1 0 0 2 
-5 -0.414706 -3.54839 0.530992 -0.189856 0.276902 3.97057 22 363 19203 18989 1 0 0 2 
-3.57823 0.934691 -5 1.16593 -1.04707 0.840667 3.96245 22 366 52156 52106 1 0 0 1 
0.0247706 5 -0.201095 0.490681 -0.820786 -0.411384 3.97924 22 368 4146 4141 1 0.671112 0.671112 19 
-5 -1.71097 2.31987 0.444012 -0.227669 0.110182 4.03726 22 369 3431 3430 1 0 0 3 
-5 4.53534 3.38678 0.111389 -0.207173 -0.0119431 4.10195 22 370 7029 7018 1 0 0 4 
-2.42072 5 4.99384 0.255199 -0.181035 0.317533 4.04426 22 371 8285 8284 1 0 0 2 
-5 3.13775 0.700473 0.273355 -0.430292 0.164718 3.99552 22 373 35124 35104 1 0 0 1 
-1.58897 5 -2.74358 2.31942 -2.429 4.88678 3.9131 22 374 31397 31195 1 0 0 1 
-0.0831432 5 2.0102 0.480909 -0.342814 0.313463 4.95469 22 376 1044 1024 1 0.938081 0.938081 5 
-0.327007 -0.80477 5 0.191924 -0.0771022 -0.122243 4.08162 22 378 32284 32251 1 0 0 1 
3.46686 5 1.06765 0.286941 -0.269256 0.786368 3.9283 22 380 11721 11628 1 0 0 2 
-5 4.91845 -1.96454 0.392731 -0.0262372 0.271554 3.98435 22 381 13810 13687 1 0 0 2 
-5 -4.72814 3.79097 0.522405 -0.208258 -0.00555797 4.03218 22 382 9789 9429 1 0 0 2 
-3.72217 5 -4.97658 0.429572 -0.2986 -0.146804 4.10629 22 383 2991 2975 1 0 0 2 
3.88312 2.69424 5 0.460559 -0.16044 -0.152525 4.13384 22 385 8704 8702 1 0 0 1 
4.71456 -3.72527 -5 1.47001 -1.19689 2.51079 3.93314 22 386 13328 13141 1 0 0 1 
-5 -4.80449 3.92195 0.911841 -0.497526 -1.08128 4.26824 22 388 4651 4582 1 0 0 2 
-5 2.94288 1.01054 0.527315 -0.284434 -0.104952 4.17964 22 389 23483 23452 1 0.0371044 0.0371044 3 
-5 3.66091 4.29193 0.367249 -0.296622 -0.195609 4.09238 22 390 7947 7919 1 0.0579224 0.0579224 3 
-4.38933 5 1.7 0.503702 -0.425812 0.0583224 4.0487 22 391 9440 9416 1 0 0 1 
-5 -3.68634 3.53124 0.471659 -0.204535 0.311787 3.96105 22 393 4649 4533 1 0 0 3 
0.302914 -3.63207 5 0.212093 -0.555395 -0.328704 4.30058 22 395 49750 49710 1 0 0 1 
-2.13453 4.80087 -5 2.32595 -1.44056 3.29417 3.91422 22 396 10427 10356 1 0.0295583 0.0295583 5 
-2.66648 5 2.41262 0.484113 -0.590916 -0.521326 4.17128 22 397 19456 19433 1 0.0679654 0.0679654 2 
-5 -1.91802 2.38418 0.334845 -0.387891 -0.0439516 4.05811 22 398 2038 1897 1 0 0 2 
-5 -0.265009 1.39101 0.230374 0.0536078 0.367434 4.03788 22 399 20241 20215 1 0 0 1 
2.1934 5 1.11181 1.55437 -1.52511 1.22231 3.989 22 400 10910 10860 1 0 0 3 
1.53045 5 0.298827 0.536344 -0.375121 0.925905 3.93316 22 401 36267 36227 1 0 0 1 
-5 3.76889 1.96233 3.07772 -1.31179 0.629935 4.03651 22 402 7880 7837 1 0 0 1 
-2.53467 5 -3.91458 0.281104 -0.347233 -0.248051 4.25634 22 403 1373 1371 1 0.0356901 0.0356901 6 
-0.812866 -5 -0.35787 -0.076544 0.0494004 0.156404 4.07719 22 405 25420 25162 1 0.180661 0.180661 23 
-5 3.47547 3.43441 0.241374 -0.0708961 0.0495814 4.03548 22 406 18565 18564 1 0 0 1 
-0.619808 0.605548 5 1.763 -1.01596 -0.558886 4.09615 22 407 9526 9525 1 0.54392 0.54392 6 
3.2213 5 2.62283 0.392171 -0.724393 0.2782 4.09914 22 409 17515 17514 1 0 0 3 
-5 -1.28183 2.7433 1.04084 -0.733176 0.974533 3.96035 22 410 24703 24386 1 0 0 1 
-5 -2.03437 -3.89162 0.348462 -0.298114 0.538368 3.9329 22 412 1010 1 1 0 0 2 
-5 0.301143 2.61236 0.960918 -1.07888 -0.0697617 4.11145 22 413 5933 5865 1 0.0225883 0.0225883 2 
-5 -4.04704 -3.12889 0.279881 -0.226448 -0.0774649 3.96613 22 414 10014 9831 1 0 0 1 
-2.06389 5 3.56176 0.402964 -0.534997 0.505438 3.96375 22 415 23707 23455 1 0 0 4 
-1.85174 -1.04491 5 0.449237 -0.242522 -0.022112 4.03781 22 416 5499 5498 1 0 0 1 
-5 3.28705 3.66867 0.312817 -0.137116 -0.109901 4.0834 22 417 13904 13652 1 0.104325 0.104325 2 
1.70719 4.74603 -5 0.618047 -0.470894 0.289761 3.96922 22 419 1135 1 1 0 0 3 
-5 -4.88544 -1.10567 0.301534 -0.36258 -0.196807 4.17292 22 420 28944 28943 1 0 0 2 
4.19824 5 -3.91906 -0.0330464 -0.421894 0.146112 3.95627 22 421 24988 24712 1 0.280749 0.280749 6 
-1.57242 5 -2.96498 0.360898 -0.372803 -0.314074 4.14845 22 422 29440 29414 1 0 0 1 
2.70739 5 -0.949573 0.605004 -0.360039 0.469553 3.97024 22 423 3528 3452 1 0.440834 0.440834 4 
-5 -4.75427 3.03809 0.283291 -0.331222 -0.244218 4.18445 22 424 29698 29697 1 0 0 1 
-5 -4.79891 -2.17516 1.01239 -1.1119 0.298794 4.04147 22 425 11015 10908 1 0 0 2 
-5 0.65988 2.06648 0.336691 0.41074 0.274095 3.96037 22 426 6195 6194 1 0.541952 0.541952 5 
1.26371 5 3.8283 0.178954 -0.679768 0.166344 3.97637 22 427 25726 25650 1 0 0 1 
-1.12629 5 1.75922 0.774315 -0.454684 -0.646687 4.14386 22 428 2501 2437 1 0 0 2 
-5 -2.70512 -4.6958 1.2167 -1.15208 -0.695764 4.08986 22 430 24850 24715 1 0 0 1 
-5 3.45092 -4.2156 0.30718 -0.338794 -0.22799 4.06061 22 432 13755 13753 1 0.305801 0.305801 30 
1.27784 -0.0395583 -5 0.297042 -0.27688 0.207502 4.13676 22 433 36541 36517 1 0.142381 0.142381 3 
-5 1.22657 3.74252 0.816558 -0.946439 1.21639 3.96897 22 434 41989 41934 1 0 0 1 
-1.33615 0.231504 -5 0.92903 -0.341514 1.01568 3.97404 22 436 47895 47874 1 0 0 1 
1.22625 5 -1.86466 0.833429 -0.525716 -0.524825 4.22466 22 437 1878 1723 1 0 0 1 
-0.179962 5 -4.13456 0.739618 -0.553744 0.276862 3.9963 22 438 44831 43417 1 0.543773 0.543773 2 
3.19877 0.05241 -5 1.43623 -1.50324 1.43747 3.94989 22 439 1409 1265 1 0 0 5 
1.51717 4.14633 5 0.260507 -0.292627 -0.0304682 4.07482 22 440 1832 1458 1 0 0 3 
-5 -4.37921 -3.68496 0.567223 -0.606982 1.05838 3.92733 22 441 50775 50563 1 0 0 1 
-5 -0.144953 -4.19195 0.466007 -0.0593473 -0.201086 4.09916 22 442 1920 1918 1 0 0 1 
1.61593 -4.30709 -5 -0.028953 -0.042549 0.306404 4.06263 22 443 13039 12975 1 0 0 2 
-5 -4.61511 -4.33144 0.230952 -0.181687 0.159513 3.99406 22 444 7464 7463 1 0.305514 0.305514 6 
-5 -3.44551 2.34451 0.171143 -0.110125 -0.0129141 4.19945 22 446 3750 3748 1 0 0 2 
1.50929 5 -0.22109 0.483153 -0.385397 -0.356514 4.16566 22 448 13795 13794 1 0 0 1 
-0.406561 5 -4.55766 0.214701 -0.218789 -0.278589 4.24322 22 449 8622 8551 1 0 0 2 
-5 1.67084 -3.43077 0.482674 -0.455278 0.430576 3.96373 22 450 15366 15166 1 0 0 1 
-5 -3.14829 4.21831 0.928746 -0.635796 0.142427 4.09734 22 451 15189 15186 1 0 0 4 
-5 3.09302 -0.0561933 0.379692 0.0928561 -0.125034 4.33739 22 452 11494 11462 1 2.66697 2.66697 42 
-5 -3.43441 0.888258 0.470872 -0.0259942 -0.0134002 4.02255 22 454 35149 34988 1 0.471299 0.471299 35 
-3.33624 5 0.102034 0.414028 -0.18428 -0.168071 4.19168 22 455 33256 33208 1 0 0 1 
0.962139 5 0.778524 0.292872 -0.242699 0.654202 3.92721 22 456 16232 1 1 0 0 1 
-5 -1.73937 -2.36698 0.398711 -0.420204 0.157664 3.98086 22 458 24810 24309 1 0 0 2 
2.30054 5 -2.65614 0.415805 -0.288659 -0.146351 4.05891 22 459 14139 14061 1 0 0 3 
-1.48738 5 -0.596702 0.163718 -0.114571 0.280568 3.93126 22 461 45978 45588 1 0 0 1 
3.6879 5 -1.26208 0.311183 -0.117505 -0.0247318 4.10658 22 464 48058 48011 1 0 0 4 
-5 1.58163 -1.92407 0.33803 -0.367718 -0.107882 4.14869 22 465 6743 6742 1 0.323665 0.323665 20 
-5 3.45117 -0.187857 1.50465 -1.61853 0.803213 4.05963 22 468 2972 2949 1 0 0 3 
1.5782 2.16124 -5 0.265969 -0.171594 0.113695 4.00634 22 469 31616 31505 1 0 0 2 
1.2173 -4.9106 -5 0.398143 -0.229029 0.229756 4.07802 22 470 34665 34626 1 0 0 3 
1.20402 4.04136 5 0.270396 -0.384081 -0.249703 4.04667 22 471 48299 48143 1 0 0 2 
-5 -4.86977 4.18529 0.426913 -0.280648 0.0100805 4.05182 22 472 16856 16855 1 0 0 3 
-4.36373 5 -1.8642 0.335061 -0.316014 -0.221335 4.17872 22 473 10504 10502 1 0 0 2 
-4.86269 -3.31863 -5 1.19527 -0.966279 1.0925 3.96524 22 474 27741 27638 1 0 0 2 
-5 -0.634467 -4.01484 0.3514 -0.281336 -0.241842 4.16322 22 476 38209 38179 1 0.326322 0.326322 3 
-5 0.897475 -4.45098 0.543604 -0.593194 0.234268 4.01371 22 478 31387 31329 1 0.266739 0.266739 2 
-5 2.02456 3.59013 0.426104 -0.0904652 -0.0182832 4.02951 22 479 56088 56087 1 0 0 1 
-5 -1.95966 2.53188 0.103364 -0.0817308 -0.1467 4.18596 22 480 21569 21567 1 0.0233218 0.0233218 3 
-5 2.35235 2.07133 0.510888 -0.420848 0.267286 4.01259 22 481 11335 11308 1 0.0377656 0.0377656 2 
-0.0396077 5 -1.03434 0.311593 -0.344175 0.213479 4.02362 22 482 12112 12092 1 0.0170466 0.0170466 3 
-5 -2.06463 3.23391 0.537207 -0.528611 -0.010435 4.0514 22 483 9264 9262 1 0 0 1 
2.04092 -1.32291 -5 0.148574 -0.181691 1.25762 3.91501 22 484 46874 1 1 0 0 1 
1.08455 0.043192 -5 3.48032 -2.79925 4.84845 3.92483 22 487 16290 16289 1 0 0 1 
-5 -2.47864 -4.85361 0.368519 -0.249505 -0.115509 4.16296 22 488 4092 4071 1 0 0 1 
-0.300978 2.64356 5 0.20747 -0.267056 -0.145542 4.28696 22 490 3011 3010 1 0 0 1 
-5 -0.103102 -2.84574 0.368867 -0.18144 -0.119771 4.1203 22 491 19896 19893 1 0.216257 0.216257 3 
-5 -3.3873 2.37888 0.463377 -0.344452 0.276826 3.97347 22 492 37713 37476 1 0 0 1 
-5 3.48604 0.1788 8.39019 -6.16632 10.0595 3.94442 22 493 21082 21038 1 0 0 5 
-5 -0.95811 -1.37799 0.338656 -0.321897 0.180824 4.02359 22 494 3911 3910 1 0 0 2 
-5 -3.76527 -2.57173 0.228333 0.336903 0.151714 4.01854 22 495 12708 12569 1 0 0 1 
-4.45522 5 -3.59746 0.0799723 -0.249888 0.0353281 3.97556 22 496 7646 7525 1 0.264399 0.264399 28 
-2.21436 5 2.36189 0.718131 -0.849285 0.768306 3.97932 22 497 47728 47426 1 0 0 1 
-5 -3.76967 3.49982 1.18163 -0.727191 0.773944 3.95958 22 498 18306 18127 1 0.988681 0.988681 18 
3.1551 5 -0.498682 1.93297 -0.909806 -0.210155 4.08508 22 502 61241 61117 1 0 0 1 
-5 2.05542 0.21301 0.233744 -0.231267 0.0401038 4.02101 22 504 9444 9062 1 0 0 1 
-5 3.18697 -1.34672 0.382027 -0.105524 0.170088 4.02669 22 505 13537 13534 1 0.431194 0.431194 11 
-5 2.84618 0.737697 0.57016 -0.382784 -0.097912 4.09423 22 506 25426 25370 1 0 0 1 
-5 0.503614 4.63458 0.291949 -0.188294 -0.346955 4.23509 22 507 8392 8390 1 0 0 2 
-5 0.861227 -1.90473 2.4848 -2.07196 0.493067 3.98444 22 508 3090 3089 1 2.65715 2.65715 6 
-0.587326 5 -4.76371 0.776978 -0.682402 0.958709 3.9378 22 509 22540 22211 1 0 0 1 
-5 1.4118 2.92047 0.789433 -1.15325 0.451868 3.96719 22 511 21266 21029 1 0 0 1 
-5 2.01612 -1.92891 0.996626 -0.586561 1.45241 3.93751 22 512 30447 30295 1 0.236657 0.236657 3 
2.25152 1.13322 -5 0.318792 -0.271188 0.238417 3.98512 22 515 8086 8085 1 0 0 1 
-3.78518 5 -4.6552 0.919294 -0.53484 0.763631 3.93532 22 516 14645 14498 1 0.0199764 0.0199764 3 
-1.08845 5 -2.15861 0.352905 -0.283089 0.491377 3.92935 22 517 36520 35531 1 0.295492 0.295492 4 
-5 0.65067 3.82474 0.180162 -0.509627 -0.00537002 4.02732 22 518 16058 16055 1 0.216877 0.216877 31 
-5 -0.819692 2.02869 0.853191 -0.682229 1.2942 3.97782 22 519 25627 25538 1 0 0 1 
-4.51453 -2.54647 5 0.465972 -0.200749 -0.900524 4.11855 22 520 6016 6006 1 0 0 2 
-5 -1.20687 3.87219 0.3362 0.0967778 -0.0732991 4.1516 22 522 3455 3434 1 0.510649 0.510649 22 
-5 -1.50987 2.09969 0.290795 -0.23195 0.386996 3.96597 22 523 21477 21434 1 0 0 1 
2.41845 5 0.608407 0.188202 -0.759913 -0.0517512 3.9788 22 527 16590 16490 1 0.104691 0.104691 3 
-5 -4.51246 -0.918358 0.297699 -0.311735 -0.274438 4.27163 22 529 7516 7514 1 0 0 1 
3.05439 4.73112 -5 0.257573 -0.233819 0.374305 3.92843 22 530 7720 7719 1 0 0 3 
4.3884 3.65495 5 0.419261 -0.190109 -0.221808 4.20423 22 531 3927 3925 1 0 0 2 
-4.45143 5 3.7912 0.404854 -0.40778 1.02668 3.92156 22 532 15991 12706 1 0.0388476 0.0388476 5 
4.02194 2.39309 -5 0.0805901 0.00384646 0.368563 3.99715 22 533 14057 14012 1 0 0 1 
-5 3.77051 -2.70704 0.330203 -0.294141 -0.0574479 4.11379 22 534 25547 25513 1 0.445368 0.445368 38 
-2.53254 5 -3.6578 1.2107 -0.858758 1.1931 3.94157 22 535 8807 8677 1 0 0 2 
-1.96545 1.44441 -5 0.301085 -0.124041 0.23049 3.97506 22 536 35242 35201 1 0 0 2 
0.0273538 5 -0.840497 0.0336934 -0.167533 0.175667 4.18725 22 537 36149 36146 1 0.24479 0.24479 19 
-0.464041 -5 2.01676 0.0963153 0.224158 0.0779155 4.11569 22 539 12775 12726 1 0 0 2 
-5 -3.01049 3.29103 0.661414 -0.488386 0.413494 4.03604 22 540 24842 24841 1 0 0 1 
-4.36809 -0.162152 -5 0.280695 -0.293622 0.310026 3.94513 22 542 62466 62440 1 0.334069 0.334069 2 
-5 -0.283316 3.13498 0.425087 0.0862262 -0.021074 4.10093 22 543 17662 17592 1 0 0 1 
-5 4.78853 -1.70457 0.0936761 0.031705 0.20897 4.15564 22 547 5997 5910 1 0 0 1 
1.4431 5 -0.424798 0.44595 -0.535526 -0.178818 4.03866 22 548 6558 6459 1 0.282391 0.282391 2 
-3.62047 5 -4.20451 0.821404 -0.733609 1.40051 3.93218 22 549 30128 30037 1 0 0 2 
-5 4.56253 -1.02862 0.378672 0.096026 -0.0152426 4.14139 22 550 22981 22935 1 0.451284 0.451284 3 
2.20043 5 -1.10901 0.14185 -0.406883 -0.256021 3.99623 22 552 21210 21191 1 0 0 3 
-1.34241 2.21697 -5 -0.054732 -0.154986 0.236966 4.06428 22 553 25187 25169 1 0 0 4 
-0.285711 5 4.33651 1.13221 -0.598943 -0.410912 4.20157 22 557 4942 4941 1 0 0 2 
-5 1.25566 -4.04993 0.295897 -0.405674 -0.0948338 4.02562 22 558 7725 7724 1 0 0 1 
-5 -2.72491 2.79264 0.211317 -0.407174 -0.00702932 4.04151 22 560 15592 15317 1 0 0 1 
-0.670335 5 -0.823479 0.372785 -0.289498 0.28553 3.96684 22 561 32828 32669 1 0 0 1 
-5 -4.15758 -0.37632 0.32713 -0.186469 -0.0736017 4.09437 22 562 18385 17884 1 0 0 2 
-5 -2.56029 2.76787 -2.26543 0.87613 -0.901235 4.13999 11 563 26316 26283 1 0 0 1 
-5 1.60471 -4.42144 0.351459 -0.172272 0.32851 3.9827 22 566 11406 11378 1 0 0 1 
-5 3.43995 4.13929 0.279317 -0.272829 -0.112412 4.25272 22 567 18365 18363 1 0 0 3 
-5 2.40771 -2.23919 0.191646 -0.543774 0.290865 3.98722 22 568 18501 18479 1 0 0 1 
-3.45157 -5 -4.95035 -0.081225 0.156155 -0.0300156 4.22998 22 569 15976 15955 1 0 0 2 
-0.94407 5 -4.88252 1.58957 -1.61396 1.48053 3.94751 22 570 17500 17408 1 0 0 1 
-2.32913 5 -1.23439 0.614319 -0.482408 0.352686 4.01525 22 571 9255 9161 1 0 0 1 
1.57653 3.78487 -5 0.381037 -0.29138 0.176149 3.98586 22 572 20929 20928 1 0.0292888 0.0292888 13 
-5 -3.2733 -3.42608 0.316441 0.0136056 -0.137621 4.00688 22 573 1054 1053 1 0 0 2 
1.50401 5 4.72015 0.592648 -0.671468 -0.456719 4.16111 22 574 14489 14367 1 0 0 2 
1.82382 5 3.83027 0.166852 -0.0894926 -0.112473 4.25357 22 575 37168 37016 1 0.219882 0.219882 19 
-4.95437 -2.91543 5 0.13427 0.00129166 -0.205121 4.08554 22 576 47682 47526 1 0.107771 0.107771 4 
-5 4.64484 4.92372 0.323999 -0.341592 0.198644 4.00949 22 578 33893 33892 1 0 0 2 
-1.19603 5 2.43598 0.714228 -0.721417 -0.146234 4.05347 22 579 5321 5182 1 0 0 1 
-5 -2.58968 -3.94761 0.204971 0.0414475 0.0542735 4.09979 22 581 24308 24232 1 0.909588 0.909588 36 
-5 0.829165 1.35874 0.22844 -0.24562 -0.385494 4.04287 22 582 3085 3082 1 0 0 4 
-3.65017 2.64727 5 0.127224 -0.214619 -0.0300226 4.04825 22 584 8197 7989 1 0.250966 0.250966 21 
-5 -2.65669 2.25291 1.11595 -1.48412 0.256153 4.04652 22 585 18762 18740 1 0 0 1 
-2.65649 -1.77885 -5 1.18227 -1.63177 1.89804 3.94164 22 587 24599 24445 1 1.9384 1.9384 25 
-1.08405 5 -1.44713 0.088747 -0.32823 0.314223 4.05709 22 588 13452 13405 1 0 0 1 
-5 1.04885 -2.33513 0.701305 -0.85131 0.812806 3.96027 22 592 3612 3559 1 3.70821 3.70821 64 
-5 1.54469 1.80988 1.17588 -0.668808 0.139117 4.01519 22 593 36837 36831 1 0 0 2 
0.0303981 -4.95827 5 0.164175 -0.450195 -0.177457 4.32402 22 594 13005 12982 1 0 0 2 
0.365374 5 0.396898 0.417745 -0.240656 0.523482 3.94331 22 596 33179 33161 1 0.711374 0.711374 25 
-5 0.678755 1.4378 0.307104 -0.389546 -0.122722 4.25646 22 597 44088 44084 1 0 0 1 
1.02346 1.08542 -5 0.211124 -0.0865278 0.0906156 3.98152 22 599 49196 49128 1 0 0 1 
-5 -1.90805 -2.98791 0.441666 -0.474303 0.1956 4.00552 22 603 19297 19163 1 0 0 2 
-4.98991 3.45889 5 0.333186 -0.344129 -0.205597 4.18315 22 606 4116 4098 1 1.11366 1.11366 75 
-0.887542 -3.87248 -5 0.260758 -0.165903 0.319719 3.9378 22 607 8188 8016 1 0 0 3 
-5 4.33218 3.71868 0.292962 -0.241613 -0.34193 4.21855 22 608 17829 17828 1 0 0 2 
0.496022 5 -0.583624 0.401646 -0.297646 0.105864 4.08208 22 609 15957 15936 1 0 0 2 
-5 3.80847 -1.79244 0.231319 -0.206192 0.53654 3.92069 22 610 16858 16744 1 0 0 1 
-5 -0.308064 2.30598 1.53755 -2.22549 -0.253047 4.04199 22 611 16744 16614 1 0 0 3 
4.27686 5 -1.82213 0.420729 -0.191287 0.217983 4.08233 22 612 37846 37845 1 0 0 1 
-5 3.67247 -0.18561 1.61159 -1.8679 0.0198919 4.10925 22 613 7938 7768 1 0 0 1 
-5 -3.69836 -0.432831 0.443664 -0.568417 0.500798 4.01536 22 615 6828 6779 1 0 0 2 
2.37806 5 -0.773931 0.982517 -0.700019 -0.241974 4.12876 22 616 28963 28962 1 0 0 2 
-5 3.89598 -4.73923 0.421767 -0.199131 0.208756 3.94903 22 620 29509 29508 1 0 0 1 
-5 -3.0336 3.13295 0.566001 0.161549 0.420816 3.9708 22 621 34047 32201 1 0 0 1 
-3.62873 5 3.8169 1.08843 -0.985721 1.07181 3.98341 22 623 1554 1435 1 0 0 1 
-1.51034 -1.78023 5 0.621421 -0.783715 -0.954537 4.08146 22 625 23251 23178 1 0 0 4 
-5 1.47697 -3.85742 1.00252 -0.880083 1.91223 3.9163 22 626 5004 4891 1 0 0 1 
-4.40971 5 -0.0168964 0.966284 -1.36195 0.203838 4.00759 22 627 53974 53948 1 0 0 1 
-0.586684 5 -2.92099 0.54216 -0.984663 0.00777752 4.12243 22 629 3887 3830 1 0 0 1 
1.3852 4.3614 5 0.115379 -0.0059852 -0.192636 4.1698 22 631 2279 2139 1 0.224025 0.224025 33 
0.00728496 -1.79011 -5 12.2194 -6.59056 9.25662 3.97819 22 632 15242 15143 1 0 0 3 
-5 -1.53266 4.25735 1.44272 -1.91459 2.19538 3.96089 22 634 6876 6728 1 0 0 2 
3.30754 5 2.64506 0.0323169 -0.195232 0.0605322 4.36012 22 635 1080 1079 1 0 0 2 
-2.48138 5 1.63521 1.15575 -0.81115 2.52061 3.92437 22 636 5242 5095 1 0 0 1 
-5 2.46523 -1.2467 0.317836 -0.0304826 -0.161119 5.03324 22 637 27537 27536 1 0 0 1 
-5 2.75271 4.31295 0.575411 -0.165392 0.025477 4.00558 22 638 3580 3412 1 0 0 1 
2.79169 5 0.771344 0.385731 -0.137019 0.0661936 4.19163 22 639 3905 3904 1 0 0 1 
-4.39511 5 -4.12729 0.539034 -0.286363 0.369795 3.97398 22 640 35001 34981 1 0.136081 0.136081 3 
-5 -0.454642 1.23003 0.654698 -0.541303 0.409766 3.99662 22 641 35158 35157 1 0.522534 0.522534 25 
4.83832 4.35163 -5 0.415455 -0.116856 0.472792 3.95676 22 642 14139 14138 1 0 0 2 
-5 -3.19936 -1.20328 1.32193 -2.38414 0.569876 4.03877 22 645 4929 4882 1 0 0 2 
-3.20346 5 -1.51129 0.0661117 -0.276321 0.294098 3.93606 22 646 24542 22872 1 0 0 1 
-0.863215 5 4.45584 0.60001 -0.348596 0.31306 4.00933 22 647 20785 20711 1 0.526667 0.526667 3 
3.89641 5 4.35113 0.432419 -0.245992 -0.116711 4.29597 22 649 15872 15870 1 0 0 1 
-3.50864 5 -4.13338 -0.056845 -0.426294 -0.275975 4.11286 22 650 23168 23167 1 0 0 2 
-5 -2.9462 2.44071 0.250781 -0.201463 -0.0986266 4.13071 22 652 7652 7616 1 0 0 1 
0.279457 5 -3.45157 0.38619 -0.211387 0.023641 4.04993 22 653 17467 17233 1 0 0 2 
-5 -0.770787 2.58334 3.65142 -2.79371 2.72134 4.02454 22 654 14475 14474 1 0 0 2 
4.1848 5 0.6521 2.21266 -1.38919 0.201371 4.08096 22 656 9173 9090 1 0 0 1 
-3.29967 5 4.5443 0.964556 -1.30592 0.550656 4.07187 22 657 25201 25200 1 0.0192227 0.0192227 3 
0.888192 5 1.11107 0.131048 -0.49376 -0.0121476 4.04528 22 658 28174 28144 1 0.510881 0.510881 7 
-5 2.84465 3.4048 0.684412 -0.577372 0.572001 3.96661 22 660 11934 11808 1 0 0 4 
-5 2.19604 -3.83949 0.669754 -0.423922 2.11473 3.88956 22 661 13047 12776 1 0 0 1 
-5 1.67243 -3.92588 0.360898 -0.00386634 -0.170641 3.95944 22 662 20835 20660 1 0 0 3 
3.54331 5 -1.85433 0.440206 -0.322215 -0.00677942 4.05915 22 663 12091 12090 1 0 0 2 
-5 -1.2314 -2.22983 0.402104 -0.226712 0.219167 3.98766 22 664 17689 17688 1 0 0 1 
-4.65277 5 -0.354893 0.43403 -0.197349 -0.0724747 4.01295 22 665 18538 18272 1 0.198182 0.198182 2 
4.57856 5 -0.861833 14.6799 -7.72714 21.2234 3.9419 22 667 38474 38443 1 0 0 2 
0.655107 -0.0345625 -5 0.407353 -0.212315 0.223844 4.03719 22 668 43846 43844 1 0 0 1 
0.19967 5 1.61589 0.969419 -0.564105 2.05483 3.92519 22 669 1125 1 1 0 0 5 
3.12389 0.132305 -5 0.294816 -0.328976 0.116927 4.04764 22 671 43803 43790 1 0 0 1 
-4.97008 5 1.3202 0.420157 -0.294323 0.487817 3.94711 22 672 2145 1 1 0 0 1 
-3.5085 5 2.33671 0.0444143 -0.351275 -0.00852993 4.22556 22 673 9621 9618 1 0.168592 0.168592 3 
-4.42435 4.14608 -5 -0.009057 0.146385 0.136605 4.01097 22 674 11011 10963 1 0 0 2 
-3.46208 5 -0.083767 0.547365 -0.816099 0.960378 3.93997 22 675 48014 47989 1 0 0 1 
-0.689988 5 0.767629 0.358011 -0.319127 -0.0439929 4.13341 22 676 21284 21267 1 0 0 1 
-5 3.89529 -2.03021 0.411233 -0.188658 0.028768 4.06276 22 677 1422 1302 1 0 0 2 
-5 4.28591 1.29661 0.498182 -0.0702706 0.194371 4.00686 22 679 38467 38354 1 0 0 1 
-3.4043 5 -1.85993 0.962699 -0.433745 0.87494 3.92689 22 680 13331 6464 1 0 0 2 
-5 -4.83009 4.85359 0.323563 -1.44495 0.275378 3.9973 22 683 33222 33071 1 0 0 1 
-5 -3.72536 4.15102 0.517658 -0.507895 -0.375918 4.23884 22 684 9241 9239 1 0 0 3 
-0.75504 -5 -1.42997 0.264523 0.012853 0.0702843 4.14009 22 685 10533 10532 1 0.185685 0.185685 26 
-3.42934 -2.94419 -5 3.01874 -2.0014 3.44432 3.93334 22 686 7493 7351 1 0 0 3 
-1.08144 5 4.5072 1.12563 -0.929035 -0.481286 4.14716 22 687 19752 19643 1 0 0 3 
-0.590956 3.20051 -5 0.689719 -0.429477 0.629466 3.96379 22 689 4646 4010 1 0.542496 0.542496 2 
-2.97477 5 1.14898 0.181722 -0.164824 -0.202216 4.16904 22 690 13612 13511 1 0 0 3 
-5 -2.67628 -0.0982438 0.348425 -0.123474 -0.269557 4.27072 22 691 24364 24362 1 0.967517 0.967517 66 
-4.42483 5 -2.71136 4.68403 -2.57286 7.74948 3.92126 22 693 4285 4283 1 0 0 1 
-4.74361 5 3.74598 0.517982 -1.08428 0.851499 4.00705 22 694 9304 9301 1 0 0 5 
-5 2.43146 0.519598 0.0852252 -0.116201 0.252607 4.02133 22 695 18136 18112 1 0 0 2 
-5 2.31413 0.244492 0.218279 -0.543719 0.437598 4.03579 22 696 6879 6836 1 0 0 1 
-5 -2.27883 3.12341 0.109364 0.0011547 -0.0235845 4.02127 22 697 13972 13971 1 0.293764 0.293764 44 
-1.40254 5 4.61646 0.399399 -0.38576 0.417378 3.97875 22 698 28689 28609 1 0 0 2 
-1.36442 5 3.06512 0.146481 -0.188583 -0.281215 4.1937 22 700 6211 6210 1 0 0 4 
-5 3.1765 4.89151 0.332573 -0.38192 -0.068208 4.21888 22 703 14135 14134 1 1.25559 1.25559 24 
-5 -1.41596 -4.43576 0.405445 -0.129337 -0.282854 4.20529 22 704 9287 9286 1 0 0 1 
-0.645634 5 4.58261 0.204187 -0.355938 -0.304526 4.18669 22 706 7522 7521 1 0 0 3 
3.4353 5 -3.25039 0.0541689 -0.0986894 0.173507 3.9887 22 710 2070 2069 1 0.20643 0.20643 24 
-1.98669 5 -1.32687 0.103654 -0.496163 -0.0647894 3.97582 22 711 6874 6830 1 0 0 1 
-1.90043 5 -1.04176 0.371081 -0.326993 0.12735 4.01348 22 712 13457 13379 1 0.317051 0.317051 2 
2.56115 5 -3.08268 0.416395 -0.293995 -0.0360879 4.16861 22 713 28337 28319 1 0 0 1 
-1.56057 5 -2.16494 0.0333205 -0.29085 0.0319023 4.01831 22 714 10811 10810 1 0.140901 0.140901 3 
-5 0.974456 0.42423 0.305383 -0.265526 0.312021 4.02153 22 715 1276 1248 1 0 0 1 
-5 -0.0837068 3.15307 0.175949 0.0713678 -0.161369 4.2788 22 716 20334 20333 1 0 0 1 
1.03889 -2.66114 5 1.49067 -1.51296 -1.04886 4.14936 22 717 27099 27060 1 0 0 3 
-1.83193 5 4.45197 0.661897 -0.537487 0.776292 3.96529 22 718 11201 11081 1 0 0 4 
-1.86712 5 -0.286026 0.492706 -0.268957 0.763951 3.94154 22 720 5711 5492 1 0 0 2 
-1.38138 5 4.21164 0.132971 -0.176887 -0.109142 4.2971 22 721 6388 6206 1 0.246358 0.246358 27 
-3.61249 5 -0.639642 0.313715 -0.190447 -0.100383 4.2066 22 722 31898 31896 1 0 0 1 
-5 2.15229 2.64956 0.2414 -0.201032 0.153293 4.09058 22 723 19394 19393 1 0 0 1 
-3.63916 2.30541 -5 2.06745 -2.3379 2.09019 3.93905 22 724 1963 1960 1 0 0 6 
3.77261 -2.83745 5 0.801412 -0.736659 -0.432406 4.15394 22 725 42474 42422 1 0 0 1 
3.80474 5 3.18342 0.424673 -0.305058 -0.148967 4.15387 22 726 39621 39620 1 0 0 1 
-5 -0.729427 -2.71516 0.870039 -0.957179 0.318816 4.00409 22 728 42431 42399 1 0 0 1 
1.99444 5 -4.50632 0.362965 -0.332462 -0.137277 4.19879 22 729 32597 32594 1 0 0 1 
-5 -2.41175 4.61197 1.46098 -1.26164 1.14725 4.01237 22 730 32486 32416 1 0 0 1 
-5 -3.07822 3.06691 0.119159 -0.23426 -0.0834785 4.11413 22 731 28401 28312 1 0 0 1 
-5 0.760105 -1.36012 0.243919 -0.255697 -0.0628872 4.16806 22 732 4036 4013 1 0.144027 0.144027 4 
-2.0996 -2.34257 -5 3.19647 -2.96473 7.10827 3.90537 22 733 9754 9572 1 0 0 1 
0.739335 -3.27326 5 0.257338 -0.271296 -0.271419 4.06241 22 734 48425 48421 1 0 0 1 
-5 1.49566 1.93803 0.380076 -0.183888 -0.287831 4.22257 22 735 50462 50460 1 0 0 1 
-5 -3.40974 -3.06713 1.35416 -1.21306 0.817056 4.01665 22 736 20624 20623 1 0 0 3 
1.95808 0.00620488 -5 0.354815 -0.334839 0.65166 3.93023 22 737 9218 9046 1 0 0 1 
0.0272316 -2.65815 -5 1.11492 -0.928679 1.59619 3.93257 22 740 17848 17787 1 0 0 3 
1.6386 5 -1.59265 0.475552 -0.212694 0.538722 3.96465 22 743 40214 40043 1 0 0 1 
-5 3.29908 -1.26744 0.343919 -0.494193 -0.306697 4.1315 22 744 31801 31789 1 0 0 1 
-3.12119 5 -1.68833 0.787673 -0.610042 2.03243 3.90243 22 745 15635 15384 1 0.510176 0.510176 55 
-5 -3.93507 1.49106 2.94881 -1.73778 -1.96709 4.22247 22 746 1379 1344 1 0.833094 0.833094 54 
-5 4.19011 -3.76072 0.189796 -0.0946694 0.00657539 4.03854 22 748 27832 27650 1 0.212035 0.212035 12 
1.39642 5 4.467 0.993641 -0.808827 0.847743 3.98842 22 749 12561 12506 1 0 0 2 
-5 2.95119 0.868683 0.254745 -0.0952022 -0.0425848 4.30189 22 750 14862 14860 1 0.274831 0.274831 26 
-5 3.56328 3.66831 0.0803299 -0.497844 0.0825745 3.93406 22 751 3822 3821 1 0 0 3 
-0.24462 5 2.03806 0.6416 -0.470358 1.00747 3.9502 22 752 48443 48292 1 0 0 1 
-5 1.45823 1.23805 0.601712 -0.197365 0.129368 4.09285 22 753 20925 20819 1 0 0 1 
2.06261 5 2.39859 3.0029 -2.84176 0.911593 4.05998 22 755 10540 10525 1 0 0 2 
-0.903705 -4.40333 -5 -0.0124421 -0.0828099 0.106989 4.38066 22 757 23249 23028 1 0.135423 0.135423 28 
-5 -0.31844 0.594192 0.514243 -0.413986 0.183299 4.0741 22 758 63118 63080 1 0 0 2 
-2.70505 -2.73805 5 0.259111 -0.178171 -0.111341 4.15162 22 759 5056 4995 1 0 0 3 
4.895 5 -4.9058 1.35972 -0.802602 1.80769 3.9249 22 760 1829 1363 1 0 0 3 
-5 -3.91883 2.25712 1.46662 0.00770679 0.367883 4.18392 22 761 2926 2925 1 0 0 2 
-5 -0.411547 4.11044 0.145224 -0.0315267 0.0351505 4.30192 22 763 33201 33177 1 0.152437 0.152437 15 
0.788665 5 -2.7828 2.85101 -1.73904 -0.121558 4.09091 22 764 52401 52333 1 0 0 1 
-2.87901 0.542099 5 -0.0370777 0.0539187 -0.232238 4.13377 22 766 44975 44973 1 0.00473916 0.00473916 2 
-5 -3.11815 -1.37288 0.354247 -0.313317 0.193549 3.99057 22 768 24391 24390 1 0 0 1 
-2.68219 5 0.145927 0.989748 -0.9385 1.06195 3.94628 22 769 11224 10741 1 0 0 3 
-5 -3.66316 -1.39497 0.381972 -0.284985 0.0159062 4.09325 22 770 12977 12976 1 0 0 3 
-5 4.36015 -2.91687 3.83369 -2.76969 1.0881 4.01664 22 771 10527 10408 1 0 0 1 
-4.14867 -4.69946 -5 0.0416277 -0.151137 0.329197 3.99508 22 773 4219 4218 1 0.0544592 0.0544592 4 
-5 -0.297967 -4.64865 0.110759 -0.108915 0.192606 3.9631 22 774 20401 20335 1 0.707415 0.707415 34 
-2.8815 2.16392 5 0.233224 -0.163046 -0.0707916 4.15525 22 776 29957 1 1 0.29304 0.29304 15 
-5 3.46865 3.91678 0.521385 -0.0299156 -0.018217 4.0513 22 777 12095 11859 1 0 0 2 
-1.22805 -4.8662 -5 1.43827 -0.847337 0.585455 4.01 22 778 26138 26134 1 0 0 2 
-5 -2.77924 4.78551 0.225473 -0.276051 -0.165644 4.25616 22 780 35319 35318 1 0 0 3 
-5 2.40423 2.88155 1.05062 0.1153 0.171439 4.01055 22 781 31530 31512 1 0 0 1 
-4.25245 2.07132 -5 0.344417 -0.447189 0.0844682 3.99572 22 782 9166 8663 1 0.271511 0.271511 3 
4.19274 -2.97186 -5 0.78326 -0.731061 0.839621 3.94686 22 784 25514 25408 1 0 0 1 
-5 -0.481083 3.07677 0.272788 -0.32903 -0.0160208 4.29543 22 786 21434 21321 1 0.0431084 0.0431084 2 
-5 -2.93913 -0.356076 0.912503 -2.08356 0.856305 3.97767 22 787 1687 1591 1 0 0 1 
-4.33163 2.19546 5 0.234182 0.00707649 -0.155748 4.18318 22 788 10695 10484 1 0 0 2 
-4.16429 5 -1.00431 0.369365 -0.392228 0.340593 3.96011 22 789 5277 5073 1 0.463494 0.463494 25 
-1.81717 -0.0691246 -5 0.410364 -0.420662 0.767091 3.92286 22 790 20194 20102 1 0 0 2 
-2.19708 3.5864 5 0.221412 0.00547632 -0.0732037 4.14781 22 793 2059 2057 1 0.0558709 0.0558709 3 
-0.0581115 4.01631 -5 2.19818 -1.64943 3.56137 3.9093 22 797 12341 12233 1 0 0 3 
-1.89852 0.603389 -5 0.0278821 0.0762852 0.102981 3.97398 22 798 32025 32024 1 0.130924 0.130924 14 
-0.44412 -4.79173 -5 0.410553 0.0394846 -0.597347 3.96376 11 799 36575 36555 1 0.308524 0.308524 1 
-5 0.7725 4.05132 0.464245 -0.288854 -0.442666 4.10725 22 801 36142 36082 1 0 0 1 
3.62383 5 -2.73746 0.0214553 -0.258505 -0.149911 3.97852 22 802 10718 10689 1 0 0 2 
-5 -2.50276 3.97407 0.4018 -0.28493 -0.135984 4.13231 22 803 25676 25674 1 0 0 1 
0.28248 5 -4.78702 0.390469 -0.321965 0.0706572 4.05889 22 805 20054 20053 1 0 0 1 
3.64931 1.11365 -5 0.460452 -0.26163 0.856264 3.94766 22 806 22561 22323 1 0 0 1 
-5 3.88754 -0.434894 0.0727581 -0.649865 0.182396 3.97476 22 807 44750 44748 1 0 0 1 
-0.164703 5 -1.46109 0.590924 -1.05074 -0.288719 4.06232 22 808 7477 7435 1 0 0 1 
-5 -2.5256 -0.837327 0.323654 -0.202635 0.012299 4.02498 22 811 1852 1851 1 2.77463 2.77463 100 
-2.18711 -5 2.10413 0.0675322 0.067651 -0.245469 3.99802 22 812 8072 7942 1 0.33065 0.33065 21 
-5 0.484154 0.289975 0.117179 -0.164347 -0.0735241 4.11403 22 813 11722 11322 1 0 0 1 
-1.46903 5 -1.75293 1.82006 -0.88698 0.11647 4.06862 22 814 27860 27859 1 0.237368 0.237368 28 
-5 -1.83063 2.65787 0.773363 -0.535746 0.365543 3.9713 22 815 24364 24294 1 0 0 1 
-2.9485 3.38905 -5 0.0395258 -0.191402 0.0683097 4.15751 22 816 12647 12626 1 0.0436421 0.0436421 2 
-5 -4.77532 2.68432 0.472201 -0.440424 1.18401 3.96115 22 818 6544 6425 1 0.297858 0.297858 30 
0.853134 4.01182 -5 -0.089797 -0.0677064 0.246638 4.03731 22 819 2462 2461 1 0.270709 0.270709 26 
-5 1.94833 0.0530925 0.46773 -0.147738 0.122156 4.09861 22 820 23222 23221 1 0 0 1 
1.69225 5 4.93132 0.407497 -0.207062 -0.116409 4.16168 22 822 17836 17707 1 0 0 1 
-5 -3.42121 0.178901 0.388765 -0.331579 -0.00610488 4.05126 22 825 52893 52892 1 0 0 1 
0.743248 5 2.96854 0.570117 -0.426676 -0.127021 4.33281 22 827 17067 17054 1 0 0 2 
-5 1.07336 -3.20942 0.505423 -0.0700166 0.027657 4.01681 22 828 36745 36727 1 0 0 1 
4.63972 5 -0.500111 0.254203 -0.21277 -0.0779256 4.05482 22 829 30849 30629 1 0 0 2 
-4.51477 3.75401 -5 -0.0890726 -0.169218 0.0662161 3.9731 22 830 36264 36258 1 0 0 1 
-5 1.91784 3.9718 9.02156 -8.95107 0.441821 4.06104 22 831 4153 4152 1 0 0 1 
-3.42103 -2.92615 -5 0.69276 -0.730709 1.34337 3.9274 22 832 19822 19665 1 0 0 2 
4.66869 -4.37008 5 0.422544 -0.254505 -0.133429 4.26645 22 833 3409 3408 1 0 0 5 
-5 2.16379 -4.00981 0.329564 -0.277128 -0.00100855 4.1481 22 834 2177 2176 1 0 0 2 
2.67807 0.734009 -5 0.76083 -0.599252 0.953883 3.9494 22 835 39189 38405 1 0.625894 0.625894 2 
-3.90345 3.04161 -5 0.0528562 0.0189869 0.226549 4.01294 22 836 31659 31579 1 0.233211 0.233211 16 
-5 -2.25681 0.627731 0.447088 -0.471074 0.362903 4.00334 22 838 2144 1992 1 0 0 1 
-5 3.71237 4.85117 0.73642 -0.317962 0.141732 4.24676 22 843 26746 26745 1 0 0 2 
-5 0.227167 4.18297 0.988972 -1.31716 0.666938 3.97939 22 844 24160 24075 1 0.486511 0.486511 3 
-2.09749 5 0.87825 0.218467 -0.200871 0.055279 4.22751 22 845 43939 43932 1 0 0 1 
-5 -1.17889 0.443612 0.304595 -0.392938 0.415383 3.94567 22 846 25625 25503 1 0 0 1 
-5 3.27083 4.37915 0.269025 -0.0910386 0.0485632 4.18568 22 847 38157 38114 1 0.287722 0.287722 25 
-2.91106 5 -1.93471 0.172277 -0.425897 -0.223724 4.00514 22 848 6730 6729 1 0.183882 0.183882 3 
-5 -1.7195 1.47636 0.441698 -0.183919 -0.179435 4.09674 22 849 40144 40143 1 0 0 2 
-5 1.327 -3.3248 0.1624 -0.225734 -0.0436783 4.01261 22 850 22884 21759 1 0.0915347 0.0915347 2 
-5 -3.13588 4.71364 0.435922 -0.340005 0.0789516 4.04239 22 852 28303 28302 1 0 0 1 
-4.03422 -2.59756 5 -0.0797276 -0.199418 -0.0353622 4.17956 22 853 17122 17121 1 0.441383 0.441383 55 
-5 -2.08232 3.43306 0.97839 -0.532679 -0.859902 4.19617 22 854 18823 18791 1 0 0 2 
-5 -0.284426 0.057175 0.575402 -0.374333 -0.20065 4.19994 22 858 34077 34072 1 0 0 1 
3.70295 5 1.67949 -0.0128284 -0.283373 -0.0604293 3.99837 22 860 1473 1472 1 0.28975 0.28975 19 
-4.5307 -5 -3.79412 -0.198493 0.079464 0.220663 3.9761 22 862 20655 7212 1 0 0 1 
-0.950475 5 3.48657 0.596839 -0.47716 1.56073 3.92612 22 863 18861 18602 1 0 0 2 
-2.92498 -2.58842 -5 0.663442 -0.686765 1.10281 3.9178 22 864 14546 14380 1 0 0 1 
-4.73357 5 2.68633 0.953263 -0.62319 1.10331 3.95451 22 865 14837 10990 1 0.0796627 0.0796627 13 
-5 -1.16736 -4.48254 0.440867 -0.249457 0.0672835 4.11863 22 866 38883 38847 1 0 0 1 
-4.41999 3.22955 5 0.414317 -0.166931 -0.248184 4.09079 22 867 2489 2488 1 0.0294753 0.0294753 20 
-5 0.75952 2.91598 1.31328 -0.734897 -0.00120212 3.92652 11 868 33913 33795 1 1.18972 1.18972 23 
-5 0.696233 3.53305 0.475478 -0.414257 0.123349 4.00186 22 869 16667 16606 1 0 0 1 
-0.618409 5 4.98798 0.584018 -0.51117 -0.299872 4.05562 22 870 22878 22836 1 0 0 3 
3.91836 5 -1.96206 0.374693 -0.274962 0.212417 4.00275 22 873 38390 38389 1 0 0 1 
-5 -2.54758 -0.19643 0.958039 -0.657032 0.136691 4.05807 22 874 29350 29348 1 0.149342 0.149342 26 
2.28455 -3.02207 5 0.302259 -0.108821 -0.204427 4.2162 22 875 5712 5709 1 0 0 2 
-5 1.72163 1.94528 0.348803 -0.272511 -0.255332 4.23376 22 877 8849 8848 1 0.510613 0.510613 23 
-5 2.51163 -0.967248 0.116947 -0.165076 0.153215 3.97988 22 879 27511 27451 1 0 0 2 
-5 4.57082 3.02847 0.439482 -0.245227 0.0885402 4.09798 22 880 1985 1984 1 0 0 4 
-5 3.14565 -0.935782 0.271806 -0.320447 -0.278996 4.05269 22 881 17132 16963 1 0.504051 0.504051 25 
-5 4.11407 -4.68735 0.0999236 -0.187216 -0.225351 4.1317 22 882 7426 7169 1 0 0 3 
-4.64507 -0.79559 -5 0.650988 -0.222243 0.461069 3.93817 22 883 1215 1 1 0 0 1 
-5 -3.20776 0.107967 0.584316 -0.529452 0.592621 3.98389 22 884 11538 11501 1 0 0 2 
-4.58331 5 -2.09115 0.198722 -0.327187 0.282696 4.11984 22 886 6768 6625 1 0 0 2 
-5 -1.70718 2.45605 0.649341 -0.448136 0.424595 4.01007 22 888 32174 31963 1 0 0 1 
-5 -4.35911 2.62984 1.38233 -2.09437 -0.473562 4.17855 22 889 23564 23563 1 0 0 3 
-5 3.79237 -3.29612 0.353627 -0.328206 0.119722 4.02955 22 891 40621 40620 1 0 0 1 
-3.41361 5 -2.80827 0.194221 -0.15942 0.291847 3.94428 22 892 6170 1 1 0 0 2 
-2.90518 -4.84355 5 0.191696 0.113034 -0.234249 4.18629 22 897 10295 10294 1 0.0620458 0.0620458 25 
-5 2.47394 1.6752 0.824675 -0.488929 0.632625 3.96515 22 898 25235 24963 1 0 0 1 
-0.641596 5 -3.76031 0.759246 -0.634045 0.0232428 4.05299 22 899 12906 12883 1 0.203119 0.203119 36 
-5 0.061419 -2.19498 0.301814 -0.119897 -0.162506 4.00526 22 900 9090 8552 1 0.166797 0.166797 4 
-3.62225 5 -0.580999 0.266234 -0.120837 -0.206095 4.03907 22 901 2036 2015 1 0 0 6 
-5 -1.58254 -2.05248 1.06902 -1.22223 1.06181 3.96361 22 903 8160 8159 1 0 0 2 
-4.87072 -4.6353 5 -0.0712047 -0.250538 -0.0756718 4.09324 22 905 8617 8602 1 0 0 2 
-3.9742 5 -2.19866 0.201086 -0.500488 -0.0774999 4.10167 22 908 3812 3810 1 0.544633 0.544633 22 
1.93195 5 -3.83452 0.322388 -0.216642 0.00315474 4.05788 22 909 1602 1 1 0 0 2 
-5 -0.465864 -4.8756 3.97447 -2.36486 3.20592 3.97026 22 910 32309 32195 1 0 0 1 
-5 2.18487 2.5835 0.708453 -0.506351 1.31405 3.94008 22 911 33047 29312 1 0 0 1 
-4.3992 5 -2.96374 0.29572 -0.399448 -0.11879 4.17282 22 912 23005 23004 1 0 0 2 
-5 0.563794 -2.26541 0.259315 -0.410413 -0.0912082 4.05381 22 913 4905 4904 1 0 0 4 
-4.23697 5 -2.2222 0.462528 -0.43769 0.040832 4.05951 22 917 18158 18156 1 0 0 4 
0.361175 -4.0925 -5 1.48652 -1.0978 2.31968 3.91631 22 918 2415 2414 1 0 0 1 
-5 1.27698 2.67433 0.395507 -0.318349 -0.0578588 4.10305 22 919 2595 2573 1 0 0 3 
2.63722 5 2.27151 0.399054 -0.30563 0.0920113 4.044 22 920 17717 17688 1 0 0 1 
-0.129888 5 0.202503 6.27275 -4.93346 2.60423 4.02091 22 921 5615 5612 1 0 0 3 
-2.93328 5 2.22029 1.59149 -1.11384 -0.474043 4.16588 22 926 40929 40927 1 0 0 1 
2.47829 3.97525 5 -0.0374828 -0.12107 -0.22945 4.03583 22 927 20508 20327 1 0 0 1 
-1.23048 -3.80121 -5 0.341729 -0.31119 0.217949 4.00009 22 928 36821 36797 1 0 0 2 
3.92772 5 0.0586742 0.200427 -0.181186 0.115259 4.0235 22 929 12842 12820 1 0.312968 0.312968 32 
2.40304 2.5133 -5 0.346033 -0.227567 0.0794175 4.01797 22 930 22968 22298 1 0 0 1 
-5 3.90784 1.66578 0.268807 -0.22799 -0.0401991 4.14257 22 933 4619 4603 1 0.0215831 0.0215831 3 
-5 2.31251 -0.253849 0.923524 -0.564561 0.735958 3.97901 22 934 29729 29683 1 0 0 1 
2.90028 5 4.14199 0.353664 -0.368054 0.0240391 4.09399 22 935 5586 5585 1 0 0 4 
-5 3.3555 -3.95333 0.437604 -0.356746 0.191004 3.99471 22 936 14193 13458 1 0.803146 0.803146 46 
-5 3.61805 2.92485 0.371972 -0.214203 -0.277261 4.24087 22 937 31896 31895 1 0.156304 0.156304 4 
4.23109 5 -4.20092 0.481768 -0.469544 0.786115 3.9293 22 938 25786 25514 1 0 0 1 
1.24272 5 -0.471774 0.24889 -0.24806 0.0149158 4.09091 22 939 34433 34319 1 0.351516 0.351516 16 
-5 3.65356 4.14555 0.303243 -0.22405 -0.315454 4.20769 22 940 9864 9863 1 0 0 1 
4.70857 5 -3.41225 0.332985 -0.676482 0.218557 4.0951 22 941 13012 12974 1 0 0 1 
-5 4.28502 1.25005 0.175814 0.0319351 0.206471 4.07574 22 942 45409 45023 1 0 0 1 
4.72205 -3.74434 -5 1.92397 -1.16776 3.85334 3.89677 22 943 1316 1 1 0 0 1 
-0.821462 5 -2.37176 0.564643 -0.541673 0.153663 4.01043 22 946 19652 19607 1 0 0 1 
-5 2.67768 -2.99827 0.127442 -0.211994 -0.00319729 3.98505 22 947 1903 1869 1 0.246993 0.246993 24 
-1.81214 5 1.39529 0.0417947 -0.226197 0.00780995 4.11797 22 948 4377 4350 1 0.229796 0.229796 21 
-2.69328 -5 -0.172255 -0.0755351 0.127989 0.0869082 4.08911 22 949 25414 19536 1 0.171892 0.171892 19 
-0.231076 4.17393 5 0.249818 -0.0811846 -0.153974 4.15688 22 950 12032 12030 1 0 0 2 
-5 4.16966 0.129461 1.0794 -0.918253 2.39514 3.91933 22 952 15902 15888 1 0 0 2 
-5 -0.293315 -1.2156 0.351816 -0.370586 0.00335781 4.08325 22 953 8819 8784 1 0 0 1 
-3.03129 2.58897 -5 0.714883 -0.64494 0.350732 3.99662 22 954 27574 27544 1 0 0 1 
0.453754 -0.68868 -5 2.75328 -2.14361 2.58534 3.94387 22 956 10188 9939 1 0 0 6 
-0.743114 -2.04757 -5 0.32971 -0.227556 0.466378 4.00562 22 957 12298 12148 1 0.174503 0.174503 2 
0.98176 2.78427 -5 -0.142432 -0.410309 0.370653 3.973 11 958 7576 7556 1 0.118357 0.118357 5 
-3.02552 5 1.92738 0.0282658 -0.49271 0.132506 3.98488 22 959 16880 16879 1 0 0 3 
-1.6536 5 3.43335 0.314939 -0.334975 -0.156337 4.22905 22 960 6183 6151 1 0.4853 0.4853 22 
0.305856 0.459804 -5 4.51745 -1.98448 6.31609 3.9396 22 962 19032 19000 1 2.24405 2.24405 4 
-5 -1.84183 2.70421 0.466329 -0.592436 -0.126067 4.09768 22 963 6293 6247 1 0.0207069 0.0207069 4 
-5 2.45763 4.55608 0.710895 -0.60241 0.325955 3.99927 22 964 24800 24702 1 0 0 3 
-5 0.0331494 2.62004 0.349399 -0.279218 0.144322 4.05229 22 965 5735 5734 1 0.169099 0.169099 3 
-3.98511 1.36989 -5 0.503298 -0.685219 0.967035 3.91551 22 966 44465 44432 1 0 0 2 
3.06988 5 -2.97802 0.396401 -0.312149 0.0506309 4.00451 22 967 11179 11163 1 0 0 2 
-2.08297 -5 -2.09872 0.136538 0.00646774 -0.196432 4.03969 22 968 33117 32852 1 0 0 1 
-3.43472 5 -2.06655 0.984599 -0.786768 -0.0788105 4.03922 22 969 2573 2572 1 0 0 2 
-5 4.7001 -0.289566 1.1146 -0.615235 -0.0990687 4.11108 22 970 15790 15713 1 0 0 2 
-4.11799 -0.436908 -5 0.178033 -0.224179 0.218384 3.94786 22 972 22100 22053 1 0.956813 0.956813 51 
-5 0.592184 -4.52023 0.23653 -0.431522 1.17935 3.91551 22 973 1060 1 1 0.284842 0.284842 28 
1.62554 5 -0.655078 2.51034 -0.909571 1.16656 4.02292 22 978 23965 23964 1 0 0 2 
1.46495 5 2.99996 0.287698 -0.166802 -0.0703519 4.11516 22 979 52051 51199 1 0 0 1 
-4.2914 -4.15998 5 0.308231 -0.123441 -0.877996 4.23615 22 981 4397 4396 1 0 0 3 
-5 2.71424 2.72641 0.533489 -0.224008 0.158288 4.00021 22 984 3043 2765 1 0 0 3 
1.51737 5 0.971027 0.171125 -0.242186 0.294245 4.02717 22 986 7859 7858 1 0 0 1 
-1.58485 5 -2.50492 0.355847 -0.230411 -0.285313 4.172 22 987 9268 9267 1 0 0 2 
-5 -4.88262 0.481863 0.331623 -0.330217 -0.00888526 4.06356 22 988 49676 49423 1 0 0 1 
-5 -3.57203 3.65271 5.63454 -4.32543 2.5496 4.0153 22 989 7919 7879 1 0 0 2 
-4.10503 -3.22018 5 0.333421 -0.242865 -0.207587 4.2436 22 990 13010 13009 1 0 0 1 
-0.600069 5 -1.69435 -0.103026 -0.470952 -0.101198 4.1388 22 991 9617 9615 1 0.101125 0.101125 2 
-5 1.59256 1.39355 0.359296 0.00600098 0.0670686 4.07607 22 992 28881 28880 1 0 0 2 
-5 2.06399 4.76243 0.243831 -0.0570292 -0.0609115 4.03091 22 993 18730 18698 1 0 0 2 
-5 2.86889 -3.62168 0.464538 -0.667707 0.401204 3.92841 22 994 15641 15640 1 0 0 4 
-3.23609 5 -4.30142 0.271468 -0.300349 -0.127185 4.138 22 995 28233 28189 1 0 0 2 
-5 2.20783 2.89819 1.67921 -1.27596 2.23009 3.95994 22 996 10411 10320 1 0 0 1 
1.84292 5 4.94663 -0.125551 -0.0950362 -0.0694782 4.19528 22 997 15950 15924 1 0.171749 0.171749 24 
2.93148 5 -2.32263 0.52907 -0.282888 -0.0561142 4.14608 22 998 7139 7138 1 0 0 1 
-5 4.30787 -2.28527 0.377536 -0.306475 -0.157035 4.2465 22 1000 38704 38703 1 0.310985 0.310985 3 
