# Det2_10_17
#x y z Px Py Pz t PDGid EventID TrackID ParentID Weight Edep VisibleEdep Ntracks
-1.91099 -1.94137 -5 -0.484011 1.65983 1.75339 3.95674 22 1 26399 26085 1 0 0 2 
5 3.92821 -0.716753 -0.102465 0.601462 0.513359 4.01053 22 2 9337 9280 1 0 0 1 
5 4.35933 3.39575 -1.00675 1.62032 0.0485164 4.0891 22 3 15678 15649 1 0 0 4 
4.36987 -5 1.46002 -0.925402 0.708116 0.73311 4.03971 22 4 20357 20304 1 0 0 2 
-3.98599 -1.01827 -5 -1.80191 2.99713 3.19651 3.97216 22 5 11568 11565 1 3.18946 3.18946 59 
5 -0.840678 0.553113 -1.44761 1.64817 0.426955 4.00542 22 6 3082 2910 1 0 0 3 
5 -1.31388 2.20445 -0.549308 0.70105 1.84282 3.94249 22 7 21600 21597 1 0 0 3 
4.49052 -5 3.80771 -0.169998 0.965223 0.790572 4.04496 22 8 27336 27216 1 0 0 1 
-1.26925 4.86658 -5 -2.12591 3.10896 4.65783 3.98233 22 9 6454 6453 1 4.43053 4.43053 8 
4.87087 -5 1.79154 -0.922261 1.65897 1.27576 4.01558 22 10 5356 5297 1 0 0 1 
3.22461 -5 -3.11953 -0.402072 0.628239 0.342306 4.01127 22 11 6651 6596 1 0.07732 0.07732 4 
5 3.09155 0.859866 -1.44504 1.22346 -0.787825 4.11747 22 13 8922 8897 1 0 0 1 
-4.01241 0.78784 5 -0.209872 0.366939 -0.287105 4.04512 22 14 1187 1186 1 0 0 3 
2.96835 -3.4147 -5 -0.438634 0.836217 0.259328 4.03038 22 17 19142 19092 1 0.451399 0.451399 3 
-2.47774 -5 1.5347 -0.265995 0.267037 0.0338239 4.05203 22 18 14503 14286 1 0 0 3 
5 -4.66823 -1.24902 -0.180334 0.328825 0.0111189 4.06981 22 19 4183 4121 1 0.0223876 0.0223876 3 
5 -1.15595 0.130406 -0.271316 0.399208 -0.167751 4.17906 22 23 15974 15973 1 0 0 2 
-0.700311 0.804564 -5 -0.395531 0.24752 0.156749 4.00567 22 24 31805 31804 1 0 0 2 
2.35949 -1.19719 -5 -0.343267 0.657124 1.02699 3.93972 22 25 27418 27212 1 0 0 2 
5 4.66184 -1.83143 -0.18008 0.321987 0.353575 4.01006 22 26 45608 45607 1 0 0 2 
1.83965 -5 -1.42427 -0.283852 0.419344 0.278678 4.00671 22 29 17129 17032 1 0 0 4 
-1.2276 -0.476566 -5 -0.113729 0.159483 0.327107 3.97193 22 30 19137 18943 1 0 0 2 
3.84515 -3.57928 -5 -0.265165 0.214109 0.380743 4.05185 22 31 16544 16520 1 0.510792 0.510792 18 
5 -0.880008 4.27889 -1.55537 3.68633 3.55019 3.98873 22 32 7428 7399 1 0 0 3 
1.61499 -5 4.68321 -0.274996 0.330861 -0.133973 4.08025 22 33 19775 19773 1 0 0 2 
-2.39197 4.5024 -5 -1.4287 1.59314 1.603 3.96051 22 34 41702 41516 1 0 0 2 
4.53047 -5 0.517911 -0.286816 0.835006 -0.310299 4.07331 22 35 2541 2513 1 0.13151 0.13151 3 
5 1.95357 2.26568 -0.291836 0.413235 -0.0720321 4.11009 22 36 29096 29095 1 0 0 1 
-0.0973138 -5 2.70303 -0.1633 0.412351 0.253811 4.0203 22 37 17221 17220 1 0 0 1 
5 3.27585 -3.16233 -0.267544 0.331995 -0.209984 4.06013 22 38 18244 18047 1 0 0 3 
4.94356 -5 -2.46662 -0.717776 1.38151 -1.17699 4.22693 22 39 13769 13745 1 0 0 2 
2.01603 -5 1.95923 -0.106456 0.436283 0.273806 3.98566 22 40 17330 17322 1 0.115282 0.115282 27 
2.52658 -0.508973 -5 -3.74775 5.30196 12.1185 3.93241 22 42 7921 7732 1 0 0 2 
5 4.82548 4.05615 -0.139967 0.326929 0.116279 4.07874 22 44 18832 18806 1 0 0 1 
-3.18159 -1.6646 5 -0.292349 0.423151 -0.257513 4.22053 22 46 25878 25823 1 0 0 3 
0.602018 -5 1.43133 -0.497095 0.379848 0.198081 4.03425 22 47 37448 37050 1 0 0 1 
5 -0.191333 2.70915 -0.87715 1.1223 -0.253663 4.12263 22 48 38255 38228 1 0 0 1 
-0.074807 -5 -2.89914 -0.126778 0.3437 0.000488008 4.08068 22 49 35546 35338 1 0 0 1 
3.49443 -5 -4.63278 -2.63021 1.92581 1.3242 4.01421 22 50 35604 35602 1 0 0 2 
2.10907 -5 -0.362242 -3.92336 7.25524 6.92087 3.98126 22 51 2719 2718 1 0.414229 0.414229 5 
-0.370778 1.5675 -5 -0.0364941 0.0883915 0.501971 3.98932 22 52 18750 18749 1 0 0 1 
0.804266 -5 2.41209 -0.154755 0.419112 -0.175335 4.13988 22 53 9005 9004 1 0 0 1 
-0.795591 -4.10459 5 -0.235212 0.257232 -0.102165 4.19674 22 54 37107 37055 1 0.201523 0.201523 4 
3.99766 -5 1.1797 -0.360769 0.40339 0.259017 4.0603 22 55 24517 24218 1 0.15088 0.15088 2 
2.91661 0.232353 -5 -0.442489 0.272742 0.141632 4.02955 22 57 40401 40215 1 0.204051 0.204051 17 
2.93097 -5 1.78375 -1.04853 2.18284 1.12303 4.04828 22 58 17611 17578 1 0 0 1 
0.0647001 -5 3.92037 -0.907893 1.81258 5.01611 3.94274 22 60 24988 24834 1 0.207726 0.207726 27 
-4.80143 -5 -3.31685 -0.323938 0.159767 0.403587 3.96765 22 61 4296 4188 1 0 0 2 
5 4.61185 0.0592647 -0.454697 0.381299 0.269711 4.01223 22 64 1236 1206 1 0 0 1 
-0.447069 -1.28557 -5 -0.197293 0.217175 0.122978 4.01874 22 65 4069 1 1 0 0 1 
5 2.4057 -1.91455 -0.220051 0.150349 0.0647 4.09195 22 66 22546 22463 1 0.00267238 0.00267238 4 
-3.78202 1.03166 -5 -0.417888 0.81824 0.425394 4.01223 22 67 10973 10747 1 0 0 1 
5 0.196505 0.508521 -0.23147 0.359856 0.468089 3.97112 22 68 21483 21440 1 0.213419 0.213419 3 
5 2.52522 4.70111 -1.03607 1.21893 0.428593 4.07774 22 69 13857 13730 1 0 0 2 
5 -4.36846 -4.11406 -0.209121 0.306106 0.70838 3.93052 22 70 4486 1 1 0 0 1 
1.45663 -4.44966 -5 -0.0919311 -0.110745 0.170587 4.01629 22 72 9196 9089 1 0.356203 0.356203 27 
3.17739 -5 1.18048 -0.367117 0.959598 -0.626618 4.19818 22 74 7092 7091 1 0 0 1 
5 3.61 -4.12508 -0.245232 0.384238 -0.156713 4.15598 22 76 62078 62045 1 0.460671 0.460671 34 
-3.45866 -5 2.25753 -0.324486 0.378556 0.111911 4.01152 22 77 19925 19904 1 0.22152 0.22152 20 
-4.05804 -5 0.362925 -0.747527 0.386707 -0.0859132 4.11454 22 79 7533 7488 1 0 0 2 
5 3.79102 0.517351 -0.200305 0.40996 0.230067 4.02815 22 81 3699 3698 1 0 0 1 
2.39019 -5 1.55332 -0.464397 0.744727 0.175146 4.00418 22 82 36822 36760 1 0 0 2 
-1.13753 -1.97384 -5 0.31419 1.09962 0.871968 4.02743 22 84 2841 2840 1 0.419655 0.419655 3 
1.86692 -3.82751 -5 -0.125648 0.281585 0.407483 3.95751 22 86 19809 19795 1 0 0 3 
-2.17854 -1.94783 5 -0.19065 0.744253 -0.266809 5.09358 22 87 2118 2056 1 0.267205 0.267205 26 
-3.39907 -2.75283 -5 -0.40663 0.569577 0.325048 4.03712 22 88 4576 4515 1 0 0 1 
5 4.67091 -0.67102 -0.377797 0.287758 -0.0496189 4.1602 22 90 1157 1125 1 0 0 3 
-2.25051 -5 -2.8601 -0.762098 0.79622 -0.345281 4.21431 22 91 36241 36240 1 0 0 1 
-2.63368 -5 -1.07899 -0.0325842 0.265314 -0.0658129 4.17789 22 93 35463 35462 1 0.520745 0.520745 16 
0.820396 2.39745 -5 -0.445035 0.380904 0.407182 3.93272 22 94 1124 1106 1 0 0 3 
3.35098 -3.33207 -5 -0.349224 -0.116531 0.304 3.96653 22 97 48837 48612 1 0 0 1 
0.74781 0.410562 -5 -0.62389 2.35828 3.29435 3.94829 22 98 23116 22925 1 0 0 3 
-0.688115 -5 1.74533 -0.332084 0.385042 -0.0508198 4.02867 22 100 31455 31454 1 0 0 1 
-3.58772 -2.74466 5 -0.0215506 -0.118228 -0.0901412 4.06974 22 103 15605 15373 1 0.0338541 0.0338541 2 
2.5667 -5 -3.01617 0.115999 0.26193 0.164859 4.07612 22 104 2943 2941 1 0 0 2 
-5 3.55607 2.96356 0.182698 0.109719 -0.106468 4.26171 22 106 5509 5508 1 0 0 2 
4.64799 -5 2.95354 -0.0947645 0.3973 -0.160694 4.09506 22 108 32256 32255 1 0 0 1 
4.02739 -4.95828 -5 -0.51691 0.877646 0.93027 3.96402 22 109 17702 17575 1 0.184284 0.184284 4 
1.61856 -5 3.04881 -1.43491 3.1035 -1.46916 4.1984 22 110 39144 38992 1 0 0 1 
-4.20175 -3.18135 -5 -0.49904 0.881527 2.4534 3.92477 22 112 22672 22641 1 0 0 4 
5 -0.00373008 -3.79571 -0.507011 0.540379 -0.10662 4.00471 22 113 5810 5766 1 0 0 3 
-2.80562 -4.42377 5 -0.0189929 0.236643 -0.84875 4.0879 22 114 3021 2986 1 0.652599 0.652599 3 
-4.34148 -5 3.4298 -0.162583 0.294649 -0.134671 4.16033 22 116 6754 6736 1 0 0 2 
4.50159 1.30884 -5 -1.18444 1.58231 2.21294 3.97733 22 117 31523 31419 1 0 0 1 
-4.50753 -5 -2.89396 -0.288661 0.308482 0.140597 4.02075 22 118 33908 33585 1 0.0334678 0.0334678 13 
-4.14421 -5 -0.330256 -0.287825 0.333985 0.258323 4.04953 22 119 35898 35871 1 0.271913 0.271913 3 
-2.96852 -5 -1.41883 -0.259858 0.269949 -0.0301218 4.04773 22 121 11029 10831 1 0 0 4 
5 -0.196035 4.90404 -0.609924 0.884972 0.532757 4.09475 22 122 26379 26297 1 0 0 1 
-1.82068 -5 3.78661 -0.0735922 0.391288 0.0741667 4.06574 22 123 5138 5120 1 0 0 1 
-2.22446 -5 -2.36946 -0.22643 0.372884 0.0505303 4.1818 22 124 35514 35513 1 0 0 1 
2.23711 -4.51925 5 -0.318256 0.187298 -0.353203 4.10957 22 125 17248 17247 1 0.153315 0.153315 3 
1.95651 -5 -3.47765 -0.379781 0.460576 -0.256977 4.12775 22 126 51331 51278 1 0 0 2 
-5 -3.32786 1.58776 0.143236 0.0594737 -0.109495 3.98404 22 128 54590 54589 1 0.189358 0.189358 29 
0.351066 -5 0.965579 -0.281303 0.300914 0.302389 4.02644 22 129 6281 6280 1 0 0 3 
5 1.65515 0.0886134 -0.60004 -0.109386 0.17382 4.00191 22 131 10390 10265 1 0 0 2 
-0.28909 -2.77318 -5 -0.164347 0.482655 0.0339776 4.07011 22 132 33770 33768 1 0 0 2 
3.1343 -5 -4.44663 -0.400191 0.745688 -0.584557 4.00885 11 133 7209 7172 1 0.0559983 0.0559983 2 
4.83047 -5 1.75171 -0.180878 0.346829 -0.253667 4.19765 22 134 8739 8709 1 0.368752 0.368752 29 
5 -4.48605 -2.06276 -0.20768 0.254381 0.361939 3.96583 22 135 34687 34686 1 0 0 2 
1.1979 -5 -4.41318 -0.577385 0.958742 0.0524126 5.04089 22 136 18205 18203 1 0 0 1 
1.23481 -5 -0.640992 -0.385511 0.464096 0.302982 3.97317 22 137 1553 1 1 0.258317 0.258317 35 
1.37084 -5 4.00957 -0.235772 0.393456 0.273623 4.02166 22 138 2298 1820 1 0.240972 0.240972 22 
0.0907582 -0.674877 -5 -0.402203 0.527452 0.998873 3.93791 22 139 49999 49969 1 0 0 1 
-1.38374 2.55494 -5 -0.034027 0.368241 0.133633 4.08043 22 140 8110 8058 1 0 0 4 
-1.55708 -5 -3.31673 -0.287421 0.60681 0.0758911 4.04874 22 143 49513 49411 1 0 0 1 
-5 -4.86344 -3.58421 0.214904 0.163155 0.242852 4.13296 22 144 7666 7638 1 0.36264 0.36264 27 
1.34965 -5 -3.70978 -0.648124 0.88092 0.73089 3.9606 22 145 2374 2352 1 0 0 2 
-1.52388 -5 -2.54026 0.0162805 0.368267 0.0351103 3.98129 22 146 31993 31992 1 0.109722 0.109722 3 
-2.85048 -5 3.13801 -0.523131 1.07138 0.249867 4.08545 22 148 28615 28562 1 0 0 2 
1.70124 -5 -2.77253 -0.70842 0.460495 0.745953 3.96826 22 150 5266 4860 1 0 0 2 
-2.18652 -5 3.76664 -1.06892 1.67613 3.47524 3.96827 22 153 2821 2253 1 0 0 3 
5 0.536033 1.64411 -0.561337 0.94674 -0.146895 4.10956 22 154 25918 25917 1 0 0 2 
-3.72109 -5 -2.85348 -0.387835 0.262353 -0.0392597 4.20005 22 155 5023 4986 1 0 0 2 
0.228666 -5 -0.537483 -0.313455 0.40136 0.0421458 4.05824 22 156 15194 15166 1 0.283728 0.283728 6 
-4.64018 -4.71647 -5 -0.339263 0.263927 0.961439 3.9853 22 157 22431 22313 1 0 0 5 
5 -1.14774 -4.85911 -0.291935 0.38147 0.174284 4.02494 22 158 19651 19632 1 0.192791 0.192791 37 
4.25416 -5 1.14302 -0.266353 0.974072 1.25708 3.95745 22 159 12220 12028 1 0 0 4 
5 -1.53536 -1.95289 -0.210824 0.220101 0.0947128 4.19258 22 160 19640 19639 1 0.050284 0.050284 2 
3.57169 0.824226 -5 -0.0562871 0.446832 0.336577 3.99845 22 162 19560 19443 1 0.561325 0.561325 59 
-2.778 -5 3.61959 -0.791461 3.13734 -0.50072 4.07395 22 164 22451 22419 1 1.42404 1.42404 4 
5 -3.13179 -3.08812 -5.75971 7.19464 13.5846 3.9596 22 165 47440 47406 1 0.254435 0.254435 32 
0.281187 -5 -3.20819 -0.275372 0.404134 0.14821 4.01352 22 168 5732 5711 1 0.337758 0.337758 3 
5 -4.97959 -1.03404 -0.525414 0.784502 0.160033 4.12794 22 169 6741 6740 1 0 0 1 
5 2.75588 2.35614 -0.142886 0.286256 -0.130203 4.20014 22 170 6939 6922 1 0 0 2 
4.65073 -5 4.92669 -0.125865 0.851674 1.29925 4.00403 22 171 3134 3082 1 0 0 2 
-0.292309 -4.86352 -5 -0.538287 1.05005 2.33715 3.92095 22 172 35416 34976 1 0 0 2 
5 -4.27594 4.02037 -1.17549 0.461391 -0.0773358 4.04516 22 173 26684 26673 1 0 0 2 
5 0.179826 3.54816 -1.11003 -0.0538914 -0.205461 4.02451 22 174 31454 31414 1 0 0 2 
4.16622 -3.50099 -5 -0.224578 0.235043 0.17187 4.0666 22 175 1005 1002 1 0 0 4 
-1.72573 -5 -2.69018 -0.251565 0.394712 0.53428 3.96167 22 179 19764 18538 1 0 0 1 
5 3.64111 -4.80932 -0.546759 0.878743 1.28553 3.95668 22 180 20313 20200 1 0 0 2 
2.08523 -5 3.3318 -0.408384 0.185324 0.0114273 4.07678 22 181 39667 39553 1 0 0 1 
5 0.616254 -0.724584 -0.427091 0.859612 1.2274 3.97581 22 182 12087 11765 1 0 0 1 
-5 4.90922 0.360717 0.156407 0.31487 0.370828 3.98121 22 183 2947 2945 1 2.12259 2.12259 54 
5 -1.36115 -0.417764 -0.376989 0.700207 0.46259 4.00186 22 184 25049 19207 1 0 0 1 
2.84299 -5 1.85683 -0.915893 1.13693 1.53744 3.97699 22 185 4354 4303 1 0 0 3 
5 -3.96648 3.61258 -0.234311 0.0648 0.2405 4.02973 22 186 20130 19966 1 0 0 3 
-1.84379 -4.35036 -5 -0.22664 0.381702 0.253096 4.0541 22 187 29845 29844 1 0.338298 0.338298 4 
-1.09861 -5 -4.75279 -0.261851 0.340522 0.0743546 4.019 22 188 31569 31496 1 0 0 1 
5 0.419951 -1.60519 -0.428986 0.65866 -0.541525 4.19873 22 191 7774 7773 1 0 0 1 
-5 0.534022 -0.454535 0.115762 -0.172715 -0.0163011 4.05023 22 192 19211 19078 1 0.0531128 0.0531128 2 
-5 -3.80405 -1.1132 0.208773 -0.0455324 0.135954 4.03563 22 193 43845 43844 1 0.046713 0.046713 2 
3.92372 -5 -3.35626 -0.757235 1.31357 -0.00344259 4.06326 22 194 21541 21483 1 0 0 1 
2.35889 0.773937 5 -0.151518 0.12257 -0.150834 4.16958 22 195 3149 3008 1 0.24624 0.24624 15 
5 4.31334 2.1577 -0.481642 0.44418 0.862452 4.03663 22 196 15976 15940 1 0 0 2 
-4.54964 -5 3.98806 -0.3056 0.369694 -0.169379 4.35225 22 197 18584 18557 1 0 0 2 
1.83743 3.84931 5 -0.640061 1.00441 -0.751599 4.18618 22 198 52910 52856 1 0 0 1 
1.86643 -5 -0.764901 -0.963137 1.10131 1.14632 3.97981 22 202 22232 21996 1 0 0 4 
-0.901511 1.56358 -5 -0.322182 0.935391 0.875783 3.96385 22 203 2255 2113 1 0 0 2 
3.10829 -0.589009 5 -0.22848 0.237161 -0.229561 4.12767 22 205 42705 42679 1 0 0 1 
5 4.04831 1.59807 -0.281671 -0.021883 0.0158096 4.23401 22 206 15783 15756 1 0.0669407 0.0669407 3 
-2.66366 -3.36501 -5 -0.17553 0.311476 0.942592 3.93426 22 207 3603 3571 1 0 0 3 
2.37796 -5 -1.67636 -0.137918 0.460656 1.22955 3.94422 22 210 35308 35182 1 0 0 1 
5 0.0373401 -0.0424085 -0.0496001 0.478321 -0.172826 4.2385 22 212 7896 7894 1 0 0 6 
0.98038 -5 -1.17725 -0.260204 0.458411 0.229407 4.02026 22 213 26376 26309 1 0 0 1 
2.07613 -5 -0.262508 -0.220026 0.404277 -0.21794 4.12635 22 214 2669 2668 1 0 0 3 
-5 0.925359 3.64385 0.205095 0.179682 -0.0286075 4.07356 22 215 3239 3213 1 0.273669 0.273669 32 
5 4.36935 4.00485 -0.23294 0.879109 0.523113 3.99314 22 218 7521 7423 1 0 0 2 
-2.07599 1.60244 5 -0.173746 0.43826 -0.197131 4.23016 22 219 24443 24440 1 0 0 2 
5 0.708524 -3.43376 -0.518832 0.463185 -0.115783 3.96589 22 221 33009 32838 1 0 0 2 
3.46338 -5 -3.69338 -1.81482 2.17727 1.72039 3.97398 22 222 14251 14250 1 2.29369 2.29369 6 
-5 -0.799202 -1.8187 0.287173 -0.0128956 0.0779946 4.11063 22 223 28710 28564 1 0.18242 0.18242 12 
5 -4.71593 0.338984 -0.133185 0.258062 0.516287 3.94046 22 224 40259 40121 1 0 0 3 
5 -1.27255 0.976291 -0.153356 0.62241 0.603323 3.98195 22 225 9882 9767 1 0 0 2 
2.33493 -5 4.07851 -0.223546 0.438381 -0.13773 4.05272 22 226 39553 39552 1 0 0 2 
-1.26836 4.3397 5 -0.313479 0.483353 -0.208817 4.26177 22 229 19304 19303 1 0 0 2 
0.0604561 -5 0.16298 0.0402022 0.229155 0.201068 4.01024 22 230 4729 4554 1 0 0 3 
-0.872996 -2.82455 -5 -0.427593 0.731103 1.22175 3.94397 22 232 15355 15297 1 0.500098 0.500098 46 
-4.5785 0.393392 5 -0.222607 0.0841219 -0.143935 4.16422 22 233 17063 16093 1 0 0 2 
-0.563633 -1.46035 -5 -0.335017 0.539221 0.670001 3.9593 22 236 16994 16785 1 0.293551 0.293551 19 
2.9469 -5 -4.13832 -0.185094 0.407291 0.0411853 4.07326 22 237 12050 12018 1 0.265396 0.265396 4 
-0.512609 -4.79923 -5 0.100827 0.0313239 0.17541 3.99131 22 238 1061 1 1 0.204242 0.204242 28 
5 0.646315 -1.0573 -0.567409 2.15793 -0.773171 4.14413 22 239 7073 7054 1 0 0 3 
5 2.1112 4.19831 -0.06234 0.0941415 0.290762 4.06274 22 240 30004 29840 1 0 0 2 
-3.01652 -5 1.60411 -0.15838 0.509557 0.239559 3.97384 22 241 18607 18392 1 0 0 1 
1.09881 -2.70528 5 -0.344968 0.206627 -0.14873 4.07975 22 242 37878 37810 1 0.428306 0.428306 26 
5 1.4327 3.978 -0.166842 0.407517 0.283106 4.02339 22 244 14257 14079 1 0.371296 0.371296 3 
-1.60765 3.22732 -5 -0.514895 0.38863 0.623308 3.97291 22 245 2057 2056 1 0.650834 0.650834 5 
1.95607 2.28766 -5 0.0155023 0.0199944 0.267144 8.35886 22 246 28313 28311 1 0.268006 0.268006 26 
0.631822 -5 3.94044 0.107267 0.269018 0.0172937 4.03657 22 247 9165 9050 1 0 0 1 
2.34064 -1.12828 -5 -0.510519 0.996015 1.66903 3.94382 22 249 36002 35727 1 0 0 2 
-4.64724 -5 -2.35228 0.0174035 0.339973 -0.0450182 4.16495 22 250 16188 16187 1 0 0 1 
4.09111 3.66072 5 -0.106793 0.44613 -0.225129 4.19293 22 251 6334 6332 1 0 0 4 
4.1118 -5 1.334 0.0706994 0.310634 -0.399535 3.99395 22 252 26132 26109 1 0.426211 0.426211 2 
5 -1.40359 1.72383 -0.747593 1.00512 0.736819 4.02809 22 254 34928 34912 1 0 0 1 
-2.13617 -5 -0.500082 -0.271709 0.681735 0.248423 4.04705 22 255 8266 8220 1 0 0 1 
5 1.41356 -2.66845 -0.244255 0.174188 -0.148856 4.12166 22 256 12128 12091 1 0 0 2 
5 3.43682 -0.0664085 -0.124374 0.392319 -0.195844 3.99711 22 259 28538 28537 1 0 0 2 
-1.23572 -5 -3.90667 -0.149704 0.354981 -0.231307 4.08732 22 260 4485 4426 1 0 0 1 
-3.98641 -5 -1.89904 0.236103 0.585295 -0.00427197 4.0663 22 261 6538 6519 1 0 0 3 
-2.33862 -5 -0.255091 -0.208001 1.13762 0.780669 3.96227 22 262 20109 19913 1 0.359783 0.359783 3 
-0.713171 -5 -0.00149507 -0.284885 0.206197 0.206804 3.99693 22 263 6261 6191 1 0.301862 0.301862 4 
1.61604 4.03119 -5 -0.321201 0.393292 0.378888 3.98583 22 264 18562 18482 1 0 0 2 
-5 0.905429 -0.697057 0.215139 -0.0902298 0.0393095 4.01768 22 266 37381 37287 1 0.236012 0.236012 35 
2.55277 -5 2.55517 -0.934983 1.56658 1.73284 3.97388 22 267 9494 9435 1 0 0 2 
3.17733 -4.67879 -5 -0.255988 0.347048 0.229494 3.95773 22 268 9588 9177 1 1.69457 1.69457 35 
-3.58806 -5 3.6907 -0.466919 1.28774 1.88346 3.96999 22 270 13558 13507 1 0 0 3 
2.36597 -4.02321 -5 -0.851029 0.963814 0.271977 4.02345 22 272 29843 29842 1 0 0 2 
1.48116 -5 -0.93674 -0.431435 0.465691 0.385426 3.9705 22 273 12300 12220 1 0 0 4 
-4.24209 -5 -1.7092 -2.20637 3.27671 0.0486724 4.15392 22 274 31572 31571 1 0 0 1 
3.44975 1.63248 5 -0.2781 0.0547692 -0.149999 4.15638 22 275 24194 24192 1 0.320194 0.320194 36 
-0.684238 -5 1.17287 -0.052107 0.473056 0.223522 4.0101 22 277 12603 11894 1 0 0 1 
5 -1.3322 -1.61708 -0.11266 -0.092283 -0.129578 4.01809 22 279 39629 39627 1 0 0 1 
1.50205 -5 -4.97293 -0.171104 0.403627 0.262542 3.99055 22 280 4834 4816 1 0.121204 0.121204 5 
1.19557 -5 -3.73102 -0.31865 0.776391 -0.38995 4.06056 22 281 17069 17068 1 0 0 2 
-3.16845 -5 4.59072 -0.248908 5.2404 -2.31663 4.11041 22 282 50605 50604 1 0 0 4 
-4.58742 4.3123 -5 -0.870678 1.51108 1.17606 4.00548 22 284 23978 23830 1 0.0742338 0.0742338 5 
-0.348131 -5 1.66377 -0.380276 0.535651 0.18306 4.02884 22 285 53014 53013 1 0 0 1 
0.101546 -5 1.83513 -0.0427098 0.47986 -0.170383 4.17755 22 286 33333 33330 1 0.196311 0.196311 2 
-1.33754 -5 3.07416 -0.0901114 0.344957 -0.0751124 4.16973 22 287 13600 13545 1 0.20926 0.20926 16 
5 -0.460545 4.13098 -0.166567 0.273682 -0.154237 4.15809 22 289 10658 10534 1 0.211938 0.211938 28 
-1.74488 -5 -3.54059 -0.423388 0.744234 1.08984 3.95798 22 291 3591 1 1 0.606869 0.606869 4 
5 2.54756 -4.20107 -1.17716 1.94583 1.87905 3.98585 22 292 8272 8271 1 0 0 2 
-1.42388 -5 3.75779 -1.25027 1.66997 0.205618 4.10248 22 293 7640 7616 1 0 0 1 
-0.216632 -5 2.14648 0.0618053 0.115269 0.291724 4.01967 22 294 4955 4931 1 0 0 2 
-0.637171 -5 -4.29193 -1.06062 1.54674 1.75139 3.96554 22 295 5316 5165 1 0 0 4 
5 -2.1022 -1.68955 -2.5381 5.63894 2.42972 4.00869 22 296 6068 5988 1 0 0 3 
0.727059 -2.38202 -5 -1.3087 1.537 2.08669 3.97161 22 298 38023 37947 1 0 0 2 
0.574709 -0.406745 -5 -0.00781165 0.448659 0.482333 3.99004 22 299 5977 5871 1 0 0 4 
2.65752 3.33559 -5 -0.052414 0.141907 0.359821 4.03542 22 301 4375 4374 1 0.0722054 0.0722054 2 
5 -4.05848 0.494368 -0.396248 0.332833 0.373069 4.06603 22 302 14517 14502 1 0.161976 0.161976 4 
0.300498 -5 -0.77476 -1.69072 1.73264 3.36345 3.95888 22 303 17238 16955 1 0 0 2 
3.58888 2.72904 -5 -0.178616 0.405858 0.253959 4.02525 22 305 12838 12837 1 0 0 2 
3.91175 4.07839 5 -0.00796532 -0.0118707 -0.119832 4.1452 22 307 37628 37583 1 0.0268051 0.0268051 3 
5 0.723501 -1.3885 -0.0803304 0.393261 0.134936 4.06266 22 309 7211 7183 1 0 0 1 
2.15403 -5 -0.975584 -0.228933 0.340478 0.0407724 4.10949 22 311 4078 4077 1 0 0 2 
0.225697 -5 4.80486 -0.388438 0.701168 0.460849 4.04502 22 312 24718 24686 1 0 0 2 
1.6234 -5 3.72379 -1.80354 1.47138 0.534893 4.07979 22 313 2959 2830 1 0 0 1 
-2.98797 -5 -0.455724 -0.213624 0.300458 -0.07347 4.21155 22 314 3081 3077 1 0 0 3 
0.577713 -5 -2.38065 -0.390686 0.51322 0.413995 3.99273 22 315 6841 6104 1 0 0 3 
5 3.23173 -2.11508 -1.28634 1.80903 2.05682 3.98099 22 316 22654 22594 1 0 0 2 
-5 -0.405144 -1.80176 0.149571 0.205741 -0.194688 4.22067 22 317 6601 6571 1 0.347873 0.347873 15 
4.33783 -5 4.59199 -0.359963 0.344145 -0.114503 3.99112 22 320 9420 9419 1 0.145626 0.145626 24 
5 -3.73813 3.88223 -0.285335 0.405268 0.837262 3.97092 22 322 8350 8290 1 0 0 2 
-4.5981 -5 -1.08617 0.30881 0.427964 0.0527652 3.98509 22 323 1130 1 1 0.385582 0.385582 33 
4.5633 -5 3.87933 -0.530816 1.39533 2.21011 3.96958 22 324 9555 9545 1 0 0 1 
3.88828 -5 1.31487 -0.215824 0.98811 1.09378 3.9774 22 325 3929 3880 1 0.361705 0.361705 21 
1.50788 -5 3.22235 -0.200891 0.527038 0.109533 4.06119 22 327 59844 59827 1 0 0 1 
-3.13795 -2.83807 -5 0.246238 -0.121349 0.216376 4.01024 22 328 17668 17606 1 1.1699 1.1699 3 
3.76735 1.84338 -5 -1.24971 2.03955 2.85979 3.96389 22 329 11152 11084 1 0 0 2 
5 4.1496 -1.91924 -0.294583 0.287294 -0.243235 4.13552 22 331 19570 19475 1 0 0 1 
-0.854934 -5 -1.50031 -1.6169 1.68618 -0.780757 4.04194 22 332 11357 11335 1 0 0 2 
-2.63584 -5 0.953488 -0.134184 0.224534 0.326744 3.95894 22 333 39961 39772 1 0 0 1 
-0.255182 -5 1.82599 -0.71294 1.19915 2.78129 3.9492 22 334 60267 60197 1 0 0 1 
1.67034 -5 4.60475 -0.300392 0.365483 -0.193149 4.20182 22 336 11316 11315 1 0 0 1 
4.96293 -5 -2.39208 -0.0358278 0.185028 -0.0614837 4.07747 22 337 23471 23401 1 0.197867 0.197867 26 
-2.70814 -5 -2.50653 -0.7895 0.951856 -0.565262 4.14279 22 338 5281 5233 1 0.869523 0.869523 40 
-3.31861 -5 4.21092 -0.26101 0.553089 0.157467 4.04291 22 340 7361 7272 1 0 0 4 
-4.05358 -5 -3.40384 -0.537644 0.904362 -0.149383 4.13052 22 341 24151 24116 1 0 0 1 
1.59728 -5 3.99318 -0.139033 0.407507 -0.275188 4.1703 22 342 5988 5987 1 0 0 3 
-4.07265 3.6236 -5 -0.345582 0.274238 0.256984 4.12661 22 344 49196 49168 1 0 0 1 
-3.8651 3.42452 -5 -0.32791 0.461856 0.81358 3.95859 22 345 1938 1 1 0 0 2 
-2.02766 -5 0.572625 0.0429864 0.0648946 -0.171774 4.08258 22 348 28709 28579 1 0 0 1 
5 -3.43464 0.324435 -0.313177 0.316521 0.250709 4.02928 22 349 16322 16302 1 0 0 2 
-3.95002 1.30784 -5 -0.323829 0.443786 0.163487 4.02386 22 351 5505 5298 1 0.487206 0.487206 32 
-3.03363 -5 2.65345 -0.269944 0.431475 0.0456066 4.19725 22 352 4916 4883 1 0 0 1 
3.04257 -5 0.222373 -0.215451 0.503913 -0.128256 4.1807 22 353 16686 16590 1 0 0 1 
-2.94087 -5 -0.316254 0.0206442 0.221402 -0.286951 4.21866 22 354 1733 1 1 0 0 3 
-3.4012 -5 -0.371425 -0.123948 0.136741 -0.182129 4.04305 22 355 9303 9265 1 0.225583 0.225583 8 
1.84274 -0.0193751 -5 -0.297279 0.429279 0.194316 4.00361 22 358 29965 29940 1 0 0 1 
5 -2.88391 -3.44043 -0.179926 0.372798 0.29824 3.98687 22 362 24672 24671 1 0 0 1 
3.69675 4.85035 -5 -0.269751 0.208874 0.161601 4.16286 22 363 5792 5791 1 0 0 4 
-3.30148 -5 -3.39292 -0.302157 0.398879 0.366861 3.96465 22 364 17489 17318 1 0.44151 0.44151 17 
-4.11086 -5 2.62027 -0.571417 0.566191 -0.100164 4.12617 22 366 1104 1046 1 0.549406 0.549406 5 
5 3.45522 -0.0770893 -0.193895 0.242427 -0.236828 4.13667 22 367 15574 15485 1 0.20377 0.20377 4 
5 -0.796201 -2.75273 -0.35842 0.697189 0.736629 3.97535 22 369 33983 33730 1 0 0 1 
-3.90869 -5 -3.50396 0.327904 0.112373 -0.375461 4.09331 22 371 25648 25646 1 0 0 1 
4.53523 -5 -1.9134 0.0568472 0.41364 -0.294602 4.20773 22 373 35258 35256 1 0 0 2 
5 -1.32288 1.32786 -0.368689 0.317416 -0.15632 4.22124 22 375 1580 1550 1 0 0 2 
5 -0.805162 2.54701 -0.182624 0.553434 0.116076 3.98686 22 376 19700 19407 1 0 0 5 
-2.53188 -5 2.75814 -0.172918 0.317878 0.360795 3.97059 22 378 17757 17756 1 0 0 3 
-4.01431 -5 2.74629 -0.412134 1.02839 -0.274273 4.15443 22 379 20563 20467 1 0 0 2 
-2.37648 -4.87627 -5 -0.365047 0.139869 0.21047 4.00931 22 381 9454 9425 1 0.395229 0.395229 30 
5 1.94656 0.422194 -0.131767 0.382516 -0.0044117 4.16758 22 382 4285 4284 1 0.396442 0.396442 33 
5 -4.7312 -2.14825 -1.80312 4.28806 0.501051 4.04922 22 383 18362 18317 1 0 0 3 
-2.00516 -2.98612 -5 -0.134607 0.199681 0.45676 3.92991 22 384 23848 23763 1 0.159409 0.159409 2 
-4.90075 3.00792 -5 -0.0572347 -0.0199477 0.248331 4.06567 22 385 3316 3060 1 0 0 2 
-2.98945 -5 -4.45411 -0.414233 0.586461 0.0858372 3.99875 22 388 10085 9984 1 0 0 3 
-4.96435 -5 2.07052 -0.260522 0.361913 -0.0525337 4.22409 22 389 3557 3555 1 0 0 5 
-3.62798 -5 -0.606225 -0.12583 0.360014 -0.659257 4.20313 22 391 18960 18955 1 0 0 2 
4.74762 -5 -3.85663 -0.528144 1.58598 0.569235 3.98423 22 393 37695 37672 1 0 0 2 
-4.0299 -5 0.46395 -2.18386 3.30449 6.46245 3.96084 22 394 10469 10372 1 0 0 2 
-3.90055 -5 2.44512 -0.648519 1.52274 0.731757 4.01142 22 395 27367 27301 1 0 0 3 
1.1524 4.24266 -5 -0.534521 0.631979 0.344198 4.04336 22 396 1460 1459 1 0 0 3 
-1.15101 -3.18558 5 -0.255908 0.416496 -0.148868 4.24131 22 399 23031 23028 1 0.10543 0.10543 2 
-1.05931 -2.16116 5 -0.612949 0.671082 -0.508526 4.14137 22 401 21128 21057 1 0 0 2 
-1.22217 2.84813 -5 -0.0363914 0.0055202 0.219283 4.23638 22 402 50910 50908 1 0.0263296 0.0263296 3 
-3.02835 -4.50224 -5 -5.19662 5.10409 2.61441 3.99915 22 403 9847 9821 1 0 0 1 
4.93537 -5 -1.97013 -1.47247 2.8924 0.187793 4.06342 22 405 9574 9513 1 0 0 3 
-0.718127 -5 3.15593 -0.360573 0.355381 -0.0693632 4.21363 22 406 26690 26664 1 0 0 1 
5 2.02059 1.16886 -0.211179 0.317371 0.457101 4.00094 22 407 51614 51538 1 0.164092 0.164092 2 
-1.82277 -5 -2.39186 -0.25424 0.416734 -0.151045 4.11786 22 408 25673 25672 1 0 0 1 
-0.466341 -5 1.21707 -0.261235 0.432746 -0.074879 4.08341 22 409 19374 19350 1 0.510604 0.510604 29 
2.55728 -5 4.60223 -0.269934 0.300764 -0.234933 4.11472 22 410 7008 6621 1 0 0 2 
5 -1.35068 2.91941 -0.193708 0.775791 1.15925 3.99516 22 411 7600 7554 1 0 0 3 
0.901212 -5 -1.32368 -1.15471 2.64 1.82295 3.99377 22 412 27509 27302 1 0 0 2 
4.66598 -4.26631 -5 -0.288822 0.479658 0.172261 4.00276 22 413 17975 17946 1 0.510169 0.510169 54 
5 -4.0074 2.11634 -0.228364 0.470455 0.0349412 4.04074 22 414 23266 23265 1 0 0 1 
2.90232 1.13729 -5 -0.382968 0.710811 0.733 3.97908 22 415 29725 29549 1 0 0 1 
4.14595 -5 -4.63999 0.156712 0.282888 -0.0202391 4.11635 22 417 1932 1931 1 0.315639 0.315639 27 
-4.08078 -5 -4.93345 -0.0776814 1.03293 -0.514987 4.24479 22 418 27932 27879 1 0 0 3 
2.85505 -5 4.76396 -0.230107 0.453113 -0.0534707 4.16095 22 419 32925 32924 1 0 0 1 
0.265177 -5 -1.53013 -0.907068 1.17318 0.420641 4.02707 22 420 8482 8462 1 0 0 1 
3.16301 -0.501897 -5 -0.18081 0.276626 0.489331 3.93976 22 421 34580 34439 1 0 0 2 
5 3.37772 2.0377 -0.280419 0.51889 0.858044 3.97699 22 422 14123 14028 1 0.226406 0.226406 18 
4.37221 -5 -2.09485 -1.99203 2.67177 1.196 4.01056 22 423 24699 24568 1 0 0 1 
2.82356 -1.57948 -5 0.101299 0.413124 0.109652 4.08446 22 424 10564 10563 1 0 0 3 
4.34381 -5 2.62407 -0.192242 0.356706 0.293487 4.02348 22 425 19494 19493 1 0.304433 0.304433 2 
-2.44858 -5 -0.273635 -1.4045 1.9715 4.34882 3.94378 22 426 11227 11017 1 0 0 2 
-2.80287 0.774945 -5 -0.847156 0.734768 0.744557 3.99307 22 427 32380 32242 1 1.17002 1.17002 7 
-0.687622 -2.38641 -5 -0.356733 0.67263 0.609898 3.96564 22 429 5020 4937 1 0 0 1 
-0.332811 -5 0.366495 -0.333755 0.0330308 0.00656764 3.99273 22 431 31932 31865 1 0.0295588 0.0295588 15 
4.38457 0.220794 5 -0.249077 0.654996 -0.383614 4.206 22 432 22283 22282 1 0 0 1 
-1.9108 0.0852904 -5 -1.97832 3.54981 5.41825 3.94219 22 433 7350 7282 1 0 0 8 
-2.17412 3.45276 -5 -0.130102 0.419978 0.260407 4.01413 22 434 7990 7988 1 0.33919 0.33919 3 
2.5479 -0.530615 -5 -0.137585 0.739829 1.01053 3.95272 22 435 17763 17730 1 0 0 1 
-0.572726 -5 -1.73846 -0.437162 0.795818 0.67081 3.9902 22 436 7992 1 1 0 0 1 
5 -0.991991 -3.8975 -1.49062 1.02617 -0.362084 4.13101 22 438 12550 12549 1 0.615578 0.615578 4 
-4.59483 -5 -1.60812 -4.55657 4.36894 11.0399 3.95032 22 439 36014 36013 1 0 0 1 
1.87573 -5 2.58371 -5.49152 8.04426 11.5608 3.98907 22 440 40792 40638 1 0 0 1 
5 2.49739 -3.12088 -1.00736 2.19549 3.02088 3.95537 22 441 10277 10274 1 0.502942 0.502942 38 
5 -1.28273 2.00393 -0.15248 0.224732 -0.124082 4.23984 22 442 5658 5656 1 0.297941 0.297941 42 
5 -3.44876 -0.959812 -0.503509 2.42111 1.52703 3.99311 22 443 41463 41457 1 0 0 2 
-3.22465 -5 4.47817 -0.271797 0.454898 -0.0298445 4.11171 22 445 21770 21385 1 0 0 1 
5 0.419242 -2.18681 -0.320815 0.625473 -0.109028 4.12002 22 446 2658 2580 1 0 0 1 
0.833983 -5 -2.82188 -0.663403 1.91605 -0.362777 4.01744 22 447 1268 1266 1 0.173922 0.173922 9 
-2.5039 -5 1.56571 0.426347 0.36805 0.543051 3.98483 22 448 11773 11570 1 0 0 1 
5 -4.33968 -4.70621 -0.263161 0.522623 0.452202 4.98248 22 450 20170 20079 1 0 0 1 
5 -2.5637 -1.87065 -0.105043 0.286703 0.0270112 4.04234 22 451 16718 16653 1 0.925568 0.925568 59 
4.03404 -5 3.2147 -0.526348 0.601307 0.846219 3.97679 22 452 31513 30808 1 0 0 2 
-3.48413 -5 0.0912609 -0.0503631 0.220271 -0.0520107 4.21371 22 453 3028 3027 1 0 0 1 
5 4.30972 2.87554 -12.4299 43.7518 -17.2806 8.75222 2112 454 9958 9898 1 0 0 2 
-1.03973 -3.93135 5 -1.83781 2.2673 -0.960241 4.17413 22 455 28540 28370 1 0 0 2 
5 3.36757 -2.539 -0.204267 0.235587 0.227397 3.99589 22 456 1122 1071 1 0 0 5 
-4.94954 -5 4.67019 -0.341357 0.454217 -0.243158 4.21047 22 458 10249 10248 1 0.456745 0.456745 31 
5 -3.85437 -0.489045 -0.242093 0.352068 0.0793184 4.03907 22 459 25345 23694 1 0 0 1 
3.46024 -5 2.5067 -0.118871 0.333923 0.0836181 4.01026 22 460 7107 5866 1 0 0 1 
-0.724379 -5 4.73285 -0.0719773 0.352955 0.444524 3.96999 22 461 45206 45157 1 0 0 1 
-2.12955 -5 0.139438 -0.172755 1.46241 -0.108427 4.00248 22 462 1449 1336 1 0.070523 0.070523 13 
0.0333225 1.39026 5 -0.00592996 0.251487 -0.324069 4.16236 22 463 19290 19178 1 0.629349 0.629349 41 
4.02336 -5 3.96908 -0.63585 0.665019 0.675856 4.00257 22 464 13985 12141 1 1.07594 1.07594 9 
3.91454 0.630866 -5 -0.223595 0.4836 0.167474 4.04429 22 465 3388 3387 1 0 0 3 
4.20541 -5 1.32018 -0.194359 0.294335 0.369745 3.95992 22 466 32078 32043 1 0 0 3 
-4.4826 -5 -4.77886 -0.318969 0.314091 -0.246424 4.19519 22 467 20352 20350 1 0.255378 0.255378 35 
3.48519 -5 -0.385529 -0.0150535 0.450043 -0.241567 4.09504 22 468 10910 10909 1 0.510716 0.510716 21 
5 -0.758253 2.43496 -0.227522 0.365 -0.275914 4.24008 22 469 37629 37627 1 0.0779541 0.0779541 3 
5 -3.05538 -1.72913 -0.452374 1.37154 0.111911 4.05855 22 470 43748 43661 1 0 0 1 
5 4.55022 2.96246 -0.097593 0.214482 -0.134872 4.16196 22 471 4032 4031 1 0.0334239 0.0334239 18 
0.510714 -5 1.7466 -0.222025 0.435286 -0.149502 4.19875 22 473 34394 34393 1 0.0678278 0.0678278 3 
-3.52983 3.67079 -5 -0.512258 1.20923 0.379169 4.02019 22 474 22989 22745 1 0 0 2 
-3.05418 -5 3.33846 0.225689 0.227307 -0.398141 4.03621 22 475 2554 2533 1 4.17529 4.17529 62 
-4.64636 -5 1.00955 -0.339179 0.800854 0.155458 4.02738 22 476 10777 10736 1 0.121938 0.121938 3 
5 -0.353706 -4.40326 -2.9018 4.89876 8.54784 3.93638 22 477 33329 33025 1 0 0 1 
5 -0.439623 2.43296 -2.2123 3.7244 1.37382 4.05515 22 478 11293 11292 1 0.0903315 0.0903315 3 
0.770611 -4.02904 -5 -0.776299 0.780295 0.932559 3.96231 22 480 9259 8548 1 0 0 3 
5 -1.40574 0.154519 -0.326665 0.35377 0.0309668 4.12388 22 481 12298 12297 1 0 0 3 
5 -2.53627 -2.99973 -0.399598 0.686969 0.246879 4.04152 22 485 25939 25916 1 0 0 4 
0.554187 -3.55878 -5 -0.0691873 -0.0103211 0.36478 3.94539 22 486 22881 22867 1 0 0 1 
5 -4.37713 0.974308 -0.263036 0.419435 -0.126515 4.17544 22 487 10275 10245 1 0.243239 0.243239 29 
-2.47573 -5 -3.54972 0.0174936 0.785875 0.116526 4.00753 22 489 44073 44043 1 0.377682 0.377682 2 
-2.50946 -5 0.172467 -0.0179106 0.357403 -0.176479 4.03103 22 490 5555 5526 1 0 0 1 
2.704 -5 2.05445 -0.0858395 0.291727 0.248855 4.06459 22 491 32622 32621 1 0 0 1 
-4.52926 -5 -0.989162 -0.240356 0.198381 0.0602609 4.17959 22 493 2024 2022 1 0 0 2 
5 2.38341 2.91569 -0.321963 0.0956607 0.0737649 4.2488 22 495 3322 3297 1 0 0 2 
1.66066 -5 1.00022 -0.266585 0.0872066 -0.0932955 4.23316 22 496 6274 6273 1 0.295106 0.295106 30 
5 0.677689 -4.81331 -0.214039 0.566451 0.144089 4.03358 22 497 20351 20346 1 0 0 2 
5 -0.487977 1.15911 -0.162945 0.294188 -0.120806 4.09869 22 498 5845 5820 1 0 0 1 
2.60139 -5 -4.16668 -1.65591 1.62016 2.3148 3.95179 22 499 21462 21302 1 0.152289 0.152289 22 
-2.19933 -5 1.46121 -0.0720311 0.487972 0.252478 4.03485 22 500 3848 3811 1 0 0 2 
3.8243 -5 -0.875459 -0.749103 1.81872 1.78873 3.97756 22 502 2485 2343 1 0 0 4 
5 -1.28792 -4.66361 -0.219098 0.291289 0.337945 3.96377 22 503 19963 19816 1 0.201826 0.201826 3 
3.59836 1.0914 -5 -0.0244735 0.304763 0.19122 4.0678 22 504 7487 7326 1 0 0 3 
4.14874 -5 -2.48535 -1.22899 0.842669 1.40588 3.9455 22 505 20607 20047 1 0.127322 0.127322 3 
2.84247 -5 4.49837 -0.176311 0.363398 0.313012 4.05067 22 507 20369 20349 1 0.0756903 0.0756903 13 
5 -3.63268 0.474998 -0.235039 0.448183 0.621466 3.96775 22 508 22104 21912 1 0.780317 0.780317 54 
-0.250914 -5 1.21724 0.244295 0.225962 0.38779 3.95538 22 510 7684 7683 1 0.233498 0.233498 31 
3.9863 -0.52424 -5 -0.57123 0.11367 0.143647 4.15601 22 512 26656 26655 1 0 0 1 
0.819742 -3.22378 -5 -0.139429 0.280605 0.403659 3.96345 22 513 53934 53914 1 0.510741 0.510741 16 
2.87121 -5 3.91939 -0.0927767 0.171605 -0.272791 4.25953 22 514 9987 9986 1 0 0 2 
-0.834176 -5 0.931538 -0.322492 0.394254 -0.0410262 4.11958 22 515 5324 5323 1 0.337776 0.337776 4 
2.29993 -1.39622 -5 -0.790744 0.99977 1.4982 3.95723 22 516 1938 1912 1 0 0 2 
0.0292039 -5 -1.96395 -12.5433 14.6906 13.5676 3.9686 22 519 5602 5558 1 0 0 4 
5 -0.036231 -4.33394 -0.295772 0.0681208 -0.0946207 3.99673 22 521 20743 20673 1 0 0 1 
2.97849 -5 0.878068 -0.0793103 0.297259 0.111565 4.02371 22 522 50486 50463 1 0.326898 0.326898 21 
1.16868 -5 1.44002 -0.38113 0.855591 1.64818 3.95828 22 523 34070 34067 1 0 0 3 
-1.99907 -5 3.41531 -0.89286 0.660432 0.860114 3.9937 22 524 10555 10478 1 0 0 1 
0.576024 -5 -2.73016 -0.507183 0.718866 -0.0487654 4.05963 22 526 34787 34786 1 0 0 1 
5 -4.75897 -0.830108 -0.154505 0.329485 0.0370111 4.06418 22 527 7121 4169 1 0.903883 0.903883 25 
5 1.68094 -4.1589 -0.255143 0.424955 0.46 3.97403 22 528 10949 10822 1 0 0 2 
2.2455 -5 -1.25946 -0.226346 0.344783 0.361947 3.98117 22 530 11813 11758 1 0 0 2 
4.03476 -5 -0.366772 -0.312807 0.403455 -0.197093 4.12057 22 531 5149 5123 1 0.628115 0.628115 3 
4.44861 -5 3.41943 -0.402624 0.298109 -0.0810123 4.11916 22 532 22996 22995 1 0 0 1 
1.17053 -0.0407559 -5 0.114581 -0.0666578 0.0668054 4.10997 22 533 19688 19677 1 0.147988 0.147988 26 
1.89648 2.661 -5 -0.106091 0.273424 0.349664 4.01357 22 535 27920 27860 1 0 0 1 
-2.73344 -2.94959 -5 -0.0753805 0.131225 0.362937 4.0115 22 536 19162 19125 1 0 0 1 
-2.2174 -5 4.09329 -0.489065 0.990812 1.45408 3.96987 22 538 32924 32838 1 0.378837 0.378837 3 
-1.08442 -5 2.82191 -0.260635 0.478841 0.594402 3.9856 22 539 9503 9390 1 0 0 1 
3.10337 -5 -4.07375 -1.05769 2.67367 0.958322 4.0036 22 540 34268 34213 1 0 0 1 
5 -1.28189 -1.90478 -0.307229 -0.105568 0.21898 3.96603 22 541 1130 1052 1 0.554713 0.554713 41 
-3.54971 0.728109 -5 -0.17353 0.250046 0.164754 3.99731 22 542 16958 16456 1 0 0 2 
4.13206 1.76545 -5 -0.570308 1.20679 2.99181 3.92267 22 543 29115 1 1 0 0 2 
5 -4.98067 2.07428 -0.0487311 0.403751 -0.00759497 4.04398 22 544 19812 19811 1 0.688495 0.688495 51 
5 4.93804 -1.98303 -0.0988989 0.431241 -0.0727248 4.17229 22 546 32340 32339 1 0 0 4 
-4.84262 -5 -2.88311 -0.888443 1.2594 1.71431 3.96467 22 548 27292 27251 1 0 0 1 
4.83358 -5 -4.69321 -2.91131 3.07912 3.16215 3.973 11 549 14485 14387 1 2.39217 2.39217 3 
-1.00727 -5 1.06379 -0.486943 0.961644 0.920874 3.9846 22 550 21897 21744 1 1.19015 1.19015 4 
4.82837 1.45625 -5 -0.189635 0.292264 0.373818 3.97523 22 551 24895 24893 1 0 0 2 
5 2.70775 -4.47773 -0.316306 0.285963 0.281596 4.08502 22 553 10287 10286 1 0 0 3 
1.65835 -2.73574 -5 -0.208417 0.0659764 0.32032 4.05974 22 555 10745 10740 1 0.189754 0.189754 3 
3.21991 -4.33735 -5 -0.300555 0.410331 0.0491429 5.1242 22 556 11291 11290 1 0 0 1 
-3.29477 -5 2.17154 -0.174846 0.366368 -0.0837527 4.13768 22 557 4938 4696 1 0.025266 0.025266 3 
-1.89955 -0.839858 5 -0.351053 0.177738 -0.143783 4.0624 22 558 30236 30181 1 0 0 1 
5 1.04857 -4.69792 -0.465629 0.921408 0.855535 3.98632 22 559 3935 3842 1 0 0 5 
-0.82322 -1.46275 -5 -0.764647 1.42024 2.64824 3.93584 22 560 44275 44274 1 0 0 1 
3.29089 -5 -1.20117 -0.165887 1.07682 0.390026 4.11275 22 561 40619 40497 1 1.157 1.157 15 
3.03966 1.57308 -5 -0.354876 0.509931 0.223023 4.03497 22 562 7559 7481 1 0 0 2 
4.58288 -5 -1.43489 0.126606 0.468706 -0.159391 4.04783 22 564 15770 15769 1 0 0 2 
5 -3.77258 -3.35844 -0.16402 0.111016 -0.0112972 4.01007 22 565 32613 32573 1 0 0 1 
4.55292 -5 2.27207 -0.152499 0.469474 0.13213 4.03436 22 566 27708 27705 1 0 0 1 
-2.31212 1.26699 -5 -0.568707 1.0515 1.27105 3.96729 22 567 13157 13105 1 0.450824 0.450824 26 
1.2628 -5 -0.72925 -0.236685 0.395421 -0.20197 4.2142 22 568 3668 3666 1 0 0 3 
5 -3.36587 3.26723 -0.193643 0.261421 0.138785 4.02836 22 570 31906 31640 1 0.443297 0.443297 24 
2.91085 -3.72497 -5 -0.253404 0.598252 0.538193 3.99303 22 571 11509 11456 1 0 0 1 
-0.887016 -5 -1.06103 -1.00522 1.30053 -0.261246 4.10066 22 573 9643 9585 1 0 0 2 
4.09278 -2.05206 -5 -0.0499407 0.532367 0.215195 4.01019 22 575 16851 16738 1 0 0 2 
-3.58892 -5 -0.552057 -0.127393 0.198901 0.0666445 4.02104 22 576 46678 46648 1 0.0373361 0.0373361 4 
3.58467 -4.23045 -5 -0.441531 1.15727 0.5067 3.95908 22 579 34558 34539 1 0 0 2 
1.1419 -5 2.74807 -0.098627 0.306365 0.0416586 4.06147 22 580 10235 10083 1 0.273447 0.273447 4 
-0.588412 -1.80826 -5 -0.293371 0.390705 0.307246 3.97311 22 581 2200 1980 1 0.576743 0.576743 24 
-2.22388 -5 -4.97724 -0.419638 0.646436 0.303934 4.05111 22 582 29070 29030 1 0 0 1 
1.16191 1.00504 -5 -0.159999 0.166654 0.362857 4.04126 22 584 31921 31874 1 0 0 2 
-2.49421 -2.71526 -5 -0.302635 0.482765 0.711213 3.94412 22 585 6857 2604 1 0 0 1 
-0.491267 -5 -3.8396 -0.31371 0.355658 -0.190297 4.151 22 586 1163 1133 1 0 0 4 
5 -4.05175 -2.72858 -0.408898 0.137132 0.0166722 4.01668 22 587 14345 14344 1 0.442972 0.442972 15 
-1.4756 -4.56451 -5 -0.92111 2.53768 2.01052 3.98121 22 588 14886 14885 1 0 0 3 
1.7348 -5 2.40916 0.0335566 0.488153 0.0589462 4.07778 22 589 9717 9716 1 0.0392567 0.0392567 2 
-0.640887 -5 3.48174 -0.498636 0.343175 0.272611 3.99895 22 590 15499 15463 1 0.24351 0.24351 5 
0.190963 0.902387 -5 -0.361562 0.557403 0.542885 3.98181 22 591 21937 19457 1 0 0 1 
-2.8139 3.40319 -5 -0.266356 0.31862 0.0973663 4.1361 22 593 32751 32749 1 0 0 1 
-2.93722 3.26299 -5 -0.154011 0.275981 0.244692 3.99788 22 595 1061 1 1 0 0 2 
0.442238 2.52239 -5 -0.266893 0.577202 0.848326 3.93767 22 597 12077 12022 1 0 0 3 
5 2.00965 0.571505 -0.96572 1.82758 2.63187 3.98185 22 598 35677 35615 1 0 0 1 
5 -1.78048 -1.10967 -0.277502 0.429069 -0.00358218 3.9792 22 599 33043 33042 1 0.265949 0.265949 3 
-1.41456 1.65936 -5 -0.349113 0.647413 0.848615 4.00723 22 600 7761 7759 1 0 0 2 
4.58238 -2.83383 -5 -0.705142 1.24412 1.11204 3.96128 22 601 28522 28409 1 0.194196 0.194196 5 
-0.258212 -5 -2.07895 -0.0650417 0.237918 0.107377 4.03685 22 602 6988 6986 1 0.402912 0.402912 31 
0.591196 -5 -2.96763 -0.108613 0.19042 0.0357839 4.01014 22 604 13193 13138 1 0.297545 0.297545 27 
3.73815 -4.55364 -5 -0.266683 0.708325 0.335503 3.98316 22 605 25590 25562 1 0.267457 0.267457 4 
5 2.39431 0.874494 -0.561329 0.905159 0.993192 3.9847 22 606 24177 22557 1 0 0 1 
5 4.47475 0.828058 -1.96789 4.1171 -0.285874 4.0886 22 607 24068 24004 1 0 0 2 
3.50007 -4.97551 -5 -0.194343 0.41643 0.886127 4.05555 22 608 9326 9325 1 0 0 2 
1.21048 -5 4.83704 -0.255594 0.436236 0.0740936 4.09305 22 609 23593 23576 1 0 0 2 
1.40445 1.62019 -5 -1.64718 3.40343 7.80948 3.92397 22 610 7956 7662 1 0.698351 0.698351 49 
5 2.61417 2.60929 -1.01349 1.4054 -2.74715 4.1799 22 613 4841 4840 1 0 0 3 
3.53985 -4.38382 -5 -1.48084 2.16979 3.39672 3.95363 22 616 37764 37516 1 0 0 2 
4.33663 -5 -0.165063 -0.147289 0.448524 -0.00558116 4.06285 22 617 37015 36988 1 0 0 2 
5 -3.90811 -4.42447 -0.252672 0.443661 -0.0210127 4.09978 22 618 6489 6488 1 0 0 2 
-0.468675 -5 2.54591 -0.291842 0.577287 0.277148 4.03648 22 620 29225 29204 1 0 0 1 
-3.84213 1.95866 -5 -1.05313 1.28026 0.836631 3.98845 22 621 5891 5743 1 0 0 2 
4.13077 -0.919495 -5 -0.396608 0.780456 2.18356 3.91883 22 622 62011 61982 1 0 0 1 
-4.78895 -5 3.95624 -1.61101 1.76069 1.23454 4.02778 22 623 17990 17791 1 0 0 2 
5 4.93769 0.412916 -0.264221 0.385567 0.00704317 4.15895 22 625 16348 16335 1 0 0 3 
-4.11989 -4.05699 5 -0.554061 0.548643 -0.185245 4.12679 22 627 10653 10632 1 0 0 4 
4.42713 -5 -0.585702 0.113218 0.145966 0.436642 3.98254 22 628 4781 4277 1 0.0333313 0.0333313 16 
5 -2.7695 -1.44688 -0.4629 0.586343 0.105793 4.01127 22 629 2302 1 1 0 0 3 
5 -1.62266 -1.66258 -1.00923 0.835635 0.701104 4.02315 22 630 7920 7783 1 0 0 1 
5 -1.75642 0.876462 -0.373694 0.286757 0.221779 4.02819 22 631 6602 6356 1 0.340756 0.340756 4 
3.30619 -5 -3.63658 -1.05121 2.53064 2.91396 3.95509 22 632 9953 9792 1 0 0 1 
5 4.97786 1.85725 -0.160961 0.352016 -0.123799 4.17692 22 633 37890 37863 1 0 0 2 
-2.146 -5 -2.65193 -0.608859 0.682481 -0.488642 4.26613 22 634 3261 3199 1 0 0 4 
2.84299 -5 2.26403 -0.119623 0.369838 0.328343 4.0171 22 636 8325 8324 1 0.718423 0.718423 14 
5 -0.95919 3.162 -0.720901 1.141 1.8218 3.96883 22 637 1249 1 1 0.13304 0.13304 4 
-0.989939 -5 -4.29283 0.0392517 0.305775 0.0164433 4.11486 22 639 1492 1491 1 0.196341 0.196341 3 
1.08161 0.865741 -5 -0.23446 0.622328 0.314078 4.0052 22 640 10145 10114 1 0 0 2 
-2.26764 -2.16047 -5 -0.07774 -0.0993982 0.70044 3.94311 22 641 1574 1 1 0 0 1 
5 1.72024 1.72444 -0.697185 0.213659 0.0561456 4.03492 22 642 16390 16389 1 0 0 3 
-0.729855 -4.20041 -5 -0.264254 0.28496 0.418963 3.9528 22 643 19821 18473 1 0 0 1 
-4.19266 -5 -2.90178 -0.139928 0.427374 0.0360438 4.04736 22 644 22803 22802 1 0.278707 0.278707 35 
5 -4.34516 2.61876 -0.316473 0.286968 0.280383 4.07197 22 646 5591 5590 1 0 0 2 
3.15849 -5 3.97656 -0.231151 0.900562 0.338531 4.04656 22 647 45149 45129 1 0.0317231 0.0317231 3 
-0.171168 -1.62945 -5 -0.62402 0.763539 1.70118 3.93226 22 648 23834 23724 1 0 0 2 
5 2.65381 -2.86453 -1.50927 4.50335 1.07374 4.03626 22 649 5124 5098 1 0.81743 0.81743 6 
2.33643 -5 0.883337 0.0144957 0.396543 -0.10676 4.22547 22 650 29615 29614 1 0 0 1 
3.72069 -3.7781 -5 -0.222998 0.147358 0.0771206 4.1732 22 652 8217 8215 1 0 0 1 
-2.15147 -5 3.83038 -2.9746 4.76823 10.2898 3.96461 22 653 23846 23845 1 0 0 2 
-0.974879 -5 -2.14529 -0.236295 0.449605 0.0560369 4.04167 22 654 10460 10452 1 0 0 1 
3.12938 -5 0.408133 -0.329342 0.234941 0.42212 4.00685 22 655 31614 31613 1 0 0 1 
-5 -2.98725 1.24045 0.422799 0.290681 0.340238 3.97169 22 656 11228 11105 1 0 0 2 
5 1.44554 -4.6752 -0.312637 0.494949 -0.155197 4.16489 22 658 6946 6945 1 0.221088 0.221088 5 
1.4146 -5 -0.526276 0.0108732 0.29673 -0.12894 3.99922 22 659 2503 2477 1 0 0 2 
-3.92971 -5 0.600217 -0.269739 0.421304 0.104228 4.06389 22 660 29125 29100 1 0.146265 0.146265 5 
-3.87943 -3.36607 -5 -0.236252 0.450228 0.0509917 4.09738 22 661 10217 10215 1 0 0 1 
3.16432 2.52184 -5 -0.458479 1.06816 1.32734 3.96142 22 662 31849 31644 1 0 0 2 
1.56475 -5 -4.94735 -0.215108 0.502879 0.102379 4.09404 22 665 9445 9444 1 0 0 4 
1.93684 -5 -1.17875 -0.0637216 0.264439 0.123479 4.09236 22 666 35625 35624 1 0.298244 0.298244 30 
-2.49379 -5 2.80211 -0.313155 0.568291 0.478367 3.9974 22 667 8817 8777 1 0 0 4 
-1.21174 -5 -2.29683 -0.195705 0.144187 -0.102104 4.15202 22 668 4677 4649 1 0 0 2 
5 2.22202 4.39214 -0.359621 0.208076 -0.113188 4.12616 22 670 1936 1934 1 0.127209 0.127209 2 
-2.60432 0.838901 -5 -1.2924 1.68899 4.22064 3.93131 22 671 48100 47941 1 0 0 1 
-3.03294 -5 1.17792 -0.270165 0.378811 -0.211266 4.25705 22 672 9852 9834 1 0 0 1 
-2.40285 4.9638 5 -0.152651 0.425055 -0.239052 4.2255 22 673 3304 3302 1 0.619271 0.619271 10 
1.65463 -5 3.04867 0.0620548 0.64511 -0.0676121 4.10039 22 675 24078 24077 1 2.67123 2.67123 17 
3.48796 -5 0.73804 -0.239835 0.283879 -0.35073 4.13382 22 676 23993 23992 1 0.510688 0.510688 22 
1.04936 -5 -1.33617 -0.176736 0.310699 0.385761 3.96179 22 677 8206 7880 1 0 0 3 
5 0.022578 -0.555697 -0.165685 0.259412 0.057836 4.01158 22 678 2061 2060 1 0.313059 0.313059 14 
5 -2.54931 1.2712 -0.27417 0.112825 -0.00619677 3.96556 22 679 22991 22990 1 0.438486 0.438486 4 
-4.1732 -5 2.10559 -0.262612 0.393921 0.192305 4.11717 22 680 4699 4661 1 0 0 2 
-3.69538 -5 -1.41855 -1.21222 1.9653 1.47316 3.96552 22 681 14172 14099 1 0.339653 0.339653 35 
-2.48098 -5 3.44331 -0.928141 0.977656 2.06977 3.97041 22 682 16856 16812 1 0 0 2 
0.847473 -5 1.51753 -0.173056 0.37374 0.120071 4.0822 22 683 11248 11246 1 0 0 1 
4.51977 -5 0.329505 -0.0716434 0.218905 0.0735329 4.19375 22 684 15656 15655 1 1.02564 1.02564 36 
5 -0.752471 -3.28623 -0.195955 0.28285 0.21463 3.9928 22 685 3003 2976 1 0 0 1 
1.24119 4.59001 -5 -0.21908 0.681204 0.432842 4.00429 22 688 17352 17192 1 0 0 3 
-4.67814 -5 2.54589 -2.26759 2.76237 3.34824 3.98748 22 689 29721 29706 1 0 0 1 
5 3.454 2.25885 -0.40569 0.480352 0.390391 4.02364 22 690 3533 3397 1 0 0 1 
4.86358 1.64488 -5 -0.741453 2.3068 4.09733 3.93278 22 692 46223 46024 1 0 0 2 
3.33665 -5 -3.00128 0.116782 0.276798 0.231202 3.98116 22 693 29700 29673 1 0 0 1 
5 -2.35137 1.8158 -0.430463 0.450997 0.647968 3.97742 22 694 10747 10625 1 0 0 3 
4.32307 -5 4.69659 0.0565549 0.160341 -0.205635 4.13762 22 696 3786 2928 1 0.16007 0.16007 22 
2.0071 -0.76458 -5 0.0282903 0.0828159 0.223236 4.07287 22 697 33187 33161 1 0 0 2 
2.91946 1.01359 -5 -0.862545 1.10433 0.985987 3.99698 22 698 31142 31097 1 0 0 1 
2.77208 -1.54711 -5 -2.9958 5.12482 8.22141 3.94937 22 699 20580 20547 1 0 0 1 
0.593561 -5 -1.58948 -0.343632 0.376337 -0.0375142 4.05208 22 700 5579 5578 1 0.431419 0.431419 5 
5 -2.48894 4.61178 -0.147168 0.112568 0.116494 4.02401 22 701 7956 7926 1 0 0 5 
-1.60502 -2.74196 -5 -0.149332 0.19678 0.478011 3.92895 22 702 9410 9218 1 1.12599 1.12599 9 
2.93301 -4.64832 5 -0.117485 0.255197 -0.221529 4.07399 22 703 25560 23745 1 0.0721617 0.0721617 5 
4.98838 -5 -3.55422 -0.397124 0.456301 0.514443 4.03862 22 704 12706 12610 1 0.793335 0.793335 51 
1.41362 -5 4.2121 0.502351 0.687529 1.26001 3.98372 22 705 5806 5765 1 0 0 1 
1.43851 1.56692 -5 -0.179953 0.333252 0.343045 3.98868 22 706 27387 27356 1 0 0 1 
1.7456 -5 -4.33078 -0.108028 0.371418 0.274072 4.00598 22 707 8066 7636 1 0 0 5 
1.79975 -2.38593 -5 -2.12692 1.60294 2.57004 3.96844 22 708 6495 6391 1 0.03559 0.03559 4 
-1.83795 -4.16098 -5 0.196541 0.257455 0.262696 4.02342 22 709 7837 7836 1 0 0 1 
4.47903 -0.267381 -5 -0.330823 1.07902 0.50109 4.01945 22 710 36586 36507 1 0 0 1 
5 -2.63986 -0.543677 -0.21065 0.336573 0.194706 4.0379 22 711 17282 17281 1 0.0169298 0.0169298 2 
5 -0.324123 -3.35576 -0.153736 0.298271 0.263972 4.0834 22 712 1420 1396 1 0 0 3 
-3.79066 -0.899719 5 -0.16266 0.390667 -0.286428 4.21622 22 713 25872 25871 1 0 0 2 
1.54314 1.58831 -5 0.0893704 0.36292 0.696648 3.95288 22 714 36668 36513 1 0 0 3 
-0.870357 -5 1.46691 -0.146268 0.560087 -0.110276 4.08735 22 715 37528 37495 1 0 0 1 
-0.337412 0.871995 -5 -1.2969 1.98068 4.91741 3.93313 22 717 62727 62604 1 0 0 1 
4.44677 -5 4.84482 -1.50781 2.92064 2.23725 4.01165 22 718 18211 18187 1 0 0 3 
3.59262 2.18452 -5 -0.557906 1.31504 0.503612 4.03119 22 720 7291 7155 1 0 0 2 
3.79914 -0.500537 -5 -0.219133 0.582089 0.211598 4.03423 22 721 28650 28597 1 0 0 2 
-1.74193 -5 3.54132 -0.537804 0.705463 -0.36217 4.05299 22 722 43861 43835 1 0 0 1 
5 -1.38842 -3.86614 -0.222429 0.165513 -0.0671121 4.02246 22 725 27571 27517 1 0.18112 0.18112 4 
-2.44437 -5 3.0821 -0.214927 0.169315 -0.133835 4.17325 22 726 22077 22046 1 0.30005 0.30005 31 
3.83823 -5 0.973319 -0.79849 1.07807 1.64911 3.96146 22 727 4856 4766 1 6.95036 6.95036 72 
2.54398 4.40999 -5 -0.996642 2.56854 2.237 3.95934 22 729 26342 26327 1 0 0 4 
5 3.65723 -3.45997 -0.485008 0.9865 1.34028 3.94995 22 730 46299 46064 1 0 0 1 
-4.14404 -2.8272 -5 -1.39931 1.05863 1.75509 3.9565 22 731 24923 24848 1 1.26807 1.26807 55 
0.53801 2.10951 5 -8.10568 21.6764 -24.2689 7.39395 2112 732 28186 28019 1 0 0 1 
-2.67789 1.83304 -5 -0.176979 0.486596 0.2823 4.00953 22 734 2778 1 1 0 0 3 
4.76103 -5 3.53059 -0.0934604 0.343094 0.131253 4.03218 22 735 20984 20983 1 0 0 1 
3.41032 -5 3.67759 -0.0323094 0.465391 -0.0275931 4.05692 22 736 9783 9737 1 0 0 4 
-3.21436 -3.48766 -5 -0.532301 1.90402 0.16708 4.03471 22 737 3512 3467 1 0 0 1 
3.86098 -2.46221 -5 -0.349726 1.04863 0.6405 3.99254 22 739 1192 1141 1 0.958741 0.958741 4 
-2.72069 -1.65516 5 -0.0936639 0.264464 -0.278781 4.14042 22 740 20316 20286 1 0 0 1 
2.92609 -5 2.10481 -0.189174 0.335479 0.0587428 4.08824 22 741 14111 14039 1 0.389372 0.389372 15 
-4.22561 -5 0.489708 -0.24257 0.383805 0.234464 4.07293 22 742 1856 1830 1 0 0 3 
5 3.21088 -2.52624 -0.189501 0.0445668 0.258963 4.02724 22 744 19556 19099 1 0.510802 0.510802 18 
-1.78337 -5 -4.09516 -0.142689 0.369937 -0.0100261 4.28965 22 745 32358 32357 1 0 0 1 
1.83085 -5 4.79215 -0.456367 0.949951 0.230269 4.08597 22 746 37184 37165 1 0 0 1 
-1.88085 1.39213 -5 -0.0510805 0.829408 0.47075 4.02863 22 747 4680 4651 1 0 0 1 
5 -3.98794 -0.574203 -0.185615 -0.0469783 -0.00495862 4.1275 22 749 8770 8509 1 0 0 2 
2.51239 -5 -0.510609 -0.223531 0.425545 0.173395 4.05442 22 750 10977 10974 1 0.268603 0.268603 4 
5 2.21001 1.06693 -0.104955 0.309457 -0.000304426 4.08796 22 751 11335 11333 1 0 0 2 
5 3.45795 3.03542 -0.689265 1.43945 2.57707 3.96553 22 752 11781 11699 1 0 0 2 
-3.97876 -5 -4.34014 -0.404106 0.677245 0.405702 3.99821 22 753 28039 27884 1 0 0 1 
-1.0249 -0.605532 -5 -0.662197 0.783495 0.819667 3.9754 22 754 5700 4848 1 0 0 3 
-2.60651 -5 -1.06968 -0.347333 0.417972 0.546154 3.96398 22 755 4230 4195 1 0.247706 0.247706 5 
5 2.4327 1.68688 -0.324275 0.0164161 -0.394583 4.17122 22 756 31794 31765 1 0 0 1 
0.457739 -5 -1.69268 -0.214116 0.419935 0.0485301 4.02842 22 758 12097 12066 1 0 0 4 
5 -2.82052 -1.08756 -0.265459 0.0481436 -0.253466 3.9738 22 759 39594 38924 1 0 0 1 
5 -1.62423 3.16425 -0.0444663 0.49763 0.107273 4.16176 22 761 1772 1771 1 0 0 2 
-3.67118 0.526179 -5 -0.146667 0.40618 0.378844 3.98592 22 763 30848 30847 1 0 0 3 
5 1.34577 -2.82446 -1.94397 4.88573 7.03089 3.94631 22 764 10782 10530 1 0 0 2 
0.355469 -5 0.0423487 -1.01077 2.16628 0.146239 4.09603 22 765 14703 14615 1 0.0517553 0.0517553 3 
5 -4.72907 -2.05724 -0.353184 0.22594 -0.155759 4.21757 22 766 29204 29172 1 0 0 1 
-0.843732 -5 -4.58595 0.0120821 0.193432 -0.127194 3.99142 22 768 3229 3200 1 0 0 3 
-3.58601 -4.40989 -5 -0.242339 0.244592 0.376858 4.09785 22 769 31114 31113 1 0 0 1 
2.92779 -5 2.35683 -0.357651 0.853684 0.453353 4.02704 22 770 5692 5570 1 0 0 3 
-4.03748 -5 -1.24832 -0.260682 0.393617 -0.0505619 4.21822 22 771 5020 5019 1 0.163306 0.163306 25 
1.20536 3.45079 -5 -0.217897 1.18181 1.45194 3.95907 22 772 26876 26788 1 0 0 1 
0.588633 -5 4.8407 0.0459482 0.489883 0.137924 4.01461 22 773 6768 6767 1 0 0 1 
4.38993 -5 -2.46601 0.0980318 0.202862 0.185481 4.10126 22 774 3540 3539 1 0 0 1 
-1.31891 -5 4.26756 -2.68786 1.26361 2.62365 3.97373 22 775 8300 8056 1 0 0 2 
-0.942208 -5 -3.12828 -0.109587 0.488979 -0.100049 4.1762 22 776 17214 17211 1 0 0 1 
3.33606 -5 -4.35674 0.0267412 0.67996 0.61142 3.95894 22 777 26320 26247 1 0 0 1 
-0.396419 -5 2.50122 -0.211229 0.354936 0.288968 4.00786 22 778 21531 21527 1 0 0 1 
-1.11665 -5 0.275139 0.299288 0.410787 0.052923 3.99805 22 779 14125 14123 1 0 0 2 
3.59446 -5 -2.13796 -0.551361 0.899521 0.286457 4.01472 22 780 5034 4972 1 0 0 4 
5 3.25059 -2.26263 -0.119152 0.52616 -0.0250833 4.04602 22 782 4157 3993 1 1.07456 1.07456 36 
0.145545 -5 0.399903 -0.650845 1.19574 0.71442 3.96892 22 783 16151 16036 1 0 0 2 
-3.21226 -0.285085 -5 -0.328216 0.059025 0.674351 3.9673 22 784 39141 38902 1 0 0 1 
-1.84934 -5 0.185568 -5.3275 5.89997 -0.22345 4.04718 22 785 27993 27954 1 0 0 1 
2.14938 -5 1.38077 -0.203562 0.252877 -0.116689 4.09618 22 786 13936 13933 1 0.0348346 0.0348346 3 
5 -4.6509 1.76289 -0.231311 0.0474096 0.0876482 4.11987 22 787 17379 17184 1 0.251432 0.251432 32 
5 -1.40928 -1.54475 -0.124131 0.264576 0.244598 3.95982 22 788 4493 4173 1 0 0 3 
-4.51925 -5 -4.72216 -0.262383 0.344917 0.270753 4.07284 22 789 48637 48636 1 0 0 1 
5 -1.09105 1.1224 -0.264429 -0.0445506 -0.155391 4.03412 22 790 21145 21127 1 0.309752 0.309752 13 
5 -3.60108 4.97737 -0.643974 1.10511 1.86273 3.9756 22 791 6072 5975 1 0.899448 0.899448 5 
0.211425 -5 0.338522 -0.145052 0.450757 -0.192089 4.2032 22 792 8789 8787 1 0 0 3 
2.3949 -5 2.57093 -0.153416 0.269975 -0.0638769 4.1078 22 793 16464 16214 1 0.316627 0.316627 25 
0.175847 -5 4.32602 -0.21316 0.478518 0.775456 4.06515 22 795 38416 38388 1 0 0 1 
5 0.55101 -4.86019 -0.857131 2.72762 2.78615 4.01863 22 796 1003 1 1 0 0 1 
2.38821 -4.02796 5 0.049833 0.000178183 -0.0974151 4.18362 22 798 7873 7732 1 0.108918 0.108918 31 
4.95107 -4.49039 5 -0.212982 0.341569 -0.105936 4.2171 22 799 4658 4657 1 0 0 1 
-0.7604 -4.76226 -5 -0.123767 0.316911 0.261182 4.05626 22 802 1566 1502 1 0.428668 0.428668 18 
3.36702 -5 -2.10618 -0.00129861 0.440726 0.127978 4.11138 22 803 47120 47119 1 0 0 1 
5 0.0315027 -2.35672 -0.204711 0.388463 0.194548 3.99978 22 804 16523 16516 1 0.479816 0.479816 28 
-3.98087 -2.08995 -5 -0.48926 0.619973 0.59425 3.96712 22 805 27430 27340 1 0 0 2 
2.11265 -3.19008 -5 -0.838645 2.20822 5.37731 3.91757 22 806 20887 20809 1 0 0 1 
-1.87115 -5 -4.45576 0.0135678 0.177515 -0.0817022 4.07691 22 807 20647 19150 1 0 0 1 
-0.0330523 -4.9262 -5 -0.294425 0.0286773 0.143275 3.99331 22 808 44601 44536 1 0 0 1 
2.41136 -5 0.492565 -0.150836 0.225163 -0.0837378 4.13138 22 809 22457 22434 1 0.283015 0.283015 38 
0.577095 -5 2.69586 -0.768568 0.964162 -0.414031 4.09614 22 810 8332 8264 1 0 0 2 
1.16904 -5 -3.31096 -0.217393 0.401735 0.0285933 4.03624 22 811 15845 15287 1 0 0 1 
-5 2.62229 -1.47965 0.203106 0.0661706 0.0500052 4.17977 22 816 9209 9208 1 0 0 2 
-4.44551 -5 -1.57093 -1.65383 2.98704 3.59645 3.96856 22 817 9011 8961 1 0.102777 0.102777 7 
0.0372385 -0.172151 5 -0.44436 0.570516 -0.269299 4.19053 22 819 22184 22181 1 0 0 3 
5 2.20592 -1.46186 -0.351549 0.347362 0.665045 4.10557 22 820 12759 12700 1 0.0285201 0.0285201 5 
-4.51389 -1.75712 5 -0.625004 0.750759 -0.250905 4.15423 22 821 17908 17907 1 0 0 3 
3.31897 -5 0.428812 -0.357588 0.274479 0.22085 4.01243 22 822 7238 7237 1 0 0 3 
2.30094 -5 -1.19758 -0.163105 0.366634 -0.132653 4.19452 22 823 10223 10141 1 0 0 2 
0.760948 -5 1.78652 -0.292643 0.251572 0.334949 3.98493 22 824 2367 2335 1 2.41643 2.41643 47 
5 3.35598 -1.42661 -0.15682 0.436553 0.202153 4.00704 22 827 10401 10350 1 0.190633 0.190633 13 
-2.56423 2.4745 -5 0.0166128 -0.0200334 0.346429 3.99638 22 828 16791 16740 1 0 0 4 
3.47071 -0.874827 -5 -0.418623 0.512308 0.814593 3.94742 22 830 40435 40351 1 0 0 1 
1.42263 2.53537 5 -0.182543 0.200338 -0.241216 4.15747 22 831 34057 33820 1 0 0 1 
5 -0.937834 -4.5733 -0.431713 -0.125086 -0.0490742 4.04932 22 832 12990 12902 1 0.479087 0.479087 6 
5 4.72827 1.04014 -0.263502 0.435644 -0.043601 4.20528 22 833 1777 1750 1 0 0 2 
5 4.68084 -4.51362 -0.0964451 0.372299 -0.122333 4.13828 22 834 3433 3432 1 0 0 2 
-2.28154 -2.51147 -5 -0.211098 0.289812 0.178854 4.00017 22 835 1404 1 1 0 0 5 
-2.55117 -0.94358 -5 -1.97396 3.02069 7.9056 3.9355 22 836 18447 18446 1 0 0 2 
5 -4.19179 -4.36614 -0.315192 0.293282 0.110151 3.96717 22 837 48823 48678 1 0.44338 0.44338 57 
-2.80582 -1.56174 5 -0.480165 0.872373 -1.19579 4.06492 22 838 24026 24025 1 0.0445675 0.0445675 6 
-3.29326 -5 1.38445 -0.282483 0.422294 -0.0546926 4.13072 22 839 10883 10852 1 0 0 1 
-3.01631 -5 1.33845 -0.320844 0.389343 0.081183 4.07307 22 840 32490 32489 1 0 0 1 
-0.728964 -5 -1.62027 -0.24393 0.432336 0.12126 4.01361 22 843 1135 1134 1 0 0 3 
1.75263 3.10277 -5 -0.548433 0.748799 0.979151 4.0102 22 844 2196 2118 1 0.352617 0.352617 30 
5 1.74393 1.3297 -0.717547 0.649474 1.29828 3.95978 22 845 3221 2952 1 0 0 4 
5 1.27919 -0.797453 -0.198016 0.34158 0.647833 3.9866 22 847 31759 31385 1 0 0 1 
-4.44564 0.681026 -5 -0.106544 0.145738 0.187087 3.95978 22 851 20338 19386 1 0 0 1 
3.08028 -4.67047 -5 0.0888365 0.0406616 0.245192 4.06462 22 852 9433 9430 1 0 0 2 
5 -4.55639 1.54719 -0.417734 0.170576 0.185291 3.995 22 854 23206 22839 1 0 0 1 
0.26574 -5 0.704097 -0.22892 0.144552 0.115851 4.02515 22 855 14525 14455 1 0.294026 0.294026 26 
-4.09371 -5 4.49474 -3.38699 5.75488 3.90974 4.03526 22 856 5158 4988 1 0 0 1 
1.92947 -5 3.0127 -0.112686 0.380679 0.0450451 4.00007 22 857 43085 43037 1 0 0 1 
-3.72099 -3.51543 -5 -0.884183 0.737342 1.10805 3.9459 22 858 15781 15753 1 0.684358 0.684358 46 
1.13845 -5 1.18756 -0.344529 0.285083 0.339068 3.97335 22 859 11230 9268 1 0.550831 0.550831 32 
1.71154 -5 2.78729 -0.475837 2.09095 0.226703 4.03163 22 860 41531 41530 1 0 0 2 
3.65201 -5 -2.4223 -0.248381 0.283222 -0.107 4.13005 22 861 6721 6695 1 0.0819778 0.0819778 3 
0.799247 0.59275 -5 -0.808759 1.2504 1.92054 3.93466 22 862 54257 53954 1 0 0 1 
-1.09018 -5 -1.16571 0.0597773 0.368549 -0.348882 4.00272 22 864 12124 12120 1 0 0 1 
5 0.643898 -1.08594 -1.63212 3.47928 2.09766 4.02374 22 866 9368 9367 1 0.358356 0.358356 28 
-4.92432 -5 0.183737 -0.0479239 0.341606 0.319934 4.06827 22 867 7974 7895 1 0 0 1 
-0.87927 -5 0.617495 -0.624101 0.689311 0.557492 4.03361 22 868 21958 21955 1 0 0 2 
4.69356 -5 0.483588 -0.278379 0.400203 -0.0168772 4.0973 22 869 36998 36970 1 0.487496 0.487496 20 
-2.63449 -4.54797 -5 -0.215648 0.441175 0.141351 4.06089 22 870 37271 37270 1 0 0 1 
-3.57279 -5 -0.671077 -0.397735 0.702938 1.23664 3.96603 22 871 19007 19006 1 0 0 1 
4.38423 0.326468 -5 -1.70242 2.31438 1.4256 4.05649 22 872 1926 1888 1 0 0 4 
-0.44831 -5 2.04198 0.0459762 0.411697 0.963454 3.95299 22 874 8158 6596 1 0.287109 0.287109 34 
-4.03212 -5 4.39562 -0.260262 0.245988 0.243423 3.98201 22 876 2074 1895 1 0.234791 0.234791 6 
5 0.106262 4.16787 -0.189684 0.142256 -0.139895 4.05964 22 877 28582 28538 1 4.16113 4.16113 38 
5 -3.55915 -3.20847 -0.959625 0.726949 1.38967 3.96899 22 878 8072 8047 1 2.89819 2.89819 8 
4.31656 -5 1.56614 0.0508159 0.00603521 -0.140525 4.10625 22 879 60457 60308 1 0 0 1 
5 1.95484 1.79263 -0.232488 0.0460119 0.166103 4.06201 22 880 10728 10727 1 0.289212 0.289212 19 
0.710007 -5 -0.620972 -0.256187 0.422988 0.128722 4.05093 22 881 14306 14303 1 0 0 1 
1.56177 -4.33162 -5 -1.12109 1.45761 3.41778 3.93766 22 883 1485 1299 1 0 0 2 
-1.92344 -5 1.50265 -0.0107034 0.153088 -0.170497 4.20424 22 885 6742 6621 1 0.22925 0.22925 11 
5 1.9513 4.86097 -1.94209 2.54836 1.41969 4.04368 22 886 12854 12777 1 0 0 2 
3.62503 -5 -2.78634 -0.378421 0.648647 0.144157 3.99342 22 889 14781 14283 1 0 0 2 
-2.2904 -4.19986 -5 -0.140888 0.260623 0.171941 4.01706 22 890 11809 11793 1 0 0 2 
5 -3.15508 3.45534 -0.745886 1.62023 -0.939491 4.15051 22 891 22334 22235 1 0.510623 0.510623 25 
5 0.903585 1.68685 -0.67999 0.658873 -0.407459 4.27105 22 892 21871 21870 1 0 0 1 
5 -2.56308 3.73796 -0.46969 0.0663266 0.190031 4.25977 22 893 27146 27145 1 0 0 2 
5 -3.57192 -4.73292 -0.288516 0.456142 0.858028 3.94083 22 895 21740 21546 1 0 0 4 
2.80797 -3.66419 -5 -0.337929 0.821623 0.759967 3.97109 22 897 2246 1 1 0 0 2 
0.492794 -5 2.35216 -1.27263 2.2218 1.69391 3.98979 22 898 9686 9452 1 0 0 2 
5 -0.396457 -0.527941 -0.373785 0.342984 -0.0613711 4.03775 22 899 16098 16097 1 0 0 3 
4.89319 -5 1.79989 -2.84112 4.67203 6.044 3.98903 22 900 8135 8037 1 0 0 3 
4.10222 -5 3.04828 -0.167237 0.337722 -0.0749877 4.11899 22 902 5267 4929 1 0.0443436 0.0443436 4 
1.96105 -5 -1.68225 -0.360203 0.174041 -0.0890522 4.04436 22 903 16978 16939 1 0 0 2 
1.97206 -5 -1.43101 -1.72884 3.37852 -0.0676025 4.08517 22 904 22998 22939 1 0 0 4 
2.00748 -5 -2.69733 -0.672539 0.899338 0.662167 4.00458 22 906 1814 1756 1 0 0 1 
-0.708135 -5 3.2022 -0.19953 0.391451 0.260909 4.01863 22 907 35999 35965 1 0 0 1 
5 1.03591 -4.6171 -0.116154 0.428051 -0.253773 4.20651 22 908 4230 4228 1 0 0 2 
5 -4.3906 -2.47231 -2.07778 4.07098 0.89888 4.04132 22 909 13978 13933 1 0 0 1 
4.31574 -5 3.32992 -4.19838 9.6758 1.06126 4.05271 22 910 6513 6511 1 0 0 1 
4.37021 4.3946 -5 -0.12043 0.318521 0.509429 3.94526 22 911 2253 2193 1 0 0 4 
5 3.69685 1.43824 -0.240432 0.44984 0.0309283 4.064 22 912 13159 13157 1 0.613243 0.613243 8 
2.54481 -2.19992 -5 -0.337978 0.160428 0.131314 4.17281 22 913 22422 22421 1 0 0 1 
5 -4.94594 -2.49606 -0.344243 0.202405 -0.0769164 4.12138 22 915 22261 22260 1 0.14032 0.14032 2 
3.77673 -5 2.47696 -1.52076 2.66699 1.82687 3.977 22 917 2198 2147 1 0 0 5 
-3.24818 -5 4.10535 -0.155283 0.390022 0.568707 3.9874 22 918 13834 13655 1 0.358464 0.358464 35 
1.56509 -2.15605 -5 -0.509588 0.845514 1.83447 3.92857 22 919 53793 52669 1 0 0 1 
-4.68448 -5 3.28242 -0.250731 0.476038 0.64113 4.02093 22 920 12228 12104 1 0 0 1 
-0.391321 -5 -0.0354056 -0.392902 0.411895 1.03698 3.94743 22 921 24949 24291 1 0 0 3 
5 -4.33319 4.92092 -0.882476 1.43202 1.10233 4.00819 22 923 44005 43899 1 0 0 2 
-1.37347 -5 4.77822 -0.426843 0.613447 0.973887 3.98071 22 924 18577 18321 1 0 0 2 
-4.95988 -5 3.44316 -0.165547 0.255999 0.0532347 4.04071 22 925 46081 45996 1 0 0 1 
-3.3809 -5 -3.49132 -0.161319 0.422189 -0.116161 4.07798 22 926 22234 22223 1 0 0 2 
4.09919 -5 3.59835 -0.645379 0.457906 0.370175 4.00243 22 927 14794 14792 1 0 0 2 
-4.54587 -5 -3.58794 0.220792 0.0452242 0.0379358 4.26324 22 928 27027 27006 1 0.350921 0.350921 31 
-4.4578 -0.32301 5 -0.141754 0.207067 -0.145571 4.23341 22 929 2544 2518 1 0 0 1 
5 2.33155 0.142876 -0.336011 0.379799 0.0630035 3.99481 22 932 2153 2150 1 0 0 2 
-3.32336 -5 -4.33714 -3.64499 5.17273 0.102595 4.06516 22 934 30795 30713 1 0 0 2 
-3.00769 2.10876 -5 -0.810518 0.829933 0.395186 4.02533 22 936 40356 40351 1 0 0 2 
-1.38574 0.993536 -5 -0.134374 0.161034 0.316538 4.01472 22 938 20919 20882 1 0 0 1 
-2.82496 -0.946639 -5 -1.7652 -0.487528 2.13743 4.01283 -11 939 6059 6058 1 7.50802 7.50802 54 
-1.72922 -5 1.53902 -0.311189 0.232728 -0.127249 4.16766 22 941 13955 13924 1 0 0 1 
3.77763 -5 -2.27865 -0.357301 0.356707 -0.078839 4.06719 22 942 5411 5381 1 0 0 1 
-0.209514 -5 3.9735 -0.488772 0.603316 0.51317 4.01298 22 944 5705 5704 1 0 0 1 
5 -2.02598 -4.63369 -0.134837 0.286253 -0.121909 4.12288 22 945 9108 9064 1 0 0 2 
-0.393141 -5 3.49399 -0.0916194 0.138437 0.188392 3.96564 22 949 6025 5908 1 0 0 2 
3.15807 -5 1.13013 -0.278986 0.688158 0.577175 3.99766 22 951 20203 20189 1 0 0 1 
3.85662 3.92786 -5 -0.297927 0.402008 0.103677 4.03121 22 952 5009 4982 1 0 0 5 
-4.62784 -5 -0.176997 -2.22158 4.88568 -1.50084 4.35202 22 953 15624 15623 1 0 0 2 
-1.17713 -5 -1.9967 -0.105554 0.151976 0.21802 3.96598 22 954 15636 15626 1 0 0 1 
-1.34915 -5 4.01505 -0.0243938 0.429318 0.0492914 4.15566 22 955 17856 17855 1 0 0 1 
0.130939 -3.12124 5 -0.169148 0.135531 -0.212722 4.11067 22 956 23357 23356 1 0 0 1 
1.56193 -5 1.91076 -0.181955 0.399657 0.261318 4.00841 22 957 15558 15521 1 0 0 2 
5 -3.60873 0.517108 -0.0864649 0.76292 -0.0822862 4.09577 22 960 1045 1 1 0 0 2 
5 0.044874 -1.29506 -0.110679 0.490385 0.318334 4.03652 22 962 28663 28644 1 0.335924 0.335924 2 
5 1.87018 2.41996 -0.676063 0.00969494 -1.1976 4.16805 22 963 24074 24073 1 0 0 2 
-2.51985 -5 -0.964456 -0.24923 0.370759 0.248077 4.00384 22 964 3196 3195 1 0 0 2 
5 2.56961 2.73858 -0.463774 0.213687 0.0192667 4.13831 22 965 10237 10213 1 0 0 2 
4.46902 -5 1.82415 -0.353964 0.267843 0.0349034 4.15319 22 966 22718 22716 1 0.220288 0.220288 4 
5 -4.93845 0.984635 -0.10636 0.30618 -0.081623 4.10751 22 967 16084 15978 1 0 0 4 
2.73334 -5 -1.46394 -0.540989 0.429636 0.0370052 4.06794 22 969 23107 23086 1 0.229962 0.229962 2 
2.26719 -1.24793 -5 -0.49012 2.04931 0.423276 4.03727 22 970 4495 4423 1 1.23984 1.23984 90 
3.07152 -5 0.221301 -0.123966 0.406016 0.157611 3.9993 22 972 11592 11591 1 0 0 3 
-1.42095 -5 4.84576 -0.176611 0.447448 0.172391 4.04822 22 974 29527 29526 1 0 0 3 
5 1.64556 -4.49917 -0.794225 2.07761 -0.610039 4.15999 22 975 34295 34294 1 0 0 1 
4.39687 -5 0.71332 -0.234987 0.43816 -0.117971 4.28866 22 977 7207 7205 1 0 0 3 
-1.56599 -5 3.9918 -1.17443 0.893604 0.625438 4.01229 22 978 26406 25516 1 0.446098 0.446098 32 
-3.89393 1.94235 -5 -1.51586 2.38802 2.53634 3.98925 22 979 14326 14323 1 0 0 2 
5 -4.74361 2.68077 -5.09102 6.44673 13.7983 3.95537 22 980 3748 3686 1 0 0 5 
-4.36161 -4.67693 -5 -0.828015 0.0148611 0.592101 3.95866 22 981 33686 33611 1 0.0761498 0.0761498 27 
2.45893 -4.31852 5 -0.217558 0.239056 -0.0817597 4.1941 22 982 2906 2905 1 0 0 2 
5 -3.95272 -0.12113 -0.0308347 0.234753 0.0970387 4.00818 22 983 15481 15448 1 0 0 1 
4.3584 -5 4.85148 -0.172987 0.480372 0.0209277 4.1328 22 985 26659 26633 1 0.121407 0.121407 2 
-2.76596 4.16129 -5 0.109376 0.377882 0.326131 4.02759 22 987 33612 33609 1 0 0 1 
5 -4.40977 2.6183 -0.170469 -0.070502 -0.0704793 3.95608 22 988 6901 6840 1 0 0 2 
0.0961068 -5 -2.48865 -0.187511 0.463463 0.105646 4.01088 22 989 1891 1889 1 0.0713191 0.0713191 7 
1.745 -5 -4.4784 -0.179718 0.4737 0.0665549 4.04699 22 990 7582 7561 1 0.510683 0.510683 25 
-2.94837 0.00470086 -5 -0.837762 1.68359 0.392119 4.05512 22 992 22102 22101 1 0 0 2 
3.665 -5 2.0961 -0.0455735 0.226495 -0.134751 4.07188 22 993 2213 2150 1 0.0981993 0.0981993 3 
1.55354 -5 0.339729 0.0732869 0.455262 -0.220194 4.16433 22 994 13275 13274 1 0 0 2 
-0.8839 -2.73026 -5 -2.12028 4.60053 9.66426 3.92928 22 995 14008 13899 1 0.318335 0.318335 6 
1.73947 -5 3.65694 -0.534518 0.286576 -0.0610629 4.0434 22 997 2445 2253 1 0 0 2 
3.5183 -5 -3.14134 -0.245774 0.673409 -0.404965 4.1923 22 998 5913 5776 1 0 0 7 
-1.5079 -5 -3.33677 -0.19334 0.410307 0.235345 4.00692 22 1000 5467 5441 1 0.510417 0.510417 36 
