# Det2_1_7
#x y z Px Py Pz t PDGid EventID TrackID ParentID Weight Edep VisibleEdep Ntracks
4.87791 5 4.76334 -0.411563 -0.464916 0.547078 3.66215 22 1 21932 21876 1 0 0 2 
5 0.275435 2.5477 -0.303518 -0.114215 -0.196783 3.75361 22 2 1224 1223 1 0.378642 0.378642 42 
-0.166096 5 3.90007 -0.254799 -0.211407 -0.0272762 4.03732 22 3 23669 23668 1 0 0 1 
1.14501 5 2.63293 -0.358127 -0.364243 0.0138326 3.75835 22 4 22841 22840 1 0 0 2 
5 3.67082 2.84893 -0.568666 -0.597325 -0.225718 3.72324 22 5 19164 19086 1 0.196945 0.196945 16 
4.22222 5 2.70584 -0.307386 -0.713663 -0.0807095 3.70519 22 6 20557 20555 1 0 0 1 
-1.37409 5 -2.21189 -0.183568 -0.402745 -0.255381 3.9238 22 7 34557 34553 1 0 0 1 
-3.25928 3.7048 5 -0.80916 -0.624268 -1.1993 4.1431 22 10 28481 28480 1 0 0 1 
5 -1.57187 1.38283 -0.433573 -0.325785 -0.115548 3.79321 22 15 31895 31876 1 0.0636607 0.0636607 4 
-3.5238 -3.49743 5 0.116757 0.145948 -0.255712 4.29451 22 17 18709 18707 1 0.31634 0.31634 23 
5 3.56621 4.15449 -1.48739 -2.92882 0.133872 3.73818 22 22 20623 20622 1 0 0 1 
2.38987 0.454504 5 -0.183684 -0.185138 -0.373811 4.15566 22 25 7638 7635 1 0 0 2 
5 -4.33726 1.37756 -0.378863 -0.402104 -0.189823 3.78111 22 26 43633 43583 1 0 0 1 
1.50575 5 -4.14657 -0.252838 -0.263273 -0.12391 3.76663 22 29 53720 53696 1 0 0 1 
5 1.29499 2.93932 -0.302078 -0.316052 -0.264537 3.78532 22 30 28562 28561 1 0 0 1 
-3.25964 -3.37676 5 -0.266746 -0.372826 -0.22576 3.93711 22 32 13821 13820 1 0.275354 0.275354 2 
-4.93127 -2.11017 5 -0.26558 -0.279706 -0.267143 3.93373 22 34 40651 40222 1 0 0 2 
2.40834 5 -2.33859 -0.383574 -0.206437 -1.07093 4.32566 22 35 23712 23693 1 0 0 3 
1.10456 5 3.97754 -0.309072 -0.356512 0.110016 3.73129 22 36 55052 54999 1 0 0 1 
0.592585 -2.31487 5 0.0951116 0.00640238 -0.119084 4.02511 22 38 37582 37558 1 0.152188 0.152188 20 
-0.350914 5 2.66687 -0.347192 -0.3257 0.185735 3.70699 22 45 7825 7809 1 0 0 1 
4.81529 5 1.99006 -0.18278 -0.180352 0.255842 3.64579 22 49 25176 25175 1 0 0 1 
5 3.39261 0.381328 -0.0875122 -0.179865 -0.0932263 3.77464 22 53 28963 28962 1 0.220544 0.220544 10 
3.20616 5 1.20344 -0.649994 -0.731945 1.02935 3.65047 22 57 45167 1 1 0 0 1 
5 0.261161 0.432277 -0.285166 -0.292198 0.307279 3.67767 22 62 52023 52022 1 0 0 1 
-4.87442 5 3.3251 -1.71715 -1.14287 -0.526795 3.85562 22 64 21052 21051 1 0 0 1 
5 -2.62585 -3.91592 -0.835063 -0.654822 -0.344275 3.79049 22 68 12987 12822 1 0 0 1 
5 -1.50531 -2.04698 -0.266799 -0.35678 -0.306146 3.91836 22 69 5802 5797 1 0 0 1 
1.1954 5 3.42291 -0.145369 -0.397244 0.217375 3.76264 22 71 1319 1317 1 0 0 1 
-1.06873 2.02398 5 -0.0825234 0.141708 -0.21232 3.9627 22 73 18708 18683 1 0 0 1 
1.67121 5 0.416145 -0.662199 -1.73622 -1.65732 3.92167 22 74 3586 3585 1 0 0 2 
2.21525 5 3.09017 -0.216213 -0.41815 0.198803 3.70475 22 77 60187 60186 1 0 0 1 
-2.58056 5 -0.385646 -0.334469 -0.541231 0.205392 4.66775 22 79 40305 40276 1 0 0 1 
-3.87352 -3.0292 5 -0.371012 -0.173321 -0.305663 3.88219 22 80 28875 28874 1 0 0 1 
3.04739 5 4.9116 -0.211795 -0.455694 -0.0927687 3.76849 22 81 34288 34287 1 0 0 1 
1.28442 2.61764 5 -0.0895344 -0.241595 -0.130817 3.86904 22 87 23967 23906 1 0 0 1 
5 -1.60924 -3.3982 -1.49331 -1.9097 -0.25095 3.72428 22 88 31459 31371 1 0 0 1 
-1.20085 0.109288 5 -0.583567 -0.0895607 -1.80981 4.3677 22 91 48234 48233 1 0 0 1 
-4.8002 5 2.81243 -0.320732 -0.378448 0.12259 3.71518 22 94 1407 1386 1 0.510294 0.510294 53 
4.78518 -4.10957 5 0.167823 -0.072227 -0.243787 3.83829 22 95 34494 34493 1 0.567955 0.567955 23 
-1.26985 5 3.48937 -0.298803 -0.396537 0.120809 3.70108 22 97 30426 30425 1 0 0 1 
0.0903965 4.1374 5 0.0805921 -0.0331578 -0.164607 3.94561 22 98 43735 43734 1 0.185982 0.185982 13 
5 2.54097 -2.25538 -0.297909 -0.349906 -0.149558 3.74537 22 99 22327 22326 1 0.482981 0.482981 23 
3.41873 5 -0.749358 -0.353837 -0.363721 -0.060219 3.67402 22 100 46697 46696 1 0 0 1 
0.731793 5 3.30248 -0.348362 -0.21619 0.0772081 3.74397 22 101 43343 43289 1 0 0 1 
-0.200025 2.55169 5 -0.241291 -0.0734522 -0.347844 3.9105 22 104 5643 5642 1 0 0 4 
0.731644 5 -1.65603 -0.287807 -0.373797 0.196373 3.68992 22 105 41521 41519 1 0 0 1 
5 1.4758 -1.31639 -0.661203 -0.867203 -1.22333 3.93905 22 109 51729 51728 1 0 0 1 
1.50244 5 -4.5907 -0.10236 -0.210308 -0.238732 3.83531 22 110 29233 28949 1 0 0 1 
5 1.52996 2.9291 -0.118654 -0.144443 -0.211323 3.77546 22 112 4381 4331 1 0.140944 0.140944 4 
-0.313494 5 4.35159 -0.234704 -0.112384 -0.0698739 3.74258 22 115 36768 36703 1 0.269245 0.269245 17 
-5 -2.94093 -2.38984 0.217088 0.0230711 -0.74332 4.45945 22 119 9868 9798 1 0 0 1 
2.47588 5 -2.67296 -0.154206 -0.186513 -0.450059 4.25088 22 122 2015 2014 1 0 0 2 
0.581796 5 1.37613 -0.131633 -0.164574 -0.465519 4.29957 22 123 31390 31350 1 0.510467 0.510467 30 
3.98963 -4.38929 5 -0.0699489 0.152122 -0.0859599 4.09792 22 125 27536 27535 1 0.187915 0.187915 18 
-2.53506 5 3.37607 -0.120691 -0.126298 -0.168596 3.90324 22 126 45534 45438 1 0.212435 0.212435 34 
3.19315 -0.611681 5 -0.229935 -0.0738482 -0.132909 3.74721 22 127 37010 37009 1 0.275308 0.275308 22 
3.07471 -1.3292 5 0.14208 -0.14944 -0.202505 3.92484 22 128 12781 12690 1 0 0 4 
-1.73154 5 3.47238 -0.0244319 -0.280534 -0.421603 3.86335 22 129 38755 38622 1 0 0 1 
-4.38035 5 1.705 0.0933681 -0.230852 -0.115505 4.17361 22 130 11036 11035 1 0.274284 0.274284 18 
-2.4252 3.95398 5 0.0775225 -0.00678109 -0.211036 3.88852 22 131 6914 6913 1 0.224457 0.224457 28 
1.53721 1.05361 5 -0.26151 -0.0498211 -0.213326 3.90058 22 132 21476 21475 1 0 0 1 
2.78982 5 -3.52608 -0.230591 -0.287645 -0.353848 3.93177 22 133 10731 10701 1 0 0 1 
5 2.09633 0.581476 -2.37563 -2.60657 -1.02314 3.7308 22 134 18591 18590 1 0 0 1 
5 -2.21633 3.84016 -0.822254 -1.44005 1.12458 3.6798 22 135 44645 44540 1 0 0 1 
4.56946 4.24019 5 -0.205842 -0.27466 -0.378565 3.88209 22 136 49852 49851 1 0 0 1 
4.8061 2.03086 -5 -0.188332 -0.114486 0.461025 4.08923 22 138 30567 30566 1 0 0 1 
5 3.61426 -2.90599 -0.175759 -0.250688 -0.312122 4.03019 22 139 31224 31222 1 0 0 1 
5 3.6968 -0.655481 -0.633072 -0.969468 -0.976626 3.8293 22 143 20065 20047 1 0 0 3 
4.70321 -5 -3.95125 -0.139383 0.215354 -0.0344947 3.82244 22 145 17517 17516 1 0 0 1 
-1.11327 -5 -0.734576 0.0735368 0.10975 -0.240211 4.11064 22 146 8964 8963 1 0.273599 0.273599 33 
4.60904 -3.17233 5 -0.247467 -0.718806 -1.10797 4.04144 22 147 37907 37905 1 0 0 1 
4.16531 -0.0658482 5 -0.372945 -0.510814 -0.646999 3.99832 22 148 4365 4364 1 8.36122 8.36122 26 
3.95496 5 -0.833922 -0.96596 -1.24791 -1.19491 3.89585 22 150 7120 7100 1 0 0 1 
5 -1.24754 3.03918 -0.219719 -0.459412 -0.0422408 3.79452 22 155 25468 25467 1 0 0 1 
-3.83966 5 2.43837 -0.185469 -0.323308 0.0465822 3.77506 22 156 17445 17444 1 0.0445507 0.0445507 2 
-2.05991 5 -2.52011 -0.151357 -0.197999 -0.616596 4.13727 22 159 18497 18494 1 0 0 2 
5 -3.68035 3.62967 -0.0474039 -0.383958 0.0386267 4.96482 22 160 34519 34490 1 0 0 1 
1.97996 5 4.95521 0.395393 -0.507734 -0.468769 4.1323 22 161 13448 13356 1 0 0 1 
5 -3.53769 1.72882 -0.266242 -0.33169 -0.283226 3.77973 22 162 15526 15525 1 0 0 1 
4.5827 5 -0.729172 -0.33265 -0.999184 -0.262127 3.73523 22 164 38610 38609 1 0.694894 0.694894 26 
5 -3.7855 1.132 -0.724269 -0.780613 0.815424 3.67724 22 165 52902 52901 1 0 0 1 
0.540465 5 2.77223 -0.759393 -0.563209 -0.32417 3.80481 22 167 40309 40308 1 0 0 1 
2.7647 0.621645 5 -0.280105 -0.366195 -0.139005 3.90609 22 169 35432 35431 1 0.272403 0.272403 13 
3.27426 3.98577 5 0.0530381 0.0394509 -0.301326 4.45056 22 171 8546 8544 1 0 0 1 
-2.13521 -3.97483 5 -0.0832152 -0.337275 -0.28491 4.31901 22 172 25075 25047 1 0 0 3 
3.11526 -2.11406 -5 -0.0484533 -0.233911 0.0387079 4.0821 22 175 33548 33547 1 0.241726 0.241726 17 
3.55693 -4.51459 5 -0.0278551 0.0288494 -0.509423 3.87803 22 182 43558 43557 1 0 0 1 
2.71134 5 -2.74672 0.247421 -0.251206 0.032469 3.66665 22 184 37831 37801 1 0 0 1 
3.40359 3.93619 5 -0.0787197 -0.213238 -0.45766 4.16085 22 185 20296 20264 1 0 0 1 
5 4.78305 4.62006 -1.69184 -3.40092 0.792254 3.70932 22 188 43787 43732 1 0 0 1 
5 0.616459 -3.56908 -0.18616 -0.34367 -0.251266 3.78759 22 189 10227 10199 1 0 0 1 
0.516406 2.37593 5 -0.289962 -0.285304 -0.309263 3.91681 22 190 23022 23021 1 0 0 1 
-4.85617 5 1.49133 -0.403843 -0.303604 0.0765183 3.74248 22 191 56979 56978 1 0 0 1 
-0.831011 5 3.82665 -0.322149 -0.384954 0.101193 3.69521 22 192 16990 9259 1 0 0 1 
-1.34462 0.461911 5 -0.229368 -0.416927 -0.18623 3.83039 22 193 53090 53089 1 0 0 1 
-4.3988 4.34407 5 -0.0383669 -0.148192 -0.650294 5.29713 22 195 11976 11900 1 0 0 1 
1.25878 5 -1.37097 -0.654218 -0.519842 0.610597 3.62775 22 199 34543 34362 1 0 0 1 
4.51132 5 -3.36497 -0.29077 -0.433375 -0.215613 3.77646 22 202 3580 3559 1 0.298379 0.298379 4 
5 0.139514 1.90754 -0.267553 -0.216864 -0.377499 3.92798 22 204 7742 7724 1 0 0 1 
5 2.56895 1.40131 -0.613342 -0.342172 -0.407973 3.78613 22 205 16379 16319 1 0 0 2 
0.377225 5 3.47066 -0.296769 -0.412399 -0.0545505 3.75095 22 206 36706 36671 1 0 0 1 
1.39701 5 2.39935 -0.116237 -0.427004 -0.17316 3.75184 22 209 18901 18880 1 0 0 2 
5 -4.00341 2.79621 -0.317246 -0.376111 -0.137896 3.83384 22 210 42397 42396 1 0 0 2 
5 4.04503 1.08404 -0.411726 -0.53371 0.36881 3.65766 22 212 19424 19407 1 0 0 2 
0.469779 5 2.04335 -0.254181 -0.395173 -0.102864 3.70729 22 219 47074 47073 1 0.480743 0.480743 16 
-3.33515 5 -1.91679 -1.66191 -1.18897 -2.29086 3.93696 22 220 6875 6821 1 1.51408 1.51408 10 
2.14918 5 -4.00737 -0.0393991 -0.404477 0.0251703 3.86019 22 223 14636 14570 1 0 0 1 
4.17209 -3.74136 5 -0.1686 -0.309286 -0.218368 3.96474 22 224 2895 2839 1 0 0 3 
5 4.66749 1.61957 -0.158993 -0.218443 -0.235311 3.92215 22 226 23654 23574 1 0 0 1 
2.11019 5 -0.985304 -0.170913 -0.242469 -0.416957 3.90512 22 227 35727 35695 1 0.337397 0.337397 4 
2.53012 0.227914 -5 -1.57774 -1.38296 1.21127 3.64606 22 229 45456 45425 1 0.725977 0.725977 6 
1.86328 -3.55782 5 -0.0251082 -0.270835 -0.129385 4.03883 22 231 45274 45273 1 0 0 1 
4.71652 5 -0.333246 -0.296238 -0.312952 -0.00183593 3.8194 22 232 23396 23395 1 0 0 1 
5 4.85156 -2.84251 -0.191895 -0.259056 -0.336483 3.92419 22 233 46506 46504 1 0 0 1 
2.02204 5 4.81353 -0.570056 -0.923334 0.042406 3.78469 22 234 13336 13282 1 0 0 1 
5 3.55918 3.06701 -0.210816 -0.0642347 0.0952715 3.97799 22 236 20951 20800 1 0 0 1 
-0.663505 3.97036 5 -0.126266 -0.17399 -0.226109 3.98072 22 237 23956 23955 1 0.31147 0.31147 36 
1.19701 5 4.86771 -0.184652 -0.302729 -0.0552566 3.69703 22 241 19524 19523 1 0.358392 0.358392 30 
4.20968 -3.09738 5 -0.283668 -0.0900766 -0.415378 3.9922 22 243 7729 7728 1 0 0 2 
3.61344 4.9269 5 0.174398 0.000329542 -0.118261 3.78506 22 244 28471 28417 1 0 0 1 
1.46964 5 -4.29063 -0.196782 -0.477367 -0.165855 3.76536 22 245 22118 22076 1 0 0 1 
5 -3.58379 -0.629589 -1.96097 -4.96386 -2.75113 3.77861 22 247 33673 33671 1 0 0 1 
4.45066 1.04193 -5 -0.193572 -0.304658 0.0588078 3.69885 22 249 21062 20952 1 0 0 1 
-4.14216 3.24053 5 -0.157734 -0.180071 -0.203879 3.86557 22 252 32829 32828 1 0 0 1 
-1.03412 5 3.53101 -0.314329 -0.364435 -0.171768 3.85939 22 254 19837 19836 1 0 0 1 
5 0.202393 -0.575392 -0.182237 -0.370755 -0.0164921 3.71005 22 256 26652 26651 1 0.41317 0.41317 17 
-0.518284 5 0.294332 -0.356354 -0.292691 -0.220145 3.81068 22 262 8125 8088 1 0.378072 0.378072 3 
5 -2.53515 -0.21171 -0.218558 -0.31863 -0.123202 3.85239 22 266 19044 19018 1 0 0 1 
5 -2.0232 4.2873 -0.106624 -0.212938 -0.375946 4.27162 22 267 16318 16284 1 0 0 1 
3.45138 5 -2.56143 -0.239889 -0.196686 -0.406064 4.00816 22 269 9003 8985 1 0 0 1 
4.19644 0.00352849 5 -0.108389 -0.174588 -0.467858 4.10453 22 271 21377 21376 1 0 0 1 
5 -1.76992 3.64217 -0.40773 -0.388039 -0.0583317 3.75769 22 272 43055 42973 1 0.512491 0.512491 17 
-3.89356 5 -4.39788 -0.387227 -0.306312 -0.131712 3.89009 22 273 17760 17759 1 0 0 2 
1.28743 5 4.01593 -0.0872073 -0.336598 0.0241825 3.87331 22 274 5282 5247 1 0.568181 0.568181 36 
-4.23471 5 4.14337 -0.359289 -0.423542 0.297567 3.70816 22 275 34409 34408 1 0 0 1 
3.39035 -0.883554 5 -0.881145 -1.02775 -1.45497 4.03417 22 276 11437 11436 1 0 0 2 
-2.92931 3.49008 -5 -0.297203 -0.301529 0.282541 3.61494 22 279 52228 52226 1 0 0 1 
5 3.75982 4.24997 -0.0997896 -0.257975 0.0777258 3.68632 22 280 57549 56814 1 0 0 1 
-3.92005 0.37514 5 0.140682 -0.209342 -0.200913 3.83812 22 281 39757 39728 1 0.322148 0.322148 20 
5 1.51602 4.80458 -0.934448 -0.807333 -0.492834 3.84194 22 282 25761 25736 1 0 0 1 
5 -0.26337 -3.83575 -0.315833 -0.399587 -0.041228 3.70691 22 284 25696 25693 1 0 0 1 
-4.85022 5 0.98953 -0.742702 -1.43732 -0.312736 3.74214 22 286 15514 15513 1 0.510681 0.510681 21 
-2.3657 3.09445 -5 -0.0463906 -0.331587 0.305507 3.65646 22 288 15875 15872 1 0 0 1 
-3.53386 -3.27917 5 0.165654 -0.273171 -0.351822 4.34911 22 293 52054 51984 1 0 0 1 
-3.56977 3.79546 5 -0.22481 0.021142 -0.208573 4.18122 22 294 48310 48308 1 0 0 1 
5 -3.63336 -0.367938 -0.546699 -0.753481 -0.0987043 4.74502 22 295 59685 59554 1 0 0 2 
-3.0196 5 -3.80216 -0.00789324 -0.258944 -0.114147 4.23411 22 297 17039 17036 1 0 0 3 
-1.21519 5 3.20991 -0.701079 -0.361641 0.381736 3.91967 22 300 36228 36227 1 0 0 3 
1.58416 -0.141745 -5 -0.218914 -0.0348 0.121875 3.92586 22 302 43132 43131 1 0.252441 0.252441 36 
5 0.403555 -4.52536 -0.330003 -0.348331 -0.175737 3.7509 22 303 9551 9550 1 0.210854 0.210854 25 
5 3.73724 3.65799 -0.925444 -1.11483 -0.940665 3.89386 22 305 14340 14250 1 0 0 1 
5 3.39091 -0.64487 -0.286295 -0.409394 -0.107478 3.76633 22 307 46945 46909 1 0 0 3 
-0.964206 2.09379 5 -0.284849 -0.298276 -0.301682 3.89911 22 308 7632 7631 1 0 0 2 
5 0.149815 1.78103 -0.199376 -0.320428 -0.0765658 3.86057 22 312 52528 52473 1 0 0 1 
4.45468 3.69564 5 -0.101095 -0.0707242 -0.263623 3.7841 22 318 36720 1 1 0.29079 0.29079 18 
0.994291 5 3.14915 -0.259887 -0.246888 0.0271961 3.91572 22 320 35250 35228 1 0.0556716 0.0556716 2 
3.89172 2.00421 5 -0.489267 -0.519926 -0.663891 4.0606 22 322 7595 7547 1 0.298519 0.298519 2 
5 3.66927 3.30187 -0.168746 -0.243752 -0.0209626 3.66587 22 324 18451 1 1 0 0 1 
5 4.42799 -1.28429 -0.200006 -0.311054 -0.180562 3.74303 22 325 34385 34363 1 0 0 1 
-3.43486 0.304408 5 -0.773359 -0.756267 -1.2915 3.98578 22 327 60199 60198 1 0 0 2 
-4.49885 5 -2.33627 -0.370222 -1.04366 0.135866 3.76297 22 328 27978 27977 1 0 0 1 
-1.63083 -2.07791 5 -0.22712 -0.00770534 -0.347926 4.09595 22 330 53223 53204 1 0 0 1 
5 -0.824125 2.9262 -0.269727 -0.188122 0.0629274 3.9911 22 332 48622 48601 1 0 0 1 
-3.27631 5 -0.569646 -0.0235608 -0.457363 -0.42484 4.23346 22 334 18887 18863 1 0 0 1 
2.4267 5 -1.39449 -0.235573 -0.453457 -0.00144787 3.71257 22 338 3033 3032 1 0 0 2 
0.931557 -2.53499 5 -0.32823 -0.605488 -0.47332 3.82859 22 340 51868 51842 1 0 0 1 
-1.56665 5 4.4901 -1.59778 -1.21452 -0.712423 3.82 22 344 9405 9386 1 0 0 1 
-2.24225 5 3.0245 -0.271821 -0.24449 0.0161458 3.73144 22 345 21152 20351 1 0 0 3 
-1.42054 5 0.529331 -0.382274 -0.335234 -0.0510377 3.68344 22 346 6045 6024 1 0 0 3 
4.98484 5 4.86181 -0.28243 -0.411262 0.110531 3.72722 22 347 44729 44728 1 0 0 1 
3.67816 5 4.22549 -1.38881 -1.17069 0.836331 3.96043 11 348 25848 25831 1 1.55295 1.55295 1 
4.31977 -3.82922 5 0.0496634 -0.407757 -0.40222 3.79491 22 349 20121 20106 1 0 0 1 
1.85416 4.32007 5 0.016958 -0.066726 -0.230105 4.4164 22 350 22539 22538 1 0 0 1 
1.36411 5 3.80619 0.0721744 -0.181471 0.136683 3.79921 22 353 3782 3781 1 0 0 1 
-4.77619 -0.792871 5 0.044941 -0.0566 -0.318033 4.10039 22 358 21757 21702 1 0 0 1 
3.60833 1.73562 5 -0.217739 -0.259017 -0.38291 4.04524 22 360 37591 37560 1 0 0 2 
2.99627 5 4.12245 -0.389875 -0.840456 -0.17433 3.83733 22 366 47542 47540 1 0 0 1 
-1.45419 5 4.27642 -0.145958 -0.160107 0.0266637 3.80828 22 367 46562 46548 1 0.107821 0.107821 4 
-4.8746 5 1.47202 -2.34921 -2.74232 1.83462 3.66575 22 372 7756 7754 1 0 0 1 
5 0.554553 3.87259 -0.179563 -0.444824 0.176092 3.67293 22 373 15646 15645 1 0 0 1 
-0.375849 5 -2.43913 -0.162804 -0.143939 -0.21214 4.15395 22 376 21096 21064 1 0.0335369 0.0335369 9 
5 3.53638 3.70709 -0.174016 -0.480353 0.00996833 3.74361 22 378 21924 21923 1 0 0 1 
5 2.50352 -0.253656 -0.345539 -0.354393 0.126997 3.71427 22 380 11188 11187 1 0 0 4 
-4.76686 5 -0.746375 -0.220463 -0.0976866 -0.281515 4.00583 22 381 53886 53875 1 0 0 3 
-3.98953 2.16806 -5 -0.36997 -0.290591 0.199496 3.68802 22 383 7275 7274 1 0 0 2 
1.79215 5 4.8994 -0.387266 -0.377388 0.132593 3.67451 22 385 25041 25040 1 0 0 1 
-4.49928 -2.1317 5 -0.0602511 0.103941 -0.162094 3.84977 22 387 38161 37897 1 0 0 1 
5 -3.11493 3.34314 -0.792134 -0.531686 0.801902 3.65314 22 393 6736 6735 1 0 0 1 
-1.04438 5 3.422 -0.261043 -0.289759 -0.325226 3.8963 22 394 10228 10227 1 0 0 1 
5 -2.45274 -2.7293 -0.242693 -0.0542415 -0.0274734 3.94856 22 395 52474 52449 1 0 0 1 
-2.07646 -0.358508 5 -0.412588 0.0199597 -0.30082 4.18258 22 396 11937 11936 1 0 0 2 
0.285922 5 0.649178 -0.222771 -0.137276 -0.0762735 3.86528 22 397 25350 25325 1 0 0 1 
-2.09394 5 -2.35093 -0.224183 -0.311794 -0.337114 3.97312 22 398 32779 32752 1 0 0 1 
5 -0.381014 -1.80205 -0.24071 -0.402533 -0.0377625 3.74426 22 401 25436 25387 1 0 0 1 
2.77526 2.65241 5 -0.00132252 -0.24972 -0.445823 4.46921 22 402 44781 44777 1 0.638026 0.638026 20 
1.13205 5 2.46198 -0.28135 -0.227291 -0.360972 3.86882 22 405 6451 6424 1 0 0 2 
1.17552 5 0.946105 -0.277678 -0.364207 0.253073 3.6679 22 410 6618 1 1 0 0 1 
5 4.8534 4.4825 -0.12839 -0.306393 -0.222694 3.85233 22 411 26832 26743 1 0 0 2 
2.79523 5 2.80239 -0.79173 -0.970666 1.29333 3.62641 22 412 8088 7956 1 0 0 2 
-3.52053 0.212905 5 0.162746 -0.0375215 -0.0608967 4.1022 22 417 15035 15034 1 0.177513 0.177513 15 
5 4.51046 -2.60818 -0.18356 -0.540773 0.0154858 3.69211 22 418 37029 37028 1 0 0 1 
-1.42293 5 1.77375 -0.342698 -0.280361 0.000914248 3.72147 22 419 13914 1 1 1.59974 1.59974 4 
5 -2.67051 -4.02874 -0.320595 0.00950861 -0.0588254 3.84809 22 420 44053 44051 1 0 0 1 
5 -0.654824 -4.43347 -0.162429 0.0780612 0.155744 3.75201 22 421 43900 43899 1 0 0 1 
4.77345 5 4.176 -0.289355 -0.246997 -0.0125557 3.72382 22 423 32126 31843 1 0.380226 0.380226 24 
3.98776 5 3.58841 -0.188832 -0.235336 -0.118957 3.83946 22 425 34468 34465 1 0 0 2 
-1.45644 5 -1.94614 -0.424475 -0.369411 -0.486858 3.90288 22 428 14602 14522 1 0 0 1 
5 4.46383 4.39899 -0.263817 -0.391782 -0.195007 3.80271 22 429 10820 10819 1 0.317896 0.317896 24 
5 0.911247 3.38845 -0.361094 -0.388128 0.16935 3.70886 22 432 12757 12746 1 0 0 1 
4.01746 5 -2.81563 -0.154904 -0.434807 -0.256283 3.78131 22 433 47021 47020 1 0 0 1 
4.85446 5 4.73856 -0.0498601 -0.235931 -0.135117 3.76249 22 434 14061 13976 1 0 0 1 
5 3.07246 4.87258 -0.182288 -0.366339 -0.306082 3.86813 22 435 7798 7797 1 0.283102 0.283102 4 
5 -0.0200047 1.50285 -0.188208 -0.31441 -0.0780786 3.75149 22 436 49765 49448 1 0 0 1 
0.44334 -2.23998 5 -0.258974 -0.0578594 -0.107685 4.01305 22 441 9316 9315 1 0 0 3 
4.5523 -3.84411 5 -0.601157 -0.438264 -0.48935 3.77324 22 445 18662 18661 1 0 0 1 
5 2.95486 2.42263 -0.482087 -0.409304 -0.399404 3.78239 22 450 31352 31316 1 0 0 1 
5 2.59031 1.54703 -0.172484 -0.410794 -0.250234 3.75971 22 451 5959 5955 1 0.0893723 0.0893723 2 
4.67613 5 1.83993 -0.343834 -0.409689 -0.108321 3.70954 22 452 23509 23507 1 0.0117036 0.0117036 2 
5 -2.794 -3.91057 -0.0411135 -0.20081 0.0581626 3.70304 22 454 5553 1 1 0.385669 0.385669 67 
4.52744 -1.59034 5 -0.175706 -0.266627 -0.398946 4.15241 22 457 8294 8293 1 0.510549 0.510549 27 
-4.44979 5 -1.63231 -0.0991383 -0.393075 0.121328 3.72522 22 458 5362 5331 1 0.488561 0.488561 21 
3.60672 5 3.76751 -0.175671 -0.29995 -0.374553 3.8799 22 460 17423 17422 1 0 0 2 
-2.38525 -2.72229 5 -0.969614 -1.60847 -2.1282 3.85488 22 463 41809 41776 1 0 0 1 
-3.92823 5 -1.22803 -0.383674 -0.732311 -0.877943 3.90607 22 464 40981 40954 1 0 0 1 
0.395749 5 2.87169 -0.252331 -0.412035 0.166361 3.6705 22 467 27791 27775 1 0 0 1 
0.66209 4.03613 -5 -0.0223152 -0.181304 0.227833 3.83094 22 469 17447 17384 1 0 0 1 
3.81365 5 0.31124 -0.527058 -0.396873 -0.429988 4.00274 22 470 9385 9384 1 0 0 2 
5 0.868965 1.00507 -0.40113 -0.286166 -0.393306 3.84774 22 471 18340 18339 1 0 0 3 
-1.33733 4.18243 5 0.0637489 -0.0529561 -0.257759 3.89725 22 472 2911 2854 1 0 0 1 
5 2.38801 4.84294 -1.37524 -1.42098 0.465449 3.70089 22 474 25622 25594 1 0 0 2 
-3.47789 3.44763 5 -0.14775 -0.383039 -0.303365 3.96508 22 475 15366 15364 1 0 0 1 
-3.87552 5 1.64334 -0.377252 -0.439282 -0.353335 4.78193 22 479 9649 9534 1 0 0 1 
5 -2.26682 0.76341 -0.137758 -0.57817 -0.245444 3.80041 22 481 23030 22921 1 2.4872 2.4872 12 
5 3.61044 -3.70685 -0.292193 -0.32328 0.222959 3.88748 22 482 1001 1 1 0 0 2 
-2.68763 5 3.15369 -0.293605 -0.414614 -0.0548757 3.7246 22 485 19805 19804 1 0.0832036 0.0832036 2 
4.84305 3.96222 5 -2.87361 -3.32741 -4.99737 3.78487 22 490 15082 15046 1 3.76008 3.76008 4 
-0.6431 1.92729 5 -0.221188 -0.18774 -0.420654 3.84871 22 491 32624 32621 1 0.538397 0.538397 7 
5 3.81664 3.1881 -1.71631 -1.17023 -0.248626 3.72329 22 496 17532 17529 1 0 0 3 
-5 -4.62342 -0.0651022 0.220533 -0.0193609 -0.259671 4.33981 22 501 3947 3945 1 0 0 1 
-3.58613 5 0.469328 -1.03565 -1.47158 -0.242294 3.76371 22 504 56745 56744 1 0 0 1 
1.05494 5 -2.16699 -0.0121501 -0.245033 0.0300523 3.82941 22 505 48405 48192 1 0.246862 0.246862 18 
4.76703 -0.700794 5 -0.233949 -0.0752575 -0.325051 3.93029 22 506 20460 20457 1 0.648248 0.648248 21 
3.79855 5 3.02132 -0.162385 -0.418575 -0.0880318 3.93317 22 507 19060 19059 1 0 0 1 
0.964817 1.74765 5 -0.344978 -0.32733 -0.403756 3.80264 22 508 26353 26329 1 0 0 3 
5 2.51613 -2.197 -0.089719 -0.0847729 0.13706 4.28046 22 509 10019 9996 1 0 0 1 
0.731396 5 -0.722515 -0.0428283 -0.101069 -0.406267 4.38368 22 512 5835 5819 1 0 0 2 
-0.0965946 5 -1.16012 -0.196696 -0.504101 -0.359348 3.74812 22 513 31824 31784 1 0 0 2 
5 3.75552 -3.74486 -0.315742 -0.366256 0.00795593 3.80861 22 515 8500 8467 1 0 0 2 
5 -1.30081 -0.734524 -0.793431 -1.5465 -0.172106 3.78955 22 516 49863 49826 1 0 0 1 
1.26478 3.89335 5 -0.203011 -0.392615 -0.556106 3.89152 22 520 1008 1 1 0 0 1 
1.22291 5 1.41683 -0.25197 -0.406335 -0.00705665 3.71657 22 522 41304 41277 1 0 0 1 
0.760119 1.39876 5 0.047571 -0.22872 -0.410616 4.37922 22 528 42818 42816 1 0.471956 0.471956 28 
3.04551 5 0.414391 -0.104217 -0.193248 -0.0678049 3.74353 22 533 4661 4660 1 0.823265 0.823265 17 
-3.66628 5 0.684964 -0.870763 -0.767508 -3.10602 4.23831 22 540 14817 14816 1 0 0 1 
5 -2.34616 -3.10467 -0.190657 -0.153305 -0.250444 4.30151 22 542 46749 46748 1 0 0 1 
4.48489 3.54368 5 -0.102955 -0.306066 -0.338171 3.9263 22 550 20751 20750 1 0.0428547 0.0428547 3 
2.74219 1.82159 5 -0.273603 -0.368906 -0.223986 3.82649 22 551 31897 31896 1 0.510554 0.510554 27 
-2.40418 5 4.43202 -0.0729853 -0.12579 0.09108 3.83825 22 552 24755 24692 1 0 0 1 
3.29497 5 2.95071 0.228007 -0.594867 -0.657813 4.02398 22 553 36048 36047 1 0.176298 0.176298 14 
-2.66429 -0.668857 5 -0.209453 -0.279021 -0.290858 3.93 22 559 29818 29817 1 0 0 1 
-1.32004 1.57106 5 -1.08065 -1.00796 -1.9743 4.11387 22 565 5336 5305 1 2.09448 2.09448 2 
2.50715 5 -3.29005 -0.0166918 -0.39337 -0.191297 3.83135 22 572 41346 41322 1 0 0 1 
3.18799 5 0.150345 0.0175641 -0.011671 0.0261959 3.8121 22 573 40781 40771 1 0.0332709 0.0332709 26 
1.75472 5 -1.85271 -0.473544 -0.161839 0.103363 3.79027 22 575 18227 18226 1 0.510508 0.510508 29 
0.735342 -4.71555 -5 -0.0674159 0.0195341 0.25222 3.94284 22 576 2633 2456 1 0 0 1 
4.88178 4.93849 5 -0.533713 -0.630391 -0.4899 3.93302 22 577 26965 26905 1 0 0 1 
1.73261 5 -2.49186 -0.234213 -0.443054 -0.099839 3.75862 22 578 22895 22893 1 0 0 1 
5 -3.88147 0.992969 -0.18555 -0.320524 -0.320117 3.9524 22 579 2137 2136 1 0.035258 0.035258 28 
2.023 5 -4.49545 -0.253885 -0.434887 -0.0868063 3.7333 22 580 48774 48746 1 0 0 1 
-0.616958 5 0.85147 -0.276616 -0.227536 -0.0327615 3.75554 22 584 4817 2803 1 0.173479 0.173479 5 
5 2.67034 2.70456 -0.168856 -0.404451 -0.26273 3.88964 22 585 42538 42504 1 0 0 1 
4.00558 5 4.14776 -0.09297 -0.364705 -0.0729788 3.96906 22 586 11986 11985 1 0.382935 0.382935 27 
0.030754 -3.60268 5 -0.146866 -0.0803748 -0.338286 3.81849 22 588 33754 33740 1 0 0 3 
3.04228 5 -0.273453 -0.212725 -0.402001 0.232944 3.71486 22 590 52036 52035 1 0 0 1 
2.6528 4.03374 5 -1.24746 -1.39169 -1.61142 3.96783 22 591 6127 6124 1 0 0 1 
5 -4.69332 -3.09083 -0.10225 -0.561418 -0.19636 3.77668 22 593 11035 10944 1 0 0 3 
2.1263 5 1.59176 -0.655527 -0.701322 0.240499 3.71132 22 594 5922 5902 1 0 0 2 
0.611422 -2.89212 5 -3.93036 -5.83454 -2.59172 3.85273 22 595 2269 2179 1 0 0 1 
1.56375 5 2.0432 -0.0894608 -0.49263 0.102141 3.63697 22 602 44479 44478 1 0 0 1 
-0.37153 5 1.34164 -0.526229 -1.36873 -0.828283 3.81291 22 604 50122 50058 1 0 0 1 
0.556784 4.52675 5 -0.157578 -0.274054 -0.401477 4.34339 22 606 36071 36070 1 0 0 1 
1.89231 5 -2.60296 -0.612195 -0.653809 0.828514 3.61948 22 607 46477 46455 1 1.19014 1.19014 15 
-2.7406 3.61633 5 -0.0674384 -0.287853 -0.326477 4.3606 22 609 27533 27530 1 0 0 2 
3.4889 -4.55091 5 -0.0830559 -0.218868 -0.379982 3.93855 22 610 15093 15092 1 0 0 2 
0.876966 -1.79986 5 -0.302232 -0.728854 -0.654479 4.00788 22 614 5541 5487 1 0 0 1 
5 -4.72164 3.59192 -0.328179 -0.317552 0.106085 3.79924 22 615 21071 20996 1 0 0 1 
-2.47851 5 -0.424011 -0.440905 -0.135011 -0.432787 4.06766 22 616 42897 42841 1 0 0 1 
3.65817 1.02965 5 -0.252959 -0.130854 -0.183154 4.02344 22 618 25379 25378 1 0 0 3 
-3.405 -2.97249 5 -0.197655 -0.339336 -0.326961 3.9316 22 619 15073 15072 1 0 0 2 
3.09984 2.21164 -5 -0.753317 -1.18478 0.642489 3.64767 22 622 28131 28063 1 0 0 1 
5 -4.26886 -4.62667 -0.25882 -0.173172 -0.0750991 3.72685 22 623 13850 13774 1 0 0 1 
-2.99947 5 2.30683 -0.204504 -0.138544 -0.0700556 3.85392 22 625 24990 24989 1 0 0 3 
5 -2.87043 -0.288125 -0.180902 -0.445559 0.0748692 3.77216 22 629 43280 43271 1 0 0 1 
2.94554 5 1.45487 -0.254982 -0.210141 -0.120121 3.96474 22 632 24679 24678 1 0.0535012 0.0535012 5 
2.28618 -0.381363 5 -0.107844 -0.40826 -0.454325 4.21728 22 634 37738 37737 1 0 0 1 
3.00576 5 2.17049 -2.41272 -4.27198 4.88204 3.63403 22 638 6714 6568 1 0 0 1 
4.56409 5 4.64041 -0.240312 -0.344524 -0.579033 3.92579 22 639 17865 17835 1 0.502987 0.502987 2 
-1.98384 -0.124471 5 -0.147996 -0.115118 -0.148679 3.79538 22 640 41374 41340 1 0.209416 0.209416 12 
5 1.54271 -3.93308 -1.25977 -1.42805 -1.21784 3.87895 22 642 12087 12061 1 0 0 1 
-4.81311 1.74374 5 -0.394981 -0.320485 -0.0489854 3.79993 22 645 26025 26007 1 0.344425 0.344425 29 
1.83852 5 -1.61117 -0.528146 -0.626995 -0.710345 3.90782 22 649 28905 28845 1 0 0 1 
2.28378 5 -0.0923385 0.0422696 -0.306213 0.0483083 3.97959 22 650 25044 24979 1 0 0 3 
4.90955 4.75966 5 -0.191409 -0.286692 -0.255327 3.86505 22 651 20996 20971 1 0 0 1 
4.88721 -3.89398 5 -0.259475 -0.664718 -0.819025 3.98953 22 653 5323 5305 1 0 0 2 
4.66605 -3.5254 5 -0.234774 -1.22634 -0.773554 3.88385 22 656 20437 20399 1 0 0 1 
-3.39661 3.29519 5 0.11885 -0.202345 -0.572145 4.26399 22 658 32167 32063 1 0.195337 0.195337 24 
4.38819 5 -2.19087 -0.317979 -0.233286 -0.121528 3.96917 22 659 12878 12815 1 0.412205 0.412205 26 
5 2.528 -3.96309 -0.315418 -0.355898 -0.186997 3.79732 22 660 25586 25585 1 0.336229 0.336229 2 
2.67017 5 -3.89286 -4.4952 -4.12467 -6.80007 3.92074 22 661 8124 8064 1 0 0 1 
5 -2.97757 4.58489 -0.138176 -0.0211327 0.491508 3.66224 22 662 17927 17924 1 1.10467 1.10467 7 
4.36819 5 -3.26651 -0.118228 -0.159469 -0.409335 3.6462 22 664 6784 6783 1 0.272587 0.272587 3 
5 -3.65197 3.72501 -0.21608 -0.36709 -0.0362949 3.76807 22 665 18753 18722 1 0 0 2 
-3.49423 5 2.00069 -0.835193 -0.848349 -0.388937 3.80914 22 666 20356 20314 1 0 0 2 
-3.59224 -5 -0.774491 0.189278 0.0379514 -0.0123367 3.98054 22 669 16262 16261 1 0.0570076 0.0570076 4 
1.47394 5 -2.73158 -0.367342 -0.309991 0.540815 3.6119 22 672 40272 40171 1 0.174593 0.174593 2 
1.18404 5 -0.788303 -0.064335 -0.144732 0.106585 4.34165 22 673 3582 3563 1 0.1905 0.1905 27 
5 -0.85842 -4.6978 -0.139436 -0.283868 -0.401369 4.01953 22 678 22020 22019 1 0.385644 0.385644 4 
-2.52392 5 2.57258 -0.123139 -0.232985 0.0585479 3.75564 22 679 31830 31805 1 0 0 1 
-3.80953 3.76022 5 0.010261 -0.238904 -0.253815 4.13728 22 681 10834 10821 1 0.348215 0.348215 34 
-3.29591 1.67071 5 -0.286706 -0.218327 -0.362288 3.98349 22 683 31431 31404 1 0 0 2 
-1.22181 2.12023 5 -0.197659 -0.256755 -0.39513 3.99336 22 686 23310 23309 1 0 0 1 
0.544878 5 -3.63393 -0.0852763 -0.154198 -0.303353 3.93117 22 691 8159 8136 1 0 0 1 
2.52891 3.68986 5 -23.6831 -6.64894 -31.0363 5.57341 2112 695 26293 26257 1 0 0 1 
1.52128 3.42768 5 -0.591325 -0.866895 -1.29397 3.87297 22 697 13732 13731 1 0 0 3 
5 -2.9883 -4.1389 -0.868126 -1.14511 -1.68984 3.87971 22 699 32029 31930 1 0 0 1 
4.55315 5 0.871173 -0.757733 -1.07185 0.132785 3.71844 22 702 5169 5102 1 0 0 2 
-1.08622 5 -2.73813 -0.307304 -0.179039 -0.270367 3.92057 22 703 31227 31226 1 0.07747 0.07747 2 
5 3.12565 -4.74114 -0.271083 -0.405219 -0.153072 3.92307 22 704 30543 30542 1 0.325481 0.325481 5 
4.33046 5 -3.31667 -2.04307 -3.69661 -3.42223 3.81962 22 706 9253 9140 1 0 0 1 
-4.92344 -2.51949 5 -0.444909 0.0886194 -0.235208 4.45294 22 709 13479 13477 1 0 0 1 
-2.79409 5 -0.424903 -1.33697 -1.25117 -2.55722 4.06067 22 712 16253 16019 1 0.71357 0.71357 2 
4.16111 5 -3.37688 -0.0181011 -0.343001 0.175022 3.67583 22 713 32496 32495 1 0.385114 0.385114 27 
5 2.54395 2.97365 -1.1399 -0.735517 -0.471954 3.70569 22 714 6637 6635 1 0 0 2 
3.70016 5 3.48952 -0.0363425 -0.29896 -0.313597 3.82557 22 715 42824 42823 1 0 0 1 
-2.88042 -1.68804 5 -0.142476 -0.172039 -0.414761 4.00763 22 716 28827 28800 1 0 0 3 
1.08385 5 3.46009 -0.218164 -0.256427 0.075839 3.70796 22 717 12981 12915 1 0 0 1 
5 3.24312 3.30955 -0.715409 -1.23807 -0.0768233 3.74495 22 718 14233 14216 1 1.20956 1.20956 16 
5 3.72765 4.16863 -0.274212 -0.240969 -0.357577 3.88211 22 719 28652 28617 1 0 0 1 
2.30832 5 -0.540915 0.0328441 -0.345102 -0.0718175 4.56157 22 720 45487 45469 1 0.353589 0.353589 25 
-5 -2.26156 1.41816 0.13677 -0.137297 0.0751944 4.34472 22 723 16144 16126 1 0.207529 0.207529 26 
3.16379 5 0.985078 -0.40039 -0.30955 -0.0706166 3.79721 22 724 34282 34280 1 0.0475631 0.0475631 2 
-1.97827 5 0.268822 -0.343594 -0.352812 -0.136331 3.78916 22 726 36858 36857 1 0 0 1 
-2.94113 -4.58738 5 -0.353189 -0.689097 -1.17961 4.24931 22 729 54253 54252 1 0 0 1 
-1.34473 5 4.38583 0.3228 -0.171569 -0.13001 4.18459 22 734 55279 55278 1 0 0 1 
-3.98163 2.92658 5 -0.033671 0.17009 -0.351466 3.87511 22 736 35193 35168 1 0 0 1 
5 0.685512 -2.64169 -0.348338 -0.137496 -0.321181 3.78159 22 737 44373 44354 1 0 0 1 
1.55633 5 -0.127266 -0.0550634 -0.182973 -0.372345 4.01338 22 740 38070 38069 1 0 0 1 
5 4.69133 1.52597 -0.158511 -0.198686 0.140834 3.66134 22 743 1078 1 1 0.56955 0.56955 27 
0.381278 5 -4.85589 -0.250129 -0.412487 -0.168552 3.76983 22 744 2911 2910 1 0 0 1 
5 -1.13423 3.57058 -0.408177 -0.302614 -0.540748 3.73233 22 746 32307 32306 1 0 0 1 
1.12098 5 0.179168 -0.400875 -0.548634 -0.137301 3.71675 22 747 17184 17149 1 0 0 3 
1.55584 -3.8498 5 -7.31185 -9.45133 -8.48309 3.9545 22 748 10517 10516 1 0 0 1 
5 -4.06385 4.01834 -0.279731 -0.425851 0.0390067 3.75575 22 749 32603 32574 1 0 0 1 
5 0.841154 -3.13709 -0.209018 -0.288788 -0.366105 4.00627 22 752 43739 43704 1 0 0 1 
2.87578 5 0.295458 -1.13099 -0.751552 -0.123738 3.73471 22 759 14956 14955 1 0 0 1 
5 1.36152 0.473357 -1.26149 -1.05603 0.0662557 3.76558 22 760 56785 56784 1 0 0 1 
-4.14687 5 -0.734727 0.00991056 -0.157808 -0.416716 4.08065 22 763 16180 16150 1 0.557924 0.557924 3 
-3.1186 5 -2.20188 0.218656 -0.0984741 0.132907 3.68738 22 766 51355 51290 1 0 0 1 
1.53101 5 -1.57718 -0.801423 -1.57492 -2.56517 3.99039 22 770 4289 4218 1 0 0 1 
5 2.8314 -1.04369 -0.135179 -0.243047 -0.42869 4.09991 22 782 3361 3346 1 0 0 3 
5 -4.69413 1.14534 -0.635407 -0.762002 -0.224996 3.88662 22 784 37543 37495 1 0 0 2 
-4.76187 5 3.60272 -0.313791 -0.318603 0.231859 3.66674 22 787 41201 40768 1 0 0 1 
5 3.13328 1.77217 -0.12214 -0.311765 -0.386011 3.91242 22 790 46125 46124 1 0 0 1 
5 3.65426 -1.90786 -0.189695 -0.352722 -0.0931963 3.75936 22 798 18377 18376 1 0.105311 0.105311 3 
5 1.11437 0.249801 -1.52199 -2.48759 -1.26842 3.70674 22 799 24533 24502 1 0 0 2 
2.70142 5 -2.0643 -1.71143 -1.00932 -0.187431 3.72525 22 800 3097 2961 1 0 0 2 
3.75667 5 -2.96779 0.0486513 -0.0913847 0.121932 4.35554 22 801 12251 12222 1 0 0 1 
5 0.267436 4.22497 -0.365714 -0.232371 0.270882 3.75908 22 802 25962 25943 1 0 0 1 
2.01908 1.93846 5 -0.0984669 -0.0911106 -0.225771 4.04623 22 803 10332 8632 1 0.262401 0.262401 18 
-0.742321 5 -3.05269 -0.387382 -0.275436 -0.18759 3.83455 22 807 28291 28276 1 0 0 1 
4.52803 4.24999 5 -0.153953 -0.214279 -0.437611 4.13874 22 809 40286 40277 1 0.366087 0.366087 24 
4.98409 5 -4.93635 -0.18851 -0.356216 -0.0606511 3.69525 22 811 2749 1 1 0 0 1 
1.22548 3.15122 5 -1.18521 -1.01049 -0.97963 3.83752 22 812 12275 12175 1 0 0 1 
0.779316 3.40972 5 -0.133093 -0.737477 -1.05687 3.90552 22 814 18776 18775 1 0 0 1 
-3.72578 -3.89732 5 -0.189035 -0.143313 -0.4526 4.1413 22 815 11289 11284 1 0.177988 0.177988 5 
-0.900731 4.09355 5 -0.159879 -0.347523 -0.338801 3.93237 22 817 41500 41499 1 0.51053 0.51053 32 
4.79963 5 -3.77391 -0.192041 -0.285806 -0.0808371 4.19986 22 818 22513 22512 1 0 0 1 
5 2.46429 -1.53235 -0.355176 -0.601429 -0.570865 3.91805 22 819 34883 34840 1 0.194344 0.194344 13 
4.00595 2.87546 -5 -0.225866 -0.174038 0.0715057 4.30917 22 820 29897 29896 1 0.397567 0.397567 14 
0.675683 5 -2.51957 -0.924889 -1.27113 -0.283095 3.75863 22 821 46323 46322 1 0 0 2 
3.24817 -5 -2.74574 0.0622593 0.18164 -0.208154 4.24931 22 822 34362 34361 1 0 0 1 
-4.38858 -0.308639 5 -0.183216 -0.143932 -0.255283 4.06504 22 823 23208 23134 1 0 0 2 
-2.82217 -1.36201 5 0.279556 -0.222264 -1.6783 3.91581 22 824 23529 23528 1 0.864728 0.864728 3 
0.559762 5 0.105538 -0.484179 -1.05231 -0.443757 3.76124 22 825 26999 26998 1 0.14045 0.14045 3 
-3.70043 -4.7785 5 -0.184251 -0.332158 -0.341822 4.04392 22 830 6119 6115 1 0 0 2 
5 4.50159 4.68472 -0.366475 -0.327868 0.041374 3.72729 22 833 30339 30324 1 0 0 1 
5 1.50132 3.74183 -0.100866 -0.308499 -0.394683 4.08867 22 835 45401 45400 1 0.478842 0.478842 29 
5 -3.75505 0.191147 -0.143128 0.0473669 0.0474052 4.02059 22 842 22620 22561 1 0.48495 0.48495 56 
5 -3.16254 4.31313 -0.767088 -0.880405 -0.533737 3.76489 22 843 14846 14798 1 0 0 2 
1.60473 -5 2.62324 -0.0794945 0.249528 -0.103239 3.84099 22 847 3289 3220 1 0.281106 0.281106 29 
0.159726 -2.79352 -5 -1.48388 -0.983556 1.2299 3.6087 22 849 11980 11900 1 0 0 2 
-1.68612 -0.07291 5 -0.0746726 -0.136273 -0.352921 3.9235 22 852 20081 20030 1 0.170346 0.170346 15 
5 3.48509 -3.34132 -0.234336 -0.353687 -0.284802 3.81743 22 854 44452 44439 1 0 0 1 
5 -4.27044 -4.13325 -0.597375 -0.766651 0.295048 3.65839 22 856 9285 9221 1 0 0 1 
0.253144 4.92289 -5 -0.372404 -0.500976 0.177859 3.66325 22 857 34577 28796 1 0.379394 0.379394 26 
2.86643 5 0.0861849 -0.255339 -0.425363 -0.122428 3.78179 22 861 31285 31284 1 0 0 1 
-4.88656 5 -0.696527 -0.334381 -0.364513 -0.128219 3.82793 22 863 48415 48398 1 0 0 1 
2.51813 5 -0.158692 -0.339913 -0.417886 -0.417416 3.92893 22 865 2208 2205 1 0 0 2 
5 1.0558 -2.16942 -0.395649 -0.263453 -0.187547 3.75794 22 868 33731 33696 1 0 0 1 
3.72033 -5 1.77774 -0.00226626 0.161041 -0.00503748 3.87448 22 869 1763 1745 1 0.160759 0.160759 21 
4.13788 -0.799815 5 0.144808 -0.143623 -0.204891 3.92078 22 870 41558 41549 1 0 0 3 
-3.96405 5 -4.83361 -0.441054 -0.253373 0.0489238 3.67796 22 871 33014 32981 1 0 0 1 
0.115608 0.170778 5 -1.02527 -0.873238 -0.947569 3.9512 22 873 27713 27636 1 1.14351 1.14351 27 
2.2257 1.65718 5 -0.0894659 -0.227125 -0.220607 3.94643 22 874 2402 2401 1 0 0 1 
0.99246 -1.19014 5 -0.256343 -0.371725 -0.239225 3.90764 22 876 44806 44805 1 0 0 1 
5 -4.41004 3.00544 -0.0140701 0.0148756 0.0265981 4.04274 22 878 15259 15249 1 0.033345 0.033345 13 
-1.37671 5 3.19727 -0.278442 -0.396962 -0.16128 3.85643 22 881 21138 21137 1 0.134502 0.134502 2 
-4.32405 5 0.701577 -0.147544 -0.233657 -0.336477 4.03757 22 882 43524 43523 1 0 0 1 
5 4.79661 0.863468 -0.279491 -0.345394 -0.252404 3.82795 22 884 17970 17967 1 0.223238 0.223238 2 
-3.49837 5 -1.90345 0.0142664 -0.396364 -0.142517 3.67881 22 888 39476 39276 1 0 0 1 
-5 0.163287 2.3576 0.169775 -0.193428 -0.1887 3.7692 22 890 1027 1 1 0.703794 0.703794 49 
5 0.223565 -0.751288 -1.44197 -0.973185 -0.212087 3.77982 22 891 4943 4919 1 0 0 2 
0.000731069 5 1.36546 -0.166747 -0.176251 0.243333 3.81315 22 892 6608 6606 1 0 0 2 
5 -3.01216 3.00494 -0.322387 -0.396252 -0.013061 3.71606 22 896 7869 7868 1 0.016367 0.016367 3 
3.51933 5 1.50529 -0.300861 -0.411477 -0.0359016 3.71574 22 897 40543 40511 1 0 0 1 
5 0.217246 0.43238 -0.187502 -0.310353 -0.360061 3.87805 22 898 2127 2126 1 0 0 1 
5 3.27022 3.38776 -0.127174 -0.350108 -0.185468 3.82383 22 899 27917 27754 1 0 0 1 
-4.08676 -0.320176 5 -0.0183914 -0.1272 -0.494572 3.8493 22 903 38021 38002 1 0 0 1 
5 3.6563 -1.00907 -0.235654 -0.605118 -0.621644 3.91762 22 904 18359 18296 1 0 0 2 
5 -0.0875487 -2.15486 -1.14208 -1.24304 0.606614 3.71008 22 906 24878 24771 1 0 0 1 
-1.10459 3.37642 5 0.0458816 0.170778 -0.203055 4.24766 22 910 34011 33989 1 0 0 1 
5 0.893718 -1.18294 -0.472361 -0.355763 -0.240528 3.70124 22 911 37576 37475 1 0 0 1 
5 -4.32941 4.6136 -0.75538 -1.75219 0.357672 3.72499 22 917 14340 14272 1 0 0 1 
5 3.90939 4.24167 -0.27197 -0.29515 -0.230432 3.83147 22 918 12605 12470 1 0 0 1 
-0.991362 4.40189 -5 -1.80127 -1.89385 1.08036 3.65857 22 919 16729 16564 1 0 0 5 
5 1.93406 -1.35454 -0.290913 -0.28618 -0.13159 3.82828 22 922 8586 8585 1 0.0275046 0.0275046 2 
4.11261 5 2.77067 -0.168589 -0.362937 0.244799 3.64783 22 924 60708 60707 1 0 0 2 
2.62371 5 -4.4314 -1.7004 -1.88772 -2.46194 3.86402 22 925 2663 2620 1 0 0 1 
-3.40103 5 4.48015 -0.172122 -0.238911 -0.687204 4.20775 22 926 25260 25257 1 0 0 1 
-0.00172411 5 -2.83375 -0.199198 -0.470556 -0.00418546 3.71658 22 928 47095 47093 1 0 0 1 
-3.70444 5 2.00499 -1.97039 -1.24425 2.2922 3.64661 22 929 33816 33731 1 0 0 1 
5 2.39241 -0.574095 -0.427838 -0.452422 0.38607 3.73278 22 930 8995 8894 1 0 0 2 
2.24013 3.7575 5 -0.412843 -0.427988 -0.77805 3.82767 22 932 41388 41386 1 0 0 1 
-3.56877 5 3.49433 -0.247807 -0.438488 -0.0862566 3.73033 22 933 12966 12927 1 0 0 2 
5 -0.747068 1.7175 -0.237085 -0.257085 -0.207021 3.98637 22 938 38531 38530 1 0 0 1 
5 -1.76403 -3.67445 -0.352163 -0.775907 -0.281555 3.81989 22 941 12320 12319 1 0.919491 0.919491 3 
4.90552 -5 -2.61018 0.141336 0.487746 0.056989 4.40432 22 942 42900 42899 1 0 0 1 
5 -1.66179 -1.7912 -0.271218 -0.395686 -0.176049 3.76062 22 947 7669 7640 1 0 0 1 
-0.522427 5 -4.4021 -0.740415 -0.781646 -0.641651 3.83224 22 949 2333 2293 1 0 0 1 
2.26184 -2.08543 5 -0.135461 -0.29022 -0.398174 4.12494 22 953 4699 4664 1 0 0 2 
1.75531 -0.99215 5 0.0104722 -0.258906 -0.0802597 3.86743 22 954 1330 1 1 0.523645 0.523645 46 
2.39572 5 0.227494 -3.04188 -3.01209 -0.813292 3.74149 22 955 32518 32373 1 0 0 2 
5 2.47805 4.99619 -0.170307 -0.306695 -0.371556 3.83329 22 957 7683 7682 1 0 0 1 
5 -4.43598 3.09777 -0.234282 -0.403477 -0.208419 3.78413 22 962 21451 21450 1 0.24348 0.24348 22 
-2.06275 3.36819 5 -0.112195 -0.154329 -0.377596 4.14666 22 967 48155 48154 1 0.121928 0.121928 2 
5 2.21998 1.655 -1.65797 -3.19092 0.18876 3.69008 22 973 35311 35251 1 0 0 3 
-1.1736 5 -3.03141 0.416067 -0.556092 -0.38881 3.7508 22 974 22327 22303 1 0 0 1 
4.01812 5 -3.86388 -0.506396 -2.69079 -0.543709 3.76226 22 975 44222 44221 1 0 0 2 
0.69728 5 1.36702 -0.228945 -0.278506 -0.362131 3.88349 22 976 41691 41690 1 0 0 1 
-0.973675 -0.960012 5 0.0151688 -0.0233787 -0.425244 4.14019 22 977 15216 15215 1 0.425877 0.425877 18 
4.82455 2.40028 5 -0.188404 -0.252166 -0.582489 4.17542 22 978 52070 52069 1 0.0518885 0.0518885 2 
5 0.172247 -3.99487 -0.316792 -0.303714 0.0677769 3.76093 22 979 32279 32253 1 0 0 1 
-4.59853 3.93923 5 -0.287226 -0.0221478 -0.293057 4.35885 22 980 15833 15831 1 0 0 1 
-1.53057 4.53421 -5 -0.158639 -0.15646 0.208637 3.84802 22 981 6985 6984 1 0 0 1 
-4.86165 5 -2.75779 -0.236122 -0.348848 -0.28926 3.88137 22 982 11853 11851 1 0 0 1 
-4.82076 4.33873 -5 -2.5034 -0.316646 0.701047 3.65836 22 984 25656 25655 1 0 0 2 
5 1.466 3.60313 -0.957438 -1.0411 -0.331791 3.76029 22 987 20474 20369 1 0 0 1 
2.1074 5 -1.8188 -0.190171 -0.34664 -0.164615 3.70864 22 988 14048 13973 1 0 0 1 
-3.77333 -5 -3.34003 -0.0741059 0.238602 -0.302553 4.10465 22 989 51054 51007 1 0 0 1 
5 3.48938 -2.09789 -0.199663 -0.452495 -0.128463 3.76759 22 990 41493 41492 1 0 0 1 
2.15201 5 0.477197 -0.0381658 -0.431844 0.270507 3.66044 22 992 5432 5398 1 0 0 2 
-5 4.40011 4.09 0.12316 0.0296272 0.0852358 4.10633 22 993 10375 10329 1 0.152103 0.152103 32 
-0.00747226 5 3.99576 -0.069652 -0.161592 -0.257342 3.88219 22 997 4092 4046 1 0.311177 0.311177 32 
5 2.04698 -3.70245 -0.349151 -0.547493 0.219894 3.65033 22 999 49683 49631 1 0 0 2 
