# Det2_2_14
#x y z Px Py Pz t PDGid EventID TrackID ParentID Weight Edep VisibleEdep Ntracks
5 -3.42254 1.26527 -1.18995 -1.51237 -0.00207628 3.9166 22 1 4142 4101 1 0 0 5 
4.38672 0.222386 -5 -0.245542 -0.356996 0.0640962 3.9062 22 2 19137 18289 1 0 0 1 
2.31143 -4.78659 -5 -0.433953 -0.622197 0.579728 3.84532 22 3 30751 30677 1 0 0 2 
-3.59484 5 1.93766 -0.351621 -0.353469 0.111989 4.03396 22 5 19378 19377 1 0.328524 0.328524 4 
5 4.86872 -1.80317 -0.107555 -0.247835 0.000885523 4.01375 22 6 39625 39400 1 0 0 1 
3.74145 5 2.85567 0.0111931 -0.303314 0.178493 3.95638 22 7 3731 3687 1 0 0 3 
-0.190291 -2.59122 -5 -0.184711 -0.362913 0.113916 3.88727 22 9 15350 13391 1 0 0 3 
5 -0.820285 -2.50675 -0.249867 -0.443095 -0.0485064 3.97449 22 10 5298 5297 1 0 0 5 
2.91464 1.64404 -5 -0.325795 -0.346644 0.342503 3.87198 22 11 7548 7527 1 0.332298 0.332298 2 
3.74905 5 -4.17144 -0.0773015 -0.258724 -0.433827 4.24484 22 12 10496 10494 1 0.362075 0.362075 25 
1.00274 5 -4.05061 -0.465764 -0.433765 0.190906 3.99693 22 13 31335 31334 1 0 0 1 
2.45129 3.28442 -5 -0.032865 -0.0998356 0.422608 3.83945 22 14 9131 9130 1 0 0 1 
-3.34623 2.95691 5 -0.303204 -0.131115 -0.389867 4.04254 22 15 14387 14386 1 0.715725 0.715725 7 
-2.89115 5 -3.17984 0.0586327 -0.259885 -0.0314501 4.2582 22 17 19921 19920 1 0.0479165 0.0479165 6 
5 -0.322499 -1.76433 -0.0384757 -0.163064 -0.074809 4.16593 22 18 11808 11807 1 0.18312 0.18312 28 
-1.42634 5 -3.80427 -0.273924 -0.579457 0.554955 3.84571 22 19 5935 5760 1 0 0 2 
5 -3.82918 4.49011 -0.187227 -0.3657 0.303858 3.8908 22 20 24044 24040 1 0.531616 0.531616 32 
3.31617 2.61472 -5 -0.210982 -0.326988 0.331188 4.03644 22 21 10108 10107 1 0 0 1 
-0.86023 5 -4.05379 -0.39894 -0.804729 0.185145 3.87661 22 22 1383 1382 1 0.182447 0.182447 31 
5 3.65386 2.24168 -0.649097 -0.772426 0.557026 3.91425 22 23 10406 10335 1 0 0 1 
5 -0.746619 0.0955146 -0.316714 -0.960771 0.447697 3.88464 22 25 4628 4564 1 0 0 3 
5 -2.0179 -4.20935 -0.296836 -0.293456 -0.321846 4.40763 22 26 14635 14605 1 0 0 2 
4.44499 5 1.19312 -0.153373 -0.203707 0.577352 3.83711 22 27 1556 1469 1 0.717126 0.717126 26 
-2.14642 5 -2.19734 -2.97531 -2.02546 2.49164 3.87341 22 28 40572 40510 1 0 0 1 
-5 2.95454 2.86053 0.104819 -0.122002 -0.329503 4.12309 22 29 22273 22198 1 0.877112 0.877112 56 
5 -2.00834 3.98112 -0.050686 -0.193832 -0.145456 3.93975 22 30 4843 4815 1 0.964171 0.964171 36 
1.21347 5 3.06915 -0.213902 -0.268257 0.670235 3.86519 22 31 40186 40092 1 0 0 2 
-2.58957 5 -1.16242 -5.24942 -4.93484 5.57659 3.8549 22 32 37041 36873 1 1.15646 1.15646 43 
5 -1.07 3.32564 -0.542631 -0.626356 0.330437 3.87588 22 33 27715 27590 1 0 0 2 
4.06497 -4.63115 5 0.0442816 -0.355714 -0.364179 4.16464 22 34 24068 24043 1 0 0 2 
5 4.16325 4.60751 -0.151704 -0.0647312 0.111287 3.94477 22 35 5164 5127 1 2.80991 2.80991 103 
5 1.58441 3.30966 -0.402722 -0.589712 0.440504 3.87498 22 36 4908 4603 1 0 0 3 
5 1.97167 3.62771 -1.51393 -2.20242 4.74122 3.8396 22 37 2144 1984 1 0 0 4 
-0.855696 -3.74724 5 -1.64013 -1.33912 -2.53357 4.13527 22 38 1743 1719 1 0 0 3 
5 0.95872 -3.17453 -0.278336 -0.259608 0.516654 3.8305 22 39 7923 7286 1 1.17313 1.17313 40 
5 2.85051 1.19981 -0.59072 -0.987371 2.5727 3.83078 22 40 4958 4682 1 0 0 6 
-1.28658 1.73587 5 -0.140691 -0.0160469 -0.183778 3.92237 22 41 6981 6929 1 0.231661 0.231661 23 
-0.2312 5 -1.56926 -0.219815 -0.453334 0.0853795 3.92129 22 42 3475 3474 1 0 0 2 
5 -4.07073 -4.8037 -1.60968 -1.9286 2.71927 3.86119 22 43 7230 7175 1 0 0 3 
5 2.32358 -2.21233 -0.206181 -0.464147 -0.0563653 3.90316 22 44 15712 15711 1 0.0289532 0.0289532 3 
5 4.85362 1.9929 -0.819577 -0.606884 1.40553 3.84456 22 45 6589 6501 1 0.497484 0.497484 25 
5 3.92923 -2.67036 -1.49646 -1.3581 1.11517 3.87988 22 46 34435 34337 1 0.240262 0.240262 42 
2.15577 5 4.78285 -0.498007 -0.404077 0.47776 3.88861 22 47 2416 2316 1 0 0 2 
4.19766 3.54149 -5 -5.0109 -2.79082 10.6637 3.81455 22 48 11077 10998 1 0 0 3 
5 -4.87413 -3.1175 -0.318926 -0.380235 -0.121771 3.91959 22 49 8543 8542 1 2.72996 2.72996 66 
5 1.86243 1.22235 -0.345849 -0.0934901 -0.206286 4.06696 22 50 18003 17930 1 0.412742 0.412742 39 
5 3.66701 -1.93599 -0.382532 -0.335291 0.0486717 3.948 22 51 10667 10649 1 0.0390871 0.0390871 5 
5 -0.382776 4.45737 -0.27298 -0.0640219 -0.0549885 4.04382 22 52 22420 22416 1 0 0 3 
5 -2.26834 -4.99959 -0.228418 0.118187 -0.11766 3.94473 22 53 3219 3217 1 0.0352589 0.0352589 6 
5 3.82649 3.62518 -0.31201 -0.127463 0.141602 4.06614 22 54 13355 13354 1 0.0961388 0.0961388 4 
2.16267 5 -0.240933 -0.408914 -0.212952 0.220364 3.89124 22 55 1533 1531 1 0.438017 0.438017 43 
5 1.61255 -3.67852 -0.345552 -0.203431 0.25464 3.85189 22 58 4385 4154 1 0 0 6 
1.14522 5 -0.196215 0.0697842 -0.242843 0.291657 3.88262 22 59 26295 26250 1 0 0 2 
0.264602 5 -1.87088 -0.229873 -0.217574 -0.0138613 3.84029 22 60 6111 5989 1 0.0437498 0.0437498 4 
2.51571 5 -4.93975 -0.0406801 -0.303237 0.16157 3.84677 22 61 13012 7115 1 0 0 6 
5 -0.127496 1.29902 -0.299019 0.0557694 0.410606 3.83844 22 62 6874 6843 1 0.208016 0.208016 24 
-2.38113 4.78108 5 -0.611806 -0.432483 -0.393163 4.05353 22 63 4439 4438 1 0 0 2 
5 1.85274 -4.77559 -0.300614 0.0139089 -0.0334909 3.87528 22 64 1737 1736 1 0 0 3 
0.592701 -4.01433 -5 -0.06979 0.01388 0.216955 4.14311 22 65 13755 13740 1 0.227859 0.227859 35 
-1.5608 -2.43084 -5 -0.34631 -0.315617 0.275683 3.88298 22 66 17832 15038 1 0.317928 0.317928 26 
2.35528 5 2.99396 0.00712133 -0.226801 -0.131144 3.91033 22 67 13816 13717 1 0 0 2 
5 -4.61801 -2.90577 -0.317711 -0.677053 0.541226 3.84206 22 68 55796 55545 1 0 0 1 
5 -0.267498 -4.80124 -0.668766 -0.939137 1.25214 3.85669 22 69 1056 1 1 0 0 2 
3.6485 5 -0.534074 -0.643466 -0.638551 1.55891 3.83511 22 70 11543 11466 1 0 0 4 
0.677762 5 0.922169 -0.823886 -1.61741 -1.12175 4.0599 22 72 3086 3085 1 0 0 3 
5 3.10898 0.161301 -0.268585 -0.292458 -0.321637 4.07122 22 73 7929 7928 1 0 0 1 
-0.688043 -0.763001 -5 -1.16352 -1.54843 2.41553 3.83251 22 74 16801 16536 1 0.581736 0.581736 17 
4.05119 0.365132 5 0.117352 0.0444525 -0.20367 4.14684 22 75 21554 21553 1 0 0 3 
-0.0800289 1.41369 -5 -6.30419e-05 -0.26597 0.0775618 4.09385 22 76 2186 2176 1 0.276617 0.276617 29 
-0.0808457 0.0828351 5 -0.249145 -0.262963 -0.320404 4.05985 22 77 34273 34272 1 0 0 4 
3.96361 5 4.25086 -0.0316258 -0.0966875 -0.245929 4.22345 22 78 9045 9032 1 2.20758 2.20758 29 
-5 2.93186 0.0264672 0.331737 0.388102 -0.0211548 3.96675 22 79 9683 9682 1 1.42667 1.42667 23 
0.339636 5 0.0724345 -0.262571 -0.411691 -0.150621 3.98872 22 81 19423 19422 1 0.407188 0.407188 41 
-3.2045 5 -1.97089 -0.477178 -0.416103 0.437494 3.90083 22 82 12449 12383 1 0.23117 0.23117 9 
-3.06465 5 -2.54209 -0.83821 -0.657829 1.83 3.8299 22 83 11735 1 1 0 0 4 
5 2.67954 4.52048 -0.12276 -0.126121 0.226398 3.8677 22 84 36341 36176 1 0 0 1 
-1.53276 5 2.44551 -1.59099 -6.82897 -0.583728 3.93278 22 85 23001 22910 1 2.67298 2.67298 3 
-0.845533 5 4.38207 -0.556243 -0.727127 0.948395 3.89969 22 86 5846 5794 1 0.663243 0.663243 45 
5 2.42505 -0.368363 -0.362841 -0.381576 -0.302545 3.97006 22 87 35709 35482 1 0 0 1 
5 4.23869 0.989625 -0.137722 0.175154 0.100615 3.93124 22 88 8410 8408 1 0 0 4 
2.5654 5 3.43086 -1.75065 -2.1276 0.911403 3.89963 22 89 21672 21625 1 0 0 2 
0.590189 1.17692 -5 -1.022 -1.23382 1.29886 3.85969 22 90 11215 11029 1 0 0 5 
3.78093 5 -3.22861 0.110348 -0.15978 -0.0765693 3.86227 22 91 18002 17968 1 1.13477 1.13477 25 
-0.856322 5 1.49068 -0.259769 -0.125841 -0.325336 4.27082 22 92 30754 30750 1 0 0 4 
-2.84376 -3.17544 -5 -2.4847 -4.44199 6.82952 3.83458 22 93 13478 13477 1 0.414573 0.414573 59 
-1.06156 5 0.0429705 -3.09923 -4.56325 0.449331 3.99378 22 94 14227 14168 1 0 0 1 
-3.16997 3.84626 -5 -0.149006 -0.0959864 0.479274 3.89211 22 95 5915 5877 1 1.46129 1.46129 62 
3.1412 5 -0.453233 -0.253151 -0.163174 0.290868 3.85868 22 96 10189 9590 1 5.01496 5.01496 46 
-2.05211 5 4.10913 -0.211633 -1.37836 -0.883887 3.96783 22 97 11020 10968 1 0.022247 0.022247 5 
-3.45023 -4.46818 -5 -0.196743 -0.177493 0.409699 3.84338 22 98 13275 13248 1 0 0 3 
2.3578 3.72439 -5 -1.773 -0.71733 1.72305 3.82934 22 99 6498 6371 1 0.221241 0.221241 5 
4.95485 -2.24519 -5 -0.0865854 -0.0415589 0.124399 3.93164 22 100 2649 2607 1 0.420974 0.420974 60 
-0.898413 5 1.75255 -0.344343 -0.236701 0.0384489 3.99418 22 101 7691 7642 1 0 0 2 
-1.92435 2.31961 -5 -0.21989 -0.183503 0.389841 3.84356 22 102 6199 5447 1 0 0 2 
5 2.33078 -3.30908 -0.399232 -0.0101585 -0.117208 3.97901 22 103 4422 4390 1 0 0 3 
4.83171 5 -0.782263 -0.112895 -0.420607 0.110988 3.85488 22 104 7222 7221 1 0.11025 0.11025 3 
-0.550259 5 -2.79028 -0.323094 -0.395721 -0.0116419 3.95797 22 105 25121 25120 1 0 0 2 
4.07505 5 -2.38725 -0.149855 -0.135868 -0.0506818 3.93979 22 106 28601 28052 1 0.777671 0.777671 5 
4.28393 -3.54164 5 -0.260645 -0.325774 -0.295052 4.02257 22 107 13885 13884 1 0 0 1 
-3.27704 -1.51343 -5 -0.229102 -0.255956 0.407545 3.84758 22 108 21973 21971 1 0 0 1 
0.470264 -0.442434 5 -0.259065 -0.195282 -0.394804 4.04877 22 109 13415 13414 1 0.671619 0.671619 55 
0.069931 1.18769 -5 -0.183014 -0.227147 0.419559 3.87032 22 110 11427 11396 1 0.326128 0.326128 4 
5 -4.39142 3.42511 -1.6498 -1.82125 1.60071 3.88014 22 111 8331 8298 1 0.24977 0.24977 33 
0.857831 -4.59235 5 -3.60394 -0.216715 -61.357 5.35885 2112 112 7828 7695 1 0 0 8 
2.63605 4.78472 -5 -0.434812 -1.17192 0.681782 3.8958 22 113 46407 46406 1 2.31687 2.31687 31 
5 4.7812 4.95521 -0.397693 -0.286281 -0.144926 3.89903 22 114 8788 8787 1 0.105975 0.105975 22 
5 3.79041 4.92419 -2.9251 -2.63863 -0.349475 3.95525 22 115 5825 5799 1 0 0 3 
0.695407 -2.86344 5 0.0723182 -0.233828 -0.144097 4.02204 22 116 25100 24826 1 0.18946 0.18946 3 
5 -4.41518 -1.07825 -0.344407 -0.368233 0.185003 3.86304 22 117 10600 9714 1 5.27242 5.27242 11 
0.673876 5 3.91769 -1.50548 -1.02829 1.22025 3.89437 22 118 12066 11988 1 0 0 2 
5 -0.703676 -1.0083 -0.736019 -0.485365 -1.32818 4.19208 22 119 9868 9798 1 0 0 3 
4.74914 -2.33388 -5 -0.278541 -0.218267 0.264164 3.85168 22 120 7298 7225 1 0 0 4 
5 2.91189 1.11359 -0.280423 -0.238989 0.193095 3.86407 22 121 22242 21225 1 0.0932964 0.0932964 3 
5 -1.79688 4.95692 -0.344595 -0.43956 0.797244 3.86388 22 122 8348 8251 1 0 0 2 
0.893554 -0.52307 5 -0.190562 -0.453717 -0.137648 4.07366 22 123 1434 1433 1 0.359547 0.359547 5 
4.74767 3.26065 5 -0.0981564 -0.371296 -0.337083 3.94748 22 124 2320 2319 1 0 0 4 
0.990631 5 4.11525 -0.18568 -0.248436 -0.0901543 3.96533 22 125 13069 12721 1 0.322525 0.322525 31 
1.54362 -0.508048 -5 -0.453556 -0.576554 0.364458 3.85016 22 128 2478 1857 1 0 0 8 
5 -2.6689 -1.6151 -0.332455 -0.608458 -0.0154165 3.90965 22 129 1286 1 1 0 0 6 
4.76019 -2.67045 5 -0.165908 -0.0200828 -0.200856 3.98703 22 130 1297 1 1 0 0 2 
5 4.88619 -3.50942 -0.247299 -0.196249 -0.401808 3.96271 22 132 7792 7791 1 0.793833 0.793833 23 
4.19415 5 -2.3552 -1.63653 -2.02053 2.1385 3.85514 22 133 8797 8768 1 0 0 5 
1.77761 5 -3.29354 -0.0391907 -0.309411 -0.197738 4.21098 22 134 10959 10958 1 0 0 6 
-2.21702 -2.04448 -5 -0.299803 -0.613735 0.658799 3.84717 22 135 24308 24253 1 0 0 1 
5 4.10954 -4.98058 -0.610263 -0.559177 0.384253 3.84678 22 136 6959 6858 1 1.51483 1.51483 64 
-1.03508 5 4.68954 -0.236752 -0.216092 0.149515 3.91622 22 137 5249 5173 1 0.012614 0.012614 2 
4.77731 5 -2.59563 -0.237567 -0.27812 -0.276646 4.02253 22 138 35595 35569 1 0.256993 0.256993 16 
5 0.233229 -4.94887 -0.394622 -0.534676 0.424164 3.87331 22 139 6496 4205 1 0.273348 0.273348 3 
-0.776199 -1.17008 5 -0.283239 -0.314511 -0.246219 3.97978 22 140 20124 20094 1 0 0 1 
5 3.25511 2.45652 -0.225117 -0.274274 -0.367717 4.08433 22 141 10666 10665 1 0 0 2 
-0.280134 5 -2.86488 -4.05921 -4.73196 2.35933 3.88241 22 142 12049 12048 1 0 0 3 
3.1271 -1.26839 -5 -0.51352 -1.39849 1.4642 3.84697 22 143 1913 1783 1 0.51265 0.51265 33 
5 -3.39241 4.29369 -0.366576 -0.0625754 -0.0526413 3.93666 22 144 3543 3464 1 0.404757 0.404757 40 
5 0.0104015 1.86159 -0.603272 -0.696616 2.1533 3.83512 22 146 3639 1 1 0 0 2 
5 2.04049 2.85042 -0.148433 -0.303464 0.0343521 3.90858 22 147 9825 8914 1 0 0 1 
5 3.88957 -4.90611 -0.501492 -0.394934 0.352638 3.83891 22 148 3198 1 1 0 0 3 
5 4.98046 -4.8726 -0.322576 -0.125924 0.193104 3.87607 22 149 29179 29176 1 0.321061 0.321061 4 
5 -1.6453 -0.139958 -0.396516 -0.43503 0.292086 3.88165 22 150 7655 7654 1 0 0 4 
2.69926 -3.69856 -5 -1.04489 -2.95725 3.664 3.85472 22 151 14665 14568 1 0.0385449 0.0385449 3 
-0.861574 4.27734 -5 -0.543301 -0.34507 1.03506 3.82079 22 153 26953 25427 1 0 0 3 
5 0.541589 4.39453 -0.748751 -0.803576 1.42383 3.85746 22 155 15523 15381 1 0 0 3 
5 -3.09904 -3.10095 -0.319988 -0.376654 0.0354236 3.98611 22 156 24143 24142 1 0 0 4 
2.28277 1.77629 -5 -0.755434 -0.860557 2.93607 3.80695 22 159 1701 1545 1 0 0 5 
-0.272922 5 -1.73309 -0.4279 -0.317327 0.472572 3.85254 22 160 5909 1 1 0 0 3 
-0.810941 5 -2.50702 -2.27822 -2.23643 3.978 3.84361 22 161 5657 5529 1 0 0 2 
4.46301 1.84778 -5 -1.61158 -1.42292 2.37806 3.81486 22 162 3665 3509 1 0 0 17 
-2.54373 5 -4.97818 -0.344285 -0.283217 -0.249751 3.99262 22 163 1835 1834 1 0.61739 0.61739 52 
5 1.08529 3.33148 -0.263519 -0.533053 -0.282862 3.95256 22 164 7973 7970 1 0.448585 0.448585 25 
5 -2.39385 -4.00794 -0.341162 0.0158637 -0.235665 4.30115 22 165 10076 10074 1 0 0 3 
5 0.462191 -4.19887 -3.33193 0.382062 -1.98461 4.00469 11 166 18259 18142 1 0.985274 0.985274 10 
5 -0.381838 -2.60027 -0.155271 -0.175721 -0.162765 4.0117 22 167 15472 15419 1 0.333917 0.333917 29 
0.847247 2.59831 -5 -1.0602 -0.954169 1.18988 3.8677 22 168 14325 14324 1 0 0 1 
3.34869 5 -1.4086 -1.41009 -0.911828 -0.0214702 3.90817 22 169 30249 30208 1 0.687661 0.687661 23 
1.7876 3.26173 5 -0.230031 -0.0752955 -0.45004 4.16811 22 170 4501 4499 1 0.510316 0.510316 39 
2.17943 -0.123523 5 -0.265887 -0.0942106 -0.216667 4.01265 22 171 3616 3586 1 0.0693462 0.0693462 3 
-3.50909 5 1.00102 -0.0262392 -0.50554 0.0697171 3.95629 22 172 11525 11524 1 0.36651 0.36651 7 
3.52753 4.87249 -5 -24.6699 -19.9056 73.0745 6.68778 2112 173 2121 2044 1 0 0 4 
5 4.6424 -4.69792 -0.353882 -0.0825709 0.343548 3.84313 22 174 11111 11025 1 0 0 2 
1.31733 5 3.12773 -0.694747 -1.04121 0.295694 3.93105 22 175 12549 12548 1 0 0 1 
5 -0.369638 -2.85079 -0.248231 -0.160885 0.0318624 3.91006 22 176 6354 6342 1 0.201577 0.201577 25 
5 2.32918 -3.05511 -3.3132 -2.95463 5.21783 3.82915 22 177 5113 4979 1 0.299002 0.299002 7 
-1.92482 5 -4.37212 -0.633318 -0.48848 0.863119 3.83774 22 179 11324 11323 1 0 0 4 
5 -3.20177 4.16772 -0.306942 -0.155649 -0.12895 4.01055 22 182 2232 2231 1 0.169848 0.169848 21 
2.16926 4.75449 5 -0.291485 -0.345214 -0.238713 4.22868 22 183 7724 7694 1 1.82703 1.82703 30 
-1.32006 2.25419 -5 -0.329533 -0.31928 0.224918 3.88511 22 184 5106 5082 1 4.25458 4.25458 19 
4.44604 -5 -1.66565 -0.369982 0.72537 0.437428 3.94764 22 185 17524 17500 1 0.626643 0.626643 9 
5 0.623945 -1.22663 -0.60777 -0.193865 0.770093 3.83961 22 187 1930 1694 1 0 0 3 
-0.594788 5 1.79569 -0.338211 -0.295624 0.121495 3.93322 22 188 3135 2869 1 0 0 2 
5 4.12811 2.02056 -0.16925 -0.0914327 0.203934 3.85922 22 189 18398 18189 1 0 0 1 
5 3.82338 0.60019 -0.616925 -0.447294 0.228911 3.88711 22 190 6578 6452 1 0.311756 0.311756 24 
5 -3.55657 -0.807428 -0.301782 -0.151601 0.221636 3.89507 22 191 6851 6839 1 0 0 4 
5 0.0651327 -0.126274 -5.62726 -4.08006 6.74741 3.84116 22 192 17407 17299 1 0.0954989 0.0954989 6 
-5 2.49686 2.32781 0.189996 -0.125099 -0.0970111 4.1831 22 193 9859 9858 1 0.117836 0.117836 5 
-2.67053 5 -0.519688 -0.152772 -0.608519 -0.499528 4.10242 22 194 4393 4392 1 0.179007 0.179007 4 
4.56082 2.3008 -5 -0.299327 -0.340532 0.610503 3.83364 22 197 37043 36885 1 0 0 3 
4.04714 -3.07656 -5 0.0940634 -0.151343 0.154751 3.8652 22 198 20448 20428 1 0 0 1 
5 4.62196 -0.748319 -0.140824 -0.0775873 -0.427364 4.0739 22 199 8160 8045 1 0 0 2 
-1.12957 5 -0.973297 -0.275451 -0.180591 -0.390683 4.19621 22 200 13050 13049 1 0 0 1 
5 -3.12167 2.76887 -0.29326 -0.129014 -0.398088 4.07957 22 201 27716 27715 1 0.793393 0.793393 20 
4.68522 -2.99345 5 -0.154946 -0.198347 -0.23231 3.95497 22 202 5220 5182 1 0.542068 0.542068 34 
-4.25963 2.55586 5 -0.118997 -0.341788 -0.36075 4.17478 22 203 1696 1655 1 0 0 4 
5 2.98932 3.16605 -0.570996 -0.201591 -0.0597336 3.9057 22 204 18785 18732 1 0 0 3 
5 0.402918 1.05785 -0.272276 -0.0288347 -0.176092 3.8655 22 205 16562 16471 1 0 0 6 
1.86285 5 2.43903 -0.532872 -0.603288 -1.38768 4.25326 22 206 5059 5001 1 0 0 2 
5 2.93965 -0.271574 -0.176298 -0.0489568 -0.292545 3.97998 22 207 4102 4097 1 0.344768 0.344768 24 
5 0.936326 4.00255 -0.93088 -0.731983 0.921373 3.89479 22 208 2019 1970 1 0.16945 0.16945 4 
5 4.36931 -4.50658 -0.459209 -0.158768 -0.158239 3.91234 22 209 5385 5383 1 0.231218 0.231218 20 
5 3.20222 -3.95705 -2.02391 -2.01174 0.892672 3.89971 22 211 6496 6443 1 0.454232 0.454232 19 
5 4.44024 3.54201 -0.479907 -0.0170364 0.174698 3.92177 22 212 1111 1083 1 0.0593617 0.0593617 3 
4.9262 5 -1.72125 -0.215999 -0.323451 0.678545 3.81502 22 213 1241 1057 1 0 0 4 
4.2916 5 -2.5743 -0.1016 -0.429065 -0.258264 4.01743 22 214 4666 4665 1 0.5108 0.5108 14 
3.31752 1.50091 -5 -0.22076 -0.316015 0.909037 3.80955 22 216 42214 41972 1 0 0 1 
5 0.198315 -0.686615 -0.639265 -0.675163 0.733255 3.85072 22 218 1159 1 1 0.201846 0.201846 23 
1.96766 3.265 5 -0.979051 -0.812185 -1.12124 4.02735 22 219 4573 4555 1 0 0 5 
0.176757 5 -2.65076 -1.32082 -0.532965 1.05645 3.84909 22 220 43786 43583 1 0 0 4 
-0.972193 5 2.80074 -0.255984 -0.442237 -0.0043142 3.99096 22 222 9581 9580 1 0 0 4 
4.87944 -0.908049 5 -0.0488863 -0.0740746 -0.208804 4.19302 22 223 8208 8062 1 0 0 1 
4.86079 5 -3.92715 -1.94183 -4.92412 5.90939 3.83792 22 224 9536 9290 1 0.0753997 0.0753997 7 
1.4031 0.603109 -5 -0.267352 -0.0845247 0.427198 3.89268 22 225 20068 20066 1 0 0 1 
4.07699 5 2.70761 -1.68001 -2.47064 0.259901 3.93322 22 226 3499 3477 1 0.107059 0.107059 4 
5 4.99767 0.85744 -0.50296 -0.07381 -0.0519958 3.91386 22 227 24796 24762 1 0 0 2 
4.52298 5 -0.84816 -0.168123 -0.507045 0.17325 3.92153 22 228 24330 24300 1 0 0 1 
-3.81028 5 3.65775 -0.239407 -0.297699 0.130847 4.27234 22 229 10620 10594 1 0.430807 0.430807 39 
-2.45471 -0.152968 -5 -0.327928 -0.571583 0.704476 3.82908 22 230 16352 16351 1 0 0 2 
5 2.13942 -0.149815 -0.371016 -0.0180339 0.152568 3.85132 22 231 5959 5928 1 0.604317 0.604317 32 
3.78238 3.65157 -5 -0.145438 -0.272992 0.499786 3.81857 22 232 1121 1 1 1.9 1.9 24 
5 1.98472 2.34039 -1.13469 -0.746349 -0.0565743 3.95724 22 233 23965 23942 1 1.20858 1.20858 5 
5 -4.75981 -4.35401 -1.25882 -2.15391 0.0347306 3.93599 22 234 12778 12743 1 0.316634 0.316634 22 
5 -1.68345 0.768036 -0.62453 -0.0791435 -0.418418 4.03251 22 236 4763 4761 1 0.236031 0.236031 25 
3.63483 5 -1.85456 -0.0549289 -0.190009 0.0416063 3.95422 22 237 7235 7202 1 0.764423 0.764423 50 
4.71041 5 3.6824 -0.204573 -0.146577 -0.44473 4.10974 22 238 19391 19390 1 0 0 1 
1.26993 5 -2.53689 -0.445808 -0.241091 0.0651907 3.92764 22 239 7831 7812 1 0.425629 0.425629 24 
-2.48469 5 3.68909 -1.55624 -7.93137 0.883887 3.89425 11 240 10584 10553 1 6.11834 6.11834 30 
5 -4.90103 2.89882 -0.289944 -0.323148 -0.269495 4.05744 22 241 11636 11635 1 0.663703 0.663703 5 
5 2.56744 -0.87193 -2.4329 -3.63472 0.0554637 3.93257 22 242 5632 5559 1 0 0 3 
-4.34857 5 1.20152 -0.0333625 -0.30311 -0.159536 3.90201 22 243 26143 26141 1 3.60883 3.60883 25 
1.04335 3.48706 -5 -5.67193 -3.58794 11.4975 3.81864 22 244 1129 1 1 0.255899 0.255899 31 
-2.42131 5 1.44509 -0.0506231 -0.180789 -0.301375 4.17795 22 245 25493 25492 1 0 0 1 
-0.133798 5 0.3165 -0.263966 -0.387691 0.111124 3.90059 22 246 8951 8929 1 0 0 2 
-2.01492 5 -3.18998 -0.221742 -0.261027 -0.158286 3.98852 22 247 5811 5782 1 0.0071736 0.0071736 6 
-4.74575 -4.88638 -5 -0.346901 -0.620656 0.775527 3.8394 22 248 28350 28289 1 2.6017 2.6017 4 
1.23042 -0.00394351 5 -0.3113 -0.075913 -0.180768 3.99335 22 249 30281 30217 1 0 0 4 
-1.17813 5 -4.1409 -0.245867 -0.0773946 0.214564 3.84343 22 250 2472 1 1 0.647342 0.647342 11 
-0.191978 2.46911 5 -0.15115 -0.0957724 -0.420226 4.27624 22 251 16870 16869 1 0 0 1 
4.21326 4.30322 -5 -0.315976 -0.235664 0.258757 3.84534 22 252 1002 1 1 0.153793 0.153793 9 
5 -1.71501 0.514624 -2.15641 -2.44775 4.54974 3.8507 22 253 31431 31356 1 1.00434 1.00434 54 
5 3.32116 3.50336 -0.301735 0.040708 -0.578661 4.19013 22 254 13213 13177 1 0 0 3 
-0.490384 5 2.67372 -2.81587 -2.70799 8.47932 3.83625 22 256 1183 1 1 0.499041 0.499041 19 
-1.2866 -3.36838 -5 -3.37419 -1.91558 3.7276 3.85208 22 257 6141 6139 1 0 0 2 
-1.43132 5 0.759239 -0.755505 -0.784678 1.41886 3.84918 22 258 6117 5816 1 0 0 1 
-2.1427 3.66257 -5 -0.0383206 -0.772029 0.44663 3.85733 22 259 13563 13459 1 0.153927 0.153927 3 
5 1.80236 3.25254 -0.283245 -0.413846 0.098099 3.94248 22 261 54992 54991 1 0 0 2 
3.18739 5 2.63403 -0.102244 -0.151385 -0.140479 3.91819 22 262 11389 11113 1 0.230038 0.230038 28 
5 -0.619642 -1.86015 -0.192391 -0.463063 0.0983786 3.92089 22 263 41373 41372 1 0 0 1 
1.82391 5 1.30773 -1.30574 -1.69863 0.202335 3.93832 22 265 34117 34116 1 0 0 1 
5 0.0973738 -3.88488 -0.542873 -0.839717 0.455603 3.87977 22 266 4943 4902 1 0.326086 0.326086 24 
2.54525 1.11154 -5 -4.40493 -3.76897 4.6749 3.84302 22 267 9243 9126 1 0.927735 0.927735 42 
-0.652509 -1.0846 -5 -0.0322001 -0.00882738 0.00826233 3.88767 22 268 8404 8400 1 0.261746 0.261746 48 
-2.58007 1.5726 5 -0.91793 -0.888274 -0.574695 4.03482 22 269 19714 19696 1 0.0573656 0.0573656 3 
0.704717 5 -4.94126 -0.143254 -0.11403 -0.295359 4.14912 22 270 3919 3874 1 0.302941 0.302941 3 
5 1.80003 1.78226 -0.265676 -0.230737 -0.338108 3.96164 22 271 7924 7912 1 0.438425 0.438425 29 
5 0.350992 3.2242 -0.243113 -0.429356 -0.132926 4.00035 22 272 4251 4250 1 0 0 4 
5 -3.15762 -2.63431 -0.107422 -0.382105 -0.0612161 3.91462 22 273 11320 11249 1 0.134227 0.134227 5 
3.9881 -1.09309 -5 -0.380188 -0.459782 0.46036 3.84582 22 274 5211 3989 1 0 0 3 
1.75922 2.5563 -5 -0.780486 -0.687881 1.36187 3.84345 22 276 3231 3155 1 0 0 2 
4.18858 -5 -1.04085 0.375449 0.303273 -0.143815 23.5896 22 277 24049 24047 1 0 0 4 
2.82078 5 -3.71494 -0.217063 -0.22686 0.13495 3.86183 22 278 38198 37885 1 0.341341 0.341341 25 
-2.09377 5 -0.580962 -0.925161 -0.602727 0.860143 3.84751 22 279 1816 1 1 3.89937 3.89937 24 
5 3.03309 -3.32227 -0.384908 -0.332067 -0.0519385 3.91174 22 280 10325 10298 1 0.341944 0.341944 32 
5 -2.46886 -1.01123 -0.253515 -0.18106 -0.0475939 3.86926 22 281 24611 24488 1 0.587741 0.587741 43 
-2.05888 5 2.38408 -0.864715 -0.731581 0.979829 3.86603 22 282 35301 35187 1 0 0 2 
5 1.34136 -0.66345 -0.236766 -0.131646 0.1329 3.87114 22 284 9847 7439 1 0.301655 0.301655 11 
5 4.35805 -4.70677 -0.43549 -0.242163 0.113249 3.91184 22 285 19479 19477 1 0 0 4 
5 4.16765 -2.99294 -0.119455 -0.605198 0.308245 3.83935 22 286 19501 19144 1 0.530159 0.530159 22 
-3.54269 -1.72049 5 -0.16538 -0.238189 -0.133806 3.96867 22 287 7791 7675 1 0.105258 0.105258 5 
4.91983 -1.93288 -5 -5.86848 -6.19821 8.79068 3.83477 22 288 16289 16153 1 1.07683 1.07683 79 
5 -1.37182 4.98768 -1.34873 -0.640772 -1.06587 3.98765 22 289 14146 14145 1 0 0 2 
4.41467 1.5548 5 -0.230499 0.0305018 -0.418902 4.23115 22 290 3895 3871 1 0.616248 0.616248 35 
0.956401 5 -3.58767 0.602319 -2.90828 2.07554 3.8464 11 291 17173 17143 1 3.0016 3.0016 28 
4.01633 5 -1.34327 -0.375306 -0.345997 -0.0234811 3.95788 22 292 18062 18061 1 0 0 3 
5 2.7429 0.92171 -0.142956 -0.275499 0.33739 3.85332 22 293 5622 5568 1 2.38384 2.38384 12 
5 -1.36858 4.26115 -0.337857 -0.369465 0.102316 3.98121 22 294 28854 28853 1 0.370856 0.370856 26 
3.08534 -3.70882 5 0.000247184 0.0244801 -0.28506 4.1429 22 295 20682 20681 1 0.285784 0.285784 23 
-2.90566 3.8928 -5 -0.558959 -0.563202 0.426169 3.85705 22 296 54224 54092 1 0.171704 0.171704 5 
-4.08589 -3.83613 -5 -0.193075 -0.344231 0.324573 3.89444 22 297 8520 8507 1 0.491471 0.491471 28 
5 -4.99602 -4.69833 -0.219968 -0.352129 0.228336 3.88286 22 298 2816 2734 1 0 0 3 
1.44355 5 -0.230622 -0.745499 -0.553714 0.530913 3.88567 22 299 33876 32716 1 0 0 1 
5 -3.15668 3.91926 -0.41766 -0.421047 0.349932 3.90319 22 300 6582 6127 1 0.299085 0.299085 8 
1.76006 5 -0.890221 -0.43116 -0.150296 0.229418 3.86319 22 301 37281 37258 1 0 0 2 
2.72994 5 -0.641809 -0.344203 -0.193606 -0.00355769 3.90581 22 302 1807 1805 1 0.218549 0.218549 8 
0.0324595 1.02182 -5 -0.322846 -0.287421 0.491562 3.8269 22 304 4423 4323 1 1.45044 1.45044 51 
5 -0.698261 1.74492 -0.213724 -0.221333 -0.0644375 3.97811 22 305 21255 21253 1 0 0 2 
4.10602 5 1.47954 -0.13818 -0.242257 -0.203803 3.93386 22 307 11185 11184 1 0.168034 0.168034 19 
0.189979 5 4.76003 -1.85708 -1.97515 0.274371 3.88651 22 308 2660 2586 1 0 0 9 
3.44503 3.98175 -5 -2.12339 -1.34155 2.79723 3.83894 22 309 8927 8925 1 0 0 6 
5 -2.28986 3.81046 -0.637102 -0.653672 -0.367643 3.99574 22 310 1078 1 1 0.356029 0.356029 26 
1.48277 3.70639 5 0.137644 -0.176777 -0.515066 4.03041 22 311 4413 4411 1 0 0 3 
5 2.96293 2.96345 -0.221891 -0.186158 -0.232226 4.02092 22 312 14892 14845 1 0 0 2 
3.56123 5 -0.0332882 -0.634784 -1.12088 4.91757 3.82396 22 313 13888 13593 1 0.0440942 0.0440942 24 
5 -2.18353 -2.17962 -0.326616 -0.166286 -0.356077 3.93413 22 314 1233 1200 1 0 0 3 
3.61575 5 0.275113 -0.186918 -0.179141 0.161532 3.97815 22 315 31611 10966 1 0 0 1 
5 4.39106 1.90213 -0.353593 0.00436293 0.27227 4.09568 22 316 13268 13267 1 0 0 1 
5 -4.59142 4.82795 -0.648572 -1.38181 -0.274412 3.9896 22 317 25062 25034 1 0 0 4 
5 -4.53254 3.4745 -0.249367 -1.03886 1.17123 3.87884 22 318 20286 20074 1 0 0 1 
3.66263 5 -4.22095 -0.308028 -0.17652 -0.108912 3.9384 22 319 20675 20674 1 0 0 2 
-3.47788 5 -3.70748 -0.298174 -0.271979 0.105967 3.87858 22 320 6800 6710 1 0 0 3 
-4.41994 5 3.10085 -0.249651 -0.420669 -0.188645 4.10239 22 321 11633 11611 1 0 0 1 
5 1.17267 2.66339 -0.857069 -0.640481 0.697596 3.88453 22 322 5731 5617 1 0.320246 0.320246 30 
5 0.725001 2.18749 -0.277578 -0.25484 -0.111809 4.07679 22 323 6226 6225 1 0 0 4 
5 2.29541 0.920422 -0.362088 -0.392319 0.279586 3.89014 22 324 5927 5926 1 2.58339 2.58339 26 
2.02863 -1.61446 -5 -1.2983 -1.32681 3.5628 3.8162 22 325 31179 30916 1 0 0 2 
3.58881 -3.56434 -5 -0.0441418 0.219041 0.106049 3.90909 22 326 2051 1831 1 0.509241 0.509241 56 
5 1.77959 0.382683 -0.222733 -0.361423 0.2844 3.8656 22 327 12815 12784 1 0.177963 0.177963 5 
-0.242923 5 -0.958296 -0.20435 -0.463139 -0.171345 3.91015 22 328 43415 43338 1 0 0 1 
-0.2313 -2.29469 -5 -0.434094 -0.098387 0.200025 3.88754 22 329 8370 8290 1 0 0 5 
5 0.0733605 -3.12801 -0.126222 -0.255902 -0.244348 4.05264 22 330 8761 8738 1 0 0 2 
-4.20341 2.09012 -5 -0.463671 -0.185911 0.529353 3.8269 22 331 12032 11925 1 1.46299 1.46299 25 
0.0550988 5 0.156859 -0.10431 -0.300494 0.0224782 3.90698 22 332 63617 62994 1 0 0 1 
4.50157 5 -2.45935 -0.239819 -0.41975 -0.165579 3.9846 22 333 27486 27484 1 0.358489 0.358489 32 
5 1.78628 0.259578 -0.253997 -0.256686 0.361549 3.89544 22 334 22664 22651 1 0.411235 0.411235 5 
4.49922 -2.176 -5 0.109545 -0.277268 0.303211 3.92537 22 335 27517 27446 1 0 0 1 
5 -2.53913 -2.53565 -0.150308 -0.167766 0.12547 3.90951 22 336 12102 11895 1 0 0 1 
5 -2.09872 1.9194 -0.326468 -0.34371 0.190794 3.88635 22 337 11654 11653 1 0 0 3 
-1.05014 -0.108875 -5 -0.605995 -0.821338 1.44169 3.836 22 338 19522 19392 1 0.325901 0.325901 19 
-1.19624 5 -1.34758 -0.313127 -0.361974 0.0217286 3.99505 22 339 17958 17957 1 0.214629 0.214629 2 
0.771767 1.54868 -5 -0.695504 -0.758618 0.87864 3.84497 22 340 19160 18950 1 1.78477 1.78477 38 
2.51618 3.07454 5 0.122629 -0.388084 -0.308987 3.97914 22 341 15846 15845 1 2.26917 2.26917 39 
-0.200254 -1.20218 5 -0.322727 -0.204022 -0.339621 3.95622 22 342 2643 2618 1 0.510483 0.510483 32 
-3.15325 5 2.08419 -0.0638325 -0.080763 -0.238674 4.29562 22 343 15068 15065 1 0 0 1 
4.87195 -0.920105 -5 -0.22253 -0.221393 0.403218 3.83907 22 344 20763 20725 1 0.397027 0.397027 36 
-0.401998 -0.684636 -5 -0.71037 -0.486479 0.511318 3.87457 22 345 2261 2175 1 0.6149 0.6149 34 
5 -3.83502 -3.7075 -0.316292 -0.332158 -0.225278 3.9232 22 346 22265 22237 1 0 0 4 
-3.16214 2.89484 5 -0.220724 0.120218 -0.076207 3.96953 22 347 10269 10268 1 0.614106 0.614106 6 
0.10988 -2.29127 5 0.117989 -0.00251554 -0.497184 4.05234 22 348 9741 9740 1 0.651432 0.651432 4 
5 4.40781 -4.61445 -0.131596 -0.248031 -0.249279 4.00153 22 349 9367 9329 1 0 0 3 
5 1.98456 1.02104 -0.328394 -0.0565861 -0.0107783 4.05228 22 352 13822 13720 1 0.590076 0.590076 23 
5 3.32047 -1.31352 -1.30066 -1.74375 1.44293 3.8519 22 353 5446 5419 1 0 0 4 
3.25117 -2.74921 5 -0.314063 -0.250331 -0.315941 4.20453 22 354 16752 16749 1 0 0 1 
5 -2.76523 0.872063 -0.0850203 -0.285887 0.414922 3.89975 22 355 6118 6074 1 0 0 1 
-5 -2.08773 -0.864684 -1.98068 2.41286 -1.39667 3.86024 -11 356 6435 6434 1 0.43109 0.43109 3 
2.86571 3.11787 -5 -0.701988 -0.598592 0.502238 3.86401 22 357 39667 39536 1 0 0 1 
5 -3.71323 -4.88419 -0.161585 -0.0588042 0.0337587 4.0263 22 358 45709 45708 1 0 0 2 
5 4.42246 3.46629 -0.3384 -0.52719 1.9468 3.82736 22 359 44664 44293 1 0 0 1 
4.03387 5 1.90577 0.194409 -0.355602 0.311244 3.8613 22 360 13862 13838 1 1.41659 1.41659 35 
4.12027 -2.21103 -5 -0.257484 -0.940447 0.244948 3.908 22 361 10555 10430 1 0 0 3 
5 -3.54803 4.23615 -0.548137 -0.876559 0.713839 3.87522 22 362 8779 8614 1 0 0 2 
3.53216 0.0432926 5 -0.945184 -0.681055 -1.70246 4.20304 22 363 4690 4609 1 0 0 4 
-0.573516 -5 -2.91395 -0.102078 0.0694317 -0.136792 4.27198 22 364 4760 4759 1 0.66527 0.66527 35 
-4.29272 4.03815 5 -0.39138 -0.337906 -0.215012 4.05995 22 365 27733 27686 1 0.244586 0.244586 18 
5 -1.52221 1.20193 -1.55976 -1.82093 0.601805 3.92083 22 366 35632 35631 1 1.70457 1.70457 53 
5 4.30349 4.78795 -0.145603 0.149408 -0.138401 3.91688 22 367 6441 6308 1 0.323933 0.323933 30 
5 -1.14596 -1.35951 -0.783593 -0.210167 -0.0148236 3.88677 22 368 27898 27759 1 0 0 1 
0.873921 0.509145 -5 -0.113113 -0.00747314 0.260557 3.91615 22 369 6893 6842 1 0.29227 0.29227 22 
1.59875 -4.16883 -5 -1.03859 -0.801612 0.781315 3.87699 22 370 9997 9996 1 0 0 3 
5 -1.0948 -2.70912 -1.27799 -0.445129 -1.48863 4.16762 22 371 20819 20792 1 0 0 2 
5 -1.48454 -0.229983 -0.445957 -0.404695 -0.2794 3.91177 22 372 2808 2806 1 0.218586 0.218586 15 
0.0559605 2.14882 -5 -1.80227 -1.44341 2.28697 3.82447 22 373 17853 17802 1 0 0 7 
2.34003 5 -4.2445 -1.38494 -1.1605 -1.84071 4.15132 22 374 2822 2759 1 0 0 2 
0.48044 3.89681 5 -0.284938 -0.256695 -0.337695 4.10441 22 375 27165 27140 1 0.146697 0.146697 7 
1.32227 5 0.129984 -0.103491 -0.269783 -0.0342567 3.93194 22 376 10280 10189 1 0.290601 0.290601 25 
4.74162 5 4.20557 -0.217947 -0.449062 -0.0439014 3.83522 22 377 20567 20494 1 0 0 1 
5 1.51761 4.5108 -0.628564 -0.662727 -0.246915 3.98439 22 378 2937 2909 1 0 0 5 
-4.60733 5 -0.425425 -0.407461 -0.305778 0.0399401 3.92267 22 379 6427 6426 1 0 0 1 
1.47065 -4.37777 -5 -0.514656 -0.316206 0.795019 3.83659 22 380 5554 1 1 0.52261 0.52261 19 
-4.91844 5 -2.74091 -1.43851 -1.68681 3.23273 3.83685 22 381 2584 2431 1 0.175208 0.175208 23 
5 2.21259 4.52926 -0.487379 -0.741714 0.494179 3.87976 22 382 13436 13435 1 0 0 3 
-0.657868 2.51379 5 -2.59368 -0.994737 -0.492828 3.99123 22 383 4314 4293 1 0 0 5 
5 3.61544 -2.84738 -0.139716 -0.165713 -0.0035844 3.90358 22 384 15895 14123 1 0 0 1 
5 -2.78554 4.18482 -0.558836 -0.429906 0.143435 3.87568 22 385 6012 5997 1 1.54951 1.54951 11 
-0.426272 3.26784 -5 -0.178166 -0.203603 0.0506573 3.8852 22 386 44665 44555 1 0 0 1 
-2.35328 5 0.29284 -1.84252 -1.78348 1.1045 3.88741 22 387 4812 4810 1 0.0635598 0.0635598 6 
-1.92079 0.0910519 -5 -0.455718 -0.797867 0.864551 3.86228 22 388 21032 17772 1 0.200865 0.200865 33 
5 2.39079 -3.83067 -0.313024 -0.0309588 -0.402713 4.10484 22 389 38107 38086 1 0 0 4 
5 -2.8748 3.88737 -1.71698 -1.15639 -0.151289 3.93813 22 390 3893 3892 1 0 0 2 
-0.977736 5 -0.629236 -0.0831279 -0.434662 -0.0975663 4.06313 22 391 12600 12549 1 0.0292312 0.0292312 16 
1.71427 -3.4606 5 -0.0692046 0.145198 -0.159739 4.01601 22 392 2485 2377 1 1.3313 1.3313 45 
5 4.69589 -2.51119 -0.185741 -0.102961 0.18169 3.83595 22 393 1558 1323 1 0.173318 0.173318 10 
5 -0.468504 2.26738 -0.338413 -0.0281292 -0.0613271 3.97495 22 394 2827 2772 1 0.89246 0.89246 5 
5 2.21122 1.4844 -0.35278 -0.179246 -0.187285 4.08039 22 395 1513 1512 1 0 0 7 
4.61546 4.59689 -5 -0.542756 -0.371364 1.93415 3.80336 22 396 7162 7085 1 2.00766 2.00766 40 
5 2.405 2.42191 -0.385452 -0.331552 -0.0276714 3.9566 22 397 5600 5599 1 0 0 4 
-2.75273 5 4.20852 -0.183288 -0.47676 0.0150108 4.03974 22 398 21455 21454 1 0.285389 0.285389 6 
3.82057 1.96231 -5 -1.46222 -1.00259 0.526432 3.86186 22 399 1576 1575 1 0.191412 0.191412 8 
0.258714 5 -3.09324 -0.391088 -0.327659 -0.0284596 3.9589 22 400 5217 5214 1 0.43409 0.43409 49 
-0.437791 -3.38353 -5 -0.594679 -1.21634 1.34943 3.87099 22 401 40450 40449 1 0 0 2 
0.714396 5 -3.72612 -0.49222 -0.45753 0.0707623 3.89643 22 402 21604 21603 1 0.0723669 0.0723669 3 
5 -1.05347 1.11611 -0.320142 -0.392799 0.0658609 3.958 22 403 8933 8931 1 0.2843 0.2843 31 
1.13662 5 -1.11725 -0.409097 -0.273954 0.00102353 3.92777 22 404 15875 15874 1 0 0 4 
5 1.57316 -3.06811 -0.502005 -0.507319 -0.699909 3.95655 22 405 25482 25445 1 0.3425 0.3425 2 
4.96796 5 1.70044 -1.73123 -1.22334 2.02744 3.861 22 406 31010 30978 1 0 0 2 
5 -3.92014 2.03966 -1.26976 -1.24326 -1.2455 4.03264 22 407 15721 15646 1 0 0 2 
5 2.47248 2.09354 -0.455575 -1.27718 -0.075066 3.92758 22 408 2249 2245 1 0 0 2 
-5 4.14661 1.11803 0.178346 -0.22814 -0.155395 3.94637 22 409 1001 1 1 0 0 6 
5 -1.75748 -3.35479 -0.603452 -0.839474 1.23001 3.84724 22 410 2895 1 1 0 0 3 
-5 -0.402276 -4.27399 0.289222 -0.269931 0.103048 4.09182 22 411 14386 14376 1 0 0 4 
5 -2.14695 -0.55757 -0.137539 -0.111981 -0.0679011 3.8852 22 412 4905 4903 1 0.021199 0.021199 6 
2.13449 5 0.552934 -0.321491 -0.394951 -0.0421548 3.96497 22 413 17842 17840 1 0.167157 0.167157 4 
1.96534 5 -0.910399 0.0798605 -0.401608 -0.305702 3.92608 22 414 3491 3490 1 0 0 2 
3.13984 -0.685223 5 -1.23427 -1.15986 -2.21142 4.2274 22 415 13370 13365 1 0 0 2 
5 -1.82444 2.58581 -0.328385 -0.158318 0.138897 3.90852 22 416 15533 15484 1 0.00172425 0.00172425 3 
-2.73993 5 2.58951 -2.82096 -3.49355 4.5841 3.86718 22 417 2619 2501 1 0 0 6 
1.92062 -5 2.25384 -0.136812 0.0471453 0.0397254 3.86655 22 418 1708 1662 1 0.231053 0.231053 36 
5 -3.93071 -0.411027 -1.92767 -2.03347 1.69725 3.87122 22 419 11963 11960 1 1.0803 1.0803 4 
4.21941 -2.16986 -5 -0.39914 -0.729516 0.817123 3.84549 22 420 5158 2336 1 0.262101 0.262101 20 
5 -4.24415 1.74218 -0.702729 -0.0573517 -0.242324 4.19319 22 421 10354 10326 1 0.54214 0.54214 3 
1.93137 -0.224194 -5 -0.326798 -0.264259 0.406272 3.85369 22 422 3499 3498 1 0 0 2 
-0.86292 5 -4.06795 -0.320503 -0.249482 -0.310091 3.94229 22 423 11124 11123 1 0.604166 0.604166 30 
5 0.907334 -4.52447 -7.67018 -1.33409 -9.54636 3.89741 11 424 7290 6269 1 0.527941 0.527941 37 
5 -1.37163 -3.45313 -0.275566 0.339673 0.860843 3.85762 22 425 31805 31705 1 0 0 1 
5 0.503207 -0.462881 -0.298193 -0.343229 -0.369728 3.91392 22 427 26293 26292 1 0.0785148 0.0785148 6 
4.44735 5 -1.341 -0.669837 -0.350263 0.23578 3.83602 22 428 8437 7967 1 0 0 4 
4.05792 4.35464 -5 -0.270708 -0.333844 0.249658 3.83722 22 429 4183 4157 1 0.496492 0.496492 35 
4.83462 -4.94774 5 -0.308431 -0.0410005 -0.0346416 4.05302 22 430 4345 4309 1 1.05125 1.05125 13 
-2.55204 5 -1.34771 -0.508614 -0.372924 0.99831 3.83805 22 431 16592 15930 1 0 0 3 
4.59835 5 -3.17225 -0.0839472 -0.681997 0.330435 3.8523 22 432 23554 23400 1 0.932285 0.932285 35 
2.58047 5 -2.50575 -0.266586 -0.599553 0.897029 3.82085 22 433 19150 18983 1 0.510494 0.510494 34 
4.79382 5 -2.98365 -0.117488 -0.526212 0.18173 3.8603 22 434 19179 19064 1 0 0 1 
4.23046 5 -3.71065 -0.465121 -0.66089 0.868977 3.83299 22 435 4048 3970 1 0 0 2 
5 0.753032 -2.48346 -0.412276 -0.609302 0.0325802 3.9042 22 436 14165 14164 1 0 0 3 
-0.153416 -5 2.94046 0.168165 0.167739 0.0996501 3.9224 22 437 24588 24459 1 0 0 1 
5 -0.296905 3.81927 -0.413862 -0.466406 -0.0736029 3.99092 22 439 10024 10023 1 0.25381 0.25381 4 
5 4.22279 -3.73447 -1.71697 -1.46436 -3.54028 4.1882 22 440 2647 2572 1 0 0 4 
-1.87257 5 -1.32657 -0.374668 -0.290806 0.190199 3.8978 22 441 3146 3102 1 0 0 5 
0.727551 -2.69002 5 -0.3296 -0.1796 -0.346738 4.17771 22 442 12776 12775 1 0.0879177 0.0879177 5 
5 -0.621197 -4.55476 -0.169037 -0.0949277 -0.0545403 3.94055 22 443 17129 16506 1 0 0 1 
5 -3.23233 0.346282 -5.96177 -5.11858 3.51826 3.87033 22 444 16911 16876 1 0.26834 0.26834 26 
3.10023 2.67501 5 -0.160159 -0.0770914 -0.138313 3.92365 22 445 3335 3311 1 1.6045 1.6045 47 
4.54496 5 0.249288 -0.143545 -0.258319 -0.416876 4.05417 22 446 19096 19094 1 0.329887 0.329887 9 
5 2.45793 -1.58153 -0.162279 -0.171828 0.119328 4.01576 22 447 14953 14919 1 0.71057 0.71057 39 
3.6561 5 -1.03184 -0.21774 -0.161816 -0.0135567 4.4906 22 448 5228 5196 1 0 0 3 
4.34302 5 -1.61143 -0.468328 -1.87275 0.272981 3.88259 11 449 1350 1348 1 1.96473 1.96473 65 
5 4.43957 3.4812 -37.6886 -27.5987 33.3862 6.91975 2112 450 20257 20079 1 0 0 5 
2.8438 4.87379 -5 0.169241 -0.244977 0.892677 3.80923 22 451 5990 5912 1 0.308578 0.308578 34 
-3.71292 1.53293 -5 -0.181394 -0.179073 0.314133 3.85141 22 452 56047 55910 1 0 0 1 
-3.50688 2.53265 -5 -0.381716 -0.170808 0.458678 3.83831 22 453 3699 3110 1 0 0 4 
-4.532 5 -4.09762 -0.607476 -2.33765 0.473746 3.88947 22 454 4806 4805 1 0.366875 0.366875 17 
5 3.0207 4.07946 -0.398051 -0.361093 0.368263 3.89104 22 455 39996 39959 1 0 0 1 
1.19206 1.73508 -5 -1.1061 -0.977819 1.25379 3.85699 22 456 13470 13405 1 0.199454 0.199454 14 
-2.52848 1.44571 -5 -1.04085 -0.533656 0.234121 3.91211 22 457 30964 30962 1 0.76074 0.76074 2 
5 2.65333 -4.54314 -0.213834 -0.145343 0.19855 3.89003 22 458 27045 26996 1 0.886456 0.886456 41 
4.52019 5 4.79824 -0.385209 -0.431785 0.88749 3.85978 22 459 21823 18918 1 0 0 1 
4.35483 5 -0.828614 -0.287738 -0.559371 1.10546 3.82167 22 460 2352 2264 1 0.154688 0.154688 7 
5 0.243196 2.52592 -0.3221 -0.246404 -0.310897 4.01169 22 461 12339 12338 1 0 0 4 
-1.87119 5 -1.6363 -0.00654216 -0.289574 0.522242 3.85289 22 463 8380 8303 1 0 0 8 
-2.68098 2.98523 -5 -1.4996 -0.937999 1.01013 3.85839 22 464 8350 8347 1 0 0 8 
3.8084 5 4.51884 -0.248659 -0.260231 0.0595974 3.96535 22 465 14291 14246 1 0.510707 0.510707 21 
5 1.17505 -0.730581 -0.204921 -0.417022 -0.212649 3.99987 22 466 7628 7627 1 0.00819571 0.00819571 4 
3.1342 2.31626 5 0.294945 -0.276409 -0.31261 4.11001 22 467 1876 1874 1 0 0 9 
-0.963713 5 -4.78201 -0.348632 -0.326354 -0.123361 3.96264 22 469 10795 10794 1 0.356094 0.356094 11 
2.20645 5 -2.49674 -0.51163 -0.351967 0.434443 3.83993 22 470 30540 30424 1 0.000357388 0.000357388 3 
-0.707551 -3.50758 5 -0.325114 0.00988839 -0.231836 3.89273 22 471 3071 1 1 0 0 3 
5 3.9576 -1.4145 -0.278642 -0.431226 0.293526 3.86371 22 472 29517 29022 1 0 0 4 
5 -0.289698 1.16728 -0.408002 -0.0719698 -0.182455 4.12447 22 473 1616 1613 1 0.114919 0.114919 8 
5 3.801 -0.422596 -0.240648 -0.380927 -0.163496 3.96879 22 474 4118 4090 1 0 0 4 
-2.3195 -2.52084 -5 0.0925655 -0.102969 0.0980806 3.95913 22 475 10886 10885 1 0.16908 0.16908 37 
-1.17405 5 -1.68243 -0.398181 -0.486422 -0.0272024 4.00453 22 476 7824 7802 1 0 0 1 
-2.35031 5 0.566962 -4.15413 -3.73785 1.67201 3.91572 22 477 9111 9010 1 0 0 4 
5 -3.95912 0.750256 -0.228681 -0.526558 -0.134785 3.97172 22 478 23206 23163 1 0.510799 0.510799 14 
4.43139 5 -2.54372 -0.429671 -0.253659 -0.11027 3.90533 22 479 3112 3111 1 4.79576 4.79576 34 
0.257432 5 1.83951 -0.150036 -0.272718 0.017467 3.9736 22 480 20269 20248 1 0 0 3 
5 -1.49616 1.34904 -0.337938 -0.378287 -0.0617793 3.94413 22 481 9632 9630 1 0.427177 0.427177 31 
-0.920816 5 0.247058 -22.2351 -22.786 25.5874 3.87612 22 482 3074 2997 1 0 0 4 
-2.26505 5 0.396767 -1.39003 -0.416103 0.493681 3.90431 22 483 21368 21367 1 0 0 3 
5 -0.717702 -4.73362 -0.135827 -0.332509 0.463781 3.81594 22 484 6229 6160 1 5.36549 5.36549 58 
4.6047 5 4.25586 -0.0626837 -0.233273 0.34105 3.8623 22 485 5767 5766 1 0.151905 0.151905 21 
2.2419 5 -0.2476 0.0423089 -0.455273 0.267323 3.89148 22 486 15623 15400 1 0.293257 0.293257 3 
-3.07676 -2.28596 -5 -0.106847 -0.0906207 0.281757 3.85286 22 487 4626 4608 1 0.444824 0.444824 51 
-3.26086 5 2.02175 -0.320827 -0.193529 0.257805 3.86472 22 488 9613 9512 1 0 0 1 
-0.389444 5 3.03749 0.0322707 -0.394027 -0.0541315 3.93882 22 489 1369 1327 1 0 0 2 
5 4.76003 0.0754468 -0.225033 -0.204445 0.405603 3.82715 22 490 5773 5702 1 0.147124 0.147124 26 
5 -1.13665 1.94065 -0.322813 -0.319292 0.00853067 3.89691 22 491 13150 12345 1 0.712538 0.712538 12 
-2.06489 1.32166 5 -0.802845 -0.386746 -0.788606 5.07819 22 492 26255 26226 1 0 0 1 
-1.63733 1.09259 5 -0.392639 -0.290375 -0.158961 4.01951 22 493 11413 11412 1 0 0 2 
4.09441 2.80607 5 -0.12048 -0.443372 -0.223665 3.99001 22 494 14526 14525 1 0.169582 0.169582 4 
5 -4.15964 0.983456 -1.69982 -2.15429 2.73843 3.8783 22 497 4419 4316 1 0 0 3 
0.697175 5 2.14541 -0.233979 -0.229001 -0.268383 4.014 22 498 7441 7440 1 0.187601 0.187601 32 
-1.55617 5 1.60622 -0.36923 -0.0486027 0.233988 3.90581 22 500 2588 1 1 0 0 3 
5 1.35837 -4.86246 -0.542152 -0.466912 0.710606 3.84596 22 501 21536 20865 1 0 0 2 
1.02992 5 -3.47006 -0.000730306 -0.372875 0.324446 3.91104 22 502 1815 1770 1 1.25498 1.25498 10 
5 -0.652632 -0.438966 -0.311078 -0.248135 -0.320593 4.11578 22 503 11772 11771 1 0 0 3 
5 4.23691 1.49255 -1.47796 -1.4459 1.27588 3.87053 22 504 5708 5617 1 0 0 4 
-4.42956 -1.72503 -5 -0.270102 -0.129817 0.0708166 3.93455 22 505 23708 23707 1 0 0 1 
-2.62853 4.76677 -5 -0.197262 -0.471881 1.29422 3.83839 22 506 17294 17250 1 0.997681 0.997681 84 
5 -3.41682 4.39699 -0.4247 -0.247557 -0.139518 3.98757 22 507 17033 17031 1 0 0 6 
-0.736848 5 -4.51545 -0.116338 -0.194162 -0.0636886 3.96471 22 508 6381 5959 1 0.651427 0.651427 44 
3.76498 5 3.17855 -3.26967 -2.63753 1.85198 3.91089 22 509 17547 17470 1 0 0 2 
2.35767 5 -3.44581 -0.551431 -0.949221 0.00944731 3.89744 22 510 16924 16887 1 0 0 1 
5 3.65979 -3.99032 -0.419493 -0.268704 -0.11377 3.96569 22 511 1583 1582 1 0 0 3 
2.21029 1.25455 -5 -1.04393 -1.39764 1.60946 3.82853 22 512 12641 12621 1 0.341263 0.341263 36 
-1.66974 5 -2.73726 -0.309056 -0.330554 0.609232 3.83503 22 513 23372 22945 1 0 0 3 
0.241503 4.44013 -5 -0.615862 -0.808013 0.529178 3.85799 22 514 1763 1762 1 0 0 1 
3.04394 0.838695 -5 -0.262709 -0.250771 1.24517 3.81803 22 515 5996 5651 1 0 0 1 
-3.43828 4.51759 -5 -3.12937 -2.68472 3.7351 3.85311 22 516 21813 21754 1 0 0 2 
-0.810212 5 1.09714 -0.263734 -0.111476 -0.214798 4.28133 22 517 25377 25316 1 0 0 1 
5 2.82348 0.829675 -0.152258 -0.342619 -0.347202 4.05264 22 519 14984 14983 1 0 0 2 
0.0512271 4.67234 5 -0.102675 -0.314719 -0.126293 3.99595 22 520 9007 8657 1 0.0807388 0.0807388 14 
-3.42659 5 3.91153 -0.381779 -0.259972 0.131446 3.91839 22 521 22130 21654 1 0 0 2 
5 3.10843 0.422624 -0.251858 -0.233621 0.177521 3.99449 22 522 22366 22365 1 0.386345 0.386345 27 
4.02359 5 -4.19719 -2.19329 -2.05406 3.33532 3.81613 22 523 1074 1051 1 0.175529 0.175529 35 
5 4.54295 1.54774 -0.265215 -0.424263 0.171356 3.9032 22 524 3837 3804 1 0 0 2 
-1.47326 1.46374 -5 -5.33395 -3.98474 9.98765 3.83133 22 525 3750 3454 1 3.19923 3.19923 21 
0.232163 -1.0891 5 -0.0173016 -0.124944 -0.495186 4.08676 22 526 28684 28683 1 0 0 1 
-0.811993 5 -4.05071 -0.437316 -0.264337 0.000383057 3.95424 22 527 21657 21656 1 0 0 3 
4.51052 -5 -4.18408 -1.77956 4.15088 4.21085 3.84729 -11 528 29668 29667 1 4.35266 4.35266 24 
2.71045 1.95915 5 -0.694129 -0.797477 -0.702108 4.14266 22 529 5051 4983 1 0 0 5 
3.00132 4.09246 5 -0.045588 0.0114116 -0.243419 3.97781 22 530 15460 15288 1 0.247607 0.247607 19 
4.65666 5 4.65179 0.0414625 -0.22927 -0.106176 4.0332 22 531 18674 18639 1 0 0 2 
-4.6229 5 -1.70743 -0.0775776 -0.109543 0.212413 4.00937 22 532 35611 35610 1 0 0 3 
1.05752 5 -4.52731 -3.507 -6.57692 7.65538 3.84884 22 533 4282 4187 1 0.182441 0.182441 6 
5 3.63021 -4.03119 -1.21043 -1.03063 1.04352 3.86961 22 534 4465 4464 1 0.00461099 0.00461099 4 
5 -1.05054 -4.98309 -0.642222 -0.543643 -0.354588 4.02899 22 535 2260 2259 1 0 0 1 
5 0.745173 -4.80222 -0.414473 -0.280827 0.102315 3.87689 22 536 34340 34339 1 0.510578 0.510578 28 
2.58037 5 -1.8326 0.173418 -0.478106 0.0496049 3.97422 22 537 1401 1363 1 0.346975 0.346975 9 
0.634746 5 0.220069 -0.18215 -0.120704 -0.00988059 3.9781 22 538 2995 2965 1 0 0 5 
5 2.43969 -2.7874 -0.202387 -0.745196 -0.480913 3.99719 22 539 6840 6839 1 0 0 2 
1.03452 5 -1.60177 -0.30998 -0.370373 -0.166901 4.01825 22 540 8006 7991 1 0 0 4 
-2.33676 4.20626 -5 -0.990448 -0.750021 0.404983 3.88566 22 541 16966 16917 1 0.510633 0.510633 25 
0.583898 5 3.82169 -0.170901 -0.214541 0.164595 3.89773 22 542 10200 10098 1 0 0 7 
-0.784166 5 -2.89522 -0.265988 -0.472281 0.0776856 3.95505 22 543 8485 8393 1 0.18834 0.18834 3 
3.79168 5 -1.35269 -1.34908 -8.11641 11.7304 3.82611 -11 544 19300 19299 1 4.22687 4.22687 32 
3.20758 5 -3.10548 -0.119188 -0.109782 0.00642334 3.87639 22 545 21718 21538 1 0.161728 0.161728 28 
4.18092 3.9734 -5 -2.21951 -3.92124 3.39438 3.82974 22 546 4689 4557 1 1.04635 1.04635 43 
-3.04399 -3.75446 5 -0.238098 -0.229007 -0.389853 4.23622 22 547 2152 2151 1 1.02156 1.02156 66 
5 -1.44521 -4.49247 -0.426594 -0.134027 -0.0915428 3.9887 22 548 1456 1455 1 0 0 2 
5 -4.87023 -1.20588 -0.193456 -0.357404 0.172414 3.91477 22 549 20326 20272 1 0 0 4 
5 3.59532 0.49393 -0.186823 -0.250335 -0.404412 4.10705 22 550 4916 4914 1 1.57447 1.57447 14 
5 2.29135 -0.617542 -0.646507 -0.713567 -0.336729 4.00512 22 552 2451 2329 1 0.222927 0.222927 18 
-3.12913 5 -1.93006 -0.245817 -0.211936 0.366142 3.88222 22 553 45668 45667 1 0 0 1 
-1.31552 2.76994 5 -0.193657 -0.0813342 -0.465834 4.24486 22 555 3114 3111 1 3.79723 3.79723 17 
5 4.95917 1.7217 -0.45116 0.167393 0.155391 3.91213 22 556 19452 19402 1 0 0 1 
-5 4.72732 -1.73491 0.183436 0.0303829 0.0519356 3.85212 22 557 32818 32773 1 0 0 3 
5 4.89073 3.17572 -0.236371 -0.418697 0.337796 3.89562 22 558 9974 9130 1 0.294912 0.294912 33 
5 -1.65713 -1.31787 -0.35465 -0.367292 -0.0209793 3.93791 22 559 3808 3801 1 0.659014 0.659014 34 
5 2.15382 2.79092 -0.573583 -0.694565 0.445135 3.88812 22 560 9621 9597 1 0.330744 0.330744 20 
5 -4.47766 -0.302418 -0.663862 -0.723134 0.937628 3.85984 22 561 16713 16712 1 0.444616 0.444616 42 
5 0.331373 -3.03568 -5.41437 -9.24963 2.528 3.88275 22 562 8913 8911 1 0.182684 0.182684 38 
3.76478 5 2.88708 -0.269792 -0.298929 -0.3146 4.08921 22 563 16892 16891 1 0.238141 0.238141 4 
2.27544 5 -4.17505 -0.130099 -0.15694 -0.468577 4.25511 22 564 11748 11746 1 0.238182 0.238182 3 
5 -0.64963 -4.9657 -0.148411 -0.260276 -0.0143893 3.90517 22 565 10020 9998 1 0.239196 0.239196 4 
2.34426 -1.45792 -5 -2.37815 -4.38306 5.36133 3.83771 22 566 5446 5393 1 0.449596 0.449596 8 
4.01764 5 -4.11258 -0.281346 -0.39688 -0.156367 3.97709 22 567 6616 6615 1 0 0 2 
5 0.582369 0.518746 -0.416641 -0.644048 0.551575 3.88344 22 568 25572 25567 1 0 0 1 
-0.457934 -1.52762 -5 -0.216539 -0.128224 0.0156608 4.06572 22 569 3477 3440 1 1.53809 1.53809 5 
1.90033 5 -4.7272 -0.258588 -0.246701 -0.0818399 3.8467 22 570 37033 36943 1 0 0 1 
3.23638 -0.47756 -5 -0.633334 -0.456511 0.746275 3.84965 22 571 31324 31255 1 0 0 3 
5 3.97679 2.11928 -0.322953 -0.258584 0.299926 3.88502 22 572 9471 9470 1 0.212978 0.212978 8 
1.58022 5 3.9242 -0.350996 -0.305499 -0.211167 3.99042 22 573 10558 10557 1 1.38401 1.38401 18 
5 0.740824 4.40691 -0.36901 -0.329597 -0.12774 3.99662 22 574 7757 7756 1 0 0 3 
-2.5102 -3.92458 -5 -0.539153 -0.636747 0.484962 3.84255 22 575 7438 6066 1 0 0 8 
5 3.09222 0.994022 -0.385267 -0.335653 0.00511949 3.94093 22 576 37601 37573 1 0.0606566 0.0606566 6 
5 3.44091 -1.55807 -0.248155 -0.321771 0.120498 3.89328 22 577 14459 14424 1 0.423378 0.423378 28 
5 0.926204 -0.916448 -1.42819 -2.29425 4.55758 3.83512 22 578 23465 23306 1 0 0 3 
-0.560763 -1.91703 -5 -0.316674 -0.33615 0.158126 3.95118 22 580 1776 1774 1 0.135788 0.135788 4 
-3.99456 5 -1.26155 -1.22662 -0.606921 -0.869162 4.18981 22 581 25507 25506 1 0 0 1 
5 -3.5962 -4.70317 -0.293694 -0.414109 0.0581104 3.95301 22 583 16499 16498 1 0 0 4 
-1.15818 5 -4.36846 -4.22922 -2.94043 4.48524 3.83929 22 584 6230 6123 1 5.45645 5.45645 61 
3.29066 4.91787 -5 -1.13718 -2.22393 1.9013 3.84211 22 585 20781 20696 1 3.10939 3.10939 44 
1.04564 5 -1.48595 -0.430375 -0.236376 0.0688225 3.91749 22 586 36573 36572 1 0 0 1 
4.12786 5 1.88737 -0.347763 -0.299132 0.0862643 3.92545 22 587 47740 47702 1 0 0 1 
5 1.82521 -1.43859 -0.296332 -0.412401 0.0568591 3.88983 22 588 17479 17477 1 0 0 5 
-3.67855 5 -0.554646 -0.395153 -0.287912 0.148596 3.93056 22 589 26377 26376 1 0 0 4 
-4.3962 4.29717 -5 -0.215963 -0.319664 0.695228 3.87914 22 591 22750 22749 1 3.47105 3.47105 6 
-4.04394 -1.88624 -5 -1.77836 -1.55225 1.80868 3.87532 22 592 1804 1733 1 0.499939 0.499939 28 
5 -2.18372 -0.563683 -0.174927 -0.0499562 0.186145 3.8766 22 593 4186 4160 1 0 0 7 
-3.54073 5 1.50808 -0.315102 -0.35631 0.186745 3.89103 22 594 43468 43467 1 0 0 1 
1.70937 5 -1.25475 -0.92053 -0.502332 0.205306 3.87032 22 595 4919 4854 1 0 0 1 
2.07458 3.04586 5 -0.318404 -0.34169 -0.151881 3.9949 22 596 5768 5767 1 0 0 3 
5 0.0811003 2.61592 -0.069436 -0.503427 -0.0534759 3.96259 22 597 12659 12658 1 0.264139 0.264139 28 
5 -2.43982 2.43035 -0.879564 -0.795443 1.34062 3.86046 22 598 1156 1 1 0.793117 0.793117 5 
3.94978 5 4.14816 -7.2461 -8.33725 12.0034 3.87014 22 599 54153 54139 1 0 0 1 
5 -4.51968 1.36361 -0.263805 0.167633 -0.40426 3.97263 22 600 11972 11970 1 3.1238 3.1238 11 
-2.28626 -4.41698 5 0.169341 -0.0591934 -0.0834525 4.29873 22 601 15603 15601 1 0.197388 0.197388 34 
-0.189486 5 -4.85414 -2.21924 -3.92595 11.8637 3.80746 22 602 1262 1 1 0 0 4 
-2.58203 5 -2.93538 -0.214979 -0.0777963 -0.00488787 3.84333 22 603 22317 22285 1 0 0 4 
2.30587 5 1.34755 -0.206178 -0.217133 0.067257 3.98556 22 604 11111 11110 1 0.306434 0.306434 37 
4.73525 4.60639 5 -0.179527 -0.305602 -0.368099 4.06163 22 605 7955 7954 1 0 0 3 
5 -0.963172 0.558995 -0.209482 0.00247742 0.00567438 3.97756 22 606 1513 1 1 0.429907 0.429907 40 
-0.970461 2.12963 -5 -0.19003 -0.218068 0.421254 3.83525 22 607 16478 16477 1 0 0 3 
5 -3.05624 1.91642 -0.138957 -0.0662202 -0.348059 4.28104 22 608 6002 6001 1 0 0 3 
-3.44494 2.75997 -5 -0.065529 -0.193527 0.177354 3.88414 22 609 6652 6516 1 0 0 8 
-2.96779 5 0.0149493 -0.275699 -0.315424 0.362681 3.86772 22 610 18825 17266 1 0 0 2 
0.308839 4.36776 -5 -0.202475 -0.136028 0.369832 3.8558 22 611 53678 53620 1 0 0 1 
1.37292 -2.47014 5 -0.498656 -0.70249 -0.297999 4.02238 22 612 14662 14525 1 0 0 3 
-2.7483 5 3.18015 -0.186641 -0.450195 -0.0170389 3.96489 22 613 16804 16581 1 0.487157 0.487157 34 
-3.01344 -3.0543 5 -0.362717 -0.348294 -0.0908158 4.04915 22 614 1867 1866 1 0 0 2 
1.93221 5 -1.11438 -1.80713 -0.675142 -0.248762 3.95794 22 615 27523 27521 1 0 0 2 
5 -0.900684 -2.38715 -0.303558 -0.374457 -0.0444398 3.92276 22 616 7606 7605 1 0.510466 0.510466 38 
0.434127 5 -2.79334 -0.656355 -0.643514 0.11768 3.91213 22 617 7221 7220 1 0 0 4 
5 3.87197 1.543 -0.725227 0.0292593 0.0769723 3.88128 22 619 7928 7892 1 1.46438 1.46438 32 
-1.85302 -4.12081 -5 -0.579213 -0.268974 0.33599 3.90443 22 620 10525 10524 1 0 0 1 
0.368131 -2.5064 -5 -0.496484 -0.6295 0.735509 3.8647 22 621 51045 51012 1 0 0 1 
-1.19371 5 0.393484 -0.295906 -0.313405 -0.274476 4.09084 22 622 10261 10259 1 0.28353 0.28353 38 
-3.3043 5 -3.51855 -0.293488 -0.316345 1.41679 3.81969 22 623 17769 17559 1 0.136456 0.136456 4 
4.20454 5 2.64844 -0.423816 -0.279564 0.0578262 3.93821 22 625 2426 2425 1 0.406606 0.406606 23 
-3.68719 5 -4.33694 -0.147393 -0.198587 -0.15447 3.97858 22 626 26557 26521 1 0 0 1 
-3.13032 3.02018 -5 -1.00214 -0.851505 1.00217 3.87353 22 627 38942 38855 1 0 0 2 
5 4.62566 -2.86609 -0.312608 -0.17914 0.0688687 3.92452 22 629 32705 32703 1 0.174859 0.174859 4 
-2.04005 5 -0.405192 -0.00513618 -0.287273 -0.00884641 4.40554 22 630 20500 20499 1 0.00635067 0.00635067 2 
5 1.0958 4.88359 -0.20275 -0.275764 -0.0159736 4.01526 22 633 11164 11134 1 0.0112869 0.0112869 3 
-1.9956 4.82499 -5 -0.878775 -0.828975 1.91416 3.82251 22 636 1147 1 1 0 0 3 
5 4.69494 4.61601 -0.236712 -0.125546 0.970254 3.83353 22 638 3707 3665 1 0 0 1 
5 3.78225 0.345577 -0.295692 -0.288044 -0.301192 3.90906 22 640 10465 10435 1 0 0 2 
5 -2.43639 2.14175 -0.602058 -0.733718 0.799952 3.86255 22 641 12019 11808 1 1.7493 1.7493 14 
5 3.58715 3.4195 -0.3137 -0.127799 0.287931 3.91394 22 642 10264 10246 1 0 0 3 
5 4.02285 -2.46238 -0.291603 -0.384175 -0.168811 4.00869 22 643 20360 20359 1 0 0 1 
0.793954 4.46772 -5 -0.135195 -0.192431 0.23908 3.85009 22 644 35075 34612 1 0 0 1 
1.85575 5 -2.25142 -0.827787 -0.578377 0.909953 3.86251 22 646 7742 7716 1 0 0 3 
5 2.94583 -0.785627 -2.41036 -2.40636 2.34792 3.85312 22 647 14817 14656 1 3.71524 3.71524 40 
3.45116 5 -3.43998 -0.335828 -0.377924 -0.0742487 4.93001 22 648 6859 6858 1 0.285482 0.285482 24 
-3.12968 3.16949 -5 -0.326896 -0.778549 0.773904 3.85112 22 649 11261 3478 1 0 0 1 
1.66772 4.55793 -5 -0.21528 -0.169519 0.219692 3.83384 22 650 7038 6953 1 0.766359 0.766359 27 
5 4.4242 0.431237 -0.290217 -0.391247 -0.154336 3.96412 22 651 15132 15121 1 0.835604 0.835604 46 
2.26314 2.51853 5 -0.168554 -0.203784 -0.437243 4.20744 22 652 5678 5677 1 0 0 4 
-4.18486 3.1284 5 -0.160964 -0.309485 -0.373403 4.16486 22 653 17256 17233 1 0 0 6 
-2.96102 5 -3.06071 -0.189523 -0.260124 -0.396909 4.05063 22 654 11887 11886 1 0 0 1 
4.51778 5 -3.79484 -0.130625 -0.126022 0.305688 3.82288 22 655 3796 3653 1 0.0590838 0.0590838 3 
2.28486 5 1.10963 -0.142927 -0.167596 -0.223767 3.99177 22 656 28343 27719 1 0.0843357 0.0843357 4 
-4.1831 -1.07455 5 -0.272843 -0.294647 -0.316006 4.15605 22 658 7831 7830 1 0.0772549 0.0772549 7 
0.526967 5 2.29686 -9.37057 -8.06037 13.4823 3.87676 22 659 35564 35453 1 0 0 2 
-3.04597 -0.465904 -5 -0.282236 -0.178582 0.370038 3.8387 22 660 6529 6498 1 3.81241 3.81241 154 
-2.69348 -2.43036 -5 -0.434516 -0.331639 0.732783 3.82182 22 661 16031 16024 1 0 0 1 
-1.07447 3.7796 -5 -0.414397 -0.505689 0.307778 3.86783 22 662 11723 11698 1 0.103141 0.103141 5 
-4.00153 5 1.99049 -0.29023 -0.116536 -0.00308228 3.88674 22 664 3231 1 1 7.60875 7.60875 44 
5 3.68556 -3.56274 -0.456005 0.230167 -0.0142222 3.88504 22 665 27907 27871 1 0.27723 0.27723 3 
-2.48269 5 -1.84733 -0.436475 -0.412757 0.153947 3.93784 22 666 43532 43531 1 0 0 2 
5 1.58121 -1.00299 -0.219289 -0.0320146 0.0932213 5.05937 22 667 5663 5592 1 0.239814 0.239814 42 
1.28113 5 2.8936 0.23008 -0.237567 -0.138493 4.26361 22 668 6544 6543 1 0.924505 0.924505 92 
5 3.14578 -0.462938 -2.08103 -1.9181 4.0316 3.82903 22 669 9514 9453 1 0 0 8 
5 2.63908 -3.37462 -0.232779 -0.859083 -0.0558154 3.89061 22 670 11788 11755 1 0 0 1 
2.84282 -0.156734 -5 -0.135293 -0.19467 0.252313 3.84089 22 671 4043 4022 1 0.299396 0.299396 32 
-0.705194 -3.16379 -5 -0.00832686 -0.0885192 0.324077 3.83452 22 672 27212 27008 1 0 0 2 
2.03611 5 -2.09141 -0.456029 -0.698033 -0.127639 3.95396 22 673 27384 27302 1 0 0 1 
0.00677632 5 4.66774 -0.110185 -0.267861 0.264842 3.87658 22 674 36394 36393 1 0 0 1 
1.28296 5 -0.737838 -0.506844 -0.411261 0.0260395 3.90016 22 675 3755 3754 1 0 0 10 
-2.62873 5 -4.62335 -0.300757 -0.378333 -0.165918 4.05629 22 676 20262 20259 1 0.208163 0.208163 2 
4.64858 4.18465 5 -0.182761 -0.181232 -0.441445 4.02865 22 677 1735 1734 1 0.630416 0.630416 33 
1.12956 -0.695817 5 -0.450624 -0.519563 -0.766036 4.09465 22 678 7198 7197 1 0.0271805 0.0271805 7 
5 4.44437 -3.11216 -0.22061 -0.440604 -0.135348 3.96922 22 679 4653 4652 1 0.212257 0.212257 18 
5 1.94861 -4.03345 -0.257862 -0.287925 -0.334255 4.05718 22 680 33044 33043 1 0.309086 0.309086 5 
3.85432 5 -3.65205 -1.01674 -2.61041 -2.89947 4.02168 22 681 5370 5209 1 0.437375 0.437375 14 
5 2.2616 2.36425 -0.28982 -0.405745 0.111782 3.9293 22 682 8924 8895 1 0.510824 0.510824 17 
5 0.724983 -3.63151 -0.261347 -0.222112 0.245871 3.83956 22 683 27110 26875 1 0.208359 0.208359 5 
-0.429318 4.05542 5 -0.184236 -0.173375 -0.143837 4.02734 22 684 6747 6370 1 0 0 3 
-2.30377 1.90634 -5 -0.208284 0.0497662 0.463962 3.8502 22 685 33696 33695 1 0 0 1 
4.41696 5 4.28255 -0.0685505 -0.461068 0.0374574 3.86622 22 686 49970 49306 1 0 0 1 
4.34218 5 4.07481 -0.358765 -0.299347 0.206879 3.90574 22 687 28145 28125 1 0 0 3 
-0.0470091 5 -3.63681 -0.403242 -0.313872 -0.000466195 3.93643 22 688 15322 15321 1 0 0 4 
3.79764 -5 -0.282813 1.84772 1.46821 -1.40763 3.879 11 689 12286 12264 1 0.183385 0.183385 4 
-3.47465 5 2.34084 -0.577474 -0.414126 -0.141866 4.07899 22 690 18273 18246 1 0.510566 0.510566 28 
3.76847 5 -2.49785 -0.130877 -0.338507 0.18836 3.89735 22 692 2726 2725 1 4.13891 4.13891 55 
5 -0.292472 -2.41598 -0.193037 -0.220491 -0.243112 4.13491 22 693 2683 2682 1 0.851277 0.851277 34 
-3.49414 3.27314 5 -14.2592 9.14302 -16.4663 14.6369 2112 694 1211 1209 1 0 0 1 
5 -0.88217 -4.98019 -0.446672 -0.62891 0.0124298 3.91406 22 695 11654 11653 1 0 0 3 
5 -4.33895 -0.227428 -0.996283 -1.38237 1.13477 3.87313 22 696 4592 4543 1 0 0 4 
5 1.95185 -0.589597 -0.224784 -0.145756 0.757736 3.81541 22 697 17225 17132 1 1.39062 1.39062 37 
2.59628 5 3.05096 -0.424773 -0.277319 -0.061502 3.97421 22 698 1841 1840 1 0 0 3 
-0.824467 -2.5374 -5 0.155442 -0.0578008 0.00882253 3.8797 22 699 13753 13693 1 2.03126 2.03126 22 
-2.56975 2.43318 -5 -0.287727 -0.254527 0.33697 3.87531 22 700 53898 53884 1 0 0 1 
1.2569 5 1.42918 -0.38783 -0.33235 0.0158474 3.97056 22 701 25058 25026 1 0 0 1 
4.27539 1.75775 5 -0.715292 -0.893683 -0.379096 4.00002 22 702 10300 10181 1 0 0 2 
1.36816 5 3.34537 -0.634689 -1.16781 -0.18704 3.9522 22 703 5142 5094 1 0.197599 0.197599 6 
5 -3.88684 -3.91883 -0.896345 0.0627439 0.967372 3.82186 22 704 7154 6781 1 0 0 6 
2.27779 0.584426 -5 -0.440782 -0.367367 0.821058 3.82913 22 707 1301 1177 1 0 0 4 
-4.11614 5 4.75435 -0.480273 -0.674126 0.0714508 4.04243 22 708 22781 22750 1 0 0 1 
2.72102 -1.57372 -5 -0.222435 -0.243605 0.736007 3.81266 22 709 18220 18194 1 0.107431 0.107431 6 
5 -0.512241 -3.07257 -0.478048 -0.356883 0.0105843 3.90677 22 710 9225 9224 1 0.611641 0.611641 41 
1.18714 0.0392234 5 -0.0212881 -0.281708 -0.201141 3.9614 22 711 18005 17861 1 0 0 5 
0.707786 5 -0.778865 -0.335921 -0.428884 0.127593 3.91005 22 712 27913 27507 1 0.41864 0.41864 39 
3.29584 5 -2.39428 -0.123128 -0.225073 0.0594035 3.86627 22 713 19279 18875 1 0.684435 0.684435 27 
1.48361 3.62864 5 -0.631325 -0.261321 -0.336194 4.06608 22 714 25024 25023 1 0 0 6 
-1.81096 5 4.10052 -0.375491 -0.421414 1.00329 3.84826 22 715 1611 1543 1 0 0 2 
5 4.95099 3.36956 -0.137531 -0.071284 -0.0810245 3.91845 22 716 10571 10566 1 0.174488 0.174488 24 
3.41044 5 2.23947 -0.329312 -0.433496 0.120191 3.88662 22 717 1615 1589 1 0.0625899 0.0625899 8 
5 4.34718 -2.19272 -0.482263 -0.186704 0.0343061 3.91872 22 718 12262 12197 1 0 0 6 
5 2.41983 2.95534 -0.294928 -0.0329302 0.123898 3.89535 22 719 3806 3726 1 0.252084 0.252084 6 
5 3.79746 -0.316252 -0.119418 -0.504647 -0.413232 3.9997 22 720 3030 2972 1 1.08996 1.08996 29 
-0.703037 5 0.0482015 -0.747722 -0.666589 -0.280866 4.05735 22 721 8967 8947 1 0 0 3 
5 -4.66145 -3.06754 -0.321833 0.00662468 0.078076 4.0276 22 722 18101 18074 1 0.119061 0.119061 4 
5 2.65406 -2.27616 -0.338277 -0.166686 0.0429454 3.86048 22 723 5667 5361 1 0 0 6 
2.86238 -3.32876 5 -3.27503 -4.40429 -3.79359 3.91965 -11 724 7800 7799 1 0.858133 0.858133 5 
-3.07553 3.96311 -5 -0.664007 0.126632 0.708131 3.86295 22 725 34193 34123 1 0 0 1 
3.8704 5 4.14042 -0.32526 -0.356981 0.167004 3.95247 22 726 15060 15059 1 0 0 3 
1.73828 5 -0.550493 -1.83272 -1.2704 2.61663 3.85202 22 727 3363 3161 1 0.182563 0.182563 5 
0.500989 -3.32078 -5 -0.412273 -0.533894 0.566832 3.84705 22 728 28669 28524 1 0.298529 0.298529 20 
-1.8236 5 2.57386 -0.402945 -0.751647 0.341827 3.9001 22 729 17738 17737 1 0 0 3 
2.83945 5 -3.12329 -0.270468 -0.397045 0.24107 3.88647 22 730 27507 27482 1 0 0 4 
-3.37931 5 -1.66314 -10.5327 -26.6714 3.2808 5.98116 2112 731 48493 48444 1 0 0 2 
-0.419712 -1.60788 -5 -1.47255 -1.39515 0.455785 3.89224 22 732 12053 12016 1 0 0 4 
4.91996 5 -1.59778 -0.26711 -0.398341 -0.176342 3.90831 22 734 2699 2698 1 0.174003 0.174003 19 
5 -3.47095 0.906903 -0.55192 -0.639047 0.0769975 3.90459 22 735 1434 1280 1 0 0 2 
5 3.70962 0.207564 -0.348695 -0.418146 1.07445 3.83085 22 736 1042 1 1 0.323278 0.323278 19 
5 -2.20611 1.13984 -1.59681 -1.72953 2.09512 3.87681 22 737 8874 8873 1 0.139905 0.139905 5 
-3.84941 -1.97717 5 -0.638371 -0.705211 -0.526613 4.11161 22 738 20748 20713 1 0.0573299 0.0573299 7 
0.522257 -1.66422 -5 -0.822163 -0.662522 1.26821 3.82849 22 740 44672 44501 1 0 0 4 
5 -2.98393 -2.72733 -0.34863 -0.37292 0.0225364 3.95981 22 741 2235 2152 1 0 0 1 
5 2.05533 -0.891971 -0.325837 0.0617601 -0.125193 4.16205 22 743 41620 41619 1 0 0 1 
5 2.02223 3.86178 -0.396063 -0.074797 0.0766874 3.93108 22 744 4709 4583 1 0.0118345 0.0118345 5 
-3.29944 5 -0.221569 -0.410338 -0.611387 0.096904 3.94926 22 745 11178 11177 1 0 0 2 
5 -2.71902 4.59905 -0.606047 -0.491071 1.89873 3.84051 22 747 22245 22093 1 0 0 2 
2.61556 5 1.05537 -0.161908 -0.243117 0.506902 3.83171 22 748 5181 5127 1 0 0 2 
0.768295 2.85419 -5 -0.310912 -0.539973 0.886503 3.82794 22 749 1299 1 1 0.240008 0.240008 32 
5 -1.00587 -1.01175 -0.51503 -0.369611 0.354504 3.86418 22 750 2684 2627 1 1.43476 1.43476 59 
2.37229 -2.36148 -5 -0.489211 -0.423798 0.263388 3.88841 22 751 25553 24704 1 0 0 2 
-3.06377 5 4.0266 -0.312613 -0.227875 -0.151197 4.01958 22 752 13620 13477 1 0.231388 0.231388 11 
-4.16144 5 -1.33846 -0.409488 -0.339929 0.279015 3.86602 22 753 1047 1 1 0 0 2 
1.83265 5 2.37827 -0.290076 -0.363025 0.212575 3.91836 22 755 2528 2527 1 0.825667 0.825667 35 
4.78314 2.05606 -5 -0.256641 -0.249461 0.709777 3.81729 22 756 5371 5056 1 0.323936 0.323936 20 
-2.99308 5 -0.516474 -0.668156 -0.346827 0.449655 3.86935 22 757 34626 34486 1 0 0 1 
5 -2.87026 4.92142 -1.04083 -1.71361 2.19477 3.87832 22 758 16335 16268 1 0.192052 0.192052 28 
5 -2.26857 1.19685 -0.38462 -0.330611 0.062317 3.90441 22 759 10454 10419 1 0 0 6 
0.389815 -3.21482 -5 -0.685747 -0.623762 1.94103 3.82033 22 760 1131 1 1 0 0 3 
-2.12278 -5 1.31562 -0.00190697 0.111351 0.131921 3.93031 22 761 2749 2748 1 0.172266 0.172266 29 
-4.92179 3.29332 -5 -0.203559 -0.38658 0.265026 3.85902 22 762 1441 1440 1 0 0 1 
0.340766 5 2.75701 -0.48716 -0.145563 -0.0510471 4.0131 22 763 1879 1876 1 0.660941 0.660941 40 
2.98836 3.98065 5 -0.637727 -0.317783 -0.442917 3.95123 22 764 2712 2711 1 0 0 1 
1.3735 -4.72427 5 -0.281357 -0.286603 -0.315938 4.06046 22 765 4060 4059 1 0 0 3 
-2.68616 -0.29132 5 -0.128152 0.0260345 -0.198723 3.95947 22 766 32631 32534 1 0 0 1 
-2.92242 5 4.05062 -0.270618 -0.307072 0.263102 3.89656 22 767 5985 5879 1 0 0 10 
-2.27921 5 3.80857 -0.409899 -0.584019 0.537877 3.8723 22 768 23267 23156 1 0 0 4 
3.16943 -1.61533 5 -0.000820187 -0.196629 -0.370204 4.00023 22 769 14588 14466 1 0 0 3 
5 -3.68275 -3.87241 -5.59197 -5.93489 3.16554 3.83453 11 770 2809 2089 1 2.04606 2.04606 61 
2.20059 5 2.46456 -0.313082 -0.378703 0.110871 3.93123 22 771 1034 1032 1 0.210515 0.210515 4 
-2.50201 2.59611 -5 -0.442745 -0.323922 0.891097 3.82013 22 772 5948 5852 1 0 0 7 
2.01917 5 -1.82411 -0.70705 -0.804189 -0.188207 3.94387 22 773 7104 7080 1 0 0 1 
5 -2.57909 -1.57107 -0.956863 -0.0738769 -0.239301 4.1148 22 774 29497 29479 1 4.19941 4.19941 5 
5 -1.18155 2.80211 -0.371886 -0.925816 -0.0284543 3.94433 22 775 5876 5875 1 0 0 2 
5 -1.42741 4.32815 -0.432021 -0.147368 -0.342249 3.95339 22 776 15072 15050 1 0 0 4 
-2.33326 -3.21336 5 -0.175151 -0.229286 -0.296946 4.23296 22 777 1092 1090 1 0 0 3 
5 1.99011 1.96584 -0.362329 -0.298482 0.201857 3.87623 22 778 6988 6987 1 0.230654 0.230654 30 
-1.2721 2.30852 -5 -0.432501 -0.129853 0.239168 3.98027 22 779 10613 10610 1 0.213247 0.213247 27 
-0.265279 5 3.23138 -0.0300847 -0.1752 -0.223525 4.01785 22 781 19607 19604 1 0.28535 0.28535 19 
0.35745 5 2.85392 -0.996449 -1.23566 0.255899 3.89564 22 782 4606 4600 1 0.204132 0.204132 37 
-3.77949 5 -4.99246 -0.19798 -0.280764 0.37828 3.86151 22 783 27530 27527 1 0.510752 0.510752 17 
1.58295 3.74215 5 -0.300812 -0.16214 -0.0922238 4.06948 22 784 4082 3967 1 0.392345 0.392345 23 
5 4.17839 -0.409094 -0.826256 -0.11288 -0.0974263 3.86668 22 785 48594 48548 1 0 0 1 
-3.0701 1.65781 -5 -0.554893 -0.572747 1.12509 3.84129 22 786 4516 4514 1 0 0 1 
2.14525 5 2.60362 0.0113825 -0.0945361 -0.272833 4.04608 22 787 1083 1 1 0.420698 0.420698 37 
3.33362 2.30978 -5 0.142397 0.0955292 0.0740019 4.17022 22 788 8895 8894 1 0.315448 0.315448 26 
0.7929 -0.563415 5 -0.161222 -0.00860782 -0.26091 4.02697 22 789 31276 30617 1 0 0 3 
-3.6339 -0.524778 5 -0.32365 -0.0432071 -0.374854 4.25212 22 790 15371 15369 1 0 0 2 
-1.17964 5 0.623429 -6.82439 -4.48257 8.29509 3.85598 22 791 21377 21376 1 0 0 2 
3.94667 5 -2.29667 -0.889997 -0.808432 2.10678 3.82515 22 792 35171 34917 1 0 0 1 
3.62838 5 2.54922 -0.433061 -0.256029 0.0895963 3.93701 22 794 1488 1464 1 0 0 1 
4.10346 -1.48597 -5 -1.38712 -1.0185 2.30213 3.82708 22 796 22376 22331 1 0 0 2 
1.28314 5 -1.06407 -0.253012 -0.437606 0.308394 3.9188 22 797 32632 32609 1 0 0 1 
2.09322 5 -3.86007 -0.283791 -0.353184 0.236312 3.88651 22 798 4374 4348 1 0 0 6 
0.229308 5 -4.81418 -1.10431 -0.808281 3.61156 3.80847 22 799 29628 29316 1 4.0076 4.0076 3 
5 -3.93373 -0.890253 -0.447221 -0.543838 0.489655 3.89962 22 800 1996 1995 1 0 0 2 
3.94181 5 2.54246 -1.68995 -1.04067 4.29206 3.84066 22 801 24113 24112 1 0 0 1 
2.05828 -0.207932 5 -0.243423 -0.367747 -0.245033 3.99673 22 802 1647 1645 1 0.0702721 0.0702721 6 
1.27596 2.5162 5 -0.335707 -0.167232 -0.346708 4.15535 22 803 1982 1958 1 0.237153 0.237153 17 
0.666932 5 3.52405 0.0464345 -0.329181 -0.262219 4.02063 22 804 3689 3688 1 0.35794 0.35794 11 
5 -1.05467 1.08282 -1.08343 -1.60113 0.588097 3.91533 22 805 2362 2301 1 0 0 7 
3.43275 5 3.49673 -0.311902 -0.232604 0.331259 3.89245 22 807 16861 16860 1 0 0 2 
5 0.927621 -0.590822 -1.02757 -0.701271 0.456434 3.93287 22 808 39817 39777 1 0 0 1 
5 3.99305 2.88972 -0.177609 -0.209417 0.0244105 3.96293 22 809 1873 1 1 0.352466 0.352466 27 
5 3.84208 4.10768 -1.10443 -0.562976 2.21892 3.8506 22 811 1001 1 1 0.409237 0.409237 11 
5 1.92783 3.58207 -0.357636 -0.320071 0.132799 3.93514 22 812 17539 17507 1 0.0180824 0.0180824 5 
-1.88316 4.28935 -5 -0.972564 -0.927986 3.48716 3.80516 22 814 20097 19507 1 0 0 6 
-0.70813 1.0114 -5 -0.874191 0.10151 0.800883 3.83028 22 815 22372 22246 1 0.304552 0.304552 25 
-2.77938 5 0.0751499 -0.267418 -0.202013 0.175701 3.99446 22 816 7416 7320 1 0 0 5 
-1.81746 5 2.17907 -0.313679 -0.403205 0.0122756 3.93387 22 817 13196 13195 1 0.296705 0.296705 4 
-1.0001 0.375045 -5 -0.716682 -0.374143 1.94427 3.8137 22 818 16363 16119 1 0 0 2 
4.61739 5 2.76922 -0.851423 -1.13802 -1.64882 4.23597 22 819 22182 22181 1 0 0 2 
3.71699 5 -3.21207 -0.473533 -0.585673 0.0206047 3.91423 22 820 31317 31062 1 0.124759 0.124759 5 
5 4.84537 2.37876 -0.24756 -0.14294 -0.0426495 3.98338 22 823 1566 1565 1 0.335049 0.335049 32 
4.74205 5 0.227437 -0.372816 -0.34857 -0.0250408 3.90667 22 825 1938 1935 1 0.0866524 0.0866524 8 
3.09227 -5 -3.66131 0.0203182 0.140047 -0.150648 4.25169 22 826 6110 6109 1 0 0 2 
-2.4415 -1.01543 -5 -0.248824 -0.288203 0.229551 3.87537 22 827 7954 7881 1 0 0 4 
3.76025 5 -0.341579 -0.123398 -0.217264 0.0899454 3.91142 22 828 9387 9358 1 0 0 6 
-2.3612 4.76396 -5 -0.309905 -0.365094 0.166955 3.91089 22 829 20150 20148 1 0 0 2 
4.47583 -0.243826 -5 -0.254297 -0.369654 0.997243 3.81578 22 830 22582 1 1 0 0 4 
3.61099 -5 3.03645 0.111449 0.105695 0.0077713 4.03831 22 831 40486 40483 1 0.15311 0.15311 37 
5 -0.278425 -0.142539 -0.251775 0.0282131 -0.227952 4.07291 22 832 4216 4215 1 0 0 3 
5 -1.97846 -0.780425 -0.327271 -0.403388 -0.538705 4.15437 22 833 5238 5237 1 0 0 3 
5 -4.50417 3.10367 -0.578319 -0.356687 -0.279077 3.93673 22 834 15149 15033 1 0.640838 0.640838 30 
-3.64107 3.25281 -5 0.0949804 -0.397745 0.559921 3.87545 22 835 36458 36381 1 0 0 1 
5 1.11664 0.94742 -0.0607494 -0.175107 -0.00357467 3.91735 22 836 42231 42230 1 0 0 4 
5 -4.85264 4.12403 -0.224338 -0.0894646 -0.300825 4.17511 22 837 2688 2687 1 0.0961153 0.0961153 4 
1.79807 5 4.96258 -0.153223 -0.15835 -0.0486681 3.89413 22 838 10717 10700 1 0.560351 0.560351 30 
5 -1.05229 3.44895 -0.433124 -0.20838 0.18068 3.88227 22 839 2308 1 1 0 0 1 
2.77176 -0.769982 5 -0.0587355 -0.159362 -0.333265 4.08409 22 840 9419 9418 1 0.15126 0.15126 5 
5 -3.21791 1.4916 -1.14965 -1.33416 1.76808 3.86216 22 841 3823 3821 1 9.71352 9.71352 65 
-3.78142 5 -1.38035 -0.486925 -0.281073 0.546748 3.86228 22 843 21631 21349 1 0.227153 0.227153 3 
-2.76736 5 -1.48474 -0.302556 -0.485164 -0.304969 4.155 22 844 2854 2834 1 0 0 1 
5 4.31116 4.67225 -0.181236 0.0362162 -0.082662 3.93194 22 845 16191 16190 1 0 0 3 
5 0.428856 1.0777 -0.262134 -0.280837 -0.0107673 3.91637 22 846 2605 1 1 0 0 3 
-3.39194 5 -4.04232 0.0676682 -0.347666 -0.14334 3.91865 22 847 2001 1998 1 0.0960814 0.0960814 17 
5 -4.87179 0.836799 -0.29192 -0.23432 0.347846 3.91325 22 848 13881 13880 1 1.03626 1.03626 18 
3.59531 4.97918 -5 -0.103008 0.0141227 0.208239 3.80437 22 849 11316 11270 1 0.263372 0.263372 37 
5 3.81053 -4.07041 -0.803589 -0.627338 0.973528 3.83924 22 850 9908 1 1 1.25292 1.25292 37 
-4.52853 4.32971 5 -0.374987 -0.413586 -0.14229 3.97516 22 851 9916 9852 1 0 0 2 
1.28817 2.92511 5 0.342397 0.0717808 -0.372467 4.04069 22 852 4668 4667 1 0.336252 0.336252 8 
5 4.17794 0.608626 -0.515935 -0.115933 0.893851 3.84172 22 853 2617 2616 1 0 0 4 
4.96601 5 3.83635 -0.181945 -0.242855 -0.12886 3.95365 22 854 7081 7080 1 0 0 7 
3.88008 5 -0.18017 -3.58038 -4.53302 7.14021 3.84842 22 855 14772 14725 1 2.60079 2.60079 24 
2.79139 5 1.19735 -0.269142 -0.319621 0.0127867 3.94561 22 857 30536 30535 1 0 0 2 
1.95197 5 -2.31509 -1.01421 -0.674179 -0.521392 4.03387 22 860 20608 20546 1 0 0 3 
5 1.32575 -4.7032 -21.0145 -30.2341 23.987 8.22147 2112 861 8747 8688 1 0 0 1 
-1.38511 -4.1714 5 -0.231435 -0.398451 -0.220895 4.11775 22 862 24139 24112 1 0 0 2 
5 -0.00192898 -0.453863 -0.920513 -1.15794 0.00234375 3.96945 22 863 26152 26127 1 0 0 1 
5 2.05098 2.74436 -1.70841 -2.09977 -2.10365 4.04447 22 864 16416 16363 1 0.264066 0.264066 24 
-4.34186 -4.18926 -5 0.0112863 0.165955 0.278488 3.87582 22 865 5602 5601 1 0 0 1 
2.33774 5 -2.9684 -0.822481 -0.542398 -0.427541 4.02941 22 866 9344 9343 1 1.33444 1.33444 70 
4.00668 -3.28514 5 -0.367508 -0.26908 -0.231633 4.00966 22 867 20557 20556 1 0 0 5 
-2.53146 -4.30473 -5 -0.230716 -0.195996 0.450292 3.82836 22 868 23274 23203 1 0.540997 0.540997 29 
5 3.06999 1.35258 -0.183373 -0.220913 -0.0594267 3.92116 22 869 7563 7464 1 0.255752 0.255752 11 
-4.89334 5 -0.241556 0.221374 -0.271784 -0.120675 3.97541 22 870 2338 2337 1 0.457648 0.457648 26 
1.76017 -3.30346 5 -0.242275 -0.213583 -0.20826 3.98203 22 871 5218 5216 1 0 0 7 
5 -3.09253 -0.12337 -0.137742 -0.327913 -0.0755724 3.91011 22 872 28689 28651 1 0 0 3 
5 -2.04055 -3.25627 -0.251841 -0.100532 -0.344145 4.15292 22 873 17599 17598 1 0.216977 0.216977 23 
-2.98261 -1.02955 -5 -0.545973 -0.507077 0.626535 3.84421 22 874 15686 12516 1 4.11949 4.11949 30 
5 -0.00648987 0.380362 -0.524996 -0.774088 0.787067 3.84762 22 875 17939 16957 1 0.336036 0.336036 23 
5 -3.08428 3.74815 -0.177755 -0.210361 0.0340568 4.00484 22 876 14757 14755 1 0.566243 0.566243 25 
5 2.78096 4.70018 -0.68441 -0.802772 1.63463 3.85739 22 877 2475 2441 1 0.182346 0.182346 8 
5 -1.73151 1.2049 -0.572412 -0.846806 1.24859 3.87817 22 878 6717 6447 1 0.394869 0.394869 18 
5 0.510422 2.75653 -0.419166 -0.251542 0.148816 3.90598 22 879 6349 6316 1 0.138819 0.138819 6 
5 4.66822 -4.92348 -0.194159 -0.442087 0.122364 3.87973 22 880 32695 32692 1 0.497693 0.497693 25 
-3.8112 5 4.2812 -0.295797 -0.28632 -0.164441 3.96849 22 881 29620 29550 1 0 0 1 
1.17105 -4.11034 -5 -0.433789 -0.525797 0.310927 3.90308 22 882 2592 2512 1 0.510321 0.510321 46 
-0.542296 2.79382 -5 -0.378228 -0.453601 0.285279 3.87062 22 884 4992 4815 1 0 0 2 
4.08948 4.39027 -5 -0.514151 -0.675512 0.935231 3.81893 11 885 4613 4579 1 0.64263 0.64263 3 
-4.2286 -3.56573 -5 -1.7691 -1.40513 4.01954 3.83831 22 886 34296 34295 1 0 0 1 
5 -1.23607 3.26634 -0.255963 -0.496297 -0.467752 3.94325 22 888 7968 7890 1 0.18613 0.18613 5 
2.04841 -4.12015 5 -0.26631 -0.329066 -0.06345 3.96575 22 889 3816 3585 1 0 0 1 
-3.17623 0.793545 5 -0.0810568 0.0151973 -0.5043 4.16898 22 890 2546 2545 1 0.148532 0.148532 11 
-3.58953 -5 2.60863 -0.34706 0.099288 0.106076 3.91016 22 891 15222 15221 1 0.110821 0.110821 20 
5 -3.30249 -3.40574 -0.414512 -0.298831 -0.000447154 3.97775 22 892 1295 1294 1 0.151669 0.151669 7 
-1.38917 -3.44313 -5 -3.46664 -3.19933 4.22859 3.88237 22 893 20817 20746 1 0.0682374 0.0682374 3 
-4.36367 4.24136 -5 -0.38537 -0.227941 0.246278 3.89226 22 894 15262 15227 1 1.02175 1.02175 18 
5 -0.444222 -0.597105 -0.193307 0.0253754 -0.0726168 4.07777 22 895 40932 40931 1 0.207852 0.207852 15 
3.25068 -3.67516 5 -0.216039 -0.423039 -0.188374 4.01877 22 896 23934 23933 1 0.187656 0.187656 3 
3.81357 5 -3.64221 -0.0894563 -0.446878 -0.195833 3.85292 11 897 3751 3725 1 0.477602 0.477602 25 
5 1.92189 2.85597 -0.192227 -0.291928 0.0331569 4.1562 22 898 13785 13784 1 0.174804 0.174804 3 
5 0.97065 4.54975 -0.208914 -0.319871 -0.333713 4.19519 22 899 6300 6299 1 0 0 1 
5 3.63705 -4.75923 -0.0109741 -0.184499 -0.0514785 3.95137 22 900 7700 7699 1 0 0 3 
2.54995 5 2.55382 -0.192695 -0.0417531 0.0747028 3.91354 22 901 13391 13287 1 0.210471 0.210471 27 
1.36252 1.9273 5 0.151114 -0.0881588 -0.160882 4.123 22 902 5335 1 1 0.360445 0.360445 30 
5 2.44021 1.92191 -0.070078 0.136363 0.201123 3.93179 22 903 6166 6100 1 2.91927 2.91927 74 
5 -4.50112 -1.77442 -0.0547274 -0.240022 -0.17679 3.99437 22 904 6395 6344 1 0 0 4 
3.66213 -3.24742 -5 -0.306192 -0.323713 0.250152 3.91757 22 905 4054 4053 1 0 0 3 
5 4.54798 2.79227 -0.555207 -0.401393 1.67621 3.83902 22 906 13116 12801 1 0 0 3 
0.753474 4.16994 5 -0.240543 -0.0852688 -0.442706 4.14478 22 907 18447 18431 1 2.84511 2.84511 48 
4.19881 5 -2.05594 -0.293876 -0.0635109 -0.413186 4.11806 22 908 1455 1454 1 0 0 1 
-0.627932 -5 -0.518131 6.77331 13.2908 5.91562 40.0284 2112 909 20734 20730 1 0 0 2 
-1.57329 5 -0.880324 -0.227004 -0.336332 -0.0700021 3.87132 22 910 3623 3573 1 0.41133 0.41133 33 
4.76993 5 2.1489 -0.273907 -0.286528 0.0574773 3.98183 22 911 7836 7793 1 0.469435 0.469435 14 
0.880871 -4.39457 5 -0.681405 -0.671994 -0.0868721 3.91779 22 914 8865 8826 1 0 0 3 
-3.92945 5 -0.259203 -0.403454 -0.197353 -0.125196 3.99664 22 915 3637 3636 1 0.360883 0.360883 33 
3.72269 0.71793 -5 -0.364216 -0.197079 0.299376 3.85855 22 916 23292 23265 1 0 0 2 
3.6016 2.79109 -5 -0.0407177 0.207775 0.0779079 3.98006 22 917 24150 24149 1 0 0 3 
-3.48153 5 2.4249 -0.197563 -0.41107 0.230456 3.90784 22 918 6554 6552 1 0 0 1 
5 1.43905 1.26411 -0.254052 -0.329993 0.507767 3.85979 22 919 17513 17040 1 0.00434724 0.00434724 3 
2.4547 -3.50951 -5 -0.170099 -0.192439 0.428187 3.82785 22 920 4274 4139 1 0.461245 0.461245 24 
0.6994 -1.69506 -5 -0.15303 -0.104746 0.221059 3.91346 22 921 13027 11133 1 0.0473911 0.0473911 2 
2.43661 3.75222 -5 -0.505587 -0.605477 0.75519 3.85407 22 922 30486 30415 1 0 0 2 
-2.30996 5 4.50936 -0.470779 -0.430556 1.42292 3.84751 22 923 9002 8924 1 2.96373 2.96373 11 
4.37293 5 3.52383 -1.17038 -1.32853 -1.10763 3.95892 22 924 4032 4031 1 0.369625 0.369625 33 
-2.69938 -1.94673 -5 0.0274376 0.41982 0.290032 4.14397 22 925 19150 19149 1 0.40384 0.40384 16 
5 2.15025 -3.45595 -0.294254 -0.234749 -0.00618419 3.88882 22 926 6632 6601 1 0 0 5 
2.54432 5 -3.91732 -0.372167 -0.349906 -0.0133077 3.965 22 927 3836 3835 1 0 0 3 
-1.04447 5 1.981 -2.38515 -2.37705 0.0778236 3.90904 22 928 5909 5788 1 0 0 5 
3.76132 5 4.10086 -0.0285623 -0.205105 0.0439879 3.89713 22 929 21084 20969 1 0.211189 0.211189 31 
1.73436 5 1.25582 -0.200709 -0.183701 0.15742 3.94733 22 930 36836 36835 1 0 0 1 
-1.16145 2.08487 -5 -0.21138 -0.229976 0.151723 3.87972 22 932 2059 2058 1 0 0 3 
3.2757 5 0.368132 0.305489 -0.405776 0.0560562 3.87069 22 933 13020 12988 1 0.169046 0.169046 5 
-0.53354 5 -0.33584 -0.850956 -0.989813 0.511243 3.9138 22 934 15068 15036 1 0.525065 0.525065 5 
1.86124 4.62159 -5 -0.103384 -0.244471 0.383163 3.84926 22 935 51670 51669 1 0 0 1 
-0.585549 3.1317 -5 -1.23017 -0.625582 1.72763 3.82438 22 937 5521 5234 1 0 0 5 
4.66084 -4.74783 5 -0.34811 0.0194341 -0.0518123 4.00354 22 938 7405 7120 1 0.156389 0.156389 22 
0.0201022 5 0.236479 -0.422409 -0.287343 0.011182 4.03474 22 939 9663 9660 1 0 0 2 
1.86868 5 -1.90439 -0.0147416 -0.406511 -0.271259 3.88744 22 940 17765 17691 1 0.47221 0.47221 18 
-0.359216 5 1.25615 -1.21502 -0.362871 1.05932 3.83973 22 941 10997 10830 1 0.549606 0.549606 11 
-2.64141 5 -0.806983 -0.328799 -0.387477 -0.053599 3.98887 22 942 10597 10596 1 0.510634 0.510634 24 
1.83275 -1.1641 -5 -5.31561 -0.764735 6.11034 3.84302 22 943 27706 27580 1 0 0 1 
5 0.104564 0.0744468 -0.336327 -0.304619 0.156594 3.89549 22 944 9249 9046 1 0.274597 0.274597 5 
5 1.6342 -4.02813 -0.303389 0.0158208 0.173564 3.88169 22 945 33413 33412 1 0 0 2 
5 -4.52879 -3.36008 -0.244997 -0.413331 0.173935 3.92829 22 946 32013 32012 1 0 0 1 
0.836863 5 -0.638124 0.120577 -0.108188 0.0783313 3.9589 22 947 19915 19914 1 0.728148 0.728148 32 
-0.534179 5 -3.41648 -0.138594 -0.163598 -0.393764 4.23672 22 948 13550 13549 1 0.130203 0.130203 6 
0.0458282 3.13224 -5 -3.45252 -2.45683 4.5047 3.82809 22 950 11567 11539 1 0.239478 0.239478 15 
3.44867 2.07828 5 0.010494 -0.290034 -0.272667 4.30122 22 951 15025 15024 1 0 0 1 
4.69115 5 1.63906 -0.2929 -0.303833 -0.0747597 3.94781 22 953 7960 7959 1 0 0 3 
4.98691 0.107091 5 -0.645069 -0.802217 -0.34286 3.99043 22 954 3904 3901 1 0.231973 0.231973 25 
-1.16111 -1.64256 -5 -0.1543 -0.0117279 0.202062 3.92432 22 955 11939 11921 1 0 0 4 
-1.41158 -2.68153 -5 -0.182248 -0.314138 0.310792 3.8624 22 956 16192 16090 1 0.477734 0.477734 18 
-4.30063 5 4.32607 -0.854507 -0.332824 0.865257 3.8975 22 957 5730 5729 1 0 0 2 
5 -1.88731 3.85006 -0.400326 -0.28276 0.149348 3.93821 22 958 7372 7249 1 0.0938984 0.0938984 4 
5 3.50408 -4.06961 -0.723289 -0.331585 0.975858 3.83823 22 959 30357 29669 1 0 0 2 
-3.13374 5 1.13528 -0.863934 -0.501956 -0.811568 4.23002 22 960 12017 12015 1 0 0 1 
5 -0.28489 -1.89243 -0.464435 0.0303724 0.210944 3.95434 22 961 43716 43696 1 0 0 1 
0.883085 5 -4.44102 -1.83235 -1.22538 8.51976 3.79861 22 962 1620 1 1 0.267658 0.267658 30 
0.252008 5 2.36761 -0.904946 -1.1285 -0.404616 4.01873 22 963 9328 9327 1 0 0 3 
2.80658 -4.902 5 -0.137851 -0.331771 -0.10963 3.96481 22 964 13767 13766 1 0.148355 0.148355 28 
1.06529 5 -2.11795 -0.244338 -0.34002 0.685053 3.82891 22 965 29157 28815 1 0 0 3 
5 -0.0882156 4.52743 -0.294381 -0.160086 0.186725 3.90824 22 966 16149 16099 1 0 0 2 
1.53167 5 -1.277 -0.10214 -0.199713 -0.23357 3.93268 22 967 4649 4648 1 0 0 4 
5 4.78677 1.86352 -0.747067 -0.946409 -0.280654 3.89961 22 968 11384 11383 1 0 0 3 
-4.80966 5 -4.77519 0.185951 -0.264136 -0.150417 3.94796 22 969 42364 40429 1 0 0 1 
3.66118 5 -3.26448 -0.170763 -0.178684 0.402227 3.82307 22 970 6860 6859 1 0.235639 0.235639 33 
3.43956 -1.93266 -5 -0.308164 -0.342507 0.735228 3.8513 22 972 19781 19734 1 0.994244 0.994244 30 
2.58648 5 -3.75964 -0.35713 -0.123216 0.248303 3.87097 22 973 2206 2132 1 0 0 8 
5 3.06785 -0.327171 -0.53662 -0.17057 0.0948756 3.88273 22 974 8644 6129 1 0.0450286 0.0450286 6 
-4.18156 5 2.40261 -0.00267355 -0.339005 -0.382346 3.89904 22 975 4224 4223 1 0.761457 0.761457 9 
-4.69513 -1.74724 5 -0.236212 -0.278857 -0.357159 4.10268 22 976 6660 6659 1 0 0 3 
5 0.287877 3.55553 -0.384685 -0.300617 0.19235 3.91521 22 977 14189 14154 1 0 0 5 
4.22157 5 3.28349 -0.299705 -0.206482 0.00937009 3.93911 22 978 22516 22322 1 0.232709 0.232709 15 
3.59654 1.10527 5 -0.136323 -0.185091 -0.0471632 3.97164 22 979 23959 23931 1 0.23403 0.23403 39 
-0.902413 5 -0.475153 -0.00479209 -0.209829 -0.0182931 4.21414 22 980 9177 9175 1 0 0 2 
5 -2.13775 4.96003 -0.512843 -0.39574 0.701028 3.89594 22 981 18014 18013 1 0 0 4 
3.49791 -1.20591 -5 0.0355059 -0.0416288 0.202269 3.9126 22 982 8121 8101 1 0 0 4 
2.79536 5 -0.0404101 -0.249219 -0.416843 0.158908 3.9181 22 983 18879 18809 1 0.189411 0.189411 3 
4.83919 5 4.11408 2.12068 -0.351895 -2.56199 3.90133 11 984 19123 19087 1 9.61134 9.61134 12 
5 4.55192 1.47954 -58.5088 -48.3167 -2.25704 6.25345 2112 985 8273 8173 1 2.37024 2.37024 32 
5 -2.80844 2.3898 -0.286311 -0.159505 0.239881 3.90272 22 987 1001 1 1 0 0 4 
0.746229 5 4.07419 -0.46555 -0.515715 0.855576 3.8618 22 989 16586 16529 1 0.232736 0.232736 24 
5 2.40492 -0.715583 -0.269351 -0.433771 -0.0203213 3.90188 22 990 11843 11842 1 0.41733 0.41733 37 
-2.1934 5 3.84337 -10.197 5.78094 9.31542 3.8566 11 991 42879 40058 1 0 0 3 
-5 3.79146 2.01546 0.0840786 -0.1492 -0.0482592 4.1047 22 992 49026 48969 1 0.177539 0.177539 32 
-2.86211 -3.62883 5 -0.268671 -0.285442 -0.327809 4.18486 22 993 22518 22498 1 0 0 1 
2.01682 0.159791 5 -0.320341 -0.280997 -0.248813 4.04804 22 994 54648 54647 1 0 0 1 
5 4.67735 -0.294079 -0.115983 -0.422999 0.262183 3.88578 22 995 17395 17394 1 0 0 2 
5 4.82434 -2.45484 -0.385374 -0.399207 0.906713 3.83361 22 996 3818 3817 1 0.634953 0.634953 35 
0.144668 5 -4.86663 -0.0500192 -0.507007 0.0395223 3.94688 22 997 17847 17821 1 0 0 2 
2.56472 5 -0.506749 -0.336751 -0.384264 0.00776913 3.89584 22 998 12204 12203 1 0 0 5 
5 4.99158 1.27814 -0.356135 0.0628272 -0.00414692 3.9002 22 999 6332 6238 1 0 0 9 
-3.50449 3.90192 -5 -2.77419 -1.88605 1.51363 3.89032 22 1000 2479 2432 1 0.133454 0.133454 22 
