# Det2_8_6
#x y z Px Py Pz t PDGid EventID TrackID ParentID Weight Edep VisibleEdep Ntracks
5 -1.92329 -0.146985 -9.60786 9.92648 -11.2471 32.612 2112 1 8157 8131 1 0.00464413 0.00464413 3 
2.4732 -5 4.06796 -0.273474 0.219426 -0.129424 3.69346 22 2 12134 12059 1 0.126144 0.126144 2 
5 -2.79237 0.225649 -0.304372 0.295905 -0.164098 3.73562 22 3 44401 44400 1 0 0 1 
2.3406 -5 4.06885 -0.804786 1.29609 0.186253 3.65894 22 5 24549 24517 1 0 0 1 
2.89711 -1.29459 -5 -0.302922 0.632032 0.243087 4.64475 22 7 21526 21436 1 0.105987 0.105987 2 
5 -2.52066 -0.0218399 -17.6079 29.4628 14.3127 8.15491 2112 8 35353 35313 1 0.700407 0.700407 4 
-0.498188 -5 4.3246 -0.357936 0.266439 0.0637535 3.66129 22 10 27066 27065 1 0.450408 0.450408 20 
5 -0.811246 4.06355 -0.834024 0.540622 0.119816 3.66629 22 11 15200 15160 1 0 0 1 
-1.66428 -5 2.81025 -0.335994 0.155484 0.119901 3.64165 22 12 3341 3322 1 0 0 1 
5 -4.43779 -2.51919 -0.179925 0.271246 0.0252352 3.75821 22 13 2147 2146 1 0.326212 0.326212 19 
-1.70221 -5 3.99779 -0.14998 0.113542 -0.0989969 3.73556 22 14 26650 26626 1 0.0564804 0.0564804 2 
5 1.25993 -0.767996 -0.0912019 0.062399 -0.267421 3.87609 22 16 15359 15337 1 0 0 1 
-1.0495 -5 -3.78489 -0.0169685 0.272788 -0.0311735 3.82848 22 17 37843 37842 1 0 0 1 
3.89503 -3.3915 5 -0.347873 0.355591 -0.270704 3.87879 22 20 1819 1818 1 0 0 1 
4.89899 -2.20484 -5 -2.04073 -2.1243 24.933 29.3057 2112 21 19610 19579 1 0 0 1 
-2.5416 -5 2.34921 -0.456536 0.223917 -0.0505543 3.69447 22 22 2145 2144 1 0 0 1 
5 -1.7337 -2.41088 -0.217615 0.259208 -0.382851 3.80933 22 24 9283 9282 1 0 0 3 
4.32734 1.08262 5 -0.238644 0.300007 -0.414329 3.99066 22 26 3923 3922 1 0 0 2 
2.32375 -5 4.74526 -0.219395 0.158641 0.176151 3.60683 22 27 23527 23526 1 0 0 1 
5 -4.85087 1.1461 -0.427825 0.194369 -0.200765 3.79263 22 30 45835 45834 1 1.84929 1.84929 59 
4.35571 -5 2.95014 -1.03176 1.02355 1.29271 3.58931 22 32 35556 35469 1 0 0 1 
2.91678 -5 2.60758 -0.32468 0.608014 -0.0536405 3.68866 22 35 11889 11762 1 0.0755483 0.0755483 2 
4.6212 -5 4.01175 -0.235073 0.410663 0.0130175 3.71562 22 36 55000 54999 1 0 0 1 
4.30327 5 2.36902 0.142268 -0.052451 -0.105745 3.88895 22 37 1674 1656 1 0 0 1 
5 0.599186 0.369026 -0.189213 -0.0368996 -0.0958436 3.78123 22 41 29924 29816 1 0.214822 0.214822 32 
2.38726 -5 4.91842 -0.28444 0.290482 0.135508 3.69851 22 42 44193 44164 1 0 0 1 
1.68472 2.15591 -5 -0.528674 0.429545 0.270225 3.61749 22 43 9459 9292 1 0 0 2 
-3.34342 -5 -0.306059 -0.365131 0.316672 0.165887 3.61693 22 44 23860 23859 1 0 0 1 
0.826722 1.13476 5 -1.04647 1.68719 -1.44721 3.83525 22 45 31481 31378 1 1.43485 1.43485 5 
5 -4.42257 3.4116 -0.646304 0.15171 0.453804 3.63919 22 46 16272 16140 1 0.0323635 0.0323635 4 
-2.9206 -1.3256 5 0.0356703 0.0354734 -0.215682 4.01991 22 47 15571 15547 1 0.0976768 0.0976768 2 
2.37269 -3.24226 5 -0.258184 0.100514 -0.116323 4.04355 22 48 10506 10463 1 0 0 1 
-2.11074 1.03214 5 -0.224278 0.293207 -0.35334 3.91812 22 51 15693 15666 1 0 0 2 
1.28332 -4.98019 5 -0.798014 0.286746 -1.0403 3.82541 22 52 31450 31428 1 0 0 1 
5 1.43219 0.244583 -0.234146 0.439344 -0.115204 3.68354 22 53 22625 22601 1 0 0 1 
-2.16503 -5 -1.5514 -0.2789 0.289251 -0.315703 3.8612 22 54 40642 40615 1 0 0 1 
1.86093 -0.224636 5 -0.285971 0.107182 -0.409698 4.01574 22 57 40451 40447 1 0 0 1 
-2.15062 -5 2.53306 -0.256108 0.260927 -0.181291 3.70967 22 60 15255 15227 1 0 0 1 
2.03128 -2.95007 5 -0.341574 0.288117 -0.12594 3.75963 22 61 22839 22838 1 0.463919 0.463919 22 
-2.09128 -5 -0.837101 -0.381882 0.332293 -0.0697668 3.73678 22 63 3209 3177 1 0 0 2 
5 2.48626 3.52442 -0.184822 0.117196 -0.125067 4.13383 22 65 35151 35124 1 0.585809 0.585809 57 
2.61472 -5 0.0291584 -0.376302 0.271035 -0.00488386 3.68411 22 66 13663 13662 1 0 0 2 
-1.59054 -5 2.6652 -0.369734 0.348991 -0.0512037 3.69446 22 67 1854 1823 1 0.510822 0.510822 15 
5 -2.38901 -2.9349 -0.264335 0.65355 -0.918825 3.91908 22 68 46694 46606 1 0 0 2 
3.45133 -5 -0.380565 -0.325138 0.311939 -0.178573 3.74523 22 70 11467 11466 1 0 0 1 
5 4.42523 -4.14711 -1.31622 0.946709 -0.329885 3.67054 22 71 18349 18327 1 0 0 2 
5 4.39697 3.24288 -0.183599 0.220922 -0.422616 3.9761 22 72 13084 13083 1 0 0 3 
1.72913 -2.59229 5 -0.307655 0.147826 -0.380284 3.89677 22 73 3787 3786 1 0.510528 0.510528 27 
5 -0.846133 -4.50402 -0.435038 0.265189 0.0392003 3.6926 22 74 7283 7258 1 0 0 1 
5 0.181066 4.17334 -2.6297 2.96432 2.64985 3.6184 22 75 39386 39350 1 0 0 1 
5 -0.780839 3.29147 -0.0350152 -0.133916 0.0444343 3.96496 22 76 11845 11759 1 0.374109 0.374109 48 
5 0.953799 4.77433 -0.157126 -0.155782 -0.165136 4.35117 22 78 45433 45409 1 0.422487 0.422487 42 
5 0.0762403 -0.611389 -0.224229 0.081523 0.0881395 3.82034 22 81 4813 4812 1 0.0439549 0.0439549 3 
-0.708063 -5 1.91178 -0.171838 0.888622 -1.21495 3.87039 22 82 49587 49556 1 0 0 1 
5 4.63803 1.06809 -0.284095 0.16475 0.0879099 3.67901 22 84 24766 24708 1 0 0 1 
2.61609 -5 -2.42622 -0.115676 0.173884 -0.137822 3.68409 22 85 22706 22362 1 0.224671 0.224671 16 
4.45162 0.969973 5 -0.304093 0.0740035 -0.193028 3.65327 22 87 20869 1 1 1.06449 1.06449 61 
0.606747 -5 3.22342 -1.40206 0.570857 -0.945868 3.68299 22 93 31322 31321 1 0.321678 0.321678 34 
-4.98541 -0.573825 5 -0.441769 0.132962 -0.163118 3.80092 22 94 37561 37560 1 0 0 1 
0.582841 -5 -4.95333 -0.247432 0.423386 0.143672 3.68633 22 95 37572 37571 1 0 0 2 
-2.02664 -5 2.55037 -0.272986 0.258339 0.000773963 3.68208 22 98 11570 11569 1 0.156574 0.156574 24 
-0.995391 -2.54938 5 0.0699183 0.0132003 -0.306303 4.12423 22 99 30263 30262 1 0.0207143 0.0207143 2 
5 0.112897 4.7998 -0.195947 -0.184372 -0.542834 5.14701 22 101 39343 39296 1 0 0 2 
2.35305 2.17628 5 -0.203184 0.005184 -0.340675 4.27309 22 102 6308 6307 1 0 0 1 
2.49594 -3.00446 5 -0.0875394 0.0973808 -0.223042 3.70457 22 106 21356 20725 1 0.258171 0.258171 26 
-0.954424 -4.34175 5 -0.196377 0.142398 -0.589331 4.38732 22 107 17951 17950 1 0 0 1 
5 3.5543 -0.0502797 -0.256041 0.184617 -0.401845 4.03445 22 109 36256 36255 1 0 0 1 
2.17388 -1.07208 5 -0.485044 0.706386 -1.06585 3.90924 22 111 31004 30927 1 0 0 2 
5 4.29706 3.40854 -0.293149 0.339286 -0.173076 3.76562 22 114 22658 22532 1 0 0 1 
5 2.6324 -1.78229 -0.265362 -0.0801017 -0.0813257 3.72994 22 115 40935 39683 1 0.28864 0.28864 16 
-2.88515 2.0105 -5 0.144423 0.0524898 0.291693 3.62357 22 116 18847 18640 1 0.228823 0.228823 17 
1.61383 -5 -2.47273 -0.523624 0.735623 -0.127142 3.67599 22 117 16967 16965 1 0 0 1 
3.33784 -0.392197 5 -0.501464 0.39611 -0.600768 3.79905 22 121 23867 23816 1 0 0 2 
5 -3.12926 -1.22156 -0.302857 -0.114092 -0.154237 4.00831 22 123 17646 17645 1 0 0 1 
-3.21916 -5 -3.68858 -0.211114 0.236191 0.0511641 3.74115 22 124 43427 43406 1 0.237301 0.237301 33 
5 -2.60691 4.78424 -0.805149 0.113947 -0.273981 3.64042 22 126 53724 53670 1 0 0 1 
-0.371658 1.53623 -5 -0.937221 0.902174 0.49465 3.59561 22 127 28383 28329 1 0 0 2 
5 -3.97197 0.792002 -0.235387 0.451357 -0.0446088 3.67836 22 128 40849 40848 1 0.187884 0.187884 2 
1.47967 -5 -2.64714 -0.561679 0.771963 -0.444298 3.70001 22 130 7220 7198 1 0 0 1 
4.04149 3.07517 -5 -0.32589 0.0429568 0.146501 3.61597 22 135 22571 22570 1 0 0 2 
1.66739 -5 -1.63539 -0.277551 0.429003 -0.00648137 3.68162 22 136 48475 48474 1 0 0 2 
5 -4.71001 4.54567 -0.461058 0.191368 0.109195 3.86533 22 137 15775 15743 1 0.510234 0.510234 52 
5 2.26241 -3.58842 -0.227392 0.272865 -0.367365 3.8385 22 138 6502 6501 1 0 0 1 
3.32069 -5 2.31166 -0.486803 0.633273 0.215386 3.61102 22 139 51442 51346 1 0 0 2 
-0.635813 -5 2.96399 -0.389883 0.223083 -0.243609 3.76861 22 141 20849 20847 1 0 0 1 
2.62288 -5 -2.14251 -0.257774 0.29108 -0.331579 3.7731 22 142 9140 9139 1 0 0 1 
5 -3.25877 2.75662 -0.0771357 0.280423 -0.0513027 3.90792 22 143 29614 29580 1 0.2949 0.2949 27 
1.92284 -2.62727 5 -0.50299 0.739748 -0.296181 3.8305 22 144 27517 27449 1 0 0 3 
-1.54368 -0.793931 5 -0.796168 0.639074 -3.34458 4.08228 22 145 2140 2077 1 0 0 2 
-0.219995 3.09399 5 -0.589103 1.60018 -2.35912 3.93369 22 146 17383 17344 1 0 0 1 
-2.26421 -5 -3.94516 0.112724 0.29149 -0.0634161 3.74847 22 148 29197 29196 1 0 0 1 
5 -2.0653 3.55387 -0.235092 0.161969 -0.0944346 3.73249 22 151 4310 4044 1 0.300184 0.300184 36 
-3.68863 4.01541 5 -0.0257696 -0.0594232 -0.351087 4.17993 22 153 45708 45694 1 0 0 1 
1.90759 -5 -2.0733 -0.286344 0.237131 -0.120047 3.6924 22 154 17042 17014 1 0 0 1 
4.48684 -5 -1.03239 -0.315797 0.398559 -0.0504251 3.6732 22 159 12370 12369 1 0.510601 0.510601 26 
5 4.26538 -2.43 -0.273082 0.239941 -0.0824954 4.11218 22 160 36781 36750 1 0 0 1 
5 4.76283 -2.47217 -1.13239 0.8243 0.0454236 3.65807 22 161 28508 28455 1 0 0 1 
-4.50266 -5 0.557199 -0.465816 0.59673 -0.29647 3.75444 22 162 36056 36001 1 0 0 1 
-3.96669 2.95759 -5 -0.281616 0.0412532 0.225118 3.7355 22 164 27432 27401 1 0 0 1 
5 -2.91666 4.85701 -0.951379 1.1289 -0.842786 3.7898 22 165 25709 25708 1 0 0 1 
2.18475 -0.706518 -5 -0.328906 0.152043 0.552558 3.56064 22 168 47016 46949 1 0 0 1 
5 3.14662 -0.187339 -0.49551 0.612004 0.252596 3.64616 22 169 51514 51443 1 0.288279 0.288279 16 
-1.93663 -5 1.84929 -0.583036 0.612298 -0.438777 3.68087 22 170 10901 10899 1 0 0 1 
4.13487 -5 -3.1809 -0.200855 0.326656 -0.337748 3.89019 22 171 46541 46540 1 0 0 2 
5 -2.09811 3.97502 -0.205302 0.0916478 -0.0781963 3.70871 22 172 27821 27789 1 0 0 4 
5 1.40959 0.616029 -1.93701 2.64895 -0.515453 3.7012 22 173 23876 23819 1 0 0 1 
0.109297 -4.38227 5 -0.227506 0.197274 -0.309667 3.93988 22 174 17283 17238 1 0.431561 0.431561 24 
0.682788 -5 -1.57207 -0.322858 0.434035 -0.206957 3.73203 22 175 32742 32741 1 0 0 2 
4.13932 -5 0.570366 -0.676149 0.572346 -0.524832 3.76552 22 180 34501 34500 1 0 0 1 
5 4.80468 2.31963 -1.76843 1.57359 -1.33143 3.74659 22 183 39204 39166 1 0 0 1 
-0.867806 -3.41643 5 -0.14824 0.0609693 -0.239701 4.16678 22 184 6276 6253 1 0.0707931 0.0707931 2 
-4.67688 -0.520134 -5 -0.180171 0.161025 0.185471 3.77261 22 187 9869 9841 1 0.270869 0.270869 10 
1.33472 -1.59024 5 0.103182 -0.0330494 -0.426207 4.01922 22 188 4755 4753 1 0.439407 0.439407 23 
5 -4.73249 -0.43152 -1.23554 1.28605 -0.0944279 3.69189 22 189 25752 25688 1 0 0 1 
3.37953 -5 -1.0067 0.0573751 0.218047 -0.198262 4.04585 22 191 4986 4985 1 0 0 2 
5 -0.587125 0.393225 -0.491977 0.466628 -0.0645213 3.67838 22 193 43720 43719 1 0 0 3 
5 -2.07157 4.1405 -0.418152 0.274785 -0.10374 3.73383 22 196 8882 8878 1 0 0 1 
5 -0.97083 -1.46853 -0.288063 -0.276226 -0.319121 3.69342 22 198 18103 18102 1 0 0 2 
5 3.46856 2.90113 -0.195855 0.430867 0.0428984 3.8965 22 200 5376 5356 1 0 0 1 
5 -3.14376 -1.05029 -0.0938632 -0.123916 0.118302 3.76441 22 206 39265 39264 1 0.194352 0.194352 61 
3.60592 1.57556 5 -0.0567809 -0.033302 -0.296899 3.9152 22 208 26644 26643 1 0 0 1 
0.19072 -5 0.400896 0.196234 0.471809 0.00295306 3.88801 22 209 8068 8050 1 0.271117 0.271117 4 
5 1.64963 0.227788 -0.418423 0.280912 -0.0844458 3.755 22 211 44240 44202 1 0 0 1 
-0.39987 -3.54225 5 -0.216275 0.186771 -0.21936 3.75846 22 212 17479 17478 1 0 0 2 
1.07688 2.04352 5 -0.0959898 0.206778 -0.157468 3.7875 22 213 1872 1337 1 0 0 1 
3.31099 -5 -0.17752 0.046144 0.182459 0.199928 3.58552 22 214 39426 39206 1 0.0232442 0.0232442 3 
-4.95374 -3.40402 5 -0.41045 0.260062 -0.0983121 3.71359 22 215 16756 16755 1 0 0 1 
-3.63583 5 4.60682 -0.0236896 -0.227807 0.0716205 4.32922 22 220 5365 5310 1 0.00169062 0.00169062 2 
5 3.83029 0.403689 -0.123275 0.118829 -0.423126 4.3084 22 221 4833 4832 1 0.470018 0.470018 32 
5 3.28108 -0.0890527 -0.360342 0.331624 0.14594 3.6522 22 223 23986 23964 1 0 0 1 
3.88929 2.94302 5 -0.306506 -0.0312737 -0.403693 4.04654 22 224 9434 9290 1 0.311845 0.311845 3 
3.47458 -5 4.16666 -0.0189568 0.284266 0.0477667 3.72903 22 234 1619 1564 1 0 0 1 
5 4.3682 4.23606 -1.21022 2.11247 -1.20897 3.75462 22 237 16881 16851 1 0 0 2 
-0.0406835 -5 -0.386598 -0.370545 0.391337 0.181349 3.64203 22 238 6471 6380 1 0.329843 0.329843 3 
0.333954 -1.00903 5 -0.287286 0.227038 -0.106319 3.75674 22 239 30190 30142 1 0 0 1 
-1.52704 -5 -3.10064 0.027918 0.344168 0.0765783 3.69958 22 241 18395 18392 1 0.127841 0.127841 2 
5 -2.05512 3.06601 -0.317479 0.0172799 -0.274779 3.74094 22 242 22609 22534 1 0.370287 0.370287 5 
4.57155 -5 4.18137 -1.75842 1.17894 -2.28804 3.82086 22 243 22148 22125 1 0 0 1 
5 -2.01165 2.74023 -0.777331 0.346956 0.184926 3.63997 22 244 42903 42642 1 0 0 1 
-1.69736 -0.521524 5 -0.13999 0.234342 -0.160882 3.7811 22 247 25385 21166 1 0.0439558 0.0439558 2 
5 3.28406 -4.93314 -0.401193 1.15485 0.981504 3.59129 22 248 39191 39190 1 0 0 2 
5 1.85498 -0.988199 -0.117958 0.298854 -0.187938 3.68183 22 249 27817 27816 1 0 0 1 
0.956797 -1.6845 5 -0.194601 -0.0775121 -0.415207 4.16965 22 251 24933 24932 1 0.284981 0.284981 4 
5 1.1806 -4.9115 -0.586351 1.48093 -1.42209 3.75442 22 252 7914 7854 1 0.191614 0.191614 20 
-2.83918 -0.447398 5 -0.249323 -0.150437 -0.040996 3.75128 22 253 6127 6124 1 0 0 2 
5 0.816319 0.698255 -0.0954453 0.132917 -0.280178 4.05902 22 255 20933 20900 1 0 0 1 
3.86708 -5 -3.94354 -0.435392 0.486361 -0.446659 4.84443 22 257 49172 49056 1 0 0 1 
0.683312 4.18514 5 -0.266003 -0.13464 -0.675727 4.09437 22 258 14799 14760 1 0 0 2 
-2.13811 -5 4.85162 1.92281 1.32968 0.717114 3.69845 11 260 30939 30916 1 0.625106 0.625106 2 
4.58383 -5 -4.98306 -0.224673 0.25343 -0.000848311 3.64394 22 261 38349 38326 1 0.314816 0.314816 30 
1.59404 2.24686 5 -0.132734 0.0877478 -0.296533 4.1369 22 264 11529 11528 1 0.336257 0.336257 18 
-2.41379 -5 -3.3339 -0.303244 0.383702 -0.148107 3.8315 22 267 41508 41507 1 0 0 1 
2.80326 3.03615 5 -6.44725 5.66569 -5.20659 3.7472 22 268 1013 1 1 3.56193 3.56193 11 
5 2.62844 2.82216 -0.653456 1.41393 0.816409 3.61049 22 270 41854 41834 1 0 0 1 
5 -2.43395 2.16096 -0.184738 -0.0880607 -0.351757 3.97779 22 278 42093 42047 1 0 0 1 
5 -2.42451 -1.92423 -0.60427 1.08342 0.566265 3.61448 22 280 33390 33389 1 0 0 1 
-5 -1.5649 4.79112 0.112339 0.223388 -0.175721 3.93191 22 281 31185 31184 1 0.147471 0.147471 2 
4.11724 -5 4.96589 -0.0729146 0.321481 -0.311502 3.87404 22 284 36503 36485 1 0.0646558 0.0646558 2 
-3.02616 -5 -0.117934 -0.140442 0.214713 -0.346059 3.81007 22 286 16602 16600 1 0 0 3 
-1.34192 -5 -4.30668 -0.0905335 0.1957 -0.1325 3.729 22 287 12212 12126 1 0 0 1 
5 -2.29774 3.62988 -0.289703 0.420849 -0.0088405 3.6985 22 288 26793 26768 1 0 0 1 
-0.929413 3.03096 5 -0.2008 0.382749 -0.372763 3.91999 22 290 15133 15132 1 0 0 1 
2.11079 -2.66121 5 -0.114803 0.17487 -0.46622 4.20492 22 291 10535 10532 1 0 0 1 
-2.61708 0.651387 5 -0.20319 -0.102738 -0.307307 3.86294 22 294 36993 36992 1 0.382126 0.382126 22 
5 -2.0788 4.48885 -0.329224 0.334777 -0.201633 4.08974 22 295 33881 33879 1 0 0 2 
5 -3.93674 -2.06463 -0.298079 0.3047 -0.281827 3.81664 22 297 13519 13516 1 0.510542 0.510542 27 
3.99772 -5 -0.792354 -0.0796816 0.192507 -0.320197 4.34616 22 299 16166 16142 1 0 0 2 
-4.12567 -5 2.65125 0.167004 0.131961 -0.0262816 3.85373 22 300 33476 33426 1 0.0154144 0.0154144 2 
2.80763 -5 0.745121 -0.28461 0.268742 -0.275391 3.81636 22 301 41709 41707 1 0.0692018 0.0692018 2 
2.27654 -2.90498 -5 -0.220359 0.23622 0.216664 4.58217 22 302 19548 19484 1 0 0 1 
-2.79527 -4.50348 5 0.0956975 0.282864 -0.363149 3.93473 22 304 51888 51857 1 0 0 1 
4.75579 -2.67199 5 -1.66718 1.32009 -1.7427 3.79178 22 307 22404 22303 1 0.22041 0.22041 23 
-3.77532 1.24205 5 -0.323266 0.250767 -0.306161 3.93036 22 312 5427 5426 1 0 0 2 
-0.209703 -5 0.854842 -0.750569 0.776887 1.0924 3.57571 22 313 6928 6873 1 0 0 1 
4.42655 -5 -4.42938 -0.318652 0.229418 -0.385059 4.86549 22 318 26513 26488 1 0 0 2 
4.53227 -5 2.86444 -0.406594 0.298251 -0.082749 3.71855 22 319 31089 31086 1 0.510217 0.510217 52 
5 1.84008 -3.11226 -0.706162 0.41461 -1.33917 4.17566 22 323 3997 3978 1 0 0 1 
-3.9936 1.45788 5 -0.135402 -0.0935231 -0.333731 3.9136 22 324 14759 14753 1 0 0 2 
-2.82344 -5 -4.5345 -1.94152 2.49276 -1.65832 3.73782 22 325 34611 34563 1 0.265965 0.265965 13 
4.28545 -0.97186 5 0.175291 -0.100462 -0.469362 3.91238 22 328 35055 35054 1 0 0 1 
-1.80452 0.177436 5 -0.223097 -0.0618366 -0.326242 4.04674 22 332 13938 13704 1 0.464259 0.464259 31 
-4.9496 1.88401 5 -0.482429 -0.0481843 -0.191258 3.91862 22 333 30692 30686 1 0 0 2 
-4.66257 -5 3.43017 -1.32417 1.06525 -1.03986 3.92921 22 334 5389 5350 1 0 0 2 
1.89297 4.42525 5 -0.131896 0.159649 -0.380874 4.25187 22 335 9477 9474 1 0.0880929 0.0880929 2 
1.17166 3.3059 5 0.0280358 0.00312817 -0.00954655 3.76304 22 336 32571 32561 1 0.0296405 0.0296405 10 
-4.18227 -3.15783 5 -0.173007 0.322689 -0.141499 3.75513 22 340 5930 5928 1 0.274983 0.274983 25 
5 -4.23802 -3.52624 -0.32933 0.238388 -0.0533289 3.68088 22 344 35389 35375 1 0 0 1 
-3.91756 -5 0.949475 -0.368977 0.32887 0.129695 3.68864 22 345 22581 22580 1 0 0 1 
-1.39381 -5 0.967856 0.0966848 0.326717 -0.0723322 4.63033 22 347 37613 37551 1 0 0 1 
-0.74286 -5 0.786697 -0.500451 0.304371 0.143433 3.62874 22 349 10086 8818 1 0 0 1 
5 -4.39074 0.37647 -0.463282 0.215053 -0.0155608 3.63577 22 351 42897 42870 1 0.395678 0.395678 21 
4.53862 -1.02461 5 -1.32131 1.27994 -1.34738 3.8388 22 353 5043 4803 1 0 0 2 
3.33493 -5 1.15377 0.0192315 0.20781 0.278498 3.90834 22 357 33706 33704 1 0.106768 0.106768 14 
5 -1.321 3.64231 -0.296247 0.307134 0.128746 3.63833 22 358 14026 14024 1 0 0 1 
5 3.30387 -1.4622 -0.303755 0.512723 0.205715 3.6337 22 359 3796 3794 1 0 0 1 
4.03489 -5 4.73944 -0.467747 0.268207 -0.637608 3.98023 22 360 25861 25860 1 0 0 1 
1.19713 -5 -1.40478 -1.45418 1.03837 -3.55246 3.87703 22 363 27678 27677 1 0 0 3 
3.57872 -5 -0.490169 -0.354059 0.232722 0.285661 3.60471 22 366 46778 46777 1 0 0 1 
5 -4.26248 4.75582 -0.348922 0.36117 -0.094495 3.69898 22 371 41363 41359 1 0.51031 0.51031 39 
2.45692 -5 -0.367321 -3.11307 6.80533 0.0853716 3.6413 22 373 15194 14991 1 0 0 2 
0.81945 3.8308 5 -0.776319 0.721683 -0.19623 3.73646 22 374 14219 14218 1 0 0 1 
4.73214 3.94619 5 0.0384387 0.211102 -0.120291 4.00652 22 376 2324 2323 1 0 0 4 
5 -0.310831 1.80219 -0.2039 0.00538129 0.108183 3.92691 22 378 24148 24145 1 0 0 2 
2.69655 -4.47628 -5 -0.178505 0.264262 0.399277 3.60077 22 381 35548 35547 1 1.07113 1.07113 37 
5 2.16541 4.13613 -0.277742 0.31411 -0.704784 3.88528 22 382 34810 34786 1 0.0228889 0.0228889 2 
5 3.13836 -3.93503 -0.175915 0.151939 0.00309326 3.96079 22 387 26311 26291 1 0 0 1 
5 1.71602 0.651648 -0.2712 0.0832365 -0.227621 4.17266 22 388 17070 17069 1 0.363168 0.363168 37 
4.68517 -2.44163 5 -0.297138 0.637626 -0.267459 3.72865 22 389 59658 59657 1 0 0 1 
3.26762 5 -1.13391 -0.00598503 -0.0816671 0.152308 4.64093 22 390 8251 8250 1 0.172545 0.172545 25 
5 -2.83466 4.68652 -0.346136 0.298203 -0.228876 3.77303 22 391 34882 34880 1 0.153931 0.153931 2 
5 -1.20594 2.57993 -0.255044 0.387878 0.0843586 3.66137 22 392 15334 15333 1 0 0 1 
3.03475 -5 -3.30217 -0.165014 0.13484 0.0332983 3.7689 22 394 9893 9891 1 0.215501 0.215501 15 
-3.65837 3.25701 -5 0.113228 0.214474 0.13606 3.76029 22 395 39827 39790 1 0 0 1 
3.42203 -5 2.42946 -2.59633 2.9802 -0.917209 3.70952 22 396 10642 10641 1 0 0 2 
-1.31937 2.75764 5 -0.291152 0.265512 -0.325352 3.87676 22 401 5150 5147 1 0 0 1 
5 -0.196357 -3.4229 -0.76058 0.680566 -0.901956 3.82368 22 407 10110 10068 1 0 0 1 
5 -1.03985 0.344882 -0.228356 0.526087 -0.0195678 3.63857 22 409 32254 32253 1 0 0 1 
-4.68379 1.47437 5 -0.320562 0.244296 -0.255268 3.92731 22 412 1756 1755 1 0 0 2 
-3.13214 -5 -3.05325 -0.426371 0.249816 0.130073 3.64356 22 413 34104 34070 1 0 0 1 
-4.34173 -5 2.18145 -0.29539 0.17126 -0.606517 4.2782 22 416 4230 4229 1 0 0 1 
4.91615 -5 4.76607 -0.0615419 0.246175 0.127468 3.62614 22 418 36263 36215 1 0 0 3 
-3.84844 1.96282 5 -0.279479 0.290937 -0.313635 3.92661 22 421 32158 32157 1 0.0868607 0.0868607 4 
-0.495422 -0.0218473 5 -3.88916 2.78995 -1.58311 3.77443 22 422 9800 9781 1 0 0 1 
5 3.95071 -1.75879 -0.0818019 0.123578 -0.489037 4.45728 22 424 23311 23310 1 0 0 3 
5 -1.43824 3.67964 -0.628462 0.568162 -0.581284 3.93697 22 427 28239 28215 1 0 0 1 
2.38969 -5 0.968586 -0.181554 0.502761 -0.0792505 4.3648 22 432 11906 11824 1 0 0 4 
1.85086 -0.910853 5 -0.0892738 0.270413 -0.212023 4.0912 22 435 1254 1229 1 0 0 2 
5 3.75385 -4.41787 -0.094332 0.253584 -0.245143 3.8712 22 436 30115 30086 1 0 0 1 
4.13166 -5 -2.42472 -0.346729 0.323672 -0.190093 3.6893 22 438 30529 30503 1 0 0 1 
0.453121 -5 2.80837 -0.298319 0.318954 -0.189206 4.00301 22 440 43424 43423 1 0.475507 0.475507 23 
-2.99086 -5 4.27386 0.00635016 0.241861 -0.450092 4.13914 22 441 17851 17846 1 0 0 1 
3.67368 -5 1.98392 -0.127414 0.280994 -0.0261372 3.69839 22 445 37250 37249 1 0 0 1 
1.90527 -5 -3.46758 -0.191948 0.328417 0.177138 3.61661 22 447 32767 32766 1 0 0 1 
-0.947654 -2.67475 5 -0.243064 0.218124 -0.264039 3.84488 22 448 24717 24715 1 0 0 2 
0.0152348 -5 -3.03501 -0.0116673 0.531348 -1.07003 3.58288 11 449 29307 29281 1 0.788078 0.788078 30 
-0.558057 0.378327 5 -0.293582 0.195808 -0.334844 3.78593 22 452 4369 4368 1 0 0 2 
0.399289 -5 2.14426 -0.573148 0.767675 0.941079 3.58946 22 454 43008 42992 1 0 0 1 
4.38974 0.338492 -5 -0.623826 0.585499 0.400159 3.5993 22 459 39428 39420 1 0 0 1 
1.69969 -5 -3.2987 -0.106987 0.151526 -0.476144 4.26106 22 460 21383 21382 1 0 0 1 
3.87065 -5 -4.12887 -0.206138 0.289723 -0.394534 4.77887 22 462 4399 4398 1 0 0 1 
2.71233 -5 0.812485 -0.233868 0.310889 0.149984 3.62393 22 463 2624 2558 1 0.416765 0.416765 13 
-2.40885 -5 4.57093 -0.347584 0.495716 0.226246 3.62958 22 464 11922 11698 1 0 0 1 
5 -1.02402 3.3925 -0.297063 0.609317 0.480004 3.6072 22 467 14466 8861 1 0 0 2 
5 -4.3094 -3.50636 -0.104926 0.238585 0.213808 3.63426 22 468 11506 11505 1 0 0 2 
0.854562 -5 2.72582 -0.288297 0.383983 0.174819 3.65265 22 469 38251 38222 1 0 0 1 
0.230893 -5 -0.936578 -0.441596 0.381243 0.108712 3.65126 22 470 18113 7112 1 0 0 3 
5 2.66647 4.517 -0.148195 0.296845 -0.0978635 3.69858 22 471 18171 11866 1 0 0 1 
-1.732 -1.04705 5 -0.179118 0.183352 -0.442062 4.2978 22 472 16301 16300 1 0.510458 0.510458 34 
5 -3.93894 3.93028 -0.128442 0.132096 0.0744456 3.79935 22 475 3149 3148 1 0.111158 0.111158 5 
-1.11551 -3.73845 5 -0.35945 0.153644 -0.329103 3.95568 22 478 35598 35597 1 0 0 2 
-4.84517 1.74986 5 0.121251 0.103994 -0.324917 3.93794 22 479 20510 20509 1 0 0 2 
4.44413 -5 0.412902 -1.32424 0.985795 0.697206 3.61367 22 480 35469 35263 1 0 0 2 
5 -1.3793 3.05374 -0.373806 0.297141 0.0193987 3.66278 22 481 21185 21180 1 0 0 1 
0.183101 -5 -1.15257 -0.266338 0.233794 -0.155862 3.75355 22 482 19402 19401 1 0 0 2 
4.1204 -5 -2.19674 -0.180528 0.244942 -0.141512 3.86537 22 484 40204 40203 1 0 0 2 
5 -1.78252 -0.662701 -0.481646 0.30605 0.324183 3.58049 22 486 24476 24475 1 0 0 1 
-0.98102 5 4.20707 0.117169 -0.141166 -0.00749562 4.04052 22 488 40868 40866 1 0 0 1 
4.64704 -4.13332 5 -0.261217 0.420878 -0.125487 3.7016 22 490 15534 15533 1 0 0 1 
1.00654 -5 -0.886285 -0.0878759 0.410074 -0.246614 3.96402 22 491 22003 21958 1 0 0 1 
-0.496866 -1.7087 5 -0.154301 0.154485 -0.0766455 3.79145 22 493 13378 13377 1 0.0918344 0.0918344 2 
5 -3.91642 -3.23797 -1.23017 0.817726 0.119413 3.6372 22 494 9553 9551 1 0.838379 0.838379 2 
5 -1.15114 4.10147 -0.212693 0.340547 0.171476 3.67559 22 495 27157 27156 1 0 0 1 
-2.08787 -5 4.87777 -0.399232 0.301314 -0.104614 3.76275 22 496 19564 19533 1 0.31248 0.31248 26 
5 4.13404 2.83288 -0.464512 0.484615 0.682103 3.60148 22 500 22072 22071 1 0 0 1 
1.1847 -1.15403 -5 -0.151409 0.118697 0.0870394 4.06493 22 501 5797 5796 1 0.210884 0.210884 21 
-2.47716 -5 -3.81143 -0.136268 0.167073 -0.312017 3.90028 22 502 20817 20815 1 0 0 2 
2.85648 4.74564 -5 -0.291602 0.276404 0.36351 3.59263 22 504 56535 56505 1 0 0 1 
5 4.14128 3.08026 -0.332861 0.353374 -0.623742 3.95693 22 506 26196 26076 1 0 0 1 
5 -4.48447 2.23534 -0.5175 0.127817 -0.978328 3.98871 22 509 7573 7556 1 0 0 3 
5 3.19079 0.999179 -0.916193 0.657866 -0.909153 3.98245 22 510 36339 36261 1 0 0 1 
4.42933 -5 3.26453 -0.128034 0.336571 -0.0762769 4.18084 22 511 25593 25590 1 0.367682 0.367682 24 
-1.18229 -4.85196 5 -0.442662 0.274456 -0.520082 3.72907 22 519 18368 18347 1 0.210158 0.210158 13 
5 -3.57229 -0.280981 -0.191853 0.317632 0.00333419 3.68928 22 522 49183 49102 1 0.370595 0.370595 34 
-4.50107 -5 -1.08846 -0.807715 0.83425 1.44684 3.57628 22 523 43975 43862 1 0 0 1 
5 -2.22272 1.03427 -0.453056 -0.170241 -0.163945 3.75519 22 525 16026 16025 1 0 0 1 
2.22531 4.26198 5 -0.261981 0.276471 -0.340661 3.84191 22 533 51941 51913 1 0.303465 0.303465 36 
5 -2.53575 1.19215 -0.375772 0.33496 -0.087848 3.70904 22 535 27237 27211 1 0 0 1 
-0.390074 -5 4.22368 -0.323716 0.357604 -0.168664 3.75879 22 536 34043 34042 1 0 0 1 
-1.34527 4.65563 5 -0.134612 0.181911 -0.458157 4.13452 22 537 31910 31909 1 0 0 1 
-0.973134 -5 -0.966432 -0.346103 0.400672 0.391093 3.58602 22 538 19917 1 1 0.0188485 0.0188485 3 
5 -1.08674 -4.78765 -0.350745 0.370568 0.0278828 3.63565 22 542 33412 33396 1 0.0315361 0.0315361 4 
2.53919 -5 2.99175 -0.419168 0.23027 -0.0261079 3.72895 22 543 11392 11391 1 0.133663 0.133663 5 
-3.94603 -5 -4.96658 -0.232106 0.326196 0.13956 3.59845 22 546 58274 58217 1 0 0 1 
4.30443 -5 -0.200947 0.0738356 0.220113 0.055311 3.78183 22 549 31310 31309 1 0 0 1 
5 -0.25681 -2.4002 -0.240442 0.111736 -0.436833 4.04903 22 551 14301 14300 1 0 0 1 
-0.740354 1.03879 5 -1.0764 0.886928 -0.556093 3.7362 22 552 17196 17169 1 0 0 1 
-0.295746 4.33114 5 -0.659184 0.985429 -1.31885 3.828 22 553 28483 28426 1 0 0 1 
3.01765 -5 -4.05676 -15.0751 29.557 -12.5664 10.5565 2112 555 28305 28268 1 0 0 1 
-3.93058 -5 -0.423743 -0.107393 0.124721 -0.200522 3.86624 22 559 52137 51616 1 0.258967 0.258967 27 
3.98082 -5 0.385633 -1.52176 2.44755 0.244117 3.6751 22 560 27610 27609 1 0 0 1 
-0.167012 3.82006 5 -0.113605 0.252912 -0.429243 4.09577 22 562 37794 37793 1 0 0 1 
-2.17124 -4.60004 5 -0.214864 0.0187256 -0.463252 3.9921 22 564 23361 23360 1 0 0 1 
2.90333 -4.52429 5 -0.321731 0.357852 -0.171904 3.72818 22 565 23771 23749 1 0.0198636 0.0198636 4 
5 -2.71527 -1.93036 -0.389522 0.246278 0.12302 3.61784 22 567 2168 2142 1 0.147599 0.147599 3 
2.84873 -5 2.66642 -0.404416 0.214114 -0.114685 3.7788 22 568 29072 29071 1 0 0 1 
-1.04169 -2.73779 5 -0.248297 0.223545 -0.514659 3.91739 22 573 34598 34518 1 0 0 3 
-4.92807 -5 -0.934925 0.0664308 0.372187 0.136456 3.93631 22 576 2524 2523 1 0 0 3 
0.406386 -2.87579 5 -1.35797 0.676882 -1.96567 3.89013 22 579 30264 30263 1 0 0 1 
5 0.516996 4.54339 -0.210657 0.304637 0.0229817 3.7923 22 580 33085 33067 1 0.370373 0.370373 40 
-3.19435 -5 4.15482 -125.24 59.4134 -12.3032 5.58506 2112 581 25370 25034 1 0 0 1 
3.76469 -1.42165 5 -0.109005 0.304371 -0.295401 3.99772 22 582 18081 18080 1 0 0 1 
5 1.30158 -1.70533 -0.180711 0.223288 -0.422618 3.91933 22 587 13416 13415 1 0 0 2 
5 -0.37848 -3.96014 -0.192486 0.154322 -0.447497 3.93345 22 590 37463 37430 1 0 0 1 
1.02231 -5 -4.24139 -0.76699 0.858242 -1.86857 3.90486 22 591 6372 6295 1 0.958404 0.958404 7 
-2.50049 3.17835 5 -0.0676621 0.219996 -0.0729846 3.78944 22 596 8202 8191 1 0 0 1 
-1.06756 -5 -1.2526 -0.746753 0.868894 1.83647 3.55728 22 597 17667 17614 1 0 0 1 
5 -3.79107 -0.405239 -0.112297 -0.0113709 -0.490317 4.34169 22 599 21211 21210 1 0 0 2 
4.47451 -5 -0.627398 -0.196208 0.18429 -0.43435 3.84284 22 602 4043 4018 1 0 0 2 
5 -2.73171 1.1712 -0.812884 0.181615 0.00771333 3.84239 22 604 4529 4474 1 0 0 1 
0.696386 -5 4.96445 -1.07539 1.11576 -0.267177 3.68018 22 605 5483 5447 1 0 0 1 
-0.17251 -5 -1.1644 -0.611425 0.351924 0.0562634 3.65373 22 606 30289 30288 1 0.182538 0.182538 3 
5 3.93723 0.292945 -0.414808 0.442352 -0.0866583 3.72609 22 607 23437 23386 1 0 0 1 
3.03963 -5 3.46896 -0.121547 0.202575 -0.101529 3.67792 22 609 44247 40218 1 0.256595 0.256595 35 
5 -4.61759 4.82784 -0.572902 0.267914 0.15225 3.66226 22 611 3606 3400 1 0 0 1 
5 4.6102 -4.63405 -0.342156 0.345442 -0.157221 3.76601 22 612 4465 4461 1 0 0 2 
1.39709 1.48879 5 -0.414089 0.474085 -2.21526 4.2582 22 614 31962 31961 1 0 0 1 
4.19149 4.00161 5 -0.201341 0.277217 -0.379121 3.88885 22 617 57297 57278 1 0 0 1 
3.44167 -5 -4.67643 -0.437333 0.587686 -0.639337 3.84745 22 620 14639 14615 1 0 0 2 
-0.47239 -5 2.74909 0.0881985 0.0790808 0.183174 3.90022 22 621 4827 4624 1 0 0 1 
1.78765 -5 1.05179 -0.226305 0.285437 0.237179 3.60231 22 622 64625 64300 1 0.186593 0.186593 4 
3.61423 -5 -3.02279 -0.513273 0.357211 0.0963659 3.61869 22 623 12434 12097 1 0.125913 0.125913 2 
4.50224 -5 3.89502 -0.582693 0.520471 0.596776 3.59006 22 624 1639 1 1 0 0 2 
2.75336 -5 -4.33525 -0.415683 0.231044 -0.186938 3.72903 22 626 27921 27920 1 0 0 1 
5 -0.261715 0.89004 -0.151801 0.480235 -0.0863182 3.79007 22 627 8627 8625 1 0 0 1 
1.13084 -5 -0.440447 0.192284 0.388069 -0.122328 3.70315 22 628 6832 6831 1 0 0 2 
4.12026 -1.82932 5 0.0113975 -0.00797488 -0.156686 3.75871 22 629 17742 1 1 0 0 3 
-0.0895759 -1.12499 5 -0.126091 -0.0259437 -0.156404 3.7072 22 630 15242 15241 1 0.046149 0.046149 3 
5 2.11753 -2.1814 -0.299824 0.258115 -0.1692 3.74367 22 632 39698 39697 1 0.125935 0.125935 2 
5 -1.00256 0.467853 -0.279325 0.266124 -0.153813 3.68761 22 633 24779 24778 1 0.120063 0.120063 3 
3.6061 -1.35109 5 -0.275643 0.159369 -0.13495 3.7883 22 634 9822 9582 1 0 0 2 
-0.739294 -4.81576 5 -0.474198 0.116492 -0.487878 3.8744 22 635 27232 27212 1 0 0 1 
5 0.827866 -1.62442 -0.275245 0.390616 -0.18105 3.75099 22 636 58691 58672 1 0 0 1 
3.78388 2.72386 5 -0.153407 0.152807 -0.462856 4.12826 22 637 35112 35085 1 0 0 1 
5 2.76859 -0.50375 -0.354143 0.360791 0.0743798 3.66205 22 642 17242 17241 1 0 0 1 
3.87497 -5 -0.409547 -0.629483 0.381723 0.236192 3.61701 22 643 11173 10932 1 0 0 3 
5 4.26056 -2.29274 -0.0536846 -0.183067 -0.258725 3.76127 22 648 30155 30101 1 0.00839431 0.00839431 2 
-0.000902334 -1.36701 5 -0.263112 0.117537 -0.256351 3.86677 22 649 2726 2686 1 0 0 1 
1.40725 -5 1.64393 -0.0454995 0.381094 -0.123276 3.70114 22 650 40531 40530 1 0.0484843 0.0484843 3 
3.1995 -5 3.74891 -0.187708 0.452691 -0.0616086 3.61077 22 652 17880 17842 1 0 0 1 
5 0.708665 -1.99799 -0.183178 -0.0769 -0.136371 4.00739 22 653 3735 3734 1 0 0 4 
-0.529792 -2.77357 -5 -9.70532 12.5921 22.8665 3.54907 22 654 39294 39217 1 0 0 2 
0.613681 -2.72868 5 -0.0475622 0.152741 -0.159735 3.74371 22 658 48030 47997 1 0.0112542 0.0112542 2 
1.18439 -3.83465 -5 -0.313378 0.129956 0.114087 3.61022 22 659 47987 47981 1 0 0 1 
4.74325 1.02942 5 -0.14863 0.163528 -0.161209 3.7914 22 660 33952 31571 1 0 0 1 
-5 -2.57293 0.96372 0.220252 -0.00368502 -0.0157228 4.45671 22 661 36399 36261 1 0.027309 0.027309 2 
4.60282 -5 0.910623 -0.311324 0.570693 -0.0298097 3.64759 22 662 38183 38108 1 0 0 2 
-2.14435 -5 0.0343134 -0.205649 0.435172 -0.171621 3.80883 22 664 51922 51920 1 0 0 2 
2.81676 -5 3.80622 -0.385452 0.305675 -0.138237 3.82654 22 665 49747 49746 1 0.0878512 0.0878512 2 
-0.1968 -4.93704 5 -0.323148 0.17421 -0.355452 3.8539 22 666 21177 21176 1 0 0 1 
0.272739 -4.39349 5 -0.797082 0.814875 -2.9513 4.12439 22 667 8624 8595 1 0.510439 0.510439 38 
5 -2.7556 3.4623 -0.205075 -0.145783 -0.290555 4.06746 22 668 43627 43606 1 0 0 1 
2.947 -1.94958 5 -0.165513 0.133689 -0.273633 3.92922 22 669 11485 11484 1 0 0 1 
2.26213 -3.59982 5 -0.410458 0.349398 -1.13881 4.39093 22 674 23106 23105 1 0 0 2 
3.61192 -5 0.126784 -0.765544 0.99476 0.117017 3.65776 22 675 52935 52931 1 0 0 1 
-0.0531968 -5 4.3135 -0.341363 0.128534 -0.279786 3.92392 22 676 27325 27322 1 0 0 1 
1.36826 -5 -3.63043 0.036198 0.0632179 -0.235591 3.76982 22 677 23341 22728 1 0 0 1 
-0.773946 -5 -1.65447 -0.362555 0.35996 -0.0101268 4.66024 22 678 21295 21294 1 0 0 1 
-2.13064 3.76105 5 -0.0597513 0.0825752 -0.284662 4.07721 22 679 38197 37934 1 0 0 1 
5 2.24548 -3.81529 -0.238038 0.362358 -0.270471 3.79447 22 680 16680 16672 1 0 0 2 
0.115032 3.39959 5 -0.229536 0.369481 -0.190103 3.78126 22 681 46978 46881 1 0 0 1 
-3.13153 -5 3.87502 -0.339968 0.240911 0.152472 3.64328 22 682 35459 35458 1 0 0 1 
5 -2.40912 -3.39348 -0.174424 0.270252 -0.397064 3.99019 22 683 18757 18754 1 0 0 2 
-2.8738 3.55573 -5 -0.313296 0.260034 0.227974 3.60816 22 685 25756 25729 1 0 0 2 
5 3.52462 1.657 -0.155088 0.419233 -0.247611 3.84094 22 686 13589 13587 1 0.510723 0.510723 22 
-3.22888 2.9344 5 -0.345357 -0.043549 -0.215757 4.16283 22 688 10886 10885 1 0 0 2 
5 -1.83778 -4.954 -0.176692 0.337685 -0.0286771 3.64207 22 692 18387 18281 1 0 0 2 
-1.549 -5 4.84998 -2.71695 1.44132 -1.25051 3.79778 22 694 10544 10440 1 0 0 2 
4.27912 -3.49088 5 -1.13242 1.31832 -1.53755 3.74814 22 700 56777 56756 1 0 0 1 
-2.6195 -5 2.67214 0.346954 0.195182 -0.924042 4.44442 22 703 4925 4924 1 0.596672 0.596672 2 
-0.70918 -5 4.99777 -0.081838 0.150353 -0.0759453 3.72156 22 704 50918 50882 1 0.0693576 0.0693576 2 
4.73649 -5 -0.363734 -0.265305 0.298493 0.244456 3.58884 22 706 29149 29033 1 0.274071 0.274071 2 
-1.15062 -5 -0.603115 0.130625 0.128851 0.0788672 3.82424 22 710 4246 4245 1 0.199152 0.199152 33 
3.46325 -5 -2.12835 -0.312808 0.256677 -0.306336 3.83013 22 711 30028 30027 1 0 0 1 
5 0.429785 -3.99726 -2.45166 2.44456 0.226976 3.65032 22 712 14051 14050 1 1.99325 1.99325 22 
-2.12795 -5 -3.77663 -0.214997 0.150648 0.241433 3.56165 22 715 11456 11330 1 0.255772 0.255772 3 
-2.01602 -5 -4.60814 -0.307113 0.208559 -0.351147 3.88034 22 717 17779 17764 1 0 0 2 
5 -0.567641 1.78742 -0.346041 0.447836 0.235433 3.63232 22 718 19531 19498 1 0 0 3 
2.07353 2.9035 5 -0.622372 0.882378 -0.633576 3.90329 22 719 18404 18370 1 0 0 1 
5 -3.92572 0.77533 -0.207374 0.357559 -0.300446 3.8417 22 720 1732 1701 1 0.34206 0.34206 6 
-2.66325 1.54284 -5 -4.72462 3.28522 1.18523 3.63962 22 721 18902 18835 1 0 0 2 
1.3576 -3.7692 5 -1.76601 0.28937 -1.58276 3.74782 22 722 11420 11358 1 0.0755631 0.0755631 3 
0.979695 -5 0.480667 -0.270098 0.130484 -0.148264 3.86472 22 723 34402 34401 1 0 0 1 
-1.67891 -5 1.7328 -0.470258 0.244403 0.297287 3.64756 22 724 35809 35427 1 0 0 1 
5 -0.344111 -1.20364 -0.220476 0.318151 0.0245337 3.66415 22 725 41735 41673 1 0 0 1 
0.666075 -5 -2.40374 -0.448045 0.228877 -0.101323 3.73272 22 726 34455 34391 1 0.0404599 0.0404599 2 
3.77053 -1.09233 5 -0.27242 0.269571 -0.337992 3.83207 22 727 16833 16832 1 0 0 1 
-5 -0.308375 -3.27944 0.147275 0.677215 -0.8928 3.8219 22 729 7579 7578 1 1.00263 1.00263 32 
-0.984755 -1.0538 5 -0.345854 0.284992 -0.530053 3.83634 22 730 34965 34964 1 0 0 1 
2.41468 1.94375 5 -0.27798 0.307765 -0.298542 3.64337 22 731 26650 26628 1 0.510638 0.510638 23 
-4.42624 3.45232 -5 -0.290974 0.302846 0.234231 3.62772 22 733 50173 50089 1 0 0 1 
5 2.25459 -2.58389 -0.463553 0.870202 -1.07919 4.0954 22 735 6456 6455 1 0 0 1 
-4.24789 -2.37612 5 0.0542131 0.365544 -0.240275 4.0265 22 736 42225 42195 1 0.238396 0.238396 3 
1.68114 2.99159 5 -0.262846 0.280364 -0.226855 3.95321 22 737 14588 14587 1 0 0 1 
3.91875 -4.11619 5 -0.31386 0.291384 -0.27876 3.98658 22 742 31832 31829 1 0.20369 0.20369 2 
3.51068 -5 4.1946 -0.225076 0.336262 -0.249898 3.73723 22 743 30160 30055 1 0.0106563 0.0106563 2 
2.806 -5 -0.0552238 -0.490613 0.366753 0.064946 3.6337 22 748 1087 1 1 0 0 1 
5 -3.97513 -0.625982 -0.164875 0.285722 -0.0977179 3.67299 22 750 13796 13769 1 0 0 2 
0.319981 -5 4.21934 -0.212673 0.221048 -0.363725 3.86558 22 753 25595 25585 1 0 0 1 
-1.70338 3.1291 -5 -0.0691911 0.122651 0.173684 3.60704 22 755 28001 27987 1 0 0 2 
5 1.29144 -3.2006 -0.12244 0.00809368 -0.241886 4.1031 22 757 34487 34486 1 0 0 1 
4.32088 0.0749167 5 -0.301009 0.183083 -0.357731 3.95612 22 758 37776 37773 1 0.180537 0.180537 32 
-1.01106 -5 4.44852 -1.42692 1.43651 -0.645619 3.74772 22 763 48672 48671 1 0 0 2 
-0.254116 -5 4.48795 -0.244403 0.245922 -0.375379 3.84246 22 764 6906 6905 1 0 0 1 
5 -4.17632 -0.938933 -0.883296 0.19711 -0.657345 3.97388 22 766 37643 37466 1 0 0 1 
5 -2.54546 -3.90088 -0.358953 0.265266 -0.24881 3.76837 22 767 34906 34889 1 0 0 1 
5 -1.41595 4.88675 -0.283237 0.300328 -0.325692 3.85051 22 769 46983 46969 1 0 0 1 
5 3.72169 -0.705744 -0.299041 0.943117 -1.44415 4.02876 22 772 6543 6541 1 0 0 1 
5 -0.749409 1.32946 -0.75752 0.437226 0.156205 3.63112 22 773 1350 1347 1 0 0 1 
0.200196 -1.13359 -5 -0.334766 0.129973 0.40268 3.61813 22 775 42098 42097 1 0 0 1 
5 -4.11514 1.88571 -0.0544492 0.304058 -0.407067 3.8298 22 779 22464 22430 1 0 0 1 
-2.63257 -1.5533 5 -2.192 1.15419 -2.3521 3.89749 22 780 10744 10672 1 0 0 2 
5 -4.31049 -4.14207 -0.212667 0.14401 0.0344393 3.59286 22 782 1004 1 1 0.258791 0.258791 22 
5 -2.28592 -0.297568 -0.273579 0.371576 0.088278 3.65132 22 785 44742 44633 1 0.576807 0.576807 37 
1.7957 -0.725761 5 -0.163847 0.112061 -0.233875 4.13586 22 786 32022 32021 1 0.306245 0.306245 32 
5 -0.84105 0.824564 -0.260924 0.34799 -0.268219 3.77188 22 787 17455 17414 1 0 0 2 
3.84529 -1.0149 5 -0.306552 -0.0499724 -0.277653 3.85599 22 791 7816 7792 1 0.163222 0.163222 28 
5 0.804945 1.0328 -0.355248 0.363019 -0.0559978 3.72963 22 797 6291 6290 1 0 0 2 
5 -4.64186 -2.7395 -0.752246 0.652929 0.169882 3.65185 22 800 29613 29434 1 0 0 1 
5 -4.09238 3.43778 -0.430337 -0.0660228 -0.267798 4.0905 22 802 47356 47355 1 0.360553 0.360553 13 
-1.06843 -5 3.5374 -0.237566 0.230732 -0.38916 3.93664 22 805 24998 24964 1 0 0 2 
-0.623496 -1.35187 -5 -0.174251 0.122582 0.469099 3.56995 22 806 18886 1 1 0 0 1 
0.925377 0.343681 5 -0.491412 0.31005 -0.29728 3.77912 22 807 28014 27958 1 0.229961 0.229961 3 
5 -3.0045 4.80959 -0.173536 0.0624609 -0.476554 4.25826 22 808 37809 37808 1 0 0 1 
0.775673 -5 4.36645 -0.476774 0.143075 -0.155541 3.71077 22 809 8778 8736 1 0 0 2 
5 0.938082 3.31125 -0.247918 0.389693 -0.218624 3.82662 22 815 27512 27511 1 0 0 2 
5 3.39488 -4.23426 -0.146253 0.426321 0.0394074 3.61132 22 816 29101 28907 1 0 0 3 
5 0.355661 3.24222 -0.273996 0.382162 0.307835 3.62824 22 818 26481 26383 1 0 0 1 
5 4.44784 -1.17948 -0.19323 0.238402 -0.0172072 3.91438 22 819 45251 45213 1 0 0 2 
5 -2.87572 -2.58643 -0.260271 0.411853 0.201212 3.61939 22 820 45339 45150 1 0 0 1 
-4.26914 -5 -0.669317 -0.433767 0.368465 0.184188 3.63359 22 821 42933 42329 1 0 0 1 
2.23063 -5 0.122005 -0.45975 0.219362 -0.0403801 3.68741 22 822 40359 40357 1 0 0 1 
4.39699 -0.448794 -5 -0.658032 0.936627 0.509701 3.60291 22 825 20710 20709 1 0 0 2 
0.50144 -0.346812 5 -0.290642 0.184877 -0.340329 3.75189 22 827 9401 9305 1 0.350655 0.350655 30 
-3.40194 -5 0.111699 -1.52105 1.52712 -0.185982 3.75049 22 828 18987 18929 1 0.66072 0.66072 3 
5 4.22253 4.19898 -0.360937 0.566335 -0.413257 3.71818 22 829 14057 14020 1 0 0 1 
2.13725 2.14112 5 -0.949797 1.55631 -2.57339 3.97216 22 830 12816 12719 1 0.0299687 0.0299687 3 
-1.24394 -5 3.31238 -0.431632 0.258609 0.350087 3.61416 22 831 31165 1 1 0 0 1 
5 1.91498 -3.12908 -0.0412205 0.186258 -0.0516975 3.71637 22 832 55096 55095 1 0 0 1 
3.90341 -5 0.823047 -0.0633499 0.111475 -0.437998 3.87962 22 836 24818 24817 1 0 0 2 
-2.4412 -3.25465 5 -0.757109 0.662504 -1.00745 3.86419 22 837 24769 24734 1 0 0 1 
5 -4.38986 0.670967 -0.243069 0.0304105 -0.448456 3.80114 22 838 11767 11742 1 0 0 1 
-4.1121 -2.96581 5 -0.533512 0.235325 -0.628581 3.84369 22 840 43263 43262 1 0 0 2 
5 -1.10904 2.63128 -2.54435 1.82129 -2.12678 3.70692 22 843 39700 39690 1 0 0 1 
-0.713944 -5 -0.990116 -0.416568 0.190253 -0.226704 3.80319 22 844 30595 30594 1 0 0 1 
5 1.50883 -4.63472 -0.211442 0.248488 -0.2232 3.80445 22 850 9608 9607 1 0.311272 0.311272 3 
5 3.49059 1.14551 -0.342045 -0.153418 -0.416717 4.47206 22 855 36075 36074 1 0 0 1 
1.91826 -5 2.74293 -0.452705 0.426112 0.645193 3.59123 22 857 21588 21572 1 0 0 4 
5 2.8982 4.73618 -0.271603 0.158688 -0.377206 3.90449 22 858 14667 14666 1 0.264657 0.264657 4 
0.368802 -5 -1.56165 -0.277016 0.185399 -0.322836 3.88256 22 859 27964 27922 1 0 0 1 
2.44661 -5 -3.21604 -0.127723 0.177812 0.00821985 3.66736 22 860 29375 29361 1 0.218756 0.218756 21 
4.86354 3.83032 5 -0.188132 0.497907 -2.36446 4.3893 22 862 11658 11612 1 0.242104 0.242104 26 
3.445 -5 -1.67192 -1.09942 1.3764 0.828266 3.63049 22 867 24401 24400 1 0 0 3 
-2.60379 -5 -3.50983 -0.175453 0.23479 -0.273853 4.015 22 868 56516 56383 1 0 0 1 
-1.52597 2.6244 5 -0.238 0.314293 -0.833582 4.21752 22 872 17896 17799 1 0 0 1 
4.86068 -5 1.96625 -0.104727 0.169074 0.137222 3.60337 22 874 4713 1 1 0 0 3 
5 0.364812 1.94654 -0.13535 0.333343 -0.0613227 3.96187 22 875 39171 39142 1 0 0 1 
0.529477 -5 3.99698 -0.180034 0.216635 -0.426353 3.90758 22 876 33263 33262 1 0 0 1 
0.374401 -4.25015 5 -0.414103 0.183402 -0.963056 3.79105 22 877 42488 42460 1 0 0 2 
5 -4.01362 -2.01797 -0.408204 0.171247 -0.00887178 3.67894 22 878 51335 51309 1 0 0 2 
1.14835 -0.475594 5 -1.681 4.54219 -3.99039 3.71979 22 880 52627 52556 1 0 0 2 
4.16157 -5 1.33515 -0.473371 0.780882 -0.10538 3.7021 22 882 60229 60182 1 0 0 1 
5 -0.0834978 2.2442 -0.269848 0.332507 -0.111757 3.72172 22 883 24007 23798 1 0 0 1 
3.50326 -4.78493 5 -0.0822214 -0.0361585 -0.362488 4.00452 22 886 34421 34379 1 0 0 1 
-3.89179 -5 2.75864 0.249865 0.406929 0.181923 3.87396 22 888 53453 53451 1 0.253511 0.253511 24 
5 -4.93656 4.36038 -0.327176 -0.0025474 -0.190892 3.70492 22 891 27286 27200 1 0 0 1 
5 -3.39733 0.517167 -0.237287 0.407807 -0.489561 3.90585 22 892 24290 24168 1 0 0 1 
1.97263 4.89315 5 -0.190645 0.0940555 -0.272209 3.89954 22 893 19813 19631 1 0 0 1 
-1.98161 3.84868 5 -0.0222986 -0.0302091 -0.193104 3.97004 22 896 11174 10973 1 0 0 1 
-1.34268 4.57469 5 -0.335922 0.251244 -0.29181 3.85637 22 897 25188 25187 1 0 0 1 
-2.18238 -4.63326 5 -0.184334 0.187749 -0.337921 4.08544 22 901 2742 2741 1 0.26492 0.26492 3 
-1.55691 3.91307 5 -0.0194654 0.203113 -0.294203 3.82243 22 906 12838 12801 1 0.295467 0.295467 19 
3.3153 -5 -0.163192 -0.178901 0.373368 0.0613911 3.68235 22 907 37177 37176 1 0 0 2 
5 -1.92859 3.85929 -0.466084 1.02888 0.211112 3.64237 22 908 32640 32614 1 0 0 1 
0.16576 3.65188 5 -0.0347851 -0.100401 -0.319756 3.95739 22 912 18172 18131 1 0 0 1 
5 3.83338 3.79725 -0.204613 0.24003 -0.402043 3.90591 22 917 7634 7614 1 0 0 1 
3.53729 -5 1.16756 -0.336713 0.301271 -0.238705 3.78518 22 919 17690 17689 1 0 0 1 
1.43005 -5 1.36894 -0.475148 0.47331 0.300107 3.6064 22 921 49732 49338 1 0 0 1 
1.41343 -5 -1.04709 -0.248421 0.0938519 -0.448884 4.11264 22 923 56714 56713 1 0 0 2 
5 1.95326 -3.50928 -0.314023 0.225824 -0.333935 3.76011 22 924 15972 15948 1 0 0 1 
4.76199 -5 3.2466 -0.361938 0.105618 -0.0745428 3.80643 22 929 41449 41409 1 0.383923 0.383923 27 
5 -3.72587 1.95352 -2.09467 1.75636 -3.55355 3.88641 22 930 26742 26741 1 3.16747 3.16747 57 
1.856 -4.01154 5 -0.281646 0.220616 -1.0443 4.12939 22 933 27979 27936 1 0 0 1 
1.23908 -5 0.0831135 -0.168208 0.128164 -0.25876 3.72281 22 935 22371 22355 1 0 0 2 
-4.92086 2.64718 -5 -1.23836 1.15258 0.361491 3.64895 22 936 39563 39536 1 0 0 2 
1.32147 -5 -4.10252 -0.149374 0.119609 -0.304121 3.91278 22 938 25539 25538 1 0 0 2 
0.833744 -5 4.642 -0.326584 0.130019 -0.366904 3.89657 22 939 35155 35154 1 0.228172 0.228172 2 
-1.26374 -5 3.54949 -0.214407 0.463206 -0.0242847 3.67445 22 941 17568 17567 1 0 0 3 
-0.921511 -5 4.68154 0.0719501 0.369602 -0.342776 3.79689 22 942 31437 31294 1 0.293263 0.293263 2 
-2.24891 -0.817856 5 -0.302255 0.280841 -0.30148 3.97368 22 944 53255 53231 1 0 0 1 
-1.95946 5 -3.36147 -0.113167 -0.138006 -0.102961 4.121 22 947 35552 35548 1 0 0 1 
5 2.40896 4.76565 -0.0882383 0.409608 0.127023 3.65112 22 949 34439 34438 1 0.162005 0.162005 29 
-1.0705 -1.19852 -5 0.0130645 0.413102 0.41089 3.64294 22 950 28249 28191 1 0.283106 0.283106 4 
3.34192 -0.977734 -5 0.0414312 -0.0134349 0.170857 4.12199 22 951 11766 11765 1 0 0 1 
-4.11125 3.86451 5 -1.04689 0.737389 -2.64108 4.07575 22 952 21672 21603 1 0 0 1 
3.93447 -5 1.89151 -0.33324 0.348578 -0.16901 3.67066 22 953 40014 39986 1 0 0 1 
5 -2.69572 -1.23184 -0.430585 0.286011 0.248898 3.62466 22 955 33082 33077 1 0 0 1 
3.66474 -1.0188 5 -2.57063 2.88039 -1.06764 3.73907 22 956 45881 45784 1 0 0 2 
5 -1.97518 2.6025 -0.871103 0.608677 -0.635851 3.84825 22 957 14214 14132 1 0.682067 0.682067 5 
2.12498 0.0762624 5 0.02904 0.307695 -0.105743 3.90833 22 958 23765 23734 1 0 0 1 
5 -2.91546 -2.55172 -0.240146 0.300135 -0.336703 3.79601 22 964 10257 10227 1 1.05355 1.05355 3 
5 -3.11544 -4.46368 -0.367429 0.282471 -0.215234 3.72187 22 965 19496 19494 1 0 0 2 
-2.67913 -5 4.24471 -0.414348 0.217218 -0.205553 3.78863 22 966 6089 6077 1 0 0 2 
3.53884 -3.1063 5 -0.223779 0.190878 -0.417862 3.96275 22 967 31990 31933 1 0 0 3 
4.18379 -5 1.76119 -0.255524 0.195125 0.10794 3.63745 22 969 33389 33388 1 0 0 1 
-3.73963 -2.1708 5 -0.663288 0.959144 -0.158025 3.68484 22 970 52403 52352 1 0.187515 0.187515 2 
5 3.21331 1.49076 -0.14065 0.173973 -0.459425 4.10806 22 971 15856 15855 1 0.510729 0.510729 16 
5 -4.09915 -1.61607 -0.156075 -0.0605275 -0.0184908 3.83683 22 972 11630 10871 1 0 0 1 
5 3.6981 4.68608 -0.137128 0.199852 -0.124626 3.81202 22 973 14924 14762 1 0.324082 0.324082 25 
2.16858 -1.08226 5 -0.417326 0.250088 -0.192575 3.67659 22 974 11613 11455 1 0 0 2 
4.11181 -5 3.5693 -0.302095 0.387908 -0.139235 3.70968 22 976 35260 35259 1 0.510493 0.510493 33 
5 1.15868 0.836156 -0.237543 0.170211 0.137049 4.08236 22 978 28570 28569 1 0.0587771 0.0587771 2 
-1.67314 -5 0.161054 -0.539905 0.122546 0.0869111 3.76302 22 980 28423 28422 1 0 0 3 
-4.40876 -4.7826 5 -0.245954 -0.0501745 -0.282938 3.79036 22 982 21789 21756 1 0 0 1 
5 -4.55951 1.91025 -0.177077 0.305957 -0.199308 3.74108 22 984 7331 7330 1 0 0 2 
-3.98858 -5 4.56963 -0.314142 0.237055 -0.306468 4.10773 22 989 8617 8616 1 0 0 1 
5 -3.94617 -1.56337 -0.563695 0.393812 -0.851004 3.87685 22 990 42567 42566 1 0 0 1 
4.3298 -4.65943 5 -0.14259 0.401747 -0.566648 3.80951 22 992 29043 28962 1 0 0 2 
-0.257274 2.71745 -5 -0.189504 -0.0199064 0.341428 3.62063 22 993 36609 36556 1 0 0 2 
-0.928083 1.54993 5 -0.214001 0.260641 -0.254934 3.81085 22 995 11489 11487 1 0 0 2 
1.50862 -5 -0.0859906 -0.150749 0.167366 -0.458675 3.95717 22 996 25805 25804 1 0 0 2 
5 2.22922 -0.987053 -0.201474 0.119909 -0.255055 3.67462 22 998 4443 4442 1 0 0 3 
5 -3.83174 3.63358 -0.15153 0.0946045 -0.19147 3.85907 22 999 1988 1987 1 0.26161 0.26161 21 
5 2.31732 3.61895 -0.193561 0.422785 -0.169378 3.75771 22 1000 29457 29413 1 0 0 1 
