# Det2_4_13
#x y z Px Py Pz t PDGid EventID TrackID ParentID Weight Edep VisibleEdep Ntracks
5 1.12357 4.65139 -0.534498 -0.0359693 0.260747 3.83997 22 1 1860 1859 1 8.01693 8.01693 71 
4.18969 -2.1258 -5 -1.4928 -2.10311 3.98901 3.7743 22 2 1810 1407 1 0 0 8 
5 -1.43306 -0.331183 -4.39131 -1.24943 3.21751 3.87593 22 3 2403 2339 1 0 0 10 
5 3.45086 3.35315 -0.511808 -0.0692276 -0.128266 3.9608 22 4 17941 17940 1 0 0 3 
-0.31636 -3.19599 -5 -0.320331 -0.112756 0.396616 3.78824 22 5 9040 8945 1 0 0 8 
5 -4.56509 2.04884 -0.323419 -0.372178 0.0905632 3.88934 22 6 24531 24450 1 0 0 2 
5 -0.630855 2.92078 -0.88181 -0.954785 1.13193 3.82872 22 7 37634 37502 1 0.229108 0.229108 28 
-2.28186 0.566391 5 -0.157078 -0.147699 -0.182274 4.0652 22 8 24165 24163 1 0 0 3 
5 4.40622 4.93134 -1.92281 -0.347207 0.169175 3.83296 22 9 6078 6018 1 0.657074 0.657074 82 
5 4.58975 3.20397 -0.208243 0.107021 0.308247 3.84454 22 10 12295 12294 1 0 0 1 
4.70041 5 -1.68894 0.41365 -0.172173 0.245703 3.83506 22 11 44998 44996 1 0 0 4 
5 2.95715 -0.968007 -0.0904233 -0.105107 0.0255997 3.93583 22 12 6098 6072 1 0.140631 0.140631 21 
5 1.08041 -2.15143 -0.265221 -0.0869749 -0.428034 4.13066 22 13 22066 22065 1 0 0 1 
-0.1411 -2.73999 -5 -0.225047 -0.0867602 0.297104 3.83411 22 14 15890 15710 1 0 0 4 
-3.95146 1.70228 -5 -0.64409 0.064005 0.587812 3.80137 22 15 6971 6902 1 0 0 6 
-1.92307 5 -3.24464 -1.10161 -0.844341 1.3436 3.80332 22 16 15275 15247 1 0.0339974 0.0339974 6 
5 -3.24918 4.45998 -0.569232 -0.111573 1.02641 3.80495 22 17 4173 4172 1 0 0 6 
5 -1.65547 4.70468 -0.219808 -0.00726614 0.314436 3.87987 22 18 18510 18508 1 0.260896 0.260896 6 
4.09984 -3.30996 -5 -0.273924 -0.579457 0.554955 3.78866 22 19 5935 5760 1 0 0 4 
-5 -2.49247 0.358951 0.154351 -0.182156 -0.140749 3.92571 22 20 4289 4286 1 0.539895 0.539895 5 
5 -3.8584 -4.98101 -0.503366 -0.204552 -0.423133 4.12709 22 21 1192 1191 1 0 0 2 
5 -1.30657 4.90139 -6.38208 -5.80999 -2.23869 3.82354 -11 22 1382 1381 1 3.87187 3.87187 8 
-0.330249 1.45204 -5 0.0903981 0.290009 0.410905 3.83871 22 23 17976 17973 1 0 0 1 
3.61598 5 4.14706 -4.33405 -1.9587 3.57138 3.82424 22 24 2983 2809 1 2.62463 2.62463 31 
5 3.5048 -2.64929 -6.82374 1.66232 1.68873 3.79963 11 25 4725 4464 1 16.1329 16.1329 175 
0.562046 5 -3.44864 -0.0628559 -0.247088 -0.116305 4.10798 22 26 12094 12093 1 0.128185 0.128185 4 
3.79458 0.215202 -5 -0.314517 -0.0262446 0.401883 3.81296 22 27 4493 4463 1 0.702713 0.702713 23 
4.76373 5 -0.889474 -0.743689 -0.383897 0.740808 3.84301 22 28 25008 24956 1 2.65418 2.65418 26 
5 0.43567 -3.01577 -0.34465 0.0949815 0.118714 3.79666 22 29 3113 3007 1 0.156536 0.156536 8 
4.68182 3.53189 -5 -0.366681 0.0909831 0.59182 3.77894 22 30 5254 5133 1 0 0 11 
5 4.42952 -2.82893 -0.773855 -0.448568 0.679459 3.79168 22 31 39454 39253 1 9.88481 9.88481 55 
2.54426 4.31896 -5 -7.83291 -3.47233 20.4819 3.76799 22 32 1712 1040 1 2.39885 2.39885 9 
5 -0.0940679 2.84987 -1.21259 -0.597535 3.21368 3.79815 22 33 1839 1 1 0.256145 0.256145 46 
5 2.95661 -1.98799 -2.07835 -0.557385 -0.0360005 3.8786 22 34 8203 8202 1 0.708688 0.708688 4 
1.94115 4.0848 -5 -0.188403 -0.0212102 0.140943 3.94184 22 35 10087 10070 1 0.88233 0.88233 65 
-2.42973 -1.1564 -5 -2.41318 -0.723082 5.48155 3.77633 22 36 3611 3432 1 2.39233 2.39233 83 
5 -4.66163 0.827892 -0.1846 0.100674 0.0378521 3.81099 22 37 2534 2533 1 0.797272 0.797272 56 
5 -4.13186 -1.50439 -0.335772 -0.00955598 0.0173301 3.83454 22 38 33792 33697 1 0 0 1 
5 1.97387 -0.333353 -0.167571 -0.144731 -0.460536 4.02465 22 39 18849 18820 1 0.272067 0.272067 27 
5 -1.83277 4.49536 -0.154607 -0.481178 -0.0753946 3.87161 22 40 2345 2341 1 11.4639 11.4639 145 
4.81808 4.46608 5 0.0930878 0.0605758 -0.498784 3.87068 22 41 7859 7858 1 0 0 3 
2.05197 -0.914799 5 -0.522414 -0.387643 -0.361569 3.87921 22 42 3569 3474 1 0 0 3 
5 -3.59927 1.21262 -0.287478 0.0201942 0.0257447 3.9115 22 43 14658 14657 1 0.149544 0.149544 2 
0.285214 -3.11854 -5 -0.323206 -0.228841 1.01382 3.76985 22 44 21295 21093 1 0 0 2 
3.22828 5 -2.6404 -0.526934 -0.10904 0.633405 3.79664 22 45 4648 4591 1 4.91034 4.91034 9 
-0.182671 -2.47873 5 -0.204728 -0.158983 -0.440376 3.96194 22 46 42159 42157 1 0 0 2 
3.60807 -5 -1.49174 -0.0764583 0.364383 -0.00561791 3.82395 22 47 4188 4143 1 0.58804 0.58804 58 
0.843622 3.99592 5 -0.995546 -0.0150477 -1.74876 4.10798 22 48 14560 14559 1 0.480012 0.480012 10 
5 -3.04716 1.70528 -0.221537 -0.222944 -0.30484 3.95155 22 49 2010 1986 1 0.350212 0.350212 17 
5 -2.25511 2.65186 -0.18999 -0.0373463 0.0813076 3.89586 22 50 1438 1406 1 0.147193 0.147193 32 
5 0.448085 3.03803 -1.28752 -0.242212 0.418755 3.84913 22 51 22286 22163 1 0.158948 0.158948 8 
3.6421 -2.64605 -5 0.0833837 -0.124482 0.567454 3.82944 22 52 2344 2343 1 0.283959 0.283959 42 
5 2.59443 1.55653 -0.526201 -0.530784 -0.376282 3.92716 22 53 15351 15350 1 5.45522 5.45522 43 
5 2.47027 4.32283 -0.341267 -0.123638 -0.107712 3.87716 22 54 16091 16071 1 0.0215461 0.0215461 5 
5 0.372819 4.6879 -0.363101 -0.030165 -0.358284 3.98529 22 55 4682 4643 1 0 0 6 
5 1.58433 -0.669895 -0.0347795 -0.506615 -0.373217 3.97754 11 56 20073 20050 1 0.532075 0.532075 3 
2.79402 0.192264 -5 -0.330969 -0.0930985 0.232178 3.91902 22 57 18636 18634 1 0 0 2 
5 -0.829512 2.56044 -0.444325 0.0625702 0.27317 3.81281 22 58 8659 8423 1 0 0 1 
5 -0.529213 -1.8341 -0.400903 0.0130316 -0.481636 3.86107 11 59 7986 7962 1 0.455068 0.455068 30 
5 1.70142 2.53603 -0.495183 -0.135075 0.0776004 3.84514 22 60 3110 3061 1 1.4438 1.4438 74 
5 -3.53728 -4.69312 -0.233137 0.0109222 -0.0730094 3.87811 22 61 10226 9307 1 0.280812 0.280812 17 
-1.15499 -3.17197 -5 -1.40733 -0.078003 1.54385 3.79925 22 62 18040 17999 1 7.05927 7.05927 35 
5 -3.90208 3.68928 -2.11996 -0.715018 -0.170615 3.90665 22 63 10307 10306 1 0 0 3 
2.07572 -5 -0.684803 0.0472484 0.108055 0.274346 3.82064 22 64 4899 4753 1 0 0 3 
0.653922 0.197328 -5 -0.425601 -0.10773 0.261492 3.83556 22 65 10463 10438 1 0.219578 0.219578 32 
5 4.38873 -4.1196 -0.593272 0.0025373 0.144814 3.83621 22 66 20579 20577 1 1.23718 1.23718 30 
5 2.22658 -0.277847 -0.988122 -0.190525 0.26544 3.82449 22 67 18327 18252 1 0 0 2 
5 -3.21071 -3.82451 -0.361318 -0.0703202 -0.552417 4.14543 22 68 12010 11962 1 0.622263 0.622263 51 
5 -1.85878 -3.2022 -0.217691 -0.150842 -0.139409 3.92221 22 69 35613 35229 1 0 0 1 
5 -0.422795 -4.27828 -0.218112 -0.0668015 -0.294975 3.99173 22 70 21213 21185 1 0.316765 0.316765 26 
5 -1.23407 -3.74524 -0.596104 -0.315489 -0.0471915 3.87436 22 71 6117 6073 1 0 0 1 
2.70493 3.22393 -5 -0.901019 -0.146031 0.980383 3.79187 22 72 8800 8799 1 0.150657 0.150657 5 
2.51814 -5 -2.59316 -0.169218 0.186834 -0.18236 4.03425 22 73 22769 22693 1 0 0 3 
1.18117 -1.00808 -5 -0.148219 -0.126596 0.249641 3.80396 22 74 8502 8441 1 0 0 7 
5 -0.297429 -4.96755 -0.431882 -0.139056 -0.235077 3.94752 22 75 19836 19803 1 0 0 2 
5 3.05976 4.31091 -0.345772 -0.179198 -0.330832 4.00275 22 76 2186 2176 1 0.330519 0.330519 14 
5 -1.8076 -0.785138 -0.227861 -0.192229 0.347857 3.79893 22 77 8089 7956 1 0.0896998 0.0896998 12 
5 -3.94949 1.13584 -0.30393 0.00939669 0.166132 3.8346 22 78 7259 6931 1 0.82075 0.82075 86 
5 3.68232 -4.59247 -0.380745 0.145114 -0.308375 3.83213 22 79 5913 5912 1 3.50003 3.50003 25 
-2.24055 -2.8675 5 -1.92383 0.786359 -2.124 4.02546 22 80 6946 6864 1 0.141543 0.141543 28 
5 3.26322 4.47734 -1.00633 -0.921737 0.460713 3.82165 22 81 2306 2218 1 4.21295 4.21295 137 
5 -3.52362 2.64845 -0.264573 -0.0876464 -0.109307 3.89241 22 82 3505 3504 1 0.452204 0.452204 12 
5 -1.40356 1.15144 -0.413255 -0.174413 -0.0777163 3.90059 22 83 39822 39735 1 0 0 3 
2.76447 -0.259154 -5 -4.14161 -1.35773 2.16567 3.83776 22 84 3673 3672 1 2.28914 2.28914 27 
5 2.61609 -3.35165 -0.336152 0.0510146 -0.446595 4.06576 22 85 1030 1 1 0 0 8 
-0.0177124 -0.441584 -5 -0.371105 -0.119016 0.136013 3.80924 22 86 8415 8318 1 0.193737 0.193737 35 
-0.650339 5 0.0320613 -0.350613 -0.182406 0.0317641 3.86177 22 87 3315 3314 1 0.760903 0.760903 33 
5 -2.88537 -2.08582 -0.226115 0.0283931 -0.132025 3.847 22 88 32211 31809 1 0 0 1 
5 1.65895 4.64338 -0.232392 -0.104884 0.175285 3.82879 22 89 22043 21805 1 0.221266 0.221266 3 
4.73262 5 0.294904 -0.263653 -0.116102 0.422051 3.82352 22 90 5902 5901 1 0.219402 0.219402 11 
5 -0.961084 0.374783 -2.61196 -0.322495 1.08267 3.85372 22 91 13686 13685 1 2.27787 2.27787 66 
5 -2.79432 4.81706 -0.33993 0.0104555 -0.197357 3.92956 22 92 37851 37826 1 0 0 1 
5 4.6313 1.71659 -1.03875 -0.330147 -0.297095 3.86801 22 93 15059 15058 1 0 0 6 
5 1.47151 4.04965 -0.208472 -0.0123092 -0.175297 4.02068 22 94 16297 16294 1 0.272211 0.272211 29 
3.6863 3.85334 5 -0.280518 0.0999678 -0.415254 4.09655 22 95 16428 16427 1 0 0 8 
5 -3.47086 -3.74807 -1.19802 -0.0683598 0.36882 3.82651 22 96 2178 2091 1 2.63956 2.63956 49 
5 1.20278 0.288904 -1.90871 -0.662574 1.99333 3.80682 22 97 10719 10715 1 0 0 11 
5 -3.03862 0.492009 -0.361612 -0.218545 0.287393 3.82239 22 98 2228 2227 1 0.535331 0.535331 26 
-0.529214 -4.05176 -5 0.0466256 0.157708 0.210023 3.81901 22 99 21601 21600 1 1.1299 1.1299 63 
4.86496 1.54626 -5 -0.948488 0.0304727 2.22248 3.77225 22 100 2832 1 1 1.01006 1.01006 37 
5 3.82529 -4.39368 -0.455188 -0.0981834 -1.3028 4.20887 22 101 3497 3449 1 1.85264 1.85264 60 
5 2.62162 0.118285 -9.12003 -4.71517 4.63067 3.83893 22 102 8109 7950 1 0 0 2 
-4.9735 -5 -3.94748 -0.229673 0.168116 -0.213129 4.20778 22 103 7383 7382 1 0.509033 0.509033 30 
3.15701 -1.09188 -5 -0.193826 -0.0483906 0.0567271 3.8047 22 104 2067 1 1 2.65406 2.65406 50 
5 3.19186 1.06917 -0.42074 -0.175684 0.0701942 3.8536 22 105 21202 16486 1 0.630796 0.630796 31 
5 3.05348 -2.19822 -0.296227 -0.141997 0.0938231 3.82793 22 106 14961 12061 1 1.06577 1.06577 66 
4.74332 -1.61937 5 -0.0648682 -0.139982 -0.23954 3.98801 22 107 1331 1273 1 0 0 1 
4.84907 -2.44105 5 -0.223744 -0.219671 -0.115278 3.85055 22 108 3466 3123 1 0 0 8 
5 -4.38083 -4.35517 -0.961456 -0.474525 0.468644 3.81124 22 109 11357 11279 1 0.0950595 0.0950595 3 
3.52377 4.51589 -5 -0.743936 -0.10174 0.395674 3.81781 22 110 4254 4211 1 0.783048 0.783048 33 
5 1.46235 -2.26775 -0.134616 0.0783938 0.29691 3.88121 22 111 2227 2226 1 0 0 4 
-0.283925 4.52233 5 -0.0306933 -0.157759 -0.485067 3.84885 22 112 1092 1081 1 0.699147 0.699147 41 
-5 -2.3093 -2.17891 0.194832 -0.00075299 -0.187792 4.20286 22 113 1004 1003 1 0.539473 0.539473 23 
4.46068 0.676981 5 -0.257878 -0.023219 -0.305813 4.08388 22 114 18369 18368 1 0 0 2 
5 4.1847 3.22389 -0.209546 0.0411748 -0.15993 3.90408 22 115 10973 10802 1 0.0783298 0.0783298 5 
4.71817 1.06012 -5 -0.174312 -0.119166 0.465333 3.80571 22 116 1102 1101 1 0 0 4 
5 3.68604 -0.40542 -0.287138 0.0440606 0.490994 3.78321 22 117 6235 6065 1 1.01869 1.01869 65 
1.9096 3.01693 -5 -6.23017 -1.1669 12.1272 3.77905 22 118 11226 10903 1 0 0 6 
-4.39848 0.305849 5 -0.191406 -0.0206583 -0.495827 4.20551 22 119 13088 13061 1 0 0 4 
5 2.78509 -1.6218 -0.447006 -0.00465879 -0.247555 3.95485 22 120 4953 4949 1 0.48102 0.48102 15 
0.483714 3.81873 -5 -0.356522 -0.209545 0.300172 3.86647 22 121 4425 4424 1 1.1297 1.1297 33 
0.861393 5 -4.97221 -0.17557 -0.289826 -0.256915 4.16041 22 122 2142 2140 1 0.097886 0.097886 4 
3.37735 4.35723 -5 -3.69882 -0.57418 6.08567 3.78734 22 123 12148 12039 1 0 0 1 
5 2.00374 -3.3072 -12.0998 -3.59804 1.47159 7.04102 2112 124 2186 2184 1 2.84226 2.84226 54 
0.87363 5 -1.57817 -0.595847 -0.215282 0.845034 3.79786 22 125 10171 10170 1 0 0 3 
5 4.27184 -3.52455 -0.227334 -0.0321146 -0.000981223 3.86914 22 126 29625 29542 1 0.229167 0.229167 34 
3.00512 -2.24838 5 -0.318311 0.0316543 -0.153881 3.91322 22 127 15748 15747 1 0.578473 0.578473 69 
5 0.106297 -1.13769 -1.11522 3.18218 -1.68156 3.84965 -11 128 9861 9860 1 1.3616 1.3616 19 
-0.091314 4.2676 5 -0.171337 -0.0170031 -0.273574 3.9894 22 129 3586 2870 1 0.361748 0.361748 60 
5 2.76517 4.0645 -0.373294 -0.335 0.0977058 3.86584 22 130 4004 4003 1 0 0 10 
5 3.02008 -1.13189 -0.554507 -0.0221997 0.205297 3.8151 22 131 19745 19580 1 0 0 3 
-4.4824 -4.13617 -5 -1.39479 -0.44334 1.44905 3.7934 22 132 4703 4326 1 0.287266 0.287266 21 
5 3.38244 2.9188 -0.653778 -0.398614 0.856463 3.8095 22 133 4342 1 1 0 0 8 
0.880518 -0.482007 -5 -0.62385 -0.228593 1.74157 3.77105 22 134 16321 16253 1 3.08667 3.08667 39 
1.04707 5 2.60439 -1.20735 -0.572144 -1.02078 3.97012 22 135 12436 12369 1 0 0 3 
2.58858 3.88882 5 -0.124757 -0.0166135 -0.0988805 3.90274 22 136 6863 6862 1 1.69667 1.69667 62 
-4.00198 -3.37753 5 0.0650173 0.071883 -0.183302 4.1293 22 137 13332 13268 1 0.206836 0.206836 35 
5 -3.15086 4.22051 -0.248356 -0.0753408 -0.0388877 3.89124 22 138 19046 18993 1 1.55714 1.55714 22 
-2.17283 -1.1041 -5 -0.376541 -0.287652 0.191294 3.85199 22 139 27235 27234 1 0.300017 0.300017 37 
-0.512112 -0.855852 5 -0.255256 -0.16886 -0.0632551 3.88434 22 140 1667 1 1 0.264181 0.264181 5 
1.90004 3.69869 -5 -0.261724 -0.322554 0.239117 3.9005 22 141 3657 3626 1 0.905837 0.905837 6 
1.13949 5 0.681927 0.030213 -0.103826 -0.194814 3.87628 22 142 3665 3627 1 0.0931876 0.0931876 5 
4.86179 0.373896 -5 -0.321387 -0.136179 1.40965 3.76128 22 143 1001 1 1 0.629233 0.629233 28 
5 -1.18232 -2.44352 -0.207963 -0.256332 -0.0594683 3.82234 22 144 11126 11084 1 0.445699 0.445699 4 
-1.65643 3.35768 -5 -0.682181 -0.188268 0.607408 3.80563 22 145 12217 11960 1 0 0 1 
5 0.213729 -0.646951 -1.39898 -0.979136 1.30211 3.81305 22 146 11184 11133 1 0 0 3 
5 -2.69844 1.20078 -0.401605 0.314302 -0.0323606 3.98512 22 147 4935 4933 1 0 0 6 
0.0840986 3.08958 5 -0.42807 0.0199557 -0.073297 3.97162 22 148 15396 15372 1 0 0 4 
3.01149 0.793556 -5 -0.376761 -0.139205 0.0887643 3.82354 22 149 19277 19064 1 0.753934 0.753934 13 
-1.94002 -1.13302 -5 -0.873989 -0.379089 1.30572 3.80169 22 150 7884 7834 1 0.343755 0.343755 21 
5 3.27963 -2.94185 -0.463262 -0.155131 -0.14981 3.91195 22 151 9791 9788 1 0 0 3 
5 1.75013 -4.9662 -2.74271 -0.199854 -0.814862 3.85489 22 152 24343 24297 1 0 0 3 
5 -4.86051 4.07589 -0.326394 -0.0210354 0.431061 3.81482 22 153 3110 3087 1 0 0 6 
5 2.05847 1.13109 -0.478106 -0.411143 -0.00695264 3.84244 22 154 7727 7513 1 0.223032 0.223032 6 
5 -2.14899 3.09629 -0.322425 -0.114595 0.379513 3.81607 22 155 7198 7197 1 0 0 3 
5 4.51748 2.41396 -0.345084 -0.272963 0.259861 3.8305 22 156 6586 6585 1 1.86344 1.86344 54 
5 -1.16298 -4.63943 -0.197854 0.0121563 0.0846957 3.8365 22 157 24728 24672 1 0.215213 0.215213 31 
5 3.32078 -2.49857 -0.376665 -0.178039 -0.295881 4.14895 22 158 19938 19935 1 0 0 2 
-0.922572 1.27732 -5 -3.5839 -0.334126 10.386 3.76816 22 159 2086 1817 1 3.4551 3.4551 14 
5 -0.0724778 -1.98814 -0.396539 -0.124588 -0.00510939 3.88382 22 160 16519 16431 1 0 0 2 
3.63173 3.03447 -5 -1.18643 -1.0164 1.97797 3.79414 22 161 26186 26185 1 0.181444 0.181444 22 
3.02631 1.15424 5 -0.516099 0.110892 -1.02422 4.11993 22 162 4094 4093 1 0.387551 0.387551 4 
5 1.12746 -3.2562 -0.352751 -0.0484501 0.0237278 3.8044 22 163 9038 8679 1 0.241981 0.241981 12 
4.47864 0.557674 5 -1.05917 -0.241206 -1.49485 3.90006 22 164 4807 4757 1 0 0 5 
5 2.78176 -4.33363 -1.00761 0.122326 0.702445 3.80268 22 165 8206 8121 1 0 0 4 
5 -2.93918 4.03621 -0.388249 -0.162533 0.0441979 3.94694 22 166 17848 17830 1 0.176007 0.176007 23 
2.55007 3.82858 -5 -0.35884 0.129942 0.847582 3.77711 22 167 2204 1960 1 0.510756 0.510756 25 
4.15631 5 4.41713 -0.214198 -0.463886 0.00699294 3.88676 22 168 10493 10463 1 0 0 8 
5 -0.106511 -0.523799 -0.27737 -0.0560806 -0.128653 3.93746 22 169 18342 17815 1 0.254106 0.254106 8 
5 -2.86653 -2.79848 -0.454456 -0.112184 0.6035 3.78918 22 170 1813 1 1 4.75642 4.75642 37 
5 -0.780671 -2.62265 -0.248581 -0.0851518 0.106581 3.826 22 171 7460 7106 1 0 0 6 
-3.76814 -1.21168 5 -0.233453 -0.158423 -0.180659 3.97848 22 172 6245 6244 1 8.11605 8.11605 188 
-4.14682 2.8117 -5 -0.3652 0.0751506 0.779541 3.82576 22 173 1859 1858 1 0 0 2 
5 -2.38071 -3.292 -0.248748 -0.0711345 -0.0582711 3.91552 22 174 5212 5211 1 0.00977327 0.00977327 7 
5 3.58566 -4.77937 -0.371505 -0.127886 -0.326725 3.84393 22 175 23624 23605 1 0 0 2 
5 0.112308 -1.18828 -0.396878 -0.0636926 0.509939 3.79812 22 176 17762 17637 1 0 0 2 
5 4.94244 3.60361 -0.468417 -0.133254 0.826556 3.80186 22 177 6185 6020 1 1.12015 1.12015 15 
5 -2.74664 -1.6327 -3.90608 0.058463 0.284315 3.86426 22 178 27835 27762 1 0 0 2 
2.92349 3.1933 -5 -0.258784 -0.0302556 0.177286 3.79771 22 179 7153 6696 1 2.21145 2.21145 11 
5 2.39375 -3.52994 -0.397097 -0.168659 -0.130656 3.87799 22 180 7918 7917 1 0 0 4 
5 1.50069 4.12124 -0.36402 -0.132798 0.171832 3.87156 22 181 24742 24691 1 0 0 2 
5 2.15825 3.64916 -1.04189 -0.0217732 0.470618 3.85443 22 182 33800 33763 1 0.397341 0.397341 30 
2.63834 -0.841835 -5 -2.43989 -1.14936 2.1806 3.81965 22 183 13475 13446 1 0.19971 0.19971 28 
0.933498 4.39657 -5 -0.264522 -0.0165035 0.46446 3.7777 22 184 2019 1 1 0.0134288 0.0134288 5 
-2.00933 5 2.43088 -0.148937 -0.151255 -0.0399412 4.10718 22 185 1677 1676 1 0.477034 0.477034 38 
5 0.129581 -1.02683 -0.734355 -0.115568 0.375504 3.83156 22 186 16489 16488 1 0 0 1 
1.80254 -5 3.23237 -0.264512 0.203441 -0.0588205 4.01297 22 187 4722 4669 1 0.484225 0.484225 13 
5 -0.875604 -3.48698 -0.136528 -0.257606 -0.0430642 3.94097 22 188 4326 4325 1 2.27851 2.27851 36 
3.88977 5 -4.87574 -0.204171 -0.449518 -0.131786 3.92006 22 189 9185 9158 1 0.143093 0.143093 6 
5 -0.0558872 1.17861 -4.93285 -1.44285 2.7001 3.83915 22 190 31801 31747 1 0 0 3 
5 -2.7959 0.764709 -0.327949 -0.0174113 0.0880796 3.85063 22 191 25835 25807 1 7.11345 7.11345 32 
-0.884629 -1.43269 -5 -0.363282 0.204243 0.286597 3.87707 22 192 4444 4441 1 1.67747 1.67747 105 
5 -4.46505 -4.11687 -0.533922 -0.129932 -0.0373476 3.85703 22 193 1071 1 1 2.22649 2.22649 37 
0.188251 4.1689 5 -0.126808 -0.0383456 -0.337664 3.98303 22 194 2636 2603 1 0 0 6 
3.20263 -1.80192 -5 -0.525344 -0.144611 0.290147 3.82614 22 195 1223 1 1 0 0 1 
5 1.90754 -3.38042 -0.106646 -0.186766 0.090483 3.99806 22 196 6956 6850 1 0 0 2 
-3.01276 -5 -4.09045 -0.605773 0.287372 -0.0816818 3.85565 22 197 39467 39375 1 0 0 2 
-1.67756 2.77792 -5 -1.24116 -0.744111 0.376369 3.85438 22 198 10307 10257 1 0.47431 0.47431 59 
-1.9272 -1.77295 -5 -0.873113 -0.0203737 1.32962 3.78631 22 199 2120 2082 1 0 0 6 
5 1.04859 4.82263 -0.20837 -0.0304655 0.139532 3.86904 22 200 12806 12402 1 0 0 2 
5 3.44961 3.25533 -0.386537 0.105091 0.123228 3.87242 22 201 8772 8771 1 0.33148 0.33148 10 
4.17407 5 1.47668 -0.255327 -0.442556 0.00851035 3.83575 22 202 5679 5643 1 0.302669 0.302669 33 
3.55566 5 1.15977 -0.483328 -0.440694 0.243143 3.81056 22 203 3152 3086 1 1.02336 1.02336 91 
5 -3.00446 -3.38262 -0.355932 -0.0176732 -0.118951 3.98616 22 204 20250 20249 1 0.642022 0.642022 16 
5 -3.87776 -2.67598 -0.306855 -0.00876316 -0.138705 3.8059 22 205 7327 7290 1 0.307941 0.307941 23 
1.73775 -3.01208 5 -0.658296 -0.191136 -0.53722 4.01444 22 206 10073 10072 1 0.505836 0.505836 3 
-1.46292 5 -2.8957 -0.375472 -0.0544744 0.516404 3.78672 22 207 14559 13352 1 0 0 3 
-2.1745 2.17917 -5 -1.04494 -0.250099 0.252799 3.85063 22 208 8468 8423 1 0 0 1 
-0.691906 2.55263 -5 -3.46523 -0.0182967 7.28992 3.774 22 209 7117 7116 1 0.575561 0.575561 7 
5 -2.13174 3.1433 -0.389053 -0.092832 0.0560231 3.94034 22 210 3709 3570 1 0.543257 0.543257 24 
5 -2.33063 1.26195 -0.222224 -0.141404 0.418561 3.81207 22 211 7139 7079 1 0 0 3 
5 -1.59734 3.15915 -0.432034 -0.232091 0.248079 3.83173 22 212 13580 12493 1 0.308514 0.308514 14 
5 4.04256 -0.105887 -14.4366 -5.54381 50.4274 3.78175 22 213 1770 1337 1 0.0708259 0.0708259 5 
5 2.09954 -4.10242 -0.252107 -0.432181 0.103834 3.81652 22 214 5748 5747 1 0 0 5 
5 3.82255 -3.99823 -0.497711 -0.173984 0.0706394 3.80393 22 216 16893 16572 1 1.79922 1.79922 71 
5 0.142811 1.49577 -7.05026 -2.07332 4.94892 3.81019 22 219 5488 5470 1 5.22715 5.22715 53 
5 1.79262 -0.659535 -0.428354 -0.00183621 0.430823 3.79918 22 220 5231 5092 1 0.60709 0.60709 27 
5 3.83698 -4.82192 -0.249433 -0.122303 -0.252454 3.85525 22 221 12260 10199 1 0 0 2 
4.55097 5 -3.47587 -0.560884 -0.125794 -0.0178306 3.87772 22 222 4325 4296 1 0.778121 0.778121 24 
-5 0.60898 -3.41304 0.316552 0.452008 0.403169 4.11475 22 223 5878 5874 1 0 0 5 
2.52327 4.84616 -5 -0.035589 -0.014687 0.248549 3.78074 22 224 5999 5831 1 0 0 5 
4.6871 5 -1.00431 -0.144553 -0.147966 -0.12319 3.98349 22 225 20606 20605 1 0.11632 0.11632 2 
-0.291388 5 -0.414701 -0.0934771 -0.171389 0.367492 3.8043 22 226 38695 38585 1 0 0 3 
5 1.63098 3.23162 -0.29505 -0.0935292 -0.406593 4.00424 22 228 20019 19963 1 0 0 2 
0.695028 -1.63037 5 -0.426593 0.00770662 -0.150542 3.95058 22 229 2767 2766 1 0.27844 0.27844 39 
4.0441 5 -2.23983 -1.05073 -0.061703 0.231233 3.79919 22 230 3272 3186 1 0 0 7 
5 -3.56506 -3.63438 -1.4966 0.296752 1.15913 3.81402 22 231 6075 6051 1 1.13569 1.13569 25 
-2.05419 -2.33047 -5 -0.722308 -0.360606 1.36835 3.77745 22 232 1411 1 1 0.440341 0.440341 28 
3.4374 5 2.66654 -0.217268 -0.31191 0.0331594 4.30372 22 233 28945 28860 1 0.462692 0.462692 22 
5 -2.06467 -0.283002 -1.96768 -1.11672 1.89366 3.84273 22 234 1263 1 1 0.232023 0.232023 15 
4.78114 -1.86249 -5 -0.0784494 -0.178606 0.133445 3.81267 22 236 13453 13367 1 1.09188 1.09188 45 
5 4.99517 -4.28631 -0.375173 -0.272482 -0.214753 3.95605 22 237 3723 3712 1 0.54976 0.54976 50 
0.00449097 2.07189 -5 -0.228438 -0.0493961 0.258602 3.78762 22 238 10189 10164 1 0.348218 0.348218 21 
5 -4.58733 -3.75358 -0.413804 -0.20018 -0.22319 3.96013 22 239 2148 2108 1 0.206154 0.206154 19 
5 -0.154665 -1.09209 -0.317255 -0.203975 0.339141 3.80712 22 240 7994 7608 1 0.437649 0.437649 14 
4.34148 -1.27689 5 -0.269355 -0.205861 -0.201877 3.89474 22 241 18738 18668 1 0.587322 0.587322 14 
5 0.951318 1.14742 -0.548334 -0.247289 0.922364 3.79511 22 242 8059 7956 1 0 0 3 
-5 0.317863 4.73511 0.499907 0.0315095 0.101093 3.88399 22 243 17312 17271 1 0 0 7 
5 0.956147 2.10505 -0.488224 0.150309 -0.012813 3.85047 22 244 1408 1380 1 1.02111 1.02111 73 
-1.97554 4.55508 -5 -0.151433 -0.0376889 0.176661 3.78044 22 245 1048 1 1 0 0 6 
5 -1.16053 -2.14886 -0.436421 -0.226228 0.139561 3.86413 22 246 9821 9820 1 0.0930512 0.0930512 8 
-3.08239 2.11148 -5 -0.0755463 0.198877 0.249177 3.80221 22 247 4865 4830 1 2.87101 2.87101 24 
5 -3.28412 4.9866 -0.0813126 0.263364 0.0551958 4.28159 22 248 11165 11164 1 0.723482 0.723482 17 
5 4.415 2.64117 -1.02898 -0.517839 1.15761 3.82148 22 249 4449 4448 1 0.0629525 0.0629525 7 
5 -2.47813 -2.32985 -0.310875 0.0253298 0.0470377 3.85585 22 250 3313 1 1 1.16672 1.16672 68 
-3.10438 5 -0.910828 -0.465176 -0.207239 0.0422287 3.90741 22 251 11691 11690 1 0 0 4 
5 -2.16042 1.31924 -0.463294 -0.187997 -0.105525 3.8457 22 252 4666 4665 1 1.41954 1.41954 84 
5 4.70811 1.75687 -0.409484 0.191771 0.238047 3.87833 22 253 9444 9440 1 0.347171 0.347171 20 
-4.42136 0.381049 5 -0.0874974 0.0859047 -0.143509 4.07682 22 254 9932 9903 1 0 0 5 
5 4.16218 1.29944 -0.115421 -0.123249 -0.253335 3.86659 22 255 15721 15720 1 0.304185 0.304185 22 
5 -4.73883 -4.2255 -0.383185 -0.211516 -0.263724 3.8875 22 256 4098 4096 1 0.407627 0.407627 61 
5 -4.32316 -2.93768 -1.62699 -0.332464 0.622381 3.8881 11 257 44215 43666 1 0.826338 0.826338 5 
2.23283 5 -4.49387 -0.328866 -0.130069 0.381509 3.78734 22 258 10531 6404 1 0.831544 0.831544 17 
-1.2847 0.948245 -5 -0.0383206 -0.772029 0.44663 3.79066 22 259 13563 13459 1 0.199643 0.199643 14 
0.108805 -4.37509 5 -1.32609 -0.455062 -1.64361 4.0772 22 260 19765 19736 1 0 0 1 
3.31157 5 2.07174 -0.271063 -0.361023 0.0241451 3.90161 22 261 21047 21000 1 0.314208 0.314208 10 
5 -2.21048 1.9343 -0.167598 0.073126 0.105098 3.83434 22 262 6798 5976 1 0.529908 0.529908 20 
-0.341445 5 -4.23223 -0.17669 -0.180913 -0.208366 3.94257 22 263 1391 1 1 0 0 2 
5 3.089 1.31156 -0.313727 -0.141573 -0.377694 4.10712 22 264 31006 31005 1 0 0 1 
1.53399 5 -3.1715 -0.223051 -0.300497 -0.215115 3.8001 22 265 6689 6529 1 1.2258 1.2258 4 
3.09286 -2.15053 -5 -1.9293 -1.17965 3.96935 3.77847 22 266 10855 10599 1 0.281001 0.281001 28 
5 4.49426 -4.63844 -0.26794 -0.0635213 0.538727 3.77529 22 267 11797 11630 1 0 0 6 
5 2.59315 1.20921 -0.311004 -0.270073 -0.0883251 3.93969 22 268 12822 12718 1 0.749005 0.749005 55 
1.41401 -2.11519 5 -0.0428609 -0.0909246 -0.2742 4.27906 22 270 11845 11844 1 0.299272 0.299272 30 
5 -3.69475 -3.02414 -0.109154 0.0756374 0.493441 3.82049 22 271 6957 6956 1 0.00433984 0.00433984 12 
3.0083 5 -2.42002 0.0177241 -0.335978 0.0406508 3.81447 22 272 5775 5590 1 0.073752 0.073752 8 
3.54513 -4.23449 -5 -0.434857 -0.265661 0.0379969 3.80413 22 273 2747 2717 1 6.56792 6.56792 57 
2.00009 -2.3797 5 -1.10591 -0.442155 -2.46312 5.20764 22 274 21341 21309 1 0 0 5 
5 -4.45176 -1.16481 -0.213922 -0.264257 0.110124 3.8938 22 275 11815 11793 1 0 0 2 
0.21736 0.0991136 -5 -0.331743 -0.169942 0.201101 3.82306 22 276 8169 8136 1 0.798486 0.798486 43 
0.109819 -1.6318 5 -0.269532 -0.1413 -0.410496 4.31576 22 277 2819 2817 1 0 0 4 
4.75904 -4.76758 -5 -0.327123 0.199007 0.761385 3.79384 22 278 5892 5773 1 0 0 3 
5 -0.206273 -0.0895157 -0.446786 -0.066005 0.380412 3.79842 22 279 3499 3498 1 2.04783 2.04783 77 
-3.57995 3.47398 -5 -0.227939 0.0601778 0.0990561 3.8235 22 280 3172 3080 1 6.99337 6.99337 43 
5 3.45442 -1.4119 -0.338454 -0.23333 0.157155 3.81086 22 281 12825 12805 1 0.284257 0.284257 20 
5 3.37617 3.94323 -0.369459 -0.0566494 0.129072 3.85564 22 282 10760 10738 1 0 0 6 
5 -1.22144 3.41233 -0.735496 -0.153873 -0.0892246 3.86472 22 284 15610 15572 1 2.41906 2.41906 23 
-3.72129 -0.160314 -5 -0.262717 -0.0386914 0.436581 3.79623 22 285 4843 4819 1 0.661556 0.661556 22 
4.69181 -2.86841 -5 -0.456244 -0.310728 0.621961 3.7867 22 286 3991 3725 1 15.7466 15.7466 115 
4.89981 3.08879 5 -0.418692 -0.0341062 -0.290953 3.90742 22 287 4251 4250 1 2.82784 2.82784 37 
3.87294 -1.10115 -5 -6.91246 -1.98366 8.24353 3.78669 22 288 20106 19952 1 1.84198 1.84198 74 
0.124891 1.19146 -5 -0.124721 -0.0264268 0.315339 3.76969 22 289 8369 8224 1 0.379497 0.379497 31 
5 1.318 3.80048 -0.159891 -0.0726118 -0.216292 3.97319 22 290 3774 3379 1 0 0 9 
-0.0777255 -0.0616599 5 0.0402977 -0.135579 -0.233818 3.91458 22 291 3758 3697 1 0.783721 0.783721 40 
0.175729 4.01749 5 -0.294183 -0.0828781 -0.412129 4.29958 22 292 5061 5060 1 0 0 3 
5 -4.29024 0.129407 -0.387168 0.283719 0.282539 3.90467 11 293 5008 4981 1 0.30569 0.30569 10 
5 4.28342 2.18339 -0.432971 -0.271389 0.00195227 3.86208 22 294 3910 3909 1 0.0367593 0.0367593 5 
5 -3.76225 0.343706 -0.0791074 -0.318288 0.300264 3.85634 22 295 3765 3764 1 5.62203 5.62203 110 
0.416737 5 1.48987 -0.121389 -0.144056 -0.00569484 3.91428 22 296 7563 7525 1 0.188189 0.188189 20 
5 -3.10982 -3.25144 -0.385179 -0.00604176 -0.335739 3.99358 22 297 5295 5270 1 0.441008 0.441008 19 
5 -0.258025 1.85313 -3.53483 -2.27374 3.30186 3.82708 22 298 5174 5114 1 0.570572 0.570572 12 
4.14494 5 -0.122445 -0.817551 -0.537367 -0.420571 3.93602 22 299 7850 7823 1 0 0 7 
1.10363 3.35793 5 0.0783326 -0.13351 -0.0991205 3.9953 22 300 3806 3516 1 0.209652 0.209652 39 
5 -1.07185 -2.20019 -1.58007 -0.738643 -0.447151 3.87679 22 301 2836 2813 1 0.921964 0.921964 4 
5 -0.764034 -0.10703 -0.509137 0.0174581 -0.0399367 3.8896 22 302 2997 2996 1 1.60608 1.60608 78 
-1.24064 -4.15833 5 -0.467055 -0.193884 -0.0734045 3.94134 22 303 30146 30119 1 0 0 2 
5 -1.94825 1.74175 -0.408229 0.0667572 0.277428 3.82687 22 304 2326 2079 1 4.59656 4.59656 35 
-1.71443 4.56706 5 -0.372926 -0.0951264 -0.336151 4.10054 22 305 24804 24803 1 0.135744 0.135744 3 
5 -2.52476 -1.83601 -1.40104 -0.452807 0.632782 3.84008 22 306 2782 2755 1 0 0 3 
1.89188 -3.72337 -5 -0.368765 -0.21893 0.685344 3.79273 22 307 26402 25515 1 0.355786 0.355786 21 
5 0.459912 4.40333 -0.609044 -0.100665 -0.0133661 3.87607 22 308 5014 5013 1 1.16467 1.16467 24 
-2.14225 0.346732 -5 -0.61774 -0.270152 0.56604 3.7875 22 309 11142 10846 1 0 0 3 
1.554 4.0797 -5 -0.455857 -0.0303158 1.45076 3.76916 22 312 5308 5307 1 0.510827 0.510827 22 
5 2.92603 -2.85157 -0.342667 -0.1969 -0.323929 3.93205 22 313 4961 4960 1 0.94395 0.94395 53 
5 -1.46263 4.92288 -0.468405 -0.202192 0.0288976 3.87361 22 314 4380 4353 1 0.0898971 0.0898971 8 
1.08203 5 2.9513 -1.09178 -0.385243 0.89878 3.82548 22 315 12322 12271 1 0.52569 0.52569 27 
5 0.750375 -3.2196 -1.361 -0.721756 0.663923 3.84498 22 316 23714 23681 1 0 0 1 
5 2.6283 -4.84944 -0.336273 -0.272297 -0.0673647 3.82046 22 317 15982 15924 1 0 0 1 
5 3.13594 -3.74746 -9.54291 -4.36729 -0.447544 3.92292 22 318 10840 10786 1 0.154458 0.154458 4 
5 -0.378647 3.17751 -0.146512 -0.131367 -0.188713 3.96157 22 319 25027 24958 1 0 0 1 
5 2.68645 -2.69486 -0.265502 -0.108771 -0.134358 3.89062 22 320 9567 9349 1 0.04921 0.04921 4 
5 -4.17396 2.36731 -0.451615 -0.238584 -0.0155401 3.87358 22 321 4252 4250 1 0 0 1 
3.33237 5 -1.0389 -2.61853 -1.21195 0.302417 3.85368 22 322 5189 5153 1 0 0 7 
-3.48472 4.54894 5 -0.289227 -0.0625627 -0.437696 4.02014 22 323 11695 11640 1 0.617792 0.617792 4 
4.91815 -0.866894 5 -0.382848 -1.60446 -2.84485 3.83231 11 324 6851 6827 1 1.29387 1.29387 41 
5 4.49664 2.47157 -0.352236 0.0481441 -0.166418 3.89411 22 325 11027 11020 1 0 0 3 
1.37802 4.07194 -5 -0.186106 -0.373369 0.0649628 3.86484 22 326 5193 4598 1 0.116994 0.116994 2 
5 -3.19794 -1.17166 -0.37474 -0.291587 -0.188857 3.79719 22 327 31469 31407 1 0 0 5 
3.54144 -0.890872 -5 -0.825909 -0.0960667 1.1981 3.78055 22 328 18537 18398 1 1.38727 1.38727 8 
5 -1.87051 3.75115 -0.474065 -0.0327955 -0.187901 3.95454 22 329 18546 18521 1 0 0 6 
4.48752 3.44019 -5 -0.246743 -0.0956641 0.437134 3.80007 22 330 13254 13253 1 0 0 5 
0.782676 1.62365 -5 -1.78585 -0.411317 1.77183 3.81799 22 331 12623 12578 1 0 0 6 
5 -3.87561 -4.19939 -0.111598 -0.189989 -0.0808137 3.88099 22 332 23913 23205 1 0 0 5 
-3.4549 1.0407 -5 -1.58851 -0.524022 1.74815 3.78656 22 333 18127 17858 1 0.259987 0.259987 28 
5 3.50636 4.61999 -0.262253 0.0919295 -0.00444043 3.84805 22 334 2652 2099 1 9.34106 9.34106 122 
5 -3.37898 1.57218 -0.124202 -0.454591 -0.197587 3.8865 22 335 26345 26330 1 0 0 5 
3.23557 5 -1.47186 -0.370528 -0.248429 -0.145742 3.91741 22 336 8090 8076 1 0.263257 0.263257 3 
5 3.43452 2.49239 -0.683471 -0.0434931 0.317282 3.82329 22 337 12020 11983 1 0.000616176 0.000616176 5 
1.97608 5 -3.57586 0.181369 -0.209202 -0.101059 4.33289 22 338 15318 15230 1 0.510625 0.510625 26 
5 1.2527 0.00719004 -0.747018 -0.443705 0.0412903 3.86988 22 339 25979 25920 1 0 0 3 
0.23167 2.71594 5 -0.308343 -0.0205097 -0.188209 3.96231 22 340 5975 5972 1 0.0878795 0.0878795 7 
1.75971 5 0.617446 -2.32137 -1.02511 2.80334 3.80339 22 341 16480 16459 1 0 0 5 
-4.66568 5 4.21077 -1.26841 -0.48363 0.223382 3.86103 22 342 14247 14244 1 0 0 2 
-3.89814 2.73535 5 -0.237908 -0.265185 -0.114319 4.10225 22 343 32024 32023 1 0 0 1 
-2.79377 5 -0.786775 -16.1538 -2.78164 26.5339 3.8062 22 344 17983 17668 1 0.328229 0.328229 42 
5 1.65825 -3.40605 -0.530852 -0.139197 0.609438 3.79604 22 345 3417 1 1 1.91851 1.91851 42 
5 -3.00238 4.18048 -0.18166 -0.271353 -0.0500387 3.83803 22 346 7348 6573 1 0.627652 0.627652 43 
5 -1.898 -3.64778 -0.323647 -0.206797 -0.152748 3.88918 22 347 3117 3116 1 0.408234 0.408234 22 
0.251069 5 -2.47638 -0.0801054 -0.0616366 -0.129931 3.98163 22 348 31917 31888 1 0.164277 0.164277 23 
-0.332785 2.29119 -5 -2.11125 -1.43432 1.49584 3.81798 22 349 10543 10491 1 0 0 5 
5 2.46321 3.03304 -3.76324 -1.08431 1.93345 3.81819 22 350 13977 13855 1 0 0 4 
-1.79278 5 -1.74762 -0.320183 -0.242739 -0.128316 3.89911 22 351 31481 31455 1 0.243475 0.243475 5 
5 -3.12407 -1.3714 -0.28446 -0.0447513 -0.0662796 4.07605 22 352 30252 30226 1 0 0 5 
1.07664 -2.43764 -5 -5.38618 -1.22109 4.17618 3.79793 22 353 8747 8678 1 0.235584 0.235584 23 
5 3.15895 0.811544 -0.283966 0.0752847 -0.225908 3.95071 22 354 10486 10485 1 0 0 4 
1.70642 5 -3.51984 -0.0190966 -0.23997 0.0700076 3.83928 22 355 6293 6252 1 3.87545 3.87545 26 
5 -3.48622 3.28451 -0.136708 -0.130722 -0.453283 4.18256 22 356 4656 4653 1 0 0 2 
5 -3.62747 -3.36646 -0.878442 -0.30965 2.33109 3.78107 22 357 39256 39010 1 0 0 1 
5 0.372355 4.40028 -0.736973 -0.24075 1.17083 3.80946 22 358 4398 4314 1 1.39781 1.39781 34 
1.34115 1.11136 5 -1.60965 -0.0984728 -0.609893 3.94176 22 359 10173 10131 1 0.578357 0.578357 27 
5 -4.18087 -0.485219 -4.76434 -2.24378 6.06548 3.79884 22 360 8517 8387 1 5.62195 5.62195 34 
5 0.547161 -3.79457 -0.134163 -0.492291 -0.027737 3.84645 22 361 10431 10430 1 0.581947 0.581947 38 
-3.61353 5 -1.29155 0.128511 -0.154151 -0.0482293 3.85186 22 362 8687 8614 1 0.0682357 0.0682357 6 
3.4811 0.460882 -5 -0.47497 -0.0999814 0.910447 3.77417 22 363 28087 27677 1 1.03169 1.03169 7 
2.03628 -0.114127 5 -0.263461 -0.152733 -0.131402 3.96046 22 364 7454 7429 1 0.464926 0.464926 53 
5 -4.22253 -4.26018 -0.94918 -0.370247 0.598964 3.8037 22 365 6696 6512 1 0 0 5 
-0.646416 -5 3.62413 0.0585814 0.135603 0.133803 3.91006 22 366 22651 22650 1 0.19919 0.19919 10 
5 3.9208 1.40492 -0.820797 -0.152032 0.50674 3.8278 22 367 8568 8126 1 0 0 2 
5 -0.555936 -2.02601 -0.24287 -0.127016 0.125291 3.81899 22 368 2584 2583 1 0.271115 0.271115 6 
5 -1.94387 -0.661246 -2.19307 -0.859822 -1.57244 3.91362 22 369 21455 21423 1 0 0 3 
3.55788 -3.15493 -5 0.0346397 0.0686346 0.242833 3.82044 22 370 35349 35232 1 0 0 1 
5 2.71769 3.10956 -0.74402 -0.612291 -0.492039 3.93702 22 371 29806 29764 1 0 0 2 
5 3.83811 -1.87554 -0.456341 -0.0659001 0.228066 3.79359 22 372 9442 9374 1 1.85196 1.85196 58 
5 4.66933 0.170921 -0.192976 0.0787587 0.325378 3.81352 22 373 3569 3543 1 0.773836 0.773836 71 
5 -4.69116 -4.88259 -0.19863 -0.276198 -0.161584 3.91591 22 374 41830 41757 1 0 0 1 
5 3.983 -0.119893 -0.419881 -0.0852014 0.278496 3.81942 22 375 11040 11039 1 0.80009 0.80009 31 
5 4.93442 -3.00632 -0.195188 -0.0385435 0.718991 3.76773 22 376 5641 5508 1 2.79731 2.79731 70 
5 2.22074 -1.2265 -0.948947 -0.0193899 0.612683 3.8073 22 377 19473 19387 1 0 0 2 
5 -3.52684 -0.980466 -0.343023 -0.434863 0.0404881 3.84478 22 378 19824 19660 1 0.604386 0.604386 42 
5 -1.9901 3.75423 -0.282994 -0.276233 0.567889 3.81189 22 379 1348 1 1 0 0 5 
5 0.280962 0.115239 -0.154109 -0.0356074 -0.149014 4.08579 22 380 22444 21874 1 0.483515 0.483515 30 
3.02054 -1.28253 -5 -0.532153 -0.496397 1.35835 3.77508 22 381 2585 2431 1 11.3909 11.3909 133 
5 1.56262 -4.52262 -0.686291 -0.295424 0.0986658 3.81912 22 382 9525 9429 1 0 0 7 
-1.76229 -3.23665 -5 -0.985199 -0.299639 2.01109 3.78172 22 383 22688 22617 1 0 0 4 
4.14664 2.98413 5 -0.0643419 -0.0408765 -0.791922 4.23813 22 385 2028 2017 1 1.13432 1.13432 44 
0.316558 5 4.80855 -0.419519 -0.291648 0.00809587 3.95543 22 386 10678 10675 1 0.838453 0.838453 53 
5 1.67671 -4.38438 -0.41159 -0.145702 0.0140143 3.82125 22 387 3707 3706 1 1.23095 1.23095 31 
-1.58318 5 2.88918 -0.186573 -0.577196 -0.293557 3.96236 22 388 16032 16026 1 0.743591 0.743591 26 
5 0.897787 -1.00905 -0.23068 -0.144389 -0.648172 4.19166 22 389 15014 15013 1 0.0885466 0.0885466 7 
-3.86325 5 -0.396454 -0.190496 -0.259443 0.198104 3.92284 22 390 12049 12048 1 0 0 3 
5 0.954477 -2.12453 -0.309072 -0.115156 0.0573337 3.82197 22 391 15886 15780 1 0 0 3 
5 -2.79444 0.493747 -0.43593 -0.266559 -0.00559096 3.87604 22 392 5386 5383 1 3.54253 3.54253 98 
5 1.31374 1.58059 -0.276992 0.127044 -0.177082 3.87737 22 393 2734 2349 1 0.850585 0.850585 20 
-3.02751 5 -1.93261 -0.457536 -0.190807 0.0593622 3.85506 22 394 12591 12566 1 0.0551272 0.0551272 5 
5 1.54602 3.22461 -0.256812 -0.118513 -0.101107 3.87361 22 395 6071 6019 1 0 0 10 
-0.0606555 -3.68161 5 0.234167 0.0577743 -0.349079 4.22498 22 396 5187 5160 1 0.184524 0.184524 28 
-1.27835 -4.19282 -5 -0.762679 -0.228728 0.361883 3.82906 22 397 24759 24758 1 0 0 2 
2.86577 3.14777 5 -0.448701 -0.125296 -0.556982 4.08544 22 398 15872 15871 1 0.237878 0.237878 4 
5 -3.77115 -3.0668 -0.60064 -0.0507072 -0.320863 3.84707 22 399 4917 4916 1 0.393805 0.393805 6 
1.03728 5 -0.418683 -0.333793 -0.150802 0.0427236 3.88837 22 400 22047 22046 1 0 0 1 
5 -0.666759 -4.23922 -0.420079 -0.165991 -0.0829603 3.85631 22 401 13375 13374 1 0.447185 0.447185 58 
5 -1.21568 -1.01267 -0.357664 -0.233191 0.788523 3.78625 22 402 11659 11558 1 0 0 7 
4.51991 -3.97662 -5 -0.359696 -0.158975 0.316005 3.83559 22 403 7892 7891 1 0.220159 0.220159 31 
-2.23951 0.967184 -5 0.107403 -0.0469477 0.352103 3.81793 22 404 19030 19008 1 1.45483 1.45483 45 
5 3.00866 3.47902 -0.956345 0.199673 -0.660776 4.0268 22 405 12693 12670 1 0 0 6 
0.9229 -3.36805 -5 -0.528252 -0.140685 0.281067 3.8238 22 406 15682 15681 1 0.31113 0.31113 2 
5 -2.60895 -3.39453 -0.205109 -0.162936 -0.035739 3.86105 22 407 21101 21100 1 0.187183 0.187183 15 
5 3.74418 -2.06296 -0.494228 -0.0861124 -0.0971738 3.83713 22 408 19511 19469 1 0 0 5 
-4.85519 4.20618 -5 -7.04959 -2.98216 15.6214 3.77626 22 409 1001 1 1 1.48077 1.48077 12 
4.42795 -4.62834 5 -0.266744 -0.153733 -0.127531 3.95449 22 410 7177 6621 1 0 0 3 
5 2.78558 -4.10248 -2.2341 -0.529852 3.69099 3.77552 22 411 7691 7554 1 0.394552 0.394552 48 
5 -4.99568 -1.29379 -0.263952 -0.153308 -0.409812 3.92818 22 412 2837 2801 1 0.110268 0.110268 15 
5 -3.05597 4.82537 -0.627313 -0.0842018 -0.0756247 3.92135 22 413 7180 7179 1 0.214288 0.214288 16 
2.49922 1.52635 -5 -1.9632 0.0232555 2.08276 3.79243 22 414 5861 5859 1 0.0363239 0.0363239 6 
5 -0.437423 -1.89965 -0.235484 -0.1422 0.189682 4.87642 22 415 4535 4477 1 2.92569 2.92569 14 
-1.38587 -5 3.28098 -0.00514463 0.215387 -0.0127619 3.85336 22 416 45772 45728 1 0 0 1 
5 1.84701 -3.88818 -0.583322 -0.0098087 0.100044 3.80705 22 417 2539 2501 1 2.48291 2.48291 126 
5 2.11846 3.4936 -0.568323 -0.307869 0.0302356 3.81695 22 418 21959 21724 1 5.81063 5.81063 92 
5 -1.09957 3.21955 -0.97714 -1.25484 0.199739 3.92137 22 419 8477 8454 1 0.5106 0.5106 27 
5 -2.90139 -4.79736 -0.413908 -0.202831 0.286234 3.82919 22 420 1518 1 1 0.27369 0.27369 11 
-0.292255 -0.217226 5 -0.546903 -0.257722 -0.0943615 3.93112 22 421 7377 7376 1 2.35698 2.35698 72 
5 2.60622 2.52036 -0.282346 -0.148753 0.0363102 3.8388 22 424 12264 11988 1 0.0292871 0.0292871 17 
2.18878 5 2.44481 -0.351471 -0.405438 0.175113 3.8238 22 425 37965 37505 1 0.564124 0.564124 23 
5 -4.66704 -4.95323 -2.29234 -1.27884 1.96947 3.80751 22 426 14307 14262 1 0.045366 0.045366 5 
5 -0.586957 -0.951598 -1.25528 -0.0978379 -0.281486 3.97667 22 427 21556 21554 1 0 0 2 
5 -1.08443 1.74512 -0.469753 -0.0309653 0.198728 3.83881 22 428 37025 37021 1 0.510158 0.510158 55 
-4.35976 1.96414 -5 -4.07773 -0.550189 2.29068 3.80337 22 429 3470 3405 1 1.1244 1.1244 23 
-4.23915 -3.78933 -5 -0.137389 -0.0607826 0.141973 4.08093 22 430 29864 29863 1 0.206307 0.206307 29 
4.75637 5 4.84357 -0.360136 -0.260289 -0.252333 4.04081 22 431 9179 9167 1 0 0 4 
-0.681333 -5 -2.24481 0.0444655 0.493901 0.123305 3.87042 22 432 13059 13058 1 0 0 8 
-1.06105 5 0.827909 -0.428947 -0.214524 -0.176364 3.89726 22 433 3339 3338 1 5.06926 5.06926 33 
5 0.210951 -1.42218 -0.475301 -0.00845093 -0.18745 3.88273 22 434 10768 10745 1 1.62364 1.62364 5 
5 -1.45243 -3.60978 -0.0687447 -0.067949 -0.171585 3.89413 22 435 8055 8054 1 0 0 6 
-3.1803 3.08163 5 -0.491712 -0.0289468 -0.136018 3.90795 22 436 8536 8508 1 0.558425 0.558425 66 
2.03023 -2.64264 -5 0.208058 0.0426662 0.248025 3.81632 22 437 22654 22653 1 0 0 1 
-3.33519 5 4.9328 -0.666508 -0.1811 0.603236 3.84153 22 438 9750 9619 1 0 0 2 
5 1.24525 -3.24096 -0.375093 -0.0847704 0.33651 3.84686 22 439 33783 33782 1 0.165882 0.165882 2 
5 -0.94792 -3.31616 -4.50426 -1.15771 0.317201 3.83956 22 440 18400 18327 1 0.555577 0.555577 35 
5 -3.6166 3.96019 -0.254062 -0.0487126 -0.440681 3.91193 22 441 9639 9622 1 4.59459 4.59459 69 
1.41111 -2.74464 5 -0.272542 0.313275 -0.297825 3.90227 22 442 16395 16394 1 0 0 1 
-0.77163 3.18121 -5 -9.49106 -3.37067 12.5203 3.7726 22 443 1032 1 1 0.688402 0.688402 46 
5 -0.684053 -3.39431 -0.170547 -0.00941592 0.481606 3.7761 22 444 6017 6016 1 0 0 3 
-3.15692 4.37852 -5 -0.178037 -0.0619756 0.318679 3.84535 22 445 1914 1913 1 0.540711 0.540711 26 
5 -0.19928 2.45555 -0.442352 -0.0106988 0.255597 3.84222 22 446 16530 16502 1 0 0 8 
5 1.57731 -4.54271 -0.234352 -0.155936 0.0694722 3.8079 22 447 15184 15183 1 0.496975 0.496975 55 
4.00289 1.53632 -5 -0.607926 -0.206361 0.188235 3.84704 22 448 28417 28416 1 0 0 2 
5 3.88742 4.35467 -1.62035 -0.267009 0.540484 3.83359 22 449 5122 5121 1 0.485771 0.485771 55 
5 -0.599715 -2.73635 -0.335463 -0.0668755 0.205457 3.89749 22 450 16461 16460 1 0 0 4 
-0.980351 -0.725838 5 -3.06569 -0.348953 -2.51743 3.9832 22 451 15187 15186 1 4.63389 4.63389 64 
5 3.1142 -3.46717 -0.282639 -0.134046 -0.182591 3.87925 22 453 7081 7022 1 0.128227 0.128227 10 
0.66532 5 1.84921 -0.607476 -2.33765 0.473746 3.81923 22 454 4806 4805 1 0 0 3 
5 -0.397244 4.10413 -0.0406232 0.106595 -0.0532382 4.04453 22 455 5267 5266 1 0.629729 0.629729 90 
5 3.81325 -2.37445 -0.154823 -0.0391881 -0.260939 3.95005 22 456 4204 4194 1 0.145461 0.145461 33 
5 -0.775096 0.323033 -0.394248 0.118801 -0.285349 3.93611 22 457 24669 24668 1 0.562311 0.562311 18 
5 -3.69753 3.23186 -0.593273 -0.166492 -1.40951 4.09713 22 458 6786 6685 1 0.511755 0.511755 8 
4.96546 3.2125 5 -0.126941 0.183839 -0.0363969 3.89487 22 459 1879 1802 1 0.381907 0.381907 36 
5 0.817254 4.44609 -0.550291 0.255216 1.17033 3.81005 22 460 5512 5511 1 2.06985 2.06985 34 
-0.604437 -0.0798518 -5 -0.339873 -0.147541 0.351906 3.79937 22 461 2666 2665 1 0.296648 0.296648 8 
-4.40985 1.77732 5 -0.438423 -0.0762185 -0.251188 3.95576 22 462 2050 2049 1 0 0 3 
-0.533312 5 4.56261 -0.242504 -0.381106 0.139081 3.87296 22 463 1027 1003 1 0.955487 0.955487 35 
5 -0.206576 3.22566 -0.441791 -0.0982437 0.597032 3.79818 22 464 1456 1165 1 2.50908 2.50908 69 
4.37783 -2.38896 5 -0.326524 -0.247208 -0.305598 4.02972 22 465 2996 2995 1 1.42227 1.42227 3 
5 4.77657 3.80701 -0.426325 -0.217926 -0.178538 3.89316 22 466 18557 18525 1 0.503341 0.503341 7 
4.64383 1.91429 -5 -0.00327126 0.162585 0.0446139 3.84602 22 467 3517 3218 1 1.2091 1.2091 82 
-1.53409 0.676922 5 -0.792516 -0.329703 -0.473785 4.04558 22 468 3714 3563 1 0 0 4 
5 -2.85835 0.390904 -0.379276 -0.0605454 0.0451947 3.80271 22 469 7009 6332 1 0.181755 0.181755 32 
-5 -0.767939 -4.90844 0.238779 0.328849 -0.309778 3.96737 22 470 15419 15418 1 0.418019 0.418019 28 
1.30552 4.52783 -5 -0.742347 -0.483638 1.38116 3.76773 22 471 1684 1 1 0.24403 0.24403 32 
5 -3.15233 -1.58787 -0.285271 -0.0992725 0.201374 3.83379 22 472 3080 3078 1 3.44904 3.44904 90 
-1.3804 -5 -0.958551 0.104598 0.136431 0.170202 3.90469 22 473 13256 12770 1 0.165125 0.165125 18 
5 -2.75196 3.05199 -0.350577 -0.164613 0.333344 3.82028 22 474 4353 4321 1 0.560881 0.560881 13 
4.67903 0.411816 -5 -0.038556 -0.175578 0.343281 3.77834 22 475 3223 2020 1 0 0 8 
-4.88644 -0.943042 -5 -0.221369 -0.0118607 0.128803 3.89189 22 476 32191 32190 1 0 0 1 
3.75115 5 2.99159 -0.597987 -0.285717 0.684888 3.83261 22 477 12269 12120 1 0 0 5 
4.46512 5 0.45978 -1.92141 -0.795451 0.484318 3.83995 22 478 6340 6290 1 0 0 5 
5 -4.31059 -0.381957 -3.64117 -11.7101 22.4365 3.7851 11 479 15572 15570 1 3.0908 3.0908 79 
5 -2.40275 0.806966 -0.304656 0.0473918 -0.177158 3.92376 22 480 5849 5742 1 0 0 3 
4.5556 5 0.840491 -0.385425 -0.0596028 0.0170579 3.84568 22 481 9286 9285 1 2.60188 2.60188 18 
5 -0.665103 2.36872 -0.174387 -0.0673128 0.186744 3.82578 22 482 2876 2694 1 0.263841 0.263841 28 
5 4.62407 -1.37446 -0.202028 0.0070227 -0.469313 4.23744 22 483 8618 8616 1 0.0296861 0.0296861 10 
5 -3.66104 3.58699 -0.476349 0.0698661 -0.171262 3.88066 22 484 2695 2679 1 1.04673 1.04673 36 
3.66131 -2.6877 -5 -0.461933 -0.129402 1.32425 3.7663 22 485 4048 3485 1 0.128644 0.128644 29 
0.383281 5 -1.991 0.0423089 -0.455273 0.267323 3.81387 22 486 15623 15400 1 0 0 3 
4.80867 -2.06357 5 0.00167327 -0.150712 -0.167768 4.93115 22 487 4117 4116 1 0.797991 0.797991 23 
2.13835 -4.03227 -5 -0.469812 -0.12328 0.234712 3.81531 22 488 15955 15954 1 0.171616 0.171616 27 
3.68682 -4.37112 -5 -0.601549 -0.304117 0.658611 3.79351 22 489 10806 10729 1 0 0 5 
0.9624 3.47167 -5 -2.28875 -0.385413 9.44962 3.76149 22 490 10243 9827 1 0 0 2 
-2.64982 2.5888 -5 -1.5759 0.161448 3.07191 3.77318 22 491 1607 1420 1 0.3352 0.3352 14 
5 3.47247 0.574733 -0.207157 0.00140792 0.0920687 3.95868 22 492 11748 11747 1 0.226243 0.226243 28 
-0.902912 5 2.81124 -0.273225 -0.0721066 -0.152675 3.97074 22 493 9596 9547 1 0 0 6 
5 -0.729752 2.7066 -0.590148 -0.376163 -0.0546765 3.98277 22 494 7619 7612 1 0 0 2 
5 0.816531 2.85175 -0.987795 0.214455 -0.774436 4.04297 22 495 20103 20067 1 0.231123 0.231123 4 
5 -2.38604 4.20581 -0.478055 0.107924 -0.144692 3.90616 22 496 22555 22541 1 0 0 4 
1.54597 -4.93988 -5 -9.45373 18.1026 25.9114 10.3747 2112 497 7260 7145 1 0 0 2 
5 1.84201 4.37042 -0.414739 0.110858 0.135505 3.86758 22 498 10999 10998 1 1.57245 1.57245 36 
5 -2.98206 3.28415 -0.17682 -0.149012 -0.0546358 3.95576 22 499 7120 7119 1 0 0 4 
3.10917 5 -3.56958 0.275985 -0.102657 -0.160871 3.94339 22 500 1387 1386 1 0.0331671 0.0331671 5 
-0.575226 -0.284207 -5 -0.386383 -0.0824759 0.284774 3.83582 22 501 4843 4794 1 0.786312 0.786312 40 
1.13411 -2.0844 -5 -0.138992 -0.114871 0.61318 3.853 22 502 1815 1770 1 1.10779 1.10779 64 
3.88869 -2.94922 -5 -0.798567 -0.29476 0.393898 3.82549 22 503 6710 6331 1 0.0338662 0.0338662 5 
0.92678 4.43302 5 -0.159628 0.0644136 -0.481134 4.17122 22 504 3419 3417 1 0.040794 0.040794 8 
0.0647898 2.45344 -5 -0.293042 -0.130092 0.0661802 3.99055 22 505 47696 47695 1 0 0 1 
5 0.210235 -3.25889 -0.374569 -0.12758 -0.178374 3.85023 22 506 6626 6614 1 0.222825 0.222825 9 
-3.82476 -2.61097 5 -0.419985 -0.0524933 -0.286316 4.04602 22 507 10471 10445 1 0 0 3 
5 1.7233 0.00483416 -1.6359 -0.300509 -0.455894 3.86076 22 508 6695 6670 1 1.72388 1.72388 49 
3.85917 -1.72985 5 -0.211108 0.169295 -0.438274 3.993 22 509 8589 8588 1 0 0 1 
-4.53928 4.94445 -5 -0.175939 -0.15936 0.173472 3.876 22 510 8796 8795 1 0 0 1 
2.70178 1.5013 5 0.135664 0.0917991 -0.103066 4.11595 22 511 16073 16041 1 0.650265 0.650265 42 
2.08848 -1.80376 -5 -10.2815 -4.92255 13.2918 3.77495 11 512 4282 4006 1 4.6705 4.6705 43 
-4.1956 5 4.59475 0.497987 -2.06165 1.75727 3.85905 22 513 4351 4276 1 3.47326 3.47326 14 
0.814459 5 4.54985 -0.877278 -0.18196 -0.499066 3.92986 22 514 7778 7727 1 0.299495 0.299495 73 
5 0.352101 -0.211201 -0.549421 -0.125432 -0.0481841 3.88266 22 515 7536 7514 1 7.46573 7.46573 115 
5 0.148057 0.83822 -7.92151 -0.999972 8.40378 3.8166 22 516 6852 6765 1 0.0712941 0.0712941 10 
4.30678 5 3.414 -0.214998 -0.15793 -0.196185 4.21958 22 517 1676 1674 1 1.3644 1.3644 49 
5 4.3857 -3.79269 -4.00546 -0.996239 6.59299 3.78792 22 518 27484 27243 1 0 0 2 
5 4.12394 2.57401 -0.355341 -0.167486 -0.326804 4.00511 22 519 10977 10973 1 0 0 2 
4.14511 -0.67901 -5 -0.224022 -0.00167572 0.282039 3.81906 22 520 4864 4862 1 0.0257867 0.0257867 11 
3.7521 -4.8053 5 -0.398309 -0.0526244 -0.315754 4.02475 22 521 13204 13203 1 0 0 1 
-3.20584 5 3.09801 -0.415809 -0.202916 0.0247752 3.89962 22 522 1403 1402 1 0.853521 0.853521 22 
1.42172 4.55933 5 -0.0189306 0.0294016 -0.326428 4.08499 22 523 15147 15131 1 1.85666 1.85666 74 
5 -2.32886 1.74115 -0.230939 -0.338849 -0.324026 4.07159 22 524 4972 4912 1 0 0 4 
5 -0.0641154 1.38504 -0.741604 -0.345032 0.208943 3.84194 22 525 6475 6388 1 0 0 2 
5 3.51728 3.66933 -0.583043 -0.384043 -0.385675 3.9154 22 526 6835 6834 1 0 0 6 
3.47821 -1.18924 5 -0.679917 -0.31215 -0.329133 3.98163 22 527 2006 1929 1 0 0 4 
5 3.25938 -2.19336 -0.328754 -0.0319569 0.183139 3.8256 22 528 38493 38433 1 0.411026 0.411026 13 
5 -1.36164 1.79281 -0.319516 -0.0135425 0.282898 3.8589 22 529 17424 17346 1 0.240689 0.240689 28 
-3.18461 -2.03455 5 -0.345177 -0.0677505 -0.291493 4.00392 22 530 2984 2482 1 0 0 1 
5 3.15043 -2.35364 -0.383868 0.025379 0.102427 3.80941 22 531 12927 12644 1 0 0 4 
5 4.27869 1.64837 -2.56704 -0.173191 6.19605 3.79964 22 532 32940 32380 1 0 0 2 
-2.85295 1.2916 5 -0.073683 -0.305738 -0.338811 4.15362 22 533 1850 1799 1 1.02126 1.02126 54 
-0.164699 0.559548 5 -0.255233 0.246871 -0.214632 4.08523 22 535 3876 3874 1 0.255885 0.255885 2 
1.54249 5 -1.52227 -0.31055 -0.06354 -0.4008 3.99001 22 536 11660 11630 1 0.206286 0.206286 18 
-0.50087 -3.79026 -5 -5.36633 -3.35408 8.07091 3.78194 22 537 6958 6932 1 0.551204 0.551204 14 
4.29844 -5 4.71312 -0.171769 0.156997 0.00416814 4.01304 22 538 2978 2965 1 7.84477 7.84477 23 
0.0784359 -0.674999 5 -1.21516 -0.887869 -1.19205 3.9854 22 539 8551 8502 1 0.229698 0.229698 4 
5 -2.58374 -4.31988 -0.349598 -0.242778 0.0922822 3.81826 22 540 30051 28468 1 0 0 1 
5 1.66517 2.31508 -0.240411 -0.0959005 0.466907 3.79773 22 541 1631 1551 1 0.727193 0.727193 49 
-1.57471 -4.27992 -5 -0.277071 -0.264919 0.225139 3.84666 22 542 17262 17261 1 0.205261 0.205261 9 
-4.01205 0.562794 5 -0.0363546 -0.347596 -0.256972 4.15464 22 543 7421 7420 1 0.510707 0.510707 28 
5 -0.551506 -3.79786 -0.498501 -0.0226951 -0.0948677 3.85273 22 544 2810 2743 1 0 0 3 
5 0.360983 -2.14552 -0.306265 -0.229442 -0.338642 3.84722 22 545 8461 8460 1 0.57169 0.57169 25 
4.1431 5 -1.78072 -0.00371973 -0.324415 -0.166231 3.84069 22 546 2203 2171 1 5.37323 5.37323 201 
4.95053 5 -0.553327 0.111979 -0.19649 -0.0302753 3.85362 22 547 21750 21735 1 0 0 4 
5 -3.37104 0.760864 -0.424239 -0.0579875 0.278888 3.88713 22 548 9128 9076 1 12.3877 12.3877 36 
5 1.22024 -4.60895 -0.412123 -0.369598 0.474826 3.79869 22 549 3036 2626 1 1.09861 1.09861 77 
5 -1.58113 -0.340767 -0.384295 -0.110394 -0.0693401 3.82805 22 550 14922 14626 1 5.262 5.262 69 
5 -1.37406 -4.26107 -0.437144 -0.236051 0.119606 3.83095 22 552 19187 19185 1 0 0 6 
5 2.73207 0.99183 -0.308188 -0.287965 -0.118344 3.87342 22 553 18267 18266 1 0.0909452 0.0909452 6 
5 -0.00978124 2.37664 -0.307519 0.0959042 0.179773 3.79948 22 554 4873 4845 1 0 0 1 
5 3.53067 2.89042 -0.496812 -0.498671 1.18691 3.79151 22 555 10556 10527 1 0.483021 0.483021 36 
5 2.05309 -2.99631 -0.878669 -0.261227 0.376837 3.79345 22 556 13093 12363 1 0.0768681 0.0768681 2 
4.94402 2.07404 -5 -1.50366 -0.199113 1.48663 3.78162 22 557 5758 5638 1 2.13291 2.13291 48 
5 4.89682 1.77699 -2.85901 -1.52261 2.34356 3.84037 22 558 11349 11196 1 0 0 4 
5 3.23323 -1.73291 -5.55779 -1.77357 9.04806 3.78796 22 559 11208 11127 1 0 0 3 
5 4.71511 2.39527 -0.394637 -0.0959909 0.310108 3.81852 22 560 12889 12887 1 0.150022 0.150022 11 
-5 -4.62142 -3.36236 0.121265 0.171039 0.0509951 3.87449 22 561 16716 16712 1 3.20059 3.20059 19 
-0.313544 -4.86231 -5 -0.548129 -0.215108 0.391104 3.80821 22 562 1649 1593 1 0.333218 0.333218 39 
1.1069 -2.29505 -5 -1.44885 -1.20281 3.51969 3.78402 22 563 10677 10630 1 1.79754 1.79754 37 
5 -2.7239 -2.47362 -0.114522 -0.496265 -0.0415399 3.95746 22 564 20920 20919 1 0 0 1 
2.47969 5 4.09058 -0.524018 -0.216953 -0.251254 3.88603 22 565 4288 4287 1 0.0649824 0.0649824 11 
5 -1.20461 -2.7776 -0.623725 -0.291627 0.725854 3.78075 22 566 12762 12630 1 0 0 4 
-1.30994 3.5825 -5 -0.444793 -0.143784 0.20641 3.8794 22 567 1843 1816 1 0.603099 0.603099 83 
-4.70852 -1.82263 -5 -0.789606 0.480513 0.872567 3.83107 22 569 7458 7433 1 0 0 2 
5 -2.29953 -2.26491 -3.89179 -1.67225 6.04382 3.80176 22 570 8409 8337 1 0 0 3 
0.304694 -3.22083 -5 -0.764286 -0.307289 1.60418 3.77948 22 572 2851 2584 1 0.211049 0.211049 45 
5 0.371053 3.45236 -0.427759 0.00507384 0.279493 3.84035 22 573 12700 12699 1 0.137469 0.137469 21 
4.35419 4.80961 -5 -0.18561 -0.142675 0.454217 3.81408 22 574 3883 3871 1 0 0 3 
-4.28371 -1.6941 5 -0.227434 -0.0177675 -0.165131 3.93681 22 575 2337 2336 1 14.2902 14.2902 140 
-1.33176 2.95387 5 -0.481798 -0.0481989 -0.163302 3.93414 22 576 14835 14833 1 2.23908 2.23908 58 
5 -2.74753 0.439667 -0.325653 -0.228952 -0.0233329 3.88826 22 577 12923 12910 1 0 0 4 
1.32931 2.97384 -5 -2.18615 -2.2381 3.63096 3.81627 11 578 6165 4225 1 4.32293 4.32293 56 
5 -4.08662 -3.69699 -0.363904 -0.238721 0.26778 3.84153 22 579 13556 13555 1 0.473269 0.473269 7 
5 1.72927 -2.48342 -1.75365 -0.550546 0.719411 3.81381 22 580 4033 3860 1 0.345694 0.345694 33 
0.539176 -3.38461 5 -0.226239 -0.132235 -0.438691 4.28674 22 581 40845 40844 1 0 0 2 
5 2.32533 -2.77284 -1.87285 -0.390114 -0.503736 3.9072 22 582 22996 22995 1 0 0 1 
5 3.08046 0.855092 -0.505908 -0.0691501 0.071894 3.88358 22 583 14443 14442 1 0.299356 0.299356 6 
5 -3.21176 4.41223 -0.238018 0.0949322 0.442103 3.83523 22 584 10553 10534 1 0.285055 0.285055 36 
-3.85793 0.0224096 5 -0.307533 -0.0351722 -0.16067 3.92332 22 585 25441 24696 1 0 0 5 
5 -4.27027 1.98256 -0.966744 -0.53185 0.293448 3.84652 22 586 11409 11302 1 0 0 3 
-1.19926 5 2.7999 0.288219 -0.105142 0.260309 3.83763 22 587 5213 4827 1 1.52214 1.52214 85 
5 0.25127 -3.3898 -0.440783 -0.06097 -0.194762 3.8738 22 588 5536 5455 1 0.234488 0.234488 25 
5 2.45961 2.48088 -0.778105 0.458739 -0.0684586 3.86985 22 589 13176 13104 1 0 0 3 
-3.02917 0.0557609 -5 -4.55516 -9.07075 13.6787 3.79394 -11 590 10862 10861 1 3.51457 3.51457 44 
4.77912 -1.32732 -5 -0.666916 -0.264589 1.95286 3.76999 22 591 12565 1 1 0 0 2 
5 -0.208487 -1.78961 -0.39166 -0.0163126 0.732067 3.78325 22 593 9555 9457 1 0.855595 0.855595 7 
2.74778 4.10584 5 0.1779 -0.16164 -0.450937 3.967 22 594 22105 22072 1 0 0 6 
5 -0.812315 2.61778 -0.415003 -0.275261 0.114559 4.01814 22 595 1536 1508 1 0.368727 0.368727 50 
5 0.218519 0.133993 -0.357664 0.000664976 0.592851 3.79698 22 596 5107 5042 1 0 0 4 
3.82264 5 -1.42285 -0.260348 -0.191458 0.480211 3.77852 22 597 13207 13141 1 5.66348 5.66348 38 
4.15732 4.75826 5 -0.315421 -0.106783 -0.387591 4.0862 22 599 23657 23656 1 0.332566 0.332566 6 
5 -1.34192 -4.64188 -4.07358 -0.0976393 10.6541 3.76904 22 600 10601 10457 1 1.17431 1.17431 7 
0.897894 5 4.44544 -0.376297 -0.318195 -0.135175 3.9327 22 601 5906 5904 1 0.324558 0.324558 37 
5 4.09047 -0.110522 -0.129474 -0.168608 0.182447 3.79826 22 602 7540 7432 1 0.279605 0.279605 37 
5 4.60026 3.00548 -0.342865 -0.164532 0.34131 3.82789 22 603 8319 8318 1 0.640907 0.640907 57 
-2.78757 -5 2.54198 -0.335992 0.0763515 0.0328667 3.84305 22 604 5307 5216 1 3.86849 3.86849 30 
5 3.39479 -0.517154 -0.28788 -0.13849 0.0696067 3.80776 22 605 1500 1447 1 0.326615 0.326615 25 
5 0.0565572 4.17232 -0.187624 -0.0934594 -0.127896 3.97413 22 606 3731 3661 1 1.1591 1.1591 32 
4.64056 2.16309 -5 -0.600595 0.120245 2.53373 3.76592 22 607 12021 11952 1 5.42551 5.42551 28 
5 -3.17151 4.95566 -0.652296 -0.17138 -0.0691863 3.8495 22 608 20851 20850 1 0 0 2 
5 2.04606 -1.88989 -0.191475 0.102265 0.0846535 3.91528 22 609 10527 10494 1 0.545677 0.545677 31 
-2.05133 5 -1.08378 -0.403773 -0.164752 -0.0573299 3.89876 22 610 1290 1253 1 0.567262 0.567262 39 
5 -2.80687 3.91924 -0.820267 -0.308781 0.719736 3.84771 22 611 11229 11097 1 0 0 2 
3.67678 5 1.85887 -0.202811 -0.19557 0.248129 3.90887 22 612 6949 6948 1 0.234794 0.234794 26 
3.65162 -3.73347 5 0.137028 -0.14348 -0.0541276 3.95373 22 613 7192 7166 1 0 0 1 
5 4.79744 -0.00378184 -1.09983 -0.946079 0.73541 3.85817 22 614 41211 41210 1 0.507218 0.507218 4 
5 -3.43263 4.36608 -0.283187 -0.0403733 -0.423432 4.26003 22 615 21652 21651 1 0 0 1 
-0.606277 -3.37584 5 -0.45616 0.00267832 -0.0350533 4.0087 22 616 2425 2314 1 0 0 5 
2.68495 5 -0.943223 -0.0779862 -0.431099 0.0852036 3.99868 11 617 15280 15256 1 0.0625632 0.0625632 6 
1.59646 -4.39888 -5 -1.08631 -0.573822 1.49984 3.7827 22 618 19837 19694 1 0 0 2 
5 -2.85595 3.67836 -0.253549 0.00381082 -0.204189 4.15149 22 619 1516 1515 1 3.66346 3.66346 34 
5 -2.66533 -1.2322 -0.47847 -0.146259 0.288344 3.80442 22 620 42269 42220 1 0 0 3 
5 -2.0418 3.27425 -0.180969 0.0496364 -0.163509 3.99899 22 621 24932 24494 1 0.537037 0.537037 49 
-4.76267 -1.55187 5 -2.25087 -0.441062 -2.01619 3.95854 22 622 3847 3846 1 0 0 11 
5 0.295301 0.309217 -0.459549 -0.108505 -0.195349 3.90894 22 623 6270 6266 1 0.335022 0.335022 6 
3.18821 -1.468 5 -0.397219 -0.277444 -0.586956 3.96017 22 624 14971 14854 1 0 0 1 
-4.58132 5 0.382705 -0.380872 -0.0358022 -0.0760467 3.9643 22 625 2283 2282 1 0 0 5 
5 -2.17289 -3.32872 -0.436418 0.0118543 -0.160442 3.98058 22 626 21263 21262 1 0.834863 0.834863 41 
-1.58377 -3.79524 5 -0.269808 -0.151696 -0.267084 4.15296 22 627 5657 5655 1 0 0 5 
3.20988 2.6793 -5 0.00656958 -0.096846 0.276099 3.85855 22 628 2111 2110 1 0.292133 0.292133 28 
3.59495 5 4.92813 -0.517088 -0.303381 -0.158179 3.91417 22 629 6300 6251 1 0.619706 0.619706 27 
-4.66027 0.876876 5 -0.323907 0.0324753 -0.39389 4.1985 22 631 12443 12426 1 0 0 2 
-1.34855 -4.91806 -5 -0.361655 -0.159341 0.836752 3.77273 22 632 12266 12061 1 0.206015 0.206015 19 
1.94204 4.22547 -5 -0.182231 -0.266071 0.396381 3.83291 22 633 6934 6933 1 0 0 3 
0.517478 5 -2.3049 -0.292465 -0.372213 -0.0230242 3.9078 22 634 2340 2309 1 0.00740721 0.00740721 4 
1.60495 -0.546486 5 -0.21037 -0.0864727 -0.127242 3.99385 22 635 22768 22767 1 0 0 1 
1.38059 -4.29707 -5 -0.36731 -0.186805 0.737577 3.77818 22 636 1242 1 1 0.429102 0.429102 13 
0.322202 -5 1.264 -0.045842 0.14255 -0.306068 4.03533 22 637 32633 32632 1 0 0 2 
3.8356 -5 0.0781421 -0.430936 0.193404 0.194959 3.85271 22 638 3413 3412 1 0.131432 0.131432 4 
5 2.68669 -4.76749 -2.11894 -1.28167 1.56973 3.77611 22 639 3817 3795 1 5.43419 5.43419 35 
4.41497 5 2.25423 -0.0674956 -0.259452 0.223197 3.85205 22 640 8979 8944 1 0.869535 0.869535 60 
1.88843 5 4.88584 -0.321317 -0.384853 -0.0988125 3.90094 22 641 28111 28110 1 0 0 7 
4.79667 5 -0.179225 -0.211296 -0.384904 -0.315452 3.99807 22 642 16786 16747 1 0.402479 0.402479 9 
2.84969 4.46089 -5 -0.732446 -0.251542 0.28254 3.8335 22 643 24788 24764 1 0 0 3 
5 4.82291 4.99749 -0.36108 -0.224167 0.283708 3.86943 22 644 17689 17659 1 0 0 6 
5 1.54144 -2.53499 -0.382328 -0.0379912 -0.30336 4.01296 22 645 20355 20354 1 0 0 3 
1.40449 -1.68561 -5 -0.342133 -0.133987 0.313313 3.79911 22 646 36657 36632 1 0.510648 0.510648 24 
5 3.98764 2.08407 -1.92918 -0.990334 -1.26024 4.11287 22 647 18104 18103 1 0 0 4 
0.950724 -5 -4.67791 0.0918261 0.499122 -0.0597051 3.86687 22 648 3054 3053 1 0 0 13 
5 4.7163 3.0884 -0.188932 -0.14394 0.0268357 3.87999 22 649 24084 24083 1 0.238699 0.238699 23 
5 -3.22541 2.21253 -0.41457 -0.219562 -0.202593 3.904 22 650 2563 2560 1 2.36072 2.36072 44 
4.55656 -3.8604 -5 -0.600751 -0.612471 1.08743 3.7814 22 651 10430 10360 1 0.210784 0.210784 28 
-1.63387 5 -0.41476 -0.0110139 -0.267302 -0.191965 3.82804 22 652 14986 14984 1 0.343165 0.343165 33 
-0.209929 5 -0.960407 -3.85373 -3.42459 9.5556 3.79595 22 653 3555 3492 1 0 0 4 
-2.48783 3.03921 -5 -0.405898 -0.33334 0.652529 3.78842 22 654 3087 1 1 1.277 1.277 57 
5 -4.46642 3.57591 -0.302832 -0.105991 0.284272 3.82884 22 655 2258 1680 1 0 0 4 
-0.162012 -4.20813 -5 -0.167343 -0.0668694 0.38686 3.77374 22 656 2810 2717 1 1.2225 1.2225 33 
5 -1.68022 -2.87312 -0.240512 -0.0389805 0.0088168 3.90462 22 657 20886 20578 1 0.243435 0.243435 26 
0.0371865 -0.660283 5 -0.282021 -0.126434 -0.30987 4.09291 22 658 6545 6544 1 0.285978 0.285978 24 
-3.94371 5 -3.87926 -0.408063 -0.249051 -0.180495 4.00106 22 659 27128 27127 1 0.850621 0.850621 9 
2.4498 -2.55019 -5 -0.341863 -0.0824225 0.512786 3.78212 22 660 3152 1 1 0.187061 0.187061 39 
5 1.2019 -1.00053 -0.479645 -0.0607645 -0.165432 4.00182 22 661 9590 9552 1 0 0 5 
5 -2.23088 2.29706 -0.234726 -0.0459885 0.0771995 3.87457 22 662 6969 6928 1 0.0191384 0.0191384 12 
-3.78973 2.93567 5 -0.0455108 0.0814166 -0.132133 3.88753 22 664 6824 6823 1 0.258097 0.258097 9 
5 -1.99016 4.27887 -0.422808 0.0724872 -0.277667 4.00594 22 665 26167 26166 1 0.510466 0.510466 38 
2.79488 -5 -3.41015 0.041169 0.18422 0.0551849 4.18896 22 666 16972 16971 1 0 0 5 
5 3.50664 3.00954 -0.213891 0.15599 0.228979 3.89193 22 667 8322 8321 1 0.289183 0.289183 14 
4.42505 0.537795 5 -0.205604 0.0945236 -0.404864 4.03716 22 668 1866 1864 1 0.0483192 0.0483192 9 
5 3.47698 0.742873 -1.60641 -0.0469825 -0.0255622 3.88153 22 669 8937 8936 1 0.327177 0.327177 34 
5 -2.35286 -0.60649 -0.484017 -0.277666 -0.0823951 3.83084 22 670 1559 1537 1 0 0 5 
5 0.639808 2.91415 -0.338782 -0.289352 -0.250243 3.92595 22 671 13718 13717 1 1.50409 1.50409 69 
5 3.60281 -2.2484 -1.79244 0.358601 1.52903 3.80656 22 672 6332 6331 1 0.0360708 0.0360708 24 
5 0.949194 -0.766192 -1.8406 -1.89191 1.8188 3.80567 22 673 14746 14642 1 0 0 5 
1.95391 1.26719 -5 -1.0263 -0.0648201 0.263695 3.85153 22 674 21119 21094 1 0.941075 0.941075 4 
3.31628 -0.85293 -5 -0.10393 -0.0134844 0.230315 3.76896 22 675 1531 1 1 1.69198 1.69198 46 
-3.77046 -3.55784 -5 -0.227203 -0.235162 0.209282 3.89067 22 676 1059 1 1 0 0 3 
3.07851 -5 -3.29421 -0.0438482 0.139515 0.0637446 3.84108 22 677 6674 5969 1 0.159226 0.159226 23 
5 2.49493 -1.16721 -9.46846 -0.118009 2.72471 3.79085 -11 678 8699 8698 1 4.01057 4.01057 16 
3.01222 -2.57595 -5 -0.348119 -0.192147 0.113533 3.84014 22 679 2642 2641 1 0.234393 0.234393 15 
5 3.94778 -0.639573 -0.4602 -0.249544 -0.311756 4.01767 22 680 4391 4390 1 0 0 4 
-1.90386 5 1.4159 -0.402592 -0.254619 0.224796 3.81483 22 681 10379 8867 1 1.20212 1.20212 43 
5 -0.407724 4.59043 -0.410928 -0.137894 0.991949 3.80203 22 682 2042 1 1 0.350815 0.350815 8 
5 -1.98332 2.31833 -0.801773 -0.145409 0.335632 3.8473 22 683 1349 1348 1 0.267973 0.267973 7 
5 -2.39792 1.2616 -5.37156 -2.60956 5.72173 3.80691 22 684 3049 2990 1 1.5092 1.5092 32 
3.75507 -2.46502 5 -0.258 -0.0886432 -0.132952 3.97155 22 685 19189 17707 1 0.180082 0.180082 30 
5 -0.25912 3.76769 -0.166834 -0.294029 -0.163613 3.89058 22 686 5914 5913 1 0.142965 0.142965 12 
5 0.491743 0.698613 -0.684906 -0.263978 0.87554 3.81659 22 687 15803 15759 1 0 0 4 
1.2329 5 3.34274 -0.567016 -0.443398 -0.00229298 3.85285 22 688 17355 17354 1 0 0 4 
5 0.902192 0.095514 -0.224182 0.078346 -0.334359 4.11686 22 689 4282 4280 1 0.321416 0.321416 32 
2.07553 -5 -2.70233 -0.135269 0.141167 -0.144756 3.99937 22 690 26480 26478 1 0 0 2 
5 2.0573 -0.722319 -0.715509 -0.0874755 -0.234282 3.90602 22 691 10033 10003 1 0 0 4 
3.87394 5 1.67572 -4.87586 -1.34175 -3.90817 3.81423 11 692 2932 2696 1 6.37887 6.37887 79 
5 -1.97522 -3.80907 -0.249228 -0.120485 -0.429521 4.11518 22 693 19292 19290 1 0.456293 0.456293 17 
5 1.37696 1.19947 -0.409582 -0.012297 -0.164795 3.99724 22 694 3534 3521 1 0 0 3 
2.39289 5 -4.32791 -3.59172 -1.17631 0.24118 3.88639 22 695 5945 5917 1 0 0 1 
5 3.23904 2.31243 -0.121038 -0.181401 -0.0112768 3.83097 22 696 7229 7152 1 0.217864 0.217864 33 
5 -1.53877 0.117666 -1.08571 0.254332 -0.942118 3.90761 22 697 9422 9413 1 0.571107 0.571107 36 
-2.39439 -2.46757 -5 -0.656357 -0.160739 0.828855 3.80213 22 698 32674 31171 1 0 0 1 
2.57804 1.93367 -5 0.0562795 0.228534 0.34491 3.81122 22 699 19246 19245 1 0.0207633 0.0207633 7 
3.84243 3.82615 -5 -0.585 -0.212221 0.657246 3.79304 22 700 2643 2525 1 0.311246 0.311246 23 
3.12786 -3.66954 -5 -0.325774 -0.245268 0.212234 3.83411 22 701 28067 18791 1 0.78983 0.78983 63 
2.23337 5 4.30099 -0.387377 -0.357114 0.243134 3.85739 22 702 2937 2878 1 0.154257 0.154257 33 
3.53895 5 -4.83247 -0.743712 -0.354103 1.13776 3.78358 22 703 24903 23745 1 0.162422 0.162422 31 
2.10629 -2.78193 -5 -0.860488 -0.331334 2.85314 3.76454 22 704 11679 11538 1 0.459123 0.459123 38 
5 0.140503 -2.67195 -0.814233 -0.943475 2.45796 3.78001 22 705 11426 11255 1 0 0 2 
5 2.03528 -0.0212654 -0.16497 -0.0522664 -0.150149 3.92494 22 706 5182 5163 1 0.517861 0.517861 6 
5 4.20478 -0.464055 -0.478591 -0.0870247 -0.156517 3.85547 22 707 4034 4033 1 0.197468 0.197468 20 
5 -4.24897 2.87821 -0.231657 -0.177687 -0.150137 4.03657 22 708 6999 6689 1 0 0 2 
1.54459 2.87928 5 -0.00906469 0.019031 -0.526828 4.04419 22 709 14132 14131 1 0.10909 0.10909 4 
5 -4.64169 3.07785 -0.181339 -0.0967928 -0.222295 3.95193 22 710 4860 4586 1 0.130806 0.130806 9 
0.520791 -1.86086 -5 -0.0821551 -0.124579 0.190135 4.05262 22 711 6926 6925 1 0 0 5 
3.7986 0.807807 5 -0.396838 0.00384184 -0.219683 4.0536 22 712 15193 15192 1 0.453261 0.453261 21 
3.05101 1.44872 -5 -0.878033 -0.641036 3.13135 3.76176 22 713 1623 1474 1 0.735356 0.735356 56 
5 -2.41154 -2.99019 -14.5057 -4.22278 15.4192 3.79061 22 714 4074 4049 1 2.88528 2.88528 56 
4.34043 5 3.10449 -0.0996665 -0.310991 0.126438 3.79971 22 715 9431 8722 1 0.385516 0.385516 12 
5 0.3599 -3.96742 -0.116164 0.296167 0.0701374 3.82096 22 716 15727 15723 1 0.699948 0.699948 54 
4.12944 2.11993 -5 -0.333616 -0.0580331 0.240821 3.80419 22 717 17949 17925 1 0.639174 0.639174 23 
5 -2.04641 0.161014 -0.496744 -0.0515378 0.108207 3.86032 22 718 3905 3869 1 2.7379 2.7379 31 
5 4.92029 0.747189 -0.439881 -0.0725741 0.284698 3.80815 22 719 14746 14533 1 0.126299 0.126299 5 
5 0.481715 3.58098 -0.24271 0.134505 -0.0863098 3.83126 22 720 3689 3655 1 3.98274 3.98274 13 
-0.624103 -4.89338 -5 0.0984059 0.11353 0.143422 3.90087 22 721 5266 5264 1 0.412325 0.412325 52 
5 3.98461 3.18151 -0.444392 -0.359852 0.421912 3.81153 22 722 4262 3669 1 0.285398 0.285398 10 
3.39266 -2.17293 5 -0.383483 -0.0632861 -0.331746 3.95741 22 723 1035 1034 1 0 0 8 
4.64687 -5 -1.06319 -0.302753 0.14137 0.0131035 4.13754 22 724 4145 4144 1 0.333966 0.333966 29 
-3.3536 3.74958 -5 -0.468254 -0.162578 0.124203 3.87349 22 725 4006 4004 1 0.185351 0.185351 5 
1.81763 1.24817 -5 -1.60241 -0.830797 2.83367 3.78374 22 727 5462 5402 1 4.58713 4.58713 40 
5 4.44024 -4.71481 -4.15683 -0.989561 -1.32577 3.82743 22 728 12834 12681 1 0.651456 0.651456 49 
-0.799778 -4.81534 -5 -1.48528 -1.80358 0.29642 3.85783 22 729 8330 8292 1 0.442101 0.442101 8 
5 -0.834696 -0.212733 -0.389396 -0.322292 -0.0749566 3.8785 22 730 6959 6957 1 0.147232 0.147232 19 
3.27439 5 -4.23094 -0.173863 -0.156284 0.260182 3.78462 22 731 11747 11549 1 0 0 7 
-4.02223 5 -1.429 -0.23641 -0.0901692 0.0121341 3.87848 22 732 3443 1478 1 0.528621 0.528621 53 
5 4.26181 -0.119002 -0.338532 -0.0106728 0.164298 3.82757 22 733 8202 8159 1 0.30845 0.30845 37 
3.36948 5 -4.54236 -0.133887 -0.492417 -0.0268323 3.78551 22 734 6415 6414 1 0.252611 0.252611 25 
4.8342 5 -3.39702 -0.580275 -0.176106 0.576785 3.80484 22 735 12987 12986 1 0.02075 0.02075 6 
5 -0.702137 -2.0504 -0.414923 -0.250747 1.45807 3.77644 22 736 7777 7276 1 0.0292422 0.0292422 24 
-3.42372 -0.528471 5 -0.379876 -0.353574 -0.914865 4.01784 22 737 4906 4871 1 1.0169 1.0169 5 
4.44605 -4.58795 -5 -1.01953 -0.700877 1.68485 3.7901 22 738 6626 6601 1 0 0 1 
5 0.383627 1.69275 -0.723401 -0.487672 0.161406 3.88583 22 739 5460 5408 1 5.19463 5.19463 63 
4.80097 0.344017 -5 -0.494245 -0.288488 0.137416 3.86474 22 740 23941 23940 1 0.35133 0.35133 39 
5 -0.0878948 -2.32973 -0.372997 -0.0734178 -0.046145 3.87494 22 741 7708 7322 1 0 0 4 
-3.55938 -2.50237 -5 -0.429332 -0.161075 0.225497 3.87973 22 742 28610 28575 1 0 0 2 
5 -2.1867 3.06262 -1.0275 -0.579681 -0.506043 4.91454 22 743 18533 18503 1 0.619498 0.619498 30 
5 4.93427 -0.440217 -0.263227 -0.120235 0.456686 3.79025 22 744 4508 4403 1 0 0 2 
5 -3.85748 4.88432 -0.317847 -0.166844 0.235341 4.0641 22 745 14662 14661 1 0 0 3 
5 2.7147 -2.43514 -0.489896 0.134026 -0.0562012 3.86807 22 746 8101 8100 1 0 0 6 
-2.44545 4.84935 5 -0.460045 -0.0923647 -0.698089 4.09808 22 747 11880 11785 1 0.492179 0.492179 28 
5 -2.73166 4.79153 -0.404231 -0.314555 -0.583768 4.16892 22 748 16361 16360 1 0 0 6 
5 3.85053 -3.18799 -2.64724 -0.559778 3.26985 3.79145 22 749 16049 16047 1 0.626666 0.626666 7 
5 -2.29063 3.31125 -0.867609 -0.0471123 0.714963 3.8178 22 750 3403 3301 1 0 0 1 
5 -4.88137 -1.59103 -0.291218 0.41653 0.0530536 3.82539 22 752 30446 30445 1 0.490367 0.490367 31 
4.41951 5 -3.42759 -1.81295 -0.469218 3.61213 3.77232 22 753 42130 42096 1 0.179881 0.179881 26 
5 1.35805 1.49986 -0.223181 -0.27399 0.161604 3.81858 22 754 6599 6597 1 0 0 1 
-0.10506 5 4.20365 -0.311704 -0.381839 0.122957 3.88974 22 755 17778 17777 1 0.735387 0.735387 46 
-0.263486 2.56252 5 -0.312691 0.012461 -0.227997 3.91963 22 756 8110 8106 1 0.386707 0.386707 29 
0.218081 5 -3.22512 -0.656026 -0.329772 -0.621832 4.02495 22 757 2863 2862 1 0 0 4 
5 3.82537 0.0443376 -0.378118 -0.293068 -0.179604 3.92509 22 758 2127 2108 1 0.0107627 0.0107627 9 
-0.293364 5 -4.72173 -0.30552 -0.0786686 -0.172207 3.92549 22 759 16179 16088 1 0 0 4 
5 -1.10915 -3.62213 -0.272859 -0.0882457 -0.422943 4.08287 22 760 6973 6971 1 0.00652084 0.00652084 9 
5 0.319312 1.26608 -0.269315 0.0293452 -0.141394 3.93145 22 761 13126 13125 1 0.243602 0.243602 5 
2.75893 -2.12019 -5 -0.203559 -0.38658 0.265026 3.7947 22 762 1441 1440 1 0 0 2 
5 -4.80117 -0.399287 -0.812033 -0.208026 -0.645638 4.00147 22 763 2166 2165 1 1.65588 1.65588 20 
-2.62091 0.398745 5 -0.265697 -0.0601042 -0.109821 3.98257 22 764 8327 7112 1 2.69822 2.69822 25 
5 1.69314 -4.91047 -0.376346 0.0737833 -0.0968979 3.8332 22 765 5213 5141 1 7.9268 7.9268 140 
-3.36686 5 -1.14332 -0.424573 -0.22544 0.173305 3.9451 22 766 8277 8248 1 0.784416 0.784416 62 
0.412962 -5 2.95512 -0.1433 0.200754 -0.0240431 3.99062 22 767 2122 2121 1 0.487731 0.487731 51 
2.48638 -3.2797 -5 -1.235 -1.28329 1.71981 3.79203 22 768 1150 1061 1 0.635569 0.635569 32 
5 1.32821 1.4725 -0.237304 -0.0617741 -0.44832 4.2439 22 769 22611 22609 1 0.270378 0.270378 33 
5 3.38331 0.834926 -0.353287 0.379543 -0.918849 3.81731 11 770 9045 8794 1 0.0137705 0.0137705 9 
5 -3.59119 -4.22138 -0.660635 -0.383834 -0.868451 3.98922 22 771 2211 2101 1 0.20274 0.20274 26 
5 -1.2065 -1.05153 -0.229522 -0.085351 0.360306 3.78354 22 772 2722 2701 1 0 0 6 
-1.35888 4.24329 5 0.151908 -0.249628 -0.300926 3.88891 22 773 6532 6401 1 0.502754 0.502754 30 
5 3.44801 -3.75686 -0.143822 0.176669 -0.185082 3.8557 22 774 14177 14141 1 0 0 6 
5 4.2843 4.48997 -0.778748 -0.187575 0.542667 3.84204 22 775 32578 30368 1 0 0 2 
-3.63268 -2.99946 -5 -0.460132 -0.10042 0.198277 3.82276 22 776 4499 4498 1 0.224123 0.224123 39 
-3.14461 3.75639 5 -0.485014 -0.0472917 -0.153767 3.93877 22 777 1940 1937 1 0.196777 0.196777 27 
5 -4.5483 1.95409 -0.785542 -0.239694 0.13757 3.80222 22 778 23306 23305 1 0.296726 0.296726 21 
2.75018 -2.23687 5 -0.270872 0.0822799 -0.425415 4.18234 22 779 3345 3344 1 11.0337 11.0337 34 
2.60257 -3.25989 5 -0.399698 0.237294 -0.786245 4.04441 22 780 2809 2808 1 6.73797 6.73797 9 
5 -0.00942808 4.04273 -1.51586 -0.67327 -0.242263 3.8824 22 781 2408 2373 1 0 0 4 
3.60646 -4.70725 -5 -3.11421 -2.02637 9.82562 3.76905 22 782 5755 5693 1 2.35428 2.35428 45 
4.81466 4.35714 -5 -0.470922 -0.429718 1.05237 3.77745 22 783 11805 11635 1 0.382838 0.382838 33 
5 -4.28564 3.38127 -0.406221 -0.205193 -0.23238 3.96747 22 784 1506 1486 1 0.800227 0.800227 17 
5 -0.0997562 -0.926257 -0.267552 -0.140313 0.16042 3.81605 22 785 1218 1 1 0 0 4 
5 3.41724 -4.32299 -0.351606 -0.344074 -0.138226 3.86511 22 786 2633 2632 1 0 0 5 
5 -0.514199 4.05742 -0.419776 -0.14054 0.519453 3.81244 22 787 2431 1 1 3.58786 3.58786 89 
5 2.27312 -3.94625 -6.73673 -2.20934 -1.97348 3.89735 22 788 8893 8781 1 0 0 5 
-3.48232 -1.57969 -5 -0.448865 -0.0760855 0.232058 3.86453 22 789 2140 2138 1 0.162427 0.162427 7 
5 -4.2739 0.301572 -1.90624 0.609635 1.05707 3.88117 22 790 17139 17079 1 0 0 5 
5 0.476832 -1.51909 -0.789663 -0.430782 -0.0765454 3.86356 22 791 1080 1 1 0.394401 0.394401 40 
5 0.405211 3.7417 -0.170618 -0.149948 0.0114511 4.00202 22 792 4429 4402 1 0.227047 0.227047 27 
5 -3.57506 0.21152 -0.301241 0.0128735 -0.0715903 4.06654 22 793 10416 10415 1 0.280113 0.280113 26 
5 2.94165 -0.713015 -0.151259 -0.112497 -0.474958 4.01966 22 794 4847 4839 1 0 0 3 
3.62113 2.54647 -5 -0.324228 0.0260155 0.118179 3.82751 22 796 6195 1 1 0.544111 0.544111 49 
-3.6003 -5 -1.22179 -0.119803 0.295148 -0.189667 4.05724 22 797 6022 5991 1 0 0 9 
5 -0.338181 -4.38609 -8.18442 -1.62147 9.00337 3.79175 22 798 14447 14446 1 10.6649 10.6649 30 
5 -4.6015 0.257271 -0.992307 -0.393732 1.7253 3.79289 22 799 10281 10129 1 0.032233 0.032233 10 
5 -3.00936 1.03766 -0.890517 0.127373 2.13394 3.80018 22 800 2508 2465 1 0 0 2 
-0.136056 3.36213 -5 -0.0377602 0.192377 0.0514312 3.84274 22 801 9775 9774 1 0.237615 0.237615 5 
-0.083781 4.16169 5 -0.189358 0.0557763 -0.150748 3.98669 22 802 1827 1339 1 0.849022 0.849022 69 
3.81219 -3.14216 -5 -0.765495 -0.114238 0.386579 3.81876 22 803 4958 4670 1 0.219813 0.219813 42 
2.40839 5 -2.30069 -0.406689 -0.18371 -0.248947 3.91048 22 804 2686 2685 1 0.3686 0.3686 32 
1.91143 5 -2.68617 -0.973808 -0.418485 1.29485 3.79525 22 805 2512 1 1 0 0 9 
5 2.7844 -0.860272 -0.357614 -0.320516 -0.174648 3.87254 22 807 4410 4380 1 0 0 9 
1.29853 4.15608 5 -0.465891 -0.0542288 -0.202793 4.06833 22 808 9176 9173 1 0.607572 0.607572 29 
4.89425 -0.487252 -5 -1.129 -0.781649 2.31321 3.77927 22 809 15335 15222 1 0.222068 0.222068 6 
5 -1.91015 3.67924 -0.321697 -0.125543 -0.376656 4.10314 22 811 11212 11211 1 0 0 3 
5 3.07438 2.5747 -0.503271 -0.0697883 -0.0544773 3.96052 22 813 2608 2606 1 0 0 1 
5 -2.93815 -0.513997 -0.534449 -0.235425 0.278347 3.80673 22 814 3310 1 1 3.62501 3.62501 68 
5 -1.32561 -3.2385 -1.01263 -0.135934 0.469517 3.8106 22 815 12501 12461 1 0.132998 0.132998 8 
5 -3.67089 3.71621 -0.190091 -0.198043 0.225062 3.84008 22 816 9478 9328 1 0 0 4 
5 4.22803 3.94218 -0.358793 -0.113369 0.257883 3.80772 22 817 7261 7169 1 0.63978 0.63978 32 
5 -1.36274 4.56642 -0.136697 -0.0835654 -0.0125291 3.88511 22 818 1274 1273 1 6.22194 6.22194 121 
5 -3.20742 -1.43784 -0.206882 -0.127655 -0.0088281 3.87319 22 819 2197 2065 1 0.276512 0.276512 13 
-2.01731 -0.400199 5 -0.465907 -0.0868999 -0.222553 4.93183 22 820 14804 14801 1 0 0 3 
1.19044 5 -3.94951 -2.34105 -0.474064 1.11639 3.81866 22 821 12924 12875 1 0.492888 0.492888 32 
5 -2.99735 -4.06266 -0.213969 -0.145447 -0.133153 3.98425 22 822 23922 23884 1 0 0 1 
5 3.41017 -4.12143 -0.483451 -0.06503 0.0854124 3.87726 22 823 8444 8400 1 0 0 3 
-0.744293 5 3.5507 -0.474061 -0.168948 0.0451091 3.85346 22 824 1676 1675 1 1.13521 1.13521 45 
-0.891074 2.18458 -5 -0.459346 -0.115011 0.536348 3.78228 22 825 2761 2658 1 1.94467 1.94467 70 
-2.09869 4.31358 5 -0.95721 -0.599718 -0.461536 4.06116 22 826 17064 17010 1 0 0 1 
-2.90142 0.786066 -5 -0.120496 -0.305926 0.272211 3.85198 22 827 1821 1795 1 1.57383 1.57383 82 
2.3263 2.20817 5 -0.325499 -0.0208041 -0.0900888 3.87128 22 828 3200 3146 1 6.73477 6.73477 93 
5 -2.50938 -4.82645 -0.239993 -0.11738 -0.10356 3.89814 22 829 16489 14903 1 0 0 1 
-3.08278 4.43084 5 -0.445748 -0.141234 -0.20611 3.9834 22 830 7129 7128 1 0 0 6 
-0.543344 -0.177886 5 -0.0280506 -0.0483436 -0.412408 4.15201 22 831 29339 29337 1 0 0 1 
3.55939 -1.75195 5 -0.254641 -0.169941 -0.0169216 3.89966 22 832 13747 13562 1 0.21214 0.21214 30 
3.01208 5 3.48518 -12.1318 -1.63213 6.21056 3.8235 22 833 8660 8610 1 0.506648 0.506648 38 
5 2.76395 -1.84173 -0.499886 -0.10599 0.000397383 3.83671 22 834 15248 15247 1 0.700103 0.700103 39 
-3.34403 5 1.44169 -0.270698 -0.228569 -0.258806 3.92352 22 835 22305 22279 1 0.267442 0.267442 30 
3.06364 1.31487 -5 -0.4391 -0.0163238 1.07263 3.77391 22 836 18390 16677 1 0.455723 0.455723 36 
3.96279 -5 1.15278 0.00754803 0.0997419 -0.313747 4.15638 22 837 4230 4227 1 0 0 5 
1.66146 5 0.29887 -0.160921 -0.224698 0.155022 3.82927 22 838 8587 8586 1 0.632157 0.632157 26 
5 -2.37677 3.79053 -0.27048 -0.217873 -0.374823 3.98612 22 839 16492 16491 1 0 0 2 
1.6723 0.307498 5 -1.00931 -1.21759 -1.45882 4.06209 22 840 3012 3011 1 0.222286 0.222286 35 
5 -3.48493 4.90773 -0.227154 -0.151792 0.431833 3.92636 22 841 1024 1023 1 0.4672 0.4672 5 
1.7889 5 -2.75614 -0.1172 -0.201218 -0.454858 3.83481 22 842 1199 1164 1 0 0 5 
-1.34668 -4.28286 -5 -1.09927 -0.43949 1.33941 3.78722 22 843 15792 15537 1 1.29618 1.29618 24 
5 -4.62847 4.28105 -0.63147 -0.456591 0.82288 3.85064 22 844 23122 23089 1 0.199241 0.199241 34 
5 -1.58892 2.64388 -0.302384 -0.12035 0.393954 3.88745 22 845 8283 8259 1 0 0 3 
5 4.17589 0.805278 -4.50064 0.424719 0.717908 3.84048 22 846 22022 21985 1 0 0 2 
0.978648 1.32237 -5 -0.649812 0.0973499 0.722336 3.77325 22 847 2394 1 1 10.7583 10.7583 202 
5 1.90574 -1.38897 -1.11458 -0.131599 0.305455 3.85891 22 848 1845 1844 1 0.281253 0.281253 5 
4.13871 -4.33806 -5 -0.807034 0.0261817 2.14976 3.76461 22 849 11184 10982 1 3.38877 3.38877 30 
5 -3.5146 0.634759 -0.492044 0.136181 -0.0216272 3.85412 22 850 41870 41844 1 0.0477088 0.0477088 2 
4.46769 5 -2.38229 -0.146809 -0.259665 0.459383 3.80806 22 851 23611 23475 1 0.324908 0.324908 2 
3.11147 -5 -0.303104 -0.0179132 0.20303 -0.155563 3.93718 22 852 4457 4455 1 0.255865 0.255865 40 
5 -3.4386 1.53156 -3.4007 -1.26435 3.5042 3.81066 22 853 10612 10432 1 0 0 7 
5 3.564 -4.59514 -0.595865 -0.305608 -0.69878 4.05929 22 854 19154 19153 1 0.315416 0.315416 34 
-1.85178 -2.9606 5 0.0171449 0.159537 -0.200777 3.91086 22 855 14824 14823 1 0.0275606 0.0275606 4 
5 0.798553 4.42065 -0.564371 0.0252515 0.526169 3.82204 22 856 4143 4114 1 0 0 2 
3.13225 3.14549 -5 -0.0986236 0.0435005 0.218008 3.79172 22 857 15604 15472 1 0.0293141 0.0293141 14 
4.24468 1.82798 5 -0.299399 -0.243444 -0.334985 4.10246 22 858 24379 24343 1 0 0 1 
-1.91029 5 -3.30865 -0.296954 -0.15856 -0.384444 4.15744 22 859 7202 7201 1 0 0 2 
2.5972 5 1.29689 -0.245751 -0.0582096 -0.242613 3.9645 22 860 13747 13746 1 0 0 5 
3.41124 5 -0.446364 -0.256444 -0.105372 -0.160373 3.91635 22 861 21785 21760 1 0.625942 0.625942 35 
5 -3.38193 -3.66238 -0.317247 -0.187177 -0.0415522 3.90565 22 862 15557 15556 1 0.37038 0.37038 28 
-2.20774 -2.39677 -5 -1.66847 -0.66576 2.60986 3.78953 22 863 9587 9527 1 0.398191 0.398191 38 
0.990505 5 -0.686357 -1.37198 -0.257842 0.719244 3.82045 22 864 1044 1024 1 0.282138 0.282138 4 
2.5337 5 0.455415 -0.551155 -0.569047 -0.460386 4.02366 22 865 14283 14254 1 0.0113224 0.0113224 4 
5 2.49906 0.088655 -0.420017 -0.277291 -0.0884039 3.86135 22 866 4212 4180 1 3.11963 3.11963 70 
5 2.7668 2.37763 -0.123859 -0.138949 -0.196286 3.80957 22 867 1480 1 1 2.78661 2.78661 13 
2.14331 -2.32261 -5 0.0988065 -0.386565 0.107686 3.81761 22 868 5092 5091 1 0 0 5 
5 0.325505 -4.27945 -0.276567 0.0167279 0.0488011 3.8263 22 869 9529 9528 1 0.225751 0.225751 5 
5 4.52338 -3.71125 -0.826539 -0.218419 1.68299 3.77859 22 870 14125 13925 1 0 0 7 
5 3.74172 -4.76185 -4.74686 1.90006 -0.964152 3.85191 22 871 12135 12031 1 0 0 5 
5 -0.51211 -4.74026 -0.583729 0.00622573 0.202674 3.82763 22 872 5202 5034 1 0 0 6 
-0.976809 0.0909367 -5 -0.703126 -0.304635 0.139715 4.87837 22 873 25109 25021 1 1.30073 1.30073 5 
5 2.39129 0.688287 -0.366339 0.17249 0.398763 3.79732 22 874 5140 4782 1 0.315444 0.315444 50 
2.50133 3.34864 5 -0.524474 -0.0307459 -0.157197 3.83276 22 875 10782 10727 1 7.05695 7.05695 58 
0.727546 3.64784 -5 -0.127293 -0.0899464 0.137828 3.89595 22 876 11735 11709 1 2.0663 2.0663 32 
5 -1.37762 -2.45973 -0.308428 -0.110194 -0.0781087 3.92716 22 877 15726 15675 1 0.149915 0.149915 8 
3.43135 5 4.16869 -0.214507 -0.394154 -0.0325103 3.93653 22 878 54079 53882 1 0.0127171 0.0127171 2 
-3.33159 -0.391173 -5 -0.246011 0.0492548 0.478184 3.81128 22 879 6060 5889 1 0 0 7 
-1.25746 5 -3.78745 -0.280029 -0.0990867 0.136137 3.81485 22 880 4908 4055 1 0.541419 0.541419 37 
5 -4.62928 -3.9391 -37.6803 -13.4125 -6.04414 7.0942 2112 881 3918 3848 1 0 0 6 
5 -1.48294 -0.344126 -1.55308 -0.618538 0.726907 3.8415 22 882 2590 2512 1 0 0 8 
-4.76374 3.55219 -5 -0.513012 0.0245701 0.762945 3.79421 22 883 1184 1 1 0 0 1 
5 3.57534 -3.63219 -0.223174 -0.194533 -0.533835 4.02488 22 884 1557 1219 1 1.38141 1.38141 31 
5 -3.60774 1.92044 -0.41385 -0.216729 0.154017 3.87244 22 886 4446 4261 1 0.354014 0.354014 17 
2.86516 1.3592 5 -0.144401 -0.122722 -0.474561 4.18943 22 887 1042 1040 1 0.311633 0.311633 25 
-1.90997 5 2.649 -0.079738 -0.264302 0.0317397 3.90582 22 888 2322 2283 1 0.450967 0.450967 14 
0.261973 5 0.802619 -1.80646 -1.22452 -3.42882 4.16649 22 889 4093 4032 1 0 0 2 
5 -1.36244 -2.9331 -0.447711 -0.165227 -0.182687 3.86914 22 890 2433 2412 1 0 0 5 
5 -0.515631 2.0774 -43.4922 -27.2332 30.733 6.25906 2112 891 8172 8140 1 0.22542 0.22542 39 
5 -1.11939 0.627264 -0.406292 -0.114584 0.189255 3.8376 22 892 5363 1 1 0.637462 0.637462 19 
-1.82871 5 4.58793 0.0392255 -0.0701839 -0.114732 3.90889 22 893 19890 19889 1 0.13996 0.13996 11 
5 -4.81047 4.36982 -0.336502 -0.145714 -0.218683 3.94397 22 894 10423 10398 1 0 0 2 
4.09123 -4.26134 -5 -0.098868 0.0259971 0.224196 3.88768 22 895 1507 1484 1 0.175091 0.175091 36 
2.18717 5 -0.657432 -0.189336 -0.13945 -0.115747 3.84765 22 896 28861 28860 1 0.194987 0.194987 27 
-0.432884 -1.34862 -5 -0.848329 -0.167275 2.41501 3.76708 22 897 13585 13328 1 0 0 3 
5 -3.7786 -3.84832 -0.17323 -0.0350633 -0.467173 4.05685 22 898 12132 12015 1 0 0 2 
5 0.808005 -4.58734 -0.325398 -0.193496 -0.0142778 3.84505 22 899 2617 2025 1 0 0 6 
5 2.2074 -0.808272 -2.20726 0.468053 1.79441 3.82943 22 901 7708 7628 1 0 0 5 
5 4.80811 -4.64312 -0.22496 -0.00721142 0.066854 3.84703 22 902 14248 13064 1 0.068906 0.068906 9 
5 4.3173 -4.04787 -8.39083 -0.802887 12.52 3.78189 22 903 10408 10366 1 0.451711 0.451711 8 
5 1.13398 -0.0218648 -0.782016 0.590586 -0.550773 3.88559 22 904 1026 1 1 0.267128 0.267128 11 
5 -0.832585 2.03001 -0.390327 0.0189593 0.583161 3.81698 22 905 22639 22517 1 0 0 3 
5 4.07783 -4.51228 -0.434093 -0.124173 0.0254925 3.86892 22 906 46405 46370 1 0 0 1 
5 0.385343 2.10027 -0.343257 -0.0911409 0.0510641 3.84525 22 907 1114 1 1 0.203681 0.203681 38 
5 0.5213 -0.733676 -0.845607 -0.437067 1.09015 3.79628 22 908 1626 1 1 0 0 5 
5 -1.98519 0.600522 -0.389567 -0.277361 -0.180078 3.92802 22 909 32977 32976 1 0 0 2 
5 0.806506 -4.99961 -0.859382 -0.717874 -0.536211 3.85044 22 910 2266 2265 1 1.19374 1.19374 40 
4.41118 -3.47912 -5 -0.413078 -0.381867 0.173883 3.80617 22 911 1689 1614 1 3.9163 3.9163 53 
5 4.54665 3.96674 -1.7857 -2.51094 -0.747756 3.90366 22 912 15102 15051 1 0 0 4 
5 2.4263 -4.05358 -0.433253 0.0576782 0.152667 3.87619 22 913 3291 3290 1 0.527771 0.527771 19 
5 -0.944247 3.90718 -0.384351 0.0413115 0.0619856 3.87907 22 914 15930 15829 1 0.186442 0.186442 5 
5 3.65785 2.70984 -0.447005 0.222719 -0.108178 3.96563 22 915 1367 1346 1 0 0 5 
2.66274 -4.83453 -5 -1.58499 -0.730084 2.19575 3.7773 22 916 13286 13285 1 4.86177 4.86177 76 
-3.87559 5 -2.47205 -0.51127 -0.19842 0.112411 3.89984 22 917 13744 13684 1 0 0 6 
5 -4.80577 -4.05198 -0.57073 -0.107788 0.61666 3.79239 22 918 3153 1 1 0 0 5 
1.57256 0.919243 5 -0.0954532 -0.215027 -0.381642 4.14036 22 919 9326 9325 1 0.417327 0.417327 25 
5 -3.9635 -4.89673 -0.35201 0.0593768 -0.365627 3.94913 22 920 22743 22711 1 0 0 4 
5 -1.86142 4.14512 -0.776941 -0.808498 -0.0349209 3.8906 22 921 1816 1814 1 0 0 4 
5 -0.304305 0.505547 -0.3257 0.000129298 0.0186798 3.99432 22 922 15432 15431 1 0.325564 0.325564 38 
-0.669311 5 -1.29978 -0.0729702 -0.0655927 -0.282516 4.13469 22 923 10980 10979 1 0.515893 0.515893 53 
-1.8218 3.02241 -5 -4.37332 -0.437877 7.98209 3.77512 22 924 10480 10289 1 0.0618227 0.0618227 14 
4.32467 2.45531 -5 -0.411882 -0.174222 0.247223 3.82791 22 925 31662 31632 1 0 0 4 
-2.2118 5 4.66084 -0.425042 -0.394661 -0.590953 4.12409 22 926 2472 2470 1 0.617904 0.617904 24 
5 -1.098 -2.07822 -0.164998 -0.0927269 0.14833 3.81301 22 928 5626 5486 1 0.620963 0.620963 21 
5 -1.98626 3.54609 -0.302489 -0.136422 -0.103732 4.00913 22 929 7974 7956 1 0 0 2 
1.42751 2.14443 -5 -0.434616 -0.132675 0.233723 3.84071 22 930 18521 18518 1 0.510493 0.510493 32 
5 1.02689 2.04908 -0.215014 -0.00877059 -0.255129 3.98267 22 931 11769 11768 1 0 0 4 
0.805226 -4.10045 5 -0.316536 -0.0532172 -0.312524 4.04729 22 932 3586 3585 1 0.484161 0.484161 53 
2.60269 -2.46249 -5 -0.731226 -0.672184 1.40619 3.77567 22 933 4525 4453 1 0.299622 0.299622 21 
-2.54098 0.808535 5 -0.0689573 0.00990195 -0.193161 3.99624 22 934 13846 13726 1 0.123048 0.123048 4 
5 -3.66072 4.08711 -0.367095 -0.253725 -0.248967 3.96688 22 935 4756 4755 1 0.179025 0.179025 6 
4.12178 -4.38885 5 -0.041315 -0.348517 -0.717797 4.07463 22 936 10599 10598 1 0 0 6 
5 3.31346 0.564678 -0.48456 -0.133532 -0.0921454 3.86001 22 937 1827 1826 1 3.95099 3.95099 62 
5 -3.92241 0.135529 -3.26123 -1.47892 3.12563 3.82592 22 938 1402 1369 1 0.465972 0.465972 20 
2.2075 -3.5959 -5 -0.21748 -0.064717 0.0387804 3.97988 22 939 4054 3991 1 0 0 8 
5 -1.11904 2.03548 -0.336089 -0.0798713 -0.00472821 3.94568 22 940 1784 1756 1 2.20385 2.20385 114 
5 2.736 0.601834 -0.500678 -0.00983292 0.10171 3.80872 22 941 12208 12207 1 5.51636 5.51636 141 
5 -4.06801 2.9883 -2.33987 -1.80501 1.26384 3.81856 22 942 25756 25708 1 4.73773 4.73773 83 
1.7021 -5 -1.25139 0.083966 0.109494 0.202447 4.31734 22 943 13422 13336 1 0.214431 0.214431 36 
5 0.450766 -0.722183 -1.05703 -0.846607 0.9303 3.8308 22 944 1573 1543 1 0.51065 0.51065 20 
0.56148 1.30642 5 -0.0229529 0.0397989 -0.233983 3.96849 22 945 17813 17812 1 0.253448 0.253448 28 
3.70904 -3.32836 -5 -1.91511 -0.887671 1.81654 3.81869 22 947 13166 13165 1 3.34245 3.34245 37 
2.01005 1.55276 5 -1.74445 0.0178519 -3.39876 4.15839 22 948 4797 4796 1 0.630226 0.630226 68 
-1.72384 -5 -2.90086 -0.0773409 0.199682 -0.125548 4.0208 22 949 43847 43804 1 0 0 1 
2.23607 0.568385 5 -0.264916 -0.118688 -0.155522 3.86317 22 950 8900 8789 1 0 0 7 
5 -4.15379 4.68347 -0.317484 -0.368278 -0.157146 3.97351 22 951 20979 20978 1 0.216704 0.216704 4 
5 -1.72525 4.02768 -0.74791 0.22317 -0.0150745 3.82445 22 952 13914 13853 1 0 0 5 
-1.50509 -2.27689 5 -0.466332 -0.147996 -0.147484 3.97982 22 953 6426 6425 1 0.21286 0.21286 30 
2.50139 -1.99707 -5 -1.04048 -0.460609 0.932346 3.81123 22 954 26666 26637 1 0 0 3 
-2.79738 -0.641226 -5 -18.6222 -3.16975 27.8432 9.27586 2112 955 4375 4330 1 0.0163413 0.0163413 2 
1.37014 -3.95487 5 0.108308 -0.101867 -0.375837 4.1158 22 956 18950 18949 1 4.03779 4.03779 52 
4.36701 4.66061 -5 -0.991292 -0.513286 2.34102 3.78692 22 957 9167 8882 1 0.645768 0.645768 6 
5 -3.70393 -0.666347 -0.474027 -0.203645 0.541436 3.82375 22 958 6822 4076 1 0 0 4 
5 3.57733 2.2784 -0.979034 0.0359312 0.858385 3.87538 22 959 5739 5738 1 0 0 1 
5 -0.123685 1.92784 -8.30825 -4.48333 10.0801 3.81279 22 960 15973 15923 1 0 0 1 
3.76256 0.403371 -5 -1.18011 -0.554331 2.09746 3.7597 11 962 1915 1893 1 2.13353 2.13353 41 
4.87703 -3.03202 5 -0.623233 -0.188917 -0.317083 3.9535 22 963 34876 34857 1 0.335954 0.335954 5 
5 -3.26943 0.848529 -0.128771 -0.348797 -0.12721 3.94465 22 964 29353 29315 1 0.210326 0.210326 27 
-2.27576 2.26557 5 0.0562606 0.0688944 -0.326944 4.07753 22 965 9232 9231 1 0.338479 0.338479 26 
5 -2.80571 -3.81932 -0.378916 -0.214302 0.267614 3.8184 22 966 14641 14640 1 0.170886 0.170886 16 
1.79883 -3.96867 -5 -0.330233 -0.287973 0.419361 3.79087 22 967 4844 4823 1 0.483652 0.483652 39 
5 3.18927 -0.764676 -0.428594 -0.073277 0.748741 3.77832 22 968 10663 10221 1 0 0 7 
-2.95457 2.62413 5 -0.35477 -0.00318073 -0.188388 4.10745 22 969 14299 14298 1 0.510813 0.510813 17 
-4.17895 4.51447 5 -0.189354 -0.0267556 -0.3624 4.08447 22 970 2878 2877 1 0.445467 0.445467 49 
5 1.00823 1.20736 -0.167873 0.248042 0.0242402 3.82459 22 971 1178 1 1 0.104674 0.104674 4 
5 4.97761 -0.344588 -0.68849 -0.270738 1.69526 3.78943 22 972 1336 1 1 0.0335369 0.0335369 14 
5 -3.61591 4.76382 -0.241825 -0.112305 -0.01842 3.89145 22 973 2327 2259 1 0.312545 0.312545 47 
-0.814582 5 -2.92933 0.0326404 -0.217074 0.0649324 4.05808 22 974 16194 16192 1 11.5305 11.5305 211 
5 1.43247 3.81049 -0.350039 -0.128565 0.52062 3.80697 22 975 8189 6630 1 0.065385 0.065385 11 
5 2.42357 -0.0515145 -0.430739 0.0655234 0.00870646 3.86243 22 976 16781 16765 1 0.750921 0.750921 43 
3.3792 -3.77827 -5 -0.458769 -0.195014 0.621928 3.78254 22 977 1940 1856 1 0.0689285 0.0689285 7 
5 -4.70317 1.43877 -0.910614 -0.570093 0.307222 3.83685 22 978 6939 6928 1 3.65362 3.65362 100 
2.10529 2.2437 -5 -0.583806 0.0721168 0.196837 3.82265 22 979 3300 3257 1 0 0 5 
5 -3.53455 -1.47155 -0.327463 -0.212506 0.505191 3.80541 22 980 6000 5790 1 1.02974 1.02974 50 
3.94826 -1.58237 -5 -0.0927346 -0.133179 0.342856 3.83709 22 981 12403 12402 1 0 0 5 
5 -0.464542 0.877911 -1.18376 -0.483083 0.0686854 3.82626 22 982 8196 8101 1 0 0 3 
5 0.96758 0.959992 -1.05448 -0.393546 0.309467 3.85363 22 983 3248 3120 1 1.18327 1.18327 72 
5 3.31124 2.35142 -0.304277 -0.0916392 -0.400172 3.96787 22 984 4467 4434 1 0.350687 0.350687 9 
5 0.971862 -1.83717 -0.176458 -0.0246954 -0.192337 3.94413 22 985 3759 3758 1 0 0 6 
1.58177 -3.51754 -5 -4.44473 -1.55261 15.716 3.76868 22 986 23693 23634 1 0 0 1 
-3.97874 5 -1.02048 -0.179638 -0.117884 0.00953593 3.88417 22 987 15562 15561 1 0 0 3 
2.54608 3.70536 -5 -2.18023 -0.707149 4.4959 3.77757 22 988 7748 7263 1 0 0 2 
-0.153341 2.57157 -5 -0.684213 -0.14447 0.489298 3.80019 22 989 2311 2310 1 0.253919 0.253919 42 
5 0.685208 -0.813886 -0.0992595 -0.0615438 0.0972917 3.91337 22 990 3239 3199 1 0.37006 0.37006 26 
5 2.45788 2.90272 -1.0615 0.911085 -0.598899 4.04667 22 991 4917 4916 1 0 0 1 
5 -0.136463 1.987 -0.584392 -0.161318 1.56496 3.78801 22 992 1484 1213 1 1.35058 1.35058 39 
-0.196645 5 -1.03651 -0.0773834 -0.189413 0.156056 4.01054 22 993 5213 5212 1 0.209553 0.209553 30 
5 4.60889 -3.09717 -1.75347 -0.153996 1.1392 3.81612 22 994 3569 3567 1 0.425388 0.425388 9 
5 0.0668428 -3.36814 -0.0394212 -0.318994 0.3679 3.80927 22 995 14071 14070 1 0.119116 0.119116 5 
-1.68215 -4.63085 -5 -0.286189 -0.143627 0.39823 3.78683 22 996 28662 28643 1 0 0 3 
-0.521104 0.146004 -5 -3.86018 -0.55042 3.21113 3.80369 22 997 4206 4046 1 1.29897 1.29897 20 
-2.2466 -4.89377 -5 -0.232634 -0.122937 0.971354 3.76871 22 998 1180 1 1 0.557437 0.557437 60 
5 4.30833 0.862036 -0.427654 -0.000253731 -0.0487315 3.84548 22 999 11373 11372 1 0.0577642 0.0577642 10 
5 -0.473801 -4.50769 -2.00773 -0.972529 0.594313 3.831 22 1000 10672 10504 1 0 0 2 
