# Det3_5_18
#x y z Px Py Pz t PDGid EventID TrackID ParentID Weight Edep VisibleEdep Ntracks
0.133649 -5 -3.82687 0.565733 0.298176 -0.0674734 3.9417 11 1 2988 2963 1 7.75018 7.75018 126 
4.43613 1.98764 -5 -0.437659 0.225876 1.44189 3.93281 22 2 9231 9230 1 5.10098 5.10098 102 
3.71138 -1.61446 5 -1.52985 0.0479129 -1.004 4.03029 22 3 10982 10956 1 0.240173 0.240173 15 
5 -1.08303 -1.91547 -3.49582 -1.58757 -1.09244 4.05655 -11 4 3812 3811 1 3.51289 3.51289 43 
2.42346 1.0495 5 -0.335567 0.104129 -0.371042 4.08393 22 5 7261 7260 1 0.877676 0.877676 51 
5 -1.3624 -4.32265 -0.251797 -0.192709 0.678281 3.94071 22 6 27197 27196 1 0.478478 0.478478 11 
-0.12414 5 -0.18089 -0.384417 -0.220803 0.00345722 3.97816 22 7 5343 5298 1 0.209077 0.209077 16 
5 0.171877 -1.50167 -0.289894 0.0463906 -0.141743 4.06301 22 8 20548 20473 1 0.241875 0.241875 6 
5 0.407922 -4.80715 -2.14639 24.8075 38.5173 3.92388 11 9 1842 1813 1 12.6145 12.6145 149 
3.39124 -3.21228 -5 -0.257396 -0.0101565 0.476459 3.93683 22 10 15667 15485 1 0 0 7 
5 -3.22862 4.25733 -0.322183 0.101345 -0.106659 4.04875 22 11 13249 12661 1 0.620933 0.620933 30 
-4.0785 -5 0.576483 0.157193 0.340442 -0.308634 4.03255 22 12 6905 6898 1 0.00491661 0.00491661 11 
2.92466 -1.88432 -5 -1.56235 -0.13263 4.81804 3.935 22 13 3284 3230 1 0.0655518 0.0655518 12 
5 -4.46254 1.04904 -0.326617 -0.13948 0.137101 3.9964 22 14 5083 4895 1 3.18562 3.18562 89 
4.4903 -1.24796 -5 -0.103276 0.0965258 0.435772 3.92979 22 15 2801 1 1 7.99981 7.99981 219 
0.719159 1.38455 -5 0.10639 -0.314892 0.388129 3.94952 22 16 1243 1242 1 8.34106 8.34106 49 
5 4.96277 -2.1991 -0.569833 0.578135 0.66243 3.95959 22 17 2064 1930 1 0.712725 0.712725 33 
5 3.02991 3.07751 -0.0963911 -0.295506 -0.267713 4.08546 22 18 2036 1974 1 3.38136 3.38136 53 
5 -1.94507 -1.16076 -0.444618 0.0541957 0.522188 3.95594 22 19 4658 4625 1 0 0 5 
5 -3.47352 -4.7575 -0.396208 0.128593 -0.163965 3.98991 22 20 1258 1257 1 0.388609 0.388609 36 
5 -3.35619 -0.259089 -0.262134 -0.1502 0.286664 3.99473 22 21 2382 2381 1 0.0870759 0.0870759 10 
4.02686 5 -3.35867 0.0872714 -0.155187 0.237401 3.95029 22 22 1912 1890 1 9.40488 9.40488 67 
5 -2.15371 1.58573 -0.167797 -0.133468 0.0262102 4.04765 22 23 14037 14036 1 0.230743 0.230743 17 
5 -1.77727 2.64182 -0.685997 -0.357703 3.75199 3.94911 22 24 1409 1224 1 8.21287 8.21287 222 
2.85565 4.2071 -5 -0.437144 -0.0698513 0.255237 3.95731 22 25 2643 2642 1 20.9458 20.9458 236 
-4.99491 1.40615 -5 -0.656177 0.760259 0.778264 3.95471 22 26 7828 7754 1 1.5685 1.5685 61 
0.587845 -3.8549 5 -0.339077 -0.0190475 -0.381817 4.08566 22 27 3026 3025 1 2.88922 2.88922 100 
-2.61098 -2.38775 -5 -0.0777214 -0.0567882 0.416154 3.94012 22 28 2527 2526 1 3.50621 3.50621 50 
-1.16096 5 3.50962 0.458975 -0.215965 0.0618144 4.02666 22 29 2370 2369 1 0.349711 0.349711 31 
5 -3.94811 2.60592 0.251106 0.627803 -0.5529 3.96698 -11 30 1485 1484 1 4.9665 4.9665 51 
2.6629 -1.23314 -5 -1.32131 -0.398672 2.21227 3.93974 22 31 1857 1711 1 0.483506 0.483506 17 
4.5368 1.72523 -5 -0.399485 -0.0856278 4.54807 3.92107 22 32 2073 1040 1 2.16481 2.16481 99 
5 -2.31659 -1.49648 -0.174866 -0.0818538 0.250334 3.95122 22 33 3015 2863 1 1.90836 1.90836 120 
5 -3.87514 1.21431 -0.394515 -0.183097 0.268241 4.02948 22 34 1915 1894 1 3.71288 3.71288 39 
3.14833 -5 -0.322869 -0.129749 0.29867 0.393804 3.9529 22 35 1093 1075 1 6.09454 6.09454 88 
1.29281 5 -3.63155 -0.287867 -0.151906 0.119516 4.00212 22 36 5016 4996 1 0.341542 0.341542 52 
4.80148 -3.14194 -5 -0.189099 -0.00774055 2.32482 3.9205 22 37 3453 1984 1 6.74131 6.74131 119 
4.51162 -1.90809 -5 -0.128868 -0.00550531 0.296352 3.93109 22 38 7292 7134 1 0.205152 0.205152 18 
4.71926 0.00654969 -5 0.325874 -0.288161 0.257445 3.95794 22 39 2989 2975 1 0.284745 0.284745 52 
5 -0.593971 -2.79894 -0.418698 -0.176248 -0.233984 3.96005 22 40 4339 4338 1 2.17042 2.17042 72 
-0.679056 -5 -2.5515 -0.101232 0.134308 0.255618 4.0621 22 41 3289 3288 1 0 0 8 
-0.481839 1.79486 -5 -1.25774 -0.0225698 3.29068 3.93379 22 42 16920 16731 1 0 0 12 
5 1.60607 3.75508 -0.558159 0.149124 -0.257713 4.1086 22 43 28184 28130 1 0 0 1 
5 2.3495 2.54998 -0.730105 -0.109685 1.46828 3.94921 22 44 3398 3185 1 18.5597 18.5597 190 
5 -0.819602 -2.33099 -0.466105 0.156948 -0.138686 4.02808 22 45 10366 10365 1 1.81027 1.81027 55 
5 3.85382 2.43892 -1.28842 0.313935 -0.272793 4.10228 22 46 6391 6372 1 2.34212 2.34212 17 
-2.45588 -0.69479 -5 -0.959914 -0.053773 2.23147 3.9414 22 47 2487 2316 1 0.587011 0.587011 29 
5 1.12378 -3.09206 -3.53739 0.611736 -2.58034 4.08071 22 48 1699 1698 1 5.19293 5.19293 105 
3.88395 -5 0.0453534 -0.0357339 0.1757 0.037208 3.96181 22 49 1687 1686 1 0.31904 0.31904 20 
2.89042 -1.55191 -5 -2.78297 -0.515811 2.54394 3.96435 22 50 3572 3440 1 0.146622 0.146622 11 
5 -3.91529 2.4061 -4.20434 -1.87656 1.65701 3.95099 -11 51 2047 2046 1 5.31312 5.31312 32 
5 -2.21745 -2.69503 -0.711896 -0.696264 2.15127 3.9396 22 52 6384 6190 1 0.689231 0.689231 38 
2.69586 -5 2.64728 -0.660896 0.506704 -0.0500939 3.96562 22 53 1268 1240 1 3.63047 3.63047 73 
-2.42156 0.771315 -5 -0.673598 0.0752431 1.95507 3.93451 22 54 4427 4280 1 0.381541 0.381541 15 
4.33621 -5 -2.31433 -0.448399 0.00528627 0.24501 3.96455 22 55 4794 4793 1 0.386644 0.386644 13 
4.71045 0.12335 5 -0.406733 -0.192194 -0.242383 4.07908 22 56 1508 1507 1 2.6671 2.6671 36 
5 -4.02795 3.27616 -0.30206 -0.13846 0.27788 4.11915 22 57 3637 3636 1 0 0 11 
-2.25596 -1.4187 -5 -0.641906 0.50394 1.95431 3.95338 22 58 1157 1094 1 1.52118 1.52118 10 
-1.79819 -5 -2.15751 -0.54447 0.073896 0.42323 3.98292 22 59 2407 2390 1 6.75827 6.75827 64 
-1.58283 -1.23621 -5 -1.18355 -0.729615 2.66777 3.92447 22 60 6768 6661 1 7.32997 7.32997 223 
1.48551 -5 1.86019 -0.46855 0.0583151 -0.195397 4.06234 22 61 8042 8041 1 0.692068 0.692068 41 
5 4.44484 -1.80619 -2.23412 0.248755 -0.712991 4.12664 22 62 2453 2449 1 0.182088 0.182088 44 
1.3126 -5 4.67179 -0.0700833 0.268617 0.135105 4.07677 22 63 3276 3274 1 0.213765 0.213765 9 
3.80984 -4.09822 -5 -0.262646 -0.0370528 0.397787 3.96977 22 64 2631 2628 1 0.609408 0.609408 49 
0.898088 -4.09882 -5 0.0657646 0.0731302 0.278332 3.98661 11 65 2198 2172 1 0.793585 0.793585 30 
2.35494 3.62714 -5 -0.340772 0.0176746 0.407824 3.94741 22 66 1577 1227 1 0.312463 0.312463 44 
5 2.01309 -0.523043 -0.537679 0.198685 0.499166 3.95539 22 67 9046 8991 1 11.3482 11.3482 98 
-0.0880499 -3.05412 -5 -0.125686 -0.106081 0.317199 3.93697 22 68 1128 1113 1 6.27127 6.27127 141 
1.18677 3.90082 -5 0.0231771 0.081832 0.18592 3.9482 22 69 3689 3487 1 1.57722 1.57722 11 
2.96088 -5 -1.91304 0.081455 0.192951 0.116372 4.02906 22 70 7156 7154 1 6.42468 6.42468 52 
5 4.16898 2.56827 -3.10645 -0.989914 2.59337 3.98775 22 71 3746 3576 1 3.22998 3.22998 56 
5 -4.92616 2.55554 -0.156491 0.314159 0.371395 3.96798 22 72 5212 5198 1 1.45909 1.45909 40 
5 -0.111077 -2.21179 -0.434754 0.0263648 -0.267234 4.07426 22 73 4514 4513 1 0.236781 0.236781 15 
5 1.64664 -2.88111 -0.318671 0.0378807 0.39766 3.94969 22 74 2502 2499 1 6.46871 6.46871 135 
-0.122298 -5 -2.03524 0.29215 0.308018 0.284418 3.9585 22 75 1846 1844 1 5.37439 5.37439 61 
5 2.74423 -1.19838 -0.524722 -0.010168 2.75715 3.94013 22 76 6844 6605 1 0.142779 0.142779 58 
5 4.68819 3.59368 -0.497143 -0.0992116 0.0642355 3.99912 22 77 4034 4010 1 11.5137 11.5137 110 
5 2.96129 -1.3118 -0.364002 0.184148 0.307754 3.96285 22 78 2499 2454 1 0.560985 0.560985 38 
5 -0.453916 -3.20572 -0.0955539 0.0866123 0.508392 3.93145 22 79 1772 1651 1 16.1719 16.1719 353 
5 -4.34662 2.34087 -0.187095 -0.0572516 -0.217104 4.03683 22 80 2431 2301 1 0.461502 0.461502 32 
5 0.553068 -4.53112 -0.118984 -0.0672477 1.78339 3.92232 22 81 2176 1820 1 13.3954 13.3954 246 
4.26314 -0.0736929 -5 -0.127292 0.00964342 0.251419 3.94622 22 82 1107 1105 1 15.1801 15.1801 234 
3.52352 -5 0.941473 -0.246016 0.0779293 0.101358 3.96749 22 83 1156 1 1 3.60184 3.60184 70 
5 4.86917 0.301371 -0.150871 -0.0215377 0.098087 3.96093 22 84 5466 5335 1 0.180875 0.180875 24 
5 -2.92691 1.81017 -0.136187 -0.01348 0.160749 4.03278 22 85 3228 3227 1 5.58501 5.58501 113 
5 -0.0484616 -0.131264 -0.767768 -0.547589 7.25386 3.93804 22 86 2012 1903 1 0.182642 0.182642 16 
0.197308 0.730673 -5 0.406847 0.108879 0.28938 3.95668 22 87 1613 1603 1 0.351929 0.351929 68 
-3.52497 4.10367 -5 -0.606857 0.303441 0.375747 4.98591 22 88 3993 3926 1 0.695358 0.695358 29 
4.71469 -5 -4.82645 -0.719265 3.68596 -1.03412 3.94519 -11 89 2307 2306 1 3.53114 3.53114 74 
5 3.2037 1.77806 -0.480353 -0.164508 0.0575999 4.09416 22 90 3917 3906 1 5.37529 5.37529 86 
5 3.41902 3.20942 -2.83176 -5.74182 1.97975 4.05611 11 91 2647 2525 1 7.63957 7.63957 73 
2.64308 -1.95131 -5 -0.728774 -0.434031 4.63723 3.92356 22 92 2692 2383 1 10.9838 10.9838 174 
5 -3.97752 3.83865 -0.467954 -0.441964 -0.0772472 3.96333 22 93 1300 1 1 16.2773 16.2773 144 
5 1.23268 1.88838 -0.650921 0.571984 -0.228144 4.01427 22 94 3903 3824 1 3.20034 3.20034 56 
-5 -0.887408 -1.6002 0.434382 -0.21826 0.157462 4.02559 22 95 1789 1788 1 0.797271 0.797271 13 
4.23279 -5 1.03733 -0.0809844 0.156459 -0.256726 4.07777 22 96 7498 7497 1 0 0 12 
0.109884 -3.47138 -5 -0.0945747 -0.373033 0.554553 3.95192 22 97 2564 2385 1 10.1457 10.1457 92 
5 -0.958554 -3.74752 -0.537171 0.0416361 0.24907 3.94611 22 98 1726 1725 1 1.12857 1.12857 62 
2.35049 2.28915 -5 -0.250159 0.199263 0.719015 3.93374 22 99 1526 1452 1 0.111342 0.111342 44 
-5 1.88003 4.92852 0.478236 0.0207747 0.178826 4.25373 22 100 5651 5650 1 5.73151 5.73151 43 
5 1.664 -4.22282 -0.291472 -0.216076 0.4282 3.95797 22 101 1468 1417 1 2.43703 2.43703 115 
0.408251 -3.76548 -5 -1.13229 -0.594053 3.0864 3.93924 22 102 8136 7950 1 0.027924 0.027924 8 
5 -4.77098 -2.76455 -0.539144 0.0179423 0.548737 3.98283 22 103 1001 1 1 0.366629 0.366629 40 
-0.499862 4.04718 5 -0.226017 0.100381 -0.212246 4.00747 22 104 2247 2245 1 14.3435 14.3435 124 
0.137119 -5 2.18792 -0.453301 0.15593 -0.176986 4.03656 22 105 2701 2700 1 1.08888 1.08888 41 
4.94787 3.88328 -5 10.7485 7.48821 16.0087 3.9249 11 106 1 0 1 13.8751 13.8751 170 
4.55506 -2.57602 -5 -0.140454 0.0596446 0.407012 3.93355 22 107 1794 1640 1 0 0 3 
1.77549 4.73056 -5 -0.283298 -0.0122412 0.728662 3.94236 22 108 3361 3360 1 11.1386 11.1386 58 
5 2.69319 4.85181 -2.53685 0.992124 2.9461 3.96995 22 109 4263 4215 1 2.58023 2.58023 33 
5 -2.83704 -4.78724 -3.93033 1.56874 7.92222 3.93447 22 110 9026 9025 1 3.9813 3.9813 76 
5 -2.88125 2.49462 -0.358604 -0.108032 0.722823 3.9579 22 111 4135 3546 1 0.221037 0.221037 23 
1.30151 -1.28905 -5 -0.143643 -0.049269 1.26701 3.92316 22 112 1181 1 1 13.2216 13.2216 117 
5 3.0807 0.130225 -0.849182 -0.453124 2.47008 3.95068 22 113 10290 9883 1 0 0 8 
5 -4.18062 1.59901 -0.230543 -0.158682 -0.0711217 3.99727 22 114 13086 12929 1 0 0 6 
1.96116 5 1.22094 -0.052759 -0.109907 -0.279241 4.11051 22 115 6493 6458 1 2.01261 2.01261 152 
-3.07859 5 -2.06459 -0.166668 -0.189249 -0.105143 4.07882 22 116 1744 1218 1 9.80636 9.80636 70 
5 2.48691 -0.0925169 -0.0772385 0.188138 0.065421 3.97678 22 117 2217 1937 1 0.61242 0.61242 58 
3.97381 4.52366 -5 -0.264836 0.0178232 0.436651 3.94137 22 118 1800 1742 1 2.16216 2.16216 56 
3.95698 0.84423 -5 -0.710275 0.359924 1.09803 3.93955 22 119 4290 4211 1 6.696 6.696 140 
-3.63616 4.66671 -5 -0.994463 0.428179 2.43793 3.94071 22 120 10824 10494 1 4.23032 4.23032 74 
-2.84718 -4.79587 5 -2.07195 1.32528 0.528891 4.02456 11 121 1707 1703 1 4.06845 4.06845 53 
1.39189 -1.43199 -5 -2.94467 0.439018 1.21947 3.97759 22 122 4293 4246 1 0.665667 0.665667 10 
-1.21162 -4.61327 -5 -1.83249 -0.186404 2.36326 3.95849 22 123 2297 2178 1 0.498659 0.498659 52 
5 -1.70032 0.273417 -0.117891 -0.0108475 0.497096 3.95678 22 124 2138 2126 1 42.0417 42.0417 558 
5 -0.987871 2.34036 -0.258087 -0.027134 0.242446 4.02798 22 125 3666 3634 1 8.86812 8.86812 160 
2.99465 2.33378 -5 -2.63892 0.0402633 7.55179 3.93348 22 126 1217 1 1 0.135126 0.135126 51 
5 1.49612 -0.546344 -0.0641524 0.0728527 0.16874 3.96186 22 127 4885 4884 1 2.87993 2.87993 61 
5 4.9744 -0.61347 -0.0233371 0.0516018 0.507851 3.95312 22 128 2485 2484 1 80.1653 80.1653 745 
1.86821 0.138395 5 -0.373579 -0.00990497 -0.045531 4.00186 22 129 11222 11190 1 1.22926 1.22926 37 
5 3.88637 -1.47748 -4.05763 2.04619 0.143124 3.9482 -11 130 12801 12800 1 8.07421 8.07421 18 
5 -0.57631 2.10206 -2.05939 0.10275 3.52587 3.95361 22 131 15684 15658 1 0.409276 0.409276 37 
5 4.97187 -4.178 -0.226191 1.21267 2.07617 3.9406 22 132 2172 2005 1 3.49231 3.49231 140 
3.66287 -5 -4.31721 -0.12092 0.128857 -0.0985443 3.98042 22 133 4371 1 1 0.18924 0.18924 30 
4.86922 -1.60097 -5 -0.47564 -0.293422 0.875263 3.93768 22 134 1912 1762 1 1.8437 1.8437 22 
5 4.48364 -4.92367 -0.558539 -0.357576 0.160162 3.94693 22 135 2441 2296 1 12.698 12.698 124 
5 -0.0162784 0.582267 -0.875236 0.387855 0.926484 3.95577 22 136 3295 1 1 9.06293 9.06293 83 
5 -4.78868 0.136863 -0.13182 -0.117575 0.454222 3.94812 22 137 21692 21473 1 0.306257 0.306257 28 
-3.40147 0.152595 -5 -0.205532 -0.186151 0.56019 3.95421 22 138 3572 3548 1 11.6702 11.6702 112 
-5 -4.56001 0.646586 0.140829 0.128935 -0.0220087 4.06349 22 139 8448 8433 1 1.74357 1.74357 64 
-2.61434 -1.12144 -5 -3.60089 0.175975 14.2047 3.92667 22 140 1719 1 1 7.74418 7.74418 144 
-0.53316 -4.24691 -5 -0.9297 -0.587208 0.586769 3.94091 22 141 2910 2883 1 0.911754 0.911754 88 
3.22678 -5 -4.15919 -0.216043 0.251603 0.39774 3.92701 22 142 1532 1 1 15.8693 15.8693 223 
3.5212 -0.103409 5 -0.245135 0.390937 -0.221865 4.10424 22 143 2549 2514 1 10.762 10.762 109 
2.80647 3.58637 -5 -0.163525 0.0397284 0.377441 3.9384 22 144 10536 10323 1 0.0262593 0.0262593 4 
5 0.803632 -0.651421 -0.141202 -0.0512469 0.200027 3.95378 22 145 5021 4942 1 0.31902 0.31902 24 
1.29214 -2.98405 -5 -5.34596 -2.17945 9.19231 3.93188 22 146 5506 5505 1 14.8671 14.8671 137 
-3.63145 2.49242 -5 -1.04243 0.690651 2.87534 3.93539 22 147 2702 2589 1 24.0281 24.0281 230 
-4.01614 -5 1.39827 -0.127701 0.17956 -0.196464 4.02015 22 148 2562 2500 1 4.64915 4.64915 41 
5 -0.653389 1.22585 -0.389263 -0.321433 -0.0792187 3.98077 22 149 4736 4735 1 10.0752 10.0752 92 
5 -0.051116 -4.88432 -0.215341 0.0854547 0.180551 3.98137 22 150 1685 1684 1 4.54559 4.54559 62 
5 1.6378 -1.90296 -2.07587 -0.251289 5.0889 3.94728 22 151 11920 11899 1 0 0 5 
-3.46163 -0.830828 -5 -0.453552 -0.065974 1.38145 3.92842 22 152 1333 1 1 4.33755 4.33755 50 
5 -3.73165 -0.182054 -0.125847 0.137954 -0.0417358 3.99347 22 153 14105 14004 1 0.242519 0.242519 39 
1.14941 -2.49822 -5 -0.13714 -0.105568 0.663858 3.92659 22 154 7725 7513 1 2.20593 2.20593 52 
5 -1.62609 -1.43958 -0.465667 -0.20042 -0.0640758 4.01756 22 155 2270 2236 1 0.452894 0.452894 21 
5 3.7185 -2.02681 -4.76736 -1.7689 2.45335 3.95457 22 156 3249 3219 1 1.09391 1.09391 33 
4.26048 0.380577 -5 -0.387451 -0.0254734 1.12313 3.93193 22 157 1452 1 1 4.54001 4.54001 32 
-4.98971 -1.58853 -5 -3.87736 -0.973968 1.51041 3.99828 22 158 8944 8631 1 0.302057 0.302057 5 
-5 1.90555 -4.37613 0.482682 0.134633 -0.100057 3.95334 22 159 1858 1857 1 3.99431 3.99431 86 
-2.18353 -0.964091 5 -0.226638 0.013216 -0.075251 4.03717 22 160 1148 1147 1 7.33195 7.33195 28 
5 -3.56218 -2.35309 -0.435158 -0.110925 -0.243829 4.02327 22 161 3500 3499 1 0.982778 0.982778 26 
5 -4.89422 -1.69546 -0.492848 0.184476 0.0393697 3.95389 22 162 3000 2999 1 1.37205 1.37205 91 
4.91839 -5 -1.18877 -0.219871 0.767539 -0.469723 3.96105 11 163 2128 2024 1 10.5505 10.5505 157 
5 3.01528 -0.253312 2.77726 -0.6221 6.08957 3.94793 -11 164 1927 1926 1 29.4638 29.4638 491 
2.22694 -5 -3.91675 -0.182987 0.266313 0.39587 3.95356 22 165 8903 8877 1 0.947191 0.947191 99 
5 4.03083 4.33501 -1.1991 0.0802237 -0.16603 4.11981 22 166 4428 4426 1 0 0 5 
1.09801 2.59376 -5 -2.85335 2.13343 8.5724 3.93374 22 167 9573 9256 1 1.57818 1.57818 15 
5 1.08563 -2.71546 -3.8682 6.77429 4.38551 3.93222 -11 168 3443 3442 1 4.51198 4.51198 95 
-0.0529892 -5 1.2008 -0.523989 0.174808 0.949927 3.96466 22 169 1958 1817 1 0.621712 0.621712 45 
5 0.168395 -0.504 -0.122376 0.111179 0.364779 3.9503 22 170 1600 1486 1 6.67694 6.67694 70 
-0.1885 -5 -3.6219 -0.282706 0.149673 0.0780303 4.02488 22 171 8892 8891 1 0 0 5 
4.80199 -2.73494 -5 -0.198982 -0.151189 0.263842 3.93275 22 172 3716 3372 1 20.0929 20.0929 261 
5 2.45682 -3.36272 -0.0229817 0.16363 0.338406 3.98956 22 173 9953 9950 1 15.0435 15.0435 91 
5 -2.61801 3.36848 -0.58376 0.0712834 -0.0644754 4.04609 22 174 2446 2357 1 1.1295 1.1295 14 
-0.691371 4.61652 -5 -0.29156 0.00727106 0.635837 3.9289 22 175 3003 2696 1 8.31605 8.31605 148 
5 -0.817158 -3.28661 -1.81474 0.471673 4.58375 3.93686 22 176 3508 3438 1 6.65849 6.65849 69 
5 -4.42165 -1.24529 -0.858656 -0.0476811 1.34671 3.94465 22 177 4948 4147 1 0.720042 0.720042 62 
5 -3.18831 -3.1356 -0.31706 0.195228 0.119489 4.00744 22 178 3600 3599 1 0.485895 0.485895 4 
5 2.21516 2.35024 -0.251388 0.134718 -0.0362269 4.04904 22 179 1025 1 1 3.94623 3.94623 101 
4.45692 -5 3.68682 -0.335531 0.405308 0.889478 3.96841 22 180 8300 8115 1 1.02688 1.02688 11 
5 2.65158 -2.30113 -0.138946 -0.210516 0.316106 4.05208 22 181 4556 4529 1 0.314834 0.314834 15 
4.52401 -5 -2.85783 -0.181324 0.0927454 -0.0679771 4.0205 22 182 1338 1293 1 1.03499 1.03499 106 
5 0.87766 -3.15008 -0.676313 0.503728 2.84754 3.93358 22 183 1422 1184 1 1.07708 1.07708 64 
2.1253 4.80749 -5 -0.341153 4.84799e-05 0.962688 3.93156 22 184 2805 2617 1 7.61214 7.61214 57 
1.48373 -5 -1.14458 0.206197 0.0937333 0.120181 4.02164 22 185 2567 2566 1 12.5173 12.5173 147 
5 -1.11429 3.83619 -0.365976 -0.231634 0.5587 3.97225 22 186 6661 6580 1 0.95796 0.95796 8 
-4.5813 2.22599 -5 -0.167605 0.0491936 0.647678 3.93218 22 187 3857 3773 1 0.247967 0.247967 31 
2.35474 -3.38607 5 -0.145588 -0.199768 -0.158236 4.03358 22 188 2109 2108 1 9.5553 9.5553 171 
2.93198 4.29729 5 -0.215942 -0.115193 -0.0883866 4.05231 22 189 4578 4130 1 0.282958 0.282958 11 
1.19621 3.70863 5 -0.132265 0.447515 -0.118867 4.07659 22 190 2614 2612 1 0.816133 0.816133 61 
5 1.77785 1.00127 -0.524858 0.0377191 0.0190872 5.02156 22 191 1558 1556 1 0 0 5 
5 -1.30336 2.62193 -0.412676 0.10891 0.348791 3.97641 22 192 2156 2079 1 14.6908 14.6908 162 
4.18063 4.48935 -5 -0.185082 -0.468239 0.0872724 3.97642 22 193 1639 1614 1 4.02371 4.02371 118 
-3.8462 2.85311 -5 -0.534352 0.123178 0.598922 3.94737 22 194 2578 2212 1 0.2633 0.2633 13 
5 4.12833 4.12182 -0.495073 -0.0665242 -0.107688 4.01467 22 195 10870 10866 1 2.07563 2.07563 30 
-4.04523 5 4.90706 -1.55971 -1.88583 3.62896 3.99538 22 196 1162 1 1 0 0 7 
-3.1711 5 -2.55227 -0.341487 -0.38014 2.61106e-05 4.04362 22 197 2503 2502 1 3.75935 3.75935 85 
5 -0.449959 -4.19678 -0.293133 0.0386194 0.201204 3.9567 22 198 2835 2830 1 12.5738 12.5738 85 
-4.042 0.946616 -5 -0.299624 0.149221 0.183244 3.99955 22 199 7154 7056 1 0.452276 0.452276 9 
5 4.95058 4.12424 -0.255687 0.130049 0.264418 4.01185 22 200 3480 3442 1 3.1473 3.1473 13 
0.2391 0.00142976 -5 -0.24843 -0.12001 0.697567 3.94269 22 201 2676 2599 1 0.498871 0.498871 68 
5 -4.13645 3.95303 -0.156809 -0.109892 -0.138211 3.99685 22 202 1530 1529 1 0.247706 0.247706 41 
-2.96388 5 -0.755909 -0.118997 -0.341788 -0.36075 4.01298 22 203 1696 1655 1 41.7913 41.7913 476 
-1.60901 -5 4.92902 -0.135512 0.19988 0.031776 4.02156 22 204 2345 2278 1 2.77454 2.77454 20 
-4.73984 -3.69775 -5 -0.451375 0.0270883 1.17697 3.93795 22 205 1022 1 1 1.2631 1.2631 72 
5 -4.88417 1.69671 -0.417966 -0.0862206 0.63639 3.96147 22 206 2104 2046 1 9.13023 9.13023 83 
0.237649 -3.06635 5 -0.172958 0.0265528 -0.606816 4.06682 22 207 2006 1962 1 9.32359 9.32359 119 
5 -1.36592 2.00612 -0.419302 -0.095955 0.554293 3.98104 22 208 1681 1490 1 4.1126 4.1126 22 
-1.31952 -4.87147 -5 -0.415402 -0.237673 1.15182 3.92713 22 209 1225 1224 1 14.5157 14.5157 212 
5 4.00838 -1.72478 -1.7809 0.38265 3.95239 3.94559 22 210 2911 2791 1 0.54392 0.54392 14 
5 -2.43948 -1.27581 -0.776569 0.115553 0.586409 3.9576 22 211 1236 1 1 0.530145 0.530145 19 
5 0.499759 2.10017 -0.267448 -0.299914 0.023394 3.95648 22 212 15529 15525 1 7.18744 7.18744 98 
-2.33055 -1.17202 -5 -1.81184 -0.551 1.76948 3.95091 22 213 4867 4812 1 8.65734 8.65734 48 
5 -3.39409 -2.20626 -0.783835 -0.47894 1.01495 3.95343 22 214 1170 1124 1 30.8372 30.8372 238 
4.90963 -3.68694 -5 -0.182674 -0.0542109 0.795625 3.92777 22 215 1169 1 1 0 0 7 
5 -0.0205235 -4.16256 -5.45368 0.0897787 8.62428 3.92976 22 216 1677 1537 1 5.18925 5.18925 141 
-2.43196 0.334111 -5 -0.821101 0.082895 2.55105 3.93484 22 217 2385 2088 1 3.30029 3.30029 49 
1.47863 1.82676 -5 -1.06274 0.318113 6.55309 3.92504 22 218 1533 1 1 0.0820969 0.0820969 18 
-3.72944 1.0722 -5 -5.64978 1.77442 17.4992 3.93081 22 219 2926 2795 1 9.87943 9.87943 150 
5 -2.72678 4.35494 -0.475092 0.18565 -0.0306928 4.00163 22 220 2073 2072 1 0.45662 0.45662 59 
5 -1.76243 -3.10983 -0.322029 -0.17472 0.121587 3.97815 22 221 3191 3190 1 3.16399 3.16399 66 
1.59759 3.40037 -5 0.0521141 -0.115364 0.419197 3.96687 22 222 12743 12725 1 1.00348 1.00348 31 
-0.945477 -4.11667 -5 -0.560866 -0.023081 0.674376 3.99628 11 223 3360 3348 1 2.15879 2.15879 38 
5 3.96933 -3.92972 -0.427734 0.214104 0.179787 3.95829 22 224 1244 1243 1 1.91658 1.91658 103 
5 4.67326 4.74654 -1.61177 -0.945463 1.68745 3.9828 22 225 2026 2024 1 0.0723602 0.0723602 8 
0.86712 -5 2.9317 0.0557719 0.235878 0.12507 4.07043 22 226 1712 1711 1 21.9031 21.9031 225 
-2.3143 -5 0.0181721 -0.091627 0.112191 0.189892 3.99949 22 227 3113 3112 1 0.549041 0.549041 20 
5 3.2748 -2.84396 -0.727463 0.249851 0.418857 3.94695 22 228 9200 8739 1 8.75708 8.75708 134 
-0.457753 -4.90464 -5 -1.52836 -0.0392824 8.31692 3.92601 22 229 4068 3376 1 1.39297 1.39297 17 
5 4.57319 0.0979621 -0.144455 0.0923434 0.146972 3.96683 22 230 2498 2497 1 3.32672 3.32672 63 
5 -2.43862 -4.71863 -0.5481 -0.0220769 0.598162 3.95933 22 231 2368 2367 1 0.408284 0.408284 19 
4.42529 -5 4.07478 -0.199197 0.332044 0.398371 3.98535 22 232 13737 13714 1 21.405 21.405 102 
2.5219 2.96297 -5 -0.188249 0.107208 0.492179 3.93219 22 233 5302 5216 1 7.6564 7.6564 113 
-0.356584 0.136604 -5 -0.196956 -0.111887 0.32353 4.02322 22 234 2462 2460 1 6.43654 6.43654 48 
-3.20501 0.0109594 -5 -0.278304 -2.93132 -1.09285 3.92836 11 235 7669 7585 1 6.03408 6.03408 88 
4.35906 2.46067 -5 -0.125638 0.0863891 0.261237 3.93756 22 236 1789 1788 1 1.13561 1.13561 21 
5 -1.4845 3.67848 -0.486473 0.0135278 1.49737 3.95547 22 237 2031 2029 1 6.12694 6.12694 155 
2.73844 4.56859 -5 -0.258172 0.186934 1.58316 3.92674 22 238 4016 3757 1 0.803616 0.803616 32 
5 -0.373918 4.40987 -15.8235 8.78119 2.72567 3.96997 11 239 7089 7053 1 4.46931 4.46931 39 
-1.16032 -5 -1.57675 -0.367667 0.21331 -0.0145283 4.0188 22 240 2321 2320 1 2.74085 2.74085 99 
-0.616096 2.42113 5 0.0468442 0.0249895 -0.291175 4.01282 22 241 1484 1483 1 6.52248 6.52248 87 
0.667359 -2.13997 -5 -0.190084 -0.0185634 0.473965 3.9312 22 242 8150 8132 1 2.41432 2.41432 16 
-2.43269 5 -0.205419 0.0606111 -0.064732 0.503245 3.95268 22 243 1150 1120 1 2.54841 2.54841 54 
-0.782682 -2.51318 -5 -0.234881 -0.0181437 0.607112 3.93776 22 244 4544 4354 1 2.23807 2.23807 56 
4.21429 -3.96704 -5 -0.0484101 -0.00226394 0.563225 3.92116 22 245 5646 5131 1 28.8532 28.8532 354 
1.47342 -1.19017 -5 -0.137945 -0.00794363 0.327926 3.94548 22 246 3092 1 1 0.355472 0.355472 32 
0.100075 -0.639271 -5 -0.069551 -0.155141 0.481886 3.94919 22 247 3926 3896 1 18.3022 18.3022 137 
1.09286 -5 -4.87893 0.148077 0.350988 -0.340588 3.96785 22 248 1116 1094 1 1.69809 1.69809 100 
5 -0.0973415 -3.58913 -0.15761 0.282026 0.147654 4.02985 22 249 10485 10484 1 1.207 1.207 21 
5 -4.87339 0.0314573 -2.26388 0.995809 2.62452 3.96764 22 250 12290 12289 1 0.260567 0.260567 24 
5 -1.68452 0.263196 -0.350307 0.030989 -0.0788187 3.99535 22 251 3123 2760 1 11.1989 11.1989 119 
-0.998507 -1.72441 -5 -0.208894 0.0974871 0.456048 3.93306 22 252 8533 8501 1 8.25704 8.25704 87 
-3.68726 -2.57412 -5 -1.13207 0.403338 2.07535 3.94524 22 253 21833 21728 1 4.48733 4.48733 49 
5 2.54213 -0.468489 -0.138904 -0.206854 -0.00166512 4.14165 22 254 1950 1949 1 0.637746 0.637746 81 
5 1.65953 3.08453 -1.37157 -0.594803 9.02679 3.95112 22 255 6552 6360 1 0 0 18 
5 -2.42416 -2.4628 -0.407287 0.0478325 1.64083 3.93131 22 256 3277 2931 1 13.5786 13.5786 195 
2.85059 -5 -4.12501 -0.232368 0.166966 -0.12619 4.16681 22 257 5109 5107 1 0.164086 0.164086 27 
5 -1.9152 -1.19626 -4.91565 2.50411 -1.69699 3.94166 11 258 1877 1850 1 10.1032 10.1032 120 
-3.40738 5 3.74286 0.169302 -0.205885 0.226889 3.97174 22 259 1861 1838 1 8.23822 8.23822 147 
-2.02776 2.58789 -5 -0.118709 -0.0725546 0.174876 3.99391 22 260 2894 2683 1 0.410351 0.410351 34 
-2.83676 4.89244 -5 -0.762867 0.0863159 2.18102 3.9303 22 261 3192 3092 1 4.25104 4.25104 27 
5 1.86563 -3.65151 -1.52828 0.857151 10.1557 3.92995 22 262 10971 10798 1 1.49959 1.49959 20 
3.78197 -0.925494 -5 -0.717468 3.71015 1.5287 4.00172 22 263 21558 21557 1 3.40484 3.40484 12 
5 -0.783456 -4.07675 -0.265633 -0.0535453 -0.0162438 4.05 22 264 5428 5381 1 0.930123 0.930123 43 
5 -4.00725 -0.0232884 -0.503688 -0.0681237 -0.0527011 4.04205 22 265 4463 4429 1 0.175773 0.175773 29 
5 -2.19243 2.63303 -0.507181 0.0354383 0.0513007 3.98445 22 266 1363 1362 1 0.435037 0.435037 57 
5 2.30634 1.67362 -0.224148 0.191493 -0.0401527 4.0348 22 267 8276 8273 1 0.327847 0.327847 40 
5 3.85278 -0.209045 -2.85436 -2.09346 1.09661 4.0049 -11 268 2868 2867 1 2.79436 2.79436 84 
5 -1.02144 1.76155 -2.9356 -0.495682 8.75478 3.95214 22 269 5799 5625 1 0 0 15 
4.74873 -4.04012 -5 -0.0570202 -0.0715172 0.540287 3.92163 22 270 1849 1511 1 13.0426 13.0426 162 
-4.52397 -0.57247 5 0.152951 -0.105716 -0.073436 4.01441 22 271 3156 3055 1 6.75567 6.75567 122 
5 -1.15063 3.4149 -0.173173 -0.355364 -0.10054 3.99121 22 272 9711 9691 1 0 0 10 
2.22833 -0.158461 -5 4.16776 -9.33297 67.272 3.92371 -11 273 3047 3046 1 4.97486 4.97486 191 
0.0486636 -5 -3.32329 -0.307262 0.377557 0.155438 3.96973 22 274 2225 2193 1 0.467278 0.467278 44 
5 2.27033 -0.200686 -0.589635 0.235511 0.490037 3.94914 22 275 5083 4870 1 0.438401 0.438401 53 
5 0.149275 2.64109 -5.05902 -1.03781 3.16157 3.97164 22 276 4566 4536 1 7.91452 7.91452 88 
2.85779 3.28261 -5 -0.375446 -0.0284702 1.0832 3.93374 22 277 12264 12107 1 9.95847 9.95847 59 
5 -1.68144 -1.87675 -0.392472 0.265876 0.404503 3.95341 22 278 2112 2111 1 0.913292 0.913292 114 
5 4.04068 0.639583 -0.11617 0.273016 -0.0055557 4.03456 22 279 1031 1030 1 2.10984 2.10984 67 
3.45874 -4.19723 -5 -0.794817 -0.426479 2.30074 3.92764 22 280 10261 10043 1 11.2016 11.2016 78 
0.698554 -1.97132 -5 -2.66151 -1.32068 11.6785 3.9262 22 281 2936 2701 1 2.01593 2.01593 68 
5 1.43205 3.17384 -0.696966 -1.26887 0.102272 4.03375 22 282 5512 5511 1 2.22428 2.22428 24 
5 4.93232 1.33131 -1.05287 0.0644366 0.915721 3.9581 22 283 3337 2965 1 3.29787 3.29787 68 
5 2.44227 3.41179 -0.315084 -0.21348 -0.340982 4.04101 22 284 11625 11624 1 4.45982 4.45982 63 
4.25302 1.70168 -5 -0.434925 0.116378 2.00671 3.92672 22 285 7337 7288 1 0.569824 0.569824 76 
-3.00901 -0.813102 -5 -0.780779 0.503298 0.473147 3.95932 22 286 2162 2161 1 20.1834 20.1834 196 
4.0872 -1.31392 -5 -4.99606 0.633985 33.9032 3.92305 22 287 5026 4808 1 0.212002 0.212002 25 
3.12185 5 -0.534405 -0.279607 -0.206597 -0.133501 3.98076 22 288 1998 1959 1 0.536162 0.536162 35 
5 -0.247732 1.89022 -0.418289 0.00827654 -0.0995346 4.023 22 289 3770 3769 1 1.64576 1.64576 44 
-3.98715 1.76962 -5 -2.23453 0.328598 3.60924 3.93439 22 290 4894 4767 1 16.3181 16.3181 259 
-0.571995 -3.67905 -5 -13.1083 -12.5633 21.4664 3.93622 11 291 10024 9668 1 1.00363 1.00363 45 
3.74078 -1.49006 -5 -1.81283 0.135269 7.97036 3.92923 22 292 8889 8844 1 15.7365 15.7365 111 
-2.73643 -5 2.70061 -0.280958 0.229187 0.237985 4.03803 22 293 6250 6223 1 2.53061 2.53061 116 
5 -0.591005 -3.72384 -0.149207 -0.165884 -0.00149391 3.97885 22 294 9100 9077 1 7.35778 7.35778 172 
3.0367 -5 2.05285 -5.20753 0.37939 -3.36307 3.97534 11 295 3313 3155 1 4.85704 4.85704 50 
5 0.504062 1.4758 -1.06469 -0.237631 9.5777 3.94428 22 296 12913 12735 1 5.26507 5.26507 87 
5 3.60952 2.06119 -0.268433 -0.0245068 -0.0798247 3.97182 22 297 6815 6524 1 0.219005 0.219005 21 
5 2.21896 2.80941 -2.76411 0.683979 4.01446 3.98376 22 298 1834 1786 1 0.648707 0.648707 29 
5 1.43105 2.02119 -0.303092 0.10534 -0.0836462 3.98882 22 299 2388 1 1 0.285604 0.285604 14 
2.38294 -0.304166 5 -0.213237 -0.381466 -0.264827 4.08985 22 300 7390 7388 1 0.833348 0.833348 65 
-4.65246 3.89261 -5 -0.0740527 0.0197354 0.268921 4.0399 22 301 2078 2046 1 0.463005 0.463005 39 
0.757604 0.612791 -5 -0.135058 -0.0385421 0.519316 3.95673 22 302 6292 6136 1 4.98777 4.98777 96 
3.46934 2.32006 -5 -0.210297 0.0413332 0.520118 3.93309 22 303 4307 4158 1 1.02182 1.02182 46 
2.74116 -5 3.21915 -0.355037 0.540009 -0.389141 4.04287 22 304 1087 1086 1 2.66607 2.66607 77 
5 -0.765543 -2.28722 -0.435268 0.0752175 0.256912 3.99057 22 305 1643 1631 1 12.6266 12.6266 179 
3.60814 5 0.800884 -0.552178 -0.322767 0.700286 3.96953 22 306 2697 2167 1 0.316866 0.316866 5 
4.20343 3.91151 -5 -0.449401 0.0252831 1.89362 3.928 22 307 2196 1997 1 0.295775 0.295775 13 
2.32049 4.31333 -5 -0.0479647 0.0382156 0.592065 3.92821 22 308 1120 1 1 2.8648 2.8648 50 
-0.643754 -2.31607 -5 -5.68748 -0.760932 10.6513 3.93641 22 309 1578 1439 1 0.396277 0.396277 43 
5 0.992334 -3.63439 -0.476641 0.0858973 0.121845 3.95117 22 310 2222 2140 1 0.144275 0.144275 34 
5 3.35462 -4.27896 -0.338387 0.255393 1.34108 3.93293 22 311 1496 1 1 0 0 11 
4.88737 -0.656316 -5 -0.40653 -0.0485572 1.52003 3.93038 22 312 1015 1 1 5.38081 5.38081 81 
1.00945 -2.29507 -5 -1.8197 -0.927437 4.02523 3.93473 22 313 5023 4960 1 22.0395 22.0395 177 
3.90694 -5 4.19643 -0.103312 0.155989 -0.0456713 4.02609 22 314 6120 6104 1 5.81286 5.81286 65 
2.43954 -1.10841 5 -0.292115 -0.169135 -0.383643 4.11186 22 315 3843 3841 1 6.95706 6.95706 129 
5 4.87316 -1.40331 -0.40532 -0.0625636 0.302876 3.98453 22 316 6465 6464 1 0.0344308 0.0344308 7 
-2.52697 -2.3699 -5 -0.485099 -0.194589 1.37002 3.93699 22 317 3709 3417 1 0.797017 0.797017 72 
5 4.16155 4.44426 -0.182079 0.276022 -0.00899404 4.04469 22 318 1026 1 1 1.89216 1.89216 41 
5 -2.82177 -3.92966 -0.208384 0.0280835 0.465733 3.96142 22 319 4833 4832 1 0.606 0.606 35 
5 -2.00719 3.38222 -0.330785 -0.100614 0.376268 3.99012 22 320 1431 1430 1 0 0 13 
5 -4.13215 1.01634 -0.254403 -0.0676881 -0.0544028 3.99457 22 321 6027 5785 1 0.153621 0.153621 4 
5 -2.63491 -2.80895 -0.816946 0.187148 3.86672 3.94018 22 322 5257 5110 1 0.564579 0.564579 38 
5 2.45731 1.31206 -0.49673 0.0665968 0.0997199 3.97589 22 323 7156 7138 1 1.84062 1.84062 109 
5 3.87795 -2.13018 -2.44861 1.32616 3.29297 3.94457 22 324 2235 2107 1 10.0245 10.0245 142 
0.99963 -4.30943 -5 -0.504669 0.0602336 0.0529282 3.97452 22 325 1270 1269 1 7.8245 7.8245 150 
4.03392 -4.60527 5 -0.188308 -0.186679 -0.192716 4.06066 22 326 5740 5739 1 0.168707 0.168707 29 
0.872337 3.22543 -5 -3.16434 1.20182 11.0491 3.92836 22 327 4029 3939 1 14.4853 14.4853 157 
5 1.35824 1.99527 -0.262696 -0.0606874 0.434083 3.98511 22 328 15210 15208 1 0.244784 0.244784 23 
-0.155156 -2.68214 -5 -1.31092 0.15012 1.24872 3.97122 22 329 9498 9471 1 0 0 11 
5 -1.9451 3.11335 -0.220081 -0.193391 0.699577 3.95586 22 330 2118 2030 1 5.75686 5.75686 152 
1.98529 5 0.58101 -0.340537 -0.373747 0.0739433 3.9889 22 331 5337 5336 1 1.94592 1.94592 84 
-2.47935 5 -3.54707 -0.398039 -0.238924 0.251075 3.96629 22 332 9383 9325 1 0.650626 0.650626 52 
5 -4.98447 3.30906 -2.4186 -1.90526 -0.457129 3.96007 11 333 2972 2971 1 6.83312 6.83312 142 
3.97565 -5 -3.33994 -3.89972 2.05435 1.89962 3.9446 11 334 1504 1189 1 16.1196 16.1196 288 
2.18752 4.56983 5 -0.485828 -0.0671565 -0.143461 4.05383 22 335 7434 7432 1 1.78983 1.78983 47 
2.87123 1.9287 -5 -0.168975 -0.153174 0.436682 3.93721 22 336 4347 4272 1 0.517692 0.517692 12 
4.59235 4.40621 -5 -1.47493 0.70985 4.19443 3.93277 22 337 1234 1 1 3.02969 3.02969 67 
-0.641231 -4.81419 -5 -0.293712 -0.283898 0.30701 3.95335 22 338 3407 3373 1 1.0101 1.0101 62 
-1.9319 -4.67576 -5 -0.889969 -0.248632 0.490156 3.97519 22 339 1847 1846 1 0.922604 0.922604 33 
-2.18902 -2.74281 -5 -0.553992 0.0400323 2.27521 3.9268 22 340 1551 1395 1 8.98011 8.98011 80 
5 0.172899 0.938817 -0.273654 0.0763157 -0.00254874 3.97617 22 341 4824 4759 1 3.15818 3.15818 14 
5 2.35486 -0.129195 -0.337955 0.0861448 -0.373477 3.98076 22 342 3994 3993 1 20.6862 20.6862 109 
-2.51892 -5 3.9235 -0.388241 0.265734 0.149052 4.00011 22 343 1794 1695 1 0.284635 0.284635 31 
-5 3.16231 3.67821 0.659238 0.0329515 -0.330081 4.1593 22 344 18062 18061 1 1.38844 1.38844 4 
5 0.863155 1.28325 -8.35474 0.0279324 10.1726 3.96047 -11 345 1033 1032 1 6.15071 6.15071 133 
2.50753 1.84862 -5 -0.412427 0.392207 6.7439 3.9208 22 346 5085 4246 1 1.94038 1.94038 111 
0.520971 -4.50966 -5 -5.13778 6.4077 22.783 3.92878 -11 347 1413 1412 1 20.7837 20.7837 281 
5 3.34223 4.13021 -0.208782 0.0125638 -0.109421 4.07661 22 348 2139 1891 1 4.75068 4.75068 27 
-4.64178 -5 4.98139 0.0835716 0.454251 0.159927 4.01841 22 349 3782 3781 1 11.3769 11.3769 133 
-3.9272 -3.68013 -5 -0.529957 -0.0473649 1.77412 3.92876 22 350 1439 1359 1 1.77471 1.77471 23 
-0.597613 5 4.86355 -0.118141 -0.0170241 0.158114 3.97285 22 351 1502 1379 1 4.97392 4.97392 114 
5 -3.20081 2.82848 -0.506241 0.00332162 -0.0694867 4.08142 22 352 2278 2277 1 0.305823 0.305823 21 
5 3.91158 0.20683 -0.66351 0.222242 0.0554058 4.02352 22 353 4675 4674 1 6.62729 6.62729 77 
5 2.55299 4.76035 -0.41379 0.0232287 0.547985 3.96316 22 354 1617 1 1 0 0 4 
3.60313 4.83581 -5 -0.553909 0.153254 0.418599 3.95062 22 355 4473 4449 1 0.307871 0.307871 33 
5 0.021626 -1.34127 -0.461828 -0.0793153 -0.203823 4.02191 22 356 1849 1844 1 0 0 2 
5 -1.16446 0.469571 -0.945807 -0.0511243 0.821153 3.97467 22 357 3808 3734 1 0.252893 0.252893 9 
5 1.52234 -2.67729 -0.609921 -0.331381 0.203674 3.9725 22 358 16890 16688 1 10.3716 10.3716 192 
-4.45689 -3.39458 5 -0.451062 -0.182169 -0.156453 4.02661 22 359 5658 5657 1 7.84748 7.84748 86 
2.859 5 2.08963 0.112079 -0.0608365 -0.124035 4.16412 22 360 1498 1496 1 0.473973 0.473973 55 
0.666337 5 4.62808 -0.256311 -0.429181 -0.105962 4.07353 22 361 1043 1041 1 1.02138 1.02138 67 
5 -4.64395 1.25663 -0.500799 0.0919884 -0.0431114 4.01287 22 362 7678 7677 1 4.53081 4.53081 62 
5 -0.476541 4.4386 -0.369624 -0.115356 0.278774 3.97588 22 363 2030 2007 1 3.10851 3.10851 77 
-2.11261 -2.8664 -5 -0.68281 -0.315031 1.0412 3.94445 22 364 2813 2744 1 1.11328 1.11328 13 
5 -1.18618 -4.50368 -0.308048 -0.148152 -0.0812428 3.97672 22 365 2250 1903 1 1.70963 1.70963 69 
-0.359111 3.55423 -5 -0.465738 -0.017344 0.497806 3.95687 22 366 9250 9131 1 0.369676 0.369676 14 
-4.16919 -0.35735 5 -0.436335 0.107917 -0.243076 4.04841 22 367 1364 1362 1 5.56293 5.56293 52 
-4.78379 5 4.42219 -0.440574 -0.0809157 0.2459 4.01506 22 368 3459 3458 1 4.34786 4.34786 42 
5 -0.723781 0.348365 -0.360635 0.0215192 0.361385 4.00967 22 369 2726 2725 1 0.0281334 0.0281334 8 
3.13079 -1.41042 -5 -0.221226 0.0229432 0.483656 3.93839 22 370 11655 11368 1 0 0 6 
-0.140671 2.64319 -5 -1.6266 0.437073 6.33316 3.92697 22 371 1720 1443 1 4.01493 4.01493 76 
5 -2.48041 0.542595 -0.207472 -0.0158851 -0.0328084 3.99837 22 372 2040 2013 1 15.43 15.43 226 
-0.680494 2.47521 -5 -0.977703 0.723182 1.2116 3.9354 22 373 1604 1395 1 15.1559 15.1559 141 
1.34822 0.516806 -5 -1.99095 -0.614058 0.331717 3.96736 22 374 10897 10879 1 5.56326 5.56326 18 
5 4.70768 -1.26195 -0.62285 0.213846 2.19673 3.9406 22 375 3259 3038 1 0.582416 0.582416 31 
5 -3.50467 -4.01383 -0.506852 0.398478 0.083532 3.96318 22 376 1414 1413 1 9.65459 9.65459 285 
-2.13463 -5 -2.94369 0.0857347 0.325182 -0.0254097 3.98269 22 377 1321 1320 1 1.16244 1.16244 46 
4.44266 -4.54283 -5 -1.47244 0.477144 4.91858 3.92636 22 378 1054 1 1 1.21528 1.21528 76 
3.77543 -0.176659 -5 -2.65354 -1.37022 21.5496 3.92278 22 379 2174 1 1 8.71225 8.71225 128 
5 -0.0594517 -2.15701 -1.28347 0.572251 3.28968 3.94813 22 380 3930 1 1 0 0 2 
-1.95794 -3.3955 -5 -0.269962 -0.252995 0.498058 3.93883 22 381 2405 2315 1 6.76226 6.76226 115 
0.20729 -5 -4.93289 -0.100616 0.0177485 -0.1821 4.11178 22 382 7062 6961 1 2.02868 2.02868 125 
5 3.04677 -2.51257 -0.324576 -0.0899622 -0.384288 4.06801 22 383 1483 1482 1 1.16757 1.16757 66 
4.10091 -2.2889 -5 -5.95862 1.57712 20.4288 3.92519 22 384 2897 2769 1 1.69744 1.69744 103 
1.9326 5 4.07204 0.212219 -0.444763 -0.13516 4.05967 22 385 1539 1538 1 10.6334 10.6334 73 
5 2.55743 -4.72586 -0.380225 -0.844988 -0.361983 4.05603 22 386 1301 1238 1 14.4474 14.4474 94 
5 4.8263 -4.88232 -0.330368 0.113932 1.2994 3.92444 22 387 3368 3241 1 8.35909 8.35909 70 
5 -4.48601 3.95653 -0.466636 -1.0215 0.330025 4.0248 22 388 3708 3707 1 1.385 1.385 44 
3.70417 3.51325 5 -0.280484 0.0898791 -0.417577 4.01637 22 389 1975 1972 1 10.7586 10.7586 60 
0.163225 4.83254 -5 -0.230267 0.328495 0.316525 3.99077 22 390 7449 7448 1 0.397284 0.397284 29 
5 3.05373 -3.55488 -2.28283 0.520088 4.57738 3.9385 22 391 1091 1 1 0 0 12 
1.24921 -4.15406 -5 -2.52629 -0.046115 6.69703 3.93153 22 392 4175 4099 1 4.39625 4.39625 102 
-3.17325 -5 2.54469 -0.24174 0.208472 0.269937 3.99203 22 393 3590 3445 1 1.65953 1.65953 107 
5 -1.78558 -4.52354 -3.23117 -0.170264 7.85221 3.92854 22 394 1109 1 1 0.320937 0.320937 23 
5 2.21156 1.638 -4.88901 -0.831325 15.71 3.94455 22 395 1544 1512 1 46.2184 46.2184 407 
2.48199 -0.0512195 -5 -0.0772814 0.0837688 0.362297 3.93407 22 396 5010 4949 1 1.00835 1.00835 98 
5 -4.29322 4.87017 -0.453642 -0.0205767 0.234319 4.0119 22 397 3938 3905 1 1.96647 1.96647 12 
4.55515 -0.857908 5 0.043649 -0.0856186 -0.141668 4.0572 22 398 3830 3616 1 0.681546 0.681546 48 
-5 3.18074 -0.619014 0.276909 -0.0464615 0.0177412 3.99953 22 399 12542 12541 1 1.45279 1.45279 123 
-0.16211 5 -2.74435 -0.848625 -0.253575 -0.305155 4.04319 22 400 2702 2701 1 1.05434 1.05434 33 
3.26121 -2.09993 -5 -3.23528 5.80288 3.95415 3.93114 -11 401 6697 6696 1 9.8053 9.8053 94 
5 -1.89338 3.07343 -0.438262 -0.237811 0.111767 4.01057 22 402 1934 1909 1 3.38298 3.38298 111 
5 -0.382047 -2.78977 -0.585889 0.200068 -0.128088 4.05844 22 403 7028 7027 1 0.23563 0.23563 10 
5 0.995954 0.606002 -0.930922 -0.412579 2.4082 3.95331 22 404 2422 2421 1 12.1574 12.1574 89 
4.40708 -2.9815 -5 -0.44603 0.00663545 0.249265 3.99414 22 405 14192 14160 1 7.78702 7.78702 127 
5 -4.84957 -4.81111 -4.34484 -0.289635 0.528948 3.97342 22 406 7615 7568 1 5.03882 5.03882 50 
1.1778 -1.82321 -5 -0.340111 0.305367 0.307696 3.9598 22 407 5551 5405 1 0 0 9 
-1.30838 -4.05698 -5 -0.11291 -0.18162 0.212582 4.0146 22 408 1701 1699 1 7.47296 7.47296 87 
1.43878 -0.836667 -5 -0.161316 -0.0903739 0.258033 3.946 22 409 2195 2130 1 4.12183 4.12183 113 
5 -3.48516 -0.0177723 -0.381127 0.000247969 0.550976 3.97677 22 410 1033 1 1 1.4526 1.4526 13 
5 -4.02612 -2.06449 -0.377343 -0.28703 -0.190646 4.03779 22 411 2772 2771 1 12.8104 12.8104 189 
5 -0.360823 4.50144 -0.133308 -0.0501072 -0.110086 4.12946 22 412 1213 1212 1 11.7825 11.7825 132 
5 -2.75043 -4.54403 -0.385017 0.138475 -0.0317484 4.00965 22 413 1478 1449 1 1.33306 1.33306 36 
1.90569 3.18549 -5 -0.229257 0.234043 0.854607 3.92801 22 414 4010 3433 1 1.01675 1.01675 27 
5 -3.13653 -2.39028 -0.826768 0.147418 2.92236 3.93684 22 415 6191 6022 1 0.343289 0.343289 47 
5 -0.960817 1.47126 -0.166741 0.0419325 0.458514 3.95545 22 416 3071 2756 1 0.509646 0.509646 7 
-1.30908 2.21792 -5 -0.99713 -0.870927 4.35992 3.92652 22 417 1703 1 1 7.03443 7.03443 110 
1.22325 -2.39614 -5 -0.268658 0.339095 1.43548 3.92491 22 418 2081 1800 1 29.9871 29.9871 480 
5 -3.23763 3.43534 -0.231591 0.0784538 -0.00658496 4.01384 22 419 5428 5427 1 4.09684 4.09684 68 
-1.24797 -4.52082 -5 -0.139834 -0.0711067 0.770452 3.93022 22 420 4584 4467 1 18.904 18.904 398 
1.6415 2.0027 -5 -0.486596 -0.0221059 0.154453 3.96072 22 421 12272 12271 1 3.66809 3.66809 39 
5 -0.280822 3.19977 -0.44216 -0.0862748 0.0808254 4.01355 22 422 1755 1706 1 0.309492 0.309492 14 
5 3.45136 -0.299397 -0.345244 -0.0236558 -0.375988 4.13078 22 423 2653 2652 1 0.126774 0.126774 9 
5 1.86099 4.271 -0.479443 0.106856 -0.140839 4.01275 22 424 2058 2057 1 4.35005 4.35005 62 
3.7837 3.82475 5 -0.150001 -0.153909 -0.189851 4.10228 22 425 1223 1222 1 0.82413 0.82413 35 
0.436396 0.490718 -5 -0.305013 -0.106918 1.67787 3.92695 22 426 1558 1 1 6.12331 6.12331 73 
5 -4.64663 4.2322 -0.184214 -0.0439569 -0.0670305 3.98944 22 427 3089 2951 1 0.252682 0.252682 32 
5 -2.43204 -2.37278 -0.37176 0.264596 0.464788 3.94029 22 428 4583 4495 1 1.62558 1.62558 11 
-0.287452 2.45838 -5 -13.0897 5.95494 47.043 3.92617 22 429 1109 1 1 11.437 11.437 186 
1.31035 2.68859 -5 -0.58104 0.135214 0.31457 3.99004 22 430 1209 1 1 0.407686 0.407686 36 
5 -0.611924 3.28648 -0.3294 0.0266407 0.0621288 4.0332 22 431 2320 2319 1 8.07724 8.07724 81 
-0.394848 1.51982 -5 -0.266909 0.0807446 0.428205 4.01561 22 432 1836 1835 1 2.60072 2.60072 93 
3.84712 -4.48737 -5 0.273782 -0.213969 0.938136 3.92878 22 433 2723 2661 1 41.2444 41.2444 461 
4.56305 -2.43056 -5 -0.359489 -0.0712522 0.47737 3.95009 22 434 4794 4739 1 6.64438 6.64438 75 
-0.940177 -3.17018 -5 -0.174779 -0.273679 0.394552 3.95305 22 435 6173 6172 1 11.6848 11.6848 146 
-2.72228 -3.39622 -5 -0.288215 0.196193 0.211531 3.96981 22 436 4832 4831 1 1.08535 1.08535 71 
5 -1.94684 -3.13787 -0.12188 -0.0102153 0.514634 3.93052 22 437 3765 3199 1 0.447119 0.447119 31 
2.75149 2.61603 -5 -0.665443 -0.0172888 1.57476 3.93231 22 438 3309 3028 1 1.60842 1.60842 60 
-3.71368 -1.60701 -5 -0.782346 -0.0274247 0.650825 3.97429 22 439 3393 3141 1 0.178731 0.178731 28 
-4.23416 2.73601 -5 -16.0902 0.197348 20.7515 3.95956 22 440 8747 8587 1 0.190139 0.190139 15 
-3.08964 -2.59754 -5 -0.602839 -0.0745324 0.272275 3.96856 22 441 1573 1347 1 0.380789 0.380789 11 
-1.00895 -1.0045 5 0.0478262 0.164372 -0.136709 4.13911 22 442 1307 1304 1 1.49182 1.49182 13 
1.57527 -1.47664 -5 0.409294 -0.0593431 0.77523 3.92933 22 443 1679 1 1 60.0855 60.0855 637 
-2.0052 -5 -4.79479 -0.540662 0.205966 0.209508 3.95271 22 444 2983 2704 1 0.213779 0.213779 17 
-1.4358 -0.966285 -5 -2.75702 1.99664 3.45356 3.9462 22 445 1820 1819 1 1.0964 1.0964 70 
2.48674 -2.76925 5 -0.301528 0.0871626 -0.296843 4.09164 22 446 3313 3197 1 7.32006 7.32006 103 
-1.58746 3.48344 -5 -0.389686 -0.153435 0.892482 3.92757 22 447 1375 1372 1 16.9601 16.9601 309 
5 2.09651 -0.164656 -0.292161 0.132477 -0.0631024 3.98613 22 448 2202 1409 1 11.4544 11.4544 63 
-2.01937 -4.44405 -5 -1.28781 0.201972 2.46438 3.93142 22 449 2518 2428 1 8.16422 8.16422 78 
5 -4.49163 2.60075 -0.407624 -0.0365255 -0.0163632 4.04111 22 450 1161 1160 1 0.993317 0.993317 55 
4.54429 0.145428 -5 -0.655209 -0.124812 3.06911 3.92485 22 451 1038 1 1 5.56565 5.56565 65 
3.35453 -5 3.44293 -0.157219 0.307443 -0.37667 4.05844 22 452 5636 5635 1 0.129742 0.129742 10 
-1.15047 2.10669 5 -0.134325 -0.148923 -0.217493 4.09188 22 453 1515 1514 1 0.575834 0.575834 42 
4.34793 3.55547 -5 -1.02888 -0.309319 11.7299 3.92051 22 454 5368 5263 1 11.9824 11.9824 168 
5 -4.06524 0.92671 -0.34357 0.0785564 -0.106812 4.02219 22 455 1997 1648 1 8.93909 8.93909 115 
4.71207 5 -1.09772 -0.162715 -0.36495 0.353219 3.95944 22 456 6373 6193 1 7.18037 7.18037 134 
5 4.53933 -0.27502 -0.384094 0.164673 0.294066 3.9784 22 457 8076 8075 1 0 0 2 
-1.26201 -2.70989 -5 -1.79784 -3.57541 3.01055 3.94361 -11 458 16512 16511 1 1.7699 1.7699 55 
5 1.53954 1.49341 -3.01683 -0.723599 3.70228 3.96204 22 459 4318 4158 1 9.37839 9.37839 77 
0.00370431 -1.01704 -5 0.0196104 0.0822176 0.150259 4.00361 22 460 1592 1578 1 5.08773 5.08773 152 
5 -1.23085 2.84492 -1.90086 0.80874 3.73512 3.96067 22 461 4276 4196 1 7.02971 7.02971 74 
1.32176 -5 -2.63353 0.164196 0.310613 0.716198 3.96078 22 462 2823 2811 1 0 0 8 
3.16586 -4.23196 -5 0.415807 -0.723953 2.86506 3.9232 22 463 4066 3994 1 7.17101 7.17101 184 
-1.08404 -1.90524 -5 -0.0390904 0.041298 0.18574 3.9239 22 464 1910 1645 1 9.95632 9.95632 189 
3.98274 5 0.679434 -0.419439 -0.252465 0.338566 3.98471 22 465 13672 13619 1 6.19532 6.19532 60 
-3.63147 5 -1.90236 -0.102298 -0.172482 -0.23222 4.18723 22 466 7133 7131 1 19.5922 19.5922 252 
1.91579 3.34054 -5 -0.220338 -0.136723 1.07397 3.92428 22 467 1631 1551 1 19.5681 19.5681 454 
5 -2.10687 3.72974 -0.447886 -0.145807 0.198137 3.99365 22 468 4449 4447 1 1.31474 1.31474 109 
-2.22038 1.75391 -5 -6.67974 0.958589 21.5864 3.9287 22 469 1637 1310 1 2.2744 2.2744 112 
5 1.39509 -1.59897 -3.50063 4.11449 6.23359 3.94444 22 470 2039 2038 1 0.158465 0.158465 28 
-0.92971 3.23656 -5 -0.033784 0.000931265 0.432497 3.92081 22 471 1683 1 1 55.9054 55.9054 478 
3.55043 0.213242 -5 -0.232274 0.0765699 1.62402 3.92314 22 472 1486 1 1 3.66425 3.66425 68 
5 -0.997435 -0.27975 -1.37659 0.387994 3.36401 3.95087 22 473 5371 5207 1 2.56911 2.56911 108 
5 0.796437 -2.60575 -0.477689 -0.0125136 0.389154 3.9505 22 474 2181 2115 1 7.01904 7.01904 78 
5 4.69293 -3.88434 -0.0567585 0.250759 0.0304695 4.03008 22 475 5590 2020 1 3.42116 3.42116 37 
-0.188082 0.133174 5 -0.45529 -0.00985273 -0.231805 4.09191 22 476 6792 6791 1 5.00573 5.00573 62 
-4.57685 5 -3.6783 0.281164 -0.12314 0.423521 3.98802 22 477 1026 1 1 4.18555 4.18555 108 
-0.919661 -0.289494 -5 -0.492046 0.00422925 0.137815 4.02299 22 478 8754 8753 1 1.34243 1.34243 32 
4.72003 -1.6043 -5 8.99672 -0.931685 36.263 3.92539 -11 479 1999 1998 1 7.72148 7.72148 207 
5 0.548344 -3.0577 -0.912828 0.137205 0.299733 3.96574 22 480 2265 2034 1 5.12988 5.12988 40 
5 -1.13395 -0.510847 -0.307123 0.191691 0.29614 3.95422 22 481 1326 1325 1 3.30887 3.30887 68 
2.59714 -1.49208 -5 -11.3217 -4.67161 38.4382 3.93121 22 482 3425 3424 1 3.26859 3.26859 65 
1.95629 -5 3.05346 -11.8404 7.42061 7.18086 3.99185 11 483 7428 7023 1 1.17076 1.17076 24 
1.90245 3.31406 -5 -0.709812 -0.0688887 3.16829 3.92741 22 484 1002 1 1 3.30514 3.30514 62 
5 -4.15807 1.76333 -0.145181 0.298553 0.38847 3.97541 22 485 3889 3888 1 6.95485 6.95485 138 
-1.52407 3.1775 5 -0.393229 -0.391909 -0.412382 4.0727 22 486 1515 1498 1 0.684604 0.684604 51 
5 2.03899 -1.57646 -0.120998 0.013342 0.270256 3.97891 22 487 2062 2061 1 1.34986 1.34986 36 
-1.06804 2.41079 5 -0.287185 0.090386 -0.195917 4.1061 22 488 1822 1820 1 3.13188 3.13188 117 
4.79525 -3.82096 -5 -0.614298 0.66831 3.76553 3.93925 22 489 1571 1327 1 3.58064 3.58064 57 
2.00824 -1.40324 -5 -0.953614 0.197293 6.29298 3.92321 22 490 1181 1137 1 3.49926 3.49926 101 
-0.681223 2.85421 -5 -0.959277 0.812662 2.35567 3.93693 22 491 5862 5682 1 9.06418 9.06418 124 
5 0.279338 -3.95268 -0.8251 0.260838 0.00352104 3.97645 22 492 8390 8347 1 0.099382 0.099382 9 
3.30896 -2.95117 -5 -0.338471 -0.103948 0.368446 3.97829 22 493 1528 1501 1 1.6094 1.6094 60 
0.72587 -5 4.28692 0.136416 0.140462 0.0224066 4.0445 22 494 7806 7780 1 2.11518 2.11518 14 
5 -2.11716 -0.266743 -0.472535 -0.0849478 0.174971 3.99469 22 495 9107 9088 1 0 0 3 
2.37004 3.02267 -5 -0.283994 0.132816 0.352577 3.95183 22 496 2540 2329 1 1.6182 1.6182 37 
5 4.44448 3.02255 -0.730763 -0.356775 2.78954 3.95432 22 497 2326 2278 1 2.16664 2.16664 30 
-4.36222 -0.853647 -5 -0.28298 0.0723872 0.19269 3.97626 22 498 12769 12768 1 3.08866 3.08866 41 
5 2.06728 -3.23424 -1.55167 0.154486 1.59202 3.94957 22 499 17307 17061 1 0 0 3 
5 4.48686 -1.15494 -0.0192966 -0.0122847 -0.0190697 3.99333 22 500 1247 1231 1 9.17561 9.17561 122 
-3.01071 -2.90206 -5 -0.229852 -0.0895813 0.857909 3.93187 22 501 4284 3854 1 1.40006 1.40006 41 
1.0352 -4.88518 -5 -0.991929 -0.6522 3.41794 3.93036 22 502 2843 2632 1 3.86834 3.86834 115 
5 -4.68022 0.979146 -0.482837 0.125223 0.0145806 4.10528 22 503 10625 10517 1 1.92289 1.92289 66 
5 -4.47348 -0.283745 -0.37689 -0.187674 -0.0195602 3.99394 22 504 1920 1904 1 7.72371 7.72371 93 
5 3.35928 -2.35184 -0.880127 0.225066 0.262599 3.97213 22 505 17705 17263 1 0.470557 0.470557 39 
1.34806 -0.315219 -5 -0.117249 0.00458231 0.0473238 3.95541 22 506 6960 6868 1 1.98223 1.98223 64 
5 4.8292 4.18313 -0.0930918 0.0944672 0.669369 3.9591 22 507 4047 3882 1 1.23065 1.23065 34 
5 0.999704 -1.82156 -0.53459 0.211572 0.014031 4.05597 22 508 5787 5786 1 12.4971 12.4971 156 
5 -2.63716 4.52264 -0.594976 -0.281356 0.801661 3.96604 22 509 2016 1952 1 0 0 3 
5 0.17099 1.76945 -2.38445 1.19107 2.9817 3.9629 22 510 1290 1235 1 4.20449 4.20449 102 
5 3.36953 -1.34494 -3.34019 0.72042 5.60579 3.95277 22 511 2122 2090 1 0 0 13 
4.17745 -5 2.81567 -0.485375 0.101068 3.43304 3.94668 22 512 1680 1283 1 27.8228 27.8228 237 
4.19624 -4.97259 -5 -0.0790311 -0.0010905 0.97246 3.92062 22 513 2131 1 1 26.9028 26.9028 346 
-1.53194 -4.92884 -5 -0.496253 -0.300195 2.07707 3.92682 22 514 1634 1230 1 1.13679 1.13679 80 
5 2.15823 -0.783409 -2.39127 -0.830041 0.473643 4.00347 22 515 7458 7391 1 1.3307 1.3307 88 
-4.08591 4.66633 -5 -0.324078 -0.0184193 0.439154 3.95392 22 516 8633 8632 1 0.229129 0.229129 32 
-3.60495 3.34408 5 0.0974354 -0.0968743 -0.102187 4.05634 22 517 2176 2114 1 0 0 9 
5 -4.88667 -4.77918 -5.86304 0.766558 12.6196 3.93877 22 518 1001 1 1 0.201805 0.201805 16 
5 -0.410292 4.64173 -0.385727 0.0214716 0.334475 3.99978 22 519 5439 5407 1 0 0 16 
5 -3.24568 -1.39298 -0.0427576 0.0631165 0.768869 3.9455 22 520 1471 1309 1 3.03834 3.03834 52 
5 -1.94872 1.46356 -0.212039 0.0405207 -0.0089438 4.05126 22 521 3149 3122 1 0.797505 0.797505 79 
5 -2.14222 -4.68423 -0.404869 0.294025 0.103686 3.94111 22 522 3435 3434 1 5.20916 5.20916 118 
5 -4.97319 2.89541 -0.473012 -0.0843043 -0.17399 3.99623 22 523 4832 4808 1 10.8255 10.8255 136 
-4.43056 2.42288 -5 -0.481065 -0.0655354 0.264498 3.96327 22 524 3537 3258 1 1.56231 1.56231 88 
4.39978 1.88049 -5 -0.660226 0.0374305 1.49813 3.93232 22 525 5407 5257 1 4.39797 4.39797 52 
5 3.85172 -2.02606 -0.376137 0.328569 -0.108087 4.01159 22 526 3399 3367 1 7.32837 7.32837 108 
-1.56017 5 0.0408973 -0.34319 -0.269397 -0.146578 4.0269 22 527 2274 2163 1 0.451618 0.451618 61 
5 1.78829 3.07525 -0.127319 0.167427 -0.145951 4.04451 22 528 4412 4199 1 2.60115 2.60115 42 
5 2.94696 2.65729 -0.36199 0.105268 0.0166004 4.04798 22 529 2962 2961 1 8.89174 8.89174 75 
5 -1.20801 -4.28969 -0.601021 -0.0587346 -0.311609 4.05888 22 530 5063 4896 1 0.359392 0.359392 9 
3.88587 3.72139 -5 -2.24906 1.84562 22.5545 3.92191 22 531 3299 2933 1 15.3626 15.3626 122 
3.87034 5 -4.83582 -0.44829 -0.69338 0.439811 3.94132 22 532 7131 6868 1 0.268518 0.268518 12 
5 -3.19491 -0.516368 -0.33631 0.13343 -0.360849 3.99179 22 533 1800 1799 1 1.31727 1.31727 40 
1.22867 -1.87124 -5 -0.585215 0.135651 1.38085 3.93568 22 534 3530 2862 1 0.733033 0.733033 12 
5 2.42973 -2.52455 -0.411976 0.079408 -0.291702 4.09888 22 535 1597 1596 1 0.193581 0.193581 5 
5 -3.96747 2.48236 -4.08015 0.991344 14.3082 3.95056 22 536 1673 1585 1 9.37231 9.37231 150 
2.76522 3.09474 -5 -0.626465 0.124463 7.36056 3.92209 22 537 2191 2159 1 18.4853 18.4853 210 
-1.08426 1.61602 5 0.0278641 -0.0510053 -0.177354 4.12333 22 538 4059 3266 1 42.0284 42.0284 569 
5 4.78767 2.12711 -3.75898 -0.141359 -0.909029 3.98282 -11 539 7799 7798 1 4.03658 4.03658 55 
1.40345 0.751495 -5 -0.489174 -0.540326 2.53209 3.93481 22 540 1035 1 1 1.37597 1.37597 132 
5 -3.63813 0.407628 -0.314889 -0.228911 -0.0132732 4.05056 22 541 2429 2252 1 2.10948 2.10948 50 
-5 3.81262 0.598322 0.328996 -0.0806864 -0.05663 3.97692 22 542 1205 1204 1 8.08735 8.08735 73 
3.25703 -0.216468 -5 -0.516885 -0.256674 1.72101 3.92648 22 543 1309 1225 1 18.5602 18.5602 232 
4.35404 4.10733 -5 -0.209986 0.232818 0.48638 3.93408 22 544 3666 3530 1 1.28823 1.28823 17 
-2.65862 -0.789235 -5 -0.716561 0.0596247 0.96338 3.94259 22 545 1779 1 1 1.5081 1.5081 107 
-3.57067 4.4671 5 -0.067169 -0.0289724 -0.0971601 4.07074 22 546 2111 2110 1 43.264 43.264 575 
-0.395208 -5 2.20292 -0.332589 0.0971538 -0.0476804 4.02515 22 547 1898 1897 1 3.68191 3.68191 68 
5 -2.4004 -3.41989 -0.26847 0.145501 -0.236788 4.07515 22 548 2672 2671 1 4.67332 4.67332 61 
0.488256 -0.162512 -5 -0.0885936 -0.132851 0.498929 3.94408 22 549 14199 14198 1 0.245105 0.245105 21 
5 0.447189 3.00717 -0.167697 0.0863703 0.00896584 3.99625 22 550 2944 1 1 5.88887 5.88887 142 
5 1.69193 0.597636 -0.618244 -0.0682405 0.0147238 3.9743 22 551 4781 4734 1 0.844021 0.844021 24 
-2.13967 0.622239 -5 -0.863303 0.20331 1.25782 3.94414 22 552 2505 2329 1 6.37887 6.37887 56 
2.9726 5 -1.67297 -0.216725 -0.190302 0.0407176 3.99606 22 553 3999 3965 1 0.55314 0.55314 42 
5 2.59366 3.73588 -1.096 0.177811 1.95316 3.95606 22 554 1987 1654 1 1.25271 1.25271 47 
4.09645 -1.39127 -5 -0.0649095 0.170616 0.787473 3.92582 22 555 1088 1 1 21.068 21.068 225 
-1.07635 5 4.25303 0.132142 -0.221126 0.0501722 3.9813 22 556 1653 1497 1 8.02871 8.02871 117 
-1.32448 -4.05451 5 -0.377413 0.322016 -0.122413 4.00595 22 557 1983 1980 1 0.702683 0.702683 43 
-0.702878 5 -3.6672 -0.271434 -0.265705 0.003903 4.06539 22 558 6147 6009 1 1.7059 1.7059 44 
4.73498 -1.99342 -5 -5.3941 1.47972 5.44253 3.94176 22 559 6790 6750 1 0.149565 0.149565 12 
5 4.56778 2.50723 -0.115919 0.0704204 0.325687 3.95302 22 560 1664 1542 1 10.6192 10.6192 197 
-4.56311 4.24297 -5 -1.93468 0.716091 7.5254 3.93295 22 561 2455 2345 1 11.641 11.641 82 
-4.83866 1.20531 -5 -1.07632 0.163494 3.48298 3.93162 22 562 1701 1593 1 6.65355 6.65355 73 
2.11725 1.67618 -5 -0.0611535 0.00654804 0.432003 3.92384 22 563 3250 2754 1 0 0 8 
-0.500297 5 0.827535 -3.82754 -2.7803 0.986178 4.01058 22 564 1714 1700 1 1.89803 1.89803 91 
-1.47512 -0.0684724 -5 -0.534978 -0.0615444 1.65828 3.93087 22 565 6189 6188 1 4.25573 4.25573 117 
2.26826 4.97454 -5 -0.393086 0.112932 0.933265 3.92621 22 566 1938 1814 1 9.79022 9.79022 114 
-0.618614 -2.15843 -5 -1.90611 0.265836 2.01069 3.94273 22 567 4163 3877 1 1.38101 1.38101 27 
-1.37998 0.854638 -5 -0.699232 0.0943066 1.64002 3.93503 22 568 6361 6011 1 0 0 9 
5 -3.83039 1.42048 -0.33599 -0.137778 -0.35951 4.05779 22 569 5195 5150 1 1.49262 1.49262 11 
5 -0.273269 2.90094 -0.846261 0.441755 0.690135 3.98187 22 570 1277 1126 1 0 0 8 
5 2.03581 -3.95428 -0.342374 0.289093 0.199436 3.94959 22 571 4391 4166 1 1.20289 1.20289 73 
1.78008 0.610043 -5 -0.273228 0.0149861 1.72742 3.92503 22 572 1276 1 1 2.92128 2.92128 133 
-3.29588 -1.56546 5 -2.15544 0.479272 -1.13311 4.04482 22 573 2242 2186 1 8.60655 8.60655 60 
2.99374 5 4.58482 -0.34474 -0.377192 -0.000919041 4.05642 22 574 1727 1725 1 0 0 9 
4.02867 -5 -4.21219 -0.0675977 0.139535 0.576223 3.92434 22 575 2308 1616 1 3.41585 3.41585 84 
-4.31341 3.98964 -5 0.0891187 -0.11078 0.110329 4.0093 22 576 3491 3490 1 4.10297 4.10297 67 
5 2.4872 2.54689 -3.12814 -1.26042 -0.635569 4.00855 22 577 6014 5864 1 1.13761 1.13761 9 
4.25385 2.4044 -5 -0.360248 0.249666 0.654329 3.92954 22 578 3274 3105 1 0.351347 0.351347 39 
-4.07807 -4.94287 -5 -0.212683 -0.0671411 0.211212 3.95745 22 579 4740 4739 1 1.73051 1.73051 42 
1.82143 4.12072 -5 -0.410537 0.0534407 0.3844 3.96194 22 580 9707 9642 1 3.09876 3.09876 94 
2.79244 1.67629 5 -0.164698 0.0959014 -0.328575 4.08675 22 581 4484 4483 1 0.575623 0.575623 49 
-3.89775 0.282089 -5 -0.470923 0.206231 0.417953 3.9737 22 582 3350 3265 1 0.702798 0.702798 38 
5 3.01912 -3.23998 -0.149242 -0.176906 -0.191718 4.09452 22 583 5827 5825 1 0.364538 0.364538 9 
3.3751 -5 -0.907799 -0.0837251 0.179348 0.287276 3.95438 22 584 2432 1407 1 5.75204 5.75204 173 
5 4.50175 3.76022 -2.53444 -0.556431 10.873 3.9522 22 585 5462 5383 1 11.8611 11.8611 121 
5 2.96235 -0.710122 -0.362585 -0.0692135 0.106945 3.99939 22 586 2843 2842 1 6.66767 6.66767 131 
5 2.91805 -3.7795 -0.298034 -0.0646267 1.77776 3.92794 22 587 10044 9934 1 3.25728 3.25728 120 
3.90226 -2.13153 5 -0.33129 0.100297 -0.0592751 3.98781 22 588 1460 1342 1 25.5146 25.5146 297 
3.43007 4.39425 5 -0.265083 0.213438 -0.149892 4.20642 22 589 1176 1175 1 19.7307 19.7307 184 
5 3.84908 -3.80491 -0.298918 0.0200412 0.0461422 4.03367 22 590 3190 3110 1 0.151403 0.151403 43 
5 4.39545 3.05634 -0.690681 0.175364 1.8365 3.95829 22 591 5120 5050 1 3.74968 3.74968 72 
5 -4.12314 -1.45098 -8.02778 -3.0184 15.5254 3.95075 22 592 2866 2728 1 0 0 9 
4.92202 -2.74904 -5 -0.101293 -0.00533175 0.399428 3.93042 22 593 2591 2402 1 0.675417 0.675417 70 
-0.00535483 1.82742 -5 -1.47306 -0.0569922 4.04394 3.93177 22 594 5719 5650 1 0.0804841 0.0804841 10 
-4.13696 -1.18637 -5 -0.320733 -0.0923553 0.545662 3.95191 22 595 5062 4989 1 0.273226 0.273226 48 
-0.871262 -4.57638 -5 -0.26485 -0.175036 0.435695 3.941 22 596 1946 1 1 3.02395 3.02395 44 
-4.74075 5 -1.47527 -0.177023 -0.189253 -0.21266 3.99219 22 597 1561 1560 1 31.5489 31.5489 361 
4.50781 1.75738 -5 0.169024 0.160455 0.731195 3.93205 22 598 1399 1319 1 0.643291 0.643291 33 
5 4.59297 -0.142302 -0.36808 0.14273 0.269171 3.98501 11 599 13961 13940 1 0.411086 0.411086 8 
0.120242 -5 -0.458692 -0.261879 0.206671 0.387074 3.99082 22 600 7084 7083 1 0.199171 0.199171 39 
-2.12274 0.349113 -5 -0.125573 -0.0485748 0.680488 3.92584 22 601 8990 5608 1 9.55598 9.55598 74 
-1.25186 0.309763 -5 -0.0600985 1.84018 13.499 3.92341 11 602 5282 3327 1 25.9781 25.9781 365 
4.39006 1.78453 5 -0.18195 0.00753908 -0.0912322 4.11223 22 603 5889 5887 1 0.0621434 0.0621434 10 
5 -3.85404 -0.295775 -0.834267 -1.43722 1.99747 3.95952 22 604 4056 4055 1 8.27053 8.27053 89 
5 -0.698194 -4.56941 -0.35273 0.094116 0.269658 3.94806 22 605 3197 3152 1 15.0537 15.0537 167 
5 0.506798 0.356062 -5.99751 -1.18898 15.2691 3.94836 22 606 6732 6731 1 0.138827 0.138827 11 
4.89522 5 -0.532497 0.287146 -0.351019 0.242514 3.97079 22 607 2080 2010 1 9.37391 9.37391 145 
5 4.92993 -0.845868 -0.493231 -0.0202069 -0.13204 4.07576 22 608 7075 7073 1 0 0 2 
4.33742 5 3.27494 -0.0795881 -0.500141 0.0681518 4.0088 22 609 1435 1434 1 5.33452 5.33452 100 
-1.25421 -2.54157 -5 -0.371988 -0.26938 0.224007 3.99107 22 610 5093 5092 1 6.86948 6.86948 150 
5 -0.458125 -4.67987 -0.782324 -0.19667 1.54422 3.94201 22 611 7619 5228 1 0 0 7 
4.06239 -4.07228 -5 -2.27664 0.11855 8.9584 3.93364 22 612 5030 4949 1 7.22721 7.22721 63 
-2.2963 4.90152 -5 -0.276852 -0.211529 0.122376 4.02148 22 613 4814 4789 1 6.88137 6.88137 167 
5 -4.64321 2.63068 -0.404643 0.262542 -0.168687 4.01711 22 614 4319 4318 1 11.9354 11.9354 155 
5 -0.475558 -1.59245 -0.168144 0.18932 0.290143 3.95421 22 615 8404 8281 1 0.495549 0.495549 29 
5 -1.83826 4.41521 -17.8402 -18.4014 10.1802 3.97769 11 616 1 0 1 3.93313 3.93313 43 
4.89808 -2.70265 -5 -1.65913 -2.15257 3.11811 3.94099 22 617 1254 1195 1 10.3012 10.3012 118 
4.44177 -3.03583 -5 -0.174103 -0.0119293 0.760318 3.92349 22 618 3717 3480 1 7.54538 7.54538 137 
-2.80383 3.30034 -5 0.342382 0.199274 1.00482 3.97688 22 619 2031 2014 1 9.62351 9.62351 134 
3.07067 5 3.19702 -0.152296 -0.132163 0.0154484 4.1667 22 620 10529 9296 1 0.201969 0.201969 22 
-1.49132 4.18218 -5 -1.11527 -0.300159 5.03978 3.92837 22 621 10405 10238 1 1.20058 1.20058 54 
0.988407 -4.86807 -5 0.157386 -1.78212 8.60718 3.92539 22 622 4438 4352 1 11.9891 11.9891 148 
2.51898 5 -1.09035 -0.09282 -0.224657 -0.0829654 3.98402 22 623 2020 2019 1 0.0415864 0.0415864 15 
4.06782 -1.45486 5 -0.192549 -0.241328 -0.407192 4.04675 22 624 7259 7229 1 3.47914 3.47914 48 
5 2.56655 4.86899 -5.06004 3.58792 1.03068 4.01972 22 625 3350 3301 1 0 0 5 
0.725688 3.67124 -5 -0.655448 0.17863 0.77777 3.95175 22 626 2632 2507 1 0.185659 0.185659 31 
3.95896 -0.910071 -5 -0.225479 -0.0632073 1.08961 3.9276 22 627 1308 1 1 0.528672 0.528672 42 
4.7634 5 -3.93844 -0.295167 -0.18119 1.04532 3.92999 22 628 1236 1205 1 2.41989 2.41989 60 
2.70341 2.4755 5 -0.107456 -0.177369 -0.236823 4.07086 22 629 2079 2019 1 0 0 7 
-2.1868 -4.61784 5 -0.216342 -0.0524386 -0.303521 5.07319 22 630 3354 3322 1 0.86639 0.86639 30 
-0.64047 -1.76447 -5 -0.859349 0.344062 2.30401 3.93766 22 631 3365 3229 1 1.34773 1.34773 33 
4.18512 -5 -4.04719 0.0735688 0.160189 -0.0520675 3.9865 22 632 2307 1 1 6.34757 6.34757 86 
2.41038 5 -2.58449 -0.235313 -0.0464882 0.720267 3.94121 22 633 1509 1479 1 0 0 8 
-0.00423796 -2.09618 -5 -0.380205 -0.0212195 0.340755 3.98153 22 634 11656 11637 1 2.03659 2.03659 32 
-4.89372 -0.143814 5 -0.30075 -0.143386 -0.272568 4.07679 22 635 4339 4328 1 0 0 5 
-3.01082 4.85873 -5 -0.961929 -0.0476071 1.03243 3.96148 22 636 5933 5888 1 3.00256 3.00256 22 
4.61112 4.7962 5 -0.559411 -0.452951 -0.140148 4.08294 22 637 8303 8256 1 2.54941 2.54941 33 
5 -2.26946 4.96228 -0.264218 0.0783421 0.0831865 3.97906 22 638 1789 1764 1 0 0 5 
5 -1.95883 -1.45628 -14.8354 -11.7309 681.797 3.93134 11 639 1 0 1 48.1862 48.1862 469 
5 2.75785 1.21394 -0.161827 -0.0852124 -0.00192399 3.97844 22 640 1126 1038 1 21.1489 21.1489 402 
4.80778 5 -4.39981 -0.0699096 -0.322157 0.390445 3.97338 22 641 3149 3148 1 12.5627 12.5627 158 
-0.90508 2.94657 5 -0.232559 -0.124574 -0.179647 4.09354 22 642 1727 1665 1 4.36822 4.36822 55 
3.48387 4.47262 -5 0.0138647 -0.184492 0.123941 3.9991 22 643 1189 1188 1 3.13748 3.13748 27 
-3.4678 1.6031 -5 -0.152207 -0.0474058 0.257691 3.95019 22 644 2963 2825 1 0.176847 0.176847 32 
-0.401303 4.62307 -5 -0.772002 -0.168861 1.21874 3.95478 22 645 1567 1363 1 0 0 7 
4.0419 5 1.31119 0.0100068 -0.247411 0.272563 3.9748 22 646 4055 4004 1 0.978744 0.978744 63 
5 -0.231164 1.2893 -0.25131 0.0717527 -0.101641 3.98466 22 647 8655 8584 1 5.24547 5.24547 119 
5 -4.68879 3.38348 -0.387234 0.299747 -0.018805 3.97052 22 648 2903 1 1 2.36465 2.36465 64 
4.21653 -2.45687 -5 -0.109659 0.0248688 0.32147 3.93703 22 649 5125 5098 1 2.35617 2.35617 93 
5 2.61153 0.0592244 -0.299731 0.0838207 -0.112472 3.99811 22 650 1740 1739 1 7.14418 7.14418 76 
5 -0.0828657 2.63009 -0.287889 0.0376691 -0.110659 3.96809 22 651 1363 1307 1 13.6391 13.6391 250 
-0.256633 -0.432347 -5 0.17455 -0.116687 0.983221 3.9398 22 652 1988 1864 1 68.1551 68.1551 482 
5 -3.9751 -3.64999 -0.441177 -0.13187 0.207691 3.95364 22 653 4777 4773 1 22.5349 22.5349 168 
-3.62096 -1.42191 -5 -1.98571 -0.154993 12.969 3.92481 22 654 1104 1 1 20.9765 20.9765 180 
-0.990565 4.18459 -5 -0.173665 0.201605 0.327611 3.9508 22 655 1566 1438 1 0.217197 0.217197 12 
3.88815 -2.6985 -5 -0.19577 -0.0402804 2.66784 3.92081 22 656 2352 1 1 34.0307 34.0307 296 
5 -4.19965 0.942619 -0.149837 0.263553 -4.55623e-05 3.97679 22 657 1057 1 1 1.95489 1.95489 78 
1.35634 2.00249 5 -0.249462 -0.40282 -0.243598 4.09304 22 658 6652 6651 1 0.20292 0.20292 15 
1.91179 5 1.68649 -0.166462 -0.0517318 -0.106816 4.07878 22 659 7289 7071 1 0.504398 0.504398 53 
5 -3.99846 1.13031 -0.704327 -0.290721 0.444509 3.96237 22 660 3032 3004 1 3.58682 3.58682 47 
-0.935573 -1.82115 -5 -0.341588 0.135439 0.456263 3.94244 22 661 3970 3920 1 5.85299 5.85299 126 
0.290737 1.94842 -5 -5.19288 1.35879 6.4123 3.93932 22 662 3100 3070 1 18.0421 18.0421 308 
5 -2.75974 4.38565 -3.05627 -0.791544 5.8441 3.96565 22 663 1162 1 1 0 0 3 
2.11969 3.85971 5 -0.117757 0.0580507 -0.268138 4.13494 22 664 1015 1001 1 1.48426 1.48426 84 
5 2.45773 0.029613 -0.228908 0.113509 -0.111372 4.14422 22 665 4157 3998 1 6.0104 6.0104 61 
-2.2368 -4.50726 -5 -0.318042 0.241034 0.506571 3.96873 22 666 9616 9567 1 10.3583 10.3583 108 
3.26992 -0.996354 -5 -0.112058 -0.190414 0.275245 3.96926 22 667 2273 2272 1 19.0471 19.0471 162 
-1.22856 -5 -0.157314 0.869078 1.6206 2.33794 3.98255 11 668 1773 1742 1 13.6537 13.6537 92 
5 -0.165292 -2.76788 -0.226087 0.0939774 0.178936 3.94316 22 669 2145 2122 1 3.47055 3.47055 18 
5 2.40794 -0.314345 -0.482241 0.154559 0.0683738 3.9691 22 670 1120 1090 1 53.2649 53.2649 662 
0.579932 -3.58821 -5 -0.601076 -0.296353 0.212643 3.96046 22 671 2096 1 1 4.91908 4.91908 95 
0.426363 2.6017 -5 -0.149906 0.182773 0.350766 3.95937 22 672 2344 2302 1 1.13589 1.13589 119 
-0.940613 -0.634195 -5 -0.0851864 -0.163691 0.644305 3.92787 22 673 1849 1171 1 8.09583 8.09583 189 
4.74139 -1.97183 -5 -0.368677 0.149923 0.3205 4.00798 22 674 1787 1765 1 0 0 2 
2.07044 -0.693331 -5 -0.819546 0.352375 5.12471 3.92405 22 675 10322 10134 1 4.9265 4.9265 107 
5 -3.01718 2.94646 -0.0714026 -0.164682 -0.0570633 4.03562 22 676 4606 4605 1 5.45005 5.45005 72 
3.62846 -5 -0.484175 0.0254425 0.0544484 -0.239589 4.03579 22 677 4345 4344 1 4.20868 4.20868 150 
4.87641 4.23041 -5 0.824254 0.359995 5.23138 4.92287 22 678 2655 2621 1 14.1917 14.1917 249 
5 1.69754 -3.68791 -0.373405 -1.02135 7.86202 3.94437 -11 679 12232 12231 1 5.02705 5.02705 44 
5 2.02123 4.74949 -0.439462 -0.177045 0.191436 3.99804 22 680 1858 1857 1 0.738996 0.738996 23 
4.00504 5 -3.59925 -0.00082267 -0.0140637 -0.0296404 3.93229 22 681 1064 1053 1 65.0261 65.0261 802 
5 -3.87331 -2.84768 -0.863855 -0.0300232 2.55531 3.93939 22 682 2874 2821 1 0.87466 0.87466 24 
-2.08275 -2.59413 -5 -0.386558 0.087023 0.302467 3.96245 22 683 6118 6117 1 0.385214 0.385214 34 
-5 -2.98147 -3.84531 0.510016 0.023347 -0.0214173 4.00687 22 684 3565 3563 1 12.9147 12.9147 207 
1.21394 -1.74009 5 -0.440826 -0.102475 -0.237258 4.07948 22 685 1927 1926 1 1.15479 1.15479 75 
2.79122 5 -0.00192628 -0.244277 -0.880012 -0.354533 4.03368 22 686 1820 1817 1 5.6329 5.6329 100 
5 -3.99891 -3.67782 -0.609217 0.434739 -0.20848 3.9975 11 687 1 0 1 3.35159 3.35159 53 
5 4.02775 -4.25704 -0.421363 0.121833 -0.0887639 3.9518 22 688 1289 1235 1 9.0331 9.0331 76 
3.68771 -3.36145 5 -0.091053 0.29839 -0.189063 4.05338 22 689 1537 1536 1 1.37389 1.37389 11 
-1.01757 -3.63965 -5 -0.312944 -0.0529685 0.237049 3.96733 22 690 6487 6434 1 0.440053 0.440053 16 
5 -4.57358 -1.56826 -0.460767 0.0892389 -0.202114 4.09556 22 691 4361 4342 1 1.49969 1.49969 14 
5 -1.09522 -1.49762 -0.328535 0.23754 0.211143 3.94222 22 692 1563 1562 1 15.5907 15.5907 268 
5 -0.984738 -0.850504 -1.85537 -0.788762 -1.86946 3.95289 -11 693 7389 7388 1 21.5703 21.5703 235 
5 4.40191 0.710113 -0.302064 0.0372779 0.186776 3.98938 22 694 14085 13990 1 0.835638 0.835638 8 
5 -1.29782 -2.77621 -0.383571 0.01847 -0.0895892 4.01059 22 695 2657 2656 1 8.53309 8.53309 68 
5 0.43879 3.04901 -4.86864 1.41032 -2.0711 3.99745 -11 696 1733 1732 1 5.04854 5.04854 91 
1.53036 0.611528 -5 -2.11683 2.46744 10.8509 3.92729 22 697 2414 2237 1 3.81077 3.81077 42 
1.76732 -1.43364 -5 -0.360308 -0.307794 0.507334 4.05332 22 698 4294 4284 1 0.0211399 0.0211399 21 
5 -2.87263 3.38382 -1.40478 -0.292311 1.54394 3.99481 22 699 12030 12029 1 1.16255 1.16255 31 
-4.59226 -5 -0.601049 -0.057821 0.12687 -0.161496 4.02998 22 700 1247 1030 1 5.71123 5.71123 37 
-0.128141 -1.62029 -5 -3.21943 -1.78791 3.10074 3.95295 22 701 2095 1844 1 1.43029 1.43029 83 
5 1.201 3.16993 -0.155327 -0.132724 -0.0524361 4.01544 22 702 5599 5574 1 7.8351 7.8351 62 
1.08536 1.66653 -5 -2.62053 -0.171953 10.7932 3.92662 22 703 2601 2435 1 5.65238 5.65238 56 
4.97841 -4.46719 -5 -0.347336 0.0618502 2.45984 3.92134 22 704 3052 2450 1 13.1107 13.1107 141 
5 3.49488 -1.35372 -0.76024 -0.352386 6.6551 3.93341 22 705 1659 1 1 1.56841 1.56841 39 
-1.69376 -4.9417 -5 -8.13039 -15.154 4.26809 3.93241 -11 706 1081 1080 1 12.076 12.076 191 
-3.63201 -5 -4.60372 -0.495168 0.149759 0.496415 3.95897 22 707 12390 12359 1 3.75518 3.75518 60 
-5 -4.7398 -2.06788 0.0896466 -0.355637 0.154164 4.02881 22 708 2583 2538 1 0.739485 0.739485 33 
-1.82315 -5 0.91554 -0.437912 0.0243649 0.262221 3.97381 22 709 3190 3189 1 6.37475 6.37475 115 
5 3.97676 4.75054 -0.740633 0.529132 0.957538 3.97169 22 710 5458 5275 1 11.6423 11.6423 117 
-4.9972 -2.94741 5 -0.453195 -0.0518113 -0.113014 4.07735 22 711 1872 1870 1 2.86223 2.86223 69 
5 -0.898028 -0.253639 -0.253044 -0.12421 0.0145628 4.02212 22 712 12540 12359 1 0.0947271 0.0947271 10 
2.13211 -0.621525 -5 -6.24319 6.0192 31.1536 3.92012 -11 713 2038 2037 1 40.6812 40.6812 568 
1.78936 -3.62228 -5 -0.548116 0.153084 0.842074 3.93956 22 714 2303 2219 1 0.186005 0.186005 17 
-2.74903 5 -1.27017 -0.101349 -0.229579 0.0441092 3.96127 22 715 2431 2430 1 10.4511 10.4511 138 
1.27662 -5 4.38146 -2.33377 0.820784 1.28599 3.95486 11 716 6618 6475 1 11.1248 11.1248 170 
5 1.13727 4.95432 -0.661639 -0.212374 0.798092 3.97002 22 717 4942 4861 1 7.53956 7.53956 204 
5 4.70432 -0.322168 -0.647399 0.345521 -0.073832 3.99827 22 718 8577 8575 1 0.269353 0.269353 52 
2.05862 -4.50236 -5 -1.81785 0.539941 6.97762 3.93397 22 719 6197 6196 1 0 0 6 
-2.97563 2.77616 -5 -0.149255 0.100965 0.478172 3.9338 22 720 2973 2972 1 2.43495 2.43495 61 
2.90689 3.76192 -5 -0.670421 -0.0903244 1.12101 3.93754 22 721 4262 4013 1 1.38945 1.38945 27 
3.36175 -3.5247 -5 -0.0443598 -0.0551527 0.174338 3.93063 22 722 8997 8991 1 4.09773 4.09773 114 
-0.275772 -5 -2.49008 -0.342009 0.80088 -0.344166 4.00078 22 723 1788 1724 1 0.429272 0.429272 12 
-0.657 0.603017 -5 -7.5113 0.271053 16.8272 3.94201 22 724 8413 7800 1 0.379599 0.379599 34 
-1.47556 4.77032 -5 -0.137647 0.137831 0.185492 3.94774 22 725 1493 1400 1 4.01244 4.01244 90 
5 1.43445 -4.80444 -0.180934 0.00983411 -0.10019 4.06289 22 726 1308 1171 1 21.861 21.861 145 
-0.413982 3.96913 -5 -2.04287 -0.267639 6.63537 3.93068 22 727 2099 1832 1 5.11763 5.11763 18 
2.87102 -4.98969 -5 -0.0468928 0.106083 0.271625 3.94178 22 728 1993 1992 1 17.1597 17.1597 317 
5 4.31128 -0.956231 -0.233496 -0.182472 0.0135545 3.94452 22 729 2320 2294 1 12.4082 12.4082 192 
5 3.32841 3.47679 -3.053 -2.21555 4.12386 3.95893 22 730 1280 1255 1 27.465 27.465 321 
4.3528 -0.0337782 -5 -0.0907074 -0.0432166 0.501023 3.93284 22 731 1293 1292 1 6.03954 6.03954 129 
-2.34859 -1.79943 -5 -0.294195 0.241426 0.268723 3.94293 22 732 1843 1478 1 16.6185 16.6185 119 
3.51567 -1.55328 -5 -3.26655 0.343384 11.2587 3.93121 22 733 8389 8159 1 0.216934 0.216934 34 
3.30539 -0.123942 -5 -0.497075 0.437303 4.74755 3.92174 22 734 1709 1 1 28.6966 28.6966 313 
-4.55402 -1.76639 -5 -0.980349 -0.403212 0.762025 3.95959 22 735 2119 1910 1 0.489075 0.489075 21 
0.735944 4.81229 -5 -0.288719 0.0587217 0.82966 3.92699 22 736 1541 1183 1 1.72875 1.72875 36 
-3.05104 5 -4.4739 0.25364 -0.394074 0.203698 3.99684 22 737 2922 2920 1 0.188315 0.188315 41 
4.86849 1.6498 -5 0.254868 0.032093 0.567248 7.73836 22 738 1858 1833 1 6.24123 6.24123 31 
-3.9891 2.24161 -5 -0.938148 -0.0239399 2.01263 3.93896 22 739 1506 1141 1 0.825247 0.825247 65 
2.04241 1.48066 -5 -7.71253 1.12722 32.0303 3.9269 22 740 5972 5945 1 6.20581 6.20581 155 
5 -2.02135 -1.02909 -0.405339 -0.00298086 0.0405176 3.95553 22 741 1419 1298 1 0.864404 0.864404 57 
4.99001 1.67299 -5 -0.388172 -0.0387044 0.462867 3.94402 22 742 5437 5332 1 0.0235499 0.0235499 11 
4.33276 0.304674 -5 -0.139637 -0.199346 0.231491 3.9919 22 743 3827 3824 1 5.88483 5.88483 68 
-1.11495 4.15798 -5 -0.936332 0.688259 1.16436 3.94004 22 744 1805 1 1 1.40526 1.40526 25 
5 -3.56023 2.77841 -0.376957 0.233063 -0.0765964 4.01925 22 745 4961 4960 1 2.70758 2.70758 66 
5 -2.9125 4.33336 -0.276313 0.345887 0.0987096 3.99743 22 746 4204 4149 1 2.00682 2.00682 18 
5 -2.00206 4.65844 -0.317754 0.196794 -0.34846 3.98007 22 747 2057 2020 1 11.8695 11.8695 105 
-3.64595 -1.4642 -5 -7.16254 -1.08512 51.0415 3.92583 -11 748 1311 1310 1 8.79451 8.79451 152 
-2.45321 -5 -3.02381 -0.017707 0.116861 -0.179028 4.11545 22 749 7268 7233 1 0.214321 0.214321 20 
5 3.64719 1.43243 -0.130193 0.127455 -0.0889612 4.08256 22 750 2275 2247 1 0.321531 0.321531 26 
2.75999 2.46569 -5 -1.30654 0.130985 2.67183 3.93864 22 751 1176 1 1 1.34069 1.34069 66 
5 0.607426 4.55101 -0.580092 0.029065 0.00663507 4.00641 22 752 2924 2923 1 0 0 13 
2.16876 1.03264 -5 -0.343677 0.115698 0.422535 3.95583 22 753 4343 3998 1 4.12986 4.12986 123 
5 2.25028 -0.905941 -8.80896 -1.98251 -6.47566 4.07397 22 754 3148 3031 1 0.480155 0.480155 35 
4.1909 0.678421 -5 -0.278336 -0.261953 1.25946 3.92761 22 755 3409 3208 1 3.80138 3.80138 104 
5 -4.17008 1.32353 -0.18467 -0.0275249 -0.0670767 4.00268 22 756 6837 6794 1 1.31835 1.31835 29 
-3.97728 -2.98769 5 -0.615898 -0.129005 -0.454465 4.07135 22 757 2183 2182 1 5.80542 5.80542 130 
3.73916 0.833327 -5 -0.885554 -0.297677 1.39777 3.9357 22 758 1056 1 1 12.4382 12.4382 207 
3.23849 4.30222 -5 -0.462996 2.20977 11.7555 3.93015 11 759 1958 1949 1 3.30252 3.30252 28 
5 1.35426 0.0412086 -1.31972 0.330849 -1.11021 3.99824 22 760 6992 6991 1 2.42658 2.42658 21 
1.85067 2.65129 -5 0.00642148 0.0912697 0.201698 4.00427 22 761 1809 1771 1 1.83759 1.83759 134 
2.28099 -4.5272 -5 0.12205 0.660251 0.576495 3.92061 -11 762 3365 3364 1 1.09158 1.09158 5 
-3.91156 -5 -2.57382 -0.211953 0.0519491 0.60486 3.93652 22 763 5036 4950 1 11.4536 11.4536 63 
5 2.79813 1.66704 -0.33666 0.0869513 1.25573 3.94738 22 764 2260 2235 1 9.20701 9.20701 117 
5 -3.75651 4.40665 -0.294211 -0.086733 -0.123451 4.01605 22 765 4462 4461 1 0.384366 0.384366 48 
4.26038 -0.507746 -5 -0.74239 -0.0377755 3.19687 3.93134 22 766 8699 8591 1 0.0791679 0.0791679 22 
3.85371 -5 -1.69666 -0.421547 0.995686 -0.11169 3.96143 22 767 1716 1675 1 4.07483 4.07483 73 
-1.37014 -0.534019 -5 -0.108054 -0.0284579 0.306582 3.94241 22 768 2155 2154 1 3.28218 3.28218 86 
0.889218 1.43849 -5 -0.539919 0.00219143 1.24291 3.93764 22 769 2884 2834 1 9.0072 9.0072 21 
-5 -0.0654352 -2.36974 0.408359 0.381391 0.472914 4.05815 22 770 5041 5020 1 0.180599 0.180599 27 
5 -1.83322 -1.31534 -9.71198 -5.70713 6.69046 3.95926 -11 771 1854 1853 1 11.2283 11.2283 148 
3.16148 -4.77253 -5 -0.200831 0.215376 1.00734 3.92493 22 772 2830 2829 1 5.91618 5.91618 78 
-1.20458 1.74554 -5 -1.11753 -0.614344 4.98864 3.9293 22 773 8112 8069 1 0.805764 0.805764 15 
5 -1.06034 2.00835 -0.255625 0.183377 -0.0733874 4.14111 22 774 1237 1236 1 0 0 9 
5 3.25734 1.22417 -1.08985 0.371189 1.47935 3.9777 22 775 9771 9710 1 0 0 6 
5 -3.65681 -2.77789 -0.0137649 0.0312918 -0.141087 4.00613 22 776 1162 1 1 0.533818 0.533818 49 
5 -2.46535 0.705351 -0.332493 -0.0673766 -0.0351657 3.9504 22 777 1982 1937 1 2.10734 2.10734 64 
0.403419 0.745423 -5 -0.167555 0.0184729 0.266435 3.93855 22 778 1353 1 1 8.319 8.319 160 
5 4.95431 -0.601846 -1.59106 1.16162 1.3831 3.94627 22 779 1648 1624 1 13.1775 13.1775 122 
3.68416 3.96075 -5 -0.186385 0.38387 0.281112 3.97585 22 780 2173 2167 1 3.04291 3.04291 37 
-1.76449 -3.4788 -5 -0.97254 -0.173397 6.6773 3.92343 22 781 1387 1002 1 5.8398 5.8398 159 
-4.16643 -3.12117 -5 -0.884554 -0.167482 5.77634 3.92462 22 782 1442 1205 1 8.29749 8.29749 153 
5 -1.23152 -2.89807 -0.183735 -0.266598 0.174046 3.96465 22 783 4150 4113 1 2.85685 2.85685 98 
3.5713 0.695118 -5 -0.381291 -0.0222285 0.299161 3.98799 22 784 4372 4371 1 1.03898 1.03898 14 
-4.06599 3.89942 -5 -0.125489 0.0420344 0.723079 3.926 22 785 1251 1 1 16.6944 16.6944 250 
5 -3.62952 1.49191 -0.176817 -0.0395536 0.150205 3.96991 22 786 12481 12339 1 7.64124 7.64124 102 
5 -0.752238 -2.70083 -3.14819 0.415744 17.755 3.93072 22 787 1442 1 1 1.66818 1.66818 32 
2.23861 -0.928694 -5 -0.237177 0.0497603 1.0146 3.95496 22 788 3580 3493 1 1.42907 1.42907 56 
-1.30705 0.883721 5 -0.206676 0.375708 -0.277936 4.12785 22 789 8273 8272 1 0.778861 0.778861 14 
1.45558 4.11392 -5 -2.09734 0.0460723 3.83388 3.93407 22 790 4621 4591 1 0.603903 0.603903 48 
5 -2.36493 -2.1694 -1.50011 -0.690688 3.05175 3.94231 22 791 3218 2034 1 2.24445 2.24445 107 
4.69829 -0.285487 -5 -0.24072 0.0193475 0.425109 3.9466 22 792 5619 5592 1 1.91496 1.91496 46 
-4.43465 2.40077 -5 -0.182458 0.187077 0.249833 4.00132 22 793 2078 2057 1 5.78496 5.78496 22 
5 3.5265 0.455007 -0.385874 0.136995 -0.00990935 3.96372 22 794 3408 2965 1 54.8771 54.8771 500 
-2.43098 -0.417922 -5 -0.532861 -0.173125 0.140576 4.00848 22 795 4428 4002 1 0.762987 0.762987 38 
4.674 -5 1.29158 -1.54766 0.340399 1.37712 3.97718 22 796 1930 1898 1 0 0 2 
-0.558826 1.87654 -5 -0.32405 0.0748113 0.274737 3.96241 22 797 5554 5420 1 1.30062 1.30062 49 
-2.45714 -2.24827 5 -0.789051 -0.105361 -1.24533 4.11227 22 798 1711 1661 1 7.44479 7.44479 17 
5 -1.83316 -0.983281 -0.376294 -0.0525465 -0.0477195 3.97772 22 799 2938 2720 1 0.99447 0.99447 19 
1.92039 -4.15694 -5 -0.333059 -0.000192943 0.822964 3.93475 22 800 4526 4431 1 0.277658 0.277658 31 
5 -4.08361 -0.869886 -0.253054 0.0671784 0.303949 3.99871 22 801 4553 4552 1 0 0 5 
5 1.67357 -4.60071 -0.197365 0.183894 0.846737 3.93628 22 802 12426 12425 1 5.55618 5.55618 68 
-2.12279 4.88825 -5 -0.47807 -0.038817 0.289898 3.98483 22 803 3748 3688 1 4.9945 4.9945 101 
5 1.74415 -2.78512 -0.918607 -0.585706 2.32079 3.93249 22 804 3461 3420 1 7.78921 7.78921 194 
4.50103 3.84056 -5 -0.148677 0.0186385 0.168916 3.93456 22 805 8041 8015 1 3.78008 3.78008 188 
0.3384 5 -2.99922 -1.4494 -0.551359 0.360188 3.9573 22 806 6389 6378 1 7.34634 7.34634 65 
-3.2958 -3.67889 -5 -0.324214 -0.0599436 1.2727 3.93206 22 807 2356 1810 1 0.453071 0.453071 25 
5 1.33377 2.36355 -0.463049 -0.0944639 0.342604 3.99426 22 808 2086 1904 1 0.043365 0.043365 6 
-5 -0.394312 1.67815 0.198257 -0.156552 0.444191 4.06527 22 809 2098 2095 1 0.578571 0.578571 66 
3.14608 -0.666178 -5 -0.173072 -0.204231 1.02053 3.9275 22 810 3754 3327 1 0.702924 0.702924 34 
5 0.885066 0.236259 -0.965454 0.149266 0.335711 3.99512 22 811 12258 12240 1 1.45433 1.45433 40 
4.52541 -4.31229 -5 -0.0926635 -0.0470298 0.234123 3.96363 22 812 10123 9866 1 11.0527 11.0527 26 
5 1.25715 -1.70614 -2.27935 0.115654 1.68165 3.957 22 813 9586 9585 1 0.0243566 0.0243566 8 
3.59818 -5 -0.141729 -0.181649 0.378805 0.290913 3.9746 22 814 5691 5656 1 5.71703 5.71703 184 
3.91847 -2.29796 -5 -0.168133 0.0999717 0.632627 3.92865 22 815 2843 2599 1 0.716683 0.716683 14 
5 -1.16701 3.94285 -1.27534 -0.717451 1.4008 3.97961 22 816 15544 15543 1 0.510453 0.510453 47 
-1.69499 5 2.3199 0.327246 -0.306357 -0.245306 4.10272 22 817 1306 1305 1 47.3789 47.3789 506 
2.94354 4.12276 -5 -1.67576 0.925912 5.58395 3.93284 22 818 2217 1951 1 0.913768 0.913768 67 
2.96393 0.176959 -5 -0.482117 -0.0480755 0.162395 3.97314 22 819 6114 6113 1 6.48348 6.48348 44 
4.91106 5 -1.18821 -0.187275 -0.354514 -0.316809 4.0511 22 820 1923 1894 1 0.258401 0.258401 27 
-3.86397 4.06881 -5 -0.744694 -0.00203522 0.606355 3.95076 22 821 2060 1 1 7.62489 7.62489 122 
-2.98092 2.85181 -5 -0.672763 -0.508982 3.86894 3.93628 22 822 5076 5037 1 10.1498 10.1498 68 
5 2.68258 1.4518 -0.218855 0.171086 -0.428896 4.09364 22 823 7700 7699 1 0.769727 0.769727 8 
4.67581 3.50476 -5 -0.227977 0.128786 1.78408 3.92207 22 824 1777 1675 1 22.5587 22.5587 325 
5 0.961073 -2.64874 -0.172137 -0.00422059 -0.12141 4.01396 22 825 4692 4689 1 19.6129 19.6129 221 
-2.84074 3.45442 -5 -2.12966 0.833614 6.85147 3.93286 22 826 3811 3408 1 0 0 10 
0.677059 0.295261 -5 -0.75946 -0.157809 1.813 3.93237 22 827 2528 2444 1 1.22839 1.22839 81 
5 -1.73371 1.39523 -1.00079 0.142025 0.380381 3.95995 22 828 2263 2215 1 15.0337 15.0337 131 
5 2.91405 2.77393 -0.975378 0.0375308 1.77168 3.95912 22 829 3294 3189 1 5.32501 5.32501 71 
5 -0.774872 0.954281 -0.994928 0.224934 0.149711 4.02571 22 830 1018 1017 1 0.363352 0.363352 30 
1.82569 -4.56692 -5 -2.48001 -1.34936 7.08187 3.9382 22 831 8128 8049 1 2.34032 2.34032 52 
-0.934916 -3.75864 -5 -0.173463 0.266662 0.144866 3.93593 22 832 1895 1791 1 0.633207 0.633207 77 
2.51963 1.8895 -5 -0.325514 0.14333 1.69847 3.92479 22 833 3390 3046 1 7.01412 7.01412 132 
-5 -4.43654 -2.10273 0.0931818 0.498898 -0.0594775 3.99107 22 834 3718 3717 1 9.40026 9.40026 170 
5 -3.42958 -1.3411 -0.182938 -0.146615 -0.227424 4.04724 22 835 8217 8216 1 0.104229 0.104229 20 
4.59837 -0.836634 -5 -0.293733 0.172935 0.52072 3.94173 22 836 7215 6693 1 2.11974 2.11974 87 
3.47272 5 0.898899 -0.287738 -0.127226 -0.147423 4.0461 22 837 1201 1200 1 12.1423 12.1423 103 
-0.330074 5 3.50266 -0.709915 -0.498844 1.04804 3.9543 22 838 5103 5009 1 24.5308 24.5308 293 
5 -1.13799 -1.90946 -0.217392 0.377383 -0.0186754 3.9675 22 839 2216 2188 1 1.95554 1.95554 35 
5 -0.419659 -2.30614 -0.217948 -0.168569 -0.332353 4.02202 22 840 8333 8214 1 0.441204 0.441204 61 
4.40969 -0.127424 -5 -0.0834756 0.00812945 0.323185 3.92788 22 841 1493 1130 1 2.40949 2.40949 8 
5 0.501853 3.17334 -1.76876 -0.37804 4.53587 3.95266 22 842 3645 3554 1 7.05835 7.05835 123 
2.19251 4.04586 -5 -3.92281 -3.83137 2.20752 3.92994 -11 843 7199 7198 1 15.382 15.382 122 
3.7743 3.96593 -5 -0.598871 0.0721415 0.890797 3.94841 22 844 5719 5650 1 0.463639 0.463639 7 
-0.760165 5 -3.70424 -0.0202905 -0.0214797 0.00372101 3.93872 22 845 7974 7965 1 0.0324243 0.0324243 16 
5 3.05079 3.9222 -0.846099 0.755337 2.10441 3.967 22 846 11933 11893 1 2.36668 2.36668 21 
2.10573 -5 -1.39901 -0.46352 0.930511 1.16226 3.94061 22 847 3163 3140 1 8.23367 8.23367 209 
-0.695549 -5 -3.14023 -0.168416 0.085809 0.317336 4.0418 22 848 3449 3368 1 0.277184 0.277184 31 
5 2.91105 -2.12394 -0.423808 0.0635691 -0.249574 4.07565 22 849 2539 2504 1 1.84567 1.84567 44 
3.8453 -4.35192 -5 -0.139538 -0.0628272 0.368521 3.94501 22 850 3044 3043 1 1.83656 1.83656 36 
2.81437 3.34318 -5 -0.192487 -0.185045 0.197067 3.95491 22 851 1840 1747 1 1.22199 1.22199 67 
3.16319 -5 -3.68314 -0.273746 0.266522 0.0406481 3.99215 22 852 9069 8765 1 0.858139 0.858139 26 
1.36452 -5 0.157721 -1.25795 0.349415 -0.682695 4.07016 22 853 5514 5513 1 2.87153 2.87153 34 
-0.497283 -5 -4.40822 0.070213 0.128925 -0.155689 3.9885 22 854 2244 2098 1 1.02146 1.02146 12 
3.83005 0.697438 -5 -0.178158 0.104894 0.353577 3.97218 22 855 5964 5963 1 9.48578 9.48578 95 
5 -4.95985 -2.16295 -0.445145 -0.135564 1.01023 3.94319 22 856 2204 2096 1 0 0 3 
-4.53805 4.60025 -5 -0.212636 0.0611843 0.460611 3.95771 22 857 1858 1841 1 5.90355 5.90355 147 
3.50879 5 -4.47276 -0.333082 -0.0562096 -0.173444 4.13606 22 858 8522 8520 1 3.09706 3.09706 99 
4.60441 5 -2.10515 -0.497138 -0.367012 0.378129 3.96678 22 859 5582 5104 1 0.271402 0.271402 12 
-2.85873 -3.39664 5 -0.303126 -0.119849 -0.393536 4.13299 22 860 4385 4384 1 1.95491 1.95491 55 
-4.39445 0.435909 -5 -0.162346 -0.24323 0.784028 3.96502 22 861 1679 1424 1 0.40966 0.40966 32 
5 -0.787166 -3.45984 -1.86884 1.55162 4.20513 3.93523 11 862 1847 1845 1 5.24779 5.24779 38 
-0.217166 1.76494 -5 -0.486875 0.171155 0.390204 3.96656 22 863 3445 3387 1 3.60878 3.60878 62 
5 0.679219 -4.48232 -0.39517 -0.0866186 -0.312182 4.03745 22 864 4413 4411 1 0 0 5 
5 -0.537994 -3.60964 -1.67022 -0.86968 10.4724 3.92902 22 865 1127 1 1 11.4081 11.4081 168 
3.23855 -0.141127 -5 -6.21868 4.53778 16.8233 3.9297 -11 866 1839 1838 1 8.86473 8.86473 154 
3.95186 1.27604 -5 -0.734763 0.422123 0.764184 3.9552 22 867 22573 22372 1 0.527608 0.527608 5 
5 -3.74416 4.07254 -0.343157 0.127951 0.104924 4.01696 22 868 4470 4447 1 1.26529 1.26529 51 
5 -0.944262 -1.77794 -0.433585 0.261437 -0.0249073 4.0255 22 869 11297 11296 1 1.80388 1.80388 60 
5 1.49562 -4.11629 -1.61364 0.101437 4.62571 3.93209 22 870 2514 2337 1 3.99588 3.99588 38 
3.2324 4.0144 -5 -1.5718 1.70512 2.39777 3.9505 22 871 4618 4452 1 1.47205 1.47205 12 
5 2.66356 0.499469 -1.14496 0.324581 -2.27385 3.97244 -11 872 7431 7430 1 1.18436 1.18436 39 
5 -0.816108 -0.551536 -1.21566 0.0597289 0.361814 3.9867 22 873 5277 5210 1 4.73816 4.73816 67 
5 1.52706 -0.232567 -0.346051 0.434404 0.336821 3.94237 22 874 3450 3370 1 4.74613 4.74613 119 
2.33057 -5 -2.26158 -0.0760408 0.117381 0.096779 3.96123 22 875 1873 1685 1 3.3009 3.3009 125 
3.49603 2.18064 5 -0.393416 -0.13666 -0.296087 4.0767 22 876 5258 5256 1 5.44438 5.44438 29 
-0.173117 -1.92399 -5 -0.214857 -0.144709 0.31152 3.94069 22 877 9857 9645 1 1.77203 1.77203 101 
5 2.44181 0.304208 -0.369092 0.085513 0.342897 4.0044 22 878 5868 5867 1 0 0 4 
5 -2.92363 1.91362 -0.66625 0.159889 1.38546 3.95732 22 879 1429 1 1 0.619614 0.619614 8 
1.56336 2.98079 -5 -0.20297 -0.0575404 2.49984 3.92556 22 880 1465 1140 1 12.1993 12.1993 148 
-1.50079 -1.97092 -5 -0.212143 -0.0130272 0.91145 3.92722 22 881 4913 4066 1 0.644417 0.644417 55 
5 1.4176 1.90117 -0.739638 -1.56484 0.924764 4.01178 22 882 3044 2939 1 0 0 8 
-3.2074 -1.86749 5 -0.0205404 0.149237 -0.0982303 4.10427 22 883 4114 3967 1 1.62308 1.62308 35 
5 0.590316 1.72555 -1.90129 0.91311 9.44271 3.94965 22 884 2645 2494 1 0.642899 0.642899 51 
-3.88693 -2.75236 5 -0.192042 -0.00747424 -0.139112 4.06183 22 885 3098 3043 1 1.32272 1.32272 79 
2.7881 4.62725 -5 -0.483018 0.00280381 0.889814 3.94483 22 886 4790 4666 1 0 0 3 
5 -3.46473 -4.58357 -0.408734 0.012169 0.465025 3.94837 22 887 6424 5543 1 0 0 4 
5 1.90066 2.93535 -0.461257 -0.194237 0.103118 3.99775 22 888 1095 1064 1 14.7292 14.7292 221 
5 -3.96274 -3.33333 -0.490044 -0.15588 0.539199 3.95199 22 889 2547 2446 1 2.39573 2.39573 84 
-4.31361 -5 -0.860709 -0.18674 0.14763 0.267476 3.96372 22 890 4709 2984 1 3.22379 3.22379 90 
-1.7073 -1.91385 -5 0.160419 -0.0911798 0.252997 3.99331 22 891 3893 3785 1 9.4179 9.4179 166 
5 1.06016 -1.88986 -6.40356 3.11163 1.88026 3.94342 -11 892 3480 3479 1 6.30349 6.30349 165 
5 -3.37215 3.93592 -0.262715 -0.0553223 0.0181155 4.0734 22 893 3760 3756 1 5.27797 5.27797 104 
5 -1.41828 4.16573 -0.430944 0.212143 -0.174363 4.06072 22 894 2480 2448 1 5.7244 5.7244 18 
5 -1.54188 4.27266 -6.37263 0.981925 -0.807444 3.99083 22 895 7923 7858 1 1.02688 1.02688 58 
1.15175 -3.82689 -5 -0.473549 0.235792 1.20718 3.93576 22 896 1567 1534 1 0.567386 0.567386 53 
-3.17343 0.321629 -5 -1.57672 0.155026 4.93327 3.92843 22 897 1011 1 1 11.2235 11.2235 155 
5 -4.4573 1.95157 -0.385984 0.129069 -0.162539 4.03541 22 898 11112 11109 1 0.532383 0.532383 42 
-3.73031 2.20639 -5 -0.29767 -0.0358485 0.658893 3.93848 22 899 2341 2025 1 8.1714 8.1714 45 
5 -2.85362 3.53162 -0.327379 -0.134108 -0.252646 4.12731 22 900 5259 5231 1 0 0 4 
1.44394 -2.27912 -5 0.128095 0.0173554 0.165124 3.9663 22 901 8622 8481 1 0 0 8 
1.91551 -4.65974 -5 -1.07273 -0.48594 4.38172 3.92676 22 902 5793 5665 1 0.577755 0.577755 18 
5 2.05923 -1.75054 -0.349643 0.108282 -0.0643479 4.00689 22 903 15369 15296 1 0 0 9 
4.74436 1.81255 -5 -0.553805 0.58748 1.3312 3.92756 22 904 2126 2124 1 11.6564 11.6564 105 
5 3.50853 4.71685 -0.237587 0.102031 -0.134204 4.03526 22 905 2404 2090 1 0.438871 0.438871 4 
-4.98329 5 4.13502 -0.110473 -0.047976 0.236397 4.07145 22 906 8416 8415 1 2.70106 2.70106 19 
-1.64799 3.41208 -5 -0.27081 0.0626554 0.349817 3.94724 22 907 2547 1 1 6.29197 6.29197 85 
0.394202 4.11279 5 1.86189 -2.49882 0.169504 4.04713 -11 908 3252 3251 1 2.73524 2.73524 68 
4.36153 0.299234 -5 -0.888018 0.325451 7.50985 3.9321 22 909 3251 3250 1 9.67059 9.67059 52 
5 0.979638 4.89049 -0.269017 0.0323991 0.368197 3.96939 22 910 1275 1152 1 26.3982 26.3982 248 
0.0729649 -0.709217 -5 -0.852568 -0.33233 1.05096 3.93914 22 911 1068 1 1 14.5691 14.5691 222 
5 -2.86414 1.37157 -0.302757 -0.411152 0.0203061 4.05829 22 912 7024 7023 1 7.54536 7.54536 108 
5 1.96076 -2.65799 -0.391218 -0.0803971 -0.318755 4.12115 22 913 16365 16362 1 0.565882 0.565882 6 
5 -4.76587 -3.12356 -10.3231 4.05823 21.5322 3.93759 22 914 1783 1663 1 11.0806 11.0806 168 
5 0.933674 -3.69739 -0.377439 -0.0474014 2.12402 3.92842 22 915 5421 4958 1 3.23536 3.23536 41 
1.96048 -4.75268 -5 -0.348044 -0.0469373 0.774128 3.92573 22 916 1863 1652 1 12.1432 12.1432 161 
5 -0.35445 0.0213862 -0.174957 -0.0666264 0.218501 3.99352 22 917 2638 2637 1 9.91053 9.91053 128 
5 -1.69591 4.51441 -0.546292 0.219017 0.655064 3.97136 22 918 5033 4910 1 2.38521 2.38521 69 
-1.14132 3.73765 5 0.0927325 0.0700976 -0.0909794 4.14042 22 919 8874 8472 1 21.4159 21.4159 141 
5 3.06263 -3.67365 -0.55882 -0.00988725 0.182017 3.93387 22 920 4341 3736 1 0.813343 0.813343 20 
-3.57772 3.55893 -5 -0.184718 -0.174468 0.443351 3.9441 22 921 8259 8233 1 0.379136 0.379136 20 
-4.98537 5 -3.27597 -3.91749 -3.01584 2.4504 3.97131 22 922 1947 1831 1 4.89607 4.89607 41 
-2.00754 -2.77506 -5 -1.01286 -0.239896 0.652733 3.95123 22 923 1317 1239 1 24.6571 24.6571 372 
1.00676 3.37734 -5 -0.611435 0.366678 6.45149 3.9225 22 924 1824 1 1 12.1781 12.1781 197 
-2.06383 -4.77796 -5 -7.60567 -0.914643 32.9745 13.5015 2112 925 5896 5690 1 8.47302 8.47302 57 
2.01522 5 4.37429 0.579303 -0.462218 1.3493 3.96245 22 926 2940 2686 1 6.97467 6.97467 146 
5 -0.998734 0.743961 -0.280516 -0.0524234 0.0925658 3.99308 22 927 1926 1 1 9.22011 9.22011 91 
5 0.277215 3.99294 -0.474285 0.18844 -0.0257655 3.99971 22 928 2855 2854 1 9.83775 9.83775 184 
5 -4.27391 2.09652 -0.245914 0.00466062 -0.156817 4.07463 22 929 6036 5933 1 0 0 5 
3.20067 0.546746 -5 -0.252944 0.0655189 0.820491 3.93136 22 930 1121 1 1 0 0 16 
-2.22512 4.84254 -5 -1.44295 0.545258 3.56119 3.93097 22 931 2078 2025 1 9.91958 9.91958 118 
5 -2.03721 4.2306 -0.342591 -0.139694 -0.0207968 4.04988 22 932 5110 4947 1 0.583392 0.583392 23 
-1.69157 -3.54058 -5 -0.365211 -0.00608699 0.465005 3.94068 22 933 7728 6884 1 59.7899 59.7899 461 
5 -0.115891 -2.78712 -0.495648 -0.0672882 0.104524 4.00574 22 934 4526 4525 1 5.803 5.803 89 
5 0.167543 -2.93724 -0.706239 -0.260824 0.702259 3.95556 22 935 1261 1061 1 1.46648 1.46648 30 
4.06101 -3.71694 -5 -31.3638 2.20409 44.2158 3.9304 11 936 1 0 1 8.99318 8.99318 73 
5 -0.385576 -1.03258 0.123396 -0.694617 0.125755 3.97271 11 937 3579 3566 1 14.9711 14.9711 88 
5 2.40695 -4.96325 -0.0811096 -0.122506 0.489422 3.93644 22 938 2749 2748 1 3.76346 3.76346 53 
2.50467 -0.899299 -5 -0.0175578 0.130428 0.493761 4.0092 22 939 3827 3826 1 0.658921 0.658921 7 
2.38604 -2.12095 -5 -0.556956 -0.182301 0.710739 3.94175 22 940 2569 2188 1 0.481102 0.481102 20 
5 -3.30174 1.23199 -0.300843 0.0540694 8.0974 3.94057 22 941 1681 1 1 29.4947 29.4947 347 
5 2.46663 3.7168 -2.4215 -4.1128 2.51975 3.96762 11 942 12376 12190 1 4.66832 4.66832 21 
5 2.30717 -4.23177 -0.473351 -0.190294 -0.0291078 4.00967 22 943 11967 11966 1 0 0 5 
0.174331 -5 1.71211 -0.149052 0.49216 0.216421 3.97031 22 944 2304 1844 1 1.83377 1.83377 107 
5 3.81899 4.83146 -0.426996 0.276665 -0.0474444 4.23225 22 945 2314 2313 1 0.549547 0.549547 34 
0.116609 0.729596 -5 -1.00366 0.0913406 0.919969 3.96479 22 946 20672 20546 1 1.01948 1.01948 7 
2.70985 4.76301 5 -0.248374 0.375224 -0.242152 3.99283 22 947 5649 5648 1 0.464429 0.464429 35 
5 -0.380114 3.16156 -0.284191 0.0582996 -0.00824576 4.0028 22 948 2492 2422 1 3.89491 3.89491 109 
5 -4.61458 -2.72629 -20.2603 -11.3585 1.76122 3.99578 22 949 3142 3079 1 0 0 13 
5 -4.94968 -4.32488 -1.37337 -0.608558 2.13172 3.95252 22 950 1096 1 1 13.7322 13.7322 245 
5 -2.53608 -1.92445 -3.90343 -0.652729 8.59047 3.94079 22 951 2208 2118 1 0.845492 0.845492 55 
1.35189 -2.70733 5 -0.408734 0.00908361 -0.306551 4.03289 22 952 1436 1435 1 3.90347 3.90347 21 
5 -3.94139 2.04416 -0.236613 -0.054886 -0.449579 4.00703 22 953 1964 1963 1 5.25902 5.25902 30 
1.99045 -5 -0.532074 -0.11786 0.173655 0.465911 3.96645 22 954 1600 1596 1 0.691459 0.691459 20 
-1.93888 -2.94759 -5 -0.707101 0.0575705 3.51164 3.927 22 955 6544 6381 1 1.98065 1.98065 73 
5 0.838851 0.401028 -0.292976 0.0848031 0.186625 4.02216 22 956 2547 2546 1 1.1801 1.1801 34 
0.53092 -0.855419 5 -1.27168 -0.911657 -2.33657 3.99851 11 957 10049 9995 1 15.8579 15.8579 168 
-1.64882 -1.02516 -5 -0.405281 0.0252121 1.19336 3.93628 22 958 8799 8771 1 0.582458 0.582458 33 
-2.70136 2.70108 -5 -0.218098 0.246809 0.614522 3.96021 22 959 3979 3853 1 1.59982 1.59982 69 
5 -3.36575 -3.14171 -0.791916 -0.46661 0.555582 3.96061 22 960 3054 3018 1 0.0383523 0.0383523 22 
5 1.86106 -3.91135 -0.368055 -0.19125 0.298461 3.95839 22 961 1481 1480 1 0.453333 0.453333 33 
4.8256 5 -3.88337 -0.187073 -0.084235 0.116597 4.09329 22 962 1626 1625 1 10.3604 10.3604 82 
5 1.50284 3.65807 -0.334597 0.0369671 0.182658 3.97867 22 963 1431 1327 1 6.99454 6.99454 46 
5 4.34081 0.73272 -0.428489 -2.12595 -0.857546 3.95635 11 964 3221 3194 1 11.1243 11.1243 180 
5 1.54539 3.17452 -0.253722 0.0540691 0.440252 3.99416 22 965 8158 8121 1 5.25853 5.25853 130 
5 3.29274 -4.58435 -0.219119 0.00792671 0.101872 4.00727 22 966 1865 1864 1 6.80823 6.80823 95 
5 1.46125 -3.64738 -0.00155975 0.0517302 1.62091 3.94539 11 967 1527 1452 1 16.4567 16.4567 289 
5 -4.37523 1.15909 0.0530719 1.24739 -0.466697 3.94584 -11 968 2353 2352 1 25.1673 25.1673 134 
5 3.24923 -2.66486 -0.343849 -0.0638399 0.0990597 3.99871 22 969 5526 5414 1 0.510764 0.510764 23 
2.39681 1.0519 -5 -25.6328 -8.22975 61.7155 3.92879 11 970 1 0 1 13.0129 13.0129 129 
5 4.60562 0.707836 -0.387767 0.130039 2.17971 3.94394 22 971 3236 3034 1 0.331737 0.331737 29 
5 -3.65816 4.60574 -0.33649 0.310761 0.226543 4.07032 22 972 1524 1523 1 0.64607 0.64607 50 
5 0.84438 -3.98224 -0.27269 0.32397 0.161169 3.97132 22 973 2501 2447 1 0.480753 0.480753 43 
4.36297 2.62589 -5 -0.213663 -0.167877 0.500436 3.92718 22 974 3223 3219 1 20.9934 20.9934 184 
1.14088 -5 -2.11691 -4.91742 1.17038 1.45015 3.96306 22 975 1510 1457 1 11.6299 11.6299 184 
4.99853 1.0486 -5 -0.298161 0.184705 1.05319 3.92617 22 976 2448 1 1 15.8943 15.8943 220 
-0.730869 -0.620222 -5 -6.66762 0.842294 38.051 3.92508 22 977 4197 3606 1 7.34644 7.34644 28 
5 -0.596532 3.73651 -0.446134 0.103857 -0.226491 4.05345 22 978 19421 19378 1 1.06321 1.06321 86 
5 -2.23822 -4.02066 -1.964 0.716264 2.79229 3.94293 22 979 6958 6834 1 4.82288 4.82288 53 
-3.69744 -3.10098 -5 -2.31416 2.44885 5.97824 3.95476 11 980 1 0 1 5.76487 5.76487 80 
1.50968 -5 -4.19473 0.188375 0.207845 0.030426 4.06028 22 981 1629 1490 1 0 0 5 
0.123313 -1.95021 -5 0.312484 -0.138888 0.5383 3.94538 22 982 1314 1 1 8.38124 8.38124 93 
-0.284405 4.77731 -5 -0.113603 3.14443 -5.75122 3.92809 -11 983 8124 8123 1 0.347195 0.347195 22 
0.925094 -4.62844 -5 -0.183115 0.00600825 0.42154 3.94315 22 984 2806 2765 1 2.54908 2.54908 46 
-4.07737 -4.08754 -5 -0.491392 -0.0788554 1.05128 3.93916 22 985 3291 3038 1 6.49429 6.49429 59 
-1.65078 4.20013 5 -0.246093 0.0792597 -0.26544 4.09185 22 986 4438 4436 1 0.339584 0.339584 5 
2.46084 1.45514 -5 -0.555461 0.208626 1.15935 3.9389 22 987 6898 6824 1 0.184541 0.184541 26 
3.0944 5 2.51706 0.110684 -0.160724 -0.00781571 3.98008 22 988 15805 15804 1 2.18162 2.18162 65 
5 1.44081 1.3053 -0.544266 -0.0844293 2.88087 3.94412 22 989 5874 5872 1 24.5201 24.5201 208 
-2.80014 3.6174 -5 -2.21714 -0.344061 9.57897 3.92462 22 990 4415 4310 1 24.4869 24.4869 210 
-1.26779 -1.51232 -5 -2.89952 0.622688 11.0994 3.93119 22 991 12456 12135 1 0 0 5 
3.53962 3.00571 5 -3.9763 1.04056 -0.964595 4.00488 11 992 4705 4681 1 5.43114 5.43114 158 
-2.0932 0.35185 -5 -1.00234 -0.128321 3.17231 3.9312 22 993 2959 2807 1 2.92519 2.92519 48 
2.63698 -5 -2.8474 -0.448291 0.368579 -0.565947 5.01611 22 994 9713 9690 1 4.10607 4.10607 50 
-2.76897 -5 -3.06051 -0.175772 0.0913538 0.215919 3.94181 22 995 2761 2657 1 25.2725 25.2725 221 
5 1.03152 -4.6806 -8.38167 -1.10868 4.95726 3.92842 -11 996 11908 11907 1 9.23384 9.23384 81 
5 2.0161 -4.79625 -0.430478 0.0592878 0.268874 3.95314 22 997 2415 2414 1 0 0 9 
2.24782 3.26242 5 -0.131146 -0.131884 -0.171123 4.00294 22 998 4724 4711 1 21.6331 21.6331 396 
2.31447 -4.93571 -5 -1.3639 -2.05219 6.8159 3.92936 22 999 2850 2781 1 6.98433 6.98433 129 
5 0.323397 0.0439838 -0.317997 -0.105516 -0.028708 3.99115 22 1000 11340 10969 1 3.4362 3.4362 63 
