# Det3_9_12
#x y z Px Py Pz t PDGid EventID TrackID ParentID Weight Edep VisibleEdep Ntracks
-4.99692 -5 3.60637 -0.13388 0.386937 0.305738 3.81499 22 1 14451 14450 1 0 0 2 
5 2.71568 1.26298 -0.26612 0.0495242 -0.000477722 3.98288 22 2 26595 26578 1 0.131069 0.131069 2 
1.1487 -5 -2.47637 -0.0970617 0.291547 0.189725 3.84688 22 3 35106 34275 1 0 0 1 
-3.3194 -5 -0.353393 -0.022616 0.244853 0.168561 3.87324 22 4 29408 29145 1 0.297789 0.297789 26 
-3.1698 -5 0.88406 -0.179284 0.468545 -0.526965 3.89694 22 5 11628 11627 1 0 0 3 
3.33272 -5 -4.26043 -0.147082 0.380877 0.307278 3.84718 22 6 18556 18536 1 0 0 3 
-1.88907 -0.193919 5 -0.0984219 -0.133543 -0.170864 3.89862 22 7 26087 26007 1 0 0 4 
5 2.23279 -2.38054 -0.150579 0.1521 0.130449 4.14342 22 8 34757 34726 1 0 0 1 
2.79917 -5 1.98824 -0.320044 0.886457 0.518519 3.80993 22 9 13099 13070 1 0.392281 0.392281 21 
3.77865 3.66 -5 -0.725418 0.985684 0.178953 3.82978 22 11 10101 10100 1 0.431156 0.431156 6 
-2.51762 -5 -1.52281 -18.2648 19.1376 -11.9979 9.43552 2112 13 27998 27777 1 0 0 1 
-3.36915 -5 -1.90175 -0.331631 0.216288 -0.0205229 3.87643 22 14 27718 27717 1 0 0 1 
-1.41042 -5 3.37307 -0.485337 1.13059 0.563094 3.86097 22 15 13748 13747 1 0 0 1 
3.15972 -5 2.25438 -0.684973 1.21655 -0.301389 3.93385 22 17 12352 12316 1 1.10738 1.10738 32 
-2.82766 0.974099 5 -0.291052 -0.0579241 -0.185125 3.99128 22 18 2269 2237 1 3.71173 3.71173 58 
0.405826 3.12594 -5 0.0109198 0.337408 0.383609 3.79693 22 20 14177 14176 1 0 0 1 
3.5404 -2.89573 5 0.00714035 0.286839 -2.31083 4.20267 22 22 10137 10076 1 0.510601 0.510601 28 
5 2.15298 1.85667 -0.219978 0.202429 -0.41443 4.26612 22 23 15408 15407 1 0 0 1 
1.8974 -5 3.64713 -0.0758518 0.428334 0.336237 3.83026 22 24 3206 3113 1 0 0 6 
4.24766 4.24627 5 -0.533571 1.75075 -1.44537 4.00112 22 25 1064 1 1 0 0 5 
1.24974 -1.6057 5 -0.132056 0.323789 -0.322847 3.96577 22 26 14105 14104 1 0 0 2 
-3.36069 -5 3.68244 -0.253042 0.342949 -0.281914 4.01876 22 27 28368 28366 1 0 0 1 
-4.17623 -5 -2.13095 -3.76906 6.11624 9.93113 3.77862 22 28 4657 4388 1 0 0 1 
-0.34724 -0.551262 -5 -0.394972 0.716132 0.294886 3.8544 22 29 41805 41801 1 0 0 1 
-2.38789 2.62985 5 -0.19127 0.0286998 -0.255694 4.07685 22 30 18413 18350 1 0 0 1 
-4.57738 -0.147642 5 -0.132358 0.596123 -0.0576925 3.89722 22 31 5245 5093 1 0.999778 0.999778 16 
-2.63143 -2.06376 -5 -0.263316 0.487563 0.256145 3.78945 22 32 4609 4608 1 0 0 4 
-4.14885 4.99993 -5 -0.101244 0.281813 0.313696 3.79139 22 33 10080 9934 1 0 0 6 
4.45432 -5 3.17341 -0.569559 0.59731 0.622783 3.80546 22 34 4641 3834 1 0.231402 0.231402 29 
-4.05432 -5 1.96226 -0.151573 0.367428 0.321158 3.84626 22 35 44372 44371 1 0 0 3 
5 -0.0570363 -3.5031 -0.331919 0.382236 -0.0696057 3.92863 22 36 22002 21975 1 0 0 3 
5 3.81194 4.06856 -0.24757 0.473463 -0.330596 3.95198 22 38 20140 20139 1 0 0 2 
-0.888837 -5 4.64767 -0.18808 0.34168 -0.330153 3.9732 22 39 20067 20063 1 0 0 3 
5 -1.32783 -4.87903 -0.115399 0.192693 -0.0574626 3.92014 22 40 11623 11453 1 0 0 2 
-0.695965 -5 4.61828 -0.101742 0.298675 -0.209062 4.02327 22 41 7981 7941 1 0.102157 0.102157 3 
-2.62498 -5 -1.99855 0.00713279 0.38192 0.175533 3.85147 22 42 5066 5065 1 0.0973241 0.0973241 3 
5 -2.76555 -0.858285 -0.671154 0.52846 0.736917 3.79661 22 43 19583 18815 1 0 0 1 
-3.93038 2.80776 -5 0.0714065 0.076229 0.50021 4.03798 22 45 31484 31482 1 0.510551 0.510551 29 
2.166 -5 3.78781 -0.190498 0.331708 0.176704 3.83601 22 46 47064 46963 1 4.29332 4.29332 3 
4.42506 -4.6366 -5 -0.465356 0.343906 0.965197 4.15423 11 48 11389 11376 1 0.623718 0.623718 4 
-3.61463 -1.84281 5 -0.319839 0.231885 -0.645759 4.02537 22 51 1420 1387 1 2.28978 2.28978 50 
2.58625 -5 -2.77396 -0.0289448 0.217013 -0.333977 4.00432 22 52 20192 20162 1 0 0 2 
0.550505 -5 -1.40808 -0.49118 1.67175 0.247118 3.84576 22 53 5863 5775 1 0 0 1 
-0.0643746 -4.77113 5 -0.213283 0.233432 -0.393791 4.18562 22 56 3222 3221 1 0 0 1 
5 1.95157 0.211981 -0.143317 0.169128 -0.337374 4.25621 22 57 1138 1136 1 0 0 3 
-1.85404 -2.32783 5 -0.258841 0.388845 -0.294785 4.03012 22 59 4126 4069 1 0 0 3 
1.37669 -5 -0.66322 -0.153176 0.440322 -0.209222 3.88238 22 60 1514 1471 1 0 0 3 
5 -4.29272 -1.63245 -0.146035 0.51793 0.256978 3.83357 22 61 6906 6905 1 0.515029 0.515029 25 
-2.33035 -5 2.5944 -0.303503 0.473568 0.0411714 3.96961 22 62 19763 19706 1 0 0 1 
3.99866 -4.12748 -5 -0.324867 0.821115 0.776554 3.77764 22 63 37485 37423 1 0 0 1 
-2.13946 -5 -0.68514 -0.547473 1.03388 1.07509 3.79878 22 64 6349 6195 1 0 0 1 
-1.71877 -5 -2.63755 0.0107295 0.208936 -0.466209 4.35075 22 65 32300 32299 1 0.121193 0.121193 2 
-3.92325 -5 0.0347265 0.0285702 0.435233 0.393049 3.82788 22 66 48353 47193 1 0 0 1 
-0.617141 -3.14486 -5 -2.93253 3.02014 1.27078 3.79313 22 68 22236 22232 1 0 0 2 
-1.47866 -5 -1.93674 -0.173469 0.1654 -0.0870641 3.88776 22 69 5887 5797 1 2.14441 2.14441 47 
1.16586 -5 -1.58802 -0.329077 0.179584 -0.220545 4.14181 22 70 18849 18848 1 0.163559 0.163559 3 
-4.97022 -1.53161 5 -0.161552 0.216294 -0.126395 3.97955 22 73 8877 8875 1 0.0873192 0.0873192 4 
3.42483 -4.25464 5 0.0744648 -0.152318 -0.282528 3.88494 22 74 5581 5580 1 0 0 1 
3.99838 -1.16047 5 -0.376174 0.30233 -0.544501 4.19077 22 75 11767 11766 1 0 0 1 
5 -4.42155 -1.43978 -0.307204 0.205576 -0.290913 3.928 22 76 3107 3105 1 0 0 5 
-3.33947 4.33902 -5 -0.31346 0.325448 0.278232 3.79022 22 77 9727 9726 1 0.158209 0.158209 5 
5 2.25188 4.77503 -0.153014 0.478558 0.163578 3.8679 22 78 15969 15930 1 0 0 2 
0.562366 -5 4.60338 -0.154774 0.548672 0.285669 3.83675 22 79 1836 1 1 0.029299 0.029299 15 
3.13778 -5 4.50137 -0.110884 0.213671 -0.450743 4.15546 22 80 4972 4952 1 0.122566 0.122566 5 
1.31874 -5 -4.71792 -4.19209 12.4041 7.74276 3.77462 22 81 8452 8398 1 0.232425 0.232425 41 
5 2.7308 2.19851 -0.225887 0.45483 0.0425759 3.82637 22 82 5818 5783 1 0 0 3 
1.00788 2.06998 5 -0.148658 0.0479309 -0.486542 4.28462 22 83 28526 28525 1 0.168356 0.168356 5 
3.08324 -5 3.41913 -0.307895 0.277809 -0.298568 3.98491 22 84 27604 27602 1 0 0 1 
4.83334 -5 -4.77939 -0.298482 0.189858 -0.204305 4.07412 22 85 24399 24398 1 0.0440948 0.0440948 4 
0.0272041 -5 -3.90909 -0.545256 1.01731 -1.00256 3.9322 22 86 3184 3182 1 0 0 2 
-3.56524 -5 1.9127 -2.5333 3.56572 2.73359 3.79643 22 87 3571 3570 1 0.57034 0.57034 41 
0.319596 -5 -2.13095 -1.30875 1.43011 0.294723 3.84707 22 88 20216 20164 1 0 0 2 
5 -3.83549 0.550883 -0.307719 0.349923 -0.209721 3.91735 22 90 5767 5766 1 0.000227678 0.000227678 4 
-4.74596 -5 4.51264 0.0330879 0.262023 -0.0511235 4.03986 22 91 13704 13687 1 0 0 3 
2.38428 -5 1.65847 0.0785102 0.366912 -0.182664 4.11578 22 92 4780 4765 1 0 0 3 
-1.47672 -5 -2.40968 0.141372 0.316868 -0.118664 3.80184 22 93 5153 1 1 0 0 2 
5 -2.01622 3.5389 -0.363618 0.137875 0.172608 3.87171 22 94 2408 2407 1 0 0 5 
5 2.47532 2.50157 -0.0562288 0.49856 0.0969337 3.95527 22 95 38797 38796 1 0.510802 0.510802 18 
4.42928 -1.1428 -5 -1.1642 4.29917 2.72484 3.81411 22 96 23304 23269 1 0.0666499 0.0666499 4 
-3.07598 -5 3.42727 -5.70829 8.3322 11.8497 3.79803 22 97 21114 21113 1 0 0 5 
-5 1.06643 -4.74673 0.38242 0.273352 -0.200382 3.8293 22 98 16578 16577 1 0 0 1 
-5 1.42603 -1.55385 0.146009 0.111506 -0.146168 4.06926 22 99 19213 19212 1 0.527311 0.527311 38 
-3.31295 1.95894 5 -0.526436 0.888679 -0.574278 4.04151 22 100 21875 21874 1 0 0 1 
4.2466 -2.4374 -5 -0.0133895 -0.129607 0.104985 4.11336 22 101 6936 6912 1 0.289914 0.289914 7 
5 -0.090909 4.46918 -0.181854 0.0517936 0.23516 3.84342 22 102 36213 36194 1 0 0 1 
3.32395 -5 1.56294 -0.173731 0.468628 0.106417 3.85561 22 104 26073 26039 1 0 0 2 
-1.60197 -5 -0.681723 -0.565037 1.94917 3.85798 3.83438 22 106 26124 26065 1 0 0 1 
3.19649 -5 4.2838 -0.497538 0.73494 0.260505 3.81317 22 108 3358 3292 1 1.65445 1.65445 46 
2.47734 -5 3.4534 -0.138043 0.238093 0.0557583 3.82702 22 109 11924 11903 1 0 0 3 
3.06249 -5 4.24831 -3.91756 4.3207 -2.37033 3.95192 22 110 44039 43912 1 0 0 2 
-0.548067 -5 1.42251 -0.236768 0.452367 0.144368 3.84679 22 111 17024 16033 1 0 0 2 
-0.735317 5 0.846176 -0.137791 -0.159515 -0.0126133 3.91385 22 112 11979 11953 1 0 0 2 
-4.76534 -2.97047 5 -0.0547515 0.0830601 -0.282248 3.96419 22 113 3265 3264 1 0.245066 0.245066 23 
2.90747 -0.538939 5 -0.354013 0.661412 -0.397969 3.99364 22 115 8037 7977 1 0 0 4 
2.92501 -5 -3.71874 -0.20234 0.380016 0.458747 3.78243 22 117 12594 12512 1 0.510789 0.510789 29 
-4.30458 -1.90139 -5 -0.30902 0.285907 0.289626 4.36508 22 119 28340 28318 1 0 0 2 
0.657479 2.66421 -5 -0.0617568 0.608875 0.148623 3.87156 22 121 20474 20410 1 0 0 4 
-2.1113 -5 -0.213002 -0.270689 0.223988 -0.371048 4.00949 22 122 11573 11572 1 0 0 3 
3.37242 -5 -1.00416 -0.0645633 0.189404 -0.0726072 4.03661 22 123 27707 27629 1 0.212311 0.212311 40 
2.87551 -0.492632 5 -0.0286354 0.327608 -0.279592 5.0065 22 124 2963 2962 1 0 0 3 
2.89832 -5 1.75917 -0.0550132 0.205407 0.324294 3.78893 22 125 10378 10377 1 0 0 2 
3.18207 0.176052 -5 -2.34818 2.871 2.65701 3.78948 22 126 23235 23006 1 0 0 1 
-0.314428 -4.18261 -5 -0.44135 0.723842 1.07964 3.76346 22 127 29085 28932 1 0.321413 0.321413 3 
-4.4054 -3.06243 -5 -0.387888 0.0881412 0.199201 3.80243 22 128 12661 11044 1 0.842952 0.842952 75 
4.60557 -5 0.0868312 -0.538502 0.790386 -0.359725 3.93546 22 129 11747 11723 1 0 0 2 
4.18367 -5 -3.89885 -0.24553 0.627473 -0.179804 3.99407 22 130 14407 14406 1 0 0 2 
4.42479 -5 2.13837 -0.294453 0.500719 0.50973 3.7984 22 131 16946 16793 1 5.0846 5.0846 34 
5 -3.17963 -1.8359 -0.0881884 0.216444 0.12093 3.83593 22 132 17147 17146 1 0.262752 0.262752 25 
5 -3.74271 -0.641513 -0.233982 0.372345 0.247125 3.81018 22 133 5570 5569 1 0.16375 0.16375 4 
-4.85009 -4.53538 5 0.0272787 0.0338224 -0.201426 3.86549 22 134 1360 1359 1 0.205654 0.205654 29 
5 2.71261 1.26652 -0.332711 0.850135 -0.174002 3.91807 22 135 19943 19866 1 0 0 3 
1.90352 -4.6381 -5 -2.72738 5.98229 9.23217 3.76083 22 136 11154 11031 1 3.97406 3.97406 128 
-2.07019 -5 2.25152 -0.0130208 0.325099 -0.221294 4.02378 22 137 27407 27406 1 0 0 1 
5 0.788702 -3.09371 -0.308255 0.338988 -0.0930311 3.9867 22 138 35032 35030 1 0 0 1 
5 1.59069 -1.13557 -0.281022 0.09024 -0.239489 4.11289 22 139 6293 6292 1 0 0 4 
4.39775 -5 -4.84267 -0.0504803 0.24169 0.119854 3.81623 22 140 44928 44927 1 0.274071 0.274071 25 
5 1.56295 -3.10261 -0.0321368 0.459938 -0.143446 3.89224 22 142 14119 14117 1 0 0 2 
4.83387 -5 -4.61325 -0.194988 0.48961 0.587615 3.76696 22 143 20735 20321 1 0 0 1 
1.38031 3.67754 -5 0.0199264 0.229358 0.314047 3.82875 22 144 4457 1 1 0 0 2 
5 3.52989 4.28607 -0.243353 0.344073 0.288986 3.85899 22 145 1337 1336 1 0.349128 0.349128 17 
2.50934 -5 -4.11729 -0.221632 0.931332 0.783208 3.79636 22 148 31940 31861 1 0 0 1 
-1.6939 3.35897 -5 -0.158263 0.347508 0.339574 3.79551 22 149 35376 35375 1 0 0 1 
-2.51177 -1.01038 -5 -0.812785 2.03455 0.907688 3.81939 22 150 3026 2940 1 0.233053 0.233053 24 
-2.03519 -2.74522 -5 -1.22893 1.99117 3.42008 3.76305 22 151 25602 25467 1 0 0 1 
-1.20447 -5 1.50318 -0.292368 0.418359 0.0248349 3.88812 22 152 14223 14222 1 0 0 2 
2.0901 -5 3.46483 -0.545572 3.19586 0.699258 3.84499 22 153 20119 20043 1 0 0 3 
2.90995 -5 -0.56362 -0.0642358 0.13383 0.308273 3.75634 22 154 18900 18806 1 0.0460628 0.0460628 3 
2.57262 -5 -3.36133 -0.220399 0.414969 0.200859 3.82542 22 155 32873 32870 1 0.19413 0.19413 4 
5 -1.65757 -2.00203 -0.226196 0.430175 -0.0121362 3.8266 22 157 21563 21403 1 0 0 2 
1.81315 -3.85992 5 0.214031 0.23137 -0.0952675 3.87565 22 159 39024 36256 1 0 0 2 
0.827574 -5 1.97858 -0.334747 1.40046 -0.0619792 3.88929 22 160 37911 37892 1 0 0 1 
-0.976877 1.70873 -5 -0.274102 0.420138 0.282898 3.79271 22 161 26676 25369 1 0 0 1 
-0.81472 -5 -0.209787 -0.732808 1.15482 0.455801 3.83983 22 163 25837 25745 1 0.597053 0.597053 3 
4.16339 2.24682 5 0.00700034 -0.0183302 -0.0224037 3.89037 22 165 3554 3538 1 0.0296635 0.0296635 8 
5 1.42384 -0.503382 -0.120326 0.118132 -0.14983 4.1441 22 166 13530 13529 1 0.0547065 0.0547065 2 
-0.353447 -3.31582 5 -0.104364 0.0987146 -0.407347 4.0059 22 167 13850 13768 1 0.00573124 0.00573124 3 
-0.437151 -5 -0.461016 -1.88325 2.82234 -0.288323 3.85424 22 168 18455 18355 1 2.55747 2.55747 3 
-3.26689 -5 -4.06858 -0.378569 0.669166 0.083116 3.90767 22 169 31309 31249 1 0 0 2 
-2.84671 -5 1.84817 -0.179522 0.417386 0.181403 3.84127 22 170 9638 9555 1 0.124062 0.124062 4 
5 -4.03117 -0.9367 -0.678891 1.50753 0.452725 3.83293 22 171 13619 13552 1 0 0 4 
1.54235 3.24361 5 0.047187 0.15714 -0.167545 3.89623 22 172 19397 19396 1 0.810343 0.810343 6 
-2.76852 -3.18162 -5 19.6456 35.5529 26.6381 6.6633 2112 173 2176 2173 1 0 0 2 
0.0589234 3.67134 5 0.118441 -0.0822019 -0.229626 3.87641 22 175 38323 38322 1 0.270829 0.270829 23 
-0.11551 -3.61551 -5 -0.254478 0.43752 0.0702631 3.89501 22 176 6184 6183 1 0 0 3 
4.71917 -5 -1.93543 0.0859658 0.274115 0.0694924 3.83559 22 177 6468 6020 1 0.331169 0.331169 4 
-0.446238 -5 -0.189143 -0.227383 0.3042 0.207302 3.82277 22 179 43556 43343 1 0 0 1 
1.7645 -5 0.91896 -0.209971 0.251045 -0.201553 3.99097 22 180 5031 5030 1 0.12978 0.12978 34 
5 -2.49623 3.47735 -2.43654 2.7029 3.25609 3.80817 22 181 14343 14218 1 0 0 4 
-0.69382 -5 0.347938 -0.424866 0.894076 0.0609265 4.89247 22 182 27332 27238 1 0.0496943 0.0496943 3 
2.57962 -0.634912 -5 -0.148341 0.315604 0.373509 3.81154 22 183 13342 13341 1 0 0 3 
5 0.851982 1.55041 -0.03646 -0.15083 -0.0910076 3.9424 22 184 2293 2292 1 0.320646 0.320646 47 
0.555559 -3.20264 5 -0.23467 0.275063 -0.361096 4.00747 22 185 12892 12891 1 0 0 2 
2.01616 -3.52825 5 -0.0993824 -0.0962236 -0.191715 4.16163 22 186 10692 10691 1 0.219951 0.219951 26 
1.18358 -5 0.366371 0.177454 0.240281 -0.0555941 3.93619 22 187 5072 5047 1 0.303231 0.303231 40 
0.356065 3.30003 5 -0.297712 0.0473683 -0.16719 4.01156 22 188 20481 20463 1 0 0 1 
1.38735 -5 3.45186 -0.891489 0.940991 0.425367 3.86963 22 189 33075 32986 1 0 0 1 
3.96195 0.743764 -5 -0.0731969 0.223754 0.105304 3.80524 22 190 13129 13127 1 0.296424 0.296424 4 
-3.30672 -5 -1.85068 -0.257088 0.307696 0.21286 3.82934 22 191 26811 21408 1 0.112506 0.112506 4 
-2.13209 4.35085 5 0.110033 0.00789205 -0.179498 3.91376 22 192 9191 9142 1 0.0356897 0.0356897 3 
-0.892175 -1.14911 5 -0.202804 0.521371 -0.35056 4.00316 22 193 3173 3117 1 0 0 2 
-3.0313 -5 -1.89006 -0.285405 0.365747 0.214228 3.90167 22 194 35346 35321 1 0.269142 0.269142 2 
3.85915 -5 3.57437 -4.17698 6.8669 -1.65694 3.95981 -11 196 16678 16677 1 7.46373 7.46373 75 
3.08066 3.94476 -5 -0.331837 0.527538 0.154183 4.83531 22 197 31516 31514 1 3.99978 3.99978 54 
-0.106659 -5 1.56193 -0.976888 2.05571 1.10814 4.82287 22 198 14634 14633 1 0 0 2 
5 4.501 -3.86378 -0.198829 0.460327 0.0984176 3.86093 22 199 35137 35136 1 0 0 1 
0.722704 3.81504 5 -4.30023 3.51262 -3.54021 4.00291 22 200 4017 3875 1 0.484456 0.484456 4 
5 2.81221 -1.74226 -0.0700471 0.238377 0.372222 3.89843 22 201 34290 34282 1 0.51078 0.51078 18 
3.22133 -4.90501 5 -0.106429 0.332046 -0.33061 4.11647 22 202 11688 11687 1 0 0 3 
5 3.71114 4.36611 -0.233394 0.0919433 0.0667707 3.96558 22 205 16697 16471 1 0 0 3 
1.03235 -5 1.98972 -0.192668 0.420749 -0.216723 3.95014 22 209 14871 14867 1 0 0 1 
-3.07742 -5 3.16217 -0.368039 0.259155 0.241879 3.84031 22 211 10618 10617 1 0 0 3 
2.00023 1.86632 5 -0.159968 0.318109 -0.36652 4.03464 22 212 47029 47008 1 0 0 1 
-4.18333 -5 0.724885 -0.609841 1.03862 -0.874277 3.99764 22 213 26342 26309 1 0 0 2 
0.403744 -5 -0.987546 -0.0691521 0.190619 -0.0572427 3.87259 22 214 12304 12303 1 0.407716 0.407716 31 
5 -4.83643 0.864413 -1.26227 2.04455 2.13295 3.80253 22 215 22574 22500 1 0 0 1 
-2.40058 -5 -0.806993 -0.12059 0.216116 -0.366335 4.02301 22 216 13582 13581 1 0 0 2 
5 0.459365 0.312384 -0.247548 -0.0997669 0.0669721 3.89927 22 217 8534 8467 1 0.02185 0.02185 5 
-5 4.6913 0.757598 0.0816278 0.381933 -0.653971 4.03161 22 218 17406 17405 1 0.261892 0.261892 4 
5 3.38564 4.83562 -0.126601 0.305741 0.0243403 3.96422 22 219 35501 35500 1 0 0 1 
-2.9019 4.64316 5 0.0609973 0.0221793 -0.160152 3.9961 22 220 29586 29564 1 0.682952 0.682952 49 
5 -4.49356 -3.25927 -0.268187 0.219244 -0.507903 4.14013 22 221 5018 5017 1 0 0 2 
-1.50756 2.3533 5 0.0176896 0.0702811 -0.244423 4.16953 22 222 23261 23260 1 0.254356 0.254356 36 
5 -0.54473 -0.598687 -0.334515 0.141492 0.0274418 3.96506 22 223 23612 23611 1 0.862463 0.862463 48 
3.92428 -4.04015 5 0.0684855 0.447393 -0.564824 4.34222 22 224 1591 1564 1 0.161128 0.161128 25 
-1.52194 4.25926 -5 -0.258298 0.647357 0.60262 3.77644 22 226 37133 37046 1 0 0 1 
4.65783 -5 -0.451625 -0.0763357 0.395246 -0.314759 4.12754 22 227 11590 11588 1 0 0 1 
3.2129 4.3206 -5 -0.124506 0.613568 0.744126 3.7844 22 229 25797 25602 1 0 0 1 
5 2.46294 4.45685 -0.238186 0.451628 0.0204798 3.88195 22 231 51609 51602 1 0 0 1 
1.80472 -4.44317 -5 -1.275 2.11657 2.1446 3.78194 22 233 3371 3245 1 0 0 2 
5 -2.06791 1.50055 -0.20797 0.159582 -0.14427 3.97716 22 234 38523 38476 1 0 0 2 
1.32118 -0.523852 -5 -0.228744 0.00137726 0.404479 3.79455 22 235 18507 17195 1 0 0 3 
-3.35648 -4.62162 5 0.157647 -0.103337 -0.419806 4.14336 22 237 22782 22709 1 0 0 1 
3.73373 -5 -3.1122 -0.365021 0.748141 -0.0728972 3.79938 22 238 1023 1 1 0 0 1 
-0.0755403 -5 -3.37352 -0.105058 0.32399 -0.280109 4.25833 22 239 26722 26721 1 0 0 1 
-4.48587 -5 2.53885 -0.205572 0.306642 0.0313393 3.83292 22 240 20862 20557 1 0.146383 0.146383 23 
-1.92825 -1.52871 -5 -0.187862 0.374216 0.2929 3.80212 22 241 14342 14341 1 0 0 3 
1.34907 -5 1.50966 -0.305512 0.584443 1.2518 3.7718 22 242 4059 3798 1 0 0 1 
4.11938 -5 2.85252 -0.0523318 0.234912 -0.0293125 3.87973 22 243 27167 26952 1 0 0 1 
3.35253 -5 -2.00178 0.0916733 0.175975 -0.0956509 4.02991 22 245 9504 9503 1 0 0 1 
5 -1.13256 -3.93309 -26.7502 26.2126 17.5214 7.28545 2112 246 28311 28219 1 0 0 3 
1.09377 -5 2.49205 -0.0934202 0.695488 0.269319 3.82606 22 247 11330 11329 1 0 0 4 
2.96898 -5 2.93259 -1.88408 5.37028 8.38611 3.78568 22 248 27107 26882 1 0 0 3 
-3.90609 -5 2.44398 0.104261 0.479113 0.143875 3.84022 22 249 1365 1364 1 0.845806 0.845806 71 
-0.715156 -5 4.30904 0.0274744 0.598039 0.410787 3.87066 22 250 3379 3338 1 0 0 3 
3.85299 -5 3.68509 -0.0279944 0.605227 -0.00127438 3.88264 22 251 26377 26223 1 0 0 1 
-1.44325 -5 1.11508 -0.183314 0.502174 0.379906 3.80195 22 252 40023 39963 1 0.158875 0.158875 2 
-1.65906 -5 -3.49792 -0.329959 0.399227 0.0256047 3.85671 22 253 3503 1 1 0.510586 0.510586 27 
-1.36931 -5 -4.3278 -0.537507 0.918786 0.054557 3.84268 22 254 10160 10159 1 0 0 2 
2.52096 3.72705 5 -0.0703363 0.289358 -0.167912 4.01958 22 255 20806 20579 1 0 0 2 
-4.92726 -5 -0.540002 -0.916958 1.58037 0.994493 3.82479 22 256 28941 28886 1 0.0966768 0.0966768 4 
-1.65467 -5 2.97874 -0.0533451 0.239631 -0.250684 3.99908 22 258 38031 38030 1 0.201544 0.201544 29 
1.08037 -0.220726 -5 -0.770031 3.61097 4.77751 3.75502 22 259 17009 16942 1 0 0 6 
-0.925141 4.98018 -5 -0.0641266 -0.0187697 0.20206 3.88968 22 261 20554 19983 1 0.0293161 0.0293161 16 
0.189116 -2.12024 5 -0.231804 0.389041 -0.236714 4.01597 22 262 18083 18078 1 0 0 3 
5 -1.76489 -3.18355 -1.22721 1.59798 3.58784 3.75255 22 263 11843 11681 1 1.19645 1.19645 40 
-0.958019 -5 -3.80096 -0.232481 0.17327 0.309468 3.77762 22 264 1039 1 1 0 0 1 
4.71128 -1.00703 -5 -0.228903 0.248519 0.298959 3.783 22 265 12787 12786 1 0 0 1 
5 1.10429 -1.28066 -0.170801 0.824527 1.09159 3.78169 22 266 37361 37287 1 0 0 1 
3.40758 -5 0.54463 0.178296 0.893977 -0.414717 3.86284 22 267 12109 12108 1 0 0 1 
2.7052 5 -3.95832 -0.0197271 -0.313255 -0.400154 4.36634 22 268 15955 15932 1 0 0 3 
5 -3.97856 2.68947 -0.343042 0.345376 0.155426 3.85754 22 269 14279 14278 1 0.528623 0.528623 30 
0.425097 -5 2.45348 -0.107441 0.406918 0.0752408 3.83689 22 270 8611 7604 1 0 0 1 
4.09094 -2.2 5 -0.0769053 0.141191 -0.212539 3.96483 22 272 9197 9055 1 1.42198 1.42198 7 
1.25251 3.01374 -5 -0.277578 0.0387912 0.385714 3.80776 22 273 6358 6357 1 0.212877 0.212877 8 
0.135877 -5 4.70181 -0.276211 0.480865 0.187329 3.8529 22 274 32638 32619 1 0 0 2 
5 -4.18829 -3.84109 -0.21551 0.424425 -0.185845 3.90822 22 275 5807 5779 1 0 0 4 
4.99632 -5 0.685764 -1.37407 0.91731 -0.780296 3.92661 22 276 30357 30285 1 0.62759 0.62759 21 
5 -1.73221 1.95389 -0.227238 0.0226261 -0.0958507 4.08454 22 277 8147 8008 1 0 0 2 
0.27642 -5 -2.5789 -0.104836 0.357923 0.574325 3.85345 22 278 39261 39260 1 0.450467 0.450467 2 
0.974183 -3.73603 5 -0.100766 0.239005 -0.0109987 3.93451 22 279 11784 11783 1 0 0 1 
4.96112 -5 3.42233 -0.0579104 0.409223 -0.365089 4.10326 22 280 24863 24767 1 0.267279 0.267279 3 
5 -4.52207 -0.0193027 -0.156445 0.412749 0.103583 3.80985 22 281 19834 19800 1 0 0 2 
1.73655 -0.988875 -5 -1.87788 2.99809 2.13093 3.79439 22 282 13461 13370 1 0 0 2 
-1.47259 -5 -3.20432 -0.222274 0.338403 -0.188495 4.16558 22 283 5929 5926 1 0 0 1 
5 1.39137 1.24207 -2.20918 5.07189 0.708352 3.88819 22 284 3027 3026 1 0 0 3 
-3.92201 -5 -3.153 -0.0119395 0.40815 -0.0364225 3.84746 22 286 28243 28242 1 0 0 3 
5 -3.7217 -4.63777 -0.350495 1.20234 0.919642 3.78998 22 287 5088 4808 1 0 0 2 
-2.04297 -5 3.18252 -0.256159 0.488198 0.241614 3.94334 22 288 7956 7896 1 0 0 2 
5 -0.468776 -4.57786 -0.77731 2.50297 -0.121889 3.82794 22 289 21822 21762 1 0.499102 0.499102 20 
5 -3.53034 -3.10741 -0.0546877 0.46588 -0.373433 3.96636 22 290 1118 1061 1 0 0 4 
-0.857592 -5 3.77021 -4.96389 11.5978 4.54247 3.84334 22 291 32641 32603 1 0 0 1 
-0.236319 4.61648 -5 -0.209321 0.391623 0.181915 3.84159 22 292 13092 13089 1 0.4055 0.4055 6 
-3.10126 -1.59751 -5 -0.409752 0.714664 0.419777 3.87084 22 293 51404 51375 1 0 0 1 
-1.39238 3.12591 -5 -0.145694 0.425321 0.242889 3.8151 22 294 5127 5126 1 0 0 3 
-1.65949 -5 4.92578 -0.145952 0.331001 0.282608 3.821 22 295 51303 51187 1 0 0 1 
3.61139 -5 1.09438 -0.0969366 1.18732 -1.2932 5.28754 22 296 43607 43572 1 0.914481 0.914481 29 
2.94015 -5 -2.11531 -0.423271 0.786385 0.685331 3.79744 22 297 4414 3960 1 0.142569 0.142569 6 
4.0232 -5 2.9614 -0.224154 0.321367 -0.085695 4.18679 22 298 31241 31183 1 0 0 2 
0.55575 -5 0.339237 -0.361907 0.360461 0.0145306 3.89608 22 299 3977 3975 1 0 0 5 
3.8829 -5 3.52419 0.336321 4.29993 -1.29513 3.9138 11 300 12039 12016 1 2.41164 2.41164 15 
5 -3.7737 4.0678 -0.146204 0.195944 0.438928 3.79052 22 301 51887 51626 1 0 0 2 
5 3.35132 0.47526 -0.338423 1.05828 -0.388739 3.92023 22 302 10802 10709 1 0 0 5 
-4.41288 2.36527 5 -0.281371 0.419971 -0.0746615 4.00165 22 303 16848 16847 1 1.26915 1.26915 4 
-4.39526 -5 -0.579842 -2.46098 5.27143 4.16598 3.8185 22 304 21439 21409 1 0.445784 0.445784 17 
-2.18757 -5 -3.42963 -0.302753 0.530846 -0.628628 4.06111 22 305 20723 20611 1 0 0 2 
-0.606091 -5 3.73809 -0.154125 0.200003 -0.156163 3.99257 22 306 18328 18232 1 0.126223 0.126223 3 
-1.7451 -4.91756 5 -0.115071 0.348314 -0.209125 4.00289 22 307 54753 54752 1 0.0795122 0.0795122 4 
5 -2.05679 3.98397 -0.124139 0.346002 0.173564 3.84124 22 308 44532 44463 1 0 0 1 
5 -4.37081 2.56535 -0.23854 0.441022 0.0985811 3.85857 22 309 18679 18678 1 0.335082 0.335082 2 
3.39369 -5 3.57619 -0.5742 1.10314 0.0285644 3.88088 22 312 19821 19819 1 0.210301 0.210301 5 
-1.67328 1.07522 -5 -0.153437 0.516434 0.357919 3.78096 22 313 1555 1451 1 0.247931 0.247931 32 
-4.03295 -5 -0.263141 -1.13383 2.06214 -0.577741 3.98955 22 314 2134 2072 1 0 0 1 
-3.64983 -5 -3.28113 0.0371424 0.303075 -0.409739 3.94066 22 315 30861 30858 1 0 0 2 
5 3.43447 0.951258 -0.191496 0.271496 -0.147355 4.04709 22 316 17947 17902 1 0.510573 0.510573 24 
-3.13731 -5 4.25251 -0.23852 0.247801 -0.0972735 3.90783 22 317 8275 8142 1 0.259918 0.259918 18 
-1.57481 -5 -0.931935 -0.123485 0.47317 0.148262 3.9413 22 319 45846 45845 1 0.0709835 0.0709835 2 
-0.428056 -5 -1.07026 -0.500225 0.73423 1.06226 3.77777 22 320 15020 14889 1 0.224845 0.224845 24 
0.748716 -5 4.35662 -0.299518 0.241509 0.073482 3.84841 22 323 13600 13597 1 0 0 1 
5 2.70955 4.20132 -0.195358 0.371283 0.241402 3.80904 22 326 7131 6917 1 0.148241 0.148241 5 
4.06937 -5 -2.08876 -0.161894 0.562242 0.0511496 3.83638 22 327 2815 2731 1 0 0 4 
-0.147745 -5 1.89081 -0.206472 0.407068 -0.22975 3.96865 22 328 13808 13807 1 0 0 2 
-0.61225 -5 4.75956 -0.287149 0.414994 -0.0802851 3.95502 22 329 4435 4399 1 0.135663 0.135663 5 
5 -1.08146 2.13844 -0.347499 0.365 0.309476 3.81777 22 330 15973 15972 1 0.409495 0.409495 4 
5 -2.64168 -3.33304 -1.69146 1.09291 1.21252 3.7972 22 331 9656 9461 1 2.04331 2.04331 3 
5 -3.57831 -0.0760979 -0.199065 0.357329 0.306283 3.78147 22 332 3174 3171 1 0.487756 0.487756 15 
4.55281 4.42868 5 -0.14021 1.80449 -2.46139 4.05754 22 333 22432 22345 1 0 0 3 
2.54607 -4.9803 -5 0.0277831 0.419803 0.255293 3.83143 22 334 17939 17883 1 0.528537 0.528537 33 
-2.43288 -5 4.64942 -0.12716 0.233976 -0.0887306 3.93106 22 335 10341 10340 1 0 0 3 
5 -1.40443 0.690717 -1.57238 2.48286 0.258223 3.86055 22 336 18766 18641 1 0.370813 0.370813 4 
5 3.98685 -3.05409 -0.226981 0.327237 -0.0178876 4.07615 22 337 16782 16759 1 0 0 1 
2.59176 -5 0.280903 -0.838007 0.735453 0.186864 3.82556 22 338 14708 14647 1 1.14746 1.14746 7 
-3.15763 -5 3.59873 0.0304014 0.471645 -0.190611 3.96838 22 340 3973 3958 1 0.509483 0.509483 15 
2.22759 -5 -0.440044 -0.0413209 0.467817 -0.0776621 3.93094 22 341 13382 13381 1 0 0 2 
-3.11379 -5 -1.33639 -0.785778 1.84667 -0.907001 3.87532 22 343 34846 34845 1 0 0 1 
5 2.55039 4.39704 -0.178219 0.382133 -0.171694 4.14169 22 345 12654 12652 1 0.864003 0.864003 50 
-1.08993 -5 2.50628 -0.44679 0.247557 0.0146402 3.81742 22 347 41839 41838 1 0 0 1 
5 0.358897 -0.944496 -0.245925 0.0743882 -0.1986 4.10516 22 348 1893 1891 1 0.324465 0.324465 18 
-3.60252 -5 -0.749136 -0.179862 0.259891 0.126402 3.8068 22 349 14938 14672 1 0.74482 0.74482 3 
-2.61198 -5 4.7608 0.280325 0.177164 -0.124766 3.94638 22 350 16620 16619 1 0 0 2 
5 -0.940138 -4.26412 -5.08002 1.94018 0.662751 3.83466 22 351 8116 8062 1 0.217939 0.217939 7 
2.20967 -5 0.555413 -0.203622 0.442204 0.177351 3.86247 22 352 7554 1 1 0 0 2 
3.67729 -5 3.88774 -0.173463 0.477235 -0.0572433 3.90407 22 353 24369 24367 1 0 0 1 
5 0.532005 3.71919 -0.437558 1.26437 1.4628 3.812 22 354 2329 2280 1 0 0 1 
3.64559 3.43261 5 -0.0718623 0.245943 -0.442117 4.05924 22 358 41816 41756 1 0 0 1 
2.20984 -5 4.78013 -0.59375 1.93831 0.709782 3.84998 22 359 8064 8025 1 0.0498394 0.0498394 4 
4.35076 2.47233 -5 0.0119905 0.0109139 0.0249808 3.81223 22 360 43353 43342 1 0.0294458 0.0294458 24 
0.167739 -5 4.55971 -0.201991 0.263016 0.0229786 3.81977 22 361 15420 15161 1 0.499343 0.499343 50 
-5 0.644359 -1.2233 0.118699 0.276546 -0.412981 4.21962 22 362 37212 37211 1 0 0 1 
3.4865 4.5898 5 -0.142756 0.446043 -0.204416 4.02382 22 363 2830 2827 1 0.1438 0.1438 4 
4.13148 -3.52209 5 -0.229132 0.834566 -0.545792 3.93997 22 364 18991 18990 1 0 0 1 
1.56376 -5 4.53322 -0.183282 0.528093 -0.191749 4.01563 22 365 26361 26359 1 0.620168 0.620168 29 
5 -4.1255 3.04492 -0.111835 0.179889 -0.0309371 3.88242 22 366 6185 6184 1 0.213531 0.213531 32 
4.58135 -3.41609 5 -0.237193 0.407949 -0.143813 3.92378 22 367 12005 11898 1 0 0 2 
3.064 -5 -1.24347 -0.294051 0.241124 -0.34134 4.13112 22 368 19637 19636 1 0 0 1 
5 3.95729 2.13033 -0.151211 0.241886 0.120915 3.89505 22 369 33646 33644 1 0 0 1 
-3.33439 -5 3.78941 -0.250724 0.111212 0.00370631 4.19808 22 370 27207 27206 1 0 0 1 
2.78815 4.90161 -5 -0.732008 2.3941 1.19689 3.79473 22 371 41508 41487 1 0 0 1 
5 -2.69042 -0.71347 -0.21973 0.514312 0.0340204 3.81973 22 372 32063 31380 1 0 0 2 
-1.8585 -0.0931172 -5 -0.176233 0.406059 0.2553 3.79975 22 373 13856 13855 1 0.422528 0.422528 22 
-2.34185 -5 2.31168 -0.153591 0.592583 -0.0800712 3.84855 22 374 8167 7942 1 0.617085 0.617085 23 
-2.0748 -5 1.97915 -1.1855 1.74679 0.657226 3.85731 22 375 21992 21991 1 0 0 1 
4.23245 -5 1.98758 0.0684678 0.309616 -0.400712 4.09669 22 376 10192 10189 1 0 0 3 
1.41241 -4.05152 -5 -1.95995 2.23327 1.13759 3.83031 22 378 32042 31981 1 0 0 3 
-1.38562 -5 -4.83917 -10.4361 13.743 -2.84613 3.84005 22 381 4124 4047 1 0.364934 0.364934 10 
-4.41027 -3.23751 5 -0.041163 0.300901 -0.21676 3.83868 22 382 10754 10753 1 0 0 3 
5 0.898524 2.47173 -0.253652 0.387112 0.139259 3.85311 22 383 9262 8669 1 0 0 3 
5 -1.33652 -4.31612 -0.554642 1.5767 1.0827 3.79665 22 384 5015 4801 1 0 0 2 
5 -1.66963 -4.85749 -0.245056 0.112041 0.163136 3.91084 22 385 1030 1 1 0 0 1 
-1.60795 -5 -3.97859 -0.213488 0.378226 0.208525 3.79362 22 386 30624 30457 1 0 0 3 
5 2.07672 4.28619 -0.181741 0.224078 -0.0121924 3.83309 22 388 17967 17772 1 0 0 6 
-1.42678 -5 2.02526 -0.254612 0.277358 0.340461 4.82211 22 389 11868 11849 1 0.499052 0.499052 33 
-5 -1.00453 -0.656579 0.043706 0.339438 -0.0341795 3.97217 22 390 11233 11232 1 0 0 1 
-4.89012 -5 -1.01975 -0.138663 0.362383 -0.257482 4.05945 22 392 19253 19114 1 0 0 2 
2.85208 4.38495 -5 -0.413075 1.53932 1.06557 3.81601 22 394 20595 20542 1 0 0 1 
-4.87984 -5 1.82795 -0.55241 1.26686 -0.358156 3.90704 22 395 3304 3283 1 0 0 6 
1.42708 -5 3.63986 -0.221696 0.410037 -0.420636 4.1092 22 396 2204 2203 1 0.33463 0.33463 5 
-4.47282 -5 4.80015 -0.639908 0.925236 0.272598 3.83261 22 397 26997 26996 1 0.0458962 0.0458962 3 
-3.01695 -5 0.32563 -0.162211 0.192789 0.0430081 3.8413 22 398 32810 32809 1 0 0 1 
5 -1.52997 -0.742426 -0.184865 0.0258855 -0.13468 4.04174 22 400 35012 34688 1 0 0 2 
4.09903 -5 3.30371 0.459956 1.90561 0.337943 3.85702 22 401 14874 14757 1 0 0 2 
-4.10621 -5 -3.80864 -0.201854 0.297247 0.13827 3.84318 22 402 12126 12125 1 0.201097 0.201097 28 
5 -1.65076 2.32757 -0.345206 0.361567 -0.35715 3.99978 22 403 20231 20230 1 0.287923 0.287923 4 
0.502885 1.9216 5 -0.131937 0.230046 -0.133432 4.03473 22 404 2526 2525 1 0.675218 0.675218 17 
5 1.3996 -1.41447 -0.154681 0.382574 0.301382 3.83224 22 407 34341 34304 1 0.315162 0.315162 2 
5 1.82068 0.690648 -0.243203 1.02077 0.0624739 3.89018 22 408 8326 8305 1 0 0 3 
3.93356 -5 0.0906148 -0.0463801 0.21801 -0.163238 4.08755 22 409 30396 30395 1 0.184522 0.184522 31 
-5 0.301615 4.01904 0.146199 0.23449 -0.101557 3.89738 22 410 29907 29724 1 0.29409 0.29409 19 
-4.44848 -5 0.142012 -0.130352 0.259894 0.141449 3.8575 22 411 13716 13715 1 0 0 1 
-1.12437 -5 3.31432 -0.068488 0.278028 -0.140934 3.95063 22 412 4336 3633 1 0 0 1 
5 -0.785233 -3.70639 -0.160474 0.0493071 0.202007 3.95301 22 413 33722 33707 1 0.262412 0.262412 13 
-4.18865 2.18405 5 -0.266976 1.01126 -0.58479 3.98692 22 415 5878 5813 1 0.318257 0.318257 26 
-0.224503 -5 -2.27235 -0.316178 0.396004 0.065819 3.91842 22 416 15224 15196 1 0.133509 0.133509 28 
0.598538 -5 3.22642 -1.01995 2.44144 0.427632 3.82751 22 417 6798 6684 1 0 0 6 
-2.69081 -5 -1.86461 -0.97839 0.680957 -0.373032 4.18345 22 418 24301 24300 1 0 0 1 
-1.03267 -5 4.74489 -0.457685 0.579676 0.531923 3.80692 22 421 34865 34794 1 0 0 2 
4.2102 4.2284 -5 -0.264016 0.191955 0.38448 3.795 22 423 17718 17717 1 0 0 2 
-0.295062 -5 2.67325 -0.398354 0.287452 0.14073 3.86037 22 424 38577 38565 1 0 0 1 
4.5492 -5 -2.82957 -0.00192795 0.205785 0.104774 4.05112 22 425 7645 7616 1 0 0 1 
2.38015 1.0234 -5 -0.153336 0.41656 0.12427 3.85195 22 427 24828 24797 1 0 0 3 
-3.1594 4.54169 5 -0.23062 0.414377 -0.190332 4.06761 22 428 4383 4365 1 0 0 1 
1.29738 -1.67663 5 -0.0679224 0.0443367 -0.176202 3.85327 22 429 29263 29262 1 0.193771 0.193771 16 
-3.079 -5 0.993224 -0.646501 1.60077 -2.26075 4.38779 22 430 28286 28285 1 0 0 1 
5 -1.09257 -4.79685 -1.82693 3.51801 1.4634 3.7994 22 431 14073 13983 1 0 0 1 
-1.06813 -5 -2.20867 -0.189761 0.765627 -0.253143 3.95014 22 432 13852 13838 1 0 0 1 
1.55081 -5 3.05891 -0.148991 0.0980918 -0.177596 3.9449 22 433 31198 31197 1 0.251528 0.251528 16 
-1.35066 -5 4.59324 -0.289119 0.706238 0.39779 3.84193 22 434 23680 23561 1 0 0 1 
2.87583 -5 -3.06263 -1.27473 1.5274 0.884261 3.80393 22 435 3713 3668 1 0 0 1 
5 -3.3363 -2.11742 -0.0616107 0.115105 -0.100349 3.86371 22 436 25142 25141 1 0 0 2 
5 -4.23961 -3.12504 -1.07554 0.154706 0.19145 3.83202 22 437 25375 25326 1 0 0 1 
5 -4.46893 4.83089 -0.209581 0.273377 -0.192589 4.04055 22 439 6698 6674 1 0.27074 0.27074 4 
1.72199 -5 -3.67939 -0.114035 0.244521 0.433965 3.92434 22 440 23419 23394 1 0 0 1 
-1.01581 -5 -3.43534 -0.161826 0.361249 0.266521 3.82397 22 441 8364 8363 1 0.743982 0.743982 7 
2.91358 -1.65341 5 -0.21818 0.282153 -0.365934 4.20131 22 442 12693 12692 1 0 0 1 
4.76757 -5 -4.00618 -0.127843 0.494732 -0.00398778 3.86489 22 443 6549 6543 1 0.139508 0.139508 4 
0.178653 -5 3.17456 -2.98691 5.73288 5.01804 3.82984 22 444 9350 9349 1 0 0 1 
5 -0.783054 4.46713 -0.0667364 0.304679 0.30595 3.82024 22 445 6572 6480 1 0 0 1 
4.64223 4.59676 -5 -2.34252 6.72938 11.7624 3.77071 22 446 1124 1 1 0 0 1 
-4.27781 -3.422 5 -0.142605 0.33582 -0.357783 3.9806 22 447 2845 2844 1 0 0 3 
5 2.19575 -4.76909 -7.51182 3.29283 -2.36249 3.81095 11 449 24772 24236 1 6.81272 6.81272 21 
0.809645 -5 -2.50726 -0.444027 0.714497 0.86437 3.7953 22 450 16100 14610 1 0 0 1 
-3.309 1.72178 5 0.245089 -0.115056 -0.730326 4.21747 22 451 36115 36113 1 0.249563 0.249563 4 
5 -1.57263 -1.68697 -0.640526 0.964323 0.440076 3.81344 22 452 19337 19312 1 0.728481 0.728481 31 
3.7955 -2.36952 -5 -0.34648 1.38801 2.63033 3.74564 22 454 23786 23653 1 0.275573 0.275573 11 
5 2.27747 3.97963 -0.160585 0.355739 -0.10466 3.93681 22 455 2314 2311 1 0.0769235 0.0769235 19 
5 0.95849 3.54133 -0.200552 0.349928 0.308924 3.82752 22 457 10916 10585 1 0 0 5 
5 -1.40892 -4.73666 -1.399 1.37214 1.404 3.78109 22 458 32084 31944 1 0 0 2 
5 0.614365 1.76078 -1.11537 1.6745 1.90308 3.81149 22 459 18400 18334 1 0 0 1 
-1.40922 -5 2.43419 -0.227309 0.952869 -0.536673 3.91808 22 460 1709 1578 1 0 0 3 
-3.08423 -5 -3.57684 -2.2964 3.9974 0.0712576 3.83279 22 461 13223 13221 1 0 0 4 
1.27012 3.88572 -5 -0.232464 0.926166 1.13344 3.77737 22 463 5104 3076 1 0 0 1 
-0.191784 5 2.96384 -0.415487 -0.0463395 -0.0578919 3.94252 22 464 53023 53022 1 0 0 1 
-2.68015 -3.36038 -5 -0.424444 0.357118 1.06284 3.76262 22 465 7679 7632 1 0.732007 0.732007 51 
-3.03083 -5 1.40732 -0.182421 0.252949 -0.261565 3.85355 22 466 5310 5018 1 0.167355 0.167355 5 
-0.105166 -5 3.12842 0.026961 0.21613 -0.117882 3.83342 22 467 4767 4641 1 0.999578 0.999578 93 
-1.02171 -4.7643 -5 0.142775 0.107701 0.0515162 3.82556 22 468 36569 35234 1 0.51074 0.51074 16 
5 -3.09384 4.23334 -0.0919031 0.617321 0.193139 3.82309 22 469 6842 6495 1 0.50693 0.50693 27 
1.84178 -5 -3.28878 -1.03781 2.62195 0.389872 3.85136 22 470 1697 1649 1 0 0 5 
-3.97129 -5 1.50327 -0.187132 2.53238 0.818573 3.90621 22 471 29298 29192 1 0 0 3 
0.12828 -5 -3.63781 -0.202502 0.41131 0.100171 3.82974 22 472 8983 8801 1 0.262053 0.262053 4 
-0.079868 -0.954422 -5 0.348158 -0.0094517 0.19178 3.76459 22 474 41707 41447 1 0 0 1 
4.47887 0.0459012 -5 -0.303302 0.376122 0.166312 3.8056 22 475 8998 8997 1 4.10913 4.10913 83 
0.299664 -5 -2.04903 -0.210566 0.331228 0.0400931 3.86932 22 476 5925 5858 1 0.797377 0.797377 23 
1.80567 -0.559318 -5 -0.306824 0.201524 0.679577 3.77176 22 477 34009 34008 1 0 0 3 
5 1.33416 4.56486 -0.196787 0.109113 -0.0504229 3.82787 22 478 8473 8292 1 0 0 1 
0.132216 -5 3.91689 -26.847 42.9857 5.28248 8.48611 2112 479 9701 9534 1 0 0 2 
1.7101 -5 2.67991 -0.397416 0.821508 0.0904583 3.87482 22 480 23572 23571 1 0 0 1 
-2.30037 -5 1.82825 -0.135381 0.311475 -0.0528537 3.89699 22 481 8906 8870 1 0.185081 0.185081 34 
4.20329 -5 -0.582687 -0.242959 0.235533 0.382903 3.78705 22 482 33193 33180 1 0.0425417 0.0425417 3 
1.34109 -5 3.68042 -0.713201 1.04297 -0.277799 3.95976 22 483 21424 21423 1 0 0 1 
1.04245 -5 4.58782 0.312019 0.00372787 0.572616 3.81606 22 484 45792 45791 1 0.749036 0.749036 29 
3.93843 -4.3784 -5 -0.516338 1.25943 3.81512 3.73282 22 486 3790 3474 1 0.51066 0.51066 27 
5 4.35326 0.871139 -1.39937 3.59012 0.0943157 3.91511 22 487 5852 5837 1 0.00251353 0.00251353 4 
5 1.4357 4.32398 -0.519321 0.659953 -0.41208 3.96868 22 488 29253 29243 1 0 0 1 
0.682105 -3.80039 -5 -0.386348 0.554557 0.273318 3.80925 22 489 1877 1821 1 0.0726634 0.0726634 5 
-4.94993 -1.33934 -5 -0.510061 0.979383 2.3261 3.75677 22 490 15779 15633 1 0 0 1 
0.901053 1.48535 5 0.0855461 0.25536 -0.0189617 4.01359 22 491 42737 41648 1 0 0 1 
3.99516 -5 -0.207338 -1.08324 2.2652 0.81563 3.84986 22 492 12765 12764 1 0 0 1 
-1.21302 -1.49769 -5 -0.0140839 0.101647 0.568718 3.77682 22 493 39780 39779 1 0.0138326 0.0138326 2 
5 1.34658 -1.79103 -0.747349 1.66988 1.49601 3.80056 22 494 7718 7717 1 0 0 1 
-2.62314 -5 -4.74278 -0.580018 0.387499 -0.729928 4.08256 22 495 8700 8699 1 0 0 2 
2.93839 2.71847 5 -0.0908882 0.440041 -0.243358 4.11245 22 496 13105 13104 1 0 0 2 
-4.19655 -3.90094 -5 -0.395938 -0.147779 0.0655455 3.81507 22 497 4523 4522 1 0.833213 0.833213 33 
5 3.20694 1.74006 -0.125507 0.466115 0.167646 3.90658 22 498 9242 9212 1 0 0 2 
3.70875 -3.9427 -5 -0.252442 0.248062 0.36859 3.77629 22 499 16523 16522 1 0.17223 0.17223 3 
-0.394836 0.88993 5 -0.241522 0.458851 -0.108768 3.84153 22 501 8594 8515 1 0 0 3 
5 4.2685 4.16832 -0.132337 0.182343 0.192885 3.85697 22 503 1241 1240 1 0 0 1 
-4.11279 -5 2.18202 -1.64604 2.34589 2.25478 3.81019 22 504 10380 10020 1 0 0 2 
3.87131 -5 -2.33712 -0.0763899 0.454688 0.193089 3.79179 22 505 20418 20047 1 0 0 2 
5 0.501035 -1.98998 -0.276824 0.0121263 -0.173925 3.88685 22 506 17543 17250 1 0.1864 0.1864 4 
1.98266 2.7105 5 -0.122153 0.305392 -0.0717679 3.89849 22 507 3402 3107 1 0 0 2 
-0.472552 -5 4.13808 -0.056621 0.231477 -0.15715 4.04062 22 508 30086 30049 1 0.0653021 0.0653021 5 
-2.51566 -5 -0.737802 -0.40187 0.274915 -0.155054 3.94308 22 509 22758 22757 1 0 0 1 
1.56574 -5 2.82206 -0.15864 0.355701 -0.0820078 3.88326 22 510 4166 3958 1 0.510555 0.510555 28 
-4.59064 -5 2.81485 -0.212494 0.159225 0.0319067 3.82643 22 512 39532 39452 1 0 0 1 
-1.81596 -5 -1.39348 -0.229514 0.456437 -0.010404 3.89809 22 513 19635 19611 1 0.510641 0.510641 30 
4.50388 2.72441 5 0.054781 0.140187 -0.138369 4.0703 22 514 5806 5805 1 0.204077 0.204077 29 
3.04345 -4.93088 5 -0.222039 0.0267325 -0.335623 4.15863 22 515 19460 19438 1 0 0 2 
2.0559 -5 1.16203 -0.242705 0.292556 0.218371 3.80947 22 516 8382 7739 1 0.737874 0.737874 21 
1.67797 -2.37261 -5 -0.107304 0.181185 0.153037 3.82236 22 517 2981 2980 1 0.611106 0.611106 73 
-0.150784 -5 3.57809 -0.00323301 0.311362 -0.190349 4.0364 22 518 6505 6397 1 0.254458 0.254458 4 
1.00597 -5 -2.42765 -0.131912 0.170105 0.463447 3.7514 22 519 18315 18314 1 0 0 1 
4.58614 -5 1.67662 0.168262 0.298591 0.130405 3.82177 22 520 15900 15899 1 2.32971 2.32971 28 
-1.6222 -0.102943 -5 -0.205163 0.265949 0.319372 3.8498 22 521 1097 1096 1 0.363491 0.363491 3 
-3.56498 -5 -3.3992 0.0280385 0.429428 -0.275546 3.95911 22 522 5322 5304 1 0 0 2 
-0.563675 3.05637 -5 -0.207783 0.297369 0.384175 3.77609 22 523 10228 10227 1 0.51071 0.51071 26 
0.306077 -5 -1.65015 -9.09732 14.3861 -20.1952 4.02988 22 524 15570 15406 1 0 0 2 
-0.154649 0.930228 5 -0.337373 0.354573 -0.526617 3.99704 22 525 20634 20633 1 0.271907 0.271907 30 
1.73883 -2.69494 5 -0.0155195 0.0752946 -0.525723 4.07113 22 527 1953 1929 1 0 0 1 
3.69132 5 -0.785259 0.101292 -0.210504 -0.145523 4.04861 22 528 6817 6815 1 0 0 2 
2.58661 -1.62537 -5 -1.26221 1.56937 2.23817 3.78738 22 532 37528 37527 1 0 0 1 
-2.3824 -5 2.70858 -0.249567 0.235495 0.17446 3.83488 22 533 4923 4898 1 0.308266 0.308266 28 
-0.00117551 -5 -2.43804 -0.334725 0.492017 0.00640207 3.86702 22 534 17339 17290 1 0 0 2 
5 -1.97712 2.70945 -0.549177 0.265233 0.388602 3.85995 22 535 17623 17621 1 0 0 1 
0.0151535 -5 0.794962 -0.675312 1.34184 1.05715 3.80971 22 536 17748 17717 1 0 0 3 
2.80615 -5 -3.30624 -0.172447 0.480235 0.0275044 3.84248 22 537 19449 19448 1 0 0 4 
-4.03923 -5 -1.22443 -0.0705272 0.379062 0.0885131 3.85278 22 538 10517 10437 1 0 0 3 
2.92204 -5 -1.51444 0.149754 0.0503195 -0.0368233 3.99706 22 539 17087 17058 1 0.161736 0.161736 27 
0.0278131 -0.532767 -5 -0.033185 0.235613 0.319274 3.75351 22 540 18539 18431 1 0 0 2 
4.98408 -4.32805 -5 -0.087373 0.223752 0.117263 3.79807 22 541 11394 11304 1 0 0 2 
-3.1133 -5 -4.61175 0.0525445 0.259913 -0.126736 3.77886 22 542 48271 48105 1 0 0 1 
-3.05627 -2.91325 -5 -0.208165 0.101509 0.287137 3.8999 22 543 25312 25309 1 0 0 2 
-4.81743 -1.52453 -5 -0.0995828 0.317773 0.107627 4.0295 22 544 27671 27669 1 0 0 1 
2.94044 -5 4.46078 -0.122784 0.441704 -0.225702 3.79693 22 545 20227 20191 1 0 0 2 
0.649919 -5 -4.78129 -0.168285 0.179776 -0.230971 4.14235 22 546 34059 34057 1 0.500012 0.500012 26 
-2.65588 -5 3.45148 -0.886342 1.73265 -1.24268 4.04168 22 547 3146 3058 1 0 0 1 
1.63488 -5 -3.43986 -0.144611 0.260914 -0.146939 3.8809 22 548 12554 12535 1 0.332075 0.332075 26 
0.737156 -5 2.24764 -0.160287 0.235115 -0.0387562 3.87521 22 549 14292 14201 1 0.317535 0.317535 4 
-1.59678 -5 3.75757 -0.183816 0.380455 -0.287377 4.01642 22 550 17252 17232 1 0 0 1 
0.459591 -5 -1.67512 -0.348827 0.345708 -0.141158 3.91085 22 551 31162 31143 1 0 0 1 
4.76953 -5 4.18112 -0.0442958 0.19295 0.176208 3.86854 22 552 11050 10951 1 1.13311 1.13311 44 
3.81421 -5 -2.65084 -0.726334 0.825072 0.284101 3.84251 22 553 6219 6218 1 0 0 5 
5 -2.26114 -0.858622 -0.0856064 0.154942 0.270664 3.79391 22 554 3125 2880 1 0.0908662 0.0908662 3 
0.033986 2.28798 5 -0.371646 0.281001 -0.228156 3.94358 22 555 18166 18165 1 0 0 2 
-0.514067 -5 -0.859631 -0.00270684 0.361496 0.361156 3.86133 22 556 11895 11894 1 0 0 1 
-0.0166416 -5 1.90077 -0.22265 0.193893 -0.0925884 3.90384 22 558 48039 47626 1 0 0 1 
-1.8866 -3.33294 -5 -1.92072 3.29161 4.98323 3.77053 22 559 54400 54343 1 0 0 1 
4.015 -5 4.2523 -0.145595 0.343553 -0.349132 4.05407 22 560 6884 6855 1 0.510422 0.510422 34 
5 -2.11493 -0.768229 -0.0775006 -0.18462 0.0675223 3.82741 22 561 31542 31351 1 0 0 1 
1.73185 -5 -4.34108 -0.128158 0.36002 0.0582632 3.81386 22 562 36540 36184 1 0 0 1 
-3.68295 -5 -3.71529 -0.178119 0.253355 0.547218 3.76145 22 563 8368 8258 1 0 0 1 
-3.35812 -5 -4.58382 -0.611564 1.04926 0.00502795 3.78977 22 565 5711 5574 1 0.149891 0.149891 29 
-2.54819 -1.16489 5 -0.0344607 0.248519 -0.396547 4.2177 22 566 25966 25964 1 0 0 1 
-4.79911 -5 -0.0867256 -0.409073 0.242974 0.186395 3.8539 22 567 33695 33672 1 0 0 1 
-1.88986 -5 -4.33315 -1.76482 2.72388 1.61992 3.82265 22 568 20712 20581 1 0 0 2 
4.51278 1.02537 5 -0.136647 0.44013 -0.220756 4.03869 22 569 23746 23745 1 0 0 1 
0.0674044 4.70245 5 -0.141885 0.172955 -0.151781 4.04112 22 570 10630 10449 1 0.651351 0.651351 4 
2.29913 -5 1.22058 -0.25624 0.481105 0.171749 3.85235 22 571 7855 7802 1 0.0599933 0.0599933 6 
-4.7966 -5 -2.79529 -0.219097 0.147199 0.0832059 3.84939 22 573 26829 26787 1 0 0 1 
-1.92861 -5 3.37614 -0.116184 0.491314 0.0789386 3.90161 22 575 14449 14448 1 0 0 2 
5 1.46646 -4.0904 -0.212827 0.427627 0.181549 3.81581 22 576 6022 6019 1 0 0 2 
5 4.19542 0.296761 -0.168202 0.477243 0.0711863 3.86713 22 578 19990 19964 1 0.0886039 0.0886039 6 
-0.619887 -5 -3.17548 -0.275404 0.429903 0.0213482 3.87157 22 579 24766 24765 1 0.510563 0.510563 25 
2.08918 -5 3.5382 0.0132107 0.263691 -0.204431 4.09117 22 580 20403 20402 1 0.33338 0.33338 38 
-1.61596 -5 2.04847 -0.624932 0.805252 -0.162455 3.85893 22 581 15937 15899 1 0.584207 0.584207 27 
1.49406 -3.07891 -5 -0.367162 0.568209 1.02134 3.76561 22 583 11156 11016 1 0 0 3 
5 -2.16103 -3.91699 -0.0942399 0.0732933 -0.180042 3.89219 22 584 49258 49231 1 0 0 3 
-0.379419 3.49157 -5 -0.163081 0.386091 0.445052 3.77276 22 585 1624 1 1 0.273412 0.273412 5 
2.57703 -5 4.06736 -0.15712 0.289972 -0.114212 3.92739 22 586 12440 12333 1 0 0 5 
3.45587 -1.17793 5 -0.00178607 -0.0748037 -0.200736 3.8868 22 587 9177 9143 1 0.478281 0.478281 26 
1.54602 -5 -4.18344 -0.20895 0.206542 -0.244694 4.17582 22 588 4825 4824 1 0 0 2 
5 2.60415 2.5603 -0.279626 1.11353 0.501381 3.85909 22 589 31370 31352 1 0 0 1 
2.67015 -5 4.97227 -0.287674 0.45117 -0.13053 3.86288 22 590 2479 2401 1 0.550117 0.550117 44 
1.93377 -2.17076 5 0.188255 0.0133833 -0.260406 4.04029 22 592 8396 8395 1 0.0296872 0.0296872 9 
0.894746 -0.934337 -5 -2.52007 1.42532 1.12619 3.88144 22 593 25666 25596 1 0 0 1 
3.05566 2.39322 -5 -1.41522 2.22439 0.966704 3.85293 22 594 3032 2960 1 0.830949 0.830949 6 
-3.03251 -5 -4.19434 -0.683069 0.83138 -0.667877 4.07848 22 595 15176 15174 1 0 0 2 
5 1.01011 -0.000716836 -0.200366 0.423332 0.00726119 3.99046 22 596 13895 13861 1 0 0 2 
1.52901 0.972942 -5 -0.173947 0.312706 0.324192 3.78178 22 597 9517 9496 1 0.482695 0.482695 16 
0.672784 -5 -4.37676 -0.591233 0.809521 0.746482 3.81024 22 598 32676 32652 1 0 0 2 
-3.57694 -5 -1.08086 -0.120436 0.200672 0.272465 3.82472 22 599 2494 2469 1 0.122952 0.122952 11 
4.5043 -5 -1.03146 -0.0811874 0.455405 0.137656 3.86733 22 600 30708 30707 1 0 0 1 
3.75061 -5 -4.43641 -0.138014 0.312535 0.379992 3.75935 22 601 2707 2664 1 0.734288 0.734288 29 
4.71378 -5 1.26922 -0.245145 1.39277 1.34616 3.78283 22 602 3101 3031 1 0 0 3 
-1.6191 -5 4.26193 -0.237518 0.296117 -0.342082 4.07564 22 603 29617 29616 1 0.865137 0.865137 52 
-4.9835 -5 4.36557 -1.20645 2.35042 3.79689 3.79733 22 604 9265 9081 1 0 0 3 
5 4.58868 3.54078 -0.741158 2.13043 0.287473 3.88271 22 605 1653 1652 1 0 0 3 
-1.8038 -5 4.99089 -0.908539 1.06052 0.656013 3.8352 22 606 4971 4949 1 0 0 3 
2.18442 -5 -0.951726 -0.137323 0.423 0.134571 3.84957 22 607 13086 13085 1 0 0 1 
5 -2.58658 3.67737 -0.937388 0.675606 0.202469 3.89484 22 608 19332 19123 1 0 0 2 
3.19903 -5 4.66002 -0.554925 1.99546 2.58867 3.78052 22 609 5451 5261 1 7.62491 7.62491 58 
-4.88457 -5 1.47337 -0.430832 0.530426 1.13386 3.76959 22 610 7148 6548 1 0.0222352 0.0222352 7 
5 -1.08028 -2.66698 -0.303858 0.376527 -0.164369 3.94428 22 611 9146 9145 1 1.02599 1.02599 23 
-2.7391 -4.81904 5 -0.477094 1.38671 -1.74182 4.22839 22 612 12954 12898 1 0 0 3 
4.76203 -5 1.62626 -0.13736 0.161958 0.0263515 3.83355 22 613 11508 11480 1 0 0 2 
0.745065 -5 -2.76233 -0.163732 0.271961 0.191191 3.77864 22 614 17512 17350 1 0.0116175 0.0116175 7 
2.53383 -1.04219 -5 -0.299323 0.363183 0.199056 3.84406 22 615 34202 34201 1 0 0 1 
5 0.37852 3.87757 -0.250736 0.691634 0.297199 3.84909 22 616 30217 28111 1 0 0 2 
5 0.643419 3.88402 -0.29368 0.415117 -0.0505004 3.92361 22 617 14395 14394 1 0 0 3 
4.1165 -5 4.35655 -0.104022 0.425938 -0.129859 3.91717 22 618 3458 3375 1 0 0 3 
2.31851 -5 1.67235 -0.343636 0.179412 -0.0186843 3.95658 22 620 35105 35104 1 0 0 2 
-3.20484 -5 3.63677 -0.374874 0.322035 0.0392694 3.86258 22 621 8773 8769 1 0.0922244 0.0922244 22 
1.84266 -5 3.89249 -0.175082 0.261064 0.446104 3.77927 22 622 1121 1 1 2.28856 2.28856 9 
5 -4.60738 2.36681 -0.240759 0.193009 -0.395683 3.927 22 623 32307 32305 1 0.227754 0.227754 8 
5 2.36774 -1.08945 -0.106564 0.192997 -0.10073 4.05439 22 625 30866 30414 1 0 0 3 
-0.380256 -5 4.97966 -0.0567324 0.299636 0.0222009 3.98291 22 626 5794 5764 1 0 0 5 
-4.55941 -5 4.77209 -0.452449 0.211333 -0.12536 3.9843 22 627 13931 13928 1 0 0 8 
1.51231 -5 -2.42077 -0.589331 1.66078 -0.34976 3.81462 22 628 19919 19863 1 0 0 1 
5 -4.06141 -1.66724 -0.191443 0.350738 -0.318516 3.91576 22 629 10168 10148 1 2.69254 2.69254 30 
0.692129 -5 1.9895 -3.09626 10.0828 4.7295 3.8301 22 632 37186 37133 1 0 0 2 
0.219199 4.68787 -5 -0.226191 0.290861 0.354059 3.82619 22 633 6250 6211 1 1.20955 1.20955 8 
5 -1.46862 2.39547 -0.432843 0.629981 -0.217154 3.97759 22 635 15764 15710 1 0 0 1 
3.11833 -5 2.84134 -0.225549 0.677262 0.980664 3.78725 22 636 18624 17312 1 0.17702 0.17702 27 
2.99099 -5 -1.91367 -0.230157 0.332151 0.168743 3.80098 22 639 5742 5693 1 0.904585 0.904585 6 
0.608407 -1.35624 5 -0.284446 0.0730085 -0.30568 4.38325 22 641 6763 6761 1 0.510306 0.510306 48 
5 0.68499 -4.07057 -0.829842 1.08362 -1.0483 4.13755 22 642 17609 17549 1 0 0 6 
5 -4.69986 1.48048 -0.154242 0.315381 0.0169959 4.06464 22 643 14552 14551 1 0.586979 0.586979 23 
4.78269 0.441632 5 -0.173899 0.240212 -0.254163 3.88057 22 644 17721 17541 1 0.188318 0.188318 18 
4.18675 -5 -0.869655 -0.137969 0.255973 -0.268087 4.0781 22 646 3039 3038 1 0.395181 0.395181 26 
-1.17392 -5 -2.95155 -0.348064 0.619104 0.192185 3.82678 22 647 4094 3013 1 1.25959 1.25959 34 
0.149481 -5 -0.658928 0.0918261 0.499122 -0.0597051 4.03762 22 648 3054 3053 1 2.08619 2.08619 58 
5 -3.26434 0.899752 -1.44432 1.24624 3.60436 3.77408 22 649 16568 16508 1 0.608876 0.608876 35 
5 0.904045 -1.84587 -0.411616 -0.0221176 -0.00466843 3.86719 22 650 28645 28644 1 1.42513 1.42513 28 
-4.98187 -5 -1.78197 0.0456667 0.291696 -0.0341307 3.94949 22 651 20974 20971 1 0 0 1 
-1.0575 -5 -0.61859 0.000806099 0.485845 -0.158348 3.81724 22 652 18361 18360 1 0 0 1 
2.48201 -5 1.91267 -0.677127 1.89021 -0.784211 4.9544 22 653 13444 13365 1 0 0 1 
2.8771 -5 3.04536 -2.70486 4.51955 -0.5578 3.83599 22 654 9403 9328 1 0 0 2 
4.11869 -5 -4.78918 -0.583233 1.70859 0.476391 3.80352 22 655 9482 9335 1 0.845191 0.845191 7 
5 3.68614 1.57571 -0.0988043 0.224916 -0.0479766 3.8701 22 656 2178 1 1 0 0 1 
2.52339 -5 0.675913 -0.394494 0.557502 0.152326 3.87559 22 657 33160 33138 1 0 0 1 
5 -0.0664728 1.48967 -0.318963 0.393359 0.068199 3.87309 22 658 35414 35412 1 0.181312 0.181312 2 
-2.52661 -2.2718 5 -0.320189 0.310738 -0.249079 3.95398 22 659 27924 27923 1 0 0 3 
-3.87393 4.96299 5 -0.853933 -0.124816 -1.47003 4.33646 22 660 9873 9872 1 0 0 3 
1.9205 -5 4.56866 0.0120952 0.606223 -0.242099 3.96 22 661 20555 20536 1 0 0 1 
-4.01463 -0.819492 -5 0.0957092 0.272352 0.329692 3.79303 22 662 20332 20171 1 0 0 3 
4.96037 4.23774 5 -0.968341 2.35859 -2.14361 4.07148 22 663 1097 1 1 0 0 3 
-2.8709 -1.22416 5 -0.0748549 0.30754 -0.220005 4.04262 22 664 16440 16439 1 0.385015 0.385015 32 
-1.65786 -5 0.070552 -0.243069 0.33119 -0.281678 3.95468 22 665 39541 39529 1 0 0 4 
3.02771 -5 1.18517 -0.0473018 0.404705 0.339639 3.7948 22 667 29150 28595 1 0 0 1 
-4.7465 -5 2.54962 -0.381045 0.973673 1.11118 3.8065 22 668 12885 12807 1 0 0 4 
1.75506 -5 4.96901 -0.0971188 0.354485 -0.0890722 3.90943 22 670 23825 23824 1 0 0 1 
-3.03192 -1.85177 5 -0.164917 0.310061 -0.212908 3.96224 22 671 9945 9737 1 1.86924 1.86924 6 
4.22919 -5 -3.95799 -0.0901911 0.381541 -0.241271 3.96182 22 672 7995 7994 1 0.418196 0.418196 25 
1.78776 -5 -3.04525 -0.303102 0.33562 -0.0700162 3.87331 22 673 6784 6453 1 0 0 2 
1.14651 -2.54293 5 -0.229723 0.258779 -0.376006 4.12308 22 674 7405 7404 1 0.275452 0.275452 4 
0.992111 -5 -1.53502 -0.695041 0.685179 0.65161 3.79657 22 675 33317 33294 1 0 0 2 
2.81823 3.98174 5 -0.0272141 0.156687 -0.361174 4.05838 22 676 19106 19105 1 0 0 1 
-0.928106 -3.63358 -5 -0.11879 0.463942 0.178233 3.81165 22 677 18518 18485 1 0.0434392 0.0434392 3 
-3.30913 -5 -1.73492 -0.349945 0.36511 -0.15511 3.8319 22 678 8654 6056 1 0 0 3 
5 -1.32881 0.0603783 -0.335543 0.315059 -0.284354 3.94702 22 679 24956 24888 1 0 0 1 
5 0.846013 -0.327043 -0.252198 0.449536 0.156296 3.82702 22 680 29308 28600 1 0.613118 0.613118 30 
3.29353 -5 0.832548 0.132268 0.0607796 -0.176532 3.88156 22 681 6867 6733 1 0.232153 0.232153 38 
-2.13485 3.43388 5 -0.228108 0.242929 -0.387392 4.22048 22 682 24206 24205 1 0 0 1 
-3.68637 -5 0.133525 0.174694 0.097321 0.0575658 3.9998 22 683 7636 7634 1 0 0 1 
0.90967 -5 -1.83171 -0.12294 0.267936 -0.12617 3.92466 22 684 6512 6370 1 1.22834 1.22834 9 
-1.68404 3.12582 5 -0.218092 0.376153 -0.248813 4.025 22 685 23549 23525 1 0 0 1 
4.624 -5 4.66459 -1.03429 2.73483 -0.217628 4.89996 22 686 40592 40530 1 0 0 1 
1.96068 -1.7828 5 0.121209 -0.0744042 -0.289514 3.88943 22 687 4805 4804 1 0.0733722 0.0733722 2 
4.50442 -5 2.81016 -0.110135 0.231526 0.0173609 3.86148 22 689 21263 21237 1 0.315847 0.315847 7 
0.619617 -5 0.259534 -0.378133 0.547984 -0.0173155 3.87276 22 690 6978 6790 1 0 0 1 
-3.65251 -5 4.35442 -0.287886 0.204532 -0.0416288 4.00423 22 691 2651 2608 1 0.35716 0.35716 23 
4.663 -5 -3.51067 -0.248084 0.306232 0.057933 3.90285 22 692 38096 38070 1 0 0 3 
4.18247 -5 1.0187 -0.22094 0.602282 -0.18928 4.05967 22 695 7284 7282 1 0 0 2 
-5 -4.0779 2.56904 0.10226 0.324444 0.00778502 4.17376 22 696 24831 24827 1 0 0 1 
1.60454 -5 3.27501 -0.783407 1.18133 -0.380968 3.88536 22 697 1781 1736 1 0.301898 0.301898 12 
1.10187 1.24225 5 0.119714 0.167212 -0.133962 3.87265 22 698 13383 13241 1 0 0 2 
2.9893 -5 -1.84345 -0.196095 0.198453 -0.0268137 3.89429 22 699 4522 4521 1 0.029138 0.029138 8 
0.686205 -5 -1.91823 0.14228 0.546335 -0.410146 4.12366 22 700 1042 1030 1 0 0 2 
5 -0.137802 -0.285827 -0.267681 0.434861 0.0190508 3.84071 22 701 12542 12523 1 0 0 2 
4.61791 -5 -4.51664 -0.227235 0.450953 -0.0782668 3.85588 22 702 4318 4317 1 0 0 3 
-1.41275 -5 1.06396 -0.14764 0.291038 0.360188 3.79307 22 703 6695 6666 1 1.31888 1.31888 11 
2.95608 4.76391 -5 -0.238223 0.981756 1.28475 3.77459 22 704 18564 18527 1 0.586162 0.586162 52 
4.36437 -5 3.53813 -0.257927 1.27196 0.428376 3.81069 22 705 2804 2708 1 0 0 1 
1.74065 -5 2.21517 0.0991402 0.404307 0.0170611 3.83453 22 706 2088 2056 1 0 0 1 
3.55538 -5 3.54981 -0.253039 0.206308 -0.12245 3.82675 22 707 10700 10681 1 0.12549 0.12549 4 
5 4.71978 4.06355 -0.277147 0.429189 0.0102877 3.9131 22 708 8196 8195 1 1.61639 1.61639 42 
-4.24067 -5 -1.79939 -2.46223 5.38734 6.2618 3.79101 22 710 15620 15474 1 0 0 2 
0.882115 -5 -1.8208 -21.0693 28.3557 -5.71111 8.33435 2112 712 7035 6970 1 0 0 1 
3.16104 -1.06736 5 0.0318501 0.0965789 -0.439117 4.24735 22 713 21196 21195 1 0 0 1 
-1.98286 3.54598 -5 -0.126818 0.270901 0.414307 3.77888 22 714 21173 21172 1 0.510742 0.510742 18 
-4.14356 -5 4.46158 0.0522719 0.223959 0.243227 3.81818 22 716 13755 13622 1 0 0 3 
2.08268 -5 3.15793 -0.278602 0.398833 -0.15631 3.95292 22 717 8219 8169 1 0.352459 0.352459 58 
-4.49767 -5 0.0419414 -0.29052 0.84992 -0.574528 3.97705 22 719 17225 17139 1 0 0 2 
5 -4.97301 3.77987 -0.123575 0.3173 0.379378 3.80127 22 720 5194 5045 1 0 0 2 
5 -1.9528 -2.93286 -0.184855 0.25883 0.136951 3.80832 22 721 17004 17003 1 0 0 3 
-1.20395 3.35695 -5 -0.0505636 0.587518 0.82178 3.75835 22 722 10259 10152 1 0 0 2 
-1.3585 2.34482 5 -0.140108 0.193702 -0.152431 4.15003 22 724 27337 26659 1 0 0 3 
0.132924 -5 2.28769 -0.260528 0.390234 -0.202392 3.9598 22 725 21160 21157 1 0 0 2 
4.1678 3.55342 5 -0.21367 0.0931338 -0.254884 4.08525 22 726 52100 52099 1 0 0 1 
-3.11627 -3.46777 -5 -0.346746 0.347051 0.648971 3.76236 22 727 1279 1262 1 0.0527277 0.0527277 5 
2.59332 0.394942 -5 -0.0995527 0.320973 0.233619 3.78653 22 728 3265 3264 1 0 0 2 
-1.56911 -5 3.54614 0.0646925 0.285562 -0.197482 3.95876 22 729 8718 8602 1 0.35275 0.35275 32 
-2.33999 -5 4.88863 -0.0559408 0.725557 -0.427846 3.96048 22 730 9123 9122 1 0.208017 0.208017 5 
-4.41511 -5 -3.32935 -1.39969 1.7525 -0.183232 3.79089 22 731 9232 9160 1 0.0507745 0.0507745 10 
5 1.65066 4.76091 -0.223325 -0.0398742 -0.107491 4.09006 22 732 8062 8012 1 0.105044 0.105044 2 
3.4744 -5 4.28917 -0.0794093 0.454046 0.220582 3.88823 22 733 8472 8471 1 0 0 1 
4.48847 -5 -0.0853274 -0.531084 3.91317 -0.170157 3.87676 22 734 5165 5099 1 0 0 2 
-2.2042 -5 -3.60425 0.0451407 0.117399 -0.100625 3.89197 22 736 17573 17572 1 0.834939 0.834939 15 
5 -4.12379 0.956415 -0.305211 0.120849 0.131516 3.854 22 737 4020 2920 1 0.353295 0.353295 27 
-0.580977 -5 -0.489577 -0.224957 0.270869 -0.37033 4.04853 22 738 2732 2731 1 0 0 1 
-0.74 -5 -1.91356 0.016008 0.18378 -0.0628454 3.86557 22 739 6706 6682 1 0.211425 0.211425 26 
-3.10039 -5 -1.01668 -0.350514 0.46406 0.460079 3.80339 22 741 17302 17200 1 0 0 2 
5 3.94809 -3.09563 -0.126973 0.341897 -0.171201 4.02394 22 743 25441 25439 1 0 0 1 
5 -2.40248 3.28516 -0.186305 0.398149 -0.260552 3.96458 22 744 20761 20732 1 0 0 1 
3.03901 0.940761 -5 -1.68416 2.7155 2.25852 3.80385 22 745 16719 16656 1 0 0 1 
0.140713 -5 -0.673623 -0.0367325 0.406496 -0.134453 3.83954 22 746 17219 17160 1 0.429167 0.429167 34 
0.537905 -5 -4.39793 -0.116718 0.53456 -0.0318981 3.84548 22 747 15979 15926 1 0 0 2 
5 -2.9815 4.3524 -0.0981479 0.190545 0.0860673 3.85504 22 749 13422 13062 1 0 0 2 
-2.10074 -5 -0.593758 0.140648 0.151838 0.00141938 3.94832 22 752 9561 9560 1 0.206824 0.206824 10 
-2.12178 -5 3.59965 -0.1779 0.416236 -0.237105 3.98001 22 753 37633 37632 1 0 0 2 
-2.61695 -5 4.48391 -0.0165589 0.170445 -0.229752 4.23234 22 755 5491 5466 1 0.329981 0.329981 37 
-1.13845 -5 -4.77589 -0.355269 0.0659894 0.130214 3.82831 22 756 30212 30007 1 0 0 1 
5 -4.4875 4.58162 -0.0804852 0.477915 0.161984 3.8456 22 758 1423 1420 1 0.963192 0.963192 29 
2.36968 -5 3.95376 -0.227948 0.455656 0.0392116 3.90649 22 759 40558 40555 1 0.0342763 0.0342763 2 
3.27728 -5 3.58568 -0.272926 0.291726 -0.113158 3.91348 22 760 10493 10070 1 0 0 3 
0.473101 -5 3.01313 -0.147089 0.337951 -0.133354 3.98427 22 761 9233 9182 1 0 0 2 
-2.39957 -5 -3.78303 0.100439 0.175741 0.0397925 4.13985 22 763 12723 12722 1 0.205938 0.205938 25 
4.3114 -5 4.46478 -0.211221 0.464133 0.0329536 3.88707 22 764 2028 1999 1 0 0 3 
2.27063 -5 -4.53875 -0.113662 0.282944 0.17435 3.80924 22 765 27597 27594 1 0.77005 0.77005 39 
5 3.1507 -3.55679 -0.535222 1.08307 0.788308 3.80908 22 766 8122 8056 1 0 0 6 
5 0.743272 2.12894 -0.267198 0.55965 0.255763 3.84651 22 767 2637 2616 1 0.404102 0.404102 31 
3.8642 -5 -0.698538 -0.142693 0.454486 -0.184936 3.86969 22 768 8122 8121 1 0.698264 0.698264 6 
5 -2.65699 -2.29758 -0.160611 0.21244 -0.125672 3.99761 22 769 11107 10741 1 0 0 2 
5 -1.77631 4.55729 -2.3257 2.90181 2.4812 3.81272 22 773 8110 8069 1 0 0 5 
-1.89605 4.94365 -5 -6.26986 29.714 25.0182 10.4883 2112 774 22358 22239 1 0 0 1 
4.26636 -2.5181 5 -0.286578 0.30384 -0.294405 3.98137 22 775 32812 32811 1 0.0968239 0.0968239 2 
-3.22454 -0.164863 -5 -0.137099 0.377119 0.188914 3.80549 22 776 10112 10015 1 1.04924 1.04924 68 
0.869931 -5 2.9429 -0.220691 0.383365 0.255825 3.84709 22 777 15176 15175 1 0 0 3 
-3.93108 -5 1.62371 0.0640543 0.362021 -0.126466 4.00522 22 778 8627 8606 1 0.388323 0.388323 32 
2.64024 4.70165 5 0.0107652 0.448518 -0.244612 4.03 22 780 37969 37947 1 0 0 2 
3.31222 -4.77605 5 -0.0840347 0.195814 -0.233813 4.06483 22 781 6054 6053 1 0 0 1 
5 4.05382 -1.6422 -0.0866186 0.331339 0.379252 3.78922 22 782 10223 10198 1 1.00222 1.00222 9 
5 -2.00875 3.75988 -0.403661 0.0930797 -0.155626 4.12875 22 783 25333 25332 1 0.165121 0.165121 34 
5 -0.647872 1.55054 -1.15698 -0.033105 -0.612895 4.04494 22 784 16251 16250 1 0 0 2 
3.11081 -5 3.16899 -0.545919 1.61416 3.23467 3.77928 22 785 13083 13056 1 0.370155 0.370155 24 
1.82005 -5 1.62183 0.0910861 0.499913 -0.0539469 3.9108 22 786 5243 5211 1 0 0 1 
1.06351 -5 0.813637 -0.439339 0.391563 -0.63524 3.88903 22 787 5827 5826 1 0 0 3 
5 -4.59872 4.38398 -0.337088 0.116985 -0.0239584 3.87674 22 788 2214 2192 1 0.263176 0.263176 32 
-1.41254 -5 0.51913 -0.28079 0.548308 -0.0881193 3.93721 22 789 5076 5073 1 0.622134 0.622134 14 
-3.58936 -4.54413 5 -0.114935 0.205243 -0.453636 4.21075 22 790 3974 3972 1 0 0 1 
-2.37357 -5 4.26526 -1.05875 1.52787 1.55427 3.81068 22 791 48342 47799 1 0 0 1 
-0.832026 -4.2629 -5 -0.823147 0.941045 0.542087 3.88891 22 792 4967 4966 1 0.126209 0.126209 3 
0.541708 -5 -0.999881 -0.282767 0.424506 -0.0309453 3.86437 22 795 8751 8750 1 0 0 2 
-2.71389 -5 2.90316 -0.390246 0.92726 -0.0559936 3.91124 22 796 1002 1 1 0 0 1 
-2.60265 -5 2.02925 0.038908 0.388003 0.0623732 3.82546 22 797 40493 40254 1 0 0 2 
5 4.79119 -0.293404 -0.144477 -0.0438054 -0.258014 4.14922 22 798 32857 32795 1 0 0 4 
4.68458 -5 3.20724 -0.0370473 0.387575 0.125612 3.80515 22 799 45262 45259 1 0 0 2 
0.373761 -5 4.647 -0.0775512 0.189822 0.210724 3.94407 22 804 5106 5105 1 0 0 2 
5 -2.88755 -1.79325 -0.266226 0.706147 0.103833 3.79958 22 805 17976 17642 1 0 0 1 
-0.105831 -5 -0.810858 -0.170177 0.293906 0.243817 3.76924 22 806 21196 21175 1 0 0 2 
-4.33231 -5 -3.51244 -0.171728 0.106026 0.176138 3.80733 22 807 6892 6891 1 0.510434 0.510434 33 
1.70386 -5 2.57083 -0.274779 0.326024 0.193324 3.86837 22 809 13060 13059 1 0.46789 0.46789 22 
5 -1.20367 2.8763 -0.25903 0.322452 -0.174005 3.93695 22 810 21428 21427 1 0 0 2 
-1.69466 -5 1.54581 -0.222185 0.254983 -0.0726357 4.00215 22 811 9695 9692 1 0 0 1 
1.63526 -5 1.31487 -0.0403158 0.365373 0.222208 3.83682 22 814 4416 4355 1 0 0 2 
1.00566 -5 4.8105 -0.55513 0.17253 0.426579 3.85038 22 816 20677 20652 1 0 0 7 
-0.727658 -3.96634 5 -0.302649 0.378865 -0.161198 3.90995 22 817 5421 5393 1 1.1023 1.1023 6 
1.74862 -5 4.44779 -0.83943 0.90233 1.38179 3.81145 22 818 34524 34486 1 0 0 3 
4.37175 -0.000194154 -5 -0.167424 0.107766 0.265678 3.85104 22 819 10936 10934 1 0.571068 0.571068 22 
3.24052 -5 -0.931091 -0.152825 0.163111 0.10856 3.7974 22 820 3559 3508 1 0.120123 0.120123 7 
2.2848 -5 1.90727 -0.304672 0.39014 -0.126831 3.93034 22 821 11262 11239 1 0.974025 0.974025 44 
3.62549 -5 -3.68445 -0.0763464 0.332414 -0.380516 4.14323 22 823 9124 9123 1 0 0 2 
0.812843 -5 1.1675 -0.0668018 0.177781 -0.137745 3.96545 22 824 11177 10798 1 0.234228 0.234228 30 
5 -3.06909 -4.44734 -0.0951773 0.28926 0.225602 4.08185 22 825 15597 15366 1 0 0 3 
-3.10117 -5 -4.51859 -0.000195209 0.358218 0.0196051 3.91943 22 827 3239 3238 1 0 0 2 
-4.01536 -4.17509 -5 -0.170586 0.142797 0.343165 3.75851 22 828 37770 37572 1 0.408639 0.408639 23 
-1.61343 -5 -4.88097 -0.549515 0.81821 -0.326383 3.86894 22 830 24743 24677 1 0 0 3 
-3.20213 3.64746 5 -0.604344 1.34835 -1.01141 4.04132 22 831 18518 18517 1 0 0 2 
-3.72966 2.53255 5 -0.154635 0.464631 -0.146033 3.94782 22 832 17167 17166 1 0 0 5 
-3.03091 -4.5638 -5 -0.57003 2.5054 0.457683 3.86939 22 833 41692 41691 1 0.494791 0.494791 2 
-2.45757 -0.945237 -5 -0.19776 0.594466 0.538451 3.80393 22 834 10298 10297 1 0 0 1 
5 4.15236 2.43511 -0.211031 0.402045 0.234405 3.87923 22 835 11352 11329 1 0 0 1 
5 -2.34146 -3.48827 -0.135315 0.376673 0.276993 3.81469 22 836 12071 12070 1 0.302516 0.302516 4 
5 -0.622029 -0.613728 -2.23211 5.16035 -6.82664 4.12948 22 837 4196 4169 1 0 0 2 
-4.32215 -5 0.214972 -0.209347 0.20539 0.412374 3.77035 22 838 12207 12203 1 0 0 2 
0.0959587 -5 -4.8328 -0.629354 0.558863 0.353376 3.77023 22 840 50441 50368 1 0.284435 0.284435 2 
-1.55846 0.332205 -5 -0.0775272 1.77671 0.393876 3.84358 22 842 1002 1 1 0 0 2 
0.797374 2.04583 5 -0.205429 0.0889945 -0.260699 3.9929 22 843 10942 10941 1 0.510826 0.510826 22 
5 -1.79458 2.77824 -0.443437 0.252578 -0.0262372 3.96167 22 844 13482 13480 1 0 0 1 
5 -1.87695 -2.94773 -2.27126 0.228287 0.383843 3.84286 22 845 18331 18330 1 1.94426 1.94426 44 
5 1.42158 -4.25424 -0.459957 0.914227 0.632258 3.81179 22 846 5378 5255 1 1.19221 1.19221 6 
3.1549 4.53821 -5 0.00415452 0.212597 0.262464 3.80125 22 847 17124 16344 1 0 0 1 
2.39943 0.539003 5 -0.281199 0.0786427 -0.41936 3.91617 22 850 2237 2236 1 0 0 1 
5 3.82036 1.87061 -0.886563 0.865152 -0.348582 3.97354 22 852 7329 7328 1 0 0 2 
4.51067 -5 2.82434 -0.397603 0.684847 0.154405 3.88135 22 853 21832 21807 1 0.337859 0.337859 4 
4.28645 2.90102 5 -0.151486 0.348155 -0.341994 4.06563 22 854 27871 27870 1 0 0 2 
5 -1.17356 2.6603 -0.254495 0.510499 0.0668072 3.84575 22 855 4186 4127 1 0.223534 0.223534 30 
-3.18112 4.05338 5 -0.273309 0.412337 -0.128062 3.94127 22 858 12413 12393 1 0 0 5 
0.217952 0.426546 5 -0.262146 0.279313 -0.200589 3.86432 22 859 36361 36050 1 0 0 2 
1.95759 -5 -3.91533 -0.169535 0.152032 0.0875545 3.8438 22 860 19640 19607 1 0.352947 0.352947 25 
-0.898583 -5 -3.18178 -0.191482 0.426127 -0.150357 3.88863 22 861 2201 2132 1 0.100061 0.100061 5 
2.52152 4.70178 -5 -0.0287658 -0.0450475 0.17878 3.8636 22 862 5000 4879 1 0.198571 0.198571 31 
-3.48848 -5 2.02115 0.0694933 0.148195 -0.132906 3.99521 22 863 49070 48874 1 0.210551 0.210551 19 
5 2.15752 -0.871064 -0.351858 0.857735 1.18649 3.77792 22 865 34410 34110 1 1.48389 1.48389 22 
5 1.84521 -3.07829 -0.260671 0.439507 0.00209635 3.90256 22 868 13324 13289 1 0 0 2 
2.07749 -5 3.98043 -0.225109 0.235238 0.00170468 3.83622 22 869 6573 4182 1 0.325283 0.325283 24 
-2.71355 -1.02553 -5 -0.616555 1.07029 0.444609 3.82877 22 870 1909 1811 1 0 0 3 
1.65767 -5 -0.874384 -0.304237 0.152997 -0.0569637 4.24855 22 872 34382 34316 1 0 0 1 
-3.46241 5 3.36304 0.00360568 -0.0292739 0.00411894 3.92775 22 873 48936 48924 1 0.0297111 0.0297111 6 
3.91473 -5 3.65197 -0.0521215 0.230825 -0.021122 3.95663 22 874 36816 36716 1 0.925802 0.925802 46 
-1.84493 -3.62499 -5 -0.848124 1.68853 0.459513 3.83542 22 875 2811 2810 1 0 0 3 
5 1.587 -4.65098 -0.186221 0.274303 0.319445 3.77794 22 876 9901 9791 1 0 0 7 
-4.79514 -5 2.09176 -0.356054 0.363396 -0.0478403 3.93406 22 877 5090 5089 1 0.106206 0.106206 4 
2.62241 -4.70261 -5 -0.467012 0.132383 0.15967 3.85962 22 878 6179 6178 1 0.653799 0.653799 30 
-1.56961 -5 -2.61775 -0.234761 0.327539 0.119214 3.84122 22 879 11551 11526 1 0.476941 0.476941 5 
-3.95837 1.58673 5 -0.0801773 0.234408 -0.287023 4.00594 22 880 5058 5035 1 5.64277 5.64277 40 
3.45197 -5 0.447457 -0.882741 1.54003 -0.00178723 3.84946 22 881 23742 23690 1 0.632945 0.632945 2 
3.20809 -5 1.70934 -0.382233 1.15417 0.961849 3.83029 22 882 50393 50270 1 0 0 2 
5 4.05839 -2.93657 -0.342618 0.195486 -0.00723709 3.9109 22 883 23473 23472 1 0 0 1 
2.56164 -5 1.04876 -0.221937 0.36609 0.0368646 3.87124 22 884 12069 12067 1 0.119487 0.119487 12 
-0.859708 -5 -2.65384 -0.453574 0.225588 0.0670877 3.87167 22 886 19933 19932 1 0.0787741 0.0787741 4 
5 -4.20818 -1.65477 -0.0282003 0.159052 0.103159 3.87859 22 888 5182 5178 1 9.01835 9.01835 27 
1.19375 -3.07008 -5 -0.109319 0.0618369 0.268824 3.76875 22 889 20877 20449 1 0 0 1 
5 -1.32549 -3.37115 -0.912787 2.23758 -1.33808 3.94939 22 890 24165 24163 1 0 0 1 
-4.57327 -5 4.96569 -0.148817 0.242289 0.43247 3.79895 22 891 4590 4529 1 0 0 4 
1.22239 -5 -2.05902 -0.472072 0.704697 0.135193 3.86311 22 892 5206 5181 1 0.0274284 0.0274284 7 
5 4.56788 -4.14689 -1.12017 2.34877 -0.697804 3.89838 22 893 12217 12046 1 0 0 2 
5 2.02558 0.0318842 -0.188547 0.548109 0.540852 3.80515 22 894 1072 1 1 0 0 2 
-4.08851 -5 3.60009 -0.265433 0.394055 -0.188112 3.97105 22 895 4662 4661 1 0 0 5 
-2.35592 -0.992566 5 -0.267486 0.674028 -0.27368 3.9122 22 896 14375 14336 1 0 0 1 
-2.5359 -5 3.10809 -1.24206 1.16856 -0.513464 3.87384 22 897 5471 5380 1 0 0 1 
5 1.55802 2.19843 -0.547641 0.238436 0.270824 3.84101 22 898 29538 29494 1 0 0 1 
2.08822 -5 1.90454 -0.375076 0.181699 -0.295675 3.98672 22 899 45373 45330 1 0 0 2 
1.68409 -5 -2.07092 0.0584223 0.616872 -0.596179 4.05278 22 900 8460 8429 1 0 0 1 
-4.83487 -5 -4.44746 -0.240179 0.12564 -0.265957 4.06353 22 901 25111 25094 1 0 0 3 
5 4.60713 -2.17647 -0.0477033 0.194838 0.0566331 4.01238 22 902 18735 18672 1 0.242107 0.242107 26 
-0.774935 -5 -4.07468 -0.619973 1.91198 0.66737 3.85357 22 903 4386 4338 1 0 0 3 
2.81078 -0.319807 5 -0.227632 0.469722 -0.130389 3.86806 22 904 18496 18456 1 0 0 5 
2.56947 -5 3.1314 -0.122052 0.494242 -0.0441355 3.91968 22 905 19610 19571 1 0 0 1 
0.621726 -5 -0.856348 -0.274781 0.659333 -0.0537198 3.85015 22 908 22393 22237 1 0 0 1 
-1.00792 -5 -3.00804 -0.137239 0.353544 -0.0618894 3.86774 22 911 9602 9244 1 0 0 2 
0.287794 -1.15477 -5 -1.94316 3.44372 3.53031 3.75715 22 912 2520 2519 1 0.0983764 0.0983764 5 
-1.95836 -5 2.08162 -0.300844 0.413038 0.00349041 3.89312 22 915 34970 34949 1 0.254924 0.254924 2 
-5 4.37387 4.76825 0.134813 0.265203 -0.0300762 4.17089 22 917 2660 2637 1 1.06292 1.06292 7 
-0.15169 -5 1.71112 -0.377931 0.472351 -0.0693945 4.01483 22 918 10376 10276 1 0 0 3 
-3.24118 -5 -2.47964 -0.75791 0.667913 -0.000421928 3.89106 22 919 42934 42933 1 0 0 4 
-3.79882 -3.0966 5 0.323902 0.0244516 -0.639652 4.05937 22 921 38882 38789 1 0 0 2 
5 -2.74051 -1.27487 -0.227227 0.157 -0.301748 4.06995 22 922 18263 18262 1 0.282927 0.282927 25 
-0.121487 -3.80979 5 -0.264949 0.475686 -0.161274 3.90689 22 923 14006 13844 1 0.477317 0.477317 14 
5 -4.69977 1.97562 -0.143734 0.482974 -0.0848304 3.91616 22 924 18273 18272 1 0 0 4 
5 0.143195 0.341269 -0.151709 0.545858 -0.735555 4.15414 22 925 21523 21480 1 1.05449 1.05449 29 
3.1955 -3.307 -5 -0.109019 0.0278781 0.152561 3.82765 22 926 32729 32728 1 0.188987 0.188987 33 
-1.54038 0.0220689 5 -0.304399 0.387998 -0.508027 4.04089 22 927 15859 15837 1 0 0 1 
0.752923 -5 -0.115273 -0.112303 0.29136 0.32293 3.80786 22 928 20305 20232 1 0 0 2 
-3.46756 1.66782 5 -0.0975221 0.220228 -0.177774 4.01247 22 929 35342 35115 1 0 0 1 
0.335177 -5 4.74507 -2.64793 3.65925 0.29436 3.81959 11 930 17249 17240 1 3.65719 3.65719 22 
5 1.29405 3.4782 -0.115472 0.231698 0.285951 3.87079 22 931 20457 20455 1 0 0 3 
-0.875078 -5 4.03301 -0.131354 0.321075 0.129221 3.84096 22 932 39948 39944 1 0.369847 0.369847 19 
5 3.86416 -3.65214 -0.166149 -0.0296169 -0.104352 3.85261 22 933 8782 8781 1 0.206665 0.206665 24 
2.12172 -5 2.08486 -0.047449 0.346733 -0.0649275 3.84456 22 934 24087 24083 1 0 0 1 
5 3.96309 -2.44354 -0.674105 1.23556 1.8501 3.77282 22 935 35714 35641 1 0.239551 0.239551 25 
-3.14257 -5 -2.9424 -1.18359 1.49946 0.701188 3.8204 22 936 43150 43148 1 0 0 1 
-0.307059 -5 -3.11155 -0.128378 0.386859 -0.308186 4.07048 22 937 29625 29622 1 0.262541 0.262541 25 
5 4.19507 0.501593 -0.362392 0.319776 -0.165937 4.13287 22 938 41654 41625 1 0 0 2 
-1.99945 -5 -3.62021 -0.400798 0.21544 -0.232522 3.9809 22 939 35217 35216 1 0.353636 0.353636 13 
-2.90181 -5 -4.23354 -0.360406 0.864144 1.38205 3.75804 22 940 16779 16766 1 0.0535634 0.0535634 4 
-3.54066 -5 2.55241 -0.803448 1.49788 0.894117 3.81564 22 941 12717 12652 1 0 0 3 
5 -1.7958 0.743177 -0.521563 0.397318 -0.954432 4.18902 22 942 24195 24156 1 0 0 4 
-3.9461 -4.99377 5 -0.638215 0.292045 -0.274754 3.88925 22 944 11532 11454 1 0 0 1 
5 2.15836 -4.37198 -0.317837 0.24483 -0.316477 4.03694 22 946 6949 6917 1 0 0 1 
-0.26385 -5 3.27052 -0.290963 0.101584 -0.117058 3.9592 22 948 42074 42045 1 0 0 2 
5 -3.23572 0.185853 -0.106616 0.478277 -0.000821493 3.95136 22 950 4478 4270 1 0 0 1 
1.63664 1.14045 -5 -0.718097 1.58454 2.07028 3.77467 22 951 25825 25725 1 0 0 1 
-0.496357 -5 3.16726 -0.069089 0.243763 -0.53441 4.17182 22 952 2451 2339 1 0 0 1 
5 -0.789329 3.29096 -0.173171 0.910904 -0.397959 3.92315 22 953 35359 35259 1 0 0 1 
-0.925138 0.071217 -5 -0.181326 -0.353341 0.321545 3.78197 22 954 1196 1194 1 2.12113 2.12113 32 
2.07597 -0.517306 5 -0.18543 0.471508 -0.0664528 3.91258 22 955 7822 7798 1 0 0 2 
5 -2.86908 -3.34473 -1.35175 1.45161 -0.332184 3.84264 22 956 5169 5167 1 0 0 3 
-5 3.56637 -0.539299 0.110488 -0.108725 -0.176393 4.23745 22 957 53047 53046 1 0.481994 0.481994 33 
-1.39583 -5 0.229459 -0.151653 0.171022 -0.266124 4.02858 22 958 15644 15616 1 0 0 1 
-2.88479 -2.26656 5 -0.0274437 0.154923 -0.185908 4.05166 22 959 6827 6701 1 0 0 5 
-2.45606 -5 3.34345 -0.29529 0.421698 -0.166276 4.09368 22 960 6828 6784 1 0 0 3 
1.76954 -4.33734 -5 -0.467206 0.346442 0.212445 3.80353 22 961 5633 1 1 0 0 3 
1.91744 -1.19793 -5 0.000527529 0.281708 0.290566 3.77839 22 963 13697 13323 1 0 0 2 
5 4.59365 0.393513 -0.288505 0.926763 0.951428 3.80295 22 964 26588 19305 1 0 0 3 
5 2.0625 4.8037 -0.116813 0.331747 -0.337698 4.0194 22 965 9054 8959 1 0 0 3 
5 -3.66681 -2.24159 -15.8295 34.1985 3.73524 7.87027 2112 966 48753 48715 1 0.00560287 0.00560287 1 
3.33796 -5 -0.82733 -0.0300324 0.14875 0.100483 3.794 22 967 22866 22558 1 0.51815 0.51815 63 
-2.93281 -5 3.79887 -0.192135 0.354742 0.313628 3.81776 22 970 19628 19627 1 0.228433 0.228433 4 
-2.66765 -2.98559 5 0.0553261 0.463266 -0.208431 3.9163 22 971 29170 29140 1 0.510533 0.510533 29 
5 0.181678 2.52282 -0.170437 -0.189459 -0.0906037 3.91139 22 972 1385 1338 1 1.41246 1.41246 23 
-0.899402 3.84317 -5 -0.224142 -0.134994 0.075667 3.988 22 973 34931 34930 1 0 0 3 
-2.90902 1.80549 -5 -0.782467 2.13695 1.48589 3.78742 22 974 9626 9559 1 0.432898 0.432898 5 
1.30496 -5 -4.02261 -0.0238071 0.355324 0.07163 3.80487 22 975 4780 4683 1 4.25182 4.25182 50 
-3.117 -5 1.22122 -0.0348926 0.324775 -0.0452391 3.88386 22 976 10697 10349 1 0 0 2 
-1.01731 -5 -2.20859 -0.250657 0.404032 -0.187214 3.98686 22 977 11756 11755 1 0.285393 0.285393 4 
-3.86676 -0.93707 -5 -0.891556 1.34147 1.70601 3.78676 22 978 4509 4339 1 0.434095 0.434095 18 
-2.21215 -4.26796 5 -0.406586 0.38584 -0.570857 4.16529 22 979 15647 15587 1 0 0 2 
2.5152 -5 -3.9448 -1.01481 1.24712 2.90735 3.75396 22 980 27470 27218 1 0.236251 0.236251 12 
0.463371 -5 0.411089 -0.470304 0.443019 0.3735 3.82953 22 981 31753 30149 1 0 0 1 
-4.13247 -5 -4.57126 -0.586959 0.669017 0.133376 3.83199 22 982 2529 2528 1 0.727148 0.727148 56 
3.22159 2.52982 -5 -3.43595 7.00514 4.85647 3.79041 22 983 6051 5950 1 0 0 2 
-2.04429 -5 3.21637 -0.13841 0.460521 -0.172868 3.96426 22 984 21074 21073 1 0 0 3 
3.60983 -5 1.862 -0.142295 0.313392 0.248939 3.82775 22 985 32891 32890 1 0 0 1 
-3.20973 -5 1.77785 0.0813736 0.278163 -0.172003 4.02322 22 986 14351 14350 1 0 0 2 
-3.42377 -5 0.194668 -0.255258 0.285696 -0.308839 4.09307 22 987 19124 19123 1 0.276302 0.276302 14 
5 0.385728 -3.58079 -0.110065 0.228366 0.28812 3.76943 22 988 14419 14179 1 0 0 3 
-1.0885 -5 -1.94489 -0.22165 0.506557 0.225643 3.80601 22 990 7397 7340 1 0.3262 0.3262 18 
5 4.14823 -2.61963 -0.440514 0.723778 0.118975 3.89709 22 991 16417 16338 1 0 0 2 
2.94035 -5 4.88663 -0.207794 0.00725305 0.266659 3.84449 22 992 19429 19408 1 0.0292897 0.0292897 17 
2.48762 -5 4.77912 -0.190982 0.349813 -0.0131858 3.88295 22 993 33994 33993 1 0 0 1 
5 2.66245 -3.42213 -0.886776 2.18223 1.62692 3.80833 22 994 5003 4987 1 0 0 2 
3.42235 -5 3.58539 -0.0799617 0.234545 -0.130246 4.09062 22 995 20627 20626 1 0 0 1 
1.30111 -5 -3.7987 -0.199289 0.291083 0.110291 3.80383 22 996 38287 38149 1 0 0 1 
4.57093 -4.79543 5 -0.143981 0.269485 -0.356853 4.29748 22 998 5777 5776 1 0 0 3 
-0.759567 -2.80633 5 0.21392 0.055304 -0.46076 3.93296 22 999 9909 9894 1 0 0 4 
-3.34052 -5 2.50328 -0.995986 1.20616 -0.317266 3.88084 22 1000 14545 14544 1 0.597229 0.597229 27 
