# Det3_10_14
#x y z Px Py Pz t PDGid EventID TrackID ParentID Weight Edep VisibleEdep Ntracks
3.09557 -5 0.406089 -0.0415333 0.360038 -0.360233 4.29886 22 1 11218 11217 1 0 0 3 
-0.912278 -5 -4.80489 -0.116098 0.131367 -0.164186 4.00326 22 2 33379 33224 1 0 0 2 
5 -0.090379 -1.97043 -0.304473 0.819692 -0.623637 3.95372 22 3 22379 22353 1 0 0 1 
5 0.100182 3.23987 -0.129382 0.359721 0.339089 3.93309 22 5 1687 1668 1 0 0 1 
2.3653 -5 2.43081 -2.84163 3.76011 -2.7031 3.97838 22 6 2966 2910 1 4.70864 4.70864 9 
0.321952 4.32937 5 -0.114901 0.136086 -0.158848 4.04787 22 7 7747 7742 1 0 0 3 
5 -4.66319 -0.460759 -0.241691 0.316583 0.099783 3.95766 22 8 5118 5095 1 0 0 1 
0.488246 -5 1.06732 -0.119928 0.338964 -0.117368 4.02638 22 9 28530 28445 1 0 0 1 
5 0.664236 -0.418085 -0.23626 0.322822 -0.231862 4.22511 22 10 25428 25427 1 0 0 1 
1.66512 -5 -1.5708 -0.887278 1.46551 1.27403 3.85612 22 11 44697 44499 1 0 0 1 
-3.58223 -5 -4.12418 -0.12378 0.178963 -0.139122 4.07197 22 18 24537 24497 1 0.310435 0.310435 32 
-0.899856 -5 -1.28498 -0.423841 1.10885 1.03121 3.88492 22 19 35049 34993 1 0 0 1 
5 -1.84483 -2.06404 -1.96693 3.61314 -0.105415 3.89821 22 22 22904 22903 1 0.533149 0.533149 28 
5 -4.20817 4.25514 -0.122961 0.144438 0.276271 3.89235 22 23 3615 3526 1 0 0 2 
-0.663696 -0.537513 -5 -0.0758518 0.428334 0.336237 3.89218 22 24 3206 3113 1 0 0 6 
-3.93229 -4.52962 5 -0.188167 0.444018 -0.438386 4.20326 22 27 13459 13382 1 0 0 2 
1.17171 -5 -1.30657 -1.08762 1.65998 2.26608 3.8585 22 29 9972 9885 1 0 0 2 
-0.802168 -5 -3.80417 -0.237586 0.821734 -0.232989 4.15345 22 30 13102 13101 1 0.383523 0.383523 7 
-4.81113 0.0454393 -5 0.0934175 -0.00278793 0.112771 4.07612 22 32 2460 2459 1 0.320806 0.320806 27 
2.95214 -5 -0.909521 -0.488804 0.975223 1.94617 3.8416 22 33 9357 8535 1 0 0 4 
5 -4.81286 -0.281038 -1.43826 1.10974 0.244027 3.93074 22 34 2428 2363 1 0 0 3 
-2.8108 -4.42566 5 -0.244755 0.369931 -0.276777 4.08613 22 36 17263 17261 1 0.0746709 0.0746709 5 
-1.29566 -5 -0.541302 -2.29974 5.89857 0.277992 3.97299 22 38 19179 19120 1 0.0617115 0.0617115 3 
-4.21138 -5 -4.29644 -0.350849 0.293299 -0.126315 4.02218 22 39 48627 48596 1 0 0 1 
-0.870964 -5 1.15107 -0.349963 1.32016 1.64254 3.85197 22 40 13487 13018 1 0 0 3 
5 -3.59315 2.36219 -1.35622 1.14427 -1.38465 4.02891 22 41 36752 36660 1 0 0 2 
5 1.39402 4.23609 -0.104776 0.200809 -0.0930839 4.04788 22 42 23991 23990 1 0.287332 0.287332 3 
1.02967 -3.96182 -5 -1.01594 2.58823 3.76693 3.8434 22 45 34407 34374 1 0 0 1 
-1.89774 -5 -2.31176 -0.297515 0.336231 0.136837 3.93927 22 46 15596 14547 1 0.423705 0.423705 30 
5 -2.4978 -3.60004 -0.505559 0.140005 0.147594 3.9859 22 47 5508 5482 1 0.00973506 0.00973506 3 
-0.206794 -4.49164 -5 -0.167483 0.348663 0.333921 3.88946 22 48 40931 40897 1 0.204241 0.204241 3 
3.42279 -5 -1.74275 -0.0782307 0.504957 0.00427502 3.98188 22 49 19060 19059 1 0 0 2 
-4.87378 -5 -4.56859 -0.437352 0.491473 0.29553 3.90995 22 50 6461 6271 1 0.0165825 0.0165825 3 
4.93732 -0.121393 5 -0.18773 1.0449 -0.447414 4.06406 22 51 10140 10139 1 0 0 2 
0.495348 -5 -4.23317 -0.212233 0.461742 -0.053584 3.93034 22 52 8618 8617 1 0 0 1 
-2.02528 -5 -0.192082 0.183303 0.267293 0.118299 3.90985 22 54 50552 50539 1 0.1174 0.1174 2 
1.91737 -3.87143 -5 0.125373 0.0916796 0.253551 3.99144 22 55 17394 17354 1 0.124691 0.124691 2 
5 -1.66977 -3.76717 -0.1109 0.29274 -0.0601276 3.97384 22 56 34388 33896 1 0 0 1 
1.80692 -5 3.95935 -0.185867 0.225638 -0.166494 3.96487 22 57 18511 18403 1 0.0310044 0.0310044 3 
-4.143 -5 -4.30742 -0.282244 0.339501 -0.257288 4.30191 22 58 22455 22454 1 0 0 1 
-2.43892 -5 4.45271 -0.226146 0.21914 0.306323 4.07975 22 59 2108 2040 1 0.84092 0.84092 31 
4.60685 -5 -3.47116 0.0399798 0.460224 -0.195792 3.97629 22 60 3454 3430 1 0.501371 0.501371 24 
-3.54956 -1.20279 -5 -0.218377 0.557845 0.562053 3.87391 22 61 34322 34213 1 0 0 1 
-0.6008 -5 -0.228564 0.237473 0.445354 -0.0799174 3.97518 22 62 1025 1002 1 0 0 3 
3.94072 -5 -4.34212 -0.725082 0.980965 -1.14881 4.06805 22 63 14470 14381 1 0 0 1 
-2.42372 -5 -1.4215 0.0275071 0.405891 -0.0993525 3.98161 22 64 30843 30800 1 0 0 1 
5 -2.32546 2.10508 -0.249772 0.337071 -0.0763845 4.02831 22 65 33066 33065 1 0.42604 0.42604 24 
0.0673697 -5 -0.445672 0.0688908 0.196408 0.107527 3.94582 22 66 4401 4198 1 0.401753 0.401753 33 
-3.73201 -5 2.18057 -0.64007 0.916704 1.15366 3.89313 22 67 1130 1 1 0 0 1 
5 -4.80583 4.08111 -0.972039 1.46936 1.24962 3.8768 22 68 22379 22232 1 0 0 2 
2.27706 2.2627 -5 -0.159233 0.0213137 0.114264 4.03287 22 69 2429 2428 1 0.13712 0.13712 34 
-2.24956 0.370458 -5 -0.486633 0.0928041 0.12528 4.04439 22 70 7739 7738 1 0 0 3 
1.71389 -5 -1.08296 -0.204122 0.224585 -0.112055 3.95866 22 71 3415 2440 1 0.373679 0.373679 4 
4.56971 -5 4.16538 -0.130039 0.294385 -0.183182 3.93375 22 72 25429 25292 1 0 0 1 
1.6778 -5 3.30752 -0.224368 0.443419 0.277813 3.90636 22 73 35877 35501 1 0 0 2 
-0.591797 -2.47815 -5 -0.132711 0.395524 0.314945 3.93185 22 74 5535 5508 1 0.462336 0.462336 67 
4.19021 -4.97508 -5 -0.141191 0.156651 0.157279 4.09535 22 75 5077 5046 1 0.262668 0.262668 25 
-1.70596 -1.0032 5 -0.0888172 0.019112 -0.214768 4.24301 22 76 21052 21016 1 0.24083 0.24083 20 
4.54357 -5 4.36937 0.206787 0.251996 -0.162178 4.12161 22 77 6583 6581 1 0 0 2 
1.24289 -5 1.85706 -0.189827 0.564508 0.0122206 3.9661 22 79 18316 18193 1 0 0 2 
1.83197 -3.54483 5 -0.168429 0.341284 -0.100107 4.14005 22 80 1198 1197 1 0 0 3 
0.446412 -5 -3.55722 -0.254342 0.434944 0.431637 3.8784 22 81 28979 28978 1 0 0 2 
-3.38504 -5 0.453406 -0.110299 0.47662 0.147604 3.96256 22 82 25176 25141 1 0 0 1 
-2.08867 -5 3.96481 -0.237872 0.596141 -0.00815744 3.99929 22 83 30980 30954 1 0.154526 0.154526 3 
4.09793 1.37507 -5 -0.171645 0.382202 0.486468 3.83935 22 84 24943 24708 1 0.241834 0.241834 2 
3.18192 -5 -4.86793 0.0267818 0.109868 0.109636 3.90504 22 85 28315 28314 1 0.556129 0.556129 16 
5 -4.52407 1.47661 -0.340715 0.753841 -0.116701 3.96572 22 86 49611 49597 1 0.879675 0.879675 31 
-5 2.34167 -0.0197716 0.393941 0.0646192 0.318991 3.90368 22 87 3573 3572 1 0 0 1 
-5 -1.60041 0.452905 0.161016 0.118946 0.10206 4.21836 22 88 23784 23753 1 0 0 2 
5 -2.2481 3.78365 -0.0759569 0.465985 0.195471 3.97608 22 89 9162 9137 1 0 0 1 
5 1.40596 -3.46706 -0.211425 0.246683 -0.119267 4.00137 22 90 57467 55847 1 0 0 1 
-2.0989 -5 3.69414 -0.527112 1.4709 0.374183 3.9181 22 92 1380 1294 1 0 0 1 
-4.34852 -5 3.70479 -0.67703 1.98618 2.89022 3.87207 22 93 16356 16355 1 0 0 1 
-0.88118 -5 -1.44846 -0.273958 0.342446 -0.0986115 3.99569 22 94 37861 37860 1 0.120785 0.120785 3 
4.04418 -5 -4.06743 0.0604048 0.349874 -0.198309 4.23923 22 95 7643 7642 1 0.216516 0.216516 13 
3.76876 -1.95066 -5 -0.517658 1.75416 3.80836 3.82012 22 97 1286 1 1 0.742294 0.742294 33 
5 -3.88039 4.82088 -0.0992961 0.422045 0.233199 3.92043 22 98 11244 11243 1 0.0778969 0.0778969 5 
-1.91021 -5 -1.4598 -0.216151 0.440024 0.144145 3.94403 22 99 3556 3520 1 0.510577 0.510577 26 
1.55827 -0.533153 -5 -0.832255 2.04102 0.707955 3.89354 22 101 33127 33063 1 0.00808599 0.00808599 14 
5 -3.54728 -2.94936 -0.324092 0.287007 -0.271498 4.14763 22 102 4266 4265 1 0 0 1 
-2.88045 4.86349 -5 -0.292863 0.530766 0.349343 3.91083 22 103 36795 36526 1 0 0 1 
3.27745 -5 -4.67889 -0.37676 1.57319 0.369029 3.90595 22 104 26289 26192 1 0 0 1 
5 1.11319 -1.9357 -0.253138 0.186013 -0.119125 3.94397 22 105 4566 4348 1 0.11866 0.11866 11 
5 -3.26232 1.99525 -0.0126532 0.533894 -0.086034 4.04834 22 106 16668 16665 1 0 0 2 
-3.90529 -3.37246 -5 0.0148115 -0.00574926 0.49954 3.83853 22 108 17692 17398 1 0 0 2 
4.27279 -5 -3.6025 -0.207401 0.438634 0.160329 3.90556 22 109 25874 25873 1 0.90112 0.90112 6 
4.57168 -5 1.97644 -0.338664 0.292454 -0.246774 4.07077 22 110 20899 20898 1 0 0 2 
4.51792 -3.68674 -5 0.00680873 0.378386 0.325941 3.85138 22 112 3871 3839 1 0 0 2 
5 4.70901 4.49395 -1.44266 1.41431 -1.01744 4.03558 22 113 11875 11873 1 0.467256 0.467256 43 
1.90931 -5 4.9055 -0.173592 0.545258 0.149649 3.90462 22 114 21129 21097 1 0 0 1 
5 -4.71807 -3.33478 -0.119028 0.305509 0.298256 3.84425 22 115 22290 22226 1 0.046892 0.046892 5 
-2.89959 -5 -1.19367 -0.4041 1.5859 -0.38214 3.98925 22 116 26812 26740 1 0 0 1 
1.62484 -5 -3.39416 -0.304164 0.339729 -0.0406546 4.02667 22 117 36412 36410 1 0 0 1 
-1.83707 -5 0.881899 -0.315024 0.582201 0.302907 3.91196 22 118 5037 4902 1 0.0335844 0.0335844 6 
-5 -4.4571 2.14073 0.354474 0.179662 0.0305113 3.89146 22 119 41891 41613 1 0.168069 0.168069 2 
5 2.62404 2.03145 -0.41819 0.239373 -0.17011 3.96982 22 120 36849 36847 1 0.575476 0.575476 5 
2.55008 -5 -4.48262 -0.0874816 0.310103 0.148765 3.91662 22 124 1289 1288 1 0.324808 0.324808 28 
0.220067 -5 -2.45297 -0.0550132 0.205407 0.324294 3.8519 22 125 10378 10377 1 0 0 1 
1.36855 -5 0.104973 -0.450914 0.613799 0.971675 3.86005 22 126 23236 23006 1 0 0 1 
3.23741 -5 -2.97983 -0.0363323 0.326836 -0.391124 4.21273 22 128 24711 24710 1 0.271885 0.271885 3 
3.83766 4.25572 -5 -0.905839 0.359578 0.597017 3.88542 22 129 17458 17457 1 0 0 3 
3.60588 -0.55365 5 -0.00339491 0.492753 -0.326823 4.13929 22 130 28135 28133 1 0 0 1 
-3.0049 -2.36576 -5 -0.294453 0.500719 0.50973 3.86344 22 131 16946 16793 1 0 0 2 
4.47683 -5 1.1007 -0.182107 0.475748 -0.040257 4.0704 22 132 20726 20699 1 0.460429 0.460429 24 
5 3.72878 -2.71347 -0.0959952 0.120728 -0.263917 3.97571 22 133 12766 12603 1 0.0769207 0.0769207 20 
5 -0.772439 4.37286 -0.310358 0.755804 0.620804 3.88627 22 134 33643 33553 1 0 0 2 
1.54012 3.72679 5 -0.244712 0.438 -0.0969126 4.07822 22 135 10855 10831 1 0 0 5 
-4.77687 3.1052 -5 -1.52353 3.2395 4.32886 3.85192 22 136 11472 11031 1 0 0 2 
5 -2.59377 1.69552 -0.253616 0.900004 0.435375 3.86573 22 137 1495 1146 1 0 0 1 
4.31384 -5 0.527774 -0.280995 0.600637 -0.127261 3.95224 22 139 21600 21559 1 0.510707 0.510707 19 
5 2.02796 3.62797 -0.185764 0.36149 -0.226289 3.90935 22 140 2255 1 1 0 0 3 
2.92121 -5 0.454799 0.0562376 0.329361 -0.0119853 3.97016 22 141 5364 5361 1 0.334073 0.334073 20 
5 -2.75835 2.14197 -0.378442 0.922966 -0.0470918 3.98478 22 142 16975 16974 1 0 0 2 
-1.67437 1.34206 -5 -0.194988 0.48961 0.587615 3.85484 22 143 20735 20321 1 1.42621 1.42621 22 
5 -4.84631 -1.49625 -0.0469115 0.139451 0.226183 4.00203 22 144 22417 22393 1 0.269508 0.269508 18 
4.48659 -5 -2.45332 -0.0792957 0.177085 -0.472729 4.24996 22 145 3215 3213 1 0 0 1 
0.573477 -5 -2.10118 -0.268922 0.996155 0.0180624 3.95917 22 148 3484 3321 1 0 0 2 
5 -4.66926 -0.290171 -0.260368 0.241184 0.0760838 3.94477 22 151 20706 20705 1 0.00833869 0.00833869 2 
2.66886 -5 1.45195 -0.098267 0.270517 -0.0525616 4.02272 22 152 9349 9158 1 0.189059 0.189059 22 
5 0.195182 -3.27419 -0.178181 -0.00341239 0.252852 3.90526 22 153 49991 49664 1 0 0 1 
2.83038 -5 4.68743 -0.119829 0.591901 0.313558 3.89546 22 154 5020 3758 1 0.245443 0.245443 5 
0.518116 -1.96503 5 -0.0810753 0.205876 -0.156434 4.17518 22 155 2288 2236 1 0.270279 0.270279 50 
5 -2.83665 4.06354 -0.52277 2.20565 0.265579 3.93623 22 156 24303 24299 1 0 0 2 
4.38292 -5 3.93224 -0.238118 0.443307 0.0888724 3.95555 22 157 10354 10333 1 0.258218 0.258218 29 
-0.791063 -1.80231 -5 -0.669742 1.1574 0.114793 3.91451 22 159 23073 23072 1 0 0 2 
2.84507 -5 1.29713 -0.310502 0.283067 -0.0582526 4.1348 22 160 5687 5686 1 0 0 2 
3.48158 -5 -2.89395 -0.0785645 0.470676 0.143491 3.92759 22 161 19675 19674 1 0 0 1 
5 -2.01221 0.195897 -0.122527 0.496009 -0.00904118 4.01131 22 162 25556 25555 1 0 0 1 
1.57491 -5 -4.26777 -0.142448 0.172839 0.013283 4.10788 22 163 4674 4672 1 0.457525 0.457525 3 
5 -4.19845 -3.89074 -0.268079 -0.0400317 0.1445 3.87803 22 164 25526 25471 1 0 0 2 
1.67834 3.38417 -5 -0.307452 0.0967931 0.240226 3.90817 22 165 17987 17808 1 0 0 2 
3.87352 -5 -0.0396338 -0.0724028 0.28946 0.253805 3.99978 22 167 7303 7300 1 0.357915 0.357915 12 
5 -1.18826 4.25436 -0.862545 0.797136 -0.356775 3.93497 22 168 13700 13668 1 0 0 5 
2.67684 -5 2.60072 -0.426319 1.74352 1.50453 3.86061 22 169 49077 48827 1 0 0 2 
-4.10117 -5 0.69495 -0.232374 0.388924 -0.236349 4.14444 22 170 25677 25676 1 0 0 1 
-3.71804 -5 -1.4293 -0.219117 0.177103 0.510932 3.86458 22 171 23788 23701 1 0 0 1 
1.91133 -5 -4.76206 -0.498615 1.80776 0.731955 3.87812 22 172 25987 25947 1 0 0 3 
-3.44177 -5 -1.24981 -0.360447 0.202081 -0.200656 4.00304 22 175 44091 44062 1 0 0 1 
-0.888565 -5 -0.405784 -0.753823 1.66775 0.214445 3.96868 22 176 34282 34269 1 0 0 1 
3.55257 -5 -2.70522 -0.687704 3.04399 0.228035 3.95717 22 177 3722 3696 1 0 0 2 
-3.81 -2.55596 5 -0.631021 1.24852 -0.477134 4.05742 22 179 2656 2649 1 0 0 1 
0.489696 -3.12159 -5 -0.203446 0.265575 0.399716 3.8521 22 181 5332 5231 1 0.169812 0.169812 5 
-2.60268 -3.97664 5 -0.161876 0.150112 -0.303405 4.26806 22 182 17473 17472 1 0 0 1 
4.16592 -5 -2.76212 -2.37724 6.96243 9.93302 3.83681 22 183 8002 7784 1 6.18378 6.18378 65 
-1.10256 -1.64874 5 -0.171946 0.620388 -0.692781 4.18029 22 184 19011 18928 1 0.34883 0.34883 3 
1.82586 -5 0.0865089 -0.382717 0.489962 -0.428916 4.20889 22 185 39723 39722 1 0.483141 0.483141 4 
-1.67228 -1.92189 5 -0.214477 0.19952 -0.109694 4.15683 22 188 11382 11381 1 0 0 4 
-2.1855 -5 0.989524 -0.256694 0.450227 -0.0759891 3.96694 22 189 32053 31979 1 0 0 1 
-1.25799 -5 -2.55253 0.0258232 0.38327 0.0147096 4.01596 22 190 52965 52934 1 0 0 1 
2.19834 -5 -4.07 -0.115419 0.256609 -0.194349 4.16995 22 192 26660 26658 1 0 0 1 
2.54188 -1.9733 5 -0.141728 0.175267 -0.352885 4.07923 22 193 46320 46280 1 0.263417 0.263417 29 
5 -3.84007 0.915162 -0.259703 0.473717 0.0363327 3.9266 22 196 1803 1801 1 0 0 1 
3.86049 -5 -0.25826 -1.39884 2.87479 5.14444 3.84317 22 198 46078 46042 1 0 0 1 
2.56017 2.03859 5 -0.160063 0.472688 -0.437869 4.29011 22 199 22609 22589 1 0 0 1 
3.93887 -0.36882 5 -0.145432 0.398111 -0.285441 4.16875 22 200 32681 32655 1 0.510565 0.510565 27 
-1.17116 -1.04635 5 -0.279776 0.141268 -0.325591 4.07672 22 202 26192 26189 1 0 0 1 
5 4.3494 -4.83158 -0.0499541 0.450225 0.236479 3.93588 22 203 50204 50202 1 0 0 1 
1.82652 -5 -4.49617 -0.421416 1.42453 -0.757928 4.14617 22 205 11126 11125 1 0 0 1 
0.220272 -0.432313 5 -0.16585 0.399144 -0.272576 4.22296 22 207 6050 6024 1 0 0 1 
-3.37373 2.56068 5 0.117163 0.246929 -0.235821 4.27596 22 208 14710 14709 1 0 0 1 
5 -4.79996 4.39632 -0.304158 0.36255 0.773956 3.86987 22 209 10960 10913 1 0 0 3 
1.37276 -5 -1.08838 -0.2641 0.519944 -0.0283065 3.98235 22 210 21138 21108 1 0 0 3 
5 4.88163 3.11248 -0.351972 0.558414 0.608443 3.8917 22 211 21609 21478 1 0 0 3 
-0.440888 -5 2.14205 -0.275769 0.472403 0.0899411 4.01963 22 212 1717 1715 1 0 0 3 
-3.58985 2.07234 5 -0.105435 0.0280669 -0.392214 4.1978 22 214 20187 20186 1 0 0 1 
-4.0913 -5 -0.477302 -0.475114 0.426263 -0.184545 4.24336 22 215 8859 8856 1 0 0 3 
2.00563 -5 3.99395 0.28268 0.352906 0.238053 3.9214 22 216 18031 18030 1 0.217458 0.217458 13 
-0.303859 -1.54108 5 -0.103091 0.304981 -0.167409 4.12371 22 217 6153 6138 1 0 0 2 
0.916433 -5 -3.85891 -0.312151 0.352359 -0.0993342 4.04683 22 218 16057 16030 1 0 0 2 
0.0770312 -5 4.52759 -0.0654674 0.715086 -0.223107 4.03631 22 219 4311 4294 1 0 0 3 
5 3.89499 2.47621 -0.0830289 0.480475 -0.152871 4.27068 22 220 19819 19792 1 0 0 1 
4.97605 -1.95037 -5 -0.230083 0.246185 0.0833812 4.0103 22 221 15036 14978 1 0 0 2 
-0.0625072 -5 -4.60145 -0.173573 0.236995 -0.203148 4.0963 22 222 19116 19115 1 0 0 1 
5 -0.647111 -0.516998 -0.282108 0.5154 0.595152 3.90683 22 223 14845 14781 1 0 0 3 
-1.01556 -5 -1.72435 -0.100354 0.361459 -0.0833624 3.94508 22 224 38511 38188 1 0.119162 0.119162 3 
5 -3.21752 4.00593 -0.276525 0.359315 0.235683 3.9598 22 225 22131 22130 1 0 0 1 
-4.93702 -5 -0.747311 -0.215501 0.427931 0.177637 3.92479 22 226 24599 24565 1 0 0 4 
4.06346 1.90751 5 0.154093 0.384708 -0.397082 4.18331 22 227 19248 19247 1 0 0 2 
3.82512 -5 4.78845 -1.26368 2.9359 1.50904 3.91966 22 229 11215 11170 1 0 0 1 
-2.47826 -5 -1.27388 -0.658711 1.71402 0.806685 3.92647 22 231 11757 11610 1 0 0 1 
5 4.70836 4.50328 -0.63451 1.2159 1.36695 3.88717 22 234 43094 43081 1 0 0 1 
2.31637 0.044872 -5 -0.215744 0.459483 0.0587385 4.0133 22 235 22318 22292 1 0 0 1 
1.46638 -3.01475 -5 0.169831 -0.0953928 0.11432 3.93425 22 237 37487 37361 1 0.222017 0.222017 10 
1.18588 -5 2.81677 0.225592 0.430647 -0.15739 4.04961 22 239 30630 30629 1 0 0 1 
-4.74532 -0.9511 5 -0.0588428 1.15229 -0.670934 4.09096 22 240 48835 48811 1 0 0 1 
2.19045 -5 0.470869 -0.102372 0.380466 -0.198853 4.02653 22 242 9353 9352 1 0.548896 0.548896 28 
-3.36757 -3.73369 5 -0.926439 2.02616 -2.08935 4.31206 22 244 46391 46337 1 0 0 2 
5 1.7104 0.623959 -0.303086 0.0329397 -0.0457489 3.93896 22 245 2289 2204 1 0.307881 0.307881 28 
5 -1.64318 -4.68984 -0.207899 0.459798 -0.0805205 4.00629 22 246 12532 12508 1 0 0 2 
0.260798 -5 -4.34196 0.190464 0.256898 -0.112968 4.12307 22 247 6449 6448 1 0.200133 0.200133 36 
4.97518 -5 -0.0362344 -0.095462 0.499952 -0.0453294 3.98017 22 248 17492 17456 1 0 0 2 
5 -0.737361 -2.87908 -0.173425 0.178229 0.178447 4.13527 22 249 10638 10616 1 0 0 4 
3.24113 -5 2.36661 0.381039 0.455603 0.1424 4.12399 22 250 9943 9942 1 0.0269827 0.0269827 7 
3.21159 -5 2.22948 -0.092522 0.260053 0.221974 3.89424 22 252 2354 2319 1 0 0 3 
4.61525 -4.7924 -5 -1.398 2.1866 1.45917 3.87363 22 253 11296 11295 1 0 0 3 
5 1.35889 -3.17841 -0.241571 0.0371305 0.07039 3.96204 22 254 7693 7140 1 0 0 1 
-3.79114 -5 4.4616 0.0626179 0.358327 -0.148956 4.03895 22 255 33054 33053 1 0 0 1 
-3.60298 0.613406 5 -0.158559 -0.253905 -0.0947788 4.06911 22 258 2942 2921 1 0 0 1 
-2.14319 4.89581 -5 -0.770031 3.61097 4.77751 3.83933 22 259 17009 16942 1 0 0 1 
-2.35573 -5 2.33711 -0.827128 1.84406 1.75349 3.87855 22 261 14687 14668 1 0.672412 0.672412 23 
5 0.928569 0.89891 -0.848053 1.82522 0.291822 4.04905 22 262 1026 1 1 0 0 3 
2.36507 -5 0.129412 -0.199498 0.327365 0.707197 3.83393 22 263 23481 23255 1 0 0 3 
3.24434 -5 -1.28901 -0.190463 0.109002 -0.00420887 3.93533 22 266 3452 3451 1 0.704819 0.704819 38 
4.51178 -0.594065 5 -0.0744999 0.179454 -0.0209616 4.02 22 267 44804 44619 1 0.19491 0.19491 36 
4.43557 -5 -2.66629 -0.110089 0.316354 0.101583 3.88767 22 268 10441 10340 1 0 0 3 
2.97854 4.85136 -5 -0.139729 0.402047 0.253593 3.93929 22 269 10129 10112 1 0 0 2 
5 2.67339 -2.42171 -0.37982 -0.0207569 -0.341212 4.109 22 270 32192 32191 1 0 0 2 
4.62142 -5 -1.35776 -0.0899144 0.355582 -0.355805 4.14869 22 272 13937 13936 1 0 0 2 
-4.24605 -5 -0.543346 -0.0547997 0.489542 0.0890665 3.93454 22 273 2843 2661 1 0 0 3 
5 -3.24765 -3.90549 -0.398241 1.17115 -0.369171 4.00598 22 275 26955 26954 1 0 0 1 
1.03782 -5 -1.38365 -0.284569 0.298985 0.0949614 3.9105 22 276 39597 39596 1 0.0957354 0.0957354 2 
-1.21841 -5 1.3285 -0.213766 0.325985 0.0908184 3.95562 22 277 6724 6210 1 0.16276 0.16276 4 
3.83744 -5 4.00961 -1.57202 3.64433 1.94866 3.91928 22 278 24179 24178 1 0 0 2 
3.96317 -5 1.86426 0.0234107 0.329379 -0.132283 4.01697 22 279 23613 23611 1 0 0 2 
-0.37431 -5 -3.42111 -0.069886 0.138458 -0.2892 4.24072 22 280 6559 6558 1 0 0 2 
-4.01434 -4.61103 -5 -0.17572 0.381051 0.29162 3.88903 22 281 44185 44184 1 0.472829 0.472829 52 
3.41004 -5 0.87226 -0.101535 0.466076 0.18326 3.95713 22 283 1933 1932 1 0 0 1 
2.80426 -2.97352 -5 -0.177682 -0.0802958 0.382482 3.96196 22 284 3030 3028 1 0.143376 0.143376 8 
5 -2.48252 -0.828233 -0.159445 0.519897 0.334855 3.89442 22 285 26535 26533 1 0 0 1 
0.231079 -5 -3.5993 -0.0798681 0.433925 0.257779 3.88102 22 286 31867 31839 1 0 0 1 
-1.35872 -5 2.89583 -0.14209 0.457437 0.177993 3.94457 22 287 8529 8528 1 0 0 2 
-4.42161 4.45385 -5 -0.955348 1.78443 1.52844 3.89001 22 289 49830 49767 1 0 0 1 
2.6753 -5 -0.11127 -0.153325 0.471599 -0.123314 4.04229 22 290 5892 5858 1 0.078751 0.078751 3 
3.01218 -5 -0.0395325 -0.162982 0.295842 0.231708 3.97484 22 291 9713 9712 1 0.316975 0.316975 4 
1.03562 1.10526 -5 -0.408502 0.461145 0.541805 3.90018 22 292 8410 8328 1 0 0 1 
4.57545 0.191344 5 -0.145255 0.365037 -0.162333 4.10703 22 293 12748 12747 1 0 0 2 
-4.64159 -5 2.54725 -0.63318 1.22664 0.206728 3.91583 22 294 1967 1896 1 0 0 2 
-3.31562 -5 0.658929 0.277972 1.82544 -0.0484757 4.00221 22 295 39342 39336 1 0 0 2 
1.75188 -5 -2.42423 0.00936437 0.15246 0.169566 4.02688 22 296 1193 1096 1 0 0 3 
4.39204 -5 -1.50986 0.0474677 0.278904 0.269834 3.8622 22 297 14025 10389 1 0.390657 0.390657 21 
1.7656 -5 3.70878 -0.987611 0.58173 0.520432 3.936 22 299 32278 32277 1 0 0 1 
5 -1.83252 -3.21739 -0.116866 0.352313 -0.0887186 4.00575 22 300 9604 8475 1 0 0 1 
-4.26369 -5 3.86416 -0.052414 0.141907 0.359821 3.95894 22 301 4375 4374 1 0 0 2 
5 -3.49286 3.2559 -0.234628 0.57706 0.962443 3.85996 22 302 14114 13827 1 0 0 6 
3.74437 -5 0.46579 -3.36155 3.29693 1.33246 3.884 22 303 1044 1 1 3.73459 3.73459 107 
-3.99962 -5 -1.07402 -0.40913 0.900352 1.13053 3.86525 22 304 1807 1805 1 0 0 2 
0.551685 0.527221 -5 -0.238564 0.375995 0.250668 3.91827 22 305 16760 16732 1 0.701335 0.701335 27 
3.29801 -3.76977 -5 0.480086 1.15516 0.620261 3.91386 22 306 36582 36522 1 0 0 1 
2.73418 -5 -3.47075 -0.202639 0.330146 -0.290362 4.10156 22 307 18532 18531 1 0 0 2 
5 1.58678 -3.75715 -0.310025 1.52994 1.07601 3.89797 22 308 20332 20237 1 0.0601163 0.0601163 5 
2.07637 -5 -1.87729 -0.0336861 0.502566 -0.0797855 4.07146 22 312 15090 15089 1 0 0 5 
1.04885 -2.14043 -5 0.228976 0.446335 0.218118 3.87447 22 313 4580 4167 1 0 0 1 
-1.82016 -5 0.37662 -0.362161 0.735442 0.586564 3.9117 22 314 27645 5720 1 0 0 1 
3.21494 -0.0396504 -5 0.394765 0.28207 0.872142 3.85165 22 317 26600 26058 1 0 0 3 
-0.270512 -5 1.45931 -0.432038 1.9346 0.992232 3.86285 22 319 38095 37941 1 0 0 1 
1.2225 -4.82088 -5 -0.0139178 -0.0480483 0.272882 3.9677 22 320 9058 9057 1 0.120058 0.120058 6 
-3.64728 -1.9526 -5 -0.598327 1.3346 0.333591 3.9303 22 322 5152 5110 1 0 0 1 
4.85176 -5 -2.44933 -0.00939519 0.366176 0.232542 3.87163 22 323 1091 1 1 0 0 2 
-0.551063 -5 -3.06553 -0.185152 0.386978 -0.277644 4.13087 22 324 17209 17191 1 0 0 1 
-2.39706 -5 -4.89998 -1.6551 6.3389 -4.77606 4.13536 22 325 1205 1 1 0 0 2 
5 -2.0518 2.77723 -0.122851 0.48333 0.191533 3.88441 22 326 10741 10682 1 0 0 1 
-1.73681 -5 -2.30517 -1.78106 4.94945 4.22744 3.87621 22 327 22488 22464 1 0 0 1 
5 -3.749 -4.72999 -1.6449 2.62963 0.161872 3.91302 22 328 24264 24242 1 1.7019 1.7019 35 
5 4.38659 -2.60018 -0.231888 0.450293 0.0677099 3.99138 22 329 34281 34262 1 0 0 1 
3.07637 -5 -4.53855 -0.05835 0.438343 -0.256067 4.05574 22 330 17200 17199 1 0.165622 0.165622 5 
-0.793093 -2.22285 5 -0.187003 0.385327 -0.278698 4.04047 22 331 41955 41954 1 0 0 1 
2.31834 -5 1.21187 -0.388522 0.691148 1.19759 3.83931 22 332 1165 1055 1 0 0 5 
2.83127 -5 -1.97909 0.0766697 0.229742 0.280217 3.85708 22 333 1946 1883 1 0.250909 0.250909 6 
1.10576 -5 1.6416 -0.379627 1.16685 0.0111197 3.93174 22 334 7210 7137 1 0 0 3 
0.897659 -0.117705 5 -0.0545192 0.482254 -0.159934 4.20217 22 335 40827 40826 1 0 0 1 
0.996821 -1.92285 -5 -0.116278 -0.768936 1.14014 3.84356 -11 336 31903 31902 1 0.960676 0.960676 5 
-1.13441 -5 4.40141 -0.676089 1.27065 0.465099 3.95136 22 337 11468 11405 1 0.303106 0.303106 32 
-0.364269 -5 -4.07661 -0.184871 0.416156 -0.231855 4.0322 22 338 5771 5770 1 0.481266 0.481266 23 
2.40988 -5 -4.82289 -0.124521 0.507539 -0.543418 4.11754 22 339 11357 11296 1 0 0 2 
5 1.8279 0.122975 -0.730596 2.19961 2.22577 3.87835 22 340 1108 1 1 0.107191 0.107191 18 
-4.57791 3.9954 -5 -0.105284 0.22331 0.266378 3.90138 22 341 15553 15170 1 0 0 2 
0.34523 -5 4.50565 -0.0456232 0.355967 -0.363766 4.12682 22 342 9596 9595 1 0 0 2 
-2.23852 -5 2.44388 -1.06501 2.88703 1.65996 28.7187 22 344 48328 48283 1 0 0 2 
-4.95389 -5 2.004 -0.0762835 0.208283 0.282736 3.87484 22 345 4170 4106 1 0.480585 0.480585 27 
-4.84225 -5 -0.226343 -0.471781 1.18132 0.217594 3.94934 22 346 39658 39583 1 0 0 3 
0.363343 -5 2.45897 -0.132713 0.46101 0.0381444 3.99337 22 348 14095 14041 1 0.263852 0.263852 42 
-1.28996 -4.47476 5 -0.0933488 0.448156 -0.101105 3.91675 22 349 10577 10491 1 0 0 2 
5 0.899803 1.92957 -0.25372 0.104606 0.0507962 4.11577 22 350 16328 16327 1 0.08219 0.08219 4 
3.48934 -5 -3.12945 -0.146063 0.487542 -0.0457001 3.91785 22 351 52004 52003 1 0 0 1 
-3.95651 -5 -2.67853 -0.226121 0.304801 0.0660509 3.97043 22 352 9395 9370 1 0 0 2 
4.79486 -2.32682 -5 -0.0730503 0.352919 0.116145 3.90425 22 353 18798 18671 1 0 0 1 
1.62565 0.282583 -5 -0.437558 1.26437 1.4628 3.863 22 354 2329 2280 1 0 0 1 
-2.89294 -5 2.79929 0.0279895 3.51589 4.13005 3.88343 22 355 26109 26060 1 0 0 1 
-2.81668 -5 -0.410797 -0.309715 0.406428 -0.00358885 3.98525 22 357 18831 18808 1 0 0 1 
-1.75216 -5 -0.975929 -0.176511 0.467782 -0.105562 4.01291 22 359 26905 26904 1 0 0 2 
4.78454 -2.9556 5 -0.173676 0.402765 -0.262178 4.16774 22 360 3146 3106 1 0 0 3 
4.6835 -5 -0.543512 -0.00359004 0.652665 -0.0662375 3.90809 22 365 1855 1 1 0 0 3 
-3.56086 -5 -0.120464 -1.17553 1.2699 0.65475 3.93151 22 366 38707 38632 1 0 0 1 
4.73777 -5 -2.78143 -0.599961 3.08438 -0.698941 3.99499 22 369 7039 7038 1 0 0 1 
4.13456 -5 3.29794 -0.213846 0.413048 0.143286 3.94809 22 370 9237 8602 1 0 0 1 
-0.952992 -5 0.739893 -1.51126 2.7556 -2.26751 4.13052 22 371 32229 32225 1 0 0 1 
0.0293548 -5 -1.42244 -0.137899 0.421328 0.254138 3.89503 22 372 3324 3321 1 0 0 3 
-1.65561 -5 -2.53544 -0.235914 0.521696 0.335452 3.89295 22 375 9688 9043 1 0.381358 0.381358 26 
5 0.112677 -3.6607 -0.0365514 -0.0308302 -0.152773 3.88556 22 378 65981 65980 1 0 0 1 
1.71932 -5 -3.327 -0.10987 0.166252 -0.00699556 3.93259 22 379 18311 18288 1 0.199237 0.199237 15 
1.2189 -2.9908 -5 -0.72132 0.435237 0.283122 3.8598 22 381 11774 11751 1 0.28587 0.28587 33 
-1.12454 -5 -2.7067 -0.204949 0.354347 -0.305866 4.13799 22 383 6738 6713 1 0 0 1 
-3.14944 -5 4.43341 0.0973994 0.242293 -0.0548502 4.1381 22 385 13489 13459 1 0 0 1 
-1.62504 -5 -3.6218 -0.185584 0.205097 -0.429667 4.08455 22 386 6464 6442 1 0 0 3 
-3.15993 -5 -3.32376 -0.164793 0.292664 -0.240193 4.01084 22 388 2478 2477 1 0 0 4 
3.62934 -5 4.18177 -0.123275 0.462338 -0.179352 4.05708 22 389 14236 14235 1 0 0 4 
-2.64301 -5 -1.16695 0.0497027 0.277223 -0.363471 4.31024 22 392 23151 23148 1 0.166021 0.166021 2 
5 -2.9731 4.55558 -0.491188 0.00546389 0.315529 3.96515 22 393 16918 16904 1 0 0 2 
-3.71613 -1.68662 5 -0.215298 0.45343 -0.0957465 3.98754 22 394 12389 12362 1 0 0 1 
3.88804 -0.883848 -5 -0.188885 -0.00777784 0.122859 3.97942 22 397 8165 8164 1 0 0 2 
3.83802 -5 2.98709 -0.11077 0.437091 -0.203094 3.97707 22 398 12054 12053 1 0.0329415 0.0329415 2 
0.593667 3.08891 5 -0.657324 1.36102 -0.385342 4.12887 22 399 6472 6471 1 0 0 2 
0.159578 -5 -0.147587 0.161634 0.08521 -0.167069 4.03443 22 401 25632 25631 1 0 0 1 
2.8767 -4.16014 5 -0.12177 0.337951 -0.36343 4.15275 22 403 1888 1885 1 0 0 2 
5 4.56353 -3.28927 -0.29185 0.101234 0.0334601 3.9404 22 404 21395 21394 1 0 0 1 
-4.16202 -5 -0.0524521 -0.430768 1.11441 0.973154 3.89595 22 405 24053 23608 1 0 0 1 
5 -4.75651 -3.88078 -0.972251 3.79163 1.26964 3.9231 22 407 22138 22136 1 0 0 2 
-1.66769 -2.37447 5 -0.318373 0.174197 -0.261779 4.26383 22 408 12554 12553 1 0.0110429 0.0110429 3 
-0.189086 -5 -0.974862 -0.182058 0.509078 0.487318 3.85745 22 409 25008 24958 1 0.964688 0.964688 8 
3.60278 -5 0.375928 -0.119435 0.281183 0.355241 3.85836 22 410 10502 10402 1 0 0 1 
-0.59254 -5 0.228244 -0.17329 0.484231 0.675214 3.85699 22 411 43066 42937 1 0 0 1 
0.875732 -5 -3.64059 -0.190488 0.902763 -0.107241 3.98187 22 412 23023 23022 1 0.42579 0.42579 18 
5 -3.93218 -3.354 -0.136489 0.435754 -0.229367 4.0007 22 413 1669 1659 1 1.4876 1.4876 38 
5 -1.07999 0.0302364 -0.467078 0.159731 0.169009 3.92533 22 415 29659 29549 1 0 0 2 
-4.09876 -5 0.666094 -0.0661711 0.211694 0.0984964 3.92727 22 417 15416 15413 1 0 0 2 
5 -3.23986 3.00082 -0.230484 0.406064 0.248872 3.92107 22 421 3876 1 1 0 0 1 
2.2602 4.95712 -5 -0.252997 0.434993 0.256085 4.90305 22 423 10105 10065 1 0.0560956 0.0560956 4 
5 -2.08531 1.10848 -0.327579 -0.2387 0.311182 4.24544 22 424 6924 6922 1 0.425141 0.425141 25 
1.84144 -5 -3.06975 -0.142032 0.477493 -0.113787 4.00291 22 425 14153 14152 1 0.310083 0.310083 21 
-2.2911 -5 2.0796 -0.00737035 0.231414 -0.0602013 4.13837 22 426 1671 1643 1 0.0693095 0.0693095 5 
5 -1.39852 1.11393 -2.22066 -0.548018 0.83946 23.0588 22 427 20912 20908 1 0 0 2 
0.328378 -5 -2.45182 -0.660478 0.666369 -0.73811 4.05172 22 429 30565 30506 1 0 0 1 
2.67154 -5 -0.174468 -1.45085 4.13232 1.1345 3.93474 22 432 11122 10879 1 0 0 2 
3.5354 -3.41912 -5 0.583191 0.535137 0.911991 3.84662 22 433 2615 2613 1 0.285382 0.285382 5 
4.91803 -5 2.43757 0.323171 2.58873 -1.47664 4.06245 22 435 6328 6242 1 0 0 2 
5 4.10865 3.69156 -0.124628 0.385837 -0.0609954 4.10617 22 436 15279 15259 1 0 0 2 
4.60876 1.04398 -5 -1.81143 6.97804 11.0784 3.8389 22 437 17545 17514 1 0 0 1 
-2.74227 -5 3.72625 -0.221681 0.460182 -0.0144855 4.06165 22 438 4614 4611 1 0 0 2 
1.34756 -5 0.13921 -0.311317 0.574435 0.0121358 3.92285 22 439 31781 31534 1 0.653191 0.653191 18 
-3.18648 -4.47494 -5 -0.114035 0.244521 0.433965 3.99771 22 440 23419 23394 1 0.0522014 0.0522014 4 
-1.79207 -5 1.64265 -0.0489681 0.211617 0.0777414 3.99872 22 441 51020 50997 1 0 0 1 
-3.40023 -3.95658 5 0.0953183 0.16133 -0.183414 4.2691 22 443 8374 8372 1 0.521888 0.521888 24 
-5 -2.26345 -2.5266 0.17595 -0.0944153 -0.107775 3.96167 22 444 9354 9351 1 0 0 1 
2.70248 -0.293929 -5 -0.0667364 0.304679 0.30595 3.87041 22 445 6572 6480 1 0 0 2 
-0.78731 -5 -3.73688 -0.360636 0.562187 0.194545 3.90996 22 446 27064 27035 1 0 0 2 
-2.88274 -5 -1.25998 -0.104616 0.142185 -0.023252 3.95339 22 447 4876 4863 1 0.198963 0.198963 23 
5 -2.57188 -2.90718 -0.0419787 0.34233 0.0107648 3.8874 22 448 33786 33726 1 0 0 2 
1.74216 -4.31164 -5 -0.291615 0.369363 0.213254 3.91015 22 449 13397 13396 1 0.112785 0.112785 2 
-0.848819 -4.8 5 0.145405 -0.00576129 -0.155899 3.90713 22 450 14689 14612 1 0.0288835 0.0288835 19 
0.0658981 -2.52288 -5 -0.216219 0.430902 0.0872658 3.93235 22 451 14245 14244 1 0 0 3 
4.64566 1.71739 -5 -0.19415 0.326199 0.388595 3.85088 22 452 7263 7188 1 0 0 3 
5 0.97363 2.11177 -0.183924 0.27616 -0.113589 3.98784 22 453 11353 11352 1 0 0 3 
0.91037 -5 -4.48337 0.0575938 0.0434958 0.148047 3.99014 22 454 18936 18920 1 2.91325 2.91325 60 
1.44172 -0.437288 -5 -1.50785 3.27589 1.35816 3.90555 22 455 33852 33850 1 0 0 2 
-2.44518 -5 -3.23612 -0.306279 0.298048 0.139813 3.91796 22 456 4799 4798 1 0 0 5 
-2.43891 3.93805 -5 -0.200552 0.349928 0.308924 3.89038 22 457 10916 10585 1 0 0 1 
5 1.56812 0.336828 -0.383217 0.689493 -0.248296 4.07353 22 458 9393 9370 1 0 0 3 
2.71257 -5 -3.06621 -0.12095 0.35282 -0.349298 4.15326 22 459 3463 3442 1 0.309458 0.309458 31 
0.792756 -4.89165 -5 -0.215443 1.12159 0.787063 3.87628 22 460 5053 4854 1 0 0 3 
5 1.04799 3.92732 -0.0713633 0.505983 0.00281106 4.00107 22 461 2397 2395 1 0.177574 0.177574 5 
2.05296 -3.73902 5 -0.0587036 0.464988 -0.513687 4.14861 22 462 14006 13928 1 0.182494 0.182494 2 
2.65178 -2.68832 5 -0.00132204 0.12058 -0.230722 4.06654 22 463 14832 1 1 0 0 2 
-4.86616 -5 0.0587864 -0.194215 0.0836316 -0.465195 4.08374 22 464 5476 5474 1 0 0 1 
-3.81995 -2.39319 5 -0.236636 0.310976 -0.329268 4.12757 22 465 26801 26799 1 0 0 1 
5 3.91445 3.90883 -0.314641 0.303249 0.136488 3.90056 22 466 4111 4110 1 0 0 2 
-3.89083 -5 -3.29954 -0.129166 0.256261 -0.101328 3.93275 22 467 1008 1 1 0 0 6 
-1.77266 -5 4.09235 -0.263262 0.621272 0.105878 3.97251 22 468 30107 30063 1 0.0213342 0.0213342 3 
-3.08442 -3.77748 5 -0.224154 0.438145 -0.137492 4.04753 22 469 25353 25296 1 0.328842 0.328842 5 
-3.84096 -5 -1.89048 -0.109245 0.492108 -0.0837542 4.03191 22 470 2560 2559 1 0.510546 0.510546 31 
2.71725 -2.08015 5 -0.606741 2.49412 -3.43706 4.20733 22 471 45794 45734 1 0 0 1 
5 -2.74337 2.13654 -0.271796 0.191776 0.330332 3.89608 22 472 43029 43026 1 0.468646 0.468646 11 
-4.52871 -0.95688 5 -0.05181 0.705404 -1.07139 4.11301 22 473 8629 8600 1 0 0 2 
-2.59121 -2.65708 -5 -0.164324 0.324119 0.0259393 3.91207 22 474 18436 18139 1 0 0 2 
2.28457 -4.11866 -5 0.550873 -3.18207 34.383 3.80238 -11 475 11412 11411 1 4.25909 4.25909 50 
1.37156 4.32699 -5 -0.140432 0.360378 0.333956 3.86665 22 478 8030 7999 1 0 0 6 
1.28156 -5 0.949621 -0.273185 0.681633 -0.5559 4.13989 22 479 23015 23013 1 0.340394 0.340394 4 
-1.34576 -5 -1.87895 -0.336235 0.600146 0.578212 3.8732 22 480 5540 1 1 0 0 1 
4.7235 -4.58082 5 0.136704 0.251728 -0.576917 4.26661 22 481 27380 27246 1 0 0 3 
1.60903 -5 0.967441 -0.226473 0.160207 -0.174767 3.97863 22 482 12085 10894 1 0 0 2 
-4.55805 -5 2.83449 -0.737171 0.727485 0.5326 3.92532 22 483 2680 2660 1 0.38496 0.38496 25 
0.803108 -5 4.92939 0.0189603 0.170898 -0.066326 3.9289 22 485 23023 23022 1 1.26945 1.26945 8 
0.0934818 -5 3.40956 -0.516338 1.25943 3.81512 3.83343 22 486 3790 3474 1 0 0 3 
-4.83328 -5 4.2411 -0.413013 0.623206 -0.729607 4.29237 22 487 15130 15001 1 0 0 2 
-5 0.92681 -3.48019 0.160574 0.157941 -0.110478 4.00033 22 489 11872 11871 1 0.865488 0.865488 5 
-4.08293 -5 0.260788 -0.392998 1.82075 -1.19919 4.14956 22 490 3077 3010 1 0 0 1 
-2.80627 -5 -0.927969 -0.12972 0.474858 0.137121 3.94968 22 491 43211 43197 1 0 0 1 
-1.55915 -3.54968 -5 -0.608099 1.25811 0.812876 3.88958 22 492 36012 36011 1 0 0 1 
5 -2.17532 4.40839 -0.488503 1.23863 0.0175217 4.00672 22 493 20657 20656 1 0.791367 0.791367 4 
4.9508 -5 -4.25192 -0.00299712 0.187254 0.261268 3.98497 22 495 1842 1841 1 0 0 1 
1.84725 0.635576 -5 -0.362076 0.56131 1.74168 3.81603 22 497 1319 1 1 0.489426 0.489426 7 
-1.61587 -5 3.53789 0.0878268 0.258894 0.1429 3.89483 22 500 22608 22607 1 0 0 2 
-4.20162 -5 1.22896 0.00820114 0.136534 0.0539833 3.89873 22 501 5534 5533 1 0.457217 0.457217 49 
5 3.38354 4.24441 -2.38741 1.06729 1.3302 3.95706 22 502 23794 23791 1 0 0 1 
-1.04718 -5 -1.52905 -0.449765 0.546748 0.629042 3.86483 22 503 8036 8035 1 0 0 1 
1.30804 0.350091 5 -0.166582 0.482647 -0.020539 4.01414 22 504 20928 20927 1 0.43609 0.43609 40 
-4.39874 -5 -2.84559 -1.67688 1.5377 0.144549 3.984 22 505 3634 3632 1 0.499622 0.499622 6 
2.36744 -5 2.09316 -0.184983 0.442248 0.176967 3.95208 22 506 11863 11862 1 0 0 2 
4.73009 -3.84685 -5 -0.0641842 0.313648 0.398278 3.90501 22 508 8758 8738 1 1.21302 1.21302 93 
4.36351 -5 -3.63496 -0.553748 1.28134 -0.0289592 3.94929 22 509 13084 13072 1 0.972932 0.972932 4 
4.57982 -5 -2.72846 -0.393023 1.08715 0.531964 3.91273 22 510 24467 24466 1 1.27221 1.27221 21 
-3.6364 -5 2.79423 -0.142505 0.440545 0.216177 3.90311 22 512 17561 17560 1 0 0 2 
-4.95684 3.29722 -5 -0.338318 1.48903 1.7105 3.86932 22 513 45754 45651 1 0 0 1 
3.59038 -5 0.622664 -0.138938 0.325997 -0.263626 4.01571 22 514 3367 3338 1 0 0 3 
1.89894 4.5733 -5 -0.1231 0.370883 0.32926 3.87494 22 516 21216 21191 1 0 0 1 
4.30697 4.06035 -5 -0.0933069 0.427382 0.423402 3.88979 22 517 38457 38392 1 0.394752 0.394752 25 
-1.11912 0.838854 -5 -0.244253 0.0688561 0.189557 4.02339 22 518 8141 8140 1 0 0 3 
1.62391 -1.70412 5 -0.0235469 -0.16517 -0.131451 3.90798 22 519 5984 5558 1 0 0 1 
5 0.816066 -2.37169 -0.0813476 0.247166 0.3408 3.88059 22 520 4350 4121 1 0 0 1 
4.16635 -5 -1.96663 0.00323062 0.409733 -0.372983 4.2795 22 522 3844 3822 1 0.535527 0.535527 5 
-4.04237 -5 -4.72296 0.0568622 0.433444 -0.0682252 3.93219 22 523 23016 23015 1 0.335235 0.335235 28 
2.95465 -3.2306 5 0.0786458 0.327562 -0.188289 3.93728 22 524 10475 10247 1 0 0 3 
-3.8307 -5 2.21591 -0.309106 0.473904 0.287657 3.89784 22 526 1030 1029 1 0 0 2 
0.82303 -5 -0.148656 -0.227204 0.386363 -0.245401 4.06514 22 527 6443 6442 1 0.0310954 0.0310954 2 
3.89111 1.75109 -5 -0.12833 0.261181 0.354826 3.85622 22 528 31255 31043 1 0 0 1 
-1.15946 -5 -4.45317 0.0258192 0.203573 0.178624 3.98799 22 529 9887 9886 1 0 0 1 
-1.24911 -5 -2.30191 -0.109312 0.40749 -0.0110615 3.96394 22 531 28137 27151 1 0 0 1 
-4.63084 -5 -2.56752 -0.297718 0.414991 0.0163069 4.0105 22 532 33798 33797 1 0 0 1 
-1.30937 -5 4.33359 -0.169283 0.204363 0.156049 3.89154 22 533 42676 41372 1 0 0 3 
-2.0741 -5 1.87021 -0.397208 0.295392 -0.126846 4.01518 22 534 5185 5173 1 0.31948 0.31948 34 
-2.79128 4.0642 -5 0.318397 0.518877 1.11964 3.87443 22 537 21227 21226 1 0 0 2 
-4.52975 0.500482 -5 -1.75138 4.40171 8.03296 3.83524 22 539 27110 27040 1 0 0 1 
1.67338 -5 4.85583 -0.140883 0.403155 0.336936 3.88313 22 540 1226 1 1 0 0 2 
-2.45745 -5 0.877805 -0.101415 0.383888 0.00402383 3.9999 22 541 2605 2604 1 0 0 1 
-5 -1.11269 -3.82878 0.0824423 0.267988 -0.427207 4.10704 22 542 38469 38468 1 0 0 2 
5 0.862224 -0.442789 -0.234665 0.278306 -0.249004 4.28267 22 544 13839 13838 1 0 0 1 
3.65559 -2.63778 -5 -0.112927 0.406677 0.443131 3.85851 22 545 47913 46759 1 0 0 1 
1.90708 -5 -2.69165 -0.0650401 0.393784 0.413128 3.85582 22 546 37631 37079 1 0.365078 0.365078 3 
5 4.42192 1.7156 -0.210131 0.465469 -0.017424 3.98811 22 549 45486 45462 1 0 0 2 
2.96977 2.04281 5 0.180198 0.0335374 -0.195162 4.23252 22 551 6163 6162 1 0.267417 0.267417 25 
5 -0.45371 0.645316 -2.33009 7.15901 4.25914 3.8911 22 552 4585 4457 1 0.0591264 0.0591264 3 
-2.90628 -5 4.42009 -0.0429665 0.293527 -0.175041 3.95694 22 553 6116 5977 1 0.0201347 0.0201347 5 
-0.0158095 -3.18285 -5 -0.0856064 0.154942 0.270664 3.85712 22 554 3125 2880 1 0 0 1 
3.73666 -5 -3.62117 -0.0622859 0.25492 -0.224644 4.07366 22 555 32295 28549 1 0 0 1 
-0.632934 0.874547 -5 -0.00270684 0.361496 0.361156 3.93618 22 556 11895 11894 1 0 0 1 
4.66712 -5 1.75119 -0.149479 0.376399 -0.311609 4.3932 22 557 39788 39786 1 0 0 1 
-2.75947 -5 -2.10399 -0.228234 0.236096 -0.170864 4.03408 22 558 8299 8298 1 0.0391259 0.0391259 5 
-2.55618 -5 1.80468 -0.122779 0.376618 -0.128644 4.14136 22 560 40192 40191 1 0.773597 0.773597 3 
-4.54993 0.38297 5 -0.290537 0.369252 -0.0679924 3.98517 22 561 17822 17672 1 0 0 1 
-4.40011 -5 -0.678644 -0.11458 0.252536 0.34778 3.86099 22 562 40232 40231 1 0.2984 0.2984 3 
4.68755 -5 0.331022 -0.344439 1.30078 0.109257 3.92622 22 565 32577 32573 1 0.0892763 0.0892763 2 
-4.085 -1.79226 5 -0.113326 0.182715 -0.0874047 4.00927 22 566 6517 6449 1 0.191939 0.191939 5 
5 -4.37977 -1.80204 -0.122641 0.421085 0.262234 4.10795 22 567 1469 1430 1 0 0 2 
-1.45168 -5 3.8895 -0.195651 0.355252 -0.0542513 4.06692 22 569 8927 1 1 0 0 1 
-1.08518 -5 -2.04189 0.147003 0.39691 -0.125824 4.05907 22 571 6616 6579 1 0.588137 0.588137 25 
-5 3.45397 3.97844 0.166271 0.0911283 -0.125425 3.96555 22 572 42789 42493 1 0 0 1 
-2.00486 -5 4.36566 -0.38356 0.920582 -0.1374 4.14936 22 574 18113 18112 1 0 0 1 
2.1587 -5 -3.24037 -0.0911649 0.34976 -0.361216 4.26824 22 575 47236 47234 1 0 0 1 
-4.26047 -5 2.7083 -0.102681 0.405818 -0.16718 3.98088 22 579 20647 20644 1 0.224109 0.224109 31 
4.0122 -5 -4.62167 -0.31542 0.711944 0.456116 3.87302 22 580 17018 16961 1 0.131187 0.131187 4 
-1.63077 -5 -1.51462 -0.0536262 0.144938 -0.1 4.04782 22 581 21309 21277 1 0 0 3 
0.776015 -5 1.26396 -1.03679 2.62754 -0.32919 4.02979 22 582 12403 12311 1 0 0 2 
-5 2.17609 0.767216 0.191508 0.279766 -0.108158 3.98853 22 583 1386 1385 1 0 0 1 
4.4573 -3.48486 -5 -0.310582 0.441189 0.773507 3.90166 22 584 48646 48645 1 0 0 1 
1.42964 -5 -2.18024 -0.223462 0.317921 -0.265741 4.22726 22 585 31127 31126 1 0 0 4 
1.85516 -5 -3.81162 0.250955 0.429576 0.116644 3.9815 22 586 6706 6703 1 0 0 2 
5 0.0115505 -3.02045 -0.230554 0.400132 0.0172401 3.90818 22 587 32669 32588 1 0 0 1 
3.35012 -5 -3.514 -0.279677 0.342299 -0.256382 3.94692 22 589 5069 5068 1 0 0 1 
5 -4.27894 1.34451 -0.209698 0.228138 -0.0901092 4.10532 22 590 9129 9127 1 0 0 3 
1.38786 -5 1.88325 0.358209 1.69166 -0.763147 4.1673 22 591 11918 11899 1 0 0 5 
2.33781 -5 0.704475 -0.118998 0.416576 0.464377 3.88163 22 593 11208 10944 1 0.0515821 0.0515821 2 
4.27549 -5 -0.279739 1.11815 0.935746 0.852023 3.85589 -11 594 23642 23641 1 0.748146 0.748146 19 
-3.58243 -5 4.97067 0.00193373 1.05817 0.146379 3.93362 22 596 37043 37015 1 0 0 2 
3.64583 -5 0.822026 -0.342385 0.0849572 0.104395 3.97602 22 599 3275 3243 1 0.629169 0.629169 42 
-2.61307 -5 -0.542584 -1.37881 3.55685 1.98752 3.92005 22 600 30937 30887 1 0 0 1 
-3.30872 0.986011 -5 -0.138014 0.312535 0.379992 3.84654 22 601 2707 2664 1 1.74518 1.74518 44 
2.33791 -4.33506 -5 -0.028468 0.508898 0.398455 3.84598 22 602 1994 1940 1 0 0 4 
-4.56152 -5 2.97331 -0.065095 0.419245 0.0670319 4.14427 22 604 24312 24310 1 0 0 2 
0.882821 -4.15728 -5 -0.224503 0.377469 0.261219 3.88295 22 606 29347 29318 1 0 0 3 
0.504336 -5 1.48616 -0.141619 0.451051 0.334089 3.8998 22 607 6463 6441 1 0 0 4 
0.0356741 -5 -3.82782 -0.189873 0.465461 0.0917302 3.90161 22 609 1980 1978 1 1.42056 1.42056 9 
-4.32361 2.04155 -5 -0.869701 2.5438 3.64612 3.83585 22 610 7836 7662 1 0 0 6 
2.94484 -2.00582 5 -0.118641 0.218616 -0.158416 4.16812 22 611 31988 31964 1 0.294631 0.294631 18 
5 -3.25529 3.96027 -0.445347 0.292626 -0.451877 4.07484 22 612 34889 34865 1 0.0486621 0.0486621 2 
4.40064 -5 2.8916 -1.01721 2.30892 -0.246281 3.96561 22 614 11722 11562 1 0.307207 0.307207 4 
5 -0.0576636 -1.16912 -0.878513 1.21091 1.29693 3.8865 22 615 18913 18745 1 0 0 1 
1.3366 -1.0789 5 -0.242628 0.386956 -0.229165 4.15583 22 616 14363 14362 1 0 0 2 
-2.92359 -5 -2.263 -0.649458 1.05219 1.97896 3.84053 22 617 24588 24253 1 0 0 2 
-1.2063 -5 2.5307 -0.0563875 1.67216 -1.3009 4.20469 22 618 13559 13545 1 0 0 2 
-0.833277 -5 3.54442 -0.438314 0.262679 -0.000618406 4.09611 22 619 3050 3049 1 0.276491 0.276491 17 
5 -1.78149 -0.109361 -0.207483 1.03123 1.33357 3.87062 22 620 54093 53963 1 0 0 1 
1.2591 -5 3.91516 0.0104977 0.287143 0.422562 3.85295 22 621 24668 24667 1 0.204533 0.204533 23 
-4.86379 -5 0.980369 -0.175082 0.261064 0.446104 3.849 22 622 1121 1 1 0 0 4 
-3.22997 -4.39001 -5 -5.8465 10.7211 21.1424 3.8295 22 623 33717 33671 1 0 0 2 
3.135 -5 -1.4943 -0.579978 0.781185 -0.534959 4.05073 22 625 23411 23303 1 0 0 1 
-3.65081 3.63687 -5 -0.0587377 0.279756 0.355595 3.92181 22 626 19126 18784 1 0 0 1 
-4.04199 -4.96736 -5 -0.252489 0.780639 0.727888 3.83388 22 627 29922 19515 1 0.155655 0.155655 25 
-2.67514 -2.40915 5 -0.458895 0.556503 -1.1246 4.17424 22 628 17392 17360 1 0 0 2 
3.09058 -5 -2.40926 -0.146137 0.274663 -0.166165 3.98961 22 629 1453 1 1 0 0 1 
5 -2.04655 4.42258 -0.23414 0.302263 -0.339021 4.08114 22 630 1303 1272 1 0.738881 0.738881 54 
1.57482 -5 2.02381 -0.885604 1.67561 0.101256 3.96123 22 631 15532 15505 1 0 0 1 
1.77948 -5 1.08507 -0.116553 0.545196 0.477448 3.88473 22 632 10034 10017 1 0 0 1 
3.32842 1.82924 -5 -1.79375 2.96227 6.72511 3.82519 22 633 2923 2676 1 2.54969 2.54969 19 
-0.080599 -5 1.05389 -0.134549 0.20086 0.182027 3.89178 22 634 32705 32173 1 0 0 2 
-0.211975 -5 -2.67883 -0.225549 0.677262 0.980664 3.84699 22 636 18624 17312 1 0 0 7 
-4.71523 -5 1.0839 -0.13148 0.311286 0.0694409 3.92653 22 637 20593 20534 1 0.0227926 0.0227926 4 
-3.29627 -0.12386 -5 0.182214 0.10608 0.187325 4.01542 22 638 4851 4772 1 0.0062063 0.0062063 2 
1.86728 1.31895 -5 -0.1437 0.399352 0.284585 3.90184 22 639 8279 8278 1 0.124197 0.124197 2 
3.58204 -5 -0.536075 -0.158489 0.121846 -0.212429 4.05696 22 642 34460 34458 1 0.176491 0.176491 5 
5 1.35214 -3.65971 -0.111636 0.310285 -0.0333102 3.95417 22 643 21055 21032 1 0.0339909 0.0339909 6 
5 -2.8392 3.5222 -0.312336 0.275036 0.0763817 3.97294 22 644 12253 12250 1 0.0845116 0.0845116 3 
5 1.93632 4.367 -0.304031 0.403686 -0.0756482 4.04592 22 645 12122 12101 1 0 0 3 
3.10114 -5 2.23027 -0.244806 0.538932 0.149735 3.92872 22 646 2069 1 1 0 0 1 
5 -3.66702 -3.72723 -0.340489 0.0986078 -0.368054 4.02002 22 648 5835 5834 1 0.154607 0.154607 7 
-4.57791 -5 4.80182 -1.44432 1.24624 3.60436 3.86428 22 649 16568 16508 1 0.452923 0.452923 5 
-1.75661 -5 3.17717 -0.244286 0.289193 -0.239267 4.0783 22 650 35604 35571 1 0.0176538 0.0176538 3 
4.66812 -5 4.86129 -2.24429 3.63499 1.1858 3.89604 22 652 1173 1172 1 0 0 4 
3.4063 0.0673622 -5 -0.167919 0.678973 0.517781 3.8803 22 653 29842 29553 1 0 0 3 
2.93666 -5 0.1671 -0.121136 0.298904 -0.382385 4.16191 22 654 4550 4548 1 0 0 2 
5 4.8837 1.62569 -0.165094 0.375883 0.191894 3.89628 22 655 9270 9269 1 0 0 1 
2.51885 -5 1.68866 -0.284113 0.663365 0.483757 3.88355 22 656 10677 10397 1 0 0 2 
-0.224443 -4.66335 5 0.132769 0.100942 -0.760923 4.23164 22 657 11354 11259 1 0.337083 0.337083 4 
1.16881 -5 1.89558 -0.595145 1.28121 1.18534 3.88352 22 658 9819 9690 1 0 0 1 
5 -1.29904 0.180184 -1.64059 2.80819 3.02999 3.863 22 659 15636 15603 1 0.0469665 0.0469665 4 
5 -3.73994 0.276314 -0.853933 -0.124816 -1.47003 4.27737 22 660 9873 9872 1 0.540063 0.540063 27 
-0.577777 -4.3693 -5 -0.137672 0.117397 0.0917294 3.97701 22 661 18605 18604 1 0 0 1 
1.86599 -3.10747 -5 -0.198402 0.39377 0.238481 3.88619 22 662 43252 43186 1 2.22358 2.22358 3 
5 -4.06086 -1.45574 -0.300953 0.378816 0.223428 3.94304 22 664 29134 29133 1 0 0 2 
1.56052 -5 2.32636 -0.293914 0.177522 -0.171486 4.10309 22 665 47959 47957 1 0.140385 0.140385 3 
-1.543 1.36515 5 -0.644036 1.03483 -0.582051 4.10708 22 666 26849 26733 1 0 0 2 
5 2.10411 3.87524 -0.155055 0.33018 0.109155 3.96848 22 667 16267 16194 1 0.0946324 0.0946324 4 
4.26541 -3.46061 -5 -0.0541707 0.257456 0.452297 3.83396 22 668 20219 20159 1 0 0 3 
-2.68684 -5 -0.00455388 -3.10375 6.87814 3.85272 3.91453 22 669 19034 18840 1 0 0 4 
5 -1.62374 0.301039 -0.212786 0.0674428 -0.392817 4.08675 22 670 3466 3465 1 0 0 1 
2.57277 1.40511 -5 -0.0237429 0.174456 0.130147 3.88486 22 671 3498 1 1 0 0 4 
3.1194 -4.4303 -5 -0.224314 0.648665 0.142424 3.9147 22 672 18884 18067 1 0 0 1 
4.43419 -5 -4.61284 -1.52154 6.99817 4.16343 3.85051 22 673 5504 5306 1 0 0 1 
5 2.14853 -4.87014 -2.23003 4.16477 2.77302 3.90867 22 674 35686 35665 1 0 0 1 
3.70641 -2.83952 5 -0.258082 0.133678 -0.242904 4.10463 22 675 46492 46491 1 0.378537 0.378537 17 
4.89159 -5 3.65904 0.0637956 0.190377 0.306076 3.86608 22 676 8533 8532 1 0 0 3 
0.536463 -4.33834 -5 -0.215208 0.727462 0.946468 3.84107 22 678 12267 12131 1 0.312225 0.312225 33 
0.963859 -5 1.31548 -0.190704 0.4517 -0.143941 4.0349 22 679 3077 3051 1 0 0 1 
-0.655219 -5 0.925352 -0.72552 1.03275 1.41585 3.87111 22 680 13957 13905 1 0 0 3 
-4.80418 0.538994 -5 -0.446691 0.394019 0.597383 3.85298 22 681 11656 11286 1 0 0 2 
-0.238702 4.85035 5 -0.115962 0.104285 -0.266479 4.26281 22 682 16581 16580 1 0 0 1 
3.75638 -5 -3.98899 -0.404246 0.88894 0.0527489 3.98221 22 683 16735 16734 1 0.116066 0.116066 3 
3.78024 -1.00893 5 -0.103839 0.0141207 -0.282391 3.99298 22 684 5675 5674 1 0.447548 0.447548 32 
4.0647 -5 -1.45252 -0.108111 0.465513 -0.82006 4.18318 22 685 15324 15256 1 0 0 1 
-2.44529 -5 4.80133 -0.231435 0.355907 -0.0790052 4.02591 22 686 45344 45325 1 0 0 1 
2.42771 -1.6545 5 -0.436527 0.566963 -0.65401 4.17425 22 688 10400 10399 1 0 0 2 
5 0.125988 4.9159 -0.189453 -0.110937 -0.310565 4.15227 22 689 34254 34253 1 0 0 1 
-0.241452 -5 4.68263 -0.245198 0.446214 -0.0434832 4.03925 22 690 13971 13938 1 0 0 1 
3.80725 0.245413 -5 -0.118442 0.462013 0.183399 3.9115 22 691 1376 1355 1 0 0 1 
-1.96423 -0.541329 5 -17.7203 32.121 -30.8923 8.96782 2112 695 34498 34393 1 0 0 1 
-1.3013 -4.92936 -5 -0.132258 0.830555 0.26378 3.91972 22 697 1759 1736 1 0 0 5 
0.333241 -5 0.832379 -0.262499 0.438382 0.00592694 3.97267 22 698 21657 21613 1 0 0 2 
5 -4.02395 -2.69402 -0.112319 0.70311 0.358941 3.89133 22 699 1062 1 1 0 0 4 
0.41776 -4.9098 5 -0.241432 0.391979 -0.221773 4.06843 22 700 19254 19219 1 0 0 1 
5 2.48429 -2.63657 -0.139936 0.365213 0.0150601 4.00405 22 701 40310 40309 1 0 0 1 
0.929049 -5 0.0957785 -0.354417 0.287978 -0.229298 4.08813 22 702 1558 1533 1 0 0 2 
-2.73913 -3.87952 -5 -0.1299 0.321017 0.398612 3.85149 22 703 6697 6666 1 0.00608335 0.00608335 7 
5 -2.7172 0.871827 -0.0872742 0.106941 0.338618 3.90059 22 704 6044 6043 1 0 0 2 
-3.56445 -4.5285 5 -0.170367 0.321269 -0.110018 4.00167 22 705 4699 4698 1 0 0 1 
5 -2.63865 -4.1345 -0.29361 0.256251 0.00138284 3.9941 22 708 6609 6592 1 0.880817 0.880817 23 
4.36916 -0.269907 5 1.51389 -1.32275 -0.771083 4.14065 11 709 40587 40530 1 0.234639 0.234639 1 
-4.42756 -3.12278 5 0.0646844 0.340862 -0.123029 3.99088 22 710 5272 4197 1 0 0 3 
5 -2.90892 -1.06627 -0.0668763 0.557534 0.0462828 3.92124 22 711 11837 11746 1 0.292931 0.292931 27 
-1.95169 -5 -0.118745 -0.276952 0.3687 0.220177 3.9244 22 712 15004 14981 1 0 0 1 
-5 4.42378 0.807698 0.116548 -0.0203226 -0.163741 4.18848 22 713 3060 3059 1 0 0 2 
5 -3.01089 -2.95277 -0.343625 2.22067 0.593794 3.94271 22 714 39814 39797 1 0 0 2 
0.504902 -1.03479 5 -0.767282 3.83928 -3.15534 4.14396 22 715 36783 36780 1 0 0 1 
1.3044 -5 -4.1718 -0.455332 0.860711 0.605717 3.88967 22 716 2883 2590 1 0 0 3 
5 2.57269 1.64077 -0.524998 1.26231 0.882719 3.90259 22 717 9323 8322 1 0 0 3 
0.937644 -5 -3.53068 -1.00947 2.34035 2.54326 3.85659 22 718 13977 13854 1 2.03969 2.03969 4 
5 1.89658 -1.44932 -0.309743 0.0692491 0.154167 3.87636 22 720 5169 5045 1 0 0 6 
1.79342 4.31341 5 -1.23364 0.794423 -1.88609 4.31975 22 721 10093 10092 1 1.10215 1.10215 5 
3.37233 -5 1.75995 0.147446 0.970075 0.549487 3.9214 22 722 14498 14410 1 0.70724 0.70724 6 
2.00138 2.65225 5 -0.407701 0.570962 -0.299957 4.10691 22 724 59563 59438 1 0 0 1 
-4.48672 -5 1.34513 -3.3643 6.89818 1.78024 3.95756 22 725 2210 2148 1 0.980529 0.980529 10 
2.43719 -5 2.77094 -0.13637 0.415173 0.0289935 3.93581 22 727 12576 12575 1 0.437731 0.437731 19 
5 2.98172 -0.713482 -0.307402 0.142839 -0.358909 58.4359 22 728 21867 21836 1 0 0 2 
-3.14736 -1.33748 -5 -1.39054 4.62884 3.18214 3.85915 22 729 4646 4642 1 0.110123 0.110123 9 
1.52979 -0.0738379 -5 -5.36243 17.2539 24.84 3.83069 22 730 48127 48004 1 0 0 1 
-4.85784 -5 0.199143 -0.135331 1.10658 0.937123 3.85495 22 731 15584 15450 1 0.173112 0.173112 6 
0.594859 -5 2.89427 -0.664195 1.05901 0.505925 4.00691 22 732 29077 29001 1 0 0 1 
-1.12035 -5 1.20965 -0.262117 0.447538 -0.422469 4.16774 22 733 20032 19967 1 0 0 1 
-4.94255 -5 -3.12275 -0.303734 0.70507 0.600983 3.88574 22 734 54828 54498 1 0 0 1 
4.99417 -5 0.0924663 -1.05065 2.89255 0.236977 3.94019 22 735 16942 16877 1 0 0 3 
-3.1928 -5 -1.58419 -0.13277 0.177395 -0.195948 4.17789 22 736 3824 3702 1 0.207934 0.207934 28 
-2.50448 -3.83804 5 -3.22497 4.27881 -1.49414 4.03258 22 737 7484 7483 1 0.354704 0.354704 23 
2.42737 -1.23151 -5 -0.182369 0.395328 0.267539 3.92097 22 739 16857 16855 1 0 0 2 
4.38643 -5 0.801131 -0.510403 2.17882 -0.765487 4.06294 22 743 16130 16129 1 0 0 3 
4.49953 -2.10458 5 -0.0173907 0.504982 -0.0762254 4.04047 22 744 20585 20584 1 0 0 1 
4.44727 2.69031 5 -0.0680177 0.237473 -0.0549683 4.11167 22 745 8600 8599 1 0 0 3 
3.98546 -2.30067 5 -0.0833694 0.300308 -0.119099 4.0458 22 746 36165 36164 1 0 0 1 
5 4.44087 -2.15138 -0.510578 0.905839 -0.972285 4.30618 22 747 38316 38259 1 0 0 1 
-2.27635 -4.74108 5 -0.208495 0.426854 -0.161782 3.96556 22 748 36549 36395 1 0 0 1 
-1.69939 -5 0.144966 -0.190782 0.409404 -0.238978 4.0968 22 749 7391 7390 1 0.802202 0.802202 44 
2.5872 -5 3.24674 -0.121193 0.879231 0.127727 3.96894 22 750 13097 13091 1 0 0 1 
0.208481 -3.88217 -5 -5.78123 13.6957 15.7543 3.84625 22 752 11766 11699 1 0 0 3 
5 1.31911 -2.86606 -0.2314 1.68092 -0.140813 3.98496 22 753 12887 12866 1 0.495222 0.495222 38 
5 2.72653 4.95048 -0.634703 1.52878 -1.45986 4.2801 22 754 1801 1781 1 0 0 1 
4.86852 -5 1.35955 -1.60734 6.79292 5.3072 3.85919 22 755 15161 15093 1 0.418183 0.418183 28 
-0.624107 -5 -0.948462 0.0474267 0.458884 -0.219763 4.10548 22 756 7988 7987 1 0 0 2 
3.84327 -5 -4.82211 -0.202034 0.574505 -0.0127516 3.94133 22 757 13458 13424 1 0.218149 0.218149 4 
5 2.77879 -3.22019 -0.16087 0.108273 -0.0132838 4.03576 22 758 5344 5343 1 0.47212 0.47212 60 
0.93301 -5 2.45471 -0.128701 0.419293 0.0489936 3.97898 22 759 10687 10612 1 0 0 2 
5 -1.04115 0.0328232 -0.315213 0.177744 0.173766 3.94235 22 761 19901 19900 1 0.233455 0.233455 5 
5 2.6923 1.19088 -1.38527 4.0797 3.08832 3.89627 22 763 12352 12279 1 0.0145233 0.0145233 5 
3.2672 -0.736903 -5 -0.572917 1.39419 0.235535 3.97133 22 765 12317 12315 1 0 0 2 
5 -4.14394 3.83658 -0.318241 0.308542 -0.0123951 4.12893 22 767 9622 9621 1 0 0 2 
0.508825 -5 1.99329 -0.269053 0.312797 -0.041419 3.90642 22 768 35316 35156 1 0 0 1 
-2.78887 -2.00637 5 0.0976894 0.698271 -0.636648 4.33942 22 770 19642 19605 1 0.437937 0.437937 2 
2.37232 -5 -2.25717 -0.653849 0.933807 1.24099 3.84987 22 771 8095 8061 1 0 0 2 
5 -3.92053 -1.3999 -0.768754 0.501136 0.452118 3.97638 22 772 11033 11005 1 1.0225 1.0225 29 
3.56088 -5 -3.67624 -0.121547 0.187373 0.20695 3.85301 22 773 8108 8069 1 0.246861 0.246861 24 
5 1.20855 3.79686 -0.237037 0.523164 -0.729066 4.24734 22 774 21247 21213 1 0 0 1 
3.14883 4.00109 -5 -0.00276715 0.0251005 0.176304 4.11668 22 776 3709 3708 1 0.177714 0.177714 25 
0.272593 -5 -3.73257 0.116213 0.46449 -0.178502 3.94712 22 777 26193 26192 1 0.259701 0.259701 3 
0.84251 -5 4.95005 -0.0561023 0.505957 0.0444946 3.96419 22 778 9572 9555 1 0 0 3 
-0.806758 2.93111 5 -0.415199 0.760698 -0.446933 4.09194 22 780 7412 7386 1 0.248202 0.248202 31 
2.19781 -5 2.37595 -0.474264 1.92877 1.60142 3.89372 22 781 28068 28051 1 0 0 1 
-4.61815 -5 -4.14643 -0.221559 0.428704 -0.168061 4.06567 22 782 20057 20056 1 0.287232 0.287232 13 
-0.547001 -4.10134 5 0.115079 0.247492 -0.185458 3.97786 22 783 2450 2329 1 0.329742 0.329742 20 
3.25534 -5 4.07399 -0.260408 0.404346 -0.17266 4.07677 22 784 2012 2011 1 0 0 2 
-0.271256 -5 3.20839 -0.545919 1.61416 3.23467 3.85484 22 785 13083 13056 1 0 0 2 
0.670282 -5 -2.11991 -0.250986 1.00597 0.499141 3.91019 22 786 8186 8119 1 0 0 1 
-1.92352 -5 1.95347 -0.272551 0.934596 0.0292474 3.94955 22 787 25137 25123 1 0 0 1 
5 0.478581 -2.92298 -0.159602 0.47551 0.208661 4.00085 22 788 15553 15552 1 2.06837 2.06837 53 
0.834188 -5 -3.68865 -0.440425 0.783685 0.47603 3.88745 22 789 56226 56195 1 0.139954 0.139954 2 
1.88369 -2.61133 5 -0.532874 1.17048 -0.481464 4.05097 22 790 3518 3517 1 0.149169 0.149169 29 
1.77143 -5 -2.25774 -0.400213 0.739771 0.217709 3.934 22 791 6579 6488 1 0.196356 0.196356 23 
-4.43224 -2.24629 -5 -0.0591386 0.371034 0.166772 3.91232 22 792 19299 19146 1 0 0 1 
2.16668 3.24734 5 -0.212096 0.205261 -0.242991 4.04432 22 793 16163 16162 1 0 0 2 
5 4.69827 -4.38737 -0.27395 0.0975276 0.139044 3.97804 22 794 11168 11074 1 0 0 1 
0.516642 -2.57058 -5 -0.27966 0.390136 0.124022 3.87902 22 795 35619 35483 1 0 0 1 
3.66858 -5 -0.137265 -0.131316 0.570654 0.0768006 3.94913 22 796 17321 17241 1 0 0 1 
2.97698 -5 4.60953 -0.504619 0.96624 0.728929 3.89416 22 797 42336 40624 1 0 0 1 
0.172642 -5 -4.23653 -0.1739 0.443424 7.3103e-05 3.96889 22 798 3710 3531 1 0 0 1 
-1.1861 -3.39654 -5 -2.07174 4.15013 2.52706 3.87816 22 799 26632 26507 1 0 0 3 
-3.67386 -5 -1.63652 -0.807248 1.42152 0.143921 3.96674 22 804 21162 21129 1 0 0 1 
3.3716 -5 -1.22108 -0.106637 0.226116 -0.136741 4.02517 22 805 5353 1 1 0.782009 0.782009 41 
0.851756 -5 3.12006 -0.299241 0.306844 0.278248 3.93224 22 808 38027 38022 1 0 0 1 
-0.669919 -5 -3.27548 -0.349834 0.903145 0.47555 3.90881 22 809 47386 47358 1 0 0 1 
2.92495 -5 -4.00365 -0.183294 0.45492 -0.143424 3.96824 22 811 15483 15453 1 0 0 2 
4.63283 -5 -0.478152 -0.169665 0.465856 -0.12374 4.04855 22 812 11050 11049 1 0.356281 0.356281 3 
-0.648084 -4.10801 -5 -3.07548 7.18131 4.95448 3.89458 22 814 32730 32706 1 0 0 1 
-0.717914 -5 3.22889 -0.366307 0.938391 0.785435 3.90341 22 815 13342 12667 1 0.349771 0.349771 24 
5 4.47024 -0.495522 -0.280491 0.12983 0.102976 3.94626 22 816 21047 20917 1 0 0 1 
-0.629603 -5 -4.87603 -0.435965 0.913301 0.418067 3.85489 22 817 6799 6775 1 0 0 4 
-4.42847 -5 -2.15092 -0.155326 0.463574 -0.148636 3.9578 22 819 17635 17612 1 0 0 3 
-5 3.58286 3.64179 0.122087 0.0729003 0.0846098 4.25413 22 820 13406 13351 1 0 0 2 
2.69897 -5 3.17097 -0.637259 3.07626 0.171226 3.94763 22 821 10323 10181 1 0.252527 0.252527 31 
5 -4.45395 -1.64037 -0.255768 0.094612 -0.124704 3.9383 22 823 20524 20464 1 0 0 4 
-4.32126 -2.76996 -5 -0.422231 0.228027 0.216838 3.92339 22 824 37023 36946 1 0 0 1 
-0.666029 -5 3.70775 -1.4378 8.35065 4.75099 3.90837 22 825 2878 2877 1 0.0308423 0.0308423 6 
2.74166 -5 -1.0546 0.0520077 0.409794 -0.300806 4.04509 22 827 51515 51514 1 0 0 1 
1.17962 -5 2.66079 0.0292058 0.546109 0.216058 3.89807 22 828 52544 52433 1 0 0 1 
-4.37178 -4.12669 5 0.166828 0.252455 -0.243298 4.13323 22 829 15224 15194 1 0 0 2 
1.23231 -5 -0.537402 -0.121603 0.283825 0.146413 3.85852 22 830 19288 16439 1 0.622831 0.622831 30 
-3.94626 2.59864 -5 -0.15177 0.153462 0.339067 3.85405 22 832 42063 39826 1 0 0 2 
1.45242 -1.51969 5 0.119338 0.289222 -0.404016 4.21594 22 833 13230 13229 1 0.510622 0.510622 20 
0.346514 -5 2.77793 -0.114196 0.451958 -0.209316 4.12119 22 834 2118 2098 1 0 0 1 
0.0342897 -5 0.0552774 -0.593738 1.23933 0.262878 3.9463 22 835 25814 25699 1 0 0 3 
-5 4.51102 -1.23426 0.0579446 0.296706 -0.0560237 3.98303 22 836 18270 18140 1 0 0 3 
-3.62084 -5 4.27553 -1.31323 2.8513 0.718929 3.93504 22 837 8853 8691 1 0 0 3 
5 4.48392 -0.0109011 -0.104964 0.275681 0.214896 3.90594 22 838 2123 1992 1 0.308201 0.308201 15 
-2.68236 -5 -1.89817 -0.493694 0.745337 0.534019 3.86823 22 840 43906 43406 1 0 0 1 
-2.58298 -5 -0.897921 -1.35047 2.23427 -0.849953 4.03598 22 842 15716 15715 1 0 0 3 
-2.05848 -5 -4.82913 -0.197917 0.413826 0.327969 3.85986 22 843 23585 23555 1 0 0 2 
2.17655 -5 0.795087 -0.823415 0.401438 0.578601 3.97774 22 844 22132 22073 1 0 0 1 
1.03931 -5 -2.05235 -0.225816 0.188587 0.219593 3.85899 22 845 3149 2952 1 0.909398 0.909398 34 
-3.12565 -5 1.99514 -0.0961589 0.332274 0.198604 3.90676 22 847 17262 17261 1 0 0 2 
2.95506 -5 1.2192 -0.0841323 0.379315 0.054247 3.88431 22 850 25703 25550 1 0 0 2 
3.99429 4.71912 -5 -1.29436 3.56004 5.15681 3.83912 22 851 23850 23475 1 0 0 1 
5 0.898881 1.99641 -0.375747 2.64232 -0.246518 4.0809 22 852 5523 5400 1 0 0 1 
-0.801387 -5 1.64343 -0.0332354 0.0993198 -0.158299 3.96377 22 854 21680 21679 1 0.256731 0.256731 17 
-3.75214 -5 -4.71651 -0.125578 0.238232 -0.228432 4.03026 22 856 1951 1485 1 0 0 1 
-4.63666 -5 -2.12164 -1.37067 2.82326 2.34102 3.87187 22 857 42913 42861 1 0 0 1 
-0.141768 -5 1.15852 -0.249522 0.270054 0.225696 3.87664 22 858 4186 4092 1 0.712623 0.712623 3 
-4.44752 -5 -1.55037 -0.0456183 -0.0269095 0.374441 3.90605 11 859 3080 3060 1 0.00545909 0.00545909 3 
-0.827131 -5 -4.64204 -0.145574 0.248763 -0.147232 4.16091 22 860 15089 15087 1 0 0 4 
1.47549 -5 -1.75395 -0.135544 0.0790275 -0.129403 4.06298 22 861 12288 12123 1 0 0 1 
-4.2358 -5 3.98924 -0.139248 0.435519 0.228151 3.89624 22 862 14613 14612 1 0 0 1 
3.45431 -5 -1.4901 0.0835162 2.11858 -3.30301 4.16201 22 863 14589 14544 1 0 0 2 
0.293364 3.63102 -5 -0.351858 0.857735 1.18649 3.8451 22 865 34410 34110 1 0 0 2 
-0.680037 -5 0.661387 -0.124354 0.436065 -0.179862 4.09268 22 866 44464 44463 1 0 0 1 
1.03876 -5 -3.19443 -0.126574 0.128573 -0.111898 3.95579 22 868 42530 42505 1 0 0 1 
1.835 -5 -1.0724 -0.121444 0.397193 -0.297673 4.183 22 870 3899 3898 1 0.308585 0.308585 7 
3.33625 -2.63418 -5 -1.14712 2.90931 4.22161 3.85077 22 871 30789 30285 1 0 0 1 
-5 -3.30252 -1.42713 0.0957747 0.456372 -0.136399 5.45827 22 872 4061 4058 1 0 0 3 
0.0665351 2.09185 -5 -0.0465222 -0.0143555 0.219211 3.95372 22 873 8124 8038 1 0 0 4 
2.37781 -5 0.736925 -0.766683 6.40574 6.23614 3.87373 22 874 38002 37893 1 0 0 1 
4.87418 -5 -1.91339 0.015127 0.419177 0.0117316 4.01343 22 875 46442 46441 1 0 0 1 
-0.799596 -5 1.34477 -0.152564 0.177859 0.317689 3.88408 22 876 4904 4901 1 0 0 3 
4.36223 -5 -1.01424 -2.23792 7.78101 2.11913 3.87511 22 877 1091 1002 1 0 0 3 
4.71773 -0.407505 -5 -1.68283 2.42052 2.56606 3.8391 22 878 7074 7073 1 0.397687 0.397687 5 
5 -2.2572 -1.20065 -0.146488 0.466701 0.0526602 4.00705 22 879 35900 35697 1 0 0 1 
-3.48148 2.16731 -5 -0.253286 0.937401 0.227048 3.941 22 880 7101 7040 1 0.327883 0.327883 9 
-2.07353 0.948109 -5 -0.382233 1.15417 0.961849 3.90174 22 882 50393 50270 1 0 0 1 
2.3646 2.59594 -5 -0.28882 0.650108 1.20788 3.89052 22 885 5758 5673 1 0 0 1 
5 -3.57203 4.77529 -0.474065 0.595542 0.493897 3.90385 22 886 38729 38686 1 0 0 1 
5 0.385179 -1.85656 -0.974659 3.38549 2.02701 3.891 22 889 34050 34021 1 0 0 1 
4.15514 -5 0.127781 0.0374382 0.164908 -0.381096 4.02969 22 890 33857 33817 1 0 0 1 
4.08919 -5 -4.86727 -0.286681 1.03712 0.466409 3.87266 22 891 21105 20982 1 0 0 3 
-0.0626808 -5 3.49364 -0.37927 0.820838 0.192638 3.95068 22 892 8133 8025 1 0 0 1 
5 4.54075 -2.09757 -0.167048 0.329903 -0.155358 3.93371 22 893 7220 7218 1 0 0 1 
5 2.85702 2.95504 -0.113254 0.523185 0.0919361 3.96399 22 895 28585 28456 1 0 0 2 
2.84467 -2.18197 -5 -0.291204 0.376775 0.185367 3.87501 22 897 27197 27196 1 0 0 2 
-3.22114 -5 2.2961 -0.220777 0.180723 0.107159 4.12256 22 898 17261 17191 1 0.304516 0.304516 18 
1.7094 -5 0.493142 -0.182859 0.322371 -0.0293134 3.98116 22 899 15551 14371 1 0.124215 0.124215 4 
-2.93012 -5 3.13628 -0.30447 0.551107 0.441784 3.94664 22 901 12963 12962 1 0 0 4 
-2.07314 -1.83285 -5 -0.293463 0.59504 0.392021 3.88543 22 902 15356 14410 1 0.569718 0.569718 24 
0.927329 0.734922 -5 -0.937794 2.1261 4.11285 3.8389 22 903 50300 50038 1 0 0 1 
-4.43355 -5 -2.20655 -0.13255 0.393668 0.103158 3.8874 22 904 9453 9018 1 0 0 1 
0.737347 -1.44516 -5 -0.195285 0.261127 0.308127 3.89217 22 907 2048 2047 1 0 0 2 
5 1.85825 4.37485 -0.122828 0.702158 0.0619927 4.00458 22 908 13278 13277 1 0 0 1 
-2.37659 -5 0.763403 -0.474911 1.24725 -0.727991 4.10986 22 909 21004 20898 1 0 0 2 
-3.73606 -5 3.55997 -0.499195 1.23692 0.853428 3.89653 22 910 12303 12301 1 0.202339 0.202339 12 
0.850091 -5 -2.2468 -0.00801489 0.30543 -0.201404 4.11048 22 911 27158 27157 1 0.112436 0.112436 3 
-4.52539 -5 0.700787 -0.481964 0.257095 0.25847 3.86123 22 912 16500 16472 1 0.206268 0.206268 4 
-0.22968 3.47151 5 -0.353869 -0.097372 0.0608805 3.98431 11 913 13925 13922 1 0 0 1 
-4.05349 -5 1.95312 -0.373696 0.474958 0.347019 3.88463 22 914 28467 28037 1 0 0 2 
5 -4.18872 -2.94005 -0.173999 0.280091 -0.23027 4.0457 22 915 10425 10299 1 4.41357 4.41357 54 
-2.48782 -5 -4.4143 -4.90462 12.6261 -0.980791 3.90766 -11 917 1758 1757 1 7.27273 7.27273 139 
-1.63902 -5 0.362577 -0.288967 0.608663 0.427012 3.89382 22 919 5064 5062 1 0 0 1 
-2.72244 -5 -4.89516 -0.191417 0.39979 0.254259 3.89523 22 920 26854 26852 1 0 0 1 
-3.78751 -5 4.14227 -0.286781 0.297015 -0.0486047 3.97915 22 921 24958 24291 1 0 0 2 
4.03848 -5 2.94293 -0.572521 1.18601 0.803706 3.87584 22 922 1745 1725 1 0.0173021 0.0173021 7 
5 -1.06809 2.56384 -0.319054 0.398705 0.0189515 3.95852 22 923 29922 29921 1 0 0 2 
-3.88913 1.63821 -5 -0.15697 0.53218 0.324083 3.88831 22 924 52279 52250 1 0.399814 0.399814 3 
2.6164 -5 -0.133727 -1.26421 1.23573 3.1846 3.88932 22 925 1005 1004 1 0 0 1 
5 -4.36036 -2.99975 -0.0544064 0.248574 0.300874 3.83985 22 926 15903 15770 1 0.39369 0.39369 25 
2.3194 -5 0.00985184 -0.174846 0.457643 -0.145298 4.02973 22 927 9912 9911 1 0 0 3 
-1.58598 4.71579 -5 -0.240058 0.485546 0.323874 3.9058 22 928 18994 18966 1 0 0 3 
5 0.226086 0.0183191 -0.16945 0.357274 0.13584 3.98297 22 929 3691 3670 1 0 0 3 
5 -3.74532 -3.28686 -0.149701 0.310608 -0.198572 4.07287 22 930 43927 43926 1 0 0 1 
0.347309 0.629844 -5 -0.115472 0.231698 0.285951 3.92263 22 931 20457 20455 1 0.385507 0.385507 17 
2.13072 -5 1.45604 -0.300266 0.151781 0.268271 4.05063 22 933 23762 23761 1 0 0 1 
-2.32752 -1.80835 5 0.0806256 0.20361 -0.457343 4.07852 22 934 5693 5692 1 0.293602 0.293602 3 
2.71884 -5 -4.95736 -3.29998 4.09549 1.22066 3.84969 22 935 11005 10980 1 0 0 3 
-4.98876 -5 -4.28418 -1.56863 2.87236 1.14939 3.90048 22 936 33896 33840 1 0 0 1 
5 3.15801 3.76166 -0.174556 0.255038 -0.343617 4.0327 22 937 17941 17940 1 0 0 2 
4.28918 -5 4.33021 -0.109961 0.389278 -0.659044 4.16904 22 938 27871 27870 1 0.143784 0.143784 14 
1.33365 -5 -0.467453 -0.461089 0.943344 -1.56232 4.29251 22 939 48022 47998 1 0 0 1 
-4.82385 -2.15369 -5 0.326486 0.375378 0.116696 3.86597 22 940 25511 25482 1 0.29642 0.29642 2 
-4.98775 -5 1.07856 -0.243008 0.214342 0.351632 3.92849 22 942 16075 16074 1 0 0 2 
5 2.35645 0.542774 -0.192165 0.287822 0.104385 4.05232 22 943 33453 33451 1 0 0 1 
-0.172675 -5 -1.81646 -0.138552 0.455769 0.184927 3.96785 22 944 14497 14468 1 0 0 2 
5 2.04262 -2.84531 -0.0704182 0.447683 0.236095 3.92298 22 945 2555 2554 1 0 0 1 
5 2.87227 2.89651 -0.242835 0.373321 -0.00452733 4.00773 22 946 7006 6992 1 0 0 2 
0.098302 -5 2.82188 -1.01888 3.46693 6.03292 3.86811 22 947 12069 12001 1 0 0 2 
5 -2.42089 -4.20362 -0.271489 0.243063 0.247 3.89031 22 948 14370 14369 1 0 0 1 
-2.07301 -5 -1.88337 -0.607585 0.478333 1.0701 3.86497 22 950 27708 27323 1 0 0 1 
5 -0.0916274 2.25615 -0.263966 0.124079 -0.180415 4.24036 22 952 22848 22847 1 0.342585 0.342585 23 
5 0.832211 -2.61662 -0.121814 0.352867 0.145152 3.91135 22 953 22741 22725 1 0 0 1 
3.9404 1.59279 -5 -0.411066 0.254714 0.280972 3.89577 22 954 16310 16280 1 0 0 2 
-1.74128 -5 -3.31318 -2.15132 3.00625 2.77128 3.88449 22 956 5263 5113 1 0 0 3 
1.37374 -5 -4.50559 -0.138986 0.298462 0.0486195 3.92727 22 957 2066 2041 1 0 0 3 
5 -2.94575 -2.75513 -0.660478 1.08018 -0.00314371 3.94747 22 958 27463 27462 1 0 0 1 
5 -4.30884 1.19148 -0.302097 0.123094 -0.0905869 3.96454 22 959 12875 12874 1 0.0292897 0.0292897 17 
3.18444 -5 1.21351 -0.537098 1.22295 -0.273412 3.98651 22 960 7120 7119 1 0 0 1 
4.7684 -5 -4.73205 -0.452334 0.900893 0.677968 3.87179 22 961 45659 45602 1 0.324787 0.324787 22 
4.15067 -5 -0.0716971 -0.0511741 0.397728 -0.208287 4.07639 22 962 13324 13323 1 0 0 2 
5 -4.68222 2.51478 -0.60067 1.20853 0.306497 3.91006 22 963 10419 10203 1 0.950605 0.950605 25 
0.93688 4.21217 5 -0.191627 0.277924 -0.160073 4.10908 22 964 25633 25600 1 0.278859 0.278859 24 
-4.84693 -5 2.47873 -0.367671 0.117167 -0.181141 4.03092 22 965 10121 10118 1 0 0 3 
2.57004 -5 2.21066 0.122565 0.299126 -0.335707 4.28347 22 967 11563 11561 1 1.05275 1.05275 72 
-4.10317 -4.87671 -5 -0.282734 0.946455 0.763772 3.87046 22 968 18557 17654 1 0 0 1 
-3.27136 2.1431 -5 -0.082054 -0.189484 0.496288 3.86348 22 970 29490 29304 1 0.022919 0.022919 2 
3.03179 -5 3.88672 -0.426244 0.470429 0.0860546 3.9416 22 971 17650 17625 1 0 0 3 
-2.31691 -5 2.12543 -0.433653 0.517198 0.975172 3.85859 22 972 16880 16771 1 0 0 4 
5 -2.05972 0.888614 -0.360008 0.566695 0.673089 3.92893 22 973 14410 14331 1 0 0 2 
-2.28481 -1.64391 5 -0.137367 0.163216 -0.243181 4.14802 22 974 32704 32492 1 0 0 2 
0.854026 -5 -1.82459 -0.311071 0.19062 0.357798 3.93363 22 975 16325 16324 1 0 0 2 
4.53995 -5 2.72507 -0.291613 0.413478 -0.0715401 4.02333 22 976 42568 42567 1 0.144998 0.144998 2 
2.05502 -5 -4.63952 -0.197088 0.754066 -0.0416034 3.94852 22 977 25590 25554 1 0 0 1 
-1.29435 -5 -2.36463 -1.0279 1.95938 -1.29252 5.11135 22 978 19254 19251 1 0 0 1 
-0.0207343 -5 -0.27803 -0.666107 1.47675 -0.0171301 3.98217 22 979 24371 24369 1 0 0 1 
2.62982 -5 0.610052 -0.278445 0.280934 -0.195722 3.98959 22 981 8949 8785 1 0 0 2 
-0.0356415 -0.53392 -5 -0.213478 0.445123 0.485488 3.85222 22 983 6084 5950 1 0.309624 0.309624 5 
-0.0974732 2.53035 5 -0.0422978 0.500596 -0.093459 4.09929 22 984 12326 12325 1 0.175275 0.175275 7 
5 4.81291 2.15995 -0.0696441 0.481554 -0.144362 4.20603 22 985 6421 6420 1 0.417608 0.417608 29 
3.79041 -1.98756 5 -0.157017 0.319481 -0.0643615 4.0492 22 987 15052 11963 1 0 0 1 
4.00774 -5 4.85081 -0.139683 0.587453 0.7817 3.86905 22 988 31775 31564 1 0 0 2 
0.178879 4.55811 -5 -0.0618705 0.474096 0.180346 3.90787 22 989 1412 1411 1 0 0 2 
-0.0370018 -5 -4.93543 -0.0597138 0.209974 0.30766 3.83502 22 990 29082 28987 1 0 0 1 
5 1.47413 3.39847 -0.253854 0.297753 -0.0325365 4.10372 22 991 8505 8482 1 0 0 2 
-1.27966 4.59904 -5 -0.0809917 0.18743 0.229258 3.98245 22 992 40603 40578 1 0 0 2 
-2.31279 -5 4.99789 -0.184941 0.0479869 -0.178335 4.14848 22 993 16972 16971 1 0 0 2 
-1.1776 2.5165 -5 -0.19239 -0.0533675 0.308084 3.89338 22 994 5005 5004 1 0.0667201 0.0667201 5 
-5 0.0582558 1.72952 0.0849605 0.225802 -0.450461 4.02654 22 995 24050 24017 1 0 0 1 
1.69384 -2.14244 5 -0.0706943 0.44371 -0.255675 4.04262 22 998 14894 14893 1 0.516574 0.516574 24 
5 2.04113 3.58796 -0.100279 0.356121 -0.0710226 4.01361 22 999 8718 8717 1 0.376442 0.376442 14 
5 -3.6096 -4.66843 -0.225866 0.328431 -0.319746 4.15968 22 1000 21620 21619 1 0 0 1 
