# Det3_4_9
#x y z Px Py Pz t PDGid EventID TrackID ParentID Weight Edep VisibleEdep Ntracks
1.47013 5 -3.65174 -0.034016 -0.262456 -0.437127 3.77951 22 1 9269 9266 1 0.769896 0.769896 59 
1.89704 4.22036 5 0.213223 0.0106957 -0.0768839 3.71008 22 3 7867 7774 1 0 0 3 
5 4.55615 4.14013 -0.461027 -0.160218 -0.15134 3.84507 22 4 21218 21187 1 0 0 2 
4.30293 5 -0.328741 -1.48858 -1.41196 0.916568 3.66599 22 5 15827 15826 1 0.0325407 0.0325407 7 
-3.92571 5 2.19807 -0.499517 -0.396435 0.169197 3.72201 22 7 8424 7964 1 0.137661 0.137661 39 
2.90119 -4.91325 5 -0.109549 -0.120285 -0.484407 4.23712 22 8 3000 2999 1 0.197599 0.197599 9 
-4.897 2.46846 5 0.0624967 -0.220904 -0.336294 4.08 22 9 7283 7259 1 2.50544 2.50544 13 
5 -0.368295 3.62792 -0.236665 -0.0703822 -0.157683 3.76097 22 10 27762 27133 1 0.279584 0.279584 17 
0.325971 -2.24917 5 -0.0762128 -0.0547092 -0.388725 4.05595 22 11 6599 6596 1 0.160541 0.160541 2 
-1.96459 5 -2.27622 -0.264907 -0.292276 0.0967866 3.71109 22 12 10214 10197 1 0 0 2 
3.33704 -3.38523 5 -0.269201 -0.206808 -0.381944 3.95324 22 13 17134 17104 1 0 0 3 
5 4.5228 -0.379387 -0.221729 -0.285168 -0.209087 3.75723 22 14 14999 12837 1 0 0 1 
3.93572 -3.70264 5 -0.0180064 0.109356 -0.147924 3.78473 22 15 36880 36876 1 0.154726 0.154726 22 
2.87447 5 -1.53605 -0.343778 -0.373035 0.0614978 3.73014 22 16 2965 2964 1 0 0 3 
-5 1.01446 3.13212 0.0159974 0.285466 0.121815 3.71874 22 17 28209 28092 1 0 0 3 
3.37944 0.723057 -5 -0.495647 0.0107477 0.695705 3.64043 22 19 1135 1 1 0.855297 0.855297 26 
0.0567367 5 4.82226 -2.14552 -1.67306 8.89978 3.66058 22 20 15298 14891 1 2.3486 2.3486 51 
5 -4.73126 3.14534 -0.344105 -0.202824 -0.318706 3.8066 22 21 13305 13280 1 0 0 1 
5 0.321123 -1.34519 -0.451578 -0.915446 1.90954 4.65226 22 22 17264 17261 1 0 0 3 
2.96081 5 0.28735 -0.696122 -0.368691 -0.412655 3.8022 22 23 5761 5715 1 0 0 3 
1.52786 2.56189 5 -0.0648836 -0.0844803 -0.499773 4.27392 22 24 10551 10550 1 0.318893 0.318893 9 
5 -0.187058 -4.00547 -0.315437 -0.293156 0.0354579 3.66007 22 25 12625 12624 1 0.431716 0.431716 24 
5 4.88033 -1.3677 -0.62867 0.220381 0.462376 3.65894 22 26 22793 22524 1 0.40872 0.40872 38 
0.203521 5 -3.06901 -0.347441 -0.322711 0.0935594 3.69342 22 27 20863 20811 1 0.455247 0.455247 51 
5 -4.64402 -3.34534 -36.6784 -23.2077 33.2568 5.91275 2112 28 13429 13286 1 1.53693 1.53693 6 
4.49202 1.06653 5 -0.35892 -0.105057 -0.130375 3.73423 22 29 3279 3278 1 0.266788 0.266788 12 
5 0.705035 0.81143 -3.5466 -6.82707 6.01599 3.65319 11 30 5730 5132 1 13.3598 13.3598 183 
2.78407 -4.16074 5 -0.230722 -0.246399 -0.383633 3.87346 22 31 20000 19975 1 0.240063 0.240063 30 
-1.33885 5 0.51715 -0.268831 -0.182467 0.155428 3.66512 22 32 1710 1040 1 0.163001 0.163001 24 
-5 0.122138 0.443336 0.112723 -0.242585 0.0993383 3.69576 22 33 7299 7297 1 0.424776 0.424776 48 
-0.921783 5 3.86202 -0.468707 -0.160494 -0.205015 3.79662 22 34 2218 2197 1 0.220663 0.220663 36 
0.941269 -0.984225 5 -0.13019 -0.0707246 -0.120031 3.74698 22 35 7598 6405 1 1.16015 1.16015 32 
5 4.06622 -4.59166 -2.41318 -0.723082 5.48155 3.63099 22 36 3611 3432 1 0.0271143 0.0271143 6 
5 2.58698 4.03947 -0.237447 0.0277943 -0.451626 3.84513 22 37 4602 4577 1 0.133973 0.133973 27 
5 1.23215 1.43404 -0.433107 -0.562988 -0.644369 3.80926 22 38 34654 34600 1 0 0 3 
5 -3.09411 4.57021 -5.94331 -2.5276 3.40018 3.68576 22 39 5019 4864 1 0.355943 0.355943 44 
4.11874 -3.18479 5 2.73946 -6.69368 -3.72443 3.68085 11 40 1279 1 1 7.15012 7.15012 37 
2.01824 5 -4.69281 0.32884 -0.103879 -0.377085 4.07268 22 41 31444 31443 1 0 0 1 
5 -0.753373 1.13102 -0.927278 -0.648637 1.82313 3.66054 22 42 8709 8635 1 0 0 5 
5 -3.39861 -4.13511 -0.377242 -0.398121 -0.09356 3.79512 22 43 23143 23098 1 0 0 1 
-1.3949 4.89496 -5 -3.08412 -1.94078 6.69334 3.6317 22 44 20733 20605 1 0 0 4 
5 3.77328 -1.29943 -0.578911 0.0268198 0.286711 3.68359 22 45 20652 20550 1 0 0 5 
0.0864709 1.29145 5 -0.511888 -0.0797312 -0.845291 4.8678 22 46 34534 34436 1 0 0 2 
3.0331 0.462975 -5 -0.425026 0.1804 0.218926 3.66941 22 47 6620 6619 1 0 0 1 
1.90761 4.26471 5 0.344847 -0.191026 -0.565821 3.72684 22 49 7245 7244 1 13.925 13.925 120 
-0.820782 2.80553 5 -0.195707 -0.10763 -0.116473 3.88237 22 50 14667 14666 1 0.251319 0.251319 33 
5 1.65575 1.54488 -0.23337 -0.130639 0.181953 3.77823 22 51 11385 11384 1 0 0 3 
2.52189 5 3.69523 -0.391462 -0.327717 -0.0218835 3.72336 22 52 33184 33181 1 0.188575 0.188575 2 
-1.60737 5 0.978603 -0.102824 -0.0631307 0.49655 3.67598 22 53 14771 14736 1 10.7897 10.7897 127 
-3.87259 1.22602 5 -0.302197 0.0931007 -0.204362 4.25454 22 54 26808 26790 1 0.139183 0.139183 7 
-3.71221 1.92732 -5 -1.02507 -0.134703 1.00501 3.66316 22 55 8451 6777 1 0 0 2 
5 -4.95069 -1.47666 -0.184562 -0.111339 0.0299469 3.76865 22 56 23823 23752 1 0.177753 0.177753 22 
-5 0.126482 1.22151 0.106083 -0.0449726 -0.118568 3.79029 22 57 16855 16796 1 0.0378879 0.0378879 4 
-0.518748 4.39481 5 -0.141985 -0.172754 -0.151316 3.7146 22 60 17124 16992 1 0.177876 0.177876 31 
-1.71288 -0.592874 5 -0.178435 0.0294317 -0.477928 3.99664 22 61 2882 2881 1 0.687309 0.687309 55 
-0.476734 -1.24671 -5 -1.05724 -0.0656158 0.884723 3.66316 22 62 7416 7312 1 0.057504 0.057504 10 
5 1.81216 2.46454 -3.20902 -3.61339 -7.7853 3.67154 11 64 6479 6478 1 13.3687 13.3687 45 
-0.363876 5 3.88926 -0.339202 -0.109511 -0.366155 3.8225 22 65 23376 23375 1 0.202843 0.202843 15 
5 -3.0326 0.793447 -0.168359 -0.123296 -0.455172 3.98783 22 66 11412 11411 1 0.325595 0.325595 6 
1.74357 0.789453 5 -2.75427 -8.85766 -0.774215 3.73281 22 67 3930 3810 1 1.39962 1.39962 54 
2.00743 5 2.32752 -0.568938 -0.217429 -0.572788 3.7871 22 68 12703 12702 1 2.16191 2.16191 33 
-0.359827 3.43851 -5 -0.449123 -0.619656 0.661972 3.67858 22 69 2964 2963 1 0.0604988 0.0604988 4 
5 -1.66799 3.13217 -0.167798 -0.131224 0.0432492 3.69712 22 70 6645 5743 1 4.01911 4.01911 120 
4.85907 4.42789 -5 -0.23356 -0.288817 0.0244692 3.75114 22 71 20410 20409 1 0 0 1 
-4.48815 1.65895 5 -0.110905 -0.0742043 -0.391875 4.05856 22 72 2243 2242 1 0.974337 0.974337 34 
3.72518 -3.84063 5 -0.165895 -0.12259 -0.140676 3.79086 22 73 4681 4680 1 0.156987 0.156987 4 
1.49393 0.754246 5 -0.662199 -1.73622 -1.65732 3.79847 22 74 3586 3585 1 0.0342357 0.0342357 12 
-0.0319629 5 -0.382398 -0.139225 -0.0516938 -0.338218 3.81233 22 75 3910 3909 1 0.368902 0.368902 35 
-1.22373 5 2.5319 -0.227283 -0.099162 -0.446799 4.04725 22 76 3490 3469 1 0.45118 0.45118 41 
-0.653582 5 3.7295 -0.313834 -0.159164 -0.370533 3.79371 22 77 5831 5830 1 1.05167 1.05167 46 
4.53073 5 1.21684 -0.420151 -0.143845 -0.252788 3.73043 22 78 35377 35350 1 0.504594 0.504594 7 
5 -0.146538 4.20757 -0.275502 -0.421285 0.0879607 3.68314 22 79 8061 8060 1 4.4755 4.4755 40 
5 -1.64165 -3.03401 -0.579344 -0.268958 -0.0407579 3.72742 22 80 12748 12727 1 0 0 2 
3.08469 5 -1.51383 -0.116979 -0.131633 0.396555 3.64168 22 81 2763 2449 1 0.387944 0.387944 31 
5 -3.41968 -0.76634 -0.245844 -0.416313 -0.165421 3.70012 22 82 2909 2893 1 0.225716 0.225716 26 
3.88742 1.01787 5 -0.344574 -0.160474 -0.341521 3.81257 22 83 5549 5548 1 3.01294 3.01294 35 
5 2.32689 -2.45607 -0.212583 -0.44409 0.136793 3.69135 22 85 26437 26436 1 3.11505 3.11505 6 
-4.14353 5 4.14257 -0.21328 -0.103888 -0.0266384 3.73134 22 86 14372 14259 1 6.44958 6.44958 55 
4.52971 5 -3.7618 -0.277246 -0.359028 -0.235272 3.72251 22 87 15137 15114 1 0 0 2 
5 -3.62324 0.770893 -0.211186 -0.0969931 0.0181939 3.9249 22 88 5806 5761 1 0.232672 0.232672 30 
5 4.02417 -4.88681 -13.3279 -3.50331 16.8236 3.63575 11 89 31559 31398 1 7.11574 7.11574 57 
5 0.923811 0.186568 -0.439655 -0.194325 -0.173381 3.76623 22 90 45738 45734 1 0.317471 0.317471 22 
-0.805732 -1.88046 -5 -0.120808 -0.222005 0.2324 3.66272 22 92 33653 33499 1 0 0 2 
-1.48327 5 2.7823 -0.172982 -0.0804858 -0.42678 3.86935 22 93 1751 1750 1 0.0778548 0.0778548 9 
5 3.99927 -2.79782 -1.60552 -1.33829 -2.26641 3.85811 22 94 4726 4696 1 0.145967 0.145967 7 
1.19625 -2.87966 5 -0.232209 0.143632 -0.257225 3.74256 22 95 20512 20451 1 0.434985 0.434985 63 
2.13186 -4.58688 -5 -10.881 -2.31622 8.67827 3.64364 22 96 22135 22081 1 1.79557 1.79557 16 
-5 2.9432 4.36305 0.135264 -0.0088284 0.0436567 4.23969 22 97 15301 15283 1 0.619343 0.619343 37 
-1.31691 -2.17454 5 -0.265962 -0.276579 -0.938594 4.08908 22 98 3268 3097 1 0.374649 0.374649 27 
5 -0.953331 4.00969 -0.448764 -0.30583 0.0301402 4.71448 22 99 2901 2900 1 4.02837 4.02837 33 
5 -1.64239 -0.759876 -0.470873 -0.110728 0.0496502 3.66798 22 100 21675 21601 1 0.183524 0.183524 7 
-0.561373 5 -0.304475 -0.55633 -0.307061 0.207668 4.68688 22 101 8501 8498 1 0.188405 0.188405 6 
-0.519931 -0.640051 -5 -0.087198 0.140242 0.250223 3.82782 22 102 5651 5447 1 0.230793 0.230793 22 
5 4.31353 -1.47139 -1.81229 -0.278264 -0.120835 3.71791 22 103 30231 30181 1 0 0 2 
2.60556 4.71427 5 -0.469405 -0.16498 -0.116451 3.70225 22 104 2726 2693 1 0.30129 0.30129 25 
4.41531 5 3.57157 -0.946759 -0.410938 0.0516256 3.71091 22 105 1426 1349 1 0 0 4 
4.37254 1.62613 5 -0.176051 -0.104982 -0.468086 3.78609 22 106 17801 17781 1 0 0 10 
5 -3.8832 2.9436 -0.290208 -0.174524 0.00704084 3.74079 22 107 4786 4557 1 0 0 1 
5 4.54094 0.771174 -0.406885 -0.299414 0.076915 3.7191 22 108 2079 2063 1 0.141244 0.141244 8 
5 2.62802 -2.12619 -0.958346 -0.539 0.267347 3.67019 22 109 1001 1 1 0.0580984 0.0580984 8 
5 -2.15146 -1.30208 -0.326816 -0.177414 -0.350479 3.84501 22 110 8115 8114 1 0.192372 0.192372 26 
5 2.29038 -0.287384 -0.46867 -0.146889 -0.211709 3.70512 22 111 20220 20219 1 0 0 3 
0.432919 5 -1.51896 -0.666724 -0.555833 -0.698778 3.71924 22 112 1118 1116 1 3.36171 3.36171 39 
5 -3.11209 4.0548 -0.736711 -0.755397 -0.41174 3.83847 22 113 56973 56954 1 0 0 1 
5 1.20762 2.84627 -1.53696 -0.393327 0.453096 3.71095 22 114 26402 26383 1 0 0 2 
-4.6657 4.76967 -5 -0.304046 0.0105453 0.498678 3.66257 22 115 17304 17256 1 0.22811 0.22811 26 
5 0.31794 0.284267 -0.872814 0.285994 -1.02947 3.71596 22 116 11029 11028 1 0.470748 0.470748 6 
5 1.94465 -3.50353 -0.249482 0.00156542 0.0503955 3.65073 22 117 5998 5630 1 0.950245 0.950245 81 
-2.07205 4.47902 5 -0.259755 -0.128887 -0.420756 3.95816 22 118 6298 6268 1 0 0 4 
5 4.75729 -1.39559 -0.801342 -0.054308 2.32246 3.64154 22 119 41488 41331 1 0 0 2 
5 -4.75957 -1.13702 -0.152896 -0.0639617 0.107487 3.66968 22 120 6744 6055 1 0 0 3 
2.32279 -5 3.92488 -0.102668 0.205839 -0.114315 4.08476 22 121 10198 10172 1 5.28345 5.28345 35 
5 -0.692182 -4.79562 -1.89937 -0.331444 -0.786038 3.75346 22 123 9842 9840 1 0 0 3 
5 3.47587 1.67681 -0.43319 -0.0558946 0.067691 3.65246 22 124 15499 15498 1 3.39159 3.39159 78 
0.651793 5 3.85008 -0.196641 -0.199344 -0.427451 3.86872 22 125 7382 7381 1 0.537775 0.537775 19 
5 4.19238 1.81805 -2.07065 -0.60225 3.28775 3.66602 22 126 38813 38457 1 9.18467 9.18467 49 
3.87049 5 -3.7872 -0.23578 -0.149859 0.115763 3.65204 22 127 11621 11568 1 0.30211 0.30211 25 
2.27006 5 4.6169 -0.101605 -0.0861565 0.177276 3.66035 22 128 1520 1441 1 4.40088 4.40088 51 
2.95307 2.40325 5 -0.115764 -0.316223 -0.384346 3.90636 22 129 10689 10656 1 0 0 2 
3.75731 2.42075 -5 -0.989847 -0.251466 0.351705 3.67178 22 130 4829 4828 1 8.72665 8.72665 128 
5 -1.78029 1.69445 -0.509739 -0.00438603 -0.0355895 3.68228 22 131 7132 7106 1 0.0638696 0.0638696 6 
5 -1.55694 2.22832 -1.39624 4.89693 -1.62664 3.66623 11 132 7955 7952 1 6.07163 6.07163 129 
-4.25872 5 0.00328075 -2.72868 -4.11569 13.6152 3.65352 -11 133 18851 18850 1 0.890301 0.890301 42 
3.5779 -2.96643 -5 0.0695072 -0.364856 0.365794 3.65823 22 134 5030 4935 1 0.45467 0.45467 12 
-0.610206 1.86724 5 -0.381806 -0.226684 -0.287608 3.72414 22 135 21213 21147 1 0 0 4 
3.95087 1.86676 -5 -0.475822 -0.648278 2.65682 3.63499 11 136 2545 2418 1 3.05392 3.05392 106 
5 3.42279 -0.544744 -0.325936 -0.12946 -0.15952 3.79286 22 137 4318 4317 1 0.185808 0.185808 7 
5 3.92694 1.57511 -0.304686 -0.129362 -0.389296 3.73986 22 138 4869 4868 1 0.637789 0.637789 30 
1.55489 2.79384 5 -0.333158 -0.241884 -0.302684 3.84309 22 139 4059 4057 1 0.177943 0.177943 24 
3.21727 1.59779 -5 -0.507864 -0.137135 1.11913 3.62688 22 140 28095 27555 1 0.383443 0.383443 25 
3.35513 3.18317 -5 -0.274792 -0.198625 0.38105 3.63431 22 141 7047 6947 1 0.337528 0.337528 8 
-4.86183 -0.942752 -5 -0.110747 -0.243096 0.0802893 3.68765 22 142 7916 7903 1 0.137859 0.137859 22 
3.98145 4.23811 -5 -0.321387 -0.136179 1.40965 3.62382 22 143 1001 1 1 16.6685 16.6685 115 
5 -4.52273 -1.67362 -0.369374 -0.180501 -0.261504 3.88664 22 144 12821 12820 1 0 0 2 
5 -1.06077 -2.71612 -0.20053 -0.139156 0.138613 3.65397 22 146 10478 10394 1 0.280396 0.280396 22 
3.47427 -3.00624 5 -0.235093 -0.298349 -0.341817 3.76336 22 147 7754 7753 1 2.74077 2.74077 104 
2.90216 1.58437 5 -0.183351 0.128156 -1.00588 3.81149 22 148 28826 28778 1 0.0938709 0.0938709 6 
4.10181 2.82005 -5 -0.463848 -0.273708 0.533987 3.64324 22 149 5422 1 1 0 0 5 
5 -3.41784 2.46592 -0.36286 -0.238439 0.157742 3.69695 22 150 2710 2677 1 0 0 7 
5 0.804888 -3.64251 -0.224516 -0.153171 0.168258 3.68607 22 151 4347 4044 1 0.0900639 0.0900639 5 
-1.27311 4.91435 -5 -0.336243 0.00377258 0.384768 3.71978 22 152 23427 23413 1 0.555449 0.555449 4 
2.91854 0.282942 -5 -0.0568882 -0.0283699 0.143858 3.63782 22 153 11206 10830 1 0.415727 0.415727 35 
3.21477 5 -1.63111 -0.152371 -0.303205 -0.590868 3.94396 22 154 10768 10739 1 0 0 1 
5 2.81367 4.41415 -0.291493 0.0545717 0.145107 3.71415 22 155 7933 7904 1 0.0655593 0.0655593 6 
5 -1.7296 1.49767 -0.380222 -0.293604 -0.174207 3.789 22 156 5726 5725 1 0.680332 0.680332 36 
5 -1.03544 3.20644 -0.404996 -0.300116 0.0838376 3.73371 22 157 21074 21073 1 0.0635691 0.0635691 5 
5 0.744735 -1.2286 -15.9047 -10.8869 4.07904 3.69528 -11 158 21733 21732 1 4.71243 4.71243 16 
2.92656 -0.232247 -5 -1.51699 -0.578294 4.39319 3.62785 22 159 1286 1 1 2.2966 2.2966 52 
5 0.81922 -1.83366 -20.795 4.24069 22.9726 3.64454 11 160 28713 28661 1 5.98959 5.98959 47 
-1.37835 5 4.39871 -0.885481 -0.957066 0.816695 3.70439 22 161 26164 26117 1 0 0 2 
-1.0602 -4.23553 5 -0.198355 -0.0308229 -0.361582 3.74687 22 162 3922 3884 1 3.05925 3.05925 13 
5 2.34387 -3.04543 -0.323356 -0.119136 0.0839002 3.65949 22 163 5176 5153 1 1.17821 1.17821 69 
5 2.14625 0.482858 -0.0761754 -0.0982253 -0.339655 3.76285 22 164 16411 16410 1 0.402814 0.402814 20 
5 3.52908 -4.81741 -2.97541 -1.15418 1.77175 3.66332 22 165 1762 1661 1 0.318093 0.318093 53 
5 1.81829 2.11974 -0.338718 0.0932852 -0.371063 3.87385 22 166 11978 11952 1 0 0 2 
5 -4.09722 -0.366511 -0.248146 0.0338553 0.00182097 3.65418 22 167 2074 1960 1 0.174117 0.174117 6 
0.668779 5 1.45473 -2.59391 -0.696625 -1.17071 4.0727 22 168 9041 8989 1 0 0 5 
5 -2.76844 -1.18326 -0.39477 -0.186664 0.11236 3.67956 22 169 29928 29927 1 0.206954 0.206954 30 
5 4.99914 -0.338304 -0.267754 -0.131773 0.753058 3.64396 22 170 10885 10839 1 0.217733 0.217733 23 
4.2297 5 0.987974 -0.176266 -0.492137 -0.233763 4.32554 22 171 8546 8544 1 4.74271 4.74271 28 
1.90205 5 -2.05237 -0.257274 -0.419907 0.136414 3.66167 22 172 11834 11833 1 0 0 10 
-2.9452 1.12382 -5 -46.5165 -8.04306 50.7764 4.97071 2112 173 2086 2044 1 0 0 7 
0.515662 4.09563 5 -0.290014 0.0029041 -0.1075 3.74276 22 174 10842 10841 1 0 0 3 
-5 -0.981441 -4.44889 0.232096 -0.400611 0.38866 3.68681 22 175 14456 14454 1 0.41555 0.41555 22 
5 -0.472603 3.57164 -0.294806 -0.303814 0.286194 3.70764 22 176 16226 16225 1 0.278631 0.278631 25 
5 -2.77895 1.68098 -0.179581 -0.193291 -0.121105 3.70738 22 177 26079 24771 1 1.98848 1.98848 30 
5 -3.04496 -3.53764 -0.65487 -0.273291 -0.219614 3.74986 22 178 32130 32129 1 1.28052 1.28052 9 
1.74384 -1.22362 -5 -0.417271 -0.287926 0.393626 3.64906 22 179 9569 8729 1 0.291107 0.291107 9 
-3.2733 5 2.48647 -0.268792 -0.108404 -0.05469 4.31352 22 180 27816 27791 1 0.393146 0.393146 26 
0.67346 5 1.38815 -1.04723 -0.513683 -0.432013 3.78228 22 181 2287 2262 1 0 0 2 
5 4.11543 4.25216 -0.383194 -0.00553689 0.819721 3.66141 22 182 28977 28806 1 0 0 5 
5 3.49796 0.654224 -0.0459789 -0.0375531 -0.123485 3.84411 22 183 2332 2331 1 0.637647 0.637647 47 
5 -1.65234 -1.90983 -0.385913 -0.289652 0.168205 3.67068 22 184 1880 1842 1 0.7595 0.7595 49 
1.53982 3.31115 5 0.0565326 -0.14764 -1.05308 4.04551 22 185 15476 15441 1 0.0542668 0.0542668 5 
5 1.42922 2.71815 -0.410134 -0.302463 -0.0377591 3.75625 22 186 1315 1314 1 0.273274 0.273274 24 
-1.52956 5 -4.26538 -0.186698 -0.255127 0.062506 3.67365 22 187 1221 1124 1 0.213533 0.213533 31 
5 1.75372 -1.59415 -0.77 -1.8407 2.9023 3.6517 22 188 40356 40263 1 0 0 1 
3.08019 -4.41198 5 -0.6914 0.113898 -1.57971 4.03334 22 189 10363 10362 1 0.163477 0.163477 11 
3.49376 5 1.21777 -0.172369 -0.0828159 -0.158598 3.76964 22 190 4662 4612 1 2.24352 2.24352 47 
-0.619547 -1.2473 5 -0.141837 0.131946 -0.269836 3.86959 22 191 4986 4985 1 0.241225 0.241225 24 
3.81748 3.88844 -5 -0.743984 0.109479 1.87943 3.63239 22 192 8929 8790 1 0.116552 0.116552 7 
4.9454 5 1.80461 -0.149593 -0.0491289 -0.212773 3.86126 22 193 40166 40164 1 0.264091 0.264091 43 
0.89867 3.82908 5 -0.0882522 -0.0786301 -0.269435 3.87454 22 194 7327 7240 1 0 0 1 
5 -2.08866 -4.3375 -0.306358 0.0408863 0.192577 3.64301 22 195 2554 2197 1 0.716354 0.716354 29 
3.14391 2.46125 -5 -0.335326 -0.228295 0.477847 3.65496 22 196 11509 11339 1 0.626446 0.626446 25 
4.50567 -3.61941 -5 -0.593204 -0.902699 1.00256 3.65431 22 197 1059 1 1 0 0 7 
5 -2.12138 3.89716 -0.11957 -0.369909 -0.331648 3.8763 22 199 15661 15660 1 0 0 4 
5 -1.38751 -1.32676 0.812979 -0.84923 -7.16884 3.67768 -11 200 29503 29502 1 0.718603 0.718603 3 
5 0.296971 1.92879 -2.67122 -0.237305 4.00355 3.66714 22 201 41423 41319 1 0 0 2 
-3.23245 -3.55509 -5 0.173267 0.0604373 0.476913 3.69151 22 202 6754 6701 1 0.238869 0.238869 26 
4.35561 2.60118 5 -0.123501 -0.174725 -0.103888 3.6959 22 203 24442 24272 1 14.5762 14.5762 177 
5 -0.899307 4.88255 -0.27663 0.0746129 -0.230918 3.79185 22 204 21821 21735 1 0.367577 0.367577 29 
5 4.08049 -2.29414 -0.129916 0.0672408 -0.105846 3.72847 22 205 4877 4804 1 0 0 3 
-1.76422 -0.418252 -5 0.028755 -0.0982026 0.15183 3.95537 22 206 31079 31078 1 1.59739 1.59739 5 
2.19889 -2.18927 -5 -0.724061 -0.457763 0.822363 3.64966 22 207 3426 3332 1 0.39863 0.39863 30 
5 -0.320936 3.62956 -0.400926 -0.205177 0.0340273 3.73825 22 208 1768 1726 1 0.251101 0.251101 4 
0.519835 2.14702 -5 -1.07463 -0.948399 0.957293 3.64227 22 209 6166 6165 1 8.40753 8.40753 84 
-2.16667 -5 -3.37572 0.00217068 0.510364 -0.0253627 4.27509 22 210 6919 6917 1 0.123479 0.123479 5 
-0.430262 5 4.33832 -0.777165 -0.803053 0.427946 3.76472 22 211 27811 27810 1 0 0 1 
1.62192 5 -4.65107 -0.261904 -0.0935377 -0.109085 3.71581 22 212 17097 15276 1 0.80317 0.80317 22 
2.55493 2.94866 -5 -0.254708 -0.150025 0.265793 3.64189 22 213 2151 1337 1 0 0 7 
4.17895 4.23543 -5 -0.135878 -0.182577 0.269899 3.64463 22 214 22908 22847 1 0 0 2 
3.39185 1.96101 5 -0.134663 -0.180946 -0.458524 3.84557 22 216 6603 6601 1 0.119938 0.119938 9 
4.95445 -4.37876 5 -0.25933 -0.145734 -0.83888 4.15609 22 217 13044 12907 1 0.196761 0.196761 28 
4.75842 4.73947 5 -0.330848 0.0202621 -0.388907 3.77535 22 218 3101 3098 1 0 0 3 
5 -2.65104 -1.40106 -0.162475 0.0264063 -0.0761971 3.70269 22 219 12953 12952 1 0.0692306 0.0692306 4 
5 4.29633 -4.38983 -0.181976 -0.0260249 -0.476788 3.85195 22 220 5111 5092 1 0.510482 0.510482 35 
5 1.6287 -3.53505 -0.63088 -0.312942 0.422011 3.67297 22 221 8991 8956 1 0.225141 0.225141 11 
4.32637 -2.14824 5 -0.0800473 -0.134928 -0.207088 3.82245 22 222 10345 10254 1 0 0 3 
5 -0.850027 2.51868 -0.230382 -0.100905 0.0255471 3.81474 22 223 27546 27545 1 0.252333 0.252333 28 
-2.53753 5 -4.14201 0.00418681 -0.025282 0.015173 3.64051 22 224 9225 9215 1 0.102818 0.102818 19 
4.62694 1.28839 5 -0.799329 0.161351 -1.94869 3.73791 -11 226 9614 9613 1 2.02019 2.02019 55 
5 0.401351 -4.14694 -0.453925 0.233716 0.0211846 3.6954 22 227 4288 4287 1 0.136786 0.136786 3 
-2.26727 5 -2.11379 -0.150575 -0.505656 -0.218722 4.01428 22 228 6569 6568 1 0.324378 0.324378 28 
5 -4.5988 4.71491 -0.391492 -0.322652 0.0612317 3.69134 22 229 3631 3630 1 2.48405 2.48405 55 
2.18549 -1.96403 -5 -0.196489 -0.137799 0.114555 3.65817 22 230 9194 9193 1 13.9348 13.9348 54 
5 -0.676695 -2.81317 -0.232373 0.0348143 -1.26046 4.06359 22 231 4733 4732 1 0.602034 0.602034 40 
3.29304 3.56987 -5 0.136231 -0.316097 0.377682 3.65678 22 232 1601 1577 1 0.784027 0.784027 38 
5 -3.2139 0.561296 -0.269334 -0.16593 0.198086 3.67109 22 233 5906 4287 1 0.629651 0.629651 82 
5 -0.823141 2.47409 -0.398086 -0.0946369 0.200372 3.73397 22 234 37413 37392 1 0 0 2 
5 -3.17937 -3.69668 -0.297369 -1.06708 0.707989 3.65329 22 235 8676 8591 1 0.0737197 0.0737197 15 
5 1.92673 0.424348 -2.28272 0.837291 0.09675 3.69375 22 236 18497 18467 1 3.12685 3.12685 10 
5 2.92388 -3.7623 -0.43476 -0.0832984 0.255274 3.6585 22 237 16804 16737 1 0 0 10 
-1.31108 -1.22846 -5 -5.40342 -1.20076 7.55754 3.63982 22 238 9332 9325 1 0.329479 0.329479 10 
-2.34935 4.51398 -5 -0.448503 -0.0965683 0.659846 3.66713 22 239 34551 34528 1 0.161529 0.161529 22 
2.17824 -3.69608 -5 -0.539089 -0.488284 0.561339 3.68146 22 240 42561 42560 1 0 0 2 
5 0.101329 1.56067 -0.337474 -0.162519 0.209319 3.67036 22 241 45839 45753 1 0 0 1 
3.13161 -2.32404 5 -0.47102 -1.08001 -1.32735 3.84106 22 242 13394 13352 1 0.689681 0.689681 42 
5 -0.700178 -1.65097 -0.275515 -0.413655 -0.118748 3.77197 22 243 22147 22125 1 1.67155 1.67155 32 
5 1.8875 4.05255 -0.387659 -0.305417 -0.132518 3.79561 22 244 17727 17726 1 0.030147 0.030147 8 
-1.8968 4.75695 -5 -0.334394 -0.327336 1.2396 3.62554 22 245 4426 3751 1 0 0 4 
-1.58914 -1.88866 5 -0.485878 -0.634728 -0.813101 3.81562 22 247 9389 9338 1 0.448223 0.448223 33 
4.05553 2.91527 5 -0.0038948 -0.0318552 -0.182669 3.73593 22 248 23626 23503 1 0.626074 0.626074 37 
-4.46013 5 -2.16725 -0.193555 -0.136189 0.17256 3.72284 22 249 6661 6297 1 0.278489 0.278489 18 
-3.43492 3.61875 5 0.11001 -0.0408154 -0.380764 5.05105 22 250 2359 2299 1 0.219412 0.219412 37 
1.74481 0.590223 5 -0.434556 -0.25489 -0.0855107 3.73504 22 251 19742 19741 1 0.171999 0.171999 25 
1.72666 -1.50144 -5 0.0974768 -0.101964 0.165719 3.66568 22 252 3596 3595 1 5.66865 5.66865 81 
1.94048 5 -1.68065 -0.45303 -0.137979 -0.375651 3.79092 22 253 23586 23585 1 0 0 6 
-4.14248 5 3.81947 -0.291167 -0.131125 -0.133109 3.86703 22 254 7431 7367 1 0 0 1 
5 3.35589 0.665546 -0.205552 -0.102891 0.224519 3.67587 22 255 3087 3086 1 3.27166 3.27166 3 
5 4.88659 4.52728 -0.856691 -0.355463 1.81768 3.65943 22 256 5222 5039 1 0 0 8 
5 -1.42811 -4.75592 -0.464333 0.0258703 0.164388 3.67059 22 257 24458 23488 1 0.905479 0.905479 46 
5 0.933571 2.02587 -1.54195 -1.54404 -0.668453 3.72201 22 258 4320 4317 1 0.468269 0.468269 48 
4.5667 5 1.05107 -0.0542669 -0.186474 -0.308933 3.80661 22 259 7540 7539 1 0 0 8 
5 -3.98222 -3.23364 -0.395967 -0.111687 0.195405 3.72144 22 260 5242 5241 1 0.738177 0.738177 13 
5 4.40572 -3.79487 -0.224843 -0.0804118 -0.451774 3.84217 22 261 21540 21539 1 2.46409 2.46409 41 
-1.18767 4.89854 -5 -0.750278 0.0876563 1.209 3.64015 22 262 22460 22372 1 1.65878 1.65878 26 
0.645501 5 0.638536 -0.189395 -0.105724 0.113699 3.70696 22 263 24563 24562 1 0.476849 0.476849 49 
0.907235 5 3.86597 -0.175837 -0.259806 0.0071044 4.56231 22 264 15402 15401 1 0 0 2 
0.417209 5 4.69826 -0.913779 -0.405796 1.00156 3.67712 22 266 10796 10599 1 2.87388 2.87388 8 
-0.147786 1.52611 -5 -0.75171 -0.0734665 0.414001 3.66718 22 267 10992 10484 1 0 0 4 
-0.182993 -4.53626 -5 -0.699316 -0.582386 0.281837 3.67019 22 268 32022 31984 1 0 0 7 
3.80821 0.76781 5 -0.515031 -0.248839 -0.240299 3.76512 22 269 10201 10112 1 0.27045 0.27045 4 
3.51527 -1.76571 -5 -0.945254 -2.33688 1.95086 3.64513 22 270 10371 10151 1 0.317553 0.317553 48 
0.122111 -4.01576 5 -0.0168359 -0.12792 -0.254416 3.8812 22 271 6351 6350 1 3.98692 3.98692 62 
1.63641 0.235197 5 -0.261972 -0.113901 -0.423695 3.97119 22 272 3961 3937 1 6.96363 6.96363 49 
5 -0.208309 2.41655 -3.37413 -1.50087 2.62839 3.66717 22 273 38781 38625 1 0.236019 0.236019 30 
5 -0.161052 -1.61248 -0.107515 -0.0896601 -0.491448 4.00066 22 274 28280 28278 1 1.48008 1.48008 8 
1.1987 3.37191 -5 -0.155946 -0.104441 0.112531 3.87017 22 275 3163 3139 1 0 0 2 
2.84681 5 1.49528 -0.0116191 -0.196113 -0.0779096 3.7564 22 276 6341 6304 1 0.211061 0.211061 20 
5 1.03904 0.859896 -0.258577 -0.0526411 -0.437592 3.98509 22 277 3894 3893 1 0 0 3 
5 4.46679 0.628221 -0.391084 -0.106731 0.390318 3.65898 22 278 19444 19443 1 0 0 2 
4.97778 0.420536 5 -0.285937 0.147511 -0.396989 3.76114 22 279 2489 2488 1 7.92711 7.92711 93 
5 2.69297 3.94254 -0.137981 0.0124916 0.036414 3.69919 22 280 23531 23530 1 5.54768 5.54768 114 
2.06273 -1.94066 5 -0.226353 -0.386729 -0.245612 3.77164 22 281 13135 13134 1 0.522888 0.522888 32 
5 3.05653 4.95919 -2.58168 -0.729167 1.57535 3.68124 22 282 48845 48844 1 0.326263 0.326263 4 
5 0.325043 -0.118192 -0.421114 -0.266224 -0.113611 3.69497 22 283 9691 9690 1 0 0 1 
5 0.737272 0.150966 -0.49461 -0.0694613 -0.107963 3.70602 22 284 20266 20232 1 1.02174 1.02174 7 
4.60593 -0.400204 -5 -0.205107 0.0750464 0.140509 3.66472 22 285 4681 4562 1 0.563606 0.563606 49 
1.66738 -4.39594 -5 -0.769637 -2.18315 16.7261 3.62139 22 286 3007 2879 1 48.3086 48.3086 395 
-3.9748 -3.99185 -5 -3.42919 -0.414552 8.40686 3.63325 22 287 1272 1191 1 0.0292905 0.0292905 20 
-5 4.59101 -1.67455 0.178315 -0.0262385 0.0428841 3.92554 22 288 14158 14157 1 0 0 1 
5 -1.60276 -3.30694 -0.623717 -1.01499 -1.52426 3.7136 22 289 4864 4863 1 1.49544 1.49544 50 
4.11755 -2.92437 5 -0.123568 -0.124881 -0.0664239 3.70132 22 290 2315 2314 1 1.19519 1.19519 77 
5 4.89388 1.95306 -1.24465 1.20084 2.12972 3.64978 22 291 26557 26241 1 0.166993 0.166993 24 
5 3.2373 4.50783 -0.415646 -0.102942 -0.278857 3.74261 22 292 8845 8844 1 0.373735 0.373735 6 
5 0.53396 4.22068 -1.71793 -0.0601492 -0.0290457 3.76778 22 293 3566 3519 1 0 0 9 
4.36223 5 0.645391 -3.61969 -4.15204 -1.88355 3.70028 11 294 4743 3309 1 6.27578 6.27578 61 
1.4162 -2.00283 5 -0.15612 -0.0116612 -0.555434 3.94478 22 295 2894 2863 1 0.287344 0.287344 6 
3.3902 -3.85632 5 -0.160901 -0.241853 -0.508479 3.87071 22 296 7397 7258 1 1.3812 1.3812 112 
5 2.8108 -4.41123 -0.160917 -0.0414691 0.00515451 3.69533 22 297 3725 3724 1 0.302587 0.302587 37 
2.00957 3.97265 5 0.283515 -0.27811 -0.629688 4.02072 22 298 3090 3045 1 0 0 3 
4.73172 5 2.72726 -0.264133 -0.0824406 -0.130132 3.75853 22 299 2109 2069 1 0.161937 0.161937 29 
4.41892 -5 1.21427 0.0627221 0.0804207 -0.0246848 3.67722 22 300 16869 16825 1 0.337301 0.337301 34 
5 3.75236 -3.10306 -0.207796 -0.0828703 0.0326598 3.69112 22 301 5064 5063 1 0.225872 0.225872 20 
5 -0.459719 2.71826 -0.407519 -0.71109 0.390381 3.67133 22 302 5157 5123 1 4.86309 4.86309 22 
5 -0.794642 -2.08141 -0.445573 -0.295639 0.0119159 3.70837 22 303 2744 2743 1 1.00376 1.00376 38 
1.84746 5 2.3198 -0.198217 -0.223262 -0.153596 3.7168 22 304 4127 4126 1 4.51376 4.51376 80 
5 2.62411 -4.87602 -0.785824 -0.449677 0.972844 3.64887 22 305 37396 37282 1 0 0 2 
5 0.951333 3.22916 -0.326767 -0.130144 -0.221337 3.81633 22 307 4049 4047 1 0.307222 0.307222 36 
5 2.69891 -4.29527 -0.474752 0.0617899 -0.178641 3.67161 22 308 7437 7434 1 0 0 6 
5 1.91343 3.58739 -0.106259 -0.0682689 -0.131164 3.80669 22 309 8070 1 1 0.181737 0.181737 26 
5 -1.81809 -3.84458 -0.843986 -0.361682 1.48924 3.64062 22 310 8831 8768 1 0 0 3 
5 1.74569 2.39537 -0.274246 -0.0320269 0.360814 3.66727 22 311 25236 25071 1 0 0 1 
-4.17333 5 -2.66161 -0.206586 -0.274006 -0.116907 3.67056 22 312 4663 4177 1 7.35109 7.35109 131 
-4.57142 4.94973 -5 -4.96214 -3.91578 14.41 3.63047 22 313 3980 3946 1 4.1954 4.1954 39 
5 -2.154 -1.19625 -0.201452 -0.253047 -0.395606 3.82845 22 315 33033 33022 1 0 0 2 
5 1.70929 -1.89144 -4.05785 -2.68163 6.41525 3.66259 22 316 3151 3045 1 3.69239 3.69239 49 
1.05783 5 4.82289 -0.470915 -0.197865 0.0144377 3.76325 22 317 8875 8874 1 0.162288 0.162288 3 
5 -4.83756 -4.92978 -1.1668 -0.240882 -0.434651 3.79922 22 318 26306 26247 1 0 0 2 
5 0.789017 4.70045 -4.78543 -1.76098 -7.52954 3.68923 11 319 5944 3975 1 4.53936 4.53936 46 
3.61737 -1.07906 5 -0.532386 0.12315 -0.523944 5.28157 22 320 2956 2954 1 0 0 4 
0.505453 -4.47929 5 -0.144292 -0.121849 -0.474818 4.09894 22 321 9157 9138 1 0 0 2 
-2.60086 -1.8687 -5 -0.848768 -0.19222 0.631211 3.67538 22 322 1756 1 1 9.03313 9.03313 14 
5 -3.98464 -0.920377 -5.33198 -2.48634 6.09454 3.6732 -11 323 25119 25118 1 3.55783 3.55783 39 
-4.9905 1.7804 5 -0.429458 0.0049513 -0.276878 3.74678 22 324 21080 21079 1 3.47684 3.47684 69 
-3.87921 -4.5734 5 -0.159234 -0.116526 -0.471366 4.13528 22 325 9318 9317 1 4.29963 4.29963 11 
-0.570662 5 3.63561 -1.55209 -1.24549 2.8212 3.67313 22 326 2077 1831 1 0 0 3 
4.98466 5 -0.873857 0.0442944 -0.258845 0.127149 3.72787 22 327 3362 3361 1 0.701333 0.701333 67 
5 1.54532 -4.87313 -0.397341 -0.167619 0.0616775 3.6967 22 328 9227 7325 1 0 0 3 
-0.0906601 -0.30365 -5 -0.0556115 -0.192352 0.0757083 3.76474 22 329 20902 20878 1 0.0130149 0.0130149 5 
4.72712 4.6753 5 -0.0744265 -0.315637 -0.142891 3.7429 22 330 21111 21082 1 0.789693 0.789693 49 
5 -1.86328 3.76657 -0.48722 -0.197446 0.102345 3.70414 22 331 2093 2031 1 1.47078 1.47078 57 
-2.02839 5 -3.84976 -1.29567 -1.87472 2.22864 3.68129 22 332 6581 6557 1 0 0 5 
5 2.79462 -0.383697 -0.410602 -0.144747 -0.267534 3.76385 22 333 1258 1257 1 0 0 7 
0.565076 -1.41798 5 0.00315465 -0.309202 -0.367808 3.95055 22 334 5645 5604 1 5.06028 5.06028 96 
5 -0.192261 4.395 -0.12939 -0.0544538 0.144381 3.77924 22 335 27448 27446 1 0 0 2 
5 3.6051 2.5366 -1.81197 0.0175607 2.21813 3.66409 22 337 6438 6344 1 0 0 4 
3.27285 5 -3.82228 0.0448477 -0.172355 0.0670703 3.78723 22 338 16810 16763 1 0 0 2 
5 -3.77647 -2.54037 -0.394312 -0.312217 -0.0903229 3.71915 22 339 2019 2018 1 0.350875 0.350875 35 
5 -2.054 -1.39755 -0.341956 -0.163208 0.796613 3.63968 22 340 12278 11663 1 0 0 7 
5 -1.36003 -4.01505 -7.51025 -3.53004 22.0054 3.63202 22 341 15844 15668 1 0 0 4 
4.01028 5 3.02467 -0.130763 -0.198384 0.517944 3.65442 22 342 2947 2946 1 0.328253 0.328253 7 
-0.0910606 4.0776 5 -0.290493 0.111262 -0.267335 3.86015 22 343 39246 39196 1 0 0 1 
-4.96402 -1.92287 -5 -0.146019 -0.0242428 0.367532 3.65463 22 344 19320 19318 1 0 0 4 
5 2.30177 3.32678 -0.633097 -0.200461 1.19008 3.6607 22 345 4395 4106 1 1.97385 1.97385 119 
5 2.91871 2.13159 -0.441559 -0.0696101 -0.247589 3.68797 22 346 5216 5191 1 7.41463 7.41463 98 
5 2.0181 0.981957 -0.33852 -0.0226579 -0.0656837 3.75236 22 347 7841 7818 1 4.25288 4.25288 142 
4.94765 4.50259 5 -0.264685 -0.0762464 -0.0784797 3.7545 22 348 36283 36282 1 0.0908264 0.0908264 3 
1.33056 -0.529862 5 -0.356018 -1.9601 -0.518892 3.74039 22 349 3394 3393 1 5.01926 5.01926 28 
4.94139 5 2.63614 0.0801925 -0.246944 0.00421146 3.67797 22 350 1189 1 1 0 0 5 
-2.14216 3.40067 5 -0.38651 -0.194108 -0.272124 3.85646 22 351 8758 8756 1 0 0 4 
5 -3.29377 -4.98008 -0.656541 -0.283038 -0.564298 3.78824 22 352 15699 15638 1 0 0 3 
5 0.517925 -3.04237 -22.722 2.61452 28.3266 3.63712 11 353 3038 2884 1 4.42524 4.42524 138 
5 2.64169 -4.79386 -0.18415 0.108678 -0.066004 3.73118 22 354 15437 15307 1 0 0 1 
1.83534 -3.05661 5 -0.424904 -0.291852 -0.586629 3.82418 22 355 14752 14737 1 0.381795 0.381795 7 
5 2.70784 -1.086 -0.113745 -0.359362 0.132562 3.69699 22 356 1253 1 1 0.181533 0.181533 4 
0.00643457 -3.78478 5 -0.579774 -0.340188 -1.60861 4.31336 22 357 37283 37129 1 1.85784 1.85784 25 
-0.92928 5 -1.50758 -0.313628 -0.390469 0.175838 3.68709 22 358 3864 3646 1 0.219375 0.219375 8 
5 4.30554 4.24644 -0.874183 -0.191795 0.384922 3.67247 22 359 1084 1 1 2.74683 2.74683 28 
0.840951 3.05978 -5 -0.48219 0.0467252 0.162572 3.69692 22 360 21867 21843 1 0 0 6 
2.80537 1.40504 -5 -1.02893 -2.14501 4.12487 3.63995 22 361 30734 30638 1 0 0 1 
5 -2.2931 -0.31492 -0.225497 -0.254425 -0.430482 3.78477 22 362 25674 25673 1 0 0 1 
5 4.50666 -3.60159 -0.34597 0.149502 -0.345071 3.66783 22 363 37394 37366 1 0 0 2 
5 1.91733 -3.62435 -0.358478 -0.357399 -0.069848 3.71364 22 364 15763 15741 1 0.0303225 0.0303225 8 
5 1.41491 1.76764 -0.416874 -0.238948 -0.240169 3.71807 22 365 36536 36534 1 0.0774252 0.0774252 2 
5 -2.233 2.25307 -0.408807 -0.30627 -0.0139816 3.72726 22 366 23012 23011 1 0 0 5 
5 1.27523 4.45142 -0.275816 -0.00488747 0.0280465 3.97238 22 367 18732 18731 1 0 0 5 
-2.07242 3.67003 5 -0.366262 -0.306173 -0.182293 3.78152 22 368 23323 23322 1 0 0 1 
5 1.16067 4.50431 -0.302079 -0.0436357 -0.168011 3.73925 22 369 16958 16916 1 0.375127 0.375127 14 
4.82182 2.81612 5 -0.226362 -0.279252 -0.235128 3.79976 22 371 4328 4327 1 0.947671 0.947671 8 
5 -0.78766 2.96148 -0.401168 -0.319875 0.252201 3.68291 22 372 7661 7328 1 4.30422 4.30422 30 
5 -0.527802 -2.23338 -0.0829276 0.170294 0.120099 3.66104 22 373 8465 8464 1 11.1878 11.1878 117 
5 -0.844008 -0.87498 -0.41941 -0.252994 0.130174 3.70244 22 374 22116 21264 1 0 0 1 
2.69532 -1.78934 5 -0.418728 -0.114853 -0.230272 3.71876 22 375 4931 4869 1 0.276403 0.276403 35 
5 1.46205 -3.00013 -0.168909 -0.328591 -0.0793194 3.70814 22 376 4988 4959 1 2.53364 2.53364 16 
2.75721 -1.0068 5 -0.0931689 -0.0456983 -1.42614 4.29915 22 377 4555 4554 1 0.0295916 0.0295916 15 
5 -1.66473 -2.32448 -0.342736 -0.294962 0.142477 3.66751 22 378 4984 4437 1 0.290606 0.290606 7 
5 -1.3878 -4.73214 -0.329168 -0.477375 0.39079 3.65642 22 379 10971 10897 1 1.34322 1.34322 7 
3.80221 0.767316 5 0.00154181 -0.0156494 -0.0252912 3.9702 22 380 28825 28807 1 0.0294511 0.0294511 17 
3.81204 5 -1.74918 0.27501 -0.419949 -0.0955633 3.7066 22 381 2432 2431 1 1.23694 1.23694 92 
5 4.24101 -3.621 -0.294433 -0.387088 -0.156819 3.68766 22 382 2965 2937 1 0 0 3 
5 1.86145 0.78306 -0.985199 -0.299639 2.01109 3.6535 22 383 22688 22617 1 0.510617 0.510617 32 
-3.69735 0.0830356 5 -0.245416 0.00822338 -0.448133 3.94272 22 385 4377 4347 1 0.791201 0.791201 43 
5 -1.07871 1.2119 -0.323274 -0.288435 -0.27096 3.75879 22 386 5379 5377 1 0.643026 0.643026 30 
5 -2.534 -1.06761 -0.0962509 -0.149749 -0.478989 4.26276 22 387 7771 7770 1 0.387523 0.387523 22 
5 -0.890154 -4.27701 -0.123103 -0.374177 -0.325511 3.80971 22 388 27902 27882 1 0 0 1 
4.01705 -1.06672 5 -0.155163 -0.163921 -0.350211 3.81861 22 389 4697 4664 1 0.42096 0.42096 57 
1.37919 5 -1.15915 -0.210969 -0.0470285 -0.430034 4.11697 22 391 5077 5065 1 0 0 4 
3.48529 2.22725 5 -0.127465 -0.0571603 -0.128477 3.69292 22 392 1964 1941 1 5.32968 5.32968 51 
-5 -0.0736626 -4.22763 0.144439 0.068681 0.0792619 3.75207 22 393 1030 1 1 0.877545 0.877545 65 
5 4.67058 1.80206 -1.32679 0.268803 1.18215 3.66388 22 394 9667 9583 1 0 0 4 
2.74192 3.10033 -5 -0.261129 -0.324649 0.848149 3.6283 22 395 12146 1 1 1.02267 1.02267 24 
4.88099 3.92022 -5 -0.435266 -0.158009 0.804699 3.63632 22 396 7699 7684 1 0.0203306 0.0203306 6 
3.34268 5 -2.38589 -0.831378 -0.158182 0.436811 3.66716 22 397 26357 26026 1 0.324621 0.324621 20 
3.37971 5 1.02932 -5.07653 -3.02153 -5.7099 3.78531 22 398 2454 2265 1 0 0 3 
-4.98909 -4.62993 5 -0.0115893 -0.0744428 -0.344389 3.98195 22 399 20153 20087 1 7.73934 7.73934 45 
5 -1.50802 2.15037 -0.429748 -0.0105068 -0.276272 3.80915 22 400 26561 26560 1 0.195832 0.195832 2 
5 2.38255 -1.98994 -0.998132 -0.163243 -0.519505 3.70187 22 401 5341 5340 1 0 0 7 
5 -4.92589 3.37661 -0.169948 0.237224 0.0281042 3.68892 22 402 19524 19456 1 0.331734 0.331734 9 
3.47986 -0.972937 5 -0.279727 -0.00351152 -0.427622 3.97317 22 403 13704 13675 1 4.07361 4.07361 91 
1.15618 2.10354 -5 -0.107782 0.0169422 0.234938 3.63233 22 404 18458 18278 1 4.85557 4.85557 105 
5 -4.85212 -2.26722 -0.149605 0.0786443 -0.0105367 3.71869 22 405 5486 5456 1 0.404024 0.404024 23 
5 -0.51032 0.12038 -0.697378 -0.226465 -0.920792 3.82889 22 406 3348 3124 1 0 0 1 
5 -2.7944 2.41067 -0.126723 0.0731911 -0.149128 3.7369 22 407 7824 7822 1 0.466858 0.466858 5 
2.49214 5 2.64847 -0.336074 -0.384015 -0.0265872 3.74505 22 408 8001 8000 1 0 0 3 
5 -3.44336 4.62946 -0.51764 0.0542436 0.0778298 3.71452 22 409 26545 26513 1 0.234636 0.234636 29 
5 2.58716 -0.655974 -0.201312 -0.0499333 0.119889 4.04044 22 410 13794 13769 1 0 0 3 
5 2.74088 4.53797 -0.507908 -0.0538454 0.0158207 3.72128 22 411 11639 11638 1 0 0 11 
-1.07445 3.5816 -5 -2.58576 -1.48244 3.87738 3.633 22 412 3429 3324 1 0.447719 0.447719 69 
2.2271 -5 0.823602 0.0280423 0.154739 0.0896669 3.94102 22 414 5754 5732 1 0.180618 0.180618 32 
-2.93103 2.12952 -5 -0.0198463 -0.1332 0.492934 3.72256 22 415 26461 26460 1 0.175424 0.175424 34 
5 1.31574 1.91395 -0.250387 0.200579 -0.397737 3.80945 22 416 11303 11302 1 0 0 1 
5 -0.260027 -3.006 -0.0911796 -0.0627995 -0.219384 3.87686 22 417 5898 5897 1 0 0 8 
5 4.84411 -4.16926 -0.212284 0.0964209 0.00281033 3.65311 22 418 1376 1317 1 6.72491 6.72491 63 
5 1.24698 -2.38941 -0.214962 -0.0222631 -0.46305 3.82823 22 419 2736 2735 1 4.68429 4.68429 23 
5 1.03668 0.774005 -0.570329 -0.507663 -0.452867 3.76926 22 420 24260 24259 1 0 0 1 
2.44159 0.79414 -5 -0.41292 -0.18274 0.239213 3.66372 22 421 7534 7529 1 0.189256 0.189256 30 
5 -3.01376 -0.514753 -0.500386 0.0480319 0.0917982 3.76509 22 423 31380 31376 1 0 0 1 
2.02402 5 1.5487 0.565267 -1.75964 -0.446778 3.70404 -11 424 34229 34228 1 1.45791 1.45791 4 
-1.36516 2.41487 5 -0.0011192 -0.00513025 -0.155587 3.79493 22 425 28817 28707 1 0.292235 0.292235 14 
1.50115 5 0.174944 -0.421133 -0.39745 0.27113 3.67652 22 426 2669 2539 1 0 0 1 
5 4.32699 4.1483 -0.560786 0.00585925 0.484608 3.67491 22 427 25311 23358 1 4.29342 4.29342 12 
-4.08274 -4.86454 -5 -0.631627 -0.123246 0.257218 3.68014 22 428 7708 1 1 0.208168 0.208168 37 
5 -0.355939 4.16221 -0.149956 -0.126086 0.0976777 3.67134 22 429 15824 14674 1 0.181344 0.181344 7 
5 3.86384 3.5241 -0.184138 -0.242701 -0.416894 3.76978 22 430 15710 15619 1 0.72493 0.72493 24 
-0.790491 2.82221 5 -0.276402 -0.152751 -0.401733 3.94871 22 431 13654 13653 1 0.257927 0.257927 28 
5 -3.88882 -4.15422 -0.51893 -0.27123 0.392252 3.65021 22 432 5653 5505 1 1.51709 1.51709 71 
-0.352771 5 -2.53466 -0.302555 -0.362066 0.649901 3.64657 22 433 17655 16849 1 16.3413 16.3413 123 
0.00816332 0.608222 5 0.281971 -0.316092 -0.285828 3.75403 22 434 5359 5358 1 2.69231 2.69231 17 
0.487997 5 0.391088 0.0701895 -0.116659 -0.165957 3.72243 22 435 4171 4170 1 0.101885 0.101885 6 
-2.21971 -0.162239 5 -0.230352 -0.0407544 -0.454309 3.97003 22 436 21190 21189 1 0.247425 0.247425 37 
-3.99646 5 4.95223 -0.373607 -0.379992 0.193006 3.70651 22 437 17814 17778 1 0.305877 0.305877 49 
5 1.12783 -0.946141 -3.98796 -0.934551 2.05137 3.68013 11 438 1 0 1 4.09915 4.09915 33 
5 -1.03247 -2.13486 -0.215804 -0.0557516 -0.270436 3.88818 22 439 30260 30259 1 0.835389 0.835389 4 
5 -0.727605 -0.243466 -0.645272 -0.261196 -0.796343 3.8703 22 440 21713 21677 1 0 0 4 
5 -1.81364 2.55964 -4.0359 -3.41796 9.22385 3.6609 22 441 38906 38642 1 0 0 3 
5 1.33377 -1.04065 -0.305101 -0.145463 -0.0993641 3.72743 22 442 20445 20444 1 0.35178 0.35178 35 
3.31423 5 0.245372 -0.0517465 -0.128389 0.165784 3.6445 22 443 13454 13143 1 0 0 5 
-5 -3.98079 2.41808 0.171636 0.0688192 -0.0780953 3.73694 22 444 9913 9912 1 0.310672 0.310672 7 
5 2.43044 2.89219 -0.399666 0.0463217 0.315025 3.6843 22 445 6683 6658 1 1.52592 1.52592 52 
3.51393 0.429989 -5 0.153997 0.252734 1.07541 3.65244 22 446 12013 2130 1 0.0913477 0.0913477 4 
-1.20271 5 1.77898 -0.200838 -0.196472 0.0026531 3.73022 22 447 10271 10212 1 1.02156 1.02156 44 
5 -1.50279 0.569478 -0.18246 -0.210665 0.428309 3.67501 22 448 25546 25545 1 0 0 4 
-2.70915 -1.81521 5 -0.624119 -0.0808845 -1.77941 3.94159 22 449 11896 11895 1 1.35256 1.35256 31 
5 -4.16542 2.30269 -0.731581 -0.376994 0.747933 3.67006 22 450 14569 1 1 0.510622 0.510622 22 
5 -3.59337 -3.94533 -0.172484 -0.410794 -0.250234 3.66089 22 451 5959 5955 1 0.547924 0.547924 27 
1.453 1.37079 5 -0.222049 -0.207951 -0.278616 4.10915 22 452 7606 7589 1 0.0967835 0.0967835 4 
5 -0.842275 1.48314 -0.404493 0.0496002 0.308294 3.70934 22 453 27170 27144 1 0 0 3 
5 2.51405 4.1904 -0.00260948 -0.0283982 0.00735932 3.7705 22 454 4978 4960 1 1.73196 1.73196 26 
3.18947 -4.4029 5 -0.344 -0.140613 -0.35073 3.81437 22 455 22141 22140 1 0.333092 0.333092 30 
5 2.94821 -0.247253 -2.5417 -2.63795 -1.37441 3.71495 22 456 9918 9886 1 2.8902 2.8902 23 
2.18097 5 0.777617 -0.485349 -0.15155 -0.0508829 3.79076 22 457 1776 1775 1 0.508403 0.508403 36 
0.594507 -2.62017 -5 -0.330767 -0.0962295 0.350382 3.66036 22 458 5290 5250 1 0.199926 0.199926 27 
5 0.532205 1.91636 -0.307054 -0.266187 -0.30981 3.836 22 459 12030 12016 1 0.389411 0.389411 30 
3.62669 5 -0.6517 -0.670477 -13.8141 6.30671 3.63561 11 460 2435 2263 1 6.32845 6.32845 91 
5 2.98864 1.43959 -0.322067 -0.18939 0.213446 3.67269 22 461 12823 3611 1 0 0 7 
2.01581 2.27655 -5 -0.950961 -1.18382 1.47031 3.64117 22 462 4792 4691 1 0 0 1 
-1.36381 2.87212 -5 -0.284759 -0.143323 0.391414 3.63346 22 463 1646 1617 1 2.88456 2.88456 56 
-0.250297 -3.81273 -5 0.0132537 0.212387 0.12793 4.03332 22 464 7682 7636 1 26.7762 26.7762 316 
5 1.87593 3.89304 -0.325155 -0.186445 -0.347322 3.80837 22 465 32368 32367 1 0 0 1 
0.438155 5 -2.98588 -1.21847 -2.01099 0.612818 3.68095 22 466 4339 4303 1 0 0 4 
4.19391 4.766 -5 -0.16399 -0.0494931 0.349562 3.62354 22 467 10803 10697 1 8.10837 8.10837 100 
5 1.23384 -1.06439 -0.388917 -0.201439 0.263222 3.68503 22 468 25654 25653 1 0.145781 0.145781 6 
0.23177 5 4.7104 -0.477657 -0.176949 -0.040656 3.72519 22 469 5631 5628 1 0 0 4 
5 3.02697 -3.09412 -0.243046 -0.0776803 -0.374082 3.805 22 470 12880 12879 1 0 0 4 
5 -0.876618 -0.884285 -0.270049 -0.794938 2.13495 3.6419 22 471 3071 1 1 5.62347 5.62347 88 
3.37685 2.78855 5 -0.276917 -0.143353 -0.404829 3.75191 22 472 2855 2854 1 1.50883 1.50883 14 
0.0607837 5 -2.43637 -0.302636 -0.0476656 -0.0685733 3.73358 22 473 4739 4071 1 0.195056 0.195056 14 
2.19753 5 4.39247 -0.452833 -0.231162 0.0512474 3.70854 22 474 4025 4024 1 0.187989 0.187989 10 
-3.76871 -1.44245 5 -0.148297 -0.36848 -0.321482 3.8532 22 475 15366 15364 1 0.668514 0.668514 40 
5 -1.00145 -1.33833 -0.492417 -0.12486 -0.0552716 3.69976 22 476 19367 19365 1 0 0 1 
1.87125 5 -0.417357 -0.25244 -0.369645 0.101722 3.70949 22 477 6108 5974 1 0 0 4 
-4.71543 5 2.2066 -0.357461 -0.220034 0.291421 3.73144 22 478 37048 37047 1 0 0 1 
4.69807 -5 -0.374053 0.00509065 0.0535963 -0.508155 3.98926 22 479 1067 1065 1 27.3857 27.3857 334 
5 -1.42356 -0.150353 -0.163394 -0.100635 0.208441 3.74541 22 480 22484 22448 1 0.261341 0.261341 11 
5 1.02923 2.91574 -0.783466 -0.627277 1.14461 3.66327 22 481 4843 4300 1 1.49395 1.49395 16 
5 1.74237 4.87571 -0.928174 -0.38116 0.678299 3.68824 22 482 13055 5520 1 0 0 2 
5 -4.54692 -0.0545779 -0.227721 -0.118931 0.20297 3.67 22 483 1051 1 1 0 0 8 
4.74455 -4.85397 -5 -0.869551 -0.80454 0.611418 3.64692 22 484 7991 7374 1 0 0 6 
5 0.48863 2.4948 -0.461933 -0.129402 1.32425 3.65098 22 485 4048 3485 1 3.04833 3.04833 69 
-2.1686 5 1.73571 -0.380758 -0.333901 0.0682168 3.72406 22 486 7322 7321 1 0 0 3 
5 3.40909 1.43762 -0.468266 -0.199888 -0.0434867 3.72548 22 487 30160 30142 1 0.63223 0.63223 6 
5 2.99353 -3.33011 -0.291302 0.37487 -0.189037 3.67219 22 488 42050 42049 1 0.0292871 0.0292871 15 
-5 0.396694 -1.145 0.155515 -0.141876 -0.023214 3.74448 22 489 18051 17214 1 0 0 11 
5 2.88537 3.86412 -0.464018 -0.144829 0.157582 3.6689 22 490 5893 5891 1 0.0752884 0.0752884 10 
5 -2.56441 -1.88293 -7.01529 -4.20639 12.2521 3.63871 11 491 1420 1284 1 11.4271 11.4271 125 
5 -3.78667 -0.300354 -0.477419 -0.164691 -0.0778991 3.7155 22 492 2062 2033 1 0 0 2 
5 4.8294 2.02268 -0.691363 -0.164018 1.15864 3.66 22 493 2141 1 1 0.00241178 0.00241178 4 
-2.21097 5 -3.27948 -0.44536 -0.244211 0.0559916 3.76573 22 495 2235 2211 1 0 0 1 
-0.475595 1.23545 -5 -0.355636 -0.0122357 0.674008 3.6403 22 496 19322 18741 1 0.0741069 0.0741069 6 
2.61705 5 2.97277 -0.255606 -0.324167 0.113947 3.70624 22 497 5045 5044 1 0 0 2 
4.63917 -4.95713 5 -0.354857 -0.0927909 -0.176376 3.75852 22 498 9287 9212 1 0 0 3 
0.397805 5 0.0985541 -0.308995 -0.11515 -0.390362 3.97999 22 499 24551 24521 1 0.783097 0.783097 27 
2.74367 3.05572 -5 -0.252698 -0.437682 0.0754826 3.65464 22 500 18782 18781 1 0 0 3 
5 4.92811 1.32301 -0.747418 -0.287216 -0.278645 3.77104 22 501 10659 10631 1 0.253343 0.253343 16 
5 4.91256 -2.03216 -1.36486 0.829878 -0.00976883 3.66121 11 502 31457 31454 1 0.0523273 0.0523273 5 
5 -1.1284 0.618198 -4.15995 -2.67414 6.91809 3.66158 22 503 30050 29987 1 0 0 1 
5 -1.95121 -2.37279 -0.243416 -0.258893 0.178779 3.66779 22 504 25292 25233 1 4.51216 4.51216 91 
-3.74667 -2.28921 -5 -0.255698 -0.200809 0.816683 3.71097 22 505 11448 11380 1 0 0 4 
4.85033 -1.26507 5 -0.32036 -0.242053 -0.31607 3.91142 22 506 27007 27006 1 0.0255842 0.0255842 6 
2.00915 0.0122041 -5 -1.01128 0.137176 0.418138 3.6549 22 507 6288 6245 1 1.26206 1.26206 22 
5 1.42571 -4.61759 -1.28892 -0.512947 2.09309 3.63759 22 508 5640 5639 1 0.863607 0.863607 42 
5 -0.456829 1.47488 -0.178951 -0.0755893 -0.139412 3.77799 22 509 22270 22211 1 0.0757118 0.0757118 3 
-0.569957 0.0494478 -5 -2.17054 -1.15728 1.58228 3.65563 22 510 3665 3568 1 0 0 4 
5 -4.89094 -4.92503 -0.422125 -0.257279 0.0144032 3.70912 22 511 11515 11453 1 0.670285 0.670285 26 
4.37428 -2.89612 -5 -3.98202 -19.4865 21.5778 3.62776 11 512 1 0 1 8.12284 8.12284 92 
-4.81783 -1.56864 5 -0.21949 -0.489736 -0.45802 3.87903 22 513 2057 2000 1 9.99776 9.99776 173 
2.95202 1.57479 5 0.026151 0.0195524 -0.267846 3.89055 22 514 2096 2095 1 0.0139452 0.0139452 3 
5 -1.56883 -2.93544 -1.3268 -0.509385 1.78877 3.65036 22 515 5597 5446 1 0 0 4 
5 -4.48417 -3.0957 -0.118642 -0.176334 -0.0739612 3.82275 22 516 2687 2650 1 0.147377 0.147377 6 
5 4.86763 -2.64235 -0.606083 -0.0281968 0.201491 3.68527 22 517 3943 1 1 0.209377 0.209377 5 
1.04668 3.00027 -5 -1.20115 -0.158462 0.758522 3.67959 22 518 10636 10590 1 0 0 2 
5 -3.05396 3.87111 -0.562108 -0.862586 1.46846 3.67744 22 519 26549 26494 1 0 0 5 
5 4.251 3.60544 -0.464581 -0.12811 0.250324 3.67875 22 520 3119 1 1 0.844253 0.844253 32 
4.57291 -1.73101 -5 -0.0865582 -0.0468598 0.105393 3.6622 22 521 1100 1096 1 0.143768 0.143768 33 
-0.320391 0.824294 5 -0.155931 -0.103388 -0.273535 3.8128 22 522 4536 4506 1 6.49232 6.49232 102 
5 2.73694 -4.59959 -0.296821 -0.260064 -0.145013 3.8526 22 523 14326 14304 1 4.95083 4.95083 104 
2.13025 5 -0.897821 -0.23975 -0.184992 -0.086691 3.73656 22 524 22365 22199 1 0 0 2 
3.531 -1.84201 -5 -0.144724 -0.102388 0.479261 3.66987 22 525 15901 15899 1 0 0 2 
1.33196 1.3403 5 -0.236807 -0.087145 -0.394096 4.18149 22 526 1277 1275 1 0.190932 0.190932 4 
-4.25135 0.00643903 -5 2.48463 0.00347773 1.03701 3.69982 -11 527 50507 50506 1 2.52056 2.52056 66 
-5 4.50266 2.56947 0.162773 -0.092327 -0.0990476 4.28822 22 528 6050 6049 1 0.00277524 0.00277524 10 
5 1.68544 -2.26525 -0.300366 -0.0639458 0.207227 3.69705 22 529 19318 19317 1 0.511772 0.511772 39 
5 -4.68302 3.37862 -0.68579 -0.0892497 -0.235723 3.79058 22 530 2211 2210 1 0 0 2 
5 -3.15244 -4.34067 -2.29325 -3.11057 14.1124 3.62664 22 531 1214 1 1 0 0 6 
5 3.91084 1.73733 -3.9437 -1.26423 -1.3182 3.75155 22 532 49851 49850 1 1.48623 1.48623 6 
4.26539 5 2.0551 -0.410695 -1.00671 -0.623341 3.85718 22 533 4899 4898 1 0.0360998 0.0360998 6 
0.875818 5 -1.9407 -0.0200151 -0.423468 0.0878905 3.83935 22 534 13232 13209 1 0 0 3 
-5 -2.00115 -1.01177 0.256017 0.272109 0.348614 3.78122 22 536 17455 17454 1 0.510599 0.510599 29 
5 2.6735 4.18288 -0.605463 -0.589498 -0.925338 3.76953 22 537 4382 4330 1 1.32821 1.32821 30 
-2.61455 2.49555 5 -0.307146 -0.187597 -0.0590985 3.70801 22 538 10693 10034 1 9.28454 9.28454 104 
3.12362 0.57144 -5 -1.47666 -1.26666 3.25882 3.63201 22 539 16097 15999 1 0 0 1 
-4.95508 -5 1.05324 -0.050078 0.20843 0.126784 3.83977 22 540 2073 2072 1 0.196613 0.196613 5 
1.93089 5 -0.744941 -0.325132 -0.374491 -0.12315 3.74374 22 541 22883 22850 1 0 0 3 
-2.47351 -2.18658 -5 -0.521383 -0.309969 0.797171 3.64821 22 542 26223 26178 1 5.39292 5.39292 53 
0.744955 -2.43816 5 -0.190191 -0.223635 -0.418252 3.94076 22 543 12078 12068 1 0.957363 0.957363 34 
-1.21263 4.69566 5 -0.0872851 -0.2212 -0.098934 4.08842 22 544 4728 4727 1 0.52274 0.52274 45 
-1.16119 -2.76716 5 -0.0561872 0.0527086 -0.186216 3.73058 22 545 9184 9097 1 0.302382 0.302382 32 
-3.99841 1.01128 5 -0.307296 -0.236382 -0.332885 3.7621 22 546 8079 8034 1 18.7118 18.7118 133 
5 -2.1717 -4.18207 -0.343032 -0.234056 -0.29777 3.74589 22 548 11954 11953 1 0 0 5 
0.437525 0.551645 5 -0.249707 -0.230263 -0.371806 3.92924 22 549 9078 9051 1 4.39542 4.39542 46 
3.18962 3.81139 5 -0.0551101 0.086203 -0.395134 3.89146 22 550 29693 29692 1 0.456302 0.456302 28 
5 0.432795 -4.80031 -0.124895 -0.0290394 -0.167798 3.81578 22 551 30892 30819 1 0 0 1 
-2.89515 5 -2.44995 -0.760642 -0.230336 0.830825 3.6581 22 552 1481 1383 1 0.956594 0.956594 47 
5 4.98846 -3.18305 -0.327886 -0.197941 0.350894 3.65308 22 553 17224 17165 1 0 0 3 
5 4.83799 2.1412 -0.518221 0.166401 0.152795 3.6591 22 554 1632 1 1 2.48911 2.48911 24 
5 2.2821 4.15778 -0.256201 -0.0726794 0.555307 3.65722 22 555 11144 11094 1 5.80604 5.80604 108 
5 -3.31952 0.103435 -0.359955 -0.231092 0.279551 3.73414 22 556 7929 7928 1 0 0 2 
5 4.35051 -3.77761 1.42368 3.24281 0.0291185 3.65335 -11 557 6246 6245 1 0 0 5 
5 -2.23401 3.50984 -0.508202 -0.127994 0.232376 3.69775 22 559 10884 10858 1 0 0 3 
3.14234 -1.16768 -5 -0.732217 -0.327973 0.545017 3.68439 22 560 19299 19298 1 1.2381 1.2381 7 
5 3.44356 0.123123 -0.473625 0.182287 -0.059759 3.71417 22 561 2106 2102 1 0.171419 0.171419 25 
5 3.04655 0.129433 -0.207167 -0.0551658 0.138263 3.66172 22 562 1541 1 1 5.9064 5.9064 63 
-1.09908 5 -0.119321 -0.989873 -0.222476 1.75098 3.65427 22 563 3191 2754 1 0 0 8 
5 2.68732 -0.870763 -0.220306 -0.11898 -0.132564 3.70844 22 564 21867 21837 1 0.283029 0.283029 18 
4.59153 5 2.90621 -1.3798 -1.10232 5.2311 3.65195 22 565 14528 14188 1 2.77752 2.77752 8 
3.32039 5 -1.76412 -0.147523 -0.0648769 0.225098 3.64923 22 566 5371 5370 1 0.16072 0.16072 8 
-2.55261 3.96711 5 -0.201236 -0.105473 -0.457711 4.0168 22 567 29268 29267 1 0 0 3 
5 -0.700085 -4.35988 -0.139362 -0.0625231 -0.105514 3.7412 22 568 14480 14479 1 0 0 3 
5 -0.709595 -3.59794 -0.200402 0.00993878 0.383068 3.64139 22 569 4624 1 1 0 0 7 
5 4.40028 0.823901 -0.252379 0.00266601 -0.330167 3.71069 22 571 2470 2439 1 0.103014 0.103014 10 
5 -1.27911 -1.68924 -0.466158 0.0496498 0.153781 3.74054 22 572 2585 2584 1 0.874842 0.874842 12 
5 3.01333 -3.88872 -0.23841 0.194901 0.0373405 3.72067 22 573 28883 28859 1 6.54553 6.54553 122 
5 0.38052 -4.92181 -0.673754 -0.102863 0.218708 3.6716 22 574 5549 5460 1 0 0 1 
5 -1.8015 -2.99754 -0.255849 -0.223614 0.223636 3.62906 22 575 3002 2989 1 82.3704 82.3704 664 
-2.19973 3.44782 -5 -0.559447 -0.158754 0.894885 3.64116 22 576 9943 9861 1 2.40985 2.40985 14 
-2.17036 5 -2.13053 -0.375902 -0.310447 -0.35619 4.12726 22 577 31489 31398 1 0.222366 0.222366 6 
3.48561 5 -2.341 -0.616841 -0.841329 0.298898 3.67034 22 578 18823 18587 1 0 0 3 
5 4.15817 -1.99935 -0.434111 -0.217864 -0.158754 3.74441 22 579 17565 17564 1 0.142876 0.142876 2 
1.25555 5 -0.67529 -0.375017 -0.346688 0.017 3.71477 22 580 48502 48501 1 0 0 2 
5 1.35183 -0.504831 -0.890098 -0.415724 1.47027 3.661 22 581 1062 1 1 0.911593 0.911593 44 
5 2.69666 2.06773 -0.194902 0.109017 -0.422544 3.9044 22 583 27788 27763 1 0 0 3 
5 -1.78538 -2.2806 -0.40761 -0.102096 0.157488 3.67435 22 584 5677 5594 1 1.62495 1.62495 55 
1.71174 -3.60775 -5 -0.115275 -0.163936 0.485703 3.63346 22 585 19747 19601 1 0.510561 0.510561 32 
5 -3.39735 2.06887 -0.286987 -0.418954 -0.0568871 3.75151 22 586 6317 6316 1 0.24221 0.24221 40 
5 3.3736 3.301 -1.43831 -1.92776 2.37492 3.6651 22 587 6004 5863 1 0 0 7 
4.01687 2.27609 5 -0.533746 -0.20614 -0.143864 3.68668 22 588 17583 17566 1 4.25606 4.25606 38 
-0.0439805 1.3026 5 -0.122591 -0.0618366 -0.200393 3.73257 22 589 2379 2378 1 14.4498 14.4498 192 
-3.58389 5 -3.217 -0.517855 -0.38228 0.163744 3.68642 22 590 10622 10361 1 0 0 4 
-2.38759 5 -3.956 -0.388679 -0.153049 0.189054 3.67094 22 591 6779 1 1 0.212809 0.212809 34 
5 -4.10656 3.34216 -0.660665 -0.422418 0.4874 3.70371 22 592 20646 20570 1 0 0 3 
4.87905 -4.35805 5 -0.0345773 0.145574 -0.488603 3.71526 22 593 9460 9457 1 3.54302 3.54302 40 
5 -1.50708 1.25536 -0.402431 -0.360447 0.491769 3.67647 22 594 4008 3917 1 0 0 4 
5 1.47794 3.10908 -0.430109 -0.154595 -0.228531 3.80487 22 595 2436 2404 1 0.188496 0.188496 16 
3.79816 3.05044 -5 -0.168167 0.0692206 0.0615128 3.65636 22 596 10639 10557 1 0.520482 0.520482 29 
3.95016 5 -0.955656 -0.0402649 -0.582277 1.16872 3.64251 22 597 3878 1 1 0.143164 0.143164 11 
-1.87119 3.62692 -5 -0.0328497 -0.0733852 0.25137 3.69801 22 598 17467 6622 1 0 0 1 
2.88017 5 -0.788864 -0.126709 -0.133526 -0.180149 3.94958 22 599 12091 12089 1 0.295765 0.295765 23 
5 -3.72271 2.10312 -1.36127 0.0961612 0.259611 3.7251 22 600 3169 3168 1 0.351455 0.351455 12 
-3.35423 3.42581 5 -0.195575 -0.124679 -0.45533 3.89686 22 601 10598 10570 1 0 0 6 
-1.85806 0.629855 -5 -2.61192 -2.39629 6.58574 3.63062 22 602 1056 1 1 0.645167 0.645167 11 
5 3.444 -1.45353 -0.325479 -0.142779 0.00021988 3.68654 22 603 17458 17043 1 0.354985 0.354985 29 
-1.5823 2.18321 -5 -2.2723 0.243272 2.59113 3.63758 22 604 1108 1030 1 6.95652 6.95652 45 
0.548588 2.71303 5 0.0639075 0.0202335 -0.231418 3.8171 22 605 13047 13001 1 0.311226 0.311226 31 
1.42382 5 2.33284 -0.33112 -0.24306 0.303976 3.72248 22 606 7974 7973 1 0 0 2 
5 -2.00617 -4.85187 -0.149972 -0.0104732 -0.22923 3.75561 22 607 1955 1954 1 6.84466 6.84466 80 
-3.41325 -2.07764 5 -0.391784 -0.243139 -0.220247 3.85397 22 608 1300 1299 1 0 0 3 
2.10266 5 -0.415559 -0.34112 -0.379406 0.028425 3.69602 22 609 3431 3429 1 0.495166 0.495166 34 
3.52499 5 0.148429 0.0754285 -0.356174 -0.0457865 3.86444 22 610 9136 9135 1 0.067917 0.067917 9 
5 -0.817805 -2.37119 -1.16924 -0.256302 0.330329 3.67384 22 611 26677 26567 1 0.718461 0.718461 31 
5 3.04493 -3.79786 -0.297844 0.225973 -0.348346 3.71958 22 612 16277 16276 1 0 0 5 
5 0.669424 4.3252 -0.801885 -0.0770933 -0.425661 4.79862 22 614 42573 42542 1 0 0 1 
5 -0.897892 -2.40324 -0.13149 -0.107391 -0.240283 3.83234 22 616 8320 8244 1 0.130307 0.130307 29 
-4.05628 -4.6061 -5 -0.491966 -0.339163 0.268822 3.69026 22 617 33332 1 1 0 0 1 
-0.574899 5 0.37851 -0.131947 -0.160067 0.214199 3.66113 22 618 9092 8892 1 0.297915 0.297915 22 
3.3454 -5 -0.27896 -0.172309 0.122389 0.31586 3.68084 22 619 5464 5370 1 0.559463 0.559463 28 
5 -1.73554 -0.786516 -0.143036 0.0614501 -0.175151 3.85904 22 620 12058 12057 1 1.62306 1.62306 54 
5 3.68254 -3.24575 -0.358752 -0.363473 0.0174277 3.70058 22 621 16942 16941 1 0.690002 0.690002 50 
0.501081 -2.06307 -5 -0.378143 -0.391626 0.240306 3.66451 22 622 1126 1 1 0 0 4 
5 4.10204 2.41891 -0.613342 -0.26213 2.1041 3.65209 22 623 15861 15681 1 0 0 6 
0.295468 5 0.935557 -0.181568 -0.37769 -0.061047 3.73342 22 624 1026 1025 1 0 0 3 
-0.00372402 -3.11172 5 -0.0378312 -0.372422 -0.335777 3.7338 22 625 24990 24989 1 0.23928 0.23928 5 
5 -3.09785 4.00711 -0.272921 -0.427736 0.0606315 3.75431 22 626 5049 5048 1 0 0 3 
5 3.76543 -3.96965 -0.167276 0.021394 -0.255973 3.97032 22 627 5332 5329 1 0.78241 0.78241 28 
3.64266 0.0971736 -5 -0.54748 -0.744756 1.08763 3.64771 22 628 6030 5857 1 0.255124 0.255124 24 
-1.05393 5 0.78892 -0.325612 -0.228144 0.321009 3.73311 22 629 22089 22057 1 0.0795758 0.0795758 6 
5 -4.27562 1.98777 -0.407175 -0.264728 0.158894 3.72658 22 630 11841 11820 1 0 0 2 
4.10531 -2.12273 5 -0.551517 -0.0448973 -0.444634 3.78232 22 631 4825 4808 1 0 0 3 
-4.34818 2.04276 -5 -0.611578 -0.091792 0.677551 3.63876 22 632 12044 11986 1 0.0740222 0.0740222 12 
5 -0.485294 1.70291 -0.304441 -0.180729 -0.0203501 3.77486 22 633 19587 19508 1 0 0 3 
3.33953 -4.98955 5 0.159001 0.054791 -0.0991778 3.79986 22 634 2228 2027 1 0.267268 0.267268 34 
-3.39669 -3.53221 5 -0.174269 -0.165001 -0.0562744 3.77752 22 635 27633 27602 1 0 0 1 
5 0.569849 0.206279 -0.127147 -0.0471633 0.227703 3.67232 22 636 34545 34045 1 0.157833 0.157833 7 
5 4.26355 -2.35655 -0.240453 0.314243 0.323347 3.67639 22 637 12463 12462 1 0 0 7 
5 0.136055 -1.4824 -0.246656 -0.0752597 -0.441154 4.08725 22 638 4441 4440 1 0 0 1 
3.90843 -1.6168 -5 -0.280623 -1.06551 1.03078 3.63606 22 639 3100 2973 1 0.586921 0.586921 24 
5 0.754946 2.32231 -0.234536 -0.332428 -0.0833849 3.67362 22 640 4124 1 1 5.40418 5.40418 37 
2.14409 2.30556 5 -0.0319242 -0.0912189 -0.212905 3.87257 22 641 3007 2968 1 0.233556 0.233556 21 
1.95129 3.5344 -5 -0.280529 0.0351644 0.31207 3.66279 22 642 16961 16960 1 0.068157 0.068157 11 
2.65542 -2.31223 -5 -4.14371 -3.88729 9.13893 3.65167 22 643 11295 11294 1 0.327989 0.327989 3 
5 -3.34044 -1.7275 -1.07531 -0.792093 0.879996 3.72696 22 644 21773 21772 1 0 0 1 
5 -2.09112 -0.421117 -0.824628 -0.230858 -1.02526 3.91831 22 645 17320 17290 1 0.753355 0.753355 3 
3.70297 5 3.336 -0.695654 -0.12605 -0.0698112 3.73394 22 646 28884 28858 1 0.0712871 0.0712871 3 
1.74888 -4.42872 5 -0.138852 0.00165423 -0.337003 3.99808 22 647 20743 20711 1 0 0 7 
-0.102441 -1.54324 5 -0.509049 -0.043599 -0.00939824 3.7449 22 648 15510 15509 1 0.637356 0.637356 29 
4.15511 1.69197 -5 -0.0811167 -0.495573 0.733869 3.63438 22 649 35242 35227 1 0 0 1 
3.15739 5 -2.05825 -0.395545 -0.193804 -0.259045 3.83635 22 650 8964 8963 1 0.702147 0.702147 78 
4.03331 2.72627 5 -0.253749 -0.284894 -0.677737 3.82207 22 651 3492 3491 1 0.0434194 0.0434194 5 
-5 1.96403 -4.69929 0.0870214 -0.315145 -0.224146 3.71912 22 652 1865 1864 1 0.292606 0.292606 17 
5 4.89786 1.02344 -0.337703 -0.0186648 0.239439 3.66015 22 653 29998 29937 1 7.64642 7.64642 89 
-3.30544 5 2.79155 -0.385346 -0.332006 0.048998 3.71043 22 654 3093 3092 1 0 0 7 
3.36444 -3.5785 5 0.0337659 -0.0374191 -0.69206 4.19092 22 655 10681 10599 1 0 0 7 
2.10531 5 1.90439 -0.292481 -0.454929 0.239405 3.65647 22 656 1894 1892 1 0.242953 0.242953 40 
-1.68933 -0.887929 5 -0.0863848 -0.0676944 -0.499074 4.22509 22 658 7189 7168 1 0.391564 0.391564 31 
-3.28824 5 2.91227 -0.282568 -0.230255 -0.170397 3.80339 22 659 24317 20047 1 0.131191 0.131191 4 
5 2.32365 -2.76558 -0.257855 0.0162323 -0.440871 3.80655 22 660 2645 2644 1 0.165817 0.165817 26 
5 -1.89847 0.729514 -1.85154 0.784265 2.1746 3.69946 22 661 11699 11634 1 0.402094 0.402094 37 
2.87191 -3.28399 5 -0.11189 -0.0865303 -0.258837 3.86181 22 662 15180 15179 1 0.232815 0.232815 9 
-5 -0.762024 4.25966 0.15256 0.0832902 -0.105841 3.89196 22 663 2605 2601 1 0.203293 0.203293 15 
5 2.65746 0.540563 -0.267759 0.288792 0.992284 3.6488 22 664 6792 6783 1 10.9084 10.9084 69 
5 -4.33061 -2.39692 -0.345206 -0.292668 0.0086587 3.71055 22 665 3159 3137 1 1.07832 1.07832 41 
-0.181892 4.05625 5 -0.0525539 0.153773 -0.484471 3.7571 22 666 10159 10122 1 0 0 5 
5 -3.5744 4.02714 -1.33646 -1.27298 -0.586905 3.70153 22 667 12514 12513 1 4.0369 4.0369 75 
5 4.97117 -4.60436 -0.180763 -0.139312 -0.36574 4.01097 22 668 7619 7618 1 0.210673 0.210673 35 
1.12851 2.48457 5 -0.0454454 -0.420279 -0.0768548 3.88561 22 669 8667 8665 1 1.02033 1.02033 19 
3.50251 5 -0.0186547 1.42859 -1.3429 0.922411 3.65384 22 670 9836 9808 1 0 0 1 
3.40401 5 -1.13835 -0.292928 -0.367638 -0.372158 3.81035 22 671 34801 34697 1 0.195148 0.195148 38 
5 2.29373 -3.76025 -2.92801 -0.135389 9.12436 3.63218 22 672 27268 27008 1 0 0 1 
-5 -1.33173 -0.798648 0.0443069 -0.0771083 0.503201 3.72751 22 673 3973 3935 1 8.52686 8.52686 117 
5 -2.1396 -1.99893 -0.473015 -0.150567 0.121269 3.71357 22 674 35150 35123 1 0 0 1 
5 -4.01272 -3.43264 -0.195052 -0.198164 -0.114149 3.66294 22 675 1565 1564 1 0.602847 0.602847 40 
5 3.67397 -3.20813 -1.50875 -0.832767 2.04422 3.65244 22 676 1767 1757 1 0 0 4 
3.4299 0.386529 5 -0.0847535 0.0620025 -0.156325 3.74417 22 677 10142 9924 1 0.187947 0.187947 27 
4.96423 5 -1.77155 -0.192141 -0.260683 0.0287032 4.08875 22 678 6058 6056 1 0.272101 0.272101 27 
0.220297 0.0745134 -5 -0.97492 -0.572296 1.29359 3.6501 22 679 24066 23129 1 0 0 2 
5 3.32698 -0.730854 -0.407451 -0.17515 0.590325 3.65703 22 680 6413 6265 1 0.535436 0.535436 26 
4.70411 5 2.10677 -0.0296559 -0.788692 1.46718 3.65124 22 681 8104 1 1 1.67438 1.67438 38 
5 4.09067 -2.98356 -0.249882 -0.0218519 0.380486 3.65118 22 682 2402 2341 1 0.158771 0.158771 47 
4.86175 5 0.573703 -0.115207 -0.177892 -0.0625025 3.73918 22 683 14594 14593 1 0.22071 0.22071 17 
5 0.168815 -1.11753 -0.428758 -0.268626 -0.0715994 3.67688 22 684 16406 16403 1 0.684046 0.684046 42 
4.49101 -3.39419 -5 -1.14261 -1.68905 3.14072 3.65376 22 685 1019 1 1 0 0 2 
5 4.0986 -4.35192 -0.495583 -0.0937278 0.0820491 3.6599 22 686 11361 11360 1 2.1579 2.1579 7 
5 -4.83995 3.55747 -0.245745 0.0282194 0.0555382 3.72695 22 687 37829 37828 1 0 0 1 
5 2.95911 -3.96283 -0.340865 -0.370703 -0.0287949 3.66383 22 688 20923 20922 1 0 0 2 
5 1.39908 -0.458305 -0.227986 -0.0819662 -0.260413 3.73131 22 689 1036 1 1 0.234416 0.234416 30 
-2.67501 -1.60831 5 -0.23805 -0.0987778 -0.455085 4.15366 22 690 21238 21177 1 0.439786 0.439786 18 
5 -1.52008 -0.44512 -0.146077 0.0869876 0.109353 3.71537 22 691 1935 1932 1 0.201664 0.201664 30 
-0.513655 5 -3.27913 -0.473417 -0.169567 0.0907919 3.66002 22 692 3347 3346 1 1.78826 1.78826 37 
1.51793 5 2.38781 -0.339852 -0.107146 0.366251 3.66436 22 693 28926 28904 1 4.85337 4.85337 37 
5 -1.02113 1.75395 -0.282782 -0.0511186 -0.137006 3.78476 22 694 3876 3728 1 0 0 3 
5 -3.95542 2.75374 -2.64892 -1.19866 4.34529 3.67029 22 695 1001 1 1 1.39078 1.39078 59 
5 -2.50729 2.72574 -0.177976 -0.159933 0.0491041 3.6963 22 696 2892 2521 1 0 0 4 
5 3.39689 -1.09318 -11.7107 5.64635 -0.792038 3.64646 11 697 5190 4959 1 13.0398 13.0398 297 
5 2.70622 1.38608 -0.455135 -0.0736581 0.220332 3.68933 22 698 31900 31877 1 0.783538 0.783538 66 
5 2.70297 2.64446 -0.236805 -0.119292 0.177206 3.67551 22 699 1586 1 1 0.752358 0.752358 49 
-1.32225 -3.00386 -5 0.0536303 0.0614003 0.204444 3.74078 22 700 4264 4263 1 0.21965 0.21965 25 
0.518416 5 -3.42863 -0.194782 -0.13041 0.0910568 3.69493 22 701 25888 25461 1 0.250944 0.250944 32 
5 3.50032 -2.34057 -0.521528 -0.576655 0.752194 3.66594 22 702 1018 1 1 0.111993 0.111993 6 
4.18426 -3.91676 5 -0.17881 -0.229446 -0.13264 3.77593 22 703 58801 58779 1 0 0 1 
1.16013 1.7027 -5 -1.64438 -0.524726 3.85257 3.62786 22 704 1158 1117 1 1.11032 1.11032 97 
2.56088 -4.08736 5 -0.0946937 -0.246517 -0.437473 3.97318 22 705 1565 1563 1 0.387398 0.387398 35 
5 -0.398253 -3.84236 -0.705542 0.263655 0.104321 3.72893 22 706 9202 9140 1 0.668674 0.668674 19 
3.00888 -2.04031 5 -0.385639 -0.436183 -0.311778 3.80237 22 707 17431 17374 1 0.059632 0.059632 30 
0.834976 5 0.495559 -0.347895 -0.360151 -0.101883 3.76316 22 708 6165 6164 1 0 0 4 
5 0.201593 1.76207 -0.912842 -0.630443 0.379924 3.68444 22 709 5840 5803 1 0.307421 0.307421 14 
5 -2.21823 3.78457 -0.385482 -0.0533118 -0.331182 3.81457 22 710 2295 2294 1 0.209257 0.209257 24 
5 -1.22639 -3.60886 -0.135093 -0.20779 0.0823954 3.69971 22 711 14230 14207 1 0 0 3 
3.19719 5 -4.92655 -1.07742 -0.529148 -0.217051 3.71242 22 712 18699 18595 1 0 0 2 
-1.44726 5 -0.750158 -0.947728 -2.02242 4.93559 3.63597 -11 713 1272 1271 1 6.77886 6.77886 45 
5 -0.461856 -3.93098 -0.38396 -0.0820791 0.660484 3.63855 22 714 8806 7598 1 1.19362 1.19362 18 
5 1.39882 0.247278 -0.472599 0.0847401 -0.174898 4.09071 22 715 3049 3048 1 1.20218 1.20218 26 
5 3.50451 -2.01351 -0.158567 0.0298548 -0.0812478 3.69507 22 716 2020 1935 1 6.80698 6.80698 143 
5 -4.48583 4.70032 -1.0319 -0.798476 0.888141 3.6984 22 717 1086 1039 1 0.743471 0.743471 47 
0.443948 5 1.54994 -0.211624 -0.11558 -0.0146988 4.00105 22 718 3365 3345 1 0.711888 0.711888 33 
5 -3.4545 0.856214 -0.276956 -0.0513712 0.0889317 3.69784 22 719 6023 3500 1 0.297549 0.297549 26 
5 -4.22142 -1.55508 -1.9033 -0.892659 1.00301 3.65488 22 720 1912 1910 1 0.361148 0.361148 41 
4.3833 3.38578 -5 -0.226827 -0.143041 0.330971 3.80138 22 721 5038 5013 1 0.187708 0.187708 25 
-3.92249 0.214262 5 -0.22195 -0.291605 -0.356124 3.91816 22 722 6033 6003 1 0.137555 0.137555 23 
-3.0714 -2.29213 -5 -0.415224 0.088224 0.303156 3.65838 22 723 28585 28584 1 0 0 1 
-0.25826 1.89325 5 -0.328746 -0.0223938 -0.390569 4.01308 22 724 50706 50674 1 0.48096 0.48096 16 
5 2.9167 2.16095 -0.685042 -0.652037 0.0540075 3.71488 22 725 11157 11156 1 0.510678 0.510678 25 
0.387007 5 2.88813 -0.268518 -0.103352 -0.164626 3.73675 22 726 7924 7371 1 0.0332387 0.0332387 4 
-2.35862 1.55449 5 -0.392103 -0.152488 -0.228141 3.81897 22 727 6789 6770 1 0 0 8 
3.64019 5 1.13353 -0.0920329 -0.0422615 -0.186506 3.79054 22 728 2900 1 1 0.479577 0.479577 35 
4.38096 5 1.85276 -0.239866 -1.73244 -0.165093 3.70557 22 729 9280 9279 1 0.423094 0.423094 34 
4.98013 5 -2.44538 -2.06771 -2.85548 0.557408 3.67356 22 730 19386 19330 1 1.89783 1.89783 12 
-1.92301 5 3.75262 -0.107126 -0.206643 -0.222636 3.77701 22 731 9977 9973 1 0.0260239 0.0260239 8 
5 0.887764 -4.34338 -0.248325 0.00375115 -0.407799 3.84177 22 732 8744 8725 1 0.168973 0.168973 7 
5 0.229038 0.355028 -0.450421 -0.0186143 0.240612 3.70332 22 733 7541 7537 1 0.218309 0.218309 6 
-0.0948666 -1.12712 5 -0.321476 -0.0601106 -0.19856 3.90784 22 734 2316 2315 1 22.159 22.159 203 
-0.463662 5 2.76134 -0.0519837 -0.279872 0.379203 3.68978 22 735 13444 13443 1 1.18705 1.18705 11 
5 -2.75692 0.342497 -2.16455 -2.08632 1.53892 3.66539 22 736 1024 1 1 1.00297 1.00297 89 
5 -3.99874 -4.81378 -0.991899 -0.247646 0.305246 3.66391 22 737 2613 2584 1 0 0 5 
4.00436 1.05329 5 -0.25842 -0.134137 -0.37005 3.90036 22 738 20050 20049 1 0 0 1 
5 -4.11382 -4.82827 -0.186948 0.0825858 0.214585 3.66667 22 739 9034 8496 1 0.295883 0.295883 30 
5 0.929643 -0.168054 -0.402601 -0.181586 -0.257019 3.74012 22 740 24751 24750 1 0 0 5 
5 4.51274 4.61536 -0.306497 -0.131779 -0.246356 3.79342 22 741 13369 13341 1 0.0534027 0.0534027 3 
2.73589 5 3.1692 -0.455833 -0.192137 0.12814 3.71756 22 742 17426 17425 1 0.203993 0.203993 28 
0.731394 4.11548 -5 -0.198171 -0.0585914 0.530855 3.63211 22 743 25313 25084 1 0.404135 0.404135 10 
1.69279 0.778082 5 0.554728 1.49169 -0.107537 3.76481 -11 745 7014 7013 1 1.12105 1.12105 8 
5 0.0191008 1.16565 -0.265654 0.0380704 -0.225056 3.77518 22 746 11869 11868 1 0.189525 0.189525 31 
0.811388 -3.27041 -5 -0.244531 -0.0941804 0.388909 3.64352 22 747 2639 1317 1 0.642196 0.642196 38 
5 4.4873 -2.56204 -0.288998 -0.155078 0.161242 3.64883 22 748 5393 5002 1 0.365075 0.365075 33 
-1.11501 4.85084 5 -0.371342 -0.200948 -0.287828 3.84718 22 749 19179 19165 1 0.0295578 0.0295578 13 
5 4.44225 -2.65884 -0.0953253 0.20539 -0.113213 3.71639 22 750 16301 16299 1 0.0119771 0.0119771 5 
5 2.2522 -0.361292 -0.288585 -0.306143 -0.587355 3.79214 22 752 9452 9395 1 6.00964 6.00964 110 
5 4.80971 -4.57163 -0.506854 0.0383176 -0.0524433 3.70872 22 753 6929 6901 1 2.62771 2.62771 36 
5 -3.7809 2.74512 -0.220897 -0.0293988 -0.150649 3.84807 22 754 7107 7106 1 0.235279 0.235279 7 
4.5635 5 -0.414226 -1.12565 -0.646494 0.583074 3.67969 22 755 17257 17255 1 0 0 8 
4.07115 -5 3.76658 -0.178573 0.142287 -0.45715 3.75724 22 756 5202 5173 1 0 0 5 
-0.0642007 5 -2.87039 0.629292 -0.738846 -4.20679 3.90796 22 757 6934 6933 1 0 0 4 
-2.86703 0.183062 5 -0.242106 -0.122323 -0.433061 3.90361 22 758 3759 3758 1 2.86321 2.86321 65 
0.75697 1.93985 -5 -0.665042 0.0716431 0.91366 3.63726 22 759 37548 37523 1 0.88425 0.88425 4 
2.21205 3.69986 -5 -1.25581 -0.133959 2.52337 3.63687 22 760 1128 1 1 0.118683 0.118683 13 
-5 -4.43725 2.96103 0.12129 -0.00818325 -0.165722 4.03784 22 761 4924 4897 1 0.510476 0.510476 40 
0.0579083 4.68465 -5 -7.77351 1.39458 21.2386 3.6268 22 762 1102 1 1 4.20054 4.20054 10 
5 2.63278 -2.50189 -0.332404 -0.516485 0.0626058 3.6597 22 763 22458 22457 1 2.38566 2.38566 32 
5 -3.54051 4.7454 -0.33868 -0.289802 -0.383067 3.8772 22 764 31020 30995 1 3.18031 3.18031 5 
2.29443 -2.06912 -5 0.0454048 0.0798225 0.502679 3.64992 22 765 34668 34611 1 0 0 4 
5 4.61539 0.111004 -0.493126 0.0266784 -0.131283 3.75353 22 766 7922 7892 1 2.20843 2.20843 32 
5 1.81133 3.81414 -0.767614 0.33108 0.938644 3.67279 22 767 6415 6377 1 0 0 6 
5 -2.75941 4.16061 -0.11702 -0.312739 0.0928282 3.72634 22 768 14378 14377 1 1.61276 1.61276 15 
3.72283 5 -3.72512 -0.373921 -0.0470717 0.299292 3.66569 22 769 8591 8563 1 0.260585 0.260585 5 
5 -4.51926 0.92474 -0.445443 -0.318808 -0.737094 3.75718 22 770 6387 6386 1 0 0 5 
5 0.721155 -2.65512 -0.284265 -0.368415 -0.21115 3.71244 22 771 4042 4019 1 0 0 2 
-4.79754 2.41333 5 -0.644578 -0.0273103 -0.216862 3.76737 22 772 25083 25082 1 0 0 2 
0.0801984 -2.18374 5 -0.131721 -0.390154 -0.302571 3.86641 22 773 6135 6103 1 0 0 3 
5 2.4059 1.72655 -0.489311 -0.146069 0.0189374 3.70953 22 774 4995 4994 1 0.45963 0.45963 35 
-4.91164 4.82274 5 0.0828102 0.0234609 -0.199489 3.78679 22 775 8550 8524 1 0.216888 0.216888 24 
-2.56333 4.55737 -5 -0.492356 -0.10442 0.508333 3.64496 22 776 8180 1 1 1.56439 1.56439 39 
5 2.96456 -4.93942 -0.228811 -0.0654844 0.0367801 3.91751 22 777 17770 17769 1 0.38361 0.38361 39 
-0.295396 -0.599741 -5 -0.334614 -0.107455 0.22862 3.66905 22 778 19441 19415 1 0 0 5 
3.29799 0.991186 -5 -0.225418 -0.28952 0.446835 3.63162 22 779 18000 17874 1 0 0 4 
5 0.400492 4.72618 -0.2635 -0.198076 0.356695 3.67286 22 780 40589 40528 1 0 0 2 
4.8838 -3.52206 5 -0.336333 -0.381376 -2.24425 4.36559 22 781 9825 9806 1 0.0207469 0.0207469 9 
-2.16953 -5 4.62798 -0.012383 0.222845 -0.285086 4.33561 22 782 1365 1341 1 2.79925 2.79925 131 
2.39173 -4.43568 5 -0.0418657 -0.310738 -0.309274 3.82848 22 783 4197 4196 1 4.17581 4.17581 38 
5 2.72537 -2.17909 -0.337797 -0.0604938 0.0392329 3.71522 22 784 41719 41366 1 0 0 2 
1.56305 0.301158 -5 -0.440581 -0.193472 0.334908 3.64808 22 785 8753 1 1 4.62602 4.62602 113 
-4.82757 5 0.31108 -0.735651 -0.381249 0.901732 3.67029 22 786 3549 1 1 0 0 2 
5 1.24915 4.60895 -0.44463 -0.366439 0.143747 3.68185 22 787 13235 12827 1 2.65788 2.65788 31 
1.45154 -3.38475 5 -0.166654 0.136078 -0.0561184 3.88903 22 788 15146 15144 1 0 0 4 
5 2.48575 4.56636 -0.101898 0.235776 -0.00550908 3.67468 22 789 12770 12446 1 0 0 4 
5 0.707703 2.81314 -0.094527 -0.197267 -0.461812 3.93278 22 790 7966 7945 1 0.284323 0.284323 10 
5 3.04148 1.42336 -0.516147 -0.188023 0.478103 3.66854 22 791 24821 24371 1 0.963341 0.963341 13 
5 3.28012 -0.845888 -5.54995 -1.46998 9.08738 3.64729 22 792 1910 1829 1 0 0 3 
5 -2.76222 -4.84014 -0.332034 -0.163094 0.0932863 3.688 22 793 3319 3292 1 0.240298 0.240298 29 
1.6646 5 -4.96422 -0.253177 -0.301308 -0.161587 3.6736 22 794 18101 18100 1 0 0 3 
-1.52149 0.357795 5 -0.254621 -0.129117 -0.423812 4.12007 22 795 20061 20060 1 0 0 3 
-1.54061 -3.71115 -5 -0.039712 0.157505 0.121966 3.67414 22 796 9076 9049 1 0.420059 0.420059 31 
-1.88883 4.04935 -5 0.00342291 -0.0276125 0.0202421 3.77438 22 797 8091 8087 1 0.471007 0.471007 18 
-0.756042 -3.06577 5 -0.28732 -0.0188264 -0.332132 3.78845 22 798 10864 10769 1 0.586006 0.586006 52 
5 1.43324 3.9416 -2.756 -0.297418 1.14128 3.67715 22 799 11470 11418 1 9.35003 9.35003 96 
3.25311 -5 -4.2492 0.0473333 0.161753 -0.062209 3.66808 22 800 2495 2465 1 0.0135116 0.0135116 7 
-2.47487 -4.66173 5 0.129571 -0.0882593 -0.341157 4.15911 22 801 3771 3770 1 0 0 3 
5 1.40002 -0.240832 -0.439592 -0.227058 0.127763 3.71151 22 802 21696 21695 1 0 0 3 
5 -1.74653 2.93416 -0.319038 0.0608652 1.05237 3.66889 22 803 18716 18581 1 0 0 2 
-3.61703 5 -0.37808 -0.481029 -0.169903 0.0293937 3.74787 22 804 1175 1174 1 0 0 3 
5 -3.60109 -2.49182 -2.26988 -3.12161 0.226714 3.69294 22 805 14258 14257 1 0.322649 0.322649 51 
1.74268 -5 4.60814 -0.229462 0.072629 -0.0393747 4.12362 22 806 7712 7688 1 0.122368 0.122368 24 
5 -1.41082 4.60644 -0.197099 -0.043889 -0.0773804 3.83258 22 807 13426 13425 1 0.451343 0.451343 6 
5 -3.44294 -2.14564 -0.112057 -0.278814 0.142442 3.70889 22 809 7313 7312 1 0 0 4 
0.632024 5 1.80274 -1.56349 -1.17122 1.34593 3.69437 22 810 1001 1 1 0 0 1 
5 3.10467 -2.78412 -0.149398 -0.106907 -0.0303028 3.68893 22 811 3782 3752 1 0.608426 0.608426 40 
2.59709 4.79564 5 -1.60667 1.52058 -2.70987 4.33089 22 812 16422 16302 1 0 0 2 
5 -1.44759 -3.38361 -0.0433641 -0.254622 0.650663 3.63431 22 813 6292 1 1 0 0 1 
-5 2.1944 -4.45981 0.0991986 -0.0993489 0.0969471 3.77867 22 814 6820 6819 1 7.37252 7.37252 66 
5 0.958585 -2.62763 -1.00373 0.0656605 0.145734 3.66893 22 815 14165 14137 1 0.43758 0.43758 5 
5 -1.48696 -3.52078 -0.316434 -0.22201 -0.0122453 3.76834 22 816 1373 1372 1 0.226782 0.226782 7 
0.788883 -4.23819 5 -1.00233 -0.0578206 -1.60894 3.84172 22 817 4685 4641 1 3.59374 3.59374 27 
-4.2559 3.49706 -5 -0.106297 0.0657895 0.151871 4.05899 22 818 6168 6167 1 0.510646 0.510646 30 
5 1.51736 -1.12287 -0.309271 -0.406774 -0.00250445 3.7057 22 819 33197 33174 1 0 0 2 
-2.54926 0.773683 5 -0.0597934 -0.104289 -0.496657 3.99676 22 820 31063 31062 1 0 0 3 
5 0.386683 2.4255 -1.28514 0.00369449 0.383775 4.28329 22 821 3678 3654 1 0.506016 0.506016 51 
5 -4.48024 -4.48187 -0.474099 -0.0232026 -0.189241 3.81274 22 822 9798 9771 1 0 0 5 
5 2.46324 -0.369121 -0.426798 -0.13708 -0.245301 3.78737 22 823 5169 5142 1 0 0 3 
5 3.61647 4.24203 -1.11122 -1.06376 0.908393 3.67033 22 824 2974 2756 1 0.147346 0.147346 36 
5 -3.88152 4.21707 -0.302543 -0.443925 0.0205593 3.75035 22 825 2687 2658 1 0.0431591 0.0431591 11 
5 -2.84509 -2.42693 -0.600017 -0.168386 0.439271 3.65917 22 826 2896 2609 1 0 0 1 
5 0.701262 0.0549677 -0.309676 0.195198 0.022866 3.7243 22 827 21076 21075 1 0.366909 0.366909 55 
5 -0.717617 -0.0253183 -0.405585 -0.195619 -0.241566 3.74669 22 828 4883 4882 1 2.12882 2.12882 117 
5 -2.3332 -2.5256 -0.483453 -0.122732 -0.111041 3.73126 22 829 7208 7205 1 0.464163 0.464163 36 
5 -4.94555 3.72873 -0.254297 -0.369654 0.997243 3.66482 22 830 22582 1 1 0 0 3 
0.173323 5 -3.8773 -0.0576666 -0.155616 -0.149285 3.97587 22 831 16760 16332 1 0.0333473 0.0333473 18 
-0.815292 5 -3.62723 -0.549074 -0.267119 0.187636 3.67709 22 832 9498 9430 1 0.894713 0.894713 43 
-1.01682 -3.12361 -5 -0.675254 -0.287366 1.93663 3.63095 22 833 9405 9290 1 0 0 7 
5 -1.61033 -4.40378 -0.336369 0.131421 0.361531 3.68124 22 834 27540 27515 1 0 0 7 
5 -0.8354 1.15527 -0.596551 -0.648948 0.330439 3.67651 22 835 11001 10936 1 0 0 3 
-0.786036 5 1.48118 0.0374649 -0.0576529 -0.219352 3.93314 22 836 1279 1258 1 0.31758 0.31758 28 
-1.53771 -2.16465 5 0.0574378 -0.0219823 -0.306485 4.28076 22 837 4230 4227 1 1.22642 1.22642 81 
4.43453 4.92241 5 -0.670923 -0.610411 -0.454034 4.7333 22 838 7193 7172 1 0 0 10 
-0.781314 -1.75393 -5 -0.349241 -0.693192 0.686741 3.66011 22 839 3511 3510 1 0 0 3 
5 4.8873 -1.45712 -1.07319 -1.12971 -0.678253 3.73926 22 840 25852 25851 1 0.213226 0.213226 50 
-2.40877 5 3.59891 1.21421 -0.168449 2.69501 3.66659 11 842 1610 1533 1 0.911033 0.911033 44 
2.40296 -0.531463 -5 -0.248406 -0.227698 0.150832 3.66337 22 843 14617 10881 1 5.33598 5.33598 108 
-2.8998 4.48657 5 -0.356876 -0.167024 -0.220096 4.01647 22 844 26660 26626 1 0 0 1 
4.48312 5 1.9497 -0.404511 -0.202231 -0.417939 3.8059 22 846 5187 5186 1 0.25945 0.25945 45 
5 0.0445604 3.15611 -1.49689 1.11265 0.364985 3.65822 11 847 2769 1 1 25.6489 25.6489 231 
-2.49727 -4.50792 5 -0.0983205 0.0177791 -0.339829 4.2732 22 848 2782 2779 1 0.299664 0.299664 26 
5 -3.59015 -0.917765 -0.196535 0.0849202 0.224395 3.65487 22 849 9707 9418 1 0.492866 0.492866 28 
-5 3.91935 -4.29213 0.174033 0.0429123 -0.0490412 3.70397 22 850 1026 1 1 0.529319 0.529319 32 
-4.65714 5 -3.15968 -0.401743 -0.177677 -0.0323065 3.71944 22 851 15910 15725 1 0.786077 0.786077 4 
4.65331 -4.50506 5 -0.0253266 0.133563 -0.532032 3.82478 22 852 4644 4569 1 0.510767 0.510767 19 
-0.0717321 -2.23345 -5 -0.121901 -0.00786109 0.0743252 3.6616 22 853 1530 1529 1 0.426354 0.426354 38 
5 -1.91571 0.816651 -0.787151 -0.218854 -0.494617 4.74676 22 854 39478 39391 1 0 0 3 
-3.28879 0.198064 5 -0.236473 -0.255817 -0.327073 3.76936 22 855 21607 21521 1 0 0 1 
5 -2.8479 -4.52948 -0.581859 -0.229667 0.379443 3.65655 22 856 4762 4428 1 0 0 3 
3.01797 5 3.74396 0.606494 -0.40045 -0.107175 3.79823 11 857 14122 14099 1 4.63764 4.63764 53 
5 1.62562 0.109066 -0.0704423 -0.183336 -0.299223 3.96429 22 858 10945 10944 1 0.190446 0.190446 23 
0.507098 5 3.19 -0.253511 -0.269879 0.12794 3.71761 22 859 15568 15539 1 0 0 3 
5 -2.22853 -4.49192 -0.169494 -0.154882 -0.328076 3.77975 22 860 3403 3370 1 2.08429 2.08429 37 
-1.2896 5 1.95852 -1.63504 -1.22787 0.145554 3.71555 22 862 21218 21151 1 0.953311 0.953311 61 
5 3.90959 1.91293 -0.55996 -0.202024 0.263187 3.68258 22 863 11075 9874 1 0 0 4 
5 -1.87019 4.62458 -0.185677 -0.170006 0.0467381 3.69871 22 864 8603 8602 1 0.0262942 0.0262942 20 
5 1.81889 -4.55152 -0.268177 -0.329478 0.283982 3.67066 22 865 5602 5601 1 1.30604 1.30604 8 
5 2.45491 3.48506 -0.178328 -0.163093 -0.00260952 3.68321 22 866 8712 8678 1 12.1552 12.1552 173 
-3.03044 0.879839 5 -0.0376824 -0.369062 -0.142291 3.78541 22 867 12802 12639 1 0.568282 0.568282 54 
5 -0.926972 -3.21338 -1.15134 -0.387859 -1.4008 3.74669 22 868 12727 12666 1 0.233782 0.233782 27 
-0.861064 -5 4.64014 -0.0213046 0.134004 -0.155273 3.8312 22 869 1857 1856 1 0.205865 0.205865 25 
5 1.84272 -0.979844 -1.03881 -0.29938 1.00078 3.65728 22 870 13866 12924 1 0.185357 0.185357 22 
1.14234 1.57269 5 -0.761622 -0.137312 -1.19809 3.86343 22 871 5997 5936 1 0 0 2 
5 4.24456 3.87406 -0.0617685 0.265111 0.0281684 3.7952 22 872 31581 31578 1 0 0 4 
5 -2.77455 0.928796 -0.418488 -0.144029 -0.255427 3.75174 22 873 26679 26677 1 0.283598 0.283598 13 
5 4.64882 3.25077 -0.148148 -0.00858814 -0.0194437 3.68131 22 874 1081 1 1 2.66922 2.66922 131 
1.48968 -4.47586 5 0.104739 -0.0522743 -0.110475 3.73733 22 875 8624 1 1 2.61595 2.61595 64 
-0.853686 5 3.71021 -0.994588 -0.553405 -0.408931 3.74529 22 876 10420 10340 1 1.45632 1.45632 16 
5 4.26359 2.3062 -0.37061 -0.156557 0.315053 3.66937 22 877 18866 18843 1 0.546959 0.546959 9 
5 0.614192 -0.652192 -0.301082 -0.08674 -0.0309495 3.82466 22 878 13810 13809 1 0.479707 0.479707 58 
5 -4.06142 -0.632066 -0.246011 0.0492548 0.478184 3.67706 22 879 6060 5889 1 0.479377 0.479377 34 
5 0.686449 2.64462 -7.19584 -3.46264 4.65486 3.67819 22 880 15867 15866 1 0.376005 0.376005 16 
2.82005 5 -4.74157 -0.691422 -0.28922 0.255514 3.65596 22 881 3943 3920 1 9.433 9.433 65 
5 1.6941 1.21936 -0.488846 -0.0981194 -0.997647 3.97226 22 882 10362 10356 1 0.101837 0.101837 5 
5 0.0586739 2.83346 -0.278701 -0.093758 0.016512 3.77416 22 883 3513 3512 1 0 0 1 
5 -0.440025 3.91618 -2.87242 -0.23683 3.65464 3.68182 22 884 8749 8607 1 0.150686 0.150686 4 
5 2.15381 4.66744 -1.91322 0.822809 4.29804 3.66939 22 885 1700 1680 1 0 0 3 
5 2.96612 4.11525 -1.33084 -0.572526 0.401529 3.7231 22 886 45682 45637 1 0 0 1 
5 -1.42881 -0.642259 -0.339124 0.00228026 -0.126814 3.75843 22 887 33245 33180 1 0.295923 0.295923 32 
5 3.00236 1.61176 -0.140586 -0.111097 0.0079741 3.77908 22 888 4628 4587 1 0.386861 0.386861 67 
2.54833 5 4.29467 -0.200541 -0.242638 -0.402529 3.84493 22 889 32969 32945 1 1.09455 1.09455 23 
-3.74738 5 -3.15715 -0.116494 -0.0713935 -0.188631 3.75857 22 890 5880 2984 1 0 0 2 
0.648295 5 0.0941766 -0.360581 -0.221006 0.286805 3.67546 22 891 3308 3307 1 3.04164 3.04164 44 
4.56021 1.84359 5 -0.3642 -0.115884 -0.339188 3.78626 22 892 12508 12507 1 6.62651 6.62651 127 
5 -1.26963 -3.1349 -0.196314 -0.389663 0.265977 3.69878 22 893 8526 8524 1 0.302902 0.302902 27 
0.80605 2.90055 5 -0.0636315 -0.193847 -0.343537 3.98264 22 894 5182 5163 1 0 0 2 
5 4.09881 4.85604 -1.45117 -0.656501 1.07462 3.67713 22 895 30175 30142 1 0.128933 0.128933 27 
5 3.43237 -1.75616 -0.301392 4.2894 2.75742 3.65491 11 896 6755 6723 1 3.43317 3.43317 64 
5 3.57469 0.387277 -0.573066 -0.220024 -0.955296 3.72125 22 897 3848 3810 1 1.57722 1.57722 42 
4.35481 2.77978 -5 -0.809274 0.268276 3.17655 3.62547 22 898 1495 1374 1 0.532706 0.532706 5 
5 -0.990397 4.9039 -0.327399 0.000266001 -0.0676952 3.94926 22 899 15580 15579 1 0.0295851 0.0295851 17 
-4.33643 5 -0.550875 -1.28743 -1.31424 -1.82 4.01395 22 900 3881 3880 1 0.362873 0.362873 4 
1.26631 4.47289 5 -0.304753 0.0938734 -0.399291 4.03561 22 901 1492 1464 1 0 0 3 
0.938564 -0.0406923 5 0.0958716 -0.116975 -0.171962 3.7624 22 902 24854 24853 1 0.192075 0.192075 25 
1.84198 5 2.28151 -0.29027 -0.116393 0.139713 3.70075 22 903 9495 9457 1 0 0 5 
5 -0.446545 4.46007 -2.07914 -4.35392 0.760781 3.67023 -11 904 12565 12564 1 7.67482 7.67482 31 
5 3.5531 3.66586 -0.476271 -0.0213299 0.579615 3.67948 22 905 19540 18534 1 2.16415 2.16415 3 
2.03763 4.73315 -5 -1.84481 -0.0988732 2.19117 3.64791 22 906 12916 12801 1 0 0 2 
2.93497 5 3.60474 -0.140956 -0.0377161 -0.0710223 3.72725 22 907 2375 2334 1 0.00349179 0.00349179 10 
1.37985 5 -2.67626 -0.174047 -0.177775 0.0273736 3.99472 22 908 19716 19703 1 0 0 5 
-3.58786 -4.43502 5 0.0390345 -0.185323 -0.370729 4.47173 22 909 18261 18260 1 0 0 2 
-4.12158 1.30893 -5 -0.339078 -0.157967 0.0873176 3.67926 22 910 10620 10021 1 0.490018 0.490018 37 
5 -2.63999 -4.01373 -0.502927 0.0465562 0.0775691 3.64909 22 911 7589 7588 1 0.640254 0.640254 28 
1.78592 -1.24754 5 -0.144882 -0.288117 -0.117483 3.79919 22 912 15283 13960 1 0.0503559 0.0503559 3 
5 -3.97335 -3.29068 -0.35847 -0.102066 0.337031 3.69795 22 913 5966 5965 1 0 0 3 
5 -0.951907 0.676906 -0.425358 -0.196493 -0.410324 3.73734 22 914 5369 5353 1 0 0 7 
5 4.17811 0.499419 -0.27536 -0.134634 0.149794 3.67187 22 915 2328 2327 1 0.562208 0.562208 82 
-1.93362 -5 4.83498 -0.124145 0.105943 -0.188014 3.73754 22 916 17417 17323 1 8.95796 8.95796 148 
5 4.40343 -4.95625 -0.257938 -0.101955 0.000732147 3.91737 22 917 5629 5628 1 3.00764 3.00764 99 
-3.01694 3.32676 5 -0.590796 0.0828 -0.659857 3.83736 22 918 4271 4270 1 1.08461 1.08461 66 
3.83248 5 3.28404 -3.03449 -2.64927 0.581287 3.67386 -11 919 10622 10621 1 7.65201 7.65201 23 
4.29691 -1.08234 -5 -0.743729 0.000536629 0.8469 3.64636 22 920 3117 3042 1 0 0 7 
5 -0.344179 2.28874 -0.442939 0.0145076 -0.389191 3.81052 22 921 4696 4575 1 1.03389 1.03389 81 
-1.66474 -2.28333 5 -0.246889 -0.229814 -0.251981 3.89271 22 922 12708 12707 1 0 0 4 
-2.82548 5 3.5402 -3.09282 -1.49885 3.96678 3.66803 22 923 8804 8728 1 0 0 6 
5 0.183168 3.9492 -1.83393 -0.662004 0.0708537 3.68551 22 924 7118 7115 1 2.96856 2.96856 42 
5 -4.59143 3.49286 -2.03537 -4.03757 -2.59332 3.74974 11 925 2620 2559 1 3.0498 3.0498 79 
-0.129574 4.16946 5 -0.123153 -0.0819922 -0.222282 3.93394 22 926 2389 2327 1 0.340212 0.340212 9 
5 1.29433 -4.05362 -0.384996 -0.203485 -0.768416 3.96273 22 927 7674 7588 1 0 0 2 
5 -4.43564 4.76992 -0.174594 -0.120292 -0.187646 3.89507 22 928 20092 20037 1 0.0418508 0.0418508 3 
3.74425 4.79261 -5 -0.930887 -0.173216 0.552815 3.68646 22 929 38182 38181 1 0 0 2 
5 -1.33379 2.24089 -0.437661 -0.240608 0.108079 3.73658 22 930 12638 12624 1 0.255351 0.255351 31 
5 3.1116 4.42456 -0.257015 -0.127373 -0.454745 3.7717 22 931 14931 14916 1 0.312947 0.312947 7 
4.57461 -2.5323 5 -0.392068 -0.140131 -0.296253 3.80217 22 932 17038 17037 1 0.291493 0.291493 48 
-2.06494 0.113846 5 -0.362175 -0.153695 -0.326079 3.78153 22 933 7025 7024 1 0.341277 0.341277 29 
-3.35527 5 0.47797 -0.396219 -0.236348 -0.56902 3.9335 22 934 27218 27179 1 0.274083 0.274083 23 
3.14142 1.49755 5 -0.20069 -0.012352 -0.397684 4.07028 22 935 13624 13623 1 0.397503 0.397503 5 
4.1901 -3.59701 -5 -0.0858019 -0.307935 0.358348 3.64697 22 936 41418 41182 1 0 0 4 
5 2.0187 -0.649504 -0.312519 0.11659 0.209294 3.64495 22 937 1307 1 1 10.7568 10.7568 83 
5 -2.97447 3.5857 -0.37826 -0.292249 0.180637 3.69912 22 938 23197 23196 1 0 0 2 
5 -0.893981 0.961761 -1.11178 -0.530494 -0.155354 3.75891 22 939 3411 3409 1 0.957536 0.957536 4 
3.76945 5 -3.55184 -0.129082 -0.149301 -0.109365 3.90305 22 940 11998 11997 1 5.2588 5.2588 101 
5 1.47916 1.76309 -0.375624 -0.48925 1.17111 3.64733 22 941 1810 1 1 2.30877 2.30877 80 
-0.424334 -4.84691 -5 -0.508266 -0.504109 0.722458 3.66016 22 942 8195 8134 1 0 0 5 
5 -2.58976 4.33223 -0.409769 0.0279602 -0.111838 3.76235 22 943 11870 11852 1 0 0 1 
1.81342 -4.45295 -5 -1.03394 -0.339065 0.584413 3.67479 22 944 24458 24341 1 0 0 3 
5 -3.10736 1.22083 -0.400671 -0.266893 0.00388032 3.73457 22 946 34255 34215 1 0.481015 0.481015 25 
4.07327 3.54957 5 -0.91 1.14044 -0.286844 3.70842 22 947 8921 8908 1 0.139602 0.139602 7 
0.602282 -3.86772 -5 -0.0972218 -0.23344 0.370972 3.69686 22 948 9433 9432 1 0 0 3 
5 0.515539 -0.709912 -0.210005 -0.145393 -0.0472961 3.71596 22 949 17540 16990 1 0 0 2 
4.22404 -5 2.78342 -0.0222054 0.488457 0.148446 3.68026 22 950 12762 12761 1 3.92188 3.92188 48 
-2.91283 -1.42466 -5 -0.414197 -0.286365 0.0869273 3.67695 22 951 21320 21319 1 1.96872 1.96872 29 
5 -1.81833 0.619488 -0.405526 -0.275666 0.219811 3.6885 22 952 19967 17868 1 0.286278 0.286278 11 
2.58406 -4.81098 5 0.0597257 -0.305241 -0.0901507 3.81068 22 953 5308 5307 1 0.181722 0.181722 21 
-1.24382 -3.44702 5 0.210356 -0.336354 -0.322081 3.7667 22 954 37930 37905 1 0 0 2 
5 -1.83728 -2.14523 -0.267786 -0.0667897 -0.144722 3.7261 22 955 8452 6545 1 0.945595 0.945595 50 
5 4.43063 3.16084 -0.477653 -0.0477403 0.134055 3.71147 22 956 7013 6531 1 0 0 2 
1.04705 5 4.64822 -0.243701 -0.278003 -0.352767 3.92851 22 957 42439 42422 1 0 0 1 
4.51903 -5 1.92747 0.160433 0.109379 -0.368877 4.05288 22 959 7321 7310 1 0.667139 0.667139 32 
-0.441084 2.32511 -5 -9.74134 -12.0624 9.14132 3.66134 22 960 28468 28443 1 0 0 4 
2.18233 -0.888401 -5 -0.528046 0.0675661 2.51491 3.62286 22 962 1893 1 1 4.31361 4.31361 96 
0.0356558 4.18924 5 -0.312415 -0.0762223 -0.143059 3.7539 22 963 15519 15517 1 0.00446057 0.00446057 6 
5 4.06926 1.27265 -0.200589 -0.120235 0.0480213 3.71813 22 964 27563 27482 1 0.523434 0.523434 43 
5 1.61081 -1.97198 -0.478398 -0.119472 -0.134095 3.74457 22 966 4128 4127 1 0 0 3 
-5 -2.52008 4.81693 0.144306 -0.342646 -0.350555 4.00987 22 967 2341 2340 1 4.28543 4.28543 75 
5 3.11737 2.42684 -0.0238561 0.0141393 -0.0108578 4.39989 22 968 7595 7582 1 0.924158 0.924158 16 
-3.92709 0.0500196 -5 -0.544213 -0.246144 0.0784324 3.73265 22 969 12450 12256 1 0 0 1 
5 3.84977 4.30717 -0.811811 -0.359569 0.741997 3.66959 22 970 2753 1 1 5.60768 5.60768 105 
-3.15686 4.15857 5 -0.142626 0.141822 -0.973628 3.79536 22 971 1125 1124 1 0 0 2 
5 3.15015 -4.94629 -0.383986 -0.305794 0.142002 3.70092 22 972 18902 18900 1 0 0 4 
5 4.76859 2.99908 -0.488913 0.229089 0.640648 3.67133 22 973 26071 26042 1 0 0 7 
3.21339 4.93006 5 -0.150805 0.0674537 -0.231431 3.73664 22 974 2755 2754 1 3.99907 3.99907 73 
2.59836 5 0.278784 -0.132559 -0.331511 -0.36558 3.69492 22 975 12935 12932 1 2.01474 2.01474 25 
2.88675 5 3.91255 -0.333086 -0.214683 0.322622 3.67852 22 976 7489 7487 1 0 0 5 
0.475313 4.9303 5 0.0670195 0.334 -0.287899 3.82323 22 977 1857 1856 1 0 0 4 
5 -0.292092 1.29607 -0.47881 -0.156437 0.0859569 3.69983 22 978 7571 7552 1 0.467173 0.467173 36 
-4.34877 3.07094 -5 -0.550352 -0.00578705 1.49848 3.63453 22 979 46390 46264 1 0.150355 0.150355 40 
5 -1.72582 -2.18667 -0.207348 -0.124838 -0.0356066 3.71306 22 980 5845 5790 1 1.84729 1.84729 40 
5 -0.887565 -0.178069 -0.22337 -0.151041 -0.405815 3.80587 22 981 11192 11191 1 0 0 4 
0.882324 2.71068 5 0.00361385 -0.045714 -0.508937 4.06926 22 982 1820 1819 1 6.11458 6.11458 40 
5 -1.88596 4.16352 -0.274414 -0.0670647 0.0644855 3.73377 22 983 9325 9245 1 0.340187 0.340187 6 
2.55489 5 1.4441 -0.0836202 -0.136703 0.0433542 3.6742 22 984 1055 1 1 0.326945 0.326945 32 
5 1.55031 2.70518 -0.159344 0.0876617 -1.51476 4.15233 22 985 17222 17221 1 0.181975 0.181975 24 
5 -1.20269 -0.116658 -0.702488 -0.300765 0.852672 3.66033 22 986 18103 1 1 0 0 2 
5 -3.15243 -4.69262 -0.369619 -0.294477 -0.194384 3.78324 22 987 10894 10893 1 0 0 1 
5 4.53524 -0.943062 -0.359166 0.0290532 -0.0798688 3.70259 22 988 11788 11787 1 0.897054 0.897054 17 
4.85171 -3.71735 5 -0.00387884 -0.310913 -0.298805 3.8612 22 989 3111 3110 1 0.387439 0.387439 6 
4.32265 5 4.98197 -0.277469 -0.172684 -0.113935 3.7725 22 990 3911 3910 1 1.29124 1.29124 120 
5 -2.05467 2.61023 -0.502026 -0.0814187 -0.0496081 3.72805 22 992 13459 13458 1 0.229486 0.229486 39 
5 -3.86734 -0.623187 -0.217191 -0.175709 -0.0451471 4.13278 22 994 8112 8111 1 0.486727 0.486727 7 
2.9053 5 4.95292 -0.701628 -0.287043 1.15361 3.6623 22 995 13555 13456 1 0 0 5 
1.61983 5 -1.91728 -0.0916238 -0.434451 1.0795 3.65304 22 996 3818 3817 1 0.377291 0.377291 7 
-5 1.07309 1.81473 0.110542 -0.0821724 -0.34518 4.03777 22 997 3232 3207 1 0 0 2 
-2.66684 0.168739 -5 -0.232634 -0.122937 0.971354 3.63047 22 998 1180 1 1 9.51638 9.51638 203 
2.81075 5 -2.98068 -0.486763 -0.134999 0.0771801 3.69587 22 999 37022 37020 1 0.920965 0.920965 53 
0.783674 1.54558 -5 -0.77431 -0.680419 1.2399 3.64653 22 1000 8938 7989 1 0 0 4 
