# Det3_2_17
#x y z Px Py Pz t PDGid EventID TrackID ParentID Weight Edep VisibleEdep Ntracks
-5 1.22059 -2.94497 0.156481 0.0490324 -0.118463 3.9363 22 1 9988 9840 1 0.600037 0.600037 4 
3.86853 -0.151483 -5 -0.217482 0.330151 0.317516 3.95636 22 2 16868 16821 1 1.39416 1.39416 20 
5 1.39527 0.448567 -0.131682 0.112218 0.569757 3.95062 22 3 9132 9131 1 0 0 2 
-1.92897 -0.544249 -5 -0.299866 -0.330343 0.35999 3.95766 22 4 57618 57535 1 0 0 1 
1.01451 -3.44185 -5 -0.236132 -0.383999 0.476234 3.92269 22 5 3085 2907 1 0.761983 0.761983 34 
-1.52439 1.12013 -5 -0.377015 -0.739762 0.555846 3.97236 22 7 10442 10389 1 0 0 2 
5 -2.53963 -3.05058 -1.26066 -1.54493 1.91207 3.93986 22 8 5778 5709 1 0 0 4 
3.82088 5 -3.13913 0.455641 -0.185102 0.138737 3.95916 22 9 13750 13747 1 3.11594 3.11594 58 
4.55446 5 -0.974124 -0.196191 -0.492377 -0.209384 3.95789 22 10 33876 33822 1 0 0 2 
-1.29217 4.13335 -5 -0.476862 -0.643936 1.14382 3.93492 22 11 4698 4589 1 1.67397 1.67397 28 
2.10495 5 -3.395 -0.13384 -0.376574 -0.263286 4.17562 22 12 8388 8387 1 0 0 4 
1.22745 1.62353 5 0.134882 0.048647 -0.0755921 4.14446 22 13 4445 4444 1 0.605427 0.605427 38 
-4.3122 1.59534 5 0.12845 -0.226412 -0.159517 4.18385 22 14 11308 11307 1 0 0 3 
5 -3.08884 4.94606 -7.18952 -4.88034 1.96472 3.95534 -11 15 1469 1468 1 1.20452 1.20452 78 
3.2782 1.96358 -5 -0.247753 -0.290224 0.464165 3.9138 22 17 5494 5277 1 7.77705 7.77705 104 
-5 4.51384 -0.127068 0.153234 0.0608911 -0.000368961 4.20142 22 18 8577 8448 1 0 0 4 
-2.20961 2.76729 -5 -8.66289 -7.24726 31.6712 3.90434 22 19 7764 7721 1 0.232346 0.232346 18 
1.58516 -0.576966 -5 -0.201629 -0.226565 0.411259 3.98463 22 20 3805 3800 1 0 0 4 
1.33999 5 0.1035 -3.75987 -3.68311 2.88018 3.96271 22 21 34352 34351 1 1.82299 1.82299 3 
-4.20584 5 0.771333 -0.197303 -0.653775 -0.0388824 4.09668 22 22 14386 14384 1 0 0 3 
2.31446 -0.325153 -5 -0.333542 -0.372313 0.236838 3.97835 22 23 10447 10335 1 0 0 3 
-4.41471 -2.54678 -5 -0.278391 0.297365 0.35571 3.94453 22 24 2880 2809 1 0.239326 0.239326 6 
-1.26369 5 1.31694 -0.19003 -0.432769 0.194216 3.97705 22 25 3200 3187 1 3.25399 3.25399 91 
2.77464 4.00901 -5 -0.362063 -0.37176 0.667623 3.92853 22 26 28590 28508 1 0.924838 0.924838 18 
-2.75111 3.69874 -5 -0.322443 -0.523017 1.19566 3.91576 22 27 3124 2108 1 0 0 3 
1.67338 0.807025 -5 -5.70772 -6.90707 34.8316 3.89894 22 28 2994 2827 1 0 0 9 
-1.56774 3.35153 -5 -3.31665 -3.2971 10.367 3.91073 22 29 3168 3007 1 6.95532 6.95532 70 
-3.38647 -5 4.67901 -0.364199 0.25714 -0.249716 4.16802 22 30 3573 3572 1 11.0049 11.0049 183 
5 1.1557 -2.77944 -0.402498 -0.591559 -0.692817 3.9585 -11 31 19382 19381 1 0.50768 0.50768 5 
0.00600294 3.7534 -5 0.480011 -0.465627 0.435995 3.95085 22 32 1712 1040 1 0.543283 0.543283 55 
-0.533018 5 -3.31105 -0.364003 -0.353826 -0.0585529 4.0505 22 33 16924 16888 1 0.635917 0.635917 7 
5 1.39606 -4.39212 -0.313143 -0.57054 0.133143 3.96922 22 34 24917 23702 1 0 0 2 
2.17167 5 4.12554 -0.227971 -0.443669 0.110937 3.96629 22 35 1298 1272 1 1.06975 1.06975 54 
0.174369 5 0.606609 -0.343388 -0.377835 -0.0211047 4.05973 22 36 12411 12377 1 0 0 6 
0.168996 -2.86652 -5 -0.137989 -0.458761 1.24471 3.90716 22 37 2143 1984 1 1.60356 1.60356 121 
3.17363 4.99981 5 -0.942257 -1.05156 -0.561177 4.02972 22 38 1760 1719 1 0.364601 0.364601 30 
-0.558275 0.621124 -5 -0.118335 -0.367686 0.138773 3.96135 22 39 7805 7804 1 0.391908 0.391908 28 
1.14187 5 -2.90959 -0.940311 -2.35545 2.72585 3.93421 22 40 21904 21801 1 0 0 4 
5 3.19311 -1.94795 -0.343836 -0.121121 -0.29641 4.16942 22 41 33813 33787 1 0 0 3 
5 -0.897125 -4.56102 -0.19855 -0.297721 -0.364774 4.17126 22 42 26424 26399 1 0 0 2 
-1.90716 -0.621978 -5 -0.999607 -1.04661 3.15644 3.9237 22 43 5944 5611 1 0 0 2 
-3.96845 2.87668 -5 -0.306524 -0.312943 0.263116 3.98371 22 44 6627 6598 1 0.00555463 0.00555463 5 
-4.55831 5 -2.98614 -0.368077 -0.348005 -0.0673177 4.02368 22 45 1715 1691 1 0 0 2 
-3.93473 5 -3.24742 -0.0991587 -0.0916539 -0.127394 4.09447 22 46 20584 20382 1 0 0 1 
3.83783 5 -3.06847 -0.0596862 -0.196557 -0.0467732 4.04112 22 47 5766 5739 1 0.57383 0.57383 48 
5 -1.30761 2.55498 -0.553252 -0.571412 0.62581 3.96769 22 48 3742 3716 1 0.387547 0.387547 31 
-3.96598 5 2.31659 -0.287066 -0.108825 -0.0248144 3.95548 22 49 25447 25444 1 0 0 2 
2.49717 5 -4.03268 -0.431212 -0.821337 0.25833 4.00398 22 50 3467 3440 1 0 0 1 
3.79106 5 0.867866 -0.069958 -0.497446 -0.0936678 4.00562 22 51 1883 1882 1 0.740206 0.740206 34 
-5 4.33341 0.586515 0.0694252 -0.154558 -0.124068 4.26953 22 52 26009 26008 1 0.209533 0.209533 29 
3.54479 -2.65072 -5 -3.95116 -3.38163 4.01367 3.93219 -11 53 1790 1789 1 4.65976 4.65976 72 
3.2587 -0.201255 -5 -0.357321 -0.264495 0.251961 4.00361 22 54 10830 10828 1 4.5267 4.5267 75 
-2.96452 -2.33839 5 -0.379261 0.21269 -1.40128 4.087 22 55 7023 7022 1 0.215962 0.215962 17 
1.21297 5 3.3312 -0.0318322 -0.4454 -0.183167 3.99474 22 56 7260 7048 1 0.0503874 0.0503874 5 
5 1.60343 2.09395 -0.053433 -0.440432 0.104777 4.07129 22 57 2356 2355 1 0 0 3 
5 -0.886143 -1.08064 -0.122155 -0.0232281 0.122835 3.97456 22 58 5627 5616 1 0.299325 0.299325 8 
4.79307 5 -3.24558 -0.0877642 -0.298623 0.160804 3.94421 22 59 7144 7143 1 0.0776162 0.0776162 3 
4.26852 5 -1.38582 -0.0459331 -0.666532 1.10545 3.92921 22 60 3193 3061 1 0 0 4 
2.6045 2.28 -5 -2.9216 -3.53464 14.1288 3.89973 22 61 2535 2352 1 0.175627 0.175627 8 
5 -3.07558 4.25367 -0.109326 -0.356627 0.132014 3.97642 22 62 2858 2821 1 0.288893 0.288893 11 
-3.31425 -2.21411 -5 -0.667776 -0.545559 0.76186 3.94426 22 63 2159 1913 1 5.15984 5.15984 41 
5 3.96607 -1.92573 -0.189759 0.304093 0.364196 3.92982 22 64 1825 1824 1 0 0 6 
2.64043 5 -0.400644 -0.37724 -0.47679 0.217063 3.98084 22 65 3153 2539 1 0.644984 0.644984 38 
-1.37912 5 3.14766 -0.383872 -0.31741 0.114075 4.02271 22 66 19561 19560 1 0.448367 0.448367 12 
5 4.86682 -3.99252 -0.101714 -0.0240195 -0.110207 3.96691 22 67 13034 13033 1 0 0 1 
5 2.84303 2.56874 -0.0805892 -0.367098 -0.107961 4.04179 22 68 2013 1976 1 0 0 7 
0.636825 -1.19585 -5 -0.263704 -0.367414 0.23788 3.97642 22 69 8268 8232 1 8.46534 8.46534 6 
-4.4785 5 0.915404 -0.137928 -0.145182 -0.0479238 4.06328 22 70 5412 4525 1 1.96638 1.96638 38 
-2.88435 5 -3.3073 -0.314893 -0.163802 0.0264515 4.03439 22 71 9470 9449 1 0 0 7 
1.50543 5 -4.59697 -0.101483 -0.220924 0.0440396 3.95387 22 72 4801 4800 1 0.384524 0.384524 38 
1.51345 -0.135033 -5 -1.16756 -2.15541 1.11398 3.95799 22 73 32527 32399 1 0.321413 0.321413 28 
4.72664 5 -0.0484082 -0.356254 -0.262238 0.232984 3.99849 22 74 15120 14915 1 0 0 4 
5 3.91926 -2.23739 -0.353987 -0.346119 0.126547 3.9543 22 75 15172 15171 1 0.542003 0.542003 42 
5 4.82483 3.84152 -0.304772 -0.406074 0.0577751 4.00445 22 76 20599 20598 1 0.872647 0.872647 63 
4.07334 5 -4.7388 -0.0368855 -0.119268 -0.247669 4.17476 22 77 4794 4769 1 0.0492982 0.0492982 8 
2.87044 0.551855 -5 -0.336803 -0.268228 1.41257 3.91302 22 78 1081 1 1 0.426282 0.426282 24 
-5 3.45478 -2.57093 0.891481 -0.212333 0.486733 3.9559 22 79 4557 4556 1 0 0 6 
1.87415 5 4.03674 0.215915 -0.39925 0.0302609 4.06696 22 80 19959 19935 1 0.454517 0.454517 23 
1.67854 5 2.58416 -0.0490276 -0.29353 0.167203 3.97899 22 81 8855 8830 1 0 0 2 
0.341188 5 1.75178 -0.866514 -1.11006 2.5356 3.93175 22 82 4411 4355 1 3.98208 3.98208 31 
0.26566 -1.79827 5 1.92712 -4.81196 -1.72788 4.07632 22 83 16064 16045 1 0 0 3 
-0.635145 1.47343 -5 -0.28302 -0.225083 0.36105 3.95918 22 84 1316 1315 1 0 0 2 
3.0828 5 3.25126 -0.264962 -1.30007 0.683602 4.01978 22 85 3772 3755 1 0 0 2 
-2.56807 5 0.708345 -0.295301 -0.252302 -0.180421 4.0856 22 86 4226 4225 1 0.16048 0.16048 33 
-3.9092 5 3.298 -0.184447 -0.270868 0.0687362 4.05707 22 87 12310 12308 1 0 0 6 
-3.98357 5 -4.71452 -0.369658 -0.327717 0.130668 3.97576 22 88 18316 18315 1 0 0 5 
4.21626 5 -3.46899 -1.3791 -4.01114 1.05866 4.00202 22 90 35484 35417 1 0.449158 0.449158 23 
5 -3.53294 4.6584 -0.173349 -0.354804 0.0795751 4.00379 22 91 4504 4460 1 1.29879 1.29879 10 
-3.2654 0.0817552 -5 -0.280032 -0.283536 0.319858 3.97831 22 92 5293 5291 1 0 0 3 
-2.05475 5 -1.56845 -0.151673 -0.356231 -0.333488 4.16755 22 93 4327 4326 1 0.681288 0.681288 21 
5 3.73227 -4.13295 -0.422493 -0.317032 0.149855 3.964 22 94 5131 5098 1 0.803947 0.803947 35 
5 -3.85137 -1.67827 -0.191092 -0.209369 0.342062 3.90677 22 95 5342 5263 1 8.92126 8.92126 127 
0.363799 3.61171 5 -0.178577 -0.156641 -0.452431 4.08112 22 96 12747 12746 1 0.370693 0.370693 10 
2.7526 5 0.946147 0.221928 -0.221952 0.0175091 3.97133 22 97 3035 2976 1 0 0 11 
2.4502 5 -0.490869 -0.10457 -0.598901 -0.173834 3.96446 22 98 28336 28222 1 2.97446 2.97446 61 
5 -2.76807 -3.05037 -0.220699 -0.218485 0.0913043 3.95459 22 99 13363 13256 1 0.868563 0.868563 50 
-3.9557 2.48989 -5 -4.07922 -3.7104 7.75816 3.91863 22 100 3437 3382 1 1.13114 1.13114 15 
1.3337 5 3.02111 -0.97046 -1.62501 4.28313 3.93862 22 101 11896 11817 1 0.307322 0.307322 24 
5 3.76046 -3.0313 -0.113971 -0.331335 -0.130098 4.04374 22 102 17179 17178 1 0 0 1 
5 -0.103671 0.412237 -0.183907 -0.0431457 0.163476 4.15684 22 103 11652 11618 1 0 0 2 
-1.20976 0.0840282 -5 -0.161779 -0.774514 1.11132 3.92238 22 104 11508 11387 1 0.47807 0.47807 17 
5 0.0900817 -2.90814 -0.213789 -0.449608 0.115183 4.12766 22 105 36448 36447 1 0 0 1 
2.81772 -0.173368 5 -0.401618 -0.571544 -0.584726 4.14366 22 106 8960 8959 1 0.624853 0.624853 69 
2.93222 -3.3971 -5 -4.41333 -4.13365 9.92528 3.92707 22 107 2596 2384 1 0 0 4 
-2.91798 5 1.25784 -0.296051 -0.354329 -0.0680338 4.04718 22 108 6554 6551 1 0 0 5 
4.35061 1.96721 -5 -1.93871 -3.76643 5.06174 3.9206 22 109 8693 8593 1 0.0645266 0.0645266 7 
-0.635207 -0.575125 -5 -0.322185 -0.321572 0.396895 3.94892 22 110 3747 1 1 0.264289 0.264289 31 
-1.47766 5 -2.63423 -0.148584 -0.322415 -0.367548 4.12675 22 111 2888 2887 1 1.24489 1.24489 36 
-1.69084 5 -0.189642 -0.155583 -0.275526 0.190157 4.04832 22 112 8936 8903 1 0.680097 0.680097 51 
-3.65282 5 2.47684 -0.28533 -0.409754 0.371058 3.98605 22 113 24136 23894 1 0 0 4 
4.12068 0.0947914 -5 -0.538698 -0.79677 0.540069 3.97734 22 114 15548 15432 1 0 0 1 
2.46218 5 0.461081 -0.879075 -1.09594 1.81671 3.94522 22 115 13601 13550 1 0 0 3 
-0.849951 5 -0.127819 -0.0523305 -0.462755 -0.210331 4.05753 22 116 16696 16695 1 0.032154 0.032154 2 
0.673575 3.57366 -5 -0.174396 -0.163073 0.214803 3.91541 22 117 3336 3268 1 0.49353 0.49353 42 
5 1.00095 3.3867 -0.353801 -0.260028 -0.2614 4.10187 22 118 17657 17655 1 0.526651 0.526651 35 
-5 2.2516 -0.706664 0.205484 0.304243 -0.29524 4.34679 22 119 17537 17535 1 14.5271 14.5271 95 
4.51336 5 -0.0111678 -0.0697619 -0.309643 2.64494 3.91531 22 120 7554 7225 1 0 0 5 
3.90769 5 4.20153 -0.00835989 -0.230465 0.249031 3.94519 22 121 2572 2541 1 1.0249 1.0249 53 
5 -0.0780539 1.07253 -0.190238 0.00229373 0.259538 3.98615 22 122 4745 4727 1 0 0 3 
-1.87508 5 -3.95337 -0.276777 -0.197094 0.381665 3.98454 22 123 4790 4788 1 0 0 4 
1.44863 4.49973 -5 -0.0997884 -0.548511 0.460642 3.91695 22 124 5244 5129 1 0 0 4 
2.89266 -4.25613 -5 -1.92103 -4.06465 4.05857 3.94082 22 125 14436 14435 1 0 0 3 
5 -3.2254 -3.95198 -0.23142 -0.343611 0.048161 4.0188 22 126 16400 15074 1 0 0 6 
1.55553 5 4.21801 -0.237989 -0.335432 0.30326 3.97179 22 127 4547 4546 1 0.102224 0.102224 5 
-0.170087 -2.82754 5 -0.219534 -0.17137 -0.428436 4.03873 22 128 6708 6706 1 1.37208 1.37208 38 
2.12555 -4.91957 -5 -0.234686 -0.431427 0.135814 3.99547 22 129 10024 10023 1 0 0 5 
-5 2.64912 -3.41903 0.0649431 -0.0061334 -0.172678 4.01193 22 130 3793 3788 1 1.21089 1.21089 26 
3.82395 5 -4.79831 -0.905362 -2.54174 4.52566 3.91083 22 131 19777 19580 1 0 0 3 
-0.0476954 5 -1.08352 -1.52344 -1.9328 6.16547 3.91319 22 132 1941 1843 1 0.986413 0.986413 20 
2.55697 5 -2.49701 -0.522387 -1.28696 2.23837 3.92515 22 133 8209 8161 1 1.14211 1.14211 37 
0.447428 5 2.84989 -0.215124 -0.291865 0.360078 3.97627 22 134 3655 3637 1 0.165554 0.165554 10 
-0.155179 2.22673 -5 -0.222823 -0.248674 0.361202 3.94165 22 135 11397 11378 1 0 0 2 
3.39763 5 -4.0776 -0.00103894 -0.028051 -0.00994913 4.07472 22 136 20367 20356 1 0.0296669 0.0296669 18 
-2.64803 5 4.05428 -0.113623 -0.152089 0.595645 3.93697 22 137 37722 37364 1 0 0 1 
1.68963 -1.80374 -5 -0.0598839 -0.0847557 0.266707 3.99347 22 138 9842 9841 1 0.957471 0.957471 36 
1.90148 5 4.04466 -0.32374 -0.830781 0.146383 4.028 22 139 5829 5827 1 0 0 2 
-0.375283 5 -0.0237548 -0.375144 -0.33327 0.0965271 4.00661 22 140 2653 2621 1 0.0920902 0.0920902 10 
-2.31751 5 2.81307 -0.350844 -1.29393 1.88898 3.94047 22 142 1112 1 1 2.95437 2.95437 26 
-3.31508 4.88823 -5 -1.11007 -1.55219 3.13915 3.91827 22 143 5947 5761 1 1.61982 1.61982 49 
-0.620286 -2.64476 -5 -2.84623 -2.81222 4.83337 3.93916 22 144 3676 3464 1 0.482766 0.482766 5 
5 -0.273207 4.78181 -0.088921 -0.193086 -0.0566691 4.10579 22 145 5247 5224 1 0.219649 0.219649 26 
-4.76685 5 0.933858 -0.393662 -0.293014 0.142454 4.03521 22 146 7153 7120 1 0.0604717 0.0604717 6 
4.69869 5 -3.57046 0.0464832 -0.414518 0.741431 3.92467 22 147 1705 1460 1 0.218312 0.218312 13 
5 -3.15015 -2.18609 -0.551784 0.636417 0.358434 3.94327 22 148 6065 6061 1 0.17829 0.17829 9 
3.10074 3.60591 5 -0.256043 -0.35699 -0.161926 4.10496 22 149 14862 14859 1 0.467674 0.467674 38 
2.44332 5 4.67071 -0.219199 -0.19699 0.1508 3.97725 22 150 25395 24634 1 0 0 2 
5 3.76103 2.67729 -0.181164 -0.16321 -0.117787 4.12992 22 151 12522 12521 1 0.635963 0.635963 4 
-0.579889 5 0.68579 -2.26818 -2.42556 2.77962 3.9625 22 152 4499 4447 1 0.728222 0.728222 31 
5 -1.18457 -3.77303 -0.123114 0.00931777 0.0681307 4.02664 11 153 2527 2516 1 4.64582 4.64582 96 
5 4.07845 2.3676 -0.172982 -0.243246 -0.182788 4.10345 22 154 20971 20894 1 0 0 3 
-0.579781 0.254885 5 -0.162842 -0.116942 -0.196306 4.06139 22 155 3698 3532 1 0.518775 0.518775 39 
4.708 5 -4.1936 -0.23852 -0.319082 0.317545 3.93015 22 156 3783 3675 1 1.03815 1.03815 99 
2.3457 4.83425 -5 -7.01587 -7.29239 20.2743 3.91375 22 157 17190 16906 1 1.71497 1.71497 30 
-0.816351 5 -1.78244 -0.318908 -0.160437 -0.0243337 4.01361 22 159 6451 6391 1 0.529947 0.529947 52 
-2.91745 -0.931437 5 -0.279043 -0.406679 -0.133666 4.07835 22 160 6630 6608 1 2.06478 2.06478 31 
-2.5729 5 1.14828 -1.59318 -1.88759 1.17642 3.98551 22 161 22409 22295 1 0 0 3 
-2.00969 -3.05243 -5 0.0615025 -0.0180581 0.0960409 3.99289 22 162 1389 1388 1 0.414764 0.414764 12 
5 0.920602 -0.437881 -0.705601 -0.263662 0.628864 3.96089 22 163 8533 8476 1 1.12342 1.12342 34 
0.437442 5 4.65515 -0.0837085 -0.255342 -0.145129 4.08934 22 164 7201 7200 1 0.304998 0.304998 26 
1.5573 -5 -2.8493 -0.414496 0.198493 -0.0766054 4.18194 22 165 8478 8453 1 0.513984 0.513984 34 
2.35755 5 -3.60723 -0.169647 -0.987031 0.164382 3.99061 22 166 1957 1956 1 0.277435 0.277435 25 
5 -3.43984 -4.83409 -0.177562 -0.668766 1.16154 3.91519 22 167 2347 1960 1 1.28455 1.28455 23 
3.38362 5 1.49016 0.318471 -0.395474 -0.0574137 4.03097 22 168 22611 22610 1 0.510646 0.510646 23 
-3.06923 5 -0.76017 -0.198733 -0.218996 0.115258 3.97521 22 169 2842 2296 1 0.372683 0.372683 45 
0.101446 5 -2.50388 0.196111 -0.175761 -0.0117423 3.97716 22 170 9345 8850 1 0.355475 0.355475 16 
2.38774 5 2.77975 -0.158819 -0.188839 0.0651783 3.98931 22 171 15613 15521 1 0.163142 0.163142 27 
-4.68561 5 3.21331 -0.0640347 -0.479267 -0.0436576 4.01043 22 172 10041 9856 1 0.408668 0.408668 34 
4.67102 5 -3.13562 0.0925822 -0.361283 -0.135242 4.00356 22 173 2776 2775 1 0.0264887 0.0264887 8 
-0.231215 2.39365 5 -0.0611759 0.0288614 -0.239891 4.01282 22 174 6931 6885 1 0.248873 0.248873 30 
1.18471 -0.915468 -5 -0.563251 -1.78493 1.99799 3.93121 22 175 8517 8442 1 0 0 4 
5 3.64113 1.92891 -0.258251 -0.341174 -0.050938 4.03908 22 176 2418 2015 1 0.212538 0.212538 8 
5 -4.26266 4.52779 -0.641477 -0.636298 1.08461 3.95545 22 177 4528 4361 1 0.0532469 0.0532469 5 
2.97817 0.215358 -5 -1.85252 -1.51733 3.08309 3.92565 22 178 26072 25890 1 2.41778 2.41778 40 
-0.585766 4.32953 -5 -1.03804 -1.15033 2.43773 3.91412 22 179 2027 1923 1 0 0 4 
5 2.02982 -2.9251 -0.240634 -0.341524 -0.134088 4.01838 22 180 5407 5322 1 0.392776 0.392776 5 
2.01277 5 3.50272 -3.5612 -4.26335 1.49131 4.02338 22 181 28122 28064 1 0 0 1 
5 -1.1246 -1.86726 -0.288907 -0.0446012 -0.051172 4.12634 22 182 13536 13501 1 0.0127826 0.0127826 8 
0.33992 -0.381414 -5 -0.432226 -0.917392 1.33789 3.92451 22 183 25181 24968 1 1.41926 1.41926 4 
5 -0.358405 3.55404 -0.528598 0.0188958 0.406061 3.99263 22 184 7814 7648 1 0.17043 0.17043 45 
-0.929267 5 4.23246 -0.418545 -0.970314 -0.140504 3.99479 22 185 12363 12362 1 0 0 6 
2.57243 -2.58459 -5 -0.256885 -0.212828 0.435032 3.9329 22 186 2766 2693 1 0 0 3 
2.7939 -3.66833 -5 -1.69682 -1.49355 5.96034 3.90791 22 187 2184 1694 1 0.0692234 0.0692234 6 
-4.62057 5 0.110617 -0.551309 -0.787684 1.07853 3.95192 22 188 6280 6124 1 0 0 3 
5 3.89356 -4.15578 -0.736071 -0.353322 1.03263 3.91174 22 189 3583 3261 1 2.0793 2.0793 31 
0.583464 2.26393 -5 -0.285959 -0.245091 0.279645 3.98636 22 190 3429 3428 1 3.24797 3.24797 19 
-0.830031 5 0.221333 -2.25689 -1.80096 -0.71136 5.07386 22 191 1585 1556 1 0.308271 0.308271 8 
1.90804 1.46851 5 0.0590581 -0.0571375 -0.161818 4.17609 22 192 9260 9259 1 0.315394 0.315394 52 
-0.936984 2.98607 5 -0.402094 -0.204697 -0.177804 4.073 22 193 18978 18977 1 0.484467 0.484467 34 
5 -4.62262 4.05525 -0.271753 -0.144135 0.408038 4.01278 22 194 7546 7545 1 4.06949 4.06949 35 
4.75173 5 -2.26446 -0.153062 -0.171248 -0.244057 4.10377 22 195 10769 10710 1 0 0 4 
-0.962993 5 -0.625068 -0.383521 -0.556491 0.437741 3.96919 22 197 18300 18205 1 0.285613 0.285613 8 
5 1.31878 3.10624 -0.275799 -0.274093 -0.0915847 4.03722 22 198 22285 22265 1 0.173881 0.173881 9 
5 -4.58052 0.578261 -0.145362 -0.183576 0.161613 3.94633 22 199 3509 3064 1 2.90466 2.90466 53 
2.25181 0.844961 -5 -1.56165 -5.59322 5.68685 3.93219 22 200 8011 7934 1 0 0 4 
3.36574 4.968 -5 -0.437315 -0.313774 1.05869 3.91048 22 201 27592 27413 1 0 0 2 
2.29811 0.547235 -5 -0.15036 -0.501123 0.96041 3.92327 22 202 8956 8840 1 0.842228 0.842228 5 
0.00321811 5 -4.65221 -0.214962 -0.463576 0.0029663 3.96441 22 203 14572 14548 1 0.535549 0.535549 47 
5 1.94144 0.330668 -0.225364 -0.367881 0.273851 3.9669 22 204 22247 22246 1 0.361693 0.361693 35 
-3.34431 5 3.45771 -0.269472 -0.161395 0.713376 3.93423 22 205 5135 4998 1 0 0 6 
0.103957 5 3.16508 -0.519905 -0.497115 0.613568 4.00495 22 206 7611 7610 1 0 0 3 
3.091 3.91866 -5 -0.107745 -0.509489 0.260006 3.95212 22 207 4100 4097 1 0 0 9 
-3.07785 5 3.97203 -0.341532 -0.433525 0.298794 4.01069 22 208 1459 1427 1 0 0 6 
0.0920103 -3.69276 -5 0.107153 -0.219453 0.448864 3.93472 22 209 1395 1394 1 0.856539 0.856539 34 
2.01728 -3.66289 -5 -1.74147 -2.31108 2.53055 3.94143 22 210 10604 10603 1 0 0 8 
5 0.223793 1.43893 -0.83905 -1.31516 0.783693 4.00114 22 211 18836 18731 1 0 0 1 
-2.91132 5 3.10833 -1.54793 -1.47901 5.49143 3.93455 22 212 10172 9952 1 0 0 6 
2.52409 5 2.5195 -0.15521 -0.140453 -0.134496 4.05627 22 213 7785 7756 1 0.941258 0.941258 39 
-3.98623 5 4.3619 -0.823263 -1.77046 1.63882 3.96882 22 214 11859 11764 1 0 0 1 
-2.15926 5 3.46005 0.0938551 -0.500998 0.0362255 4.0773 22 215 1117 1096 1 0 0 3 
4.58823 5 -0.329142 -0.405483 -0.997796 0.788849 3.94575 22 216 1405 1311 1 0.236346 0.236346 33 
1.86709 -4.60325 -5 -3.12387 -6.08624 3.01498 3.97779 22 217 10543 10426 1 0 0 3 
-5 4.23293 -4.45412 0.192007 -0.193645 -0.0748414 4.01177 22 218 21066 20921 1 0.56049 0.56049 6 
5 2.17428 2.40226 -0.165973 -0.240507 0.0180666 3.98469 22 219 2001 1864 1 0 0 7 
5 0.425552 0.0684491 -0.174824 -0.460282 -0.136735 3.99967 22 220 3223 3222 1 0.41591 0.41591 10 
1.77739 -2.08186 -5 -0.587746 -0.555156 1.03777 3.93584 22 221 8324 7925 1 0.0217591 0.0217591 6 
5 2.62235 -0.0131989 -0.26918 -0.240656 0.361589 3.95601 22 222 28739 28710 1 0 0 1 
3.51655 1.3154 -5 -0.514875 -0.66113 0.522141 4.03689 22 223 2735 2734 1 0 0 9 
1.01127 3.97581 5 -0.0346639 -0.275994 -0.379317 4.15882 22 224 1566 1564 1 0 0 6 
2.91467 5 -0.877932 -1.07503 -4.32133 1.07239 3.9427 -11 226 1711 1710 1 4.79781 4.79781 40 
2.54705 4.69742 -5 -3.78204 -0.277969 5.99657 3.90533 22 227 3192 3112 1 0.167288 0.167288 11 
0.972666 5 -0.741198 -0.292363 -0.54233 0.398091 3.95639 22 228 20515 20446 1 0 0 3 
-1.66749 5 4.29936 -0.192929 -0.428077 0.810955 3.9548 22 229 6108 5971 1 0 0 10 
-0.843288 2.42552 -5 -0.500239 -0.977182 0.355062 3.93958 22 230 17630 17428 1 0 0 2 
-0.826838 5 0.809819 -3.35788 -1.7435 9.97813 3.92096 22 231 9126 9017 1 4.78606 4.78606 90 
-0.37125 -2.04642 -5 -1.35431 -3.29556 7.41317 3.91172 22 232 2601 2300 1 0.142836 0.142836 9 
2.50155 3.87846 -5 -0.0929599 -0.119817 0.549208 3.89913 22 233 4719 4287 1 2.45796 2.45796 10 
5 -2.10577 4.36721 -0.961491 -1.1528 0.132535 4.05151 22 234 8093 8072 1 0 0 3 
1.41558 5 -0.154571 -0.471813 -0.864753 1.47538 3.92867 22 235 1569 1387 1 0 0 2 
5 -1.17294 -3.75195 -0.151501 -0.189055 0.137692 3.9349 22 236 3019 2866 1 0.00172096 0.00172096 2 
5 1.23233 1.95834 -0.0291178 -0.270289 0.138138 4.00189 22 237 2034 2033 1 0.397381 0.397381 4 
-2.59135 3.59197 -5 -0.993401 -0.475266 2.16777 3.90581 22 238 10590 10589 1 0 0 4 
-0.541531 -2.60849 -5 -0.681765 -0.387332 1.8315 3.9271 22 239 20236 20195 1 0.260045 0.260045 5 
-0.389294 5 4.94714 -0.175363 -0.498608 -0.107185 3.95435 22 240 9667 9589 1 0.716917 0.716917 70 
4.95025 5 4.16607 -0.631775 -0.635866 -0.000398043 3.99791 22 241 6778 6592 1 0 0 5 
5 -1.89943 -3.82772 -0.364726 -0.40673 0.00453715 4.06421 22 242 3094 3093 1 3.11862 3.11862 20 
5 1.71827 -4.05606 -0.339836 -0.813686 0.998813 3.92047 22 243 17772 17269 1 0 0 2 
5 -3.33928 4.06592 -1.32414 -2.18449 2.73547 3.97217 22 244 9500 9499 1 0.16552 0.16552 37 
5 2.59847 -0.548243 -0.058155 0.0156655 -0.217001 4.01973 22 245 7941 7914 1 0 0 6 
-2.13832 -3.29854 -5 -0.110267 0.147016 0.0276047 3.99982 22 246 15863 15807 1 2.07516 2.07516 26 
-1.43805 -0.417971 -5 -0.367924 -1.00881 1.11715 3.92863 22 247 23581 22614 1 0 0 7 
1.63831 5 2.23458 -0.141267 -0.353139 -0.341257 4.1002 22 248 7430 7428 1 0.883079 0.883079 51 
-3.67269 -5 -4.9465 0.219748 0.0209271 0.058704 4.06357 22 249 1248 1221 1 0.228031 0.228031 35 
5 3.38454 4.5789 -0.651432 0.134684 0.11012 3.96311 22 250 3728 3599 1 3.21797 3.21797 55 
5 -2.93174 -1.33623 -0.221556 -0.233388 -0.0836913 4.10466 22 251 1006 1004 1 0 0 5 
-4.03921 4.27581 -5 -1.54878 -1.54523 7.27986 3.89873 22 252 3519 3492 1 0.254591 0.254591 26 
5 -1.96388 -1.13472 -0.369273 -0.317997 -0.153738 4.13603 22 253 27753 27752 1 0.499262 0.499262 68 
-0.799726 5 -0.258507 0.285061 -0.0508896 -0.434851 3.94178 11 254 9956 9932 1 0.0519605 0.0519605 7 
5 4.91323 3.10673 -0.343864 -0.459425 0.0134333 4.02389 22 255 8410 8395 1 0.573467 0.573467 35 
5 -2.16847 1.37447 -0.485536 -1.34739 1.34089 3.95095 22 256 4023 4022 1 0.465368 0.465368 39 
5 -2.98227 1.222 -0.294847 0.112088 -0.0346401 3.96385 22 257 2662 2528 1 0.827291 0.827291 72 
3.46789 5 0.605561 -0.115049 -0.116189 -0.0950901 4.08933 22 258 8619 8562 1 0.158752 0.158752 20 
1.43412 5 4.13301 0.130275 -0.344142 -0.103516 4.13315 22 259 1001 1 1 0.277995 0.277995 25 
3.68232 5 1.01828 -7.39432 -3.42418 5.92655 3.95813 22 260 18652 18614 1 0 0 6 
-1.41052 4.07163 -5 -0.677732 -0.476897 0.117275 3.97444 22 261 44932 44931 1 0 0 3 
5 -4.45588 -1.92029 -0.366263 -0.352286 0.053538 4.00647 22 262 9057 9030 1 2.92755 2.92755 61 
3.00252 5 -4.59769 -0.666528 -1.83173 -0.26098 4.01674 22 263 21615 21557 1 0 0 3 
-4.05269 0.978616 5 -0.325069 -0.253457 -0.132332 4.12678 22 264 15706 15705 1 0 0 4 
5 -0.150167 3.86897 -0.219472 -0.453277 -0.0865557 4.06213 22 265 2304 2276 1 0.165153 0.165153 11 
-3.49362 5 0.947876 -0.102095 -0.421933 0.269572 3.9837 22 266 19874 19873 1 0 0 3 
-0.579858 5 -3.68254 -0.365178 -0.357065 0.0164181 3.97474 22 267 7572 7571 1 0.563796 0.563796 10 
1.71657 1.62875 -5 -0.432307 -1.84896 4.45639 3.91546 22 268 49187 48914 1 0 0 2 
0.375026 5 1.54715 -0.290176 -0.415327 0.0664893 4.01551 22 269 1260 1257 1 0 0 5 
-2.37858 5 3.80598 -0.446503 -0.745502 2.52407 3.93588 22 270 11438 11356 1 0.174755 0.174755 6 
-4.14897 1.79051 -5 -0.136645 -0.325424 0.377339 3.90929 22 271 4608 4483 1 0.256415 0.256415 22 
4.46528 5 -3.52297 -4.07492 -7.01642 19.2611 3.91434 22 272 2017 1849 1 0 0 6 
-2.13331 -1.7974 5 -0.0441284 -0.279722 -0.130866 4.07667 22 273 10106 10105 1 0.778268 0.778268 31 
-4.70035 4.44666 -5 -1.59678 -1.79651 1.63435 3.9378 22 274 4647 4552 1 0.810907 0.810907 11 
-1.06749 5 1.09104 -0.910088 -0.945321 1.63524 3.94502 22 275 10683 10529 1 0 0 3 
-0.862636 5 -1.69219 -0.442181 -0.385112 0.285373 4.08325 22 276 1024 1 1 0 0 5 
-4.24297 5 0.888249 0.130383 -0.548159 -0.985151 4.015 -11 277 10300 10299 1 1.16544 1.16544 8 
5 2.73303 -0.0771987 -0.41797 -0.194671 0.273271 4.93574 22 278 8202 8201 1 4.27255 4.27255 81 
4.46485 5 -0.658622 -0.240856 -0.517935 1.63776 3.91054 22 279 2331 1950 1 0.614498 0.614498 40 
5 -4.08837 2.20694 -0.216308 -0.1733 -0.106108 4.00109 22 280 4565 4093 1 0.270379 0.270379 7 
-1.77655 3.30081 -5 -0.537356 -0.888417 1.27928 3.92949 22 281 3901 3889 1 1.52749 1.52749 23 
1.19602 3.48122 -5 -4.03202 -5.89262 8.4841 3.93447 22 282 1228 1 1 0 0 7 
-0.0793209 5 0.553106 -0.430507 -2.10735 0.572909 3.99183 22 283 8233 8089 1 0.0135627 0.0135627 4 
2.94501 5 -2.20299 -0.12766 -0.321765 -0.0918254 3.99985 22 284 8386 8383 1 0.558141 0.558141 32 
3.30508 1.88387 -5 -1.11518 -1.72856 1.85874 3.93327 22 285 1262 1226 1 1.05938 1.05938 64 
-2.55411 5 -2.00651 -0.1752 -0.253553 0.403029 4.00318 22 286 3751 3725 1 0.0814543 0.0814543 7 
5 -3.42333 -4.01328 -0.385291 -0.159835 0.0734599 3.96834 22 287 4940 4808 1 0.0962043 0.0962043 13 
4.70898 -2.7999 -5 -0.16166 -0.325406 0.102323 3.94371 22 288 4357 4287 1 0 0 4 
1.68787 5 -2.38596 -0.174871 -0.296678 1.36493 3.90592 22 289 21132 21036 1 0 0 6 
-5 2.12817 0.744879 0.221259 -0.284864 -0.16458 4.12945 22 290 3684 3656 1 1.0693 1.0693 69 
1.82294 -4.93726 -5 -0.126407 -0.217684 0.180635 3.95796 22 291 2039 2005 1 4.13246 4.13246 77 
1.15342 2.84352 -5 -0.970293 -1.15416 3.03246 3.91393 22 292 8890 8844 1 0 0 5 
3.00435 -3.85679 -5 -0.266022 -0.400201 1.86908 3.90063 22 293 6895 6807 1 0.025333 0.025333 5 
-0.804939 5 -3.99345 0.0256636 -0.151532 -0.102149 4.08195 22 294 9100 9077 1 0.510623 0.510623 27 
5 1.41306 0.615286 -0.171614 0.0300511 0.0799173 3.95762 22 295 4070 3961 1 0.191225 0.191225 37 
-0.0072333 5 2.83848 -0.0112817 -0.727 -0.770332 4.02741 22 296 18764 18710 1 0 0 4 
0.350964 5 0.837868 0.104252 -0.142733 0.17929 3.98167 22 297 14268 14266 1 0.443376 0.443376 10 
5 -0.884922 2.71025 -0.417834 -0.0248716 -0.475086 32.7747 22 298 7713 7572 1 0 0 5 
5 3.79267 -3.94093 -2.07039 -1.52498 1.23454 3.96869 22 299 11657 11501 1 0.632659 0.632659 4 
5 2.34775 1.31768 -0.462337 -0.16424 0.562889 3.96634 22 300 1001 1 1 0 0 5 
-4.01495 1.70545 -5 -0.541935 -0.879251 0.725599 3.95225 22 301 10082 9836 1 0 0 3 
1.4293 -2.48782 -5 -0.486631 -1.24161 3.5999 3.90315 22 302 16541 16259 1 0.423046 0.423046 11 
4.50296 5 -4.36261 -0.251301 -1.29144 1.22533 3.9398 22 303 11435 11252 1 0.200622 0.200622 28 
5 2.66891 2.7659 -0.0364973 -0.065763 -0.178901 4.09067 22 304 5696 5695 1 4.29277 4.29277 80 
-2.39423 5 2.02212 -0.181579 -0.143898 0.0686925 4.01093 22 305 1645 1631 1 0.0452398 0.0452398 32 
1.553 5 -1.89249 -0.304846 -0.343296 0.224358 3.97446 22 306 25770 25769 1 0.34501 0.34501 48 
1.75131 5 -2.14183 -0.616225 -0.560444 -0.28211 4.13718 22 307 1543 1542 1 0 0 5 
-3.78259 5 -3.31415 -0.672761 -2.09342 2.51652 3.92076 22 308 2903 2861 1 0.516355 0.516355 39 
-3.43054 2.53183 -5 -1.1508 -0.709732 1.49401 3.93376 22 309 11592 11413 1 0 0 3 
5 2.17868 -3.93369 -1.81285 -0.919412 -0.371333 4.02585 22 310 7048 6981 1 2.16653 2.16653 48 
2.48673 5 -2.48569 -0.491352 -0.365647 0.808386 3.92843 22 311 5686 5622 1 5.69316 5.69316 23 
-4.81834 5 0.0229593 -0.414961 -0.264938 -0.136876 4.02244 22 312 1164 1163 1 0.527203 0.527203 35 
3.8412 -3.78299 -5 0.733226 -0.62624 1.30939 3.94044 22 313 4068 3981 1 5.54305e-05 5.54305e-05 3 
5 -2.17251 4.03205 -0.381001 -0.211801 0.869136 3.9442 22 314 3623 3488 1 1.40332 1.40332 9 
4.41865 5 -1.4443 -0.15827 -0.39829 -0.173964 4.04454 22 315 4754 4753 1 0.122087 0.122087 17 
2.86933 -0.786507 -5 -0.186856 0.000188781 0.068625 4.02885 22 316 8759 8757 1 0.0376539 0.0376539 3 
-3.76592 4.10601 5 -2.56903 -9.66745 -5.86589 4.13279 22 317 12472 12285 1 0 0 6 
0.858463 5 -0.452822 -0.315357 -0.401088 0.0282502 4.03756 22 318 1808 1807 1 0 0 6 
4.77379 5 3.91593 -0.266395 -0.0993332 0.21351 3.95557 22 319 1842 1419 1 1.77021 1.77021 8 
5 3.56656 -2.94424 -0.819877 -2.06754 -0.502476 4.0848 22 320 1998 1997 1 0.837925 0.837925 7 
-2.47864 5 2.06893 0.228424 -0.435279 0.139551 3.98552 22 322 15316 15314 1 0.137473 0.137473 8 
0.0505132 5 0.54658 -0.356686 -0.537523 1.20338 3.92991 22 323 2863 2807 1 3.76427 3.76427 82 
4.64669 0.865246 5 -0.583577 1.4598 -2.61281 3.95009 -11 324 5235 5234 1 2.28465 2.28465 41 
5 2.4115 4.23972 -0.0654394 -0.0886601 0.213062 3.93357 22 325 8363 8188 1 0.786897 0.786897 78 
0.633214 5 4.42781 -0.123804 -2.02005 1.07869 4.01564 22 326 9860 9837 1 0.292574 0.292574 3 
3.96567 -3.09118 -5 -0.365254 -1.21814 1.40363 3.92321 22 327 3735 3637 1 2.31777 2.31777 63 
1.41936 3.08654 -5 -0.924848 -1.37435 1.1243 3.95346 22 328 13879 13807 1 1.16104 1.16104 4 
-3.4061 4.06801 -5 -0.186149 -0.147029 0.373083 3.92041 22 329 12697 12549 1 0 0 11 
-1.27115 5 0.966538 0.19494 -0.656664 0.787418 3.94126 22 330 15370 15240 1 0.988776 0.988776 5 
2.15856 5 -3.24847 -0.292476 -0.883889 0.618093 3.93296 22 331 3646 3382 1 0.0868727 0.0868727 16 
-3.87834 5 3.88801 -0.105867 -0.397821 -0.224648 4.12814 22 332 38966 38964 1 0 0 4 
-2.10251 5 -1.77137 -0.0666467 -4.31223 4.69567 3.95368 22 333 6796 6794 1 0.00895831 0.00895831 4 
3.37832 3.25212 -5 -0.0996159 -0.222064 0.535821 3.91128 22 334 7930 7839 1 0 0 4 
2.61733 5 -0.175321 -0.442277 -0.866783 1.11347 3.96611 22 335 1874 1754 1 0 0 5 
5 4.46691 0.758291 -0.230132 -0.518226 0.136144 3.98661 22 336 10930 10894 1 0.367391 0.367391 6 
-3.83631 5 -0.650562 0.075309 -0.335513 -0.0521753 4.04413 22 337 9874 9851 1 0.915736 0.915736 83 
1.13427 -2.05348 5 -0.158243 -1.6799 -0.831285 4.0864 22 338 9956 9941 1 4.239 4.239 56 
2.41374 -0.77396 -5 -0.466574 -0.17429 1.33633 3.92862 22 339 4327 4326 1 1.59731 1.59731 45 
5 4.91499 0.842371 -0.475416 0.186104 0.0215675 3.96671 22 340 4591 4561 1 0.521595 0.521595 37 
-0.751287 5 -3.63032 -0.0660135 -0.440263 0.059266 4.05369 22 341 7217 7215 1 0.0423625 0.0423625 7 
-1.30651 5 2.20221 -0.0367087 -0.280141 0.00917622 3.99609 22 342 8341 8219 1 0.29507 0.29507 21 
5 -0.654292 -2.09899 -1.9336 -1.40727 5.93965 3.91566 22 343 13454 13331 1 2.85207 2.85207 35 
5 -2.64022 2.24056 -0.774166 -1.10693 0.450522 3.98282 22 344 11205 11173 1 1.71446 1.71446 19 
2.2472 4.08894 -5 -1.63993 -2.00224 7.81443 3.90319 22 345 6975 6828 1 0.214778 0.214778 11 
3.99446 -0.34915 -5 -0.1404 -1.05384 2.38573 3.90294 22 346 1441 1315 1 0.574462 0.574462 20 
-4.0307 5 -1.60391 -0.191595 -0.216236 -0.421489 4.17409 22 347 15859 15857 1 0 0 4 
-3.55342 5 -0.589267 -0.280387 -0.297367 -0.239557 4.14349 22 348 6194 6180 1 0 0 4 
-2.93034 5 -3.1869 -1.13779 -1.22631 0.602995 3.96653 22 349 9408 9329 1 0 0 3 
-1.31954 4.56641 -5 -2.59669 -3.80596 9.63103 3.9075 22 350 5714 5659 1 5.51261 5.51261 64 
-4.66604 5 1.54394 -0.134845 -0.328732 0.367249 3.97262 22 351 37951 37927 1 0 0 1 
5 1.99636 -1.38978 -0.360426 -0.260538 -0.0598741 4.05637 22 352 11681 11657 1 0 0 3 
5 3.27464 4.6927 -0.270958 -0.0413152 0.0403197 3.99466 22 353 7104 6812 1 0 0 6 
5 2.52557 -2.56004 -0.252316 -0.0592203 0.169149 3.9698 22 354 18206 18179 1 0.342598 0.342598 43 
2.07419 5 -1.10406 -0.303036 -0.22909 -0.0444206 3.96549 22 355 6568 6531 1 0.0735212 0.0735212 5 
-4.11007 2.75055 -5 -0.19833 -0.129605 0.360566 3.93209 22 357 1594 1422 1 0 0 4 
5 -2.80143 3.81227 -0.0889686 -0.354058 -0.357558 4.00842 22 358 4543 4542 1 0.232007 0.232007 25 
4.97986 5 4.68947 -0.261386 -0.349075 0.779877 3.93802 22 359 9954 9901 1 0.377162 0.377162 34 
5 2.64556 2.00792 -0.273587 -0.370157 0.221933 3.97987 22 360 2130 2129 1 0.58682 0.58682 61 
0.36076 5 -4.25833 -0.251685 -1.06783 0.669592 3.94386 22 361 23576 23539 1 0 0 3 
-3.16989 5 0.873713 -1.22375 -0.878755 1.62638 3.95323 22 362 2712 2711 1 0.32708 0.32708 9 
-4.99283 5 -0.209573 -0.254493 -0.213791 -0.388133 4.16233 22 363 4511 4509 1 0 0 4 
5 2.69189 -0.611588 -0.14516 -0.339636 0.294724 3.94505 22 365 5045 5044 1 0.908499 0.908499 46 
5 1.88226 0.96234 -0.437027 0.237935 -0.116252 4.03279 22 366 17018 17016 1 0.560103 0.560103 32 
-1.02641 5 0.997192 -0.260963 -0.354063 0.182923 4.00475 22 367 3175 3174 1 0 0 6 
-2.55058 5 1.92865 -0.211656 -0.295186 0.40635 3.95264 22 368 12234 11886 1 0.510593 0.510593 33 
-3.70916 5 -4.79935 -0.31321 -0.220948 0.430547 3.93356 22 369 7891 7783 1 0.0603454 0.0603454 4 
5 2.81555 1.08377 -0.49617 0.309997 -0.419354 4.10591 22 370 32562 32561 1 0 0 3 
5 -4.5035 1.43092 -0.170213 -0.376232 0.523515 3.94239 22 372 2788 2487 1 0.361869 0.361869 25 
-0.496462 2.81123 -5 -0.202388 -0.451482 0.45695 3.92202 22 373 5626 5450 1 0 0 7 
5 0.587539 4.60789 -0.58506 -0.40488 0.385142 3.9877 22 374 15030 14851 1 0.0493703 0.0493703 7 
5 -0.64979 4.1962 -0.372328 -0.201204 0.0677916 3.9714 22 375 1311 1210 1 0 0 2 
-0.534728 -1.47446 5 -0.0902378 -0.184922 -0.115215 4.02717 22 376 6673 6671 1 0 0 3 
5 -0.116131 -0.389898 -0.391423 -0.305009 -0.121973 4.0298 22 377 4494 4466 1 1.03692 1.03692 74 
2.17094 0.539739 5 -0.242245 -0.0228964 -0.236141 4.01965 22 378 1133 1 1 0.423923 0.423923 49 
-2.26777 5 -3.05967 -0.194426 -0.305127 -0.0149921 3.97014 22 379 4494 4262 1 0.971211 0.971211 58 
5 -4.12111 -0.417836 -0.435847 -0.18046 0.0921491 4.05867 22 380 9651 9649 1 0.890232 0.890232 29 
4.33675 4.22607 -5 -0.0336858 0.194007 0.0334348 3.93988 22 381 3303 3131 1 6.4327 6.4327 57 
2.89929 5 4.03804 -0.23629 -0.452712 -0.0184049 4.0284 22 382 23186 23185 1 4.62079 4.62079 36 
-3.38655 5 -0.0319872 -0.147701 -0.0859935 0.220379 3.97346 22 383 3495 3364 1 3.11599 3.11599 33 
1.56891 5 -1.52594 -0.168669 -0.363643 -0.0934835 4.00447 22 384 10648 10433 1 0 0 2 
0.320504 0.933061 -5 -0.27574 -0.233023 0.456894 3.91859 22 385 1820 1 1 0.265815 0.265815 14 
-0.764067 0.0483479 -5 -0.241874 -0.0375582 0.145689 4.07968 22 386 3459 3458 1 0 0 3 
-0.744863 5 3.80249 -0.458403 -0.701214 -0.664778 4.10636 22 387 2716 2715 1 0.162756 0.162756 17 
1.86964 5 -1.05157 -0.12219 -0.412297 0.605174 3.94471 22 388 1437 1 1 0 0 1 
-2.56854 5 -1.52002 -0.52164 -0.683968 0.923186 3.93234 22 389 3656 3652 1 0 0 6 
-0.772641 5 -3.47938 0.061519 -0.290587 0.124614 3.98612 22 390 1492 1474 1 0 0 2 
5 -4.34947 0.230473 -0.639316 -0.651098 2.07425 3.93238 22 391 16414 16185 1 0 0 3 
3.92976 0.815424 -5 0.119629 -0.379267 0.192333 4.10458 22 392 16180 16179 1 0.728614 0.728614 34 
-2.16934 1.47912 -5 -1.61266 -0.703132 4.38307 3.90131 22 393 1447 1323 1 10.2461 10.2461 107 
5 4.90908 1.47762 -0.484743 -0.389899 0.122979 3.968 22 394 1700 1618 1 0 0 3 
5 4.06238 -0.216405 -0.137042 -0.387031 -0.140366 4.01517 22 395 4916 4855 1 0.123352 0.123352 10 
-0.715886 5 0.861136 -0.0276183 -0.246445 -0.0175289 4.17089 22 396 13407 13385 1 0.531324 0.531324 42 
-4.1855 5 1.76367 -0.451916 -0.651915 -0.294134 4.08955 22 397 10795 10785 1 0 0 7 
-0.319972 -3.72397 -5 -1.5947 -2.25758 4.9087 3.92498 22 398 10843 10782 1 0.88042 0.88042 6 
0.576901 3.00447 5 -0.348305 -0.349667 -0.132425 4.03176 22 399 9357 9332 1 10.2019 10.2019 110 
0.250336 -0.98842 -5 -0.0917772 -0.220286 0.451853 4.03512 22 400 1313 1286 1 0.203851 0.203851 6 
5 -0.48381 -2.08697 -0.945911 -1.0756 1.38998 4.02096 22 401 16113 16032 1 2.367 2.367 33 
-1.07467 1.42541 -5 0.326941 -0.449661 0.157102 3.96374 22 402 1020 1 1 0.777652 0.777652 50 
4.10024 -2.3406 -5 -0.243058 -0.38501 0.772875 3.92327 22 403 10645 8696 1 0 0 4 
3.91641 5 -0.799936 -0.856211 -2.03485 1.23787 3.9383 22 404 5465 5439 1 1.14879 1.14879 62 
-5 -1.72664 3.75995 0.506903 -0.0222045 -0.0606287 4.02036 22 405 1277 1276 1 4.04384 4.04384 141 
3.1515 5 -3.44402 -3.87403 -2.20059 0.0168155 3.97178 22 406 2042 2009 1 0 0 4 
5 3.47016 -2.51238 -0.401925 -0.264322 -0.172365 4.03582 22 407 16669 16666 1 0 0 5 
1.68746 5 -3.72928 0.0789546 -0.848026 0.109986 3.97651 22 408 16726 16677 1 0 0 7 
-5 1.68079 4.06722 0.201754 -0.0564552 -0.150374 3.97563 22 409 1807 1687 1 0.759725 0.759725 72 
2.56583 -3.85488 -5 -0.392506 -0.144031 0.113581 4.07005 22 410 1182 1181 1 0 0 5 
-2.22497 0.800777 -5 -0.33294 -0.511262 0.91703 3.91732 22 411 5675 5585 1 7.00301 7.00301 17 
4.86292 5 -0.204478 -0.366423 -0.311696 -0.172336 4.01441 22 412 10648 10608 1 0.138195 0.138195 8 
-0.521447 -2.02809 5 -0.655162 -4.51186 -1.79709 4.16708 22 413 26458 26456 1 3.08825 3.08825 8 
5 -0.495542 -0.61006 -0.626555 -1.40296 0.676591 3.94801 22 414 2015 1465 1 0.285886 0.285886 8 
5 -4.89884 -4.72124 -0.305207 0.0329496 -0.122708 3.96818 22 415 10135 10060 1 0.15459 0.15459 38 
1.58032 1.98121 -5 -0.0776558 0.135137 0.158837 4.04238 22 416 2757 2756 1 1.03192 1.03192 99 
2.91553 5 -1.63945 -0.36011 -0.46164 -0.0741535 4.19757 22 417 4318 4289 1 0.467795 0.467795 11 
-2.3212 2.93384 -5 -0.170777 -0.413103 0.24759 3.96539 22 418 1801 1800 1 0.1655 0.1655 37 
3.35675 5 0.798427 -1.81948 -1.96136 7.33587 3.91871 22 419 9169 8916 1 0 0 3 
-1.91334 -1.82878 5 -0.344543 -0.407048 -0.27095 4.12922 22 420 13203 13202 1 0.142209 0.142209 11 
5 3.17207 4.9545 -0.276703 -0.262801 0.0214801 3.98737 22 421 6336 6304 1 0.320903 0.320903 7 
-4.34873 1.05893 -5 -1.00954 -0.830532 1.41719 3.94352 22 422 8157 8080 1 1.10897 1.10897 43 
5 1.24788 -3.97364 -0.840046 -1.0874 1.63731 3.93211 22 423 5381 1 1 1.12254 1.12254 6 
-0.165915 5 -2.89921 -0.129764 -0.294143 0.187383 3.94346 22 424 1263 1 1 0.426534 0.426534 27 
-4.13787 5 -2.77824 -0.160296 -0.155708 0.031236 3.98133 22 425 15824 15796 1 0 0 3 
-4.10339 5 2.76437 -0.223647 -0.294497 -0.0061341 4.0583 22 426 2090 2063 1 0.255127 0.255127 29 
1.94895 -3.82591 -5 -9.07738 -13.9069 8.97491 3.94798 22 427 3714 3713 1 0.440206 0.440206 14 
5 4.63963 1.56821 -0.17958 -0.148988 0.234815 3.93873 22 428 6901 6792 1 0 0 5 
5 -3.25952 -4.39494 -0.74745 -1.24866 -2.05574 4.16125 22 429 9127 9010 1 0.305592 0.305592 25 
-1.72137 -4.02274 5 -0.172325 0.14775 -0.293388 4.01933 22 430 9361 9357 1 0 0 2 
-2.87872 5 2.00733 -0.367299 -0.344228 -0.0878566 4.03646 22 431 13231 13213 1 3.87687 3.87687 6 
3.49417 5 2.44549 -1.30959 -3.21641 3.30447 3.93765 22 432 17003 16944 1 0 0 7 
-3.27569 -3.88514 -5 -0.447846 -1.28282 1.62339 3.93407 22 433 7115 7092 1 0.760894 0.760894 78 
-4.72115 -0.688144 5 0.0112484 -0.238714 -0.451674 4.08718 22 434 11542 11541 1 0 0 4 
-0.894355 5 4.03441 0.342724 -0.395356 -0.00948573 3.94892 22 435 4438 4337 1 0.718321 0.718321 16 
-1.53327 5 1.8248 -0.00675165 -0.212763 0.166327 3.9705 22 436 9524 9500 1 0.804573 0.804573 36 
4.86253 5 4.32644 -0.259075 -0.393373 0.198135 4.01551 22 437 3795 3769 1 0 0 1 
-0.283019 5 -3.92975 -0.128361 -0.177755 0.0367066 4.01708 22 438 4857 4756 1 0 0 1 
-1.45388 4.93836 -5 0.0210808 -0.01314 0.0226689 3.9727 22 439 20189 20183 1 0.0332628 0.0332628 29 
5 -0.381206 -3.80775 -3.26304 -2.35276 -0.652916 4.07935 22 440 2355 2354 1 1.32554 1.32554 43 
5 -2.96379 4.58057 -0.0907844 -0.184246 0.0665852 4.016 22 441 11821 11820 1 0.0888269 0.0888269 38 
2.71423 -2.90397 5 -0.211046 -0.330203 -0.165155 4.15351 22 442 8526 8524 1 0 0 2 
1.57707 5 4.91935 -0.261376 -0.205942 0.149301 3.97887 22 443 7105 7104 1 2.91382 2.91382 16 
-3.23113 0.8913 5 -0.176943 -0.143545 -0.261565 4.07944 22 444 4027 4025 1 0.329519 0.329519 31 
4.37328 2.90134 -5 -0.225108 -0.573868 0.744278 3.90385 22 445 2565 2421 1 6.6983 6.6983 95 
5 2.75158 -4.51414 -1.00421 -1.53139 -0.0164481 3.98749 22 446 7948 7947 1 0.283719 0.283719 38 
-1.15246 5 0.71244 -0.0754705 -0.431629 0.262907 3.96272 22 447 55303 55282 1 0 0 1 
-0.805939 5 4.79579 -0.725847 -0.743162 -0.0692692 4.01762 22 448 3887 3886 1 2.49885 2.49885 33 
-3.79752 5 -3.64536 -0.233254 -0.304119 0.00872 4.01325 22 449 3622 3621 1 0.224916 0.224916 17 
0.667658 1.314 -5 -0.283369 0.130051 0.247332 3.9825 22 450 7510 7474 1 0 0 5 
-1.42147 5 1.93435 -0.147933 -0.273386 0.603171 3.94316 22 451 3842 3809 1 0 0 8 
1.72246 5 -4.07919 -3.42412 -4.10681 7.06681 3.92614 22 452 1911 1907 1 0 0 3 
4.36944 0.202319 -5 -0.563146 -0.719011 3.48601 3.89748 22 453 1106 1 1 0.85983 0.85983 78 
-0.271117 5 0.00325735 -0.24825 -0.351691 -0.275327 4.19197 22 454 11086 11084 1 0.199868 0.199868 33 
5 -1.00449 -2.3096 -0.243253 -0.205894 0.973985 3.91737 22 455 9827 9823 1 0 0 4 
-2.35855 5 -1.67314 -0.409226 -1.16825 1.24452 3.96792 22 456 1588 1538 1 0.783414 0.783414 5 
4.39243 -2.12398 -5 -0.110045 0.180942 0.364951 3.94046 22 457 9855 9660 1 0.0680787 0.0680787 5 
-2.82849 3.21429 -5 -0.0866629 -0.116542 0.489926 3.92002 22 458 1493 1477 1 0.222605 0.222605 11 
-4.62846 5 3.72905 0.105264 -0.196918 0.109477 4.00936 22 459 11310 11309 1 0.0518385 0.0518385 7 
4.26192 5 -0.691963 -0.218774 -0.407684 0.216914 3.97041 22 460 9811 9810 1 0.510673 0.510673 27 
-3.53911 5 -1.95828 0.0173714 -0.350995 0.00243983 3.9741 22 461 14008 13816 1 0.679263 0.679263 44 
4.42798 5 3.93024 -0.361308 -1.07103 1.68691 3.94787 22 462 8715 8617 1 0 0 1 
4.88731 5 3.48489 -0.0985681 -0.561321 0.224709 3.95789 22 463 24290 24289 1 0 0 4 
1.4748 5 1.50509 -1.78587 -3.62299 7.19444 3.92697 22 464 2712 2444 1 0.562928 0.562928 11 
-0.309448 5 -3.87807 -0.302108 -0.306493 -0.275523 4.1071 22 465 5105 5104 1 0.230496 0.230496 30 
2.1707 5 4.79465 -0.945813 -0.974194 1.83179 3.94469 22 466 11221 11105 1 0 0 3 
4.35615 4.72349 -5 -0.00582178 -0.00580631 0.0326087 3.92652 22 467 8804 8794 1 0.665119 0.665119 66 
2.26208 1.56167 -5 -0.298721 -0.336478 0.328251 3.93997 22 468 7629 7400 1 0.696663 0.696663 22 
0.844982 5 2.1293 -0.962174 -1.26237 3.21327 3.93217 22 469 2210 2209 1 0.227087 0.227087 31 
-4.13152 5 2.27215 -0.256308 -0.207432 0.0204263 4.02382 22 470 7286 7244 1 0.47476 0.47476 38 
-2.59371 5 -4.95385 -0.0677388 -0.417981 -0.286047 4.14643 22 471 19825 19806 1 0 0 5 
3.16133 0.864562 -5 -0.259237 -0.363409 0.395212 3.91886 22 472 7003 6846 1 0 0 7 
5 -2.51843 1.97404 -0.41055 -0.466308 1.07691 3.94333 22 473 2377 1613 1 0.0251674 0.0251674 10 
5 0.742336 4.97955 -0.128701 -0.114632 0.312659 3.95885 22 474 4705 4372 1 0.727871 0.727871 34 
2.31606 4.81638 -5 0.17867 -2.64379 3.89874 3.92811 22 475 1973 1834 1 0 0 3 
-3.95106 -4.66147 5 -0.593566 -0.628539 -0.388316 4.19664 22 476 2655 2654 1 0.453804 0.453804 27 
5 0.310752 3.60628 -0.202897 -0.377236 -0.27865 4.16131 22 477 17204 17203 1 0.333571 0.333571 3 
-2.83864 5 2.43786 -0.141547 -0.0781202 0.112702 3.95275 22 479 1143 1088 1 3.03316 3.03316 121 
-3.55647 1.24623 -5 0.169662 -0.0429266 0.127119 3.99193 22 480 27246 27201 1 0.182596 0.182596 12 
3.09593 5 -1.99476 -0.203464 -0.195507 -0.107566 4.04923 22 481 3185 3184 1 7.6581 7.6581 38 
4.24685 5 2.91123 -1.47464 -1.32052 2.38904 3.94755 22 482 19918 19772 1 0 0 2 
0.628509 -2.74483 -5 -0.449865 -0.461278 0.487928 3.9616 22 483 1872 1824 1 0.279957 0.279957 7 
-4.45003 2.11156 -5 -0.541204 -0.672728 2.43146 3.90151 22 484 6532 6368 1 0.276839 0.276839 22 
5 2.9624 0.344273 -0.583658 -1.19077 0.0711394 3.98732 22 485 5734 5733 1 0 0 10 
1.89508 -2.45644 -5 0.291726 -0.462729 2.27439 3.91916 22 486 6880 6828 1 0 0 2 
-2.42076 5 3.56478 -0.794292 -0.539865 0.94991 3.96449 22 487 2954 2308 1 0.31148 0.31148 15 
-3.39836 5 -1.65874 -2.0366 -1.70046 1.59748 3.94524 22 488 3407 3231 1 8.08185 8.08185 51 
3.07672 5 -4.7328 0.136717 -0.338611 -0.0131153 3.94891 22 489 1537 1327 1 0 0 5 
5 2.29071 -3.31006 -0.196217 -0.213631 0.401027 3.91209 22 490 1134 1 1 0 0 2 
1.92805 5 -4.7488 -0.124974 -0.164971 0.477709 3.90051 22 491 2530 2398 1 6.11917 6.11917 92 
5 -4.49078 4.09725 -0.40402 -0.42484 0.0419674 3.98294 22 492 13337 13335 1 0 0 2 
5 -0.979258 3.04655 -0.272567 -0.136451 -0.193733 4.12631 22 493 9795 9793 1 0 0 6 
4.74205 3.93303 -5 -0.540299 -0.744887 1.12521 3.92737 22 494 2764 1 1 0.118297 0.118297 7 
-1.33137 5 4.49788 -1.56444 -1.41686 2.71016 3.96636 22 495 12100 12001 1 0 0 1 
1.19001 5 4.89005 -0.133354 -0.0953047 0.351651 3.94057 22 496 9047 7525 1 0 0 9 
5 -3.8133 1.33789 -0.191515 -0.359305 0.824673 3.94987 22 497 4396 4316 1 0 0 3 
-1.3382 -2.64575 5 -0.0784746 0.0291356 -0.158705 4.16853 22 498 4087 4086 1 0.179102 0.179102 31 
-1.61724 -2.66419 -5 -0.0937658 0.183818 0.217071 3.95856 22 499 22005 21945 1 0.29926 0.29926 19 
1.52717 5 2.49929 -0.0893008 -0.444885 0.234995 3.98583 22 500 4053 4030 1 2.14249 2.14249 9 
5 4.73008 -0.947057 -0.213815 -0.489387 0.680785 3.93543 22 501 6936 6081 1 0.348969 0.348969 7 
-4.56241 -0.226436 -5 -0.333937 -0.30301 0.467993 3.96239 22 502 3554 3520 1 0.55206 0.55206 20 
4.80353 -2.25691 5 0.0862921 -0.482614 -0.144073 4.00179 22 503 1590 1589 1 2.75508 2.75508 89 
4.07345 5 0.858387 -0.0574849 -0.321641 -0.0566812 4.02323 22 504 1580 1567 1 3.06911 3.06911 40 
1.44786 -1.07526 -5 -1.27404 -1.9131 3.27638 3.92698 22 505 13123 13120 1 0 0 5 
-0.601765 5 -0.785243 -0.322925 -0.317543 0.236655 4.0283 22 506 7777 7739 1 2.15568 2.15568 37 
5 -0.423587 0.161709 -0.320058 -0.328282 0.134155 3.97824 22 507 2274 2248 1 0.126541 0.126541 10 
5 4.33133 2.98852 -0.393209 -0.315901 -0.0819314 4.01071 22 508 5212 5153 1 2.19583 2.19583 14 
5 3.1497 -3.1032 -0.287256 -0.1181 -0.0612026 4.06914 22 509 2446 2394 1 0.133348 0.133348 39 
-3.91563 5 -1.14376 -0.142171 -0.235723 -0.0533401 4.05256 22 510 5323 5322 1 0.336406 0.336406 32 
-1.68682 -5 -4.37708 -0.0102891 0.189262 -0.0558106 4.02427 22 511 1959 1907 1 0 0 3 
2.64404 5 1.02975 -0.200369 -0.433154 -0.401859 4.00212 22 512 2793 2792 1 0.410501 0.410501 30 
5 3.8301 -3.58993 -0.186149 -1.02258 0.978151 3.9235 22 513 3101 2319 1 0.678802 0.678802 9 
5 -1.07256 -4.94102 -0.60258 -1.56445 -0.0557911 3.99643 22 514 8648 8647 1 0 0 2 
1.22787 5 -4.11353 -0.410894 -0.23844 0.188235 3.99356 22 515 3044 3017 1 0 0 5 
5 3.43332 -4.22416 -0.522903 -1.10191 1.88341 3.92404 22 516 12267 12218 1 0 0 2 
5 -4.0943 1.54517 -4.17451 0.107618 -1.69991 4.02972 22 517 5401 5301 1 0 0 4 
-1.71242 5 -2.49922 -1.17844 -0.893591 2.38863 3.93258 22 518 8364 8140 1 0.369799 0.369799 6 
-4.40966 5 -4.71498 -4.54607 -5.90783 6.32197 3.95181 22 519 13546 13545 1 0.335317 0.335317 6 
-3.1085 4.7234 -5 -0.178622 -0.0220828 0.303996 3.97743 22 521 2688 2656 1 0.352967 0.352967 27 
5 4.68074 3.87902 -0.22838 -0.209657 0.066498 3.97473 22 522 7017 7002 1 8.00985 8.00985 49 
-4.71141 3.83755 -5 -0.469683 -0.634424 1.65847 3.90695 22 523 2735 2380 1 0 0 7 
-0.765425 5 0.102912 -1.06269 -2.30175 1.97696 3.96211 22 524 2725 2641 1 0 0 3 
2.40602 -1.18073 -5 -0.167186 -0.178581 0.443516 3.92527 22 525 2786 2701 1 0.510715 0.510715 24 
5 -1.02181 -1.21831 -0.272338 -0.408204 -0.142554 4.10102 22 526 11840 11838 1 0.0902704 0.0902704 5 
-2.82613 5 3.03984 0.0340156 -0.118915 0.383018 4.01121 22 527 3028 2933 1 0 0 4 
0.693006 4.25756 -5 -2.24711 -1.75185 6.20005 3.9109 22 528 17598 17510 1 0.510564 0.510564 30 
-0.171298 5 -1.73663 -0.166774 -0.238117 -0.154362 4.08005 22 529 5449 5426 1 0.0926657 0.0926657 5 
1.53568 4.45189 -5 0.2004 0.0661111 0.113981 4.00616 22 531 2105 2104 1 0 0 5 
-3.90546 5 4.22489 0.0989128 -0.149215 -0.122603 4.1616 22 532 11423 11422 1 0.0425272 0.0425272 10 
-1.32229 5 1.93138 -0.455978 -0.708416 1.77309 3.935 22 533 7894 7646 1 0.280102 0.280102 37 
5 -4.07604 -0.301008 -0.597513 0.111084 0.537407 3.98552 22 534 3214 3162 1 0.0124733 0.0124733 6 
2.0987 5 -4.41046 -1.93545 -1.01031 -0.627429 4.07276 22 535 1251 1250 1 0 0 1 
-2.48165 5 2.47178 -0.0271691 -0.350097 -0.178752 4.01473 22 536 2399 2340 1 0.157208 0.157208 10 
4.31189 5 2.48258 -0.268503 -0.202706 0.318316 3.95216 22 537 8978 8017 1 0 0 9 
3.92682 -3.44009 5 -0.10708 -0.341047 -0.0904461 4.08893 22 538 6835 6684 1 0.545906 0.545906 21 
2.88787 1.35558 5 -0.0262335 0.218523 -0.134608 4.02837 22 539 1091 1 1 0.00298058 0.00298058 4 
3.38536 5 -0.376357 -0.175154 -0.468114 -0.106351 4.01948 22 540 4114 4081 1 0.297045 0.297045 9 
-4.75729 5 -1.5977 -0.342791 -0.37795 -0.0277127 4.03631 22 541 9483 9481 1 0 0 2 
4.3012 3.87419 -5 -1.59119 -1.40111 1.65002 3.94401 22 542 2577 2521 1 1.75998 1.75998 9 
-4.66073 5 1.98688 -0.278423 -0.201304 -0.0191807 4.06199 22 543 45971 45970 1 0 0 2 
-0.707476 5 -3.91578 -0.269638 -0.355154 -0.0879846 3.98138 22 544 5099 5046 1 0.355118 0.355118 8 
-2.39488 -0.675574 -5 -0.14889 -0.194277 0.448562 3.92155 22 545 11823 11822 1 0 0 3 
1.6392 0.184295 -5 -0.215692 -1.04254 2.58108 3.9036 22 546 13939 13722 1 0.569522 0.569522 35 
1.55252 5 1.35467 -0.279223 -0.326964 -0.151198 4.03074 22 547 3297 3256 1 0.616255 0.616255 65 
-2.81848 3.37767 -5 0.0922521 -0.0755296 0.142671 3.93651 22 548 7675 7652 1 0.595831 0.595831 29 
5 -4.20783 -3.42529 -0.473996 -2.15418 0.394896 4.01793 22 549 12846 12844 1 0.290136 0.290136 3 
-2.80887 -2.57867 -5 -0.1677 -0.190475 0.4448 3.91766 22 550 6179 6034 1 0.591772 0.591772 25 
-0.346732 5 -1.19421 -15.5038 -28.183 2.28494 4.02124 -11 551 16506 16505 1 3.37472 3.37472 85 
0.467785 5 -2.4586 -0.824874 -1.49271 1.37881 3.93214 22 552 18140 18029 1 0 0 5 
-1.22519 -0.770071 -5 -0.182664 -0.413796 0.237753 3.98623 22 553 19245 19244 1 0 0 1 
-0.687637 5 4.52868 -0.270363 -0.39102 -0.187422 4.04323 22 554 9791 9789 1 0 0 1 
5 2.71551 -1.17711 -0.267914 -0.0350199 0.0240004 4.00776 22 555 3759 3758 1 0 0 11 
5 3.55075 0.97905 -0.196377 -0.360076 0.152395 3.97799 22 556 4804 4755 1 0.268765 0.268765 5 
-5 3.47336 0.914149 0.430416 0.110723 0.504549 3.94188 22 557 5864 5822 1 2.11385 2.11385 70 
5 -3.20693 2.46045 -0.29245 -0.413803 0.380478 3.96524 22 559 3293 3252 1 0.881075 0.881075 86 
5 3.43857 1.84651 -0.186937 -0.647387 -0.106126 3.98839 22 560 5029 5027 1 1.70841 1.70841 40 
5 3.39017 3.55877 -0.416044 -0.4491 -0.0967681 4.04426 22 561 8174 8113 1 0 0 5 
3.43677 4.66452 -5 -1.71036 -3.55455 7.70651 3.90433 22 562 15232 15048 1 0 0 6 
5 4.93957 -1.25798 -0.152853 -0.0834966 0.335246 3.9844 22 564 4231 4189 1 0.190358 0.190358 3 
0.227522 -1.96201 -5 -0.0504233 0.0940379 0.354674 3.94037 22 565 7522 7498 1 0.340482 0.340482 10 
-1.3793 5 0.177668 -0.0983371 -0.515666 0.123893 3.96914 22 566 17246 16970 1 0 0 5 
4.65936 5 -4.92328 -2.5638 -5.30459 11.2466 3.91568 22 567 5000 4921 1 0.105482 0.105482 8 
0.518196 5 -2.55676 -0.185812 -0.339211 0.333961 3.99469 22 568 6057 6011 1 4.82601 4.82601 33 
5 -2.01257 -4.60087 -0.146986 -0.158681 0.422599 3.9049 22 569 10637 10603 1 0 0 2 
-0.0915061 -5 1.9055 0.100604 0.131081 -0.00516662 4.11328 22 570 2858 2857 1 0.164918 0.164918 33 
-0.456705 5 1.48927 -0.681197 -1.02499 1.04403 3.9578 22 571 9053 8953 1 0.0794915 0.0794915 10 
3.83559 5 4.81977 -0.223013 -0.45945 0.0170638 4.00661 22 572 4722 4721 1 0.138228 0.138228 27 
5 1.32319 -1.66866 -0.395121 -0.154129 -0.0336908 3.95438 22 573 8020 8019 1 0 0 4 
0.217317 2.99288 -5 -0.793648 -0.667769 2.69857 3.90504 22 574 6215 6031 1 0 0 2 
1.62221 5 1.42719 -0.704433 -1.8847 3.04302 3.92475 22 575 3166 3027 1 0.0296057 0.0296057 29 
5 -2.09249 -0.731705 -0.245964 -0.374908 0.0910706 4.01217 22 576 4940 4938 1 0 0 4 
-1.01374 1.20544 -5 -0.51915 -0.557909 1.49946 3.92189 22 577 13847 13620 1 1.33139 1.33139 5 
0.708552 5 -3.43751 -0.221212 -0.256743 0.106404 4.03157 22 578 2502 2485 1 0 0 1 
1.80019 3.9516 -5 -1.10081 -1.34675 3.14206 3.91683 22 579 13840 13732 1 0.275098 0.275098 41 
4.61541 5 -4.32645 -0.00232343 -0.247807 -0.446885 4.11059 22 580 5392 5373 1 0 0 7 
-4.11687 5 4.47089 -0.109287 -0.158371 -0.314651 4.28296 22 581 22990 22989 1 0 0 3 
-0.653905 4.97054 -5 -1.46475 -1.24764 1.60581 3.93162 22 582 17762 17761 1 2.29461 2.29461 40 
5 3.36596 -1.01088 -0.663623 -0.737274 0.797072 3.95195 22 583 5823 5801 1 0.160498 0.160498 7 
4.40127 -0.953988 -5 -0.646371 -0.539272 0.9382 3.91166 22 584 2341 2104 1 0.382409 0.382409 24 
-0.192836 1.39165 -5 -0.810891 -1.38236 1.55276 3.93449 22 585 5767 5759 1 0.214352 0.214352 30 
-4.8673 5 -2.36942 -1.84389 -1.83495 0.999624 3.98429 22 586 21559 21409 1 0 0 2 
-1.37909 5 4.10272 -0.261694 -0.187838 -0.0536714 4.03844 22 587 7300 7252 1 0.830456 0.830456 5 
-4.52335 -2.36112 -5 -2.46677 -3.40986 4.77968 3.92781 22 588 3503 3458 1 0.760564 0.760564 36 
5 -1.49318 2.97384 -0.339864 -0.689861 -0.565755 4.04057 22 589 4735 4708 1 0.999206 0.999206 21 
-1.92606 5 0.147939 -2.82189 -4.40924 8.28828 3.94796 22 590 12125 12076 1 2.42749 2.42749 62 
0.620272 5 -1.286 -0.377794 -0.482012 1.42925 3.9204 22 591 22379 22321 1 0.178121 0.178121 4 
-1.44037 5 3.23946 -0.340817 -0.168237 0.452655 4.00198 22 592 3560 3559 1 3.85941 3.85941 27 
-3.77793 5 3.55679 -4.96352 -5.28935 17.2344 3.93119 22 593 7852 7689 1 3.09579 3.09579 53 
1.84597 3.33122 -5 -2.19481 -3.31238 4.44754 3.92248 22 594 12279 12216 1 1.11632 1.11632 38 
-4.39388 5 -4.897 -0.322634 -0.132323 0.207067 3.96016 22 595 16002 15948 1 0 0 1 
1.68226 1.15603 -5 -0.0325594 -0.138571 0.694221 3.90887 22 596 4990 4675 1 0 0 8 
3.38291 5 -0.638541 -0.0904543 -0.497399 -0.0743762 4.0113 22 597 6555 6553 1 0.25003 0.25003 6 
4.65249 3.25039 -5 -0.913375 -0.810131 2.99069 3.90561 22 598 1427 1319 1 2.41528 2.41528 29 
2.55431 5 1.83977 -0.193503 -0.391037 -0.266019 4.15558 22 599 14454 14453 1 0.363823 0.363823 5 
-2.81976 5 1.16866 -0.73454 -0.34197 0.7182 3.97745 22 600 9769 9768 1 2.60179 2.60179 38 
-4.47784 5 -0.935753 -0.467949 -0.711896 0.0900927 4.0247 22 601 2144 2143 1 0 0 2 
4.94619 5 -3.15318 -0.0395873 -0.255939 -0.22634 4.0085 22 602 23429 23412 1 0.0288048 0.0288048 6 
-0.576555 4.31836 -5 -0.102539 -0.112263 0.449446 3.9051 22 603 13318 13300 1 1.05348 1.05348 30 
4.10789 2.38815 -5 -2.427 -6.00047 29.3361 3.89503 22 604 1351 1030 1 2.55059 2.55059 49 
-2.20242 -2.99393 -5 -0.411246 -0.24721 0.620629 3.9644 22 605 3111 3077 1 0 0 8 
5 -1.91146 0.19191 -4.55691 -5.78649 2.75582 4.02372 22 606 13746 13695 1 0 0 4 
4.91809 -2.40879 -5 -0.434753 -1.50278 1.59301 3.92251 22 607 1671 1669 1 5.03211 5.03211 56 
5 1.70929 -3.03559 -0.138957 -0.0662202 -0.348059 4.18968 22 608 6002 6001 1 0 0 3 
-0.0889579 5 -4.03798 -0.300991 -0.780503 0.675248 3.94586 22 609 7806 1 1 0.699306 0.699306 31 
2.55259 5 0.602514 -0.24964 -0.856054 -1.22523 4.16279 22 610 34938 34887 1 0 0 1 
1.93578 5 -1.66552 -0.172784 -0.407099 0.181309 3.97959 22 611 6355 6354 1 0.551959 0.551959 6 
1.77199 5 -1.97998 -0.236054 -0.226964 -0.145188 4.07537 22 612 6276 6275 1 1.71586 1.71586 6 
1.07408 3.3926 5 -0.00794229 -0.496176 -0.121929 4.03945 22 613 17386 17356 1 0 0 2 
-0.520273 5 2.17786 -0.353057 -0.773089 0.664123 3.96871 22 614 7401 7258 1 0.51833 0.51833 61 
5 -1.15513 2.5093 -0.0608664 -0.0868906 -0.26999 4.07917 22 615 7224 7201 1 0.247994 0.247994 4 
5 1.65182 3.42775 -0.799174 -1.49125 0.346132 3.97793 22 616 7924 7880 1 0.125165 0.125165 8 
-1.90138 -2.81168 -5 -0.346198 -0.541388 0.541839 3.95821 22 617 8640 8300 1 0.601073 0.601073 6 
-1.55541 5 -0.451706 -0.204097 -0.452415 -0.121591 4.05647 22 618 10484 10483 1 0.0844565 0.0844565 7 
5 0.926273 4.66835 -0.304688 -0.0271425 0.52215 3.96186 22 619 2634 2561 1 3.03931 3.03931 17 
-1.94004 -4.4043 -5 -0.574043 -0.582395 1.76783 3.91361 22 620 14664 14615 1 0.575403 0.575403 31 
-1.17069 0.376214 -5 -0.135608 -0.230728 0.122782 3.9854 22 621 8303 7967 1 0 0 4 
-5 -2.89753 -2.52473 0.499954 -0.0121054 -0.104972 4.00663 22 622 2668 2666 1 1.83793 1.83793 55 
3.30728 5 -1.9447 -0.23833 -0.484758 0.937162 3.9311 22 623 4222 4179 1 0 0 5 
-3.01676 5 -2.93658 -0.383808 -0.294679 -0.0660578 4.01552 22 624 16559 16533 1 0 0 1 
-3.83979 -3.38858 -5 0.0870097 -0.464344 0.126886 4.01642 22 625 15809 15808 1 0 0 3 
-3.96539 5 3.18054 -0.415292 -0.296078 -0.0314749 4.08155 22 626 12494 12492 1 0 0 1 
3.40416 5 1.74976 -0.130241 -0.17706 0.278004 3.95025 22 627 19813 19785 1 0 0 1 
1.30243 -2.09441 -5 0.00454894 -0.0925031 0.237226 3.92234 22 628 6912 6761 1 0.378898 0.378898 33 
5 -1.6253 -2.9806 -0.324094 -0.130153 -0.373019 4.12724 22 629 29258 29257 1 0.152402 0.152402 18 
3.41371 5 4.86547 -0.0328568 -0.0803173 -0.796749 4.15492 22 630 2477 2440 1 0.494136 0.494136 6 
2.18788 -2.53807 -5 -0.62926 -1.70717 1.76317 3.94782 22 631 2997 2972 1 0 0 2 
-3.79178 5 4.5343 -0.557263 -0.98626 -0.552387 4.08615 22 632 8387 8386 1 0.781398 0.781398 41 
5 3.43766 -4.78619 -0.210541 -0.268002 -0.0848969 4.13241 22 633 12212 12183 1 0 0 7 
0.356206 0.952109 5 -0.134961 -0.423982 -0.251285 4.22174 22 634 19553 19551 1 0.640779 0.640779 27 
-1.30832 -1.43539 5 -1.41457 -2.74093 -0.865491 4.09407 22 635 4143 3922 1 2.63083 2.63083 31 
5 -1.17134 -0.280943 -0.357199 -0.413572 0.244824 3.98131 22 636 11392 11391 1 0.433903 0.433903 25 
0.0402025 1.64724 -5 -0.254688 -0.363285 0.176295 3.96983 22 637 9554 9432 1 0.0606753 0.0606753 11 
4.92539 -0.202047 -5 0.262396 -3.08725 5.05827 3.91008 22 639 18876 18779 1 0 0 2 
-3.90066 5 -1.1027 -1.46344 -0.144743 1.45463 5.10708 11 640 1423 1391 1 1.04644 1.04644 70 
4.97846 2.35117 5 -0.228326 -0.162998 -0.427105 4.15168 22 641 4526 4525 1 3.17013 3.17013 16 
2.08917 5 0.261295 -0.561978 -0.53372 -0.250481 4.03906 22 642 7802 7752 1 0.605863 0.605863 31 
-2.3606 1.47097 -5 0.0515732 0.196389 0.40044 3.96247 22 643 8352 8290 1 0 0 4 
-3.88091 5 -3.04698 -1.23269 -0.441611 -0.48911 4.05535 22 644 4792 4740 1 0 0 1 
-4.438 4.47362 -5 -0.43787 -0.394742 1.02778 3.92684 22 645 12733 12591 1 0 0 5 
2.54711 4.58711 -5 -0.483591 -0.449131 0.65302 3.93452 22 646 11346 1 1 0 0 2 
5 2.29091 -0.706751 -4.92127 -6.10394 0.672066 3.93539 22 647 15609 15583 1 0.193394 0.193394 32 
4.3025 1.24582 -5 -0.336955 -0.175298 0.341836 3.93599 22 648 3817 3792 1 1.34909 1.34909 24 
1.59217 5 3.7862 -0.0459991 -0.478245 -0.0523446 4.08593 22 649 13261 13259 1 0 0 2 
5 -1.62879 1.08613 -0.0890729 0.123923 0.414719 3.95947 22 650 3704 3703 1 7.72165 7.72165 122 
1.6479 1.62959 -5 -0.196921 -0.311349 0.581739 3.91824 22 651 1256 1 1 1.48672 1.48672 62 
4.31479 5 0.0567579 0.910945 -2.88563 2.5535 3.96056 22 652 4382 4323 1 0.872162 0.872162 7 
3.37864 -0.480478 5 -0.194177 -0.353861 -0.313364 4.05681 22 653 18901 18900 1 0.424102 0.424102 34 
2.28745 5 0.839769 -0.318845 -0.994257 0.529678 3.95192 22 654 2824 2819 1 2.35952 2.35952 36 
5 1.17065 2.40101 -1.30526 -1.4139 1.01902 3.96447 22 655 14154 14044 1 0 0 2 
-4.74179 2.71424 -5 -1.53536 -2.04911 5.63708 3.90837 22 656 1053 1 1 0.401326 0.401326 42 
5 -0.828098 4.71648 -0.346431 -0.133139 0.346048 4.03499 22 657 3070 3069 1 0.510477 0.510477 30 
-5 1.23716 -0.982752 0.131513 0.0147971 0.153599 4.13204 22 658 16526 16497 1 0.559321 0.559321 48 
-4.58244 5 1.27354 -0.0934922 -0.216023 0.232232 3.96981 22 659 29439 29412 1 0.0163661 0.0163661 3 
-0.0109744 5 -0.301384 -0.163744 -0.140039 0.0847731 3.96677 22 660 1799 1567 1 1.13187 1.13187 60 
5 -2.50624 3.91249 -0.154251 0.183713 0.196768 3.99401 22 661 13420 13213 1 0.219234 0.219234 8 
4.84701 5 3.90938 -1.7347 -0.637144 1.02959 3.98303 22 662 5826 5710 1 5.32755 5.32755 62 
5 3.60217 -1.74843 -0.245109 -0.401497 -0.199604 4.0797 22 663 1721 1720 1 0 0 1 
3.44454 5 -1.73733 -0.0139288 -0.17109 0.254685 3.91528 22 664 2691 2623 1 3.18856 3.18856 71 
-1.41832 -3.38217 -5 -0.120381 -0.10299 0.266992 3.93738 22 665 16142 16117 1 0.839641 0.839641 50 
2.85007 5 -3.38432 -0.315343 -0.155338 0.272034 3.99047 22 666 1921 1919 1 0 0 5 
4.17277 5 -0.120687 -8.69511 -58.8167 2.44909 6.54427 2112 667 5720 5592 1 0.357529 0.357529 20 
3.85454 5 -3.65116 0.0918977 -0.47617 0.161049 3.92398 22 668 1713 1697 1 0.0693008 0.0693008 20 
1.50527 5 -3.92004 -1.7419 -1.78002 7.14193 3.90397 22 669 9136 9097 1 0 0 13 
-3.4867 4.16065 -5 -0.0142274 -0.369459 0.352729 3.94197 22 670 10950 10894 1 0 0 6 
4.14666 5 1.16767 -0.255784 -0.460194 0.0505881 3.99008 22 671 1592 1591 1 0 0 8 
-2.95351 5 1.96223 -0.187419 -0.322373 -0.349385 4.02287 22 672 1055 1035 1 0 0 4 
-4.37176 2.40457 -5 -117.759 -279.213 565.892 4.12092 2112 673 23169 23148 1 0.268489 0.268489 9 
-0.598906 4.3138 -5 -0.601904 -0.195286 0.466902 3.95818 22 674 24034 24033 1 0 0 2 
-3.71572 5 -1.2176 -1.15943 -0.997993 -0.879547 4.04996 22 675 1709 1708 1 0.387429 0.387429 9 
1.37643 5 -0.90119 0.0736888 -0.374349 -0.041056 4.04659 22 676 6160 6137 1 0.0585741 0.0585741 4 
-0.847789 -4.28577 -5 -0.302475 -0.76021 0.851583 3.92142 22 677 2539 2418 1 0.0272991 0.0272991 8 
-1.95715 5 -4.15751 -0.35807 -0.421232 0.752825 3.91286 22 678 3660 3550 1 0.467353 0.467353 12 
5 2.32467 -4.91143 -0.480913 -0.104984 0.13719 4.03365 22 679 30048 30046 1 0 0 3 
-0.832926 2.36862 -5 -0.210296 -0.253638 0.370254 3.93422 22 680 42156 41947 1 0 0 2 
3.13373 -4.90379 -5 -0.176396 -2.98946 3.63961 3.93168 22 681 6058 5903 1 1.3262 1.3262 14 
5 0.0602746 4.05061 -1.19228 -6.94107 -2.73495 4.14047 22 682 12413 12367 1 0.295634 0.295634 26 
-0.313723 0.54096 -5 -0.291032 -0.263821 0.908335 3.90674 22 683 4910 4864 1 0.129121 0.129121 6 
-5 -2.03946 -4.77528 0.10972 -0.105658 0.0145723 3.98487 22 684 2373 2372 1 0.470736 0.470736 19 
3.17257 5 -2.71865 -0.228603 -0.405157 -0.211444 4.1377 22 685 2277 2276 1 0 0 4 
5 1.59814 3.74054 -0.669202 -0.423098 1.5172 3.94716 22 686 5179 5089 1 2.57434 2.57434 11 
3.46978 2.38119 5 -1.41459 -1.42891 -1.55563 4.14177 22 687 1802 1770 1 0 0 6 
5 4.25938 0.849646 -0.0951655 -0.074226 0.0972496 4.10213 22 689 10861 10860 1 0.374678 0.374678 76 
5 -1.14302 -1.74736 -2.78952 -3.51624 0.00096352 4.0503 22 690 12607 12527 1 0 0 3 
3.71963 4.44033 -5 -0.915633 -1.07134 2.19147 3.90423 22 691 8034 7860 1 0.212231 0.212231 18 
-1.91282 1.04672 5 0.0885728 -0.309913 -0.178435 4.20055 22 692 1395 1393 1 0.202258 0.202258 7 
2.75728 5 -1.7503 1.69291 -8.17928 16.8032 3.90966 11 693 1948 1927 1 4.04657 4.04657 11 
2.66431 -2.74907 -5 -0.683273 -0.817507 0.67679 3.96581 22 694 8155 8027 1 0.253983 0.253983 4 
5 0.581209 -4.56259 -1.1535 -0.113891 1.12041 3.9327 22 695 7438 7282 1 0 0 4 
4.94325 5 -3.18801 -0.171908 -0.44756 0.176799 3.97925 22 696 18231 18230 1 0.410909 0.410909 30 
-3.76917 5 3.07044 -3.65648 -2.48485 5.38185 3.93123 22 697 2710 2708 1 11.9094 11.9094 104 
5 4.47662 -3.22601 -1.58823 -2.53512 6.15714 3.91908 22 698 9408 9232 1 0 0 4 
5 2.03874 -1.44029 -0.654858 -0.792153 0.753171 3.93874 22 699 9304 8981 1 2.3279 2.3279 40 
5 0.932383 -4.66642 -0.270962 -2.28318 3.18132 3.92105 -11 700 3574 3573 1 1.45284 1.45284 29 
0.296732 5 0.227429 -0.190883 -0.453083 0.0173938 4.01794 22 701 23066 22807 1 0 0 4 
0.003626 5 -3.51862 -0.384703 -1.34382 -0.252998 4.14274 22 702 6288 6284 1 0 0 5 
4.74106 5 4.92775 0.00859066 -0.144421 -0.138189 4.09543 22 703 3960 3959 1 0.519442 0.519442 60 
-2.27809 0.453967 -5 -0.172821 -0.336584 0.35617 3.92231 22 704 3151 3073 1 0 0 8 
-0.976554 5 -4.37266 -0.168802 -0.170018 0.197422 3.97997 22 706 19754 19669 1 0.31 0.31 27 
4.15689 1.5299 -5 -0.247714 -0.594792 0.338593 3.95796 22 707 2548 2313 1 0.926797 0.926797 9 
3.60795 5 2.40537 -0.485614 -0.747184 0.883117 3.96824 22 708 14741 14573 1 0 0 4 
5 3.95476 3.12698 -0.163279 1.80429 -1.53428 3.969 11 709 2084 2083 1 2.22804 2.22804 32 
2.55792 -1.09487 -5 -0.00673857 -0.20599 0.313126 3.91913 22 710 1163 1 1 1.21881 1.21881 44 
4.25333 4.85509 -5 -0.528652 -1.03603 2.62622 3.90313 22 711 19754 19320 1 0 0 2 
5 2.80776 4.56511 -0.341259 -0.438961 0.301336 3.99525 22 712 1622 1552 1 0.662433 0.662433 32 
-3.18293 5 -2.30922 -0.342226 -1.44924 1.1363 3.94001 22 713 4203 4147 1 0.257047 0.257047 26 
4.44404 5 1.97917 -0.197767 -0.465688 0.479806 3.95854 22 714 11731 11701 1 0 0 6 
3.40063 -5 3.32301 0.195404 0.012738 0.0402421 3.99943 22 715 4702 4622 1 0.444163 0.444163 25 
1.42623 2.58963 -5 -0.179544 -0.242627 0.880372 3.90071 22 716 1629 1586 1 3.55131 3.55131 69 
5 0.92911 -3.34018 -0.388703 -0.123657 0.307797 3.95036 22 717 6346 6325 1 0 0 5 
3.981 5 0.768861 -0.530451 -0.774122 0.339307 3.9616 22 718 16258 16257 1 4.00086 4.00086 61 
5 1.60719 4.37117 -0.564532 -0.122 0.274263 3.98112 22 719 6327 6259 1 0.228885 0.228885 18 
4.05156 5 1.17364 -0.457441 -1.55781 3.18847 3.91771 22 720 4166 4165 1 1.04409 1.04409 37 
-3.39391 0.917998 -5 -0.472415 -0.464037 0.988882 3.93381 22 721 1819 1789 1 0 0 1 
2.20368 -4.87512 5 0.00889617 -0.000159548 -0.0280759 4.2212 22 722 15944 15927 1 0.0291619 0.0291619 25 
5 -4.16654 2.83422 -0.167085 -0.281997 -0.39202 4.14754 22 723 13018 13017 1 0.0343045 0.0343045 17 
-2.33333 4.31994 -5 -0.25371 -0.283409 0.506823 3.93361 22 724 8175 7800 1 0 0 3 
4.82191 0.713985 -5 -1.51827 -1.92156 5.14248 3.91204 22 725 5243 5087 1 2.42898 2.42898 12 
3.24836 5 1.73366 -0.111247 -0.497221 0.252905 3.97484 22 726 2749 2578 1 0.217725 0.217725 21 
3.48502 5 -3.34888 -0.362374 -0.57745 0.51766 3.95082 22 727 18769 18767 1 0.0569187 0.0569187 4 
3.28175 4.84341 -5 -0.0210453 -0.0571167 0.323007 3.91087 22 728 3630 3401 1 1.05659 1.05659 33 
3.95733 4.97932 -5 -0.0375016 -0.317156 0.398906 3.92108 22 729 2986 2985 1 0.97864 0.97864 35 
-1.17348 5 -4.22298 -0.148994 -0.281863 -0.0743356 4.08422 22 730 5652 5620 1 0.259598 0.259598 19 
5 -3.15916 1.56896 -3.5615 -3.58073 1.61356 3.9635 11 731 38968 38870 1 4.81486 4.81486 39 
-4.32155 0.595928 -5 -0.182466 -0.17713 0.180969 3.95306 22 732 10260 10210 1 1.41673 1.41673 28 
-4.29993 3.90896 5 -0.36615 -0.163894 -0.281507 4.11192 22 733 3927 3925 1 0.742571 0.742571 64 
-2.07251 5 3.3171 -0.2006 -0.165071 0.0409553 4.01125 22 734 6863 6626 1 2.1618 2.1618 17 
-4.9857 0.845852 -5 -0.462351 -0.41836 0.700318 3.93304 22 735 1494 1280 1 0.0975913 0.0975913 7 
-0.689686 5 1.6246 -0.207934 -0.533255 0.213807 4.0097 22 736 8482 8452 1 0.063911 0.063911 12 
-0.658537 3.7048 -5 -2.59199 -3.9451 0.976338 3.97551 22 737 7334 7273 1 4.96438 4.96438 59 
0.797019 5 -3.75872 -0.527838 -0.787762 -0.314421 4.03933 22 738 7460 7427 1 0 0 2 
5 4.35109 3.9118 -0.835303 -0.164343 0.7069 3.97331 22 739 27995 27922 1 0 0 4 
-3.05098 1.08056 -5 -0.0492129 0.171501 0.176834 4.05141 22 740 17069 16955 1 2.46199 2.46199 45 
-3.62249 -5 -0.724614 -0.0226184 0.186671 0.189344 3.93684 22 741 9325 9187 1 0.323429 0.323429 22 
5 -2.53305 -3.73256 -1.65221 -2.4031 -0.879904 4.06327 22 742 10245 10225 1 0 0 3 
-0.399411 4.19075 -5 -0.108925 -0.0283515 0.390379 3.94542 22 743 2810 2785 1 0.206901 0.206901 34 
5 -0.983981 -3.93029 -3.51731 -5.26011 -0.386404 4.00315 22 744 2945 2944 1 0.170752 0.170752 24 
0.41102 5 -1.19923 -0.171901 -0.148017 0.00110795 4.10282 22 745 19507 19506 1 0 0 5 
5 -2.43877 -0.875262 -0.285942 -0.403992 0.127072 3.98322 22 746 7709 7677 1 9.70666 9.70666 45 
-5 3.02124 1.31135 0.240852 -0.115548 -0.09387 3.94744 22 747 6516 6355 1 0.0501711 0.0501711 10 
-3.50991 5 0.623766 -0.378262 -0.34228 -0.0297019 4.05972 22 748 33681 33680 1 0 0 1 
-4.36527 -3.41479 -5 -0.00543148 -0.108176 0.262309 4.00299 22 749 7175 7153 1 0.283369 0.283369 27 
2.85426 -3.23468 -5 -0.334118 -0.472784 1.20065 3.91542 22 751 3548 3483 1 0 0 3 
2.65122 -0.207003 -5 -0.501998 -1.40064 2.02246 3.92406 22 752 5098 4528 1 0 0 3 
1.30788 3.07165 -5 -0.130496 -0.326658 0.155483 3.95796 22 753 11898 11897 1 0.903337 0.903337 67 
2.56077 -3.47616 -5 -0.239652 -0.395957 0.564758 3.94594 22 754 6983 6970 1 0 0 1 
1.05334 5 3.44901 -0.026078 -0.257434 0.22702 3.98287 22 755 13993 12738 1 0 0 4 
-4.1031 5 2.04927 -0.0524112 -0.218415 0.0621075 4.38398 22 756 6386 6385 1 1.07046 1.07046 9 
4.87733 -4.94996 -5 -0.0485827 -0.495574 0.507709 3.92528 22 757 17204 16831 1 3.58938 3.58938 47 
5 4.80878 -4.98401 -0.168282 -0.212549 -0.0423834 3.9802 22 758 3313 3285 1 0.833892 0.833892 33 
4.06804 5 3.36451 0.107256 -0.30835 0.0284416 4.01899 22 759 3380 3301 1 0.657041 0.657041 29 
5 3.42284 -4.73851 -0.189075 0.0514446 0.0515782 3.9945 22 760 1222 1204 1 0 0 3 
5 2.41378 2.54337 -0.325151 -0.305545 0.210128 3.93244 22 761 3556 3398 1 0.945808 0.945808 71 
1.8395 5 -1.57324 -0.695956 -0.81948 0.473827 3.92629 22 762 3959 3926 1 0 0 1 
4.19677 4.24892 -5 -0.465427 -0.970852 4.76702 3.89658 22 763 8034 7276 1 2.82791 2.82791 51 
-4.11016 5 0.758678 -0.0213006 -0.265175 0.13047 3.96125 22 764 3132 3059 1 0.707125 0.707125 25 
-4.01199 3.31961 -5 -1.66384 -2.31457 2.11168 3.93784 22 765 4564 4563 1 4.32174 4.32174 68 
5 4.48909 4.20636 -0.493069 -0.130566 -0.0309029 4.04432 22 766 17966 17949 1 0.288348 0.288348 22 
-2.2162 5 2.27784 -0.339734 -0.347299 0.15838 3.99926 22 767 4544 4541 1 0 0 3 
-4.62192 -1.40528 5 0.125067 -0.36953 -0.0771041 4.08228 22 768 9045 8995 1 0.323424 0.323424 18 
-1.96015 0.44847 -5 0.0433528 0.1215 0.139128 5.26556 22 769 1372 1371 1 0.829444 0.829444 35 
5 3.39615 -4.08654 -0.134766 -0.355027 -0.184851 3.94402 22 770 3059 3031 1 1.35923 1.35923 66 
1.49844 5 4.77342 -0.148876 -0.209267 -0.219377 4.12818 22 771 2959 2958 1 0.337354 0.337354 28 
5 -4.39447 4.94738 -0.187371 -0.409719 0.241127 4.00734 22 772 19430 19415 1 0 0 2 
-3.5855 5 -4.52399 -1.61458 -1.12616 0.0806096 4.04229 22 773 4926 4858 1 1.55154 1.55154 30 
1.40418 5 4.44142 0.12984 -0.17574 -0.207599 4.04615 22 774 2446 2445 1 0.189747 0.189747 17 
5 4.77529 3.24541 -0.987248 -0.570048 0.129657 4.04508 22 775 1448 1404 1 2.10902 2.10902 65 
5 -0.236823 0.456138 -3.61727 -6.89274 1.36157 3.98523 22 776 13138 12980 1 0.270068 0.270068 32 
5 3.1819 1.41101 -0.302979 -0.175024 0.394688 3.98453 22 777 3262 3223 1 1.91809 1.91809 13 
1.21978 5 4.22296 -0.28315 -0.424701 0.0239787 4.02075 22 778 5526 5525 1 0.651665 0.651665 23 
4.36205 5 -0.281295 -0.114619 -0.34438 -0.359701 4.13238 22 779 2547 2546 1 1.04195 1.04195 53 
-0.699528 5 -1.43407 -1.54723 -0.705658 0.683238 3.96 22 780 2810 2808 1 0.510727 0.510727 29 
0.678285 4.71298 -5 -0.0980728 -0.188524 0.45095 3.90607 22 781 18881 18462 1 1.02558 1.02558 50 
3.16492 5 -1.14965 0.0294549 -0.25274 -0.00600024 3.95023 22 782 4541 4284 1 0.573625 0.573625 62 
5 4.18993 4.9848 -0.208678 -0.567516 0.699607 3.963 22 783 4965 4724 1 0 0 2 
3.412 -4.73515 -5 -0.272027 -0.314415 0.280594 3.95768 22 784 6066 6038 1 0 0 1 
2.94856 -1.89357 -5 -0.296669 -0.729489 0.593853 3.93768 22 785 9938 9853 1 0 0 8 
5 -3.08387 -4.10762 -0.162573 0.212922 -0.148796 4.25728 22 786 16636 16635 1 0 0 1 
-3.54899 5 3.42915 -0.251919 -0.347512 0.277295 4.05907 22 787 7609 7579 1 7.9323 7.9323 41 
5 2.64828 -1.75561 -0.0692801 -0.190497 -0.0371726 3.96194 22 788 13363 13316 1 0.205605 0.205605 34 
-2.65798 1.93167 -5 -0.509538 -0.398166 0.821853 3.94331 22 789 5131 5073 1 3.35196 3.35196 94 
5 3.86362 -2.47221 -0.287927 -0.156335 -0.392144 4.15295 22 790 15371 15369 1 8.80192 8.80192 101 
-1.544 5 -0.345004 -0.137885 -0.144971 0.28718 3.93679 22 791 8289 8250 1 0.115955 0.115955 27 
5 -1.20161 -3.59672 -1.55306 -3.64523 -4.08678 4.08734 22 792 15746 15743 1 0 0 2 
5 -2.03167 -3.73636 -0.235279 0.0906122 0.168851 3.95985 22 793 20512 20497 1 0.302951 0.302951 30 
-4.36817 5 4.07387 -0.266426 -0.433923 -0.0429848 4.02959 22 794 5786 5749 1 2.39563 2.39563 61 
-0.879391 5 -4.69946 -0.353167 -0.0908083 0.0595564 4.01792 22 795 1518 1517 1 0 0 1 
5 4.64389 -2.70118 -0.11607 -0.168748 0.259545 3.92407 22 796 11552 11395 1 0.138501 0.138501 55 
3.74471 5 3.09098 -0.712338 -0.312271 0.529055 3.95141 22 797 21119 20330 1 0 0 6 
5 -3.16635 -0.0154535 -0.551385 -1.03128 3.37508 3.92262 22 798 9882 9536 1 0 0 7 
4.10535 -4.37643 -5 -0.668495 -1.14178 0.811626 3.934 22 799 1567 1563 1 0 0 8 
-0.699519 5 1.26722 0.000485891 -0.110898 0.425922 3.93991 22 801 5430 5257 1 0.794567 0.794567 54 
5 -3.46319 4.71083 -0.198345 -0.0435148 0.277703 3.96776 22 802 6217 6169 1 0.306743 0.306743 24 
3.65303 -0.659892 5 -0.121875 -0.216704 -0.349057 4.17521 22 803 5722 5670 1 0.140081 0.140081 6 
2.92327 -3.50911 -5 -0.161761 -0.311711 0.0695431 3.98512 22 804 21147 21129 1 0.144813 0.144813 14 
5 -4.17116 2.68336 -0.861359 -2.19686 4.37718 3.94693 22 805 6682 6509 1 0.840109 0.840109 48 
0.746811 -3.31091 -5 0.00772845 -0.0953638 0.309505 3.93053 22 806 19526 19523 1 0 0 1 
3.06239 -5 -4.45172 -0.04007 0.0462131 -0.165249 4.17124 22 807 8452 8132 1 0 0 6 
1.56107 -2.90331 -5 -0.349556 -0.39031 0.171683 3.97005 22 808 47692 47454 1 0 0 1 
5 4.28956 -3.77539 -0.314553 -0.636012 0.534208 3.95026 22 809 5982 5521 1 0.685648 0.685648 4 
5 1.13696 -2.10362 -4.09138 0.66094 1.10581 3.94891 -11 811 8599 8598 1 7.34443 7.34443 142 
5 3.44588 2.75437 -0.295952 0.267155 0.196772 3.95125 22 812 7103 7074 1 0.808708 0.808708 49 
-2.93787 5 3.61735 0.0568352 -0.474579 0.242863 3.95943 22 813 3206 1 1 0.300389 0.300389 25 
4.94604 1.45792 5 -0.116868 -0.25857 -0.424974 4.09237 22 814 4946 4944 1 3.02143 3.02143 76 
-2.21407 4.23477 5 2.17247 0.176366 -2.32788 4.06672 22 815 4453 4452 1 0.501231 0.501231 48 
5 2.38847 1.09732 -0.209811 -0.469671 0.137626 4.01861 22 816 4469 3992 1 2.83951 2.83951 7 
-1.5714 0.855466 5 -0.0961519 -0.407658 -0.292728 4.13945 22 817 2379 2377 1 0.286327 0.286327 21 
5 2.36966 1.12011 -0.79143 -0.435973 2.76385 3.92109 22 818 8433 8042 1 4.09459 4.09459 25 
-2.99181 4.81711 -5 -1.77927 -3.12377 5.29301 3.91954 22 819 8506 8469 1 0 0 7 
5 2.87557 -4.37641 -0.139965 -0.341825 0.134085 3.98248 22 820 6181 6104 1 0.272878 0.272878 7 
-2.10112 3.68327 -5 -0.0852752 -0.314813 0.305856 3.96084 22 821 12182 12157 1 0.429403 0.429403 32 
3.63387 5 -0.551782 -0.249761 -0.444997 0.0267846 4.03904 22 822 11016 10989 1 0 0 2 
5 0.350187 3.75031 -0.576655 -0.626983 0.0201296 4.03514 22 823 7946 7907 1 0.329209 0.329209 30 
-1.76716 -1.70299 -5 -0.269595 -0.61146 0.586813 3.94287 22 824 4951 4882 1 0 0 5 
5 -4.34766 -4.5392 -0.15727 0.30617 0.00621482 3.96023 22 825 27484 27483 1 0 0 3 
5 2.77428 -0.831859 -0.186986 -0.213668 0.267558 3.94257 22 826 6607 6606 1 0 0 3 
5 3.28302 4.11428 -0.846407 -1.84862 2.94568 3.93721 22 827 3435 3078 1 0.203148 0.203148 32 
2.8649 2.38775 -5 0.0113994 -0.509007 0.20073 3.97231 22 828 4862 1 1 0.147021 0.147021 12 
2.98221 5 0.263361 0.0983074 -0.222876 0.27069 3.92922 22 829 12225 12224 1 0.165888 0.165888 2 
-0.243126 1.66095 -5 -0.371759 -0.739383 0.463115 3.95846 22 830 9543 9362 1 0 0 7 
5 -2.2778 0.655769 -1.07934 -2.0645 0.182391 4.03185 22 831 4811 4779 1 0.406808 0.406808 31 
5 -3.36537 2.47804 -0.165047 -0.482807 -0.0278755 4.07114 22 832 13665 13664 1 0 0 1 
5 1.13199 -1.88848 -0.477221 -0.760198 0.828927 3.96733 22 833 4360 4359 1 0.350416 0.350416 33 
-5 1.71149 4.8899 0.0518976 -0.0360984 -0.203371 4.12862 22 834 1098 1097 1 2.77844 2.77844 90 
2.91558 -4.35159 -5 0.0190646 -0.321991 0.538328 3.95931 22 835 6489 6487 1 0 0 2 
5 -2.64956 2.63465 -0.28993 -0.350176 0.233318 3.97747 22 836 5348 5347 1 0.510485 0.510485 36 
4.77938 5 -1.5798 -0.221881 -0.415934 0.197198 3.97297 22 837 7753 7726 1 0.510547 0.510547 38 
2.83749 5 4.53401 -0.0286851 -0.326331 -0.053596 4.11585 22 838 6120 6068 1 1.58892 1.58892 12 
5 3.58007 2.1389 -0.119354 -0.150781 -0.130398 4.08442 22 839 11285 11228 1 0.182891 0.182891 4 
-4.54831 5 4.61108 -0.0496747 -0.462369 0.118204 4.04515 22 840 2933 2931 1 0.259157 0.259157 9 
0.806133 5 -0.519012 -0.852206 -1.21966 0.0164718 3.95401 22 841 1281 1280 1 0 0 1 
0.243563 5 4.13484 0.118372 -0.720593 1.93098 3.93904 22 842 1253 1252 1 0 0 4 
-4.3949 1.1531 -5 -0.0272652 -0.443987 0.2515 3.94984 22 843 16399 16375 1 0.62609 0.62609 8 
-2.82528 3.29844 5 -0.352581 -0.273949 -0.248512 4.1878 22 844 5093 5091 1 0 0 3 
-1.72328 5 1.59643 -0.389447 -0.323343 0.0700005 4.02453 22 845 9067 9045 1 0 0 1 
1.17383 5 2.0141 -0.262836 -0.646742 0.522577 3.97789 22 846 8063 7956 1 0.315687 0.315687 11 
-1.06485 5 2.9634 -0.059965 -0.345288 0.371888 3.94947 22 847 1610 1609 1 0.113227 0.113227 38 
-5 0.990058 3.77369 0.285652 0.0453592 0.0381091 4.04774 22 848 9711 9674 1 0 0 3 
5 0.434271 -1.53719 -0.550632 -0.961542 0.51829 3.9319 22 849 10056 9989 1 0.937655 0.937655 65 
5 1.81219 -1.60801 -0.314577 -0.37665 0.142465 3.97341 22 850 1498 1483 1 0.108726 0.108726 16 
-3.41131 3.72818 -5 -0.198828 -0.181548 0.351952 3.93644 22 851 15872 15871 1 0 0 2 
5 2.97518 -2.86109 -0.363752 -0.286887 0.397313 3.91884 22 852 6042 5034 1 0.573916 0.573916 35 
5 -2.75538 -2.85158 -0.598294 0.11635 -0.357087 4.0161 22 853 1588 1587 1 0 0 7 
5 4.57856 -0.636067 -0.386836 -0.182475 -0.160267 3.97053 22 854 13528 13527 1 0.278546 0.278546 24 
5 -4.68305 4.25415 -0.249783 -0.283153 -0.0871553 4.16384 22 855 16609 16518 1 0 0 2 
-2.56897 0.62413 -5 -0.215729 -0.180007 0.0838794 3.98908 22 857 5323 5321 1 3.99846 3.99846 69 
1.67127 5 -0.606641 -0.863627 -1.1572 0.469292 4.032 22 859 11886 11768 1 0 0 2 
5 2.59835 -2.78607 -0.228169 -0.450089 0.0804912 3.98452 22 860 17991 17961 1 0 0 2 
-4.56399 5 -4.48165 -0.18234 -0.24706 0.23808 3.95152 22 861 4488 4396 1 0 0 3 
-2.58665 2.47049 -5 -0.284995 -0.540016 0.720222 3.94372 22 862 22680 22679 1 0 0 1 
-1.64192 5 0.868822 -0.381064 -0.20582 0.103408 3.99752 22 863 10313 10312 1 0.0304564 0.0304564 6 
5 4.08428 -4.06933 -0.43995 -0.713971 1.6725 3.91559 22 864 9702 9647 1 0 0 3 
-3.48541 -4.45146 -5 -4.64341 -7.37858 12.9522 3.92829 22 865 4488 4411 1 0.449764 0.449764 6 
-4.73862 2.43711 -5 -0.413701 -0.700261 1.99218 3.90558 22 866 9878 9762 1 0.504494 0.504494 31 
5 3.98906 -2.95467 -0.481275 0.0330843 -0.168522 3.99619 22 867 2209 2208 1 6.31301 6.31301 61 
5 1.49161 2.97877 -0.33974 -0.254114 0.284821 3.97137 22 868 8616 8551 1 0.62333 0.62333 52 
1.20366 -0.0394671 -5 -1.50559 -4.26435 3.58095 3.94162 22 869 7631 7464 1 0 0 4 
3.06459 -2.83461 -5 -0.194022 -0.495472 0.526995 3.9491 22 870 21975 21874 1 0 0 7 
4.38555 5 2.9103 -0.532342 -0.34906 0.386688 3.95716 22 871 1302 1301 1 0.330987 0.330987 28 
5 1.11395 -0.927135 -0.281324 -0.401152 0.145099 3.97562 22 872 11198 11195 1 0 0 3 
5 1.67327 -3.37986 -0.202326 0.15205 -0.0972796 3.98467 22 873 8630 8629 1 0.200566 0.200566 32 
-4.79922 -2.74934 5 -0.0798084 -0.441276 -0.245003 3.99073 22 874 6898 6872 1 0.281522 0.281522 38 
-5 -2.29297 -1.59872 -0.0578085 0.833854 0.528646 3.9569 11 875 4907 4845 1 1.63913 1.63913 41 
2.91981 5 -3.12428 -0.137913 -0.4769 0.121102 3.98037 22 876 8621 8620 1 1.00671 1.00671 7 
0.568603 3.11728 5 -0.168153 0.0814764 -0.181034 4.12268 22 877 7570 7568 1 0.77004 0.77004 72 
-3.62118 5 -3.40364 -0.133812 -0.472728 0.140507 4.04247 22 878 15827 15824 1 0 0 1 
3.75723 5 -2.93895 -0.311504 -0.382586 0.133091 3.97044 22 879 10489 10488 1 3.757 3.757 71 
5 2.13721 2.90727 -0.214912 -0.558825 0.550535 3.96864 22 880 11755 11616 1 0 0 7 
5 -0.537005 -2.71904 -0.0466964 -0.693353 1.25618 3.9269 22 881 4256 4066 1 0.417118 0.417118 35 
5 1.98693 2.66694 -1.20599 -2.41539 2.62576 3.95565 22 882 9254 9171 1 0.129184 0.129184 6 
-1.60005 5 4.07396 -1.37525 -1.72835 1.12976 3.98558 22 883 19359 19253 1 0 0 1 
-1.56115 5 -3.89425 -0.309146 -0.306444 0.267657 3.92806 22 884 2721 2693 1 0 0 5 
5 4.87099 -2.84073 -2.20421 0.271196 -0.50804 3.91075 -11 885 1031 1030 1 1.64911 1.64911 49 
3.80733 5 -3.08452 -0.205244 -0.223859 -0.126039 4.06799 22 886 14956 14788 1 0.811806 0.811806 23 
-4.43314 2.17699 -5 -0.141265 -0.142944 0.34401 3.94576 22 888 8070 7890 1 0.0616648 0.0616648 14 
5 4.04492 1.15208 -0.438178 -0.903646 0.196616 3.99823 22 889 11131 11013 1 0 0 3 
3.44859 -4.24615 5 -1.3445 -2.14781 -3.9869 4.06305 22 890 3054 2984 1 0.743397 0.743397 68 
0.296207 5 2.70481 1.90356 -3.70631 11.0728 3.94678 -11 891 7685 7684 1 2.37722 2.37722 31 
-0.575748 5 -0.932473 -0.478795 -0.40783 1.09211 3.9294 22 892 5652 5563 1 0.301015 0.301015 24 
5 -4.00954 -2.24076 -0.535655 -0.777142 -0.87993 4.09965 22 894 2566 2561 1 0 0 5 
-0.165683 5 -4.06395 0.000213342 -0.103101 0.601018 3.91832 22 895 7510 7481 1 0 0 2 
2.8176 -0.045978 -5 -1.91364 -2.05319 2.70813 3.9183 22 896 1184 1149 1 0.185154 0.185154 17 
5 -1.26038 2.98465 -0.152271 -0.132178 -0.167486 4.24612 22 897 1574 1556 1 0.151001 0.151001 16 
-0.0744169 5 -2.82024 -0.303213 -0.200383 0.194798 3.94519 22 898 2462 2449 1 1.4539 1.4539 9 
1.44025 2.73468 -5 -0.187393 -0.405954 0.489921 3.93649 22 899 1659 1486 1 1.92518 1.92518 11 
3.85412 0.115296 -5 0.246125 0.0403817 0.193235 3.93819 22 900 10457 10456 1 0.141218 0.141218 25 
4.20061 4.71203 -5 -0.498392 -0.17532 1.22379 3.91073 22 901 7795 7628 1 0.554959 0.554959 36 
0.918324 2.61832 -5 -0.201172 -0.446778 0.145049 3.98761 22 902 20119 20118 1 7.99702 7.99702 101 
-0.848325 0.910476 -5 -2.36902 -2.40211 4.94606 3.92124 22 903 6226 6100 1 0 0 4 
4.97193 5 -1.66226 0.066726 -0.451115 -0.0188 3.9764 22 904 8502 8501 1 0.142134 0.142134 37 
-0.432077 5 -4.74344 0.0150295 -0.605574 0.18992 3.97179 22 905 3705 3650 1 0 0 2 
5 2.75008 4.55695 -2.73449 -1.32682 -0.922121 4.04339 22 906 2710 2665 1 0.208637 0.208637 45 
-2.45038 5 0.208459 -0.522215 -0.407418 1.43928 3.94908 22 907 2360 2334 1 0 0 11 
5 0.689212 1.62117 -0.560142 -0.957263 1.64946 3.94186 22 908 1851 1715 1 0 0 5 
-0.398935 4.92977 -5 -0.170803 -0.0315743 0.259396 3.94242 22 909 5800 5430 1 0.792952 0.792952 37 
3.94424 -4.83647 -5 -0.309133 -0.873345 2.22482 3.9086 22 910 8670 8404 1 0.485679 0.485679 37 
-0.132037 5 1.95726 -0.141935 -0.210713 0.192312 3.96232 22 911 13950 13618 1 0.318124 0.318124 34 
5 1.32939 -2.86246 -0.111768 -0.46494 1.09445 3.92454 22 912 17431 17304 1 0 0 2 
4.5027 5 4.80486 -0.188486 -0.443954 -0.168812 3.98862 22 913 2272 2231 1 0 0 4 
5 4.86016 -4.83285 -0.25223 -0.334194 0.243158 3.93179 22 914 10049 9699 1 0.385301 0.385301 37 
4.45729 5 1.01864 -0.21855 -0.312229 -0.255298 4.09137 22 915 24797 24763 1 0.507892 0.507892 5 
0.828236 5 -3.60669 -2.87645 -5.44286 3.40682 3.93563 22 916 12372 12353 1 0.681744 0.681744 39 
-2.62122 5 -3.06307 -0.204683 -0.320989 0.184002 3.96656 22 917 3354 2637 1 0 0 6 
5 2.73263 -4.19397 -0.246174 -0.277431 0.279509 3.97586 22 918 3513 3512 1 3.26488 3.26488 10 
2.64735 -5 -2.24077 -0.383246 0.276643 0.194193 3.96547 22 919 7770 7769 1 0.5057 0.5057 48 
2.65623 3.40718 -5 0.0586785 -0.0720593 0.585602 3.95657 22 920 1568 1567 1 0.0462166 0.0462166 8 
4.79898 5 4.4226 -0.465536 -0.521895 0.768418 3.95224 22 921 21089 21071 1 0.355713 0.355713 6 
-4.95477 1.49299 5 -0.260771 -0.39405 -0.194533 4.29344 22 922 14573 14571 1 0 0 2 
3.62453 -3.322 -5 -0.0833013 -0.173314 0.539686 3.91198 22 923 9574 8924 1 0.0586462 0.0586462 6 
-1.25986 5 -0.968383 -0.0467954 -0.178657 0.0917611 3.94111 22 924 4048 4031 1 0.347472 0.347472 48 
-3.72406 3.83872 -5 0.256536 0.289271 0.447625 3.90749 22 925 29990 27344 1 0.0296869 0.0296869 11 
2.70247 5 -2.33131 -0.127303 -0.312964 0.131924 3.93183 22 926 7184 7033 1 0.0188589 0.0188589 7 
1.13237 5 3.9139 -0.579141 -0.132303 0.897909 3.97769 22 927 11073 10996 1 0.17543 0.17543 5 
3.91347 5 -1.60215 -1.73938 -1.78175 0.147981 3.98076 22 928 9859 9834 1 0 0 4 
0.813309 5 -3.36658 -0.439306 -0.342809 0.68016 3.93071 22 929 15457 15354 1 0.426685 0.426685 42 
-4.37361 5 -4.61253 -3.27246 -2.49237 1.28775 3.9699 22 930 28209 28101 1 0 0 1 
4.93428 5 1.79539 -0.165376 -0.42201 0.235963 3.96027 22 931 1548 1522 1 3.46742 3.46742 44 
5 3.71186 0.770929 -0.36101 -0.359962 -0.0349063 4.03646 22 932 1148 1123 1 0.621389 0.621389 44 
5 4.75695 -1.1144 -6.07653 -4.89436 4.5994 3.92324 11 933 7105 7102 1 8.87613 8.87613 57 
-4.39583 1.23305 5 -0.322398 -0.321257 -0.232322 4.19295 22 934 2627 2625 1 4.01495 4.01495 15 
4.39881 5 4.0129 -0.395579 -0.319605 -0.049898 4.03336 22 935 21079 21078 1 0 0 3 
5 -0.915911 -1.72102 -0.109203 -0.247251 0.206732 3.94838 22 936 16691 16626 1 0.356259 0.356259 42 
-0.318588 -2.3677 -5 -0.226703 -0.276811 0.284375 3.94047 22 937 7800 7589 1 10.3424 10.3424 132 
-4.60171 2.38922 -5 -0.61383 -0.772363 1.80256 3.91962 22 938 2107 1796 1 0.847478 0.847478 33 
5 -0.503916 -0.369315 -1.13892 -1.63481 0.240238 4.0561 22 939 9528 9495 1 0 0 6 
5 -1.64959 -4.71766 -3.85803 -0.478225 2.03653 3.98321 22 940 21444 21443 1 0 0 1 
3.4953 5 4.33786 -0.0791208 -0.403518 0.303369 3.95563 22 941 3033 3032 1 0.238824 0.238824 21 
1.19683 5 1.97743 -2.75401 -2.9229 0.518036 4.0806 22 942 13580 13549 1 5.46043 5.46043 47 
0.52387 2.07989 -5 -0.199542 0.386227 0.0723641 4.00965 22 943 32170 32004 1 0 0 1 
-3.6187 -3.12044 -5 -0.341698 -0.347537 0.153558 3.98821 22 944 7854 7821 1 0.417821 0.417821 26 
5 1.37156 0.917001 -0.142528 -0.28831 -0.0685189 4.12986 22 945 2445 2444 1 0 0 5 
5 4.72961 -3.35964 -2.49678 -1.09615 7.13352 3.90429 22 947 1076 1 1 1.79517 1.79517 36 
5 4.5976 1.09094 -0.216827 -0.254383 -0.105939 4.03312 22 948 3048 3047 1 0.00396624 0.00396624 4 
4.89622 5 -2.73565 -0.221021 -0.492164 0.522686 3.94607 22 949 9577 9490 1 0.703341 0.703341 4 
-2.50623 -4.55557 5 -0.285355 0.0793287 -0.416412 4.07911 22 950 11013 11012 1 0.24973 0.24973 15 
-4.15536 5 1.44584 -2.36798 -4.17613 0.744008 3.98079 22 951 1579 1483 1 0.174786 0.174786 10 
5 -3.42349 0.621153 -0.169889 -0.174874 0.449084 3.93836 22 952 14014 13980 1 0.236352 0.236352 28 
3.40081 5 1.9247 -0.113054 -0.317568 0.268913 3.96432 22 953 8747 8501 1 0.0199596 0.0199596 13 
5 3.70815 2.95492 -0.411551 -0.188293 -0.407223 4.0971 22 954 17897 17853 1 0 0 3 
0.757586 0.824494 -5 -0.313309 -0.294439 0.510937 3.92198 22 955 2096 1 1 0.09184 0.09184 6 
-4.36301 5 2.33551 -0.38458 -0.31737 -0.111779 4.06085 22 956 1586 1585 1 0.342423 0.342423 29 
2.42657 5 1.45018 -0.331133 -0.557649 0.832412 3.94913 22 957 2507 2170 1 0.333197 0.333197 8 
-1.44474 5 2.86158 -0.382855 -0.344365 0.0662681 4.03543 22 958 20306 20291 1 0.33957 0.33957 5 
5 4.31093 4.20212 -0.450783 -0.565231 0.945015 3.9505 22 959 3751 3574 1 0.410395 0.410395 39 
5 -0.227468 -3.0846 -0.273057 -0.426132 0.124398 3.999 22 960 18448 18447 1 0 0 2 
-3.25961 2.80042 5 -0.0635535 -0.214228 -0.154952 4.04407 22 961 52351 52186 1 0 0 1 
0.50894 5 0.810371 0.273369 -0.305957 0.350445 3.91683 22 962 1161 1 1 6.56786 6.56786 131 
3.66474 5 2.48258 -0.206549 -0.785524 -0.244412 4.0207 22 963 13058 13054 1 0 0 7 
-4.71166 5 -3.29993 0.1314 -0.216015 0.32324 3.95819 22 964 14885 14781 1 0 0 6 
0.347442 5 -4.09504 -0.342797 -0.599588 0.027294 3.98931 22 965 10022 9586 1 0.690831 0.690831 26 
-1.54872 -4.39416 -5 -5.88985 1.82725 39.2816 14.0248 2112 966 20504 20388 1 0.00923456 0.00923456 1 
5 -1.58929 3.32782 -0.122156 -0.10675 -0.130411 4.07547 22 967 4268 4267 1 1.49189 1.49189 15 
-4.2643 5 -1.93011 0.101317 -0.197912 0.0117836 4.19654 22 968 8416 8395 1 0 0 5 
-0.213947 5 -3.53674 -2.19392 -1.93109 2.56082 3.959 22 969 4881 4835 1 0.222604 0.222604 22 
1.62081 5 0.201615 0.233814 -0.102096 0.139696 3.97685 22 970 3574 3485 1 0 0 12 
-3.73953 -0.433316 -5 -0.416562 -0.48151 1.31806 3.91737 22 971 1218 1 1 0 0 2 
-1.08442 -1.12128 5 -0.44564 -0.567086 -0.260812 4.13329 22 972 2312 2156 1 1.50008 1.50008 35 
-0.362029 -5 1.75641 -0.109499 0.425181 -0.0905415 4.04177 22 973 16749 16748 1 0 0 5 
1.37237 5 -0.410728 -1.57124 -4.45323 11.4206 3.92185 22 974 41615 41292 1 0 0 2 
0.359217 3.57546 -5 -0.199871 -0.32776 0.146434 3.98036 22 975 7122 7074 1 0 0 5 
0.486217 5 4.14302 -0.340877 -0.524236 1.0971 3.93789 22 976 15326 15126 1 0.25715 0.25715 9 
5 1.4372 -4.43598 -0.721509 -0.0173583 -0.160884 4.0022 22 977 7694 7669 1 6.82961 6.82961 54 
-1.98693 1.92154 5 -0.2175 -0.344995 -0.307883 4.07967 22 978 12627 12626 1 0.720883 0.720883 43 
5 -4.89259 -1.05333 -0.157331 -0.362619 0.303587 4.04375 22 979 6730 6704 1 0.0949342 0.0949342 9 
5 3.15105 -3.69908 -2.68321 0.672327 -2.21696 4.29972 22 981 4399 4396 1 0 0 6 
-5 -2.19139 2.45773 0.4903 0.669232 -0.00417555 4.08761 22 982 8201 8199 1 0 0 2 
2.43629 3.77457 -5 -1.11471 -2.01628 1.79694 3.95959 22 983 10833 10810 1 2.7374 2.7374 61 
-2.64312 5 -3.20917 -0.199922 -0.0881324 0.503789 3.92502 22 984 3489 3488 1 2.14353 2.14353 112 
-1.64356 4.8212 5 -0.468366 0.254341 -0.0774167 4.02925 22 985 5657 5648 1 1.92974 1.92974 12 
-0.974969 5 0.274075 -0.206033 -0.181718 0.430216 3.93344 22 986 20148 19589 1 0 0 3 
5 1.9109 1.61488 -0.379988 -0.337695 1.32531 3.9292 22 987 1375 1 1 0 0 3 
-3.3504 3.1034 -5 -0.20055 -0.154769 0.331772 3.95046 22 988 21929 21767 1 0 0 3 
-2.37572 5 -0.99639 -0.488761 -0.69155 2.06883 3.92222 22 989 7586 7409 1 0.0548286 0.0548286 8 
5 -2.26173 -0.208163 -0.0643722 -0.810414 -0.273516 4.07559 22 990 9441 9440 1 0.257604 0.257604 11 
-2.98425 5 2.13258 -0.301296 -0.141817 0.153552 3.99842 22 991 2131 2129 1 8.46981 8.46981 84 
5 0.433024 -2.04132 -0.403569 -0.181626 -0.145045 3.94133 22 992 6989 6926 1 0.67348 0.67348 51 
1.24568 2.69065 -5 -0.199977 -0.169011 0.438821 3.95177 22 993 13141 13139 1 0 0 4 
4.65824 4.47364 -5 -1.89851 -4.74021 2.19717 3.94275 22 994 21888 21886 1 0 0 3 
2.45585 5 1.30078 -0.0824345 -0.10209 -0.12742 4.01668 22 995 26315 26041 1 1.08739 1.08739 80 
-0.613419 -0.511283 -5 -0.0182271 -0.255819 0.380491 3.90981 22 996 2793 2771 1 0.0972853 0.0972853 8 
4.05451 3.63386 -5 -0.320908 -0.209077 0.444785 3.93063 22 997 2032 1933 1 0.184246 0.184246 11 
3.72205 5 3.75194 0.0462321 -0.246345 0.123158 3.99995 22 998 15053 15052 1 0 0 7 
2.70024 5 3.88574 -0.315446 -0.211135 0.342105 3.98804 22 999 1100 1099 1 0 0 8 
-5 0.544899 3.2789 0.350823 0.133441 -0.236317 3.99291 22 1000 3732 3731 1 1.58597 1.58597 9 
