# Det4_6_10
#x y z Px Py Pz t PDGid EventID TrackID ParentID Weight Edep VisibleEdep Ntracks
2.11026 2.72565 5 -0.0690897 -0.0724463 -0.351534 4.13884 22 1 1193 1148 1 17.0119 17.0119 238 
-0.166288 -3.94283 -5 0.0866215 0.111672 0.517008 3.66126 22 2 2457 1 1 16.6871 16.6871 285 
-1.81921 5 -2.37871 -1.92638 -1.63924 4.17506 3.71098 11 3 1787 1355 1 2.97448 2.97448 82 
5 -1.85698 3.9467 -0.141021 0.0726092 -0.0937961 3.79383 22 4 25029 24565 1 0.18398 0.18398 26 
3.30878 -5 -3.26195 -0.0158368 0.400591 0.828892 3.66462 22 5 5090 4996 1 8.3982 8.3982 119 
1.7079 3.97632 -5 -4.07544 3.5345 7.1339 3.67518 -11 6 6559 6558 1 7.40907 7.40907 93 
-3.32995 1.63624 5 -0.362947 -0.0119279 -0.359509 3.82572 22 7 3153 3119 1 15.163 15.163 316 
5 -3.61443 3.13168 -0.447032 0.245965 -0.0279898 3.74388 22 8 12304 12303 1 0.00643635 0.00643635 5 
-2.02091 -5 -3.6365 -0.0642349 0.297548 -0.344546 3.79558 22 9 7709 7706 1 0.795863 0.795863 88 
2.2466 3.68194 5 -0.0155847 0.268615 -0.218964 4.04307 22 10 7949 7948 1 0 0 6 
5 0.262616 -4.62702 -0.281576 -0.0133606 -0.285522 3.70608 22 11 9664 9638 1 1.86533 1.86533 105 
5 -4.84005 -0.47843 -0.865327 0.390475 1.2631 3.69321 22 12 1557 1507 1 18.8269 18.8269 241 
2.66583 -4.64257 -5 -0.736798 0.00423672 0.661207 3.67736 22 13 1306 1 1 0 0 5 
5 -2.61607 -0.949541 -0.221729 -0.285168 -0.209087 3.69444 22 14 14999 12837 1 2.10241 2.10241 33 
-4.23092 0.436662 5 -0.137234 0.168826 -0.337692 4.33356 22 15 18019 18017 1 0 0 2 
-4.53462 3.40466 -5 -4.38571 -3.18789 4.13735 3.67203 11 16 1 0 1 7.64798 7.64798 104 
5 -0.385341 4.68259 -0.237463 0.270737 0.362537 3.73266 22 17 5348 5277 1 0.128417 0.128417 19 
-4.29743 -1.67729 5 -0.503798 -0.0279417 -0.0807906 3.73686 22 18 12494 12491 1 6.39344 6.39344 74 
0.742576 4.79008 5 -0.0604861 0.17256 -0.477163 4.21794 22 19 2919 2918 1 0.434803 0.434803 13 
5 -2.47764 -4.13335 -0.260286 0.215446 0.0399291 3.66678 22 20 2406 1 1 33.8738 33.8738 269 
-4.87922 5 -2.71322 -0.129618 -0.167115 -0.0156978 3.80309 22 21 7058 6968 1 3.55762 3.55762 37 
-0.67326 5 -2.32559 -0.139599 -1.30226 1.60053 3.67266 11 22 1032 1 1 20.5027 20.5027 250 
5 2.96762 2.20509 -0.505756 0.432756 0.300236 3.71208 22 23 5626 4204 1 0.103091 0.103091 6 
5 -3.84468 3.86235 -10.2963 3.36966 -1.84412 3.69583 -11 24 3113 3112 1 27.5252 27.5252 334 
-2.56058 -5 3.63896 -0.0775489 0.135291 -0.353655 3.80343 22 25 1446 1445 1 41.1735 41.1735 423 
5 -4.90563 0.891416 -0.238644 0.300007 -0.414329 3.82756 22 26 3923 3922 1 3.28934 3.28934 133 
1.94468 -5 0.0780017 0.178534 0.17679 0.130783 3.73341 22 27 3720 3719 1 3.05086 3.05086 81 
5 4.50296 2.01954 -2.02131 7.33931 19.0926 3.68653 22 28 1400 1068 1 0.220422 0.220422 31 
5 -4.51527 1.27219 -0.455239 0.524525 2.26636 3.67841 22 29 5997 5921 1 1.71007 1.71007 77 
-2.76929 2.74154 5 0.113699 0.0904738 -0.147013 3.8986 22 30 6569 6568 1 0.406215 0.406215 44 
5 -2.71678 -1.7048 -0.0160176 -0.538172 0.174925 3.69077 11 31 11588 11578 1 0.00120474 0.00120474 4 
3.56085 -3.40483 -5 0.469526 -0.914908 1.38333 3.66487 11 32 3472 2377 1 26.3216 26.3216 238 
5 2.52086 -1.31852 -0.434349 -0.226192 0.145938 3.73072 22 33 5692 5688 1 24.7243 24.7243 233 
5 -3.899 1.9881 -0.641222 -0.53242 0.135816 3.72231 22 34 3855 3834 1 0.453315 0.453315 47 
4.3824 -5 -3.00407 0.0683209 0.226925 0.111637 3.77454 22 35 6363 6362 1 9.65645 9.65645 22 
1.16451 -5 2.13656 -0.706031 0.966059 9.54449 3.6785 22 36 1529 1100 1 1.62894 1.62894 92 
4.79742 -5 1.60076 -0.0394556 0.341944 -0.0457607 3.69014 22 37 1476 1410 1 7.33997 7.33997 169 
5 -2.39294 -0.44388 -3.18619 1.02787 3.48504 3.68383 22 38 34445 34393 1 2.9263 2.9263 10 
-2.50181 -0.123722 5 -0.209643 0.160719 -0.108134 3.88497 22 39 1141 1121 1 6.49886 6.49886 60 
0.200391 -5 -1.17012 1.49553 11.9354 27.807 3.66606 -11 40 2079 2078 1 24.9999 24.9999 220 
1.48272 -4.77138 5 -0.188223 0.17783 -0.156203 3.78969 22 41 18114 18085 1 0 0 2 
5 -3.20502 2.92325 -6.07675 -0.18044 -2.97331 3.6914 -11 42 2921 2920 1 14.008 14.008 134 
-4.73044 -5 -0.218626 0.101049 0.15171 -0.149265 4.18884 22 43 13871 13870 1 0 0 2 
-0.463151 -4.57045 -5 -0.0883344 0.0665439 2.73906 3.65276 22 44 2433 1 1 5.98674 5.98674 89 
2.47852 -5 -1.99504 2.34316e-05 0.195428 -0.311556 3.71875 22 45 4630 4591 1 1.23401 1.23401 12 
5 -2.10755 -4.04643 -0.239283 0.0684743 0.319482 3.67471 22 46 10779 10757 1 0.0191642 0.0191642 7 
5 1.69168 1.88354 -0.113167 0.162945 -0.111374 3.76889 22 47 4907 4143 1 0.777103 0.777103 26 
2.87757 -2.40735 5 -0.0757896 -0.050835 -0.440468 4.01899 22 48 11953 11951 1 8.64863 8.64863 92 
-2.07937 -5 1.52096 0.757729 0.95651 0.360055 3.75866 22 49 7275 7244 1 4.20543 4.20543 95 
2.58672 -5 1.79303 0.353408 0.173718 0.325646 3.7074 22 50 6829 6828 1 0.0456896 0.0456896 3 
4.69108 -5 3.26253 -0.843664 0.523812 -0.0103944 3.69092 22 51 3541 3510 1 12.2495 12.2495 254 
5 0.292873 -0.395869 -0.128903 -0.482646 -0.107501 3.70578 22 52 1580 1551 1 25.1988 25.1988 295 
4.97866 3.35972 -5 0.0131658 0.19554 0.372175 3.66556 22 53 11508 11302 1 2.97722 2.97722 128 
5 -3.4767 4.88525 -0.154621 0.117952 -0.115929 3.76231 22 54 2254 2253 1 0.911219 0.911219 37 
5 -3.58694 -3.69257 -0.383117 0.324035 -0.0966582 3.72505 22 55 22274 22273 1 0 0 3 
3.90845 0.486548 -5 4.44316 8.28662 4.50692 3.66169 -11 56 24063 24062 1 1.56842 1.56842 13 
5 -0.558272 4.89589 -0.150805 0.045661 -0.231061 3.85642 22 57 10360 10357 1 0.279169 0.279169 31 
5 -4.35981 3.2401 -0.0894281 0.154035 0.0256247 3.75888 22 58 11365 11264 1 0.397939 0.397939 40 
2.39479 -2.43293 -5 -0.193405 0.0996293 0.462373 3.68756 22 59 13970 13969 1 0.484337 0.484337 20 
0.371123 -4.93004 -5 4.72505 7.29063 43.5124 3.65279 11 60 1 0 1 117.863 117.863 914 
0.854631 3.58366 -5 -1.04747 2.20467 5.73278 3.66619 22 61 1281 1 1 2.35066 2.35066 12 
-3.55795 -5 0.608181 -0.472202 0.499553 0.126797 3.7487 22 62 3337 3294 1 0.57737 0.57737 39 
5 -3.24616 4.77319 -0.277954 -0.0449619 0.426427 3.74237 22 63 10094 10093 1 0.398451 0.398451 10 
4.72514 0.910413 -5 -0.164368 0.209471 0.345542 3.67551 22 64 5099 4975 1 3.63986 3.63986 42 
0.365786 3.18267 5 -0.390591 -0.0852836 -0.318253 3.87134 22 65 9644 9613 1 0.327695 0.327695 40 
2.48964 1.4556 5 -0.0835941 0.145851 -0.482555 4.06126 22 66 9655 9654 1 1.97511 1.97511 106 
4.56519 -5 3.5244 -8.18049 4.13422 25.7858 3.68359 11 67 1 0 1 8.09334 8.09334 71 
-0.466732 -0.0907468 5 -0.869363 -0.00219828 -0.706765 3.80886 22 68 6311 6240 1 3.75669 3.75669 100 
3.52546 0.441557 -5 -1.29037 0.359429 1.59853 3.67179 22 69 1029 1 1 3.61474 3.61474 127 
4.77938 0.750545 -5 -0.413886 0.44054 0.322301 3.67331 22 70 2193 1 1 4.85537 4.85537 39 
1.81454 0.105114 -5 -0.100666 0.436543 4.68133 3.65612 22 71 10183 9946 1 0.169353 0.169353 7 
2.55269 -5 2.11909 -0.428907 0.148755 -0.764961 3.7148 22 72 2869 2805 1 6.22489 6.22489 167 
5 3.7682 0.852703 -0.811746 1.3796 -0.0365448 3.72889 22 73 2110 2056 1 3.5533 3.5533 42 
-4.04672 -5 -0.664356 -0.0592903 0.0109423 0.214746 3.67202 22 74 1035 1 1 7.75887 7.75887 128 
2.14624 -5 -1.46206 -5.60427 2.14413 2.01795 3.68624 11 75 1 0 1 5.76405 5.76405 35 
5 0.111273 0.114668 -0.136889 0.103064 0.0863808 3.6834 22 76 1768 1104 1 11.4624 11.4624 179 
2.26749 3.57607 -5 -4.34686 4.55939 31.0207 3.65681 -11 77 3620 3619 1 54.2343 54.2343 534 
-1.84557 1.24331 -5 -0.200915 0.218313 0.433796 3.67357 22 78 5454 5453 1 0 0 6 
1.59358 -5 -1.01925 0.0417756 0.26593 -0.00192951 3.69754 22 79 9221 8445 1 3.8693 3.8693 50 
5 2.72781 -0.00855892 -0.0916972 -0.0941344 0.154647 3.71104 22 80 26441 26438 1 0.119398 0.119398 30 
1.89251 4.67348 -5 -0.184979 0.132461 0.314468 3.6661 22 81 1050 1 1 161.253 161.253 1256 
4.53335 -1.76557 -5 -0.111421 0.4744 0.436124 3.67246 22 82 5818 5783 1 25.4195 25.4195 298 
3.44156 0.144102 5 -0.105823 0.180946 -0.466026 3.80041 22 83 5273 5249 1 0.427847 0.427847 8 
5 -4.96096 1.61431 -0.134235 0.0582502 -0.170711 3.73696 22 84 21615 19880 1 0.224577 0.224577 23 
0.586071 -2.21743 -5 2.11166 -8.09613 115.022 3.65268 11 85 1 0 1 48.385 48.385 413 
2.98955 -5 -3.63959 -3.19886 8.68601 129.25 3.65734 11 86 1 0 1 28.0525 28.0525 344 
2.03581 -1.4068 -5 -1.56599 25.7847 1073.52 3.65254 11 87 1 0 1 146.168 146.168 1082 
1.55751 -5 1.34583 -0.313973 0.103879 0.104359 3.72478 22 88 10845 10844 1 0 0 2 
1.84633 2.62241 -5 -0.326401 0.437184 0.89912 3.66368 22 89 1207 1 1 3.10275 3.10275 32 
-3.89217 1.62263 5 -0.274858 0.033146 -0.176346 3.83149 22 90 3625 3566 1 8.08907 8.08907 240 
4.07048 -5 0.363914 -0.16987 0.163138 0.220086 3.70329 22 91 4227 4121 1 0.326192 0.326192 8 
4.25663 -4.64631 -5 -9.86869 -6.90936 319.065 3.65257 11 92 1 0 1 55.2727 55.2727 523 
1.32518 -5 -2.94252 -0.292106 0.51548 0.338975 3.67017 22 93 5153 1 1 16.6559 16.6559 122 
1.56908 -3.19139 -5 -0.432369 0.16201 0.218929 3.71291 22 94 4609 4581 1 5.98897 5.98897 130 
-2.50948 3.76176 5 0.0423607 0.0912477 -0.243007 3.92631 22 96 22616 22613 1 1.76562 1.76562 16 
1.70322 0.214426 -5 -0.228163 0.468822 4.19567 3.65454 22 97 1478 1 1 2.90052 2.90052 85 
-0.194363 -1.97616 5 0.0059997 0.136083 -0.492509 4.11176 22 98 1871 1843 1 6.54619 6.54619 106 
-4.1456 -5 0.732767 -0.34582 0.319039 0.198338 3.71698 22 99 31022 30539 1 1.23298 1.23298 9 
0.1164 -2.41324 5 -0.274899 0.327799 -0.27946 3.82292 22 100 10149 10133 1 0.245616 0.245616 9 
5 -2.49457 -4.03022 -0.29791 0.0215534 0.414614 3.67186 22 101 7582 7579 1 7.75268 7.75268 71 
5 -0.0212419 1.32512 -0.272468 -0.308859 0.259276 3.7211 22 102 5840 5447 1 0.604195 0.604195 15 
4.58134 -0.986843 5 -0.274174 0.03538 -0.3601 3.96076 22 103 13683 13682 1 6.69144 6.69144 9 
-1.60534 2.29028 5 -0.122165 0.315003 -0.380645 3.75593 22 104 3082 3052 1 11.2436 11.2436 136 
-2.47292 -5 -3.33462 -0.367805 0.0681088 -0.285309 3.81818 22 105 1473 1472 1 1.75189 1.75189 49 
0.993123 -2.03147 5 0.0121204 0.0795244 -0.504627 4.03638 22 106 2148 2133 1 3.61316 3.61316 68 
-2.6449 -3.81839 -5 -7.66992 2.15751 14.424 3.67003 22 107 3525 3475 1 0 0 4 
5 3.51091 0.849865 0.236952 2.24132 -2.54697 3.70261 -11 108 2811 2810 1 34.9886 34.9886 393 
-2.53548 -4.65448 -5 -0.112751 0.0728608 0.195447 3.67539 22 109 1153 1 1 0.504159 0.504159 43 
3.24303 4.67258 -5 -0.295739 0.242971 0.240418 3.69751 22 110 31016 30073 1 0 0 1 
5 0.12055 3.3702 -0.313165 1.05234 1.5264 3.69599 22 111 1511 1447 1 0 0 11 
4.63868 -4.82438 -5 -0.0294768 0.137711 1.37063 3.65324 22 112 1316 1 1 28.788 28.788 236 
-0.974631 -1.05586 -5 -0.395055 -0.1491 0.287785 3.71534 22 113 7187 7161 1 0 0 14 
5 -0.750234 -4.42693 -0.398019 0.244063 0.207688 3.69067 22 114 2691 2690 1 6.39505 6.39505 78 
3.55827 -5 2.42135 0.408822 0.268088 -0.148705 3.73189 22 115 11197 11195 1 3.69742 3.69742 106 
-0.167611 -5 4.02586 0.0753282 0.403403 2.62045 3.68337 22 116 1001 1 1 17.7891 17.7891 165 
3.49491 -5 -1.60221 -0.0860652 2.85404 -0.234342 3.70842 22 117 12389 12344 1 0.253478 0.253478 28 
-3.66081 4.39196 -5 -0.438342 0.255404 0.0611937 3.73125 22 118 17301 17274 1 0 0 5 
4.14674 0.533498 5 -3.80678 4.90032 -14.5396 3.9593 22 119 2004 1960 1 0 0 13 
-3.03088 -4.41147 -5 -0.466065 0.44919 1.3288 3.67012 22 120 1949 1885 1 0.549017 0.549017 42 
4.23827 -2.21962 5 0.356522 0.209545 -0.300172 3.80848 22 121 4449 4424 1 4.8138 4.8138 55 
5 3.39198 4.78418 -0.164406 0.102784 0.78885 3.70117 22 122 8105 8022 1 4.18526 4.18526 55 
-0.0532885 -4.4639 5 -0.298058 0.0805382 -0.23443 3.81377 22 123 1638 1433 1 0.0477021 0.0477021 6 
2.12821 -1.96129 -5 0.16928 0.545523 0.394478 3.67427 22 124 25032 1 1 0.478013 0.478013 32 
-1.41809 2.13545 5 -0.38796 0.172808 -0.284156 3.77945 22 125 2603 2602 1 19.0025 19.0025 172 
5 1.58871 -3.77953 -0.183547 0.125003 0.460222 3.6998 22 126 8536 8534 1 1.03745 1.03745 37 
3.09393 2.42664 -5 -0.0696956 0.258216 0.609572 3.66162 22 127 11234 11121 1 14.5 14.5 151 
-1.49238 2.80714 5 -0.0416869 -0.0781618 -0.124805 4.13767 22 128 3829 3828 1 8.39577 8.39577 225 
0.678578 -5 -1.14846 -1.89698 1.40597 0.0348741 3.7139 22 129 2247 2246 1 0.390074 0.390074 10 
-3.27265 -5 3.6398 -0.710515 0.545791 -0.109684 3.74942 22 130 17339 17166 1 0 0 1 
1.4331 -3.97585 5 0.376167 0.344415 -0.0315696 3.76151 22 131 1681 1642 1 0.560797 0.560797 42 
-1.99905 -5 2.96276 -0.353711 0.274259 -0.246557 3.77321 22 132 2517 2516 1 6.45156 6.45156 64 
3.35717 -2.37572 5 0.265459 0.207917 -0.302224 3.88444 22 133 7818 7817 1 6.42771 6.42771 199 
5 -0.801449 1.44065 -0.184252 0.345642 0.396201 3.68134 22 134 1157 1 1 1.43594 1.43594 69 
-0.302552 -4.51335 5 -0.293651 0.171038 -0.381622 3.84176 22 135 2843 2842 1 5.31422 5.31422 148 
-4.87308 -5 -2.24852 -0.330964 0.389331 0.00200992 3.70788 22 136 5057 5030 1 1.04764 1.04764 79 
-4.77616 1.99793 -5 -0.525943 0.131375 1.99806 3.65965 22 137 1124 1 1 7.94366 7.94366 130 
4.37367 -5 -1.98968 -0.117921 0.334295 -0.368051 3.70036 22 138 1360 1321 1 1.68567 1.68567 44 
1.97901 2.12173 -5 -0.058225 0.261614 1.01031 3.65965 22 139 1565 1 1 4.46436 4.46436 60 
-3.47605 -5 -2.12404 -0.171583 0.266956 -0.0502897 3.71794 22 140 2258 2257 1 1.48588 1.48588 79 
4.66358 2.05434 -5 0.093378 0.432656 1.30786 3.65904 22 141 1333 1 1 6.70461 6.70461 133 
-2.70363 -5 -1.54906 -0.373104 0.261218 0.204426 3.68549 22 142 2123 2122 1 52.5999 52.5999 523 
1.11101 -5 -3.17692 -0.0450962 0.169044 1.20143 3.66061 22 143 3439 3066 1 5.38467 5.38467 88 
-0.652624 -1.75194 -5 -2.15412 0.977656 2.86715 3.68426 22 144 10156 10155 1 0 0 5 
3.00341 -5 -4.16097 -0.388728 0.0860805 0.685328 3.66113 22 145 7606 7174 1 11.0633 11.0633 101 
-1.54261 -2.69741 5 -3.10239 2.27774 -3.84522 3.75965 22 146 17383 17344 1 0 0 1 
3.55746 -5 -0.199973 -0.349895 0.336376 -0.159826 3.71452 22 147 5456 5412 1 2.20336 2.20336 58 
5 -2.17824 -0.206888 -0.397946 0.272034 -0.169578 3.6994 22 148 10459 10438 1 0.0250117 0.0250117 7 
-1.26718 -4.12833 5 -0.323367 0.1551 -0.159076 3.82849 22 149 7683 7678 1 15.7727 15.7727 182 
-4.36508 -0.0364665 5 -1.57164 0.161514 -2.44597 3.88282 22 150 2089 2088 1 8.01489 8.01489 259 
0.404127 -3.24626 -5 -0.313173 0.0967971 0.1837 3.68593 22 151 6677 6412 1 0 0 3 
0.255235 -5 3.22616 -0.341311 0.151409 0.348858 3.72344 22 152 1237 1235 1 3.02027 3.02027 124 
2.0406 -2.98972 -5 -1.06892 1.67613 3.47524 3.66559 22 153 2821 2253 1 1.88559 1.88559 36 
4.26816 -1.34205 -5 -11.1221 8.22055 203.376 3.65284 11 154 1 0 1 45.1238 45.1238 504 
2.4528 -5 -2.30519 -1.24788 2.05066 7.11189 3.6662 22 155 1391 1 1 14.3769 14.3769 129 
5 2.89552 -2.0425 -2.03852 0.923976 -0.487636 3.6943 22 156 4499 4477 1 9.23326 9.23326 178 
5 1.64387 4.90722 -0.0220801 -0.00881025 -0.0179381 3.7067 22 157 10885 10872 1 0.0296532 0.0296532 16 
5 2.6984 3.40919 -9.46352 -4.0933 2.94311 3.70545 22 158 22138 22106 1 0 0 3 
4.61253 -5 4.20818 2.3547 2.042 3.08704 3.71444 22 159 1818 1817 1 2.58857 2.58857 84 
2.40089 0.0538849 -5 0.198943 8.22886 0.934759 3.6732 11 160 9906 6492 1 1.31155 1.31155 36 
4.97726 2.52646 5 0.000472133 -0.0054194 -0.625242 3.79773 22 161 5660 5659 1 12.466 12.466 170 
0.0639127 -2.70471 5 -0.192774 0.403664 -0.247009 3.81473 22 162 28121 28118 1 0.932733 0.932733 31 
3.0066 -5 -2.11706 -0.252265 0.29951 -0.328293 3.93916 22 163 7865 7835 1 4.99139 4.99139 59 
1.21465 -5 -4.1945 -0.113487 0.493112 0.071281 3.67494 22 164 10723 10689 1 10.4319 10.4319 220 
5 -0.574712 -0.367979 -0.300832 0.39041 0.134907 3.69058 22 165 17069 17068 1 5.40076 5.40076 109 
0.333806 -5 -4.85663 -0.236723 0.439438 0.109436 3.73725 22 167 6792 6791 1 0.0534369 0.0534369 7 
-4.70232 4.91951 -5 -0.359285 0.131295 1.08377 3.66243 22 168 2744 1 1 9.59529 9.59529 150 
4.68645 -5 2.1716 -0.230826 0.11599 0.238332 3.7467 22 169 13019 13018 1 7.97862 7.97862 93 
5 1.64652 -3.5298 -0.33347 0.152287 -0.0417992 3.66931 22 170 5736 5647 1 2.76022 2.76022 64 
5 -3.69668 -3.37679 -0.289146 0.110843 -0.406483 3.87257 22 171 5276 5274 1 0.719087 0.719087 67 
-3.11637 -4.58203 -5 -5.64576 2.99737 31.234 3.65419 11 172 2819 2637 1 98.1235 98.1235 671 
4.18395 -3.86558 5 -0.0582414 1.4753 -1.42594 3.92332 22 173 3402 3331 1 0 0 6 
0.102853 -5 0.229875 -0.294368 0.308893 0.240875 3.752 22 174 10400 10399 1 0 0 4 
3.29324 1.41579 5 0.0687293 0.683428 -3.44791 3.84146 22 175 1661 1637 1 30.7451 30.7451 176 
5 0.368425 -0.58164 -0.192189 0.52084 0.285632 3.70655 22 176 6961 6929 1 0.188699 0.188699 23 
5 -3.77778 -0.62982 -0.272068 0.432382 0.0120395 3.7652 22 177 1288 1287 1 0.297578 0.297578 28 
2.29083 -3.39009 5 -0.252411 0.433478 -0.0974945 3.75929 22 178 2332 2319 1 0.324973 0.324973 5 
3.1713 -2.49608 -5 -0.418418 0.892217 1.5435 3.66202 22 179 2502 1 1 8.21738 8.21738 29 
-4.10143 1.55547 5 -0.348585 0.237609 -0.288358 3.82939 22 180 7684 7683 1 5.38926 5.38926 70 
5 0.264565 1.63559 -7.76313 1.47657 8.13248 3.70254 22 181 4405 4280 1 0 0 9 
4.11646 -5 -0.753208 -0.321529 0.389363 0.0783313 3.72327 22 182 8707 8704 1 0.18928 0.18928 9 
4.96483 -5 -1.43716 -0.488621 0.145891 -0.0329454 3.69482 22 183 2719 2718 1 4.61131 4.61131 184 
-0.711636 -4.51973 5 -0.353369 0.123822 -0.362887 3.76818 22 184 5109 5108 1 3.80435 3.80435 47 
3.28363 2.65547 -5 -0.171946 0.303279 0.292955 3.6757 22 185 11656 6527 1 0 0 7 
5 2.42241 0.737938 -0.426299 0.13396 0.0652268 3.6909 22 186 1170 1 1 10.0176 10.0176 138 
5 0.829862 -3.66642 -0.35457 -0.139614 0.210369 3.68786 22 187 9842 9841 1 0 0 2 
1.57451 0.127411 5 -0.403644 -0.00982107 -1.16132 3.84592 22 188 1110 1109 1 17.9511 17.9511 243 
4.60871 -2.0609 -5 -0.230237 1.15292 0.658444 3.69985 22 189 26157 26070 1 0.296969 0.296969 5 
2.73503 -5 0.885006 -0.213737 0.12181 0.216218 3.69126 22 190 4862 4612 1 10.6572 10.6572 74 
5 3.55839 3.86313 -0.267493 0.287911 -0.236282 3.81871 22 191 1467 1432 1 0.421963 0.421963 19 
3.27266 -5 0.994526 -0.918306 10.5415 19.3354 3.67735 -11 192 1192 1191 1 6.12385 6.12385 124 
3.24693 -5 -2.61187 -2.43909 0.790139 -0.609078 3.68922 11 193 18106 17919 1 4.84745 4.84745 76 
-5 3.71846 4.33511 0.2157 -0.127468 0.0697037 3.75174 22 194 1089 1 1 2.747 2.747 41 
5 -2.02335 3.94454 -5.82967 3.24312 2.32476 3.72633 22 195 1001 1 1 0.333396 0.333396 6 
5 -0.630357 1.26448 -0.243875 -0.0534448 0.108784 3.70004 22 196 16616 16058 1 0.196499 0.196499 30 
2.83653 -4.43185 -5 -0.689109 -0.110373 3.40084 3.65649 22 197 1310 1 1 1.46271 1.46271 51 
-4.16993 -4.28083 5 -0.496916 -0.0633865 -0.100878 3.81518 22 198 6925 6924 1 11.4755 11.4755 141 
5 3.73889 0.11306 -0.0819886 0.308408 0.725444 3.68567 22 199 1245 1 1 1.30404 1.30404 43 
-4.92145 -5 -0.25707 -0.165101 0.123221 -0.148721 3.87039 22 200 32268 32127 1 0 0 1 
5 3.65635 1.30776 -0.431896 0.197447 0.18868 3.7868 22 201 3818 3816 1 0.478334 0.478334 62 
5 4.34376 3.87027 -1.56398 2.40795 7.91269 3.6891 22 202 4954 4852 1 17.4109 17.4109 168 
4.27743 -5 -2.67219 4.508 0.385892 -2.02889 3.67428 11 203 2670 2669 1 20.5958 20.5958 390 
1.67112 -5 4.31098 -0.300861 0.361873 0.199124 3.79684 22 204 36094 36093 1 0 0 1 
5 -0.972437 3.44866 -0.296416 0.723938 1.04794 3.70086 22 205 9411 9102 1 0.265184 0.265184 32 
4.56512 -1.42141 5 -0.28386 0.131525 -0.849033 3.8351 22 206 22415 22353 1 5.48934 5.48934 81 
2.46786 -5 -3.26453 -0.449223 0.242617 -0.0213357 3.68246 22 207 1106 1105 1 9.11411 9.11411 71 
5 -0.417627 -4.6645 -0.157635 0.392716 -0.286435 4.10112 22 208 10041 10039 1 0 0 7 
1.20098 -2.30325 5 0.0316216 0.360945 -0.360331 3.73877 22 209 6002 6001 1 4.6716 4.6716 105 
2.06608 -5 -0.865233 -0.270122 0.113871 -0.139378 3.73989 22 210 5855 5854 1 0.356177 0.356177 55 
5 -4.88507 1.93002 -0.0840813 -0.026605 0.200485 3.68396 22 211 5584 5563 1 0 0 4 
3.99621 -5 3.4985 -0.0239873 0.141941 -0.123805 3.73185 22 212 2697 2696 1 13.922 13.922 176 
3.61848 -5 -0.581716 -0.270314 0.430878 2.8336 3.67034 22 213 2158 1337 1 0.487674 0.487674 36 
2.47241 -1.71214 -5 8.85469 1.41987 87.913 3.65259 11 214 1 0 1 97.6744 97.6744 750 
5 -3.84363 -1.21154 -0.152362 1.21257 4.50412 3.71719 11 215 1 0 1 2.17477 2.17477 27 
0.549204 0.0929608 5 -0.0374748 0.0789516 -0.351886 3.9562 22 216 4710 4709 1 5.5081 5.5081 155 
3.84238 -5 1.08071 0.0948695 1.06998 -0.506419 3.76084 22 217 1001 1 1 7.09396 7.09396 88 
0.866757 -3.38196 -5 -0.586457 0.50785 1.74412 3.6618 22 218 2746 1 1 0.543555 0.543555 12 
-0.506198 -5 -1.67856 -1.01091 0.950849 -0.191521 3.70362 22 219 8453 8299 1 1.75995 1.75995 44 
-4.27497 -5 -1.5591 -0.204314 0.336966 -0.00565684 3.74277 22 220 7408 7378 1 0.832635 0.832635 99 
5 -3.04348 -2.05054 -0.420692 -0.225493 -0.0108653 3.94003 22 221 22454 22452 1 0 0 2 
5 -2.47946 2.21391 -0.296427 0.00990822 0.137632 3.70965 22 222 4400 4399 1 5.88867 5.88867 98 
5 -1.77867 1.15401 -0.101431 0.112711 -0.352492 3.85033 22 223 6539 6408 1 11.6048 11.6048 117 
2.51453 -4.50899 -5 -1.00476 -8.93878 279.698 3.65271 11 224 1 0 1 153.878 153.878 1178 
-3.05349 -5 2.42865 -0.270965 0.0294827 -0.10634 3.7621 22 225 11796 11077 1 5.11407 5.11407 52 
-4.14524 -4.58227 5 -1.32378 -0.410353 -1.74784 3.82489 22 226 1675 1574 1 10.1049 10.1049 124 
-4.55362 0.686996 5 -0.191078 0.337588 -0.873051 4.11426 22 227 7919 7918 1 0 0 3 
4.66167 -5 -4.56092 -0.0189226 0.449168 0.242919 3.70525 22 228 3425 3424 1 9.96117 9.96117 228 
5 0.503942 -0.645663 -0.210362 0.382797 1.0683 3.67841 22 229 3286 1 1 1.70091 1.70091 17 
-0.0847256 -1.72869 -5 -0.0387389 0.724919 0.554612 3.67324 22 230 28319 28314 1 2.34964 2.34964 8 
3.94948 -5 2.04632 -0.811685 1.15582 -1.79898 3.8232 22 231 5858 5821 1 1.35002 1.35002 82 
3.41663 -5 -3.6651 0.0172694 0.185391 0.0160659 3.68452 22 232 2187 2186 1 6.88403 6.88403 159 
5 -1.2498 2.12141 -0.245651 0.191316 -0.237714 3.91938 22 233 2416 2415 1 1.14225 1.14225 73 
4.16151 5 -0.606079 0.0115952 -0.0367388 0.17914 3.74734 22 234 12121 12120 1 2.98249 2.98249 54 
2.18354 -3.75476 5 -0.0578866 0.124225 -0.492278 3.94841 22 235 2051 2049 1 15.7057 15.7057 214 
-2.49253 -5 3.33512 0.0324052 0.0758556 0.131278 3.81252 22 236 2786 1873 1 0 0 4 
2.36905 -3.36727 -5 0.0468205 0.0158169 0.151133 3.66548 22 237 16939 16851 1 5.07637 5.07637 93 
5 -0.286512 3.89951 -0.807548 -1.81106 3.36453 3.69723 11 238 1 0 1 3.09848 3.09848 10 
5 -4.42019 2.5196 -1.43927 0.582569 -0.465205 3.75291 22 239 6290 6238 1 0.146813 0.146813 13 
5 -2.48704 3.96962 -0.163401 0.0658039 -0.117753 3.80546 22 240 4434 3905 1 29.1265 29.1265 295 
2.95991 -5 3.89443 0.0872369 0.195892 -0.0958421 3.7703 22 241 4598 4542 1 0.51079 0.51079 27 
5 2.6679 1.25568 -0.291007 0.775307 4.36553 3.67615 22 242 5124 4745 1 4.73226 4.73226 52 
3.02992 -2.65523 -5 -0.131933 0.221896 0.20888 3.66056 22 243 9274 9016 1 3.60939 3.60939 103 
-0.338244 -5 -4.27683 -0.377106 0.15282 -0.0238642 3.76722 22 244 17496 17470 1 0.586446 0.586446 15 
-1.76943 1.83936 -5 0.000625765 0.0630671 0.436754 3.65451 22 245 1576 1 1 18.0135 18.0135 160 
2.52979 -2.30145 5 -0.531112 -0.00955529 -1.07559 3.93031 22 246 12885 12829 1 5.12597 5.12597 24 
0.102933 -5 -1.02877 -0.329792 0.940046 1.32336 3.6723 22 247 2309 1 1 17.566 17.566 171 
-4.6015 -5 1.43371 -0.32828 0.400491 0.155131 3.70154 22 248 4412 4251 1 4.51401 4.51401 83 
3.31538 4.31374 -5 -5.53463 9.81402 4.87677 3.66848 -11 249 1221 1220 1 29.5874 29.5874 160 
3.82991 -5 4.78676 -0.974827 1.79648 0.913715 3.73185 22 250 3382 3338 1 0 0 7 
-1.22153 -0.200452 5 -0.025507 -0.0208552 -0.176424 3.81673 22 251 25431 25430 1 0.416956 0.416956 38 
3.99328 -5 2.75661 0.0348076 0.394424 0.283014 3.69749 22 252 2354 2319 1 13.4952 13.4952 161 
5 3.81843 2.73322 -0.376309 0.33011 0.558036 3.69947 22 253 6713 1 1 0.421062 0.421062 65 
2.29952 -2.80171 5 -0.279211 0.0142554 -0.427735 3.92207 22 254 9626 9625 1 0 0 2 
5 3.61501 2.7729 -0.215849 1.51935 2.1715 3.68887 22 255 1819 1 1 3.4576 3.4576 52 
5 -4.58026 2.38571 -0.297888 0.142393 0.717307 3.68502 22 256 1443 1441 1 12.0099 12.0099 153 
0.99608 -5 0.907203 0.0458611 0.55536 0.159119 3.72295 22 257 12083 12027 1 0 0 5 
5 -4.93856 -1.77269 -1.79857 2.30905 9.78296 3.66416 -11 258 4684 4683 1 49.8525 49.8525 424 
-1.52802 -0.334617 -5 -12.3157 5.09126 583.051 3.65254 11 259 1 0 1 152.273 152.273 1302 
5 4.65395 1.9929 -0.102475 0.146677 0.274139 3.68583 22 261 9371 9291 1 27.869 27.869 441 
-4.59102 -5 0.25307 -0.337747 0.286365 0.00251418 3.76453 22 262 1628 1627 1 1.08966 1.08966 73 
5 0.17062 -2.30935 -0.318339 -0.113524 0.383265 3.69917 22 263 11157 11156 1 7.08551 7.08551 41 
-4.63843 1.56677 -5 -0.0925907 -0.254324 0.209267 3.78798 11 264 1877 1857 1 0.103953 0.103953 3 
5 -4.55367 1.6952 -0.480945 -0.0778911 0.154092 3.73923 22 265 3261 3260 1 1.07401 1.07401 55 
-4.45564 0.411216 5 -0.279978 -0.13394 -0.411579 3.90155 22 266 2469 2468 1 6.67327 6.67327 74 
4.6541 -5 -0.404994 -0.214568 0.276868 0.372054 3.68417 22 267 6847 6846 1 5.33493 5.33493 27 
5 3.94335 -0.514867 -0.356329 0.274328 0.217608 3.67165 22 268 1549 1076 1 71.7524 71.7524 695 
-1.36015 -2.15251 5 0.120685 0.195384 -0.456487 3.73539 22 269 18816 18792 1 0.634573 0.634573 24 
-1.97619 -5 0.992798 -0.0342278 0.0455166 0.602502 3.67295 22 270 10389 10151 1 26.9399 26.9399 217 
-2.02575 -5 -1.13092 -1.97818 15.1213 -4.39497 3.72241 22 271 11516 11503 1 3.36395 3.36395 53 
5 3.00352 4.41897 -0.207302 0.186351 -0.0588111 3.73099 22 272 5157 1 1 9.85307 9.85307 140 
3.78197 -5 -4.3436 0.199836 0.327376 0.148332 3.69788 11 273 1499 1475 1 17.669 17.669 202 
5 -1.57345 -0.938857 -0.140406 0.325585 0.209667 3.6874 22 274 8112 5673 1 0.74745 0.74745 89 
4.51655 -4.7923 5 -0.0513998 -0.00317801 -0.128252 3.70785 22 275 1143 1142 1 0.743995 0.743995 63 
-0.0414178 -2.64275 5 -0.223563 0.357902 -0.288176 3.95115 22 276 6064 6063 1 6.1576 6.1576 50 
0.572127 -5 2.83057 0.092476 0.208066 -0.110946 3.85253 22 277 7185 7097 1 3.05503 3.05503 76 
-2.96624 -5 2.85347 -0.298802 0.327875 -0.253644 3.75412 22 278 5808 5773 1 0.883974 0.883974 45 
-4.88203 1.49861 5 -0.0760301 0.862447 -0.218275 3.83135 22 279 1921 1865 1 0.404273 0.404273 32 
-0.0436288 -5 -1.85888 -0.00490258 0.423887 -0.285334 3.76053 22 280 10591 10573 1 0.14487 0.14487 10 
-4.40178 -1.60274 -5 -0.481876 0.403164 0.56374 3.66744 22 281 4174 4120 1 15.414 15.414 153 
5 -2.3301 -0.0582047 -0.457135 0.095092 0.207618 3.7001 22 282 8942 8941 1 5.95715 5.95715 125 
-2.33486 -5 1.88187 -0.311225 0.404496 0.025331 3.71601 22 283 7846 7813 1 0.985407 0.985407 5 
0.0914607 -5 -1.89568 4.81147 1.34946 1.61315 3.70514 11 284 9858 7438 1 5.02328 5.02328 86 
5 1.51953 0.512954 -0.122902 0.189115 0.203422 3.70054 22 285 8869 8868 1 2.85597 2.85597 34 
-4.19733 4.12352 -5 0.159109 0.827601 1.39477 3.67001 22 286 7956 7780 1 16.2986 16.2986 192 
2.76047 -0.343181 -5 -0.350495 1.20234 0.919642 3.67522 22 287 5088 4808 1 2.58662 2.58662 38 
0.724917 -5 -2.51499 -1.04589 1.8092 1.59434 3.68779 22 288 15651 15648 1 0 0 2 
3.41421 -5 3.40116 0.0923464 0.133477 0.11803 3.70759 22 289 2040 2039 1 0.559529 0.559529 36 
0.980435 -5 2.09157 -0.0533283 0.508159 -0.00707887 3.75557 22 290 2194 2170 1 2.28472 2.28472 115 
4.15572 2.83012 -5 -0.0885756 0.520518 0.513271 3.67841 22 291 4731 1 1 0.199683 0.199683 31 
-2.73778 2.12192 5 -0.663216 0.231987 -2.15733 4.14511 22 292 12420 12417 1 0 0 6 
-4.03749 -3.75541 -5 -1.77704 0.957855 0.973654 3.69402 22 293 3516 3497 1 8.30288 8.30288 116 
2.22362 -1.3644 -5 -11.0435 18.7033 208.119 3.6528 11 294 1 0 1 144.186 144.186 1000 
5 0.228176 -4.53816 -10.3036 4.02099 5.24149 3.68183 11 295 10707 10572 1 9.95001 9.95001 21 
2.66857 -4.35694 -5 -2.54404 1.492 16.6448 3.65503 22 296 3255 1 1 14.6501 14.6501 176 
-1.5622 1.27739 5 -0.337125 0.292512 -0.248805 3.80387 22 297 2503 2483 1 5.88539 5.88539 110 
-1.5389 -5 -0.437944 -0.0486838 0.022669 -0.181869 3.79278 22 298 2784 2734 1 7.78914 7.78914 78 
4.54162 -5 -0.395429 -0.374834 0.244712 -0.154324 3.71908 22 299 2070 2069 1 0.456112 0.456112 31 
2.51421 -5 4.86086 -0.0204727 0.311132 0.404843 3.73509 22 300 2324 2288 1 1.33909 1.33909 35 
1.77589 -2.15396 -5 -2.80016 2.06466 11.5232 3.65934 -11 301 15184 15183 1 25.245 25.245 307 
-1.05311 -4.77017 -5 0.112347 0.141592 0.423017 3.66507 22 302 5107 4946 1 4.14137 4.14137 77 
5 -1.93576 -3.51485 -0.140606 0.0912606 0.01556 3.68508 22 303 3375 3212 1 0.87199 0.87199 44 
1.89684 0.0174222 -5 -0.40913 0.900352 1.13053 3.67058 22 304 1807 1805 1 5.97593 5.97593 154 
-1.19274 1.76058 5 -0.0459652 0.0133631 -0.284695 3.97597 22 305 27633 27632 1 0.28828 0.28828 29 
5 -1.99726 -3.83225 -10.745 -2.27027 20.7731 3.6711 11 306 1 0 1 5.44116 5.44116 117 
5 0.0897712 2.34942 -0.771937 0.559534 0.519292 3.69979 22 307 2628 2627 1 3.34084 3.34084 104 
0.875681 2.01287 5 -0.2115 0.373298 -0.277554 3.82163 22 308 4562 4561 1 5.87373 5.87373 38 
-0.468723 1.53036 5 -0.229702 0.190859 -0.367494 3.84915 22 309 7125 7124 1 0 0 4 
5 -0.671231 -1.60959 -0.0796134 -0.0945325 -0.0545801 3.69886 22 310 13637 13451 1 0.216941 0.216941 25 
5 3.19046 0.581564 -0.814745 1.2582 -0.0527049 3.74337 22 311 11613 11584 1 4.44225 4.44225 29 
3.86342 -5 2.38369 -0.247549 0.142179 -0.423821 3.74412 22 312 6258 6237 1 0.385937 0.385937 31 
4.92283 4.80141 -5 0.90555 1.19401 3.80682 3.66 22 313 1295 1 1 60.7042 60.7042 482 
0.517906 4.62263 5 -0.149146 0.33874 -0.415682 3.91177 22 314 2269 2258 1 0 0 3 
5 0.861352 1.38869 -0.157861 0.241592 2.78089 3.67501 22 315 1750 1452 1 13.7798 13.7798 129 
5 -1.14744 -0.177013 -0.38171 0.338732 0.0260385 3.74005 22 316 2509 2507 1 0.397137 0.397137 25 
3.81214 -5 3.8387 -0.232572 1.54854 -1.80945 3.86568 22 317 3468 3417 1 1.77804 1.77804 49 
-0.215697 -5 -2.90472 -0.190337 0.34837 -0.321761 3.74428 22 318 15373 15356 1 0.565342 0.565342 59 
-4.19192 5 -0.451259 0.0292426 -0.204174 0.0053024 4.03658 22 319 10049 9963 1 0.176661 0.176661 16 
5 1.3473 -4.80832 -0.45685 0.0811586 -0.214059 3.71591 22 320 11345 11344 1 21.6474 21.6474 191 
5 4.30224 3.97973 -3.32473 6.45099 4.54912 3.69463 -11 321 3085 3084 1 0.300448 0.300448 4 
5 1.59977 3.76366 -0.161058 0.156185 0.337087 3.70266 22 322 8324 8290 1 0 0 3 
1.3592 -5 1.16921 -5.64622 6.77773 20.4864 3.67792 11 323 1 0 1 2.85724 2.85724 122 
-1.42194 -5 -2.73301 -1.62319 2.49404 -1.27251 3.70296 22 324 5765 5745 1 4.23516 4.23516 74 
-3.60859 -4.35415 5 -0.159754 0.262395 -0.177328 3.79537 22 325 2480 2434 1 0.083416 0.083416 12 
2.27739 2.73168 -5 -5.23548 3.81136 8.37061 3.66087 11 326 2121 1830 1 23.1267 23.1267 66 
5 -2.78463 -1.07554 -0.0197889 0.165499 0.432762 3.67173 22 327 2701 2512 1 1.71522 1.71522 45 
4.54238 -3.37192 -5 -0.550878 0.18197 0.927756 3.66475 22 328 17928 17896 1 1.22663 1.22663 41 
5 -2.66627 -1.03361 -1.66897 1.02273 1.05316 3.71554 22 329 23189 23125 1 1.59478 1.59478 55 
5 -2.22074 -1.41289 -0.0500263 -0.14615 -0.487091 3.67818 22 330 13738 13737 1 31.031 31.031 338 
5 -2.84575 -1.96478 -0.472926 0.683094 2.88339 3.6699 22 331 1429 1 1 1.6316 1.6316 97 
5 0.66323 4.49819 -0.204639 2.02852 12.1254 3.68954 -11 332 1367 1366 1 26.74 26.74 265 
4.48953 -5 -4.67238 -0.0332936 0.241119 2.83791 3.65411 22 333 1711 1257 1 33.2321 33.2321 260 
3.3484 -5 0.94416 -0.18733 0.263999 0.0262034 3.70557 22 334 5285 5284 1 30.7523 30.7523 395 
5 -0.821517 -4.95504 -0.431625 0.149704 0.120067 3.68285 22 335 12877 12788 1 2.7731 2.7731 30 
-4.71048 4.98951 5 -0.264699 -0.176454 -1.9379 4.18126 22 336 2971 2900 1 0.629349 0.629349 45 
-5 2.86019 -3.07017 0.99314 0.809616 -1.42919 3.82918 22 337 8138 8137 1 0 0 4 
-4.55398 0.646695 -5 -1.00063 0.417039 2.96648 3.66023 22 338 1267 1110 1 17.6512 17.6512 228 
5 -2.87124 1.78321 -0.213383 0.434721 0.179508 3.68043 22 339 15968 15651 1 1.93163 1.93163 80 
5 -0.821948 -1.11639 -8.01472 4.38052 7.53901 3.68281 11 340 1 0 1 18.8128 18.8128 148 
3.49026 -5 1.43511 -0.196252 0.183585 -0.00600759 3.71233 22 341 1244 1 1 0.551618 0.551618 55 
2.47325 -5 2.80969 -1.44655 4.49806 12.3648 3.6787 11 342 1996 1973 1 37.8928 37.8928 337 
-1.73084 -5 -3.04888 -4.80667 3.85534 3.50309 3.70469 22 343 18541 18539 1 0.21467 0.21467 23 
5 -4.14466 -3.94233 -0.305699 -0.303128 0.275284 3.69867 22 344 4917 4883 1 8.71858 8.71858 41 
4.34811 3.68665 -5 -0.32791 0.461856 0.81358 3.67408 22 345 1938 1 1 6.12061 6.12061 74 
-0.00524413 -5 4.25445 0.598605 6.41581 25.0475 3.68799 -11 346 3462 3461 1 16.4888 16.4888 161 
-3.02258 3.8526 5 -0.109108 0.0566529 -0.23466 3.93591 22 347 7174 7137 1 2.89754 2.89754 98 
5 1.01865 -2.30807 -0.237786 0.0240256 -0.13169 3.95539 22 348 11467 11418 1 0.490905 0.490905 71 
5 -3.34977 -3.53167 -0.159171 -0.299162 0.117194 3.67269 22 349 1327 1304 1 22.6056 22.6056 285 
-0.387831 -1.80178 5 -0.173883 0.296093 -0.378436 3.78959 22 350 1360 1359 1 0.458015 0.458015 30 
4.30887 -1.62118 5 -0.0932375 -0.00892318 -0.314028 3.88588 22 351 1065 1 1 16.1815 16.1815 136 
0.964336 -4.46748 5 -0.35574 0.14053 -0.338851 3.821 22 352 9616 9615 1 0.87174 0.87174 22 
-2.77052 -5 3.11987 -0.455007 0.225328 -0.0575795 3.70519 22 353 29802 29801 1 0.328433 0.328433 25 
5 1.90733 -1.76949 -0.177718 0.248212 -0.409789 3.89763 22 354 11299 11281 1 0.351234 0.351234 58 
0.981685 -5 -2.33112 -8.86843 5.54756 18.5739 3.67079 22 355 6251 6074 1 2.11065 2.11065 26 
-0.583205 -5 -3.10349 -0.00267875 0.505311 -0.0759819 3.67733 22 356 6017 6016 1 0.0257447 0.0257447 2 
5 -0.12823 -4.02431 -0.118137 0.0516201 -0.494468 3.91286 22 357 11919 11918 1 0.268665 0.268665 13 
-0.16188 1.94074 -5 -0.520961 0.559565 2.20689 3.66174 22 358 2452 2450 1 12.8926 12.8926 216 
-2.20392 -4.64646 5 0.137315 0.170735 -0.0944144 3.72836 22 359 1001 1 1 0.424879 0.424879 54 
-3.50903 -5 0.0998292 -0.544367 0.348001 0.805336 3.68694 22 360 5403 5339 1 0.42117 0.42117 48 
-4.91189 4.54237 5 -0.10881 0.0368186 -0.430761 3.94432 22 361 6178 6148 1 57.6864 57.6864 451 
5 -3.73303 -3.76443 -0.843493 3.33083 0.523109 3.67556 22 362 11437 11374 1 0.726041 0.726041 11 
3.77887 -5 4.6666 -0.295809 0.409963 -0.0744817 3.73301 22 363 10198 10143 1 1.15197 1.15197 45 
5 -2.03731 0.025636 -0.256019 0.0544237 -0.438876 3.71455 22 364 9263 9232 1 0.143988 0.143988 15 
1.6441 -5 2.70959 -0.330022 0.282121 0.575193 3.68736 22 365 3309 1 1 3.50693 3.50693 56 
-5 4.25092 0.804051 0.0201517 0.143242 -0.0479624 3.81146 22 366 22786 22664 1 0.267885 0.267885 23 
2.98494 -5 1.96298 -0.172426 0.0654618 -0.131735 3.75052 22 367 34493 34492 1 0.454092 0.454092 58 
5 -2.53807 -4.75521 -0.222762 0.260802 0.000102876 3.69902 22 368 11197 11156 1 0.678122 0.678122 8 
-4.80054 -5 2.79772 -0.213516 0.157546 -0.116172 4.05163 22 369 12771 12770 1 4.99861 4.99861 50 
-0.373773 0.456854 -5 -0.8532 1.12821 0.929548 3.73477 22 370 44719 44698 1 0 0 2 
2.99531 4.14597 5 -0.0609011 0.321414 -0.39256 3.82625 22 371 4991 4963 1 5.94982 5.94982 88 
5 -1.32595 -0.45371 -1.64809 7.19797 1.19193 3.67326 -11 372 5936 5935 1 10.5111 10.5111 71 
-4.12795 -5 2.16446 -0.195906 0.423646 0.208002 3.69748 22 373 3678 3647 1 2.02858 2.02858 66 
5 -1.99791 2.70991 -5.30314 1.74351 4.42002 3.69732 22 374 7943 7942 1 5.79609 5.79609 58 
3.8004 0.202612 5 -0.264824 0.0975876 -0.114152 3.74595 22 375 8166 6918 1 0 0 7 
5 -3.69094 -2.65156 -3.17037 -2.90766 3.20136 3.67448 11 376 2765 1413 1 14.2054 14.2054 296 
3.73372 -5 -3.47553 -0.280704 0.67587 -0.189005 3.7058 22 377 5999 5910 1 5.06746 5.06746 35 
5 1.99616 4.31429 -0.145018 0.0276689 0.267929 3.71785 22 378 6721 6720 1 1.05742 1.05742 86 
4.46345 -3.14368 -5 -13.8028 -14.7708 26.0622 3.65417 11 379 1 0 1 6.47703 6.47703 53 
1.6906 -5 0.298383 -0.251893 0.220144 0.191614 3.71738 22 380 4507 1 1 0.56364 0.56364 48 
2.05308 -0.662459 -5 0.173002 6.91931 90.3416 3.65279 11 381 1 0 1 190.693 190.693 1280 
4.04487 1.3976 5 -0.0282082 0.66058 -0.189606 3.75859 22 382 10941 10888 1 29.9834 29.9834 134 
5 -0.761242 3.23575 -1.28287 0.90401 -3.94802 3.88049 22 383 3887 3829 1 0.022507 0.022507 9 
4.62785 -5 0.809242 0.0866462 0.273397 0.422926 3.6848 22 384 1696 1695 1 7.50059 7.50059 37 
-1.108 4.47314 5 -0.160594 -0.0283832 -0.362045 3.87032 22 385 1002 1 1 0 0 4 
-1.65698 -4.99851 -5 -0.531943 0.114966 0.570871 3.66561 22 386 7614 7537 1 12.3994 12.3994 187 
-0.493805 -5 -4.91791 -0.0590848 0.115369 -0.494286 3.72392 22 387 9576 9574 1 5.50794 5.50794 85 
-5 -4.55554 3.95935 0.0622097 -0.0283935 -0.263961 4.15167 22 388 2709 2676 1 25.5696 25.5696 215 
1.88907 -5 4.04164 -0.205293 0.398216 -0.155524 3.73265 22 389 5603 5579 1 8.44546 8.44546 139 
2.90473 3.64194 5 -0.133075 0.214515 -0.444291 4.33301 22 390 8251 8250 1 0 0 2 
5 -4.92442 4.42278 -0.129223 0.15613 -0.0707918 3.73524 22 391 11691 10895 1 0.444991 0.444991 40 
3.63964 -5 3.07538 0.527119 0.614854 0.946075 3.69077 22 392 1273 1 1 8.35635 8.35635 104 
1.85348 -5 -0.337081 -2.2514 4.1796 3.45752 3.70658 22 393 7131 7048 1 0 0 7 
5 4.85162 4.95644 -0.747625 0.305098 1.02496 3.736 11 394 5072 5056 1 7.17947 7.17947 29 
0.327214 -5 -3.9948 0.0629745 0.341801 0.0324632 3.66574 22 395 8716 8500 1 23.0472 23.0472 180 
-4.54933 0.0948182 5 -0.204682 0.281112 -0.305677 3.831 22 396 4651 4650 1 5.96775 5.96775 45 
0.246622 -5 2.53484 -0.277131 0.298093 -0.308965 3.76482 22 397 15418 15390 1 0.257481 0.257481 28 
5 -2.25556 1.87062 -0.136212 0.114515 0.0748511 3.71417 22 398 2552 2551 1 0.0477276 0.0477276 18 
-5 -1.67998 -2.63337 2.66476 1.88089 3.4021 3.80787 11 399 13114 12831 1 4.50626 4.50626 5 
5 4.43193 4.11392 -0.477304 0.177945 0.040449 3.70411 22 400 1605 1604 1 0.140442 0.140442 11 
5 -3.46935 -3.43346 -0.218883 0.256036 -0.260068 3.7249 22 401 4336 4274 1 2.70233 2.70233 38 
5 4.65715 -2.47929 -0.1977 0.471125 -0.00868736 3.75709 22 402 8778 8756 1 11.799 11.799 93 
5 2.48867 -0.169459 -0.310575 0.40469 -0.0298236 3.72891 22 403 5763 5762 1 1.14631 1.14631 41 
-2.33801 -2.98767 5 -0.187069 0.317654 -0.696215 3.91822 22 404 4088 4061 1 0.0369085 0.0369085 11 
-3.81893 -5 -1.23376 -0.634661 0.749597 0.845612 3.69528 22 405 11381 11247 1 0.813097 0.813097 36 
3.57207 -5 3.21704 -0.0577317 0.32402 -0.217384 3.82215 22 406 3157 3124 1 0.510625 0.510625 23 
2.39453 2.9424 5 -0.187349 0.253954 -0.401905 3.93001 22 407 1057 1025 1 1.52766 1.52766 104 
5 -1.7604 -0.48627 -10.9497 -0.485308 -0.683593 3.67324 -11 408 8000 7999 1 14.9695 14.9695 234 
3.79045 -4.15409 -5 -0.248733 -0.512081 16.538 3.65264 22 409 1278 1 1 116.723 116.723 850 
5 -3.91036 2.98272 -0.692923 0.075652 -0.227231 3.7204 22 410 2329 2328 1 12.2153 12.2153 196 
-0.00621628 -5 4.37068 -0.106848 0.191891 0.461391 3.70885 22 411 5706 5705 1 0.513948 0.513948 73 
-2.41242 -5 2.32489 -0.184898 0.283532 0.14802 3.70326 22 412 5585 5552 1 3.01305 3.01305 108 
-4.06832 0.816417 -5 -3.53322 0.768329 7.89731 3.66206 22 413 10635 10603 1 3.61469 3.61469 8 
-0.100728 -3.39724 5 -0.0395637 0.014969 -0.212649 3.79613 22 414 2393 2368 1 9.49696 9.49696 108 
5 -0.957264 -1.86388 -0.522654 1.82695 -2.18734 4.8177 22 415 4580 4477 1 0 0 2 
-3.48796 2.90945 5 -0.29539 0.17126 -0.606517 4.11429 22 416 4230 4229 1 0 0 1 
4.44077 -2.12058 -5 17.8633 31.1303 77.7722 3.65396 11 417 1 0 1 64.8749 64.8749 714 
1.91927 -1.74997 -5 0.814333 1.69778 3.92827 3.66073 22 418 1012 1 1 26.6128 26.6128 277 
0.0403739 -5 -0.731736 -0.296221 0.379079 0.172256 3.70885 22 419 2945 2944 1 0 0 7 
4.77182 -4.2802 -5 -2.27154 -4.10737 48.2982 3.65301 -11 420 1567 1566 1 57.9991 57.9991 609 
5 3.34583 0.882983 -0.286871 0.355431 0.229114 3.70965 22 421 5505 5504 1 17.7866 17.7866 125 
2.18443 -5 3.95795 -0.120727 0.141043 -0.0594309 3.80728 22 422 8019 8018 1 1.14437 1.14437 41 
-3.20392 -1.87707 5 -0.223178 0.0917353 -0.42079 4.12412 22 423 4216 4194 1 0.463147 0.463147 62 
1.62809 -5 2.8687 -0.352872 0.446818 0.0259092 3.70957 22 424 20132 20131 1 0 0 3 
5 0.953337 3.48156 -0.442581 -0.176389 0.184741 3.842 22 425 36085 36083 1 0.131672 0.131672 4 
3.65846 -4.37733 -5 -10.7153 -6.59419 40.8633 3.65611 11 426 1 0 1 10.479 10.479 143 
5 -3.26035 4.7723 -0.153336 0.41656 0.12427 3.7254 22 427 24828 24797 1 1.70658 1.70658 30 
-1.00875 -5 -0.61331 -0.13407 0.444121 0.214246 3.74141 22 428 27791 27788 1 0 0 1 
-0.190074 -4.47272 5 -0.210462 0.248786 -0.781078 3.92697 22 429 2760 2759 1 7.20267 7.20267 21 
4.70326 -2.27357 5 -0.365009 0.352763 -0.0587089 3.80214 22 430 10724 10723 1 0 0 3 
5 -2.31986 3.4585 -0.444963 0.744091 3.3505 3.6845 22 431 14366 13983 1 2.35087 2.35087 47 
4.05267 -0.807606 5 0.149975 0.290013 -0.39309 3.88782 22 432 8689 8670 1 0.40807 0.40807 40 
0.32442 -4.82629 -5 -1.25729 2.83592 69.1392 3.65269 -11 433 1124 1123 1 33.493 33.493 459 
5 -4.64932 4.42919 -0.6607 0.859798 0.233708 3.73309 22 434 7286 7237 1 0 0 6 
4.46211 -5 -1.34507 -0.103727 0.288525 0.579029 3.66704 22 435 2992 1 1 3.77124 3.77124 39 
5 -2.15123 3.81914 -1.61893 2.63065 0.180861 3.71547 22 436 4696 4695 1 5.06264 5.06264 69 
4.60017 5 2.61534 -1.81238 -0.431663 -0.266007 3.73292 22 437 18135 18108 1 0.22794 0.22794 43 
-2.24185 3.28282 -5 -5.23214 2.95833 7.21945 3.67248 22 438 10299 10154 1 0.837062 0.837062 93 
5 -1.1818 1.87437 -0.438382 0.247953 -0.0863712 3.74475 22 439 2040 2039 1 0.303438 0.303438 39 
-0.342371 4.35682 5 -0.17325 0.180646 -0.157342 3.81749 22 440 36559 36470 1 0 0 4 
1.86373 -3.04816 5 -0.1958 -0.246378 -0.543137 3.87625 22 441 6615 6612 1 0.671999 0.671999 64 
5 -3.4298 -3.95223 -0.279922 0.198035 0.0528963 3.70001 22 442 7221 7220 1 0.0296344 0.0296344 17 
4.36054 1.01208 -5 0.440973 0.675025 1.85524 3.66189 22 443 3253 3071 1 8.80415 8.80415 163 
-4.61632 -1.73073 -5 -0.172493 0.401785 0.161733 3.72915 22 444 1146 1123 1 0.510572 0.510572 32 
1.42762 -0.127793 -5 -0.0667364 0.304679 0.30595 3.67987 22 445 6572 6480 1 3.24643 3.24643 56 
3.62615 -5 2.50988 -0.603523 0.606241 0.0430329 3.72896 22 446 21964 21942 1 0.510605 0.510605 38 
-2.30382 -2.86028 -5 7.76903 -17.0733 785.725 3.65255 11 447 1 0 1 178.203 178.203 1308 
5 -4.83854 -1.36649 -1.62627 5.61716 -4.37584 3.67342 11 448 1 0 1 4.47891 4.47891 74 
4.42027 -2.85486 -5 0.139049 0.838377 1.48897 3.66031 22 449 1508 1 1 3.01203 3.01203 60 
-3.20459 -4.49813 -5 -0.101875 -0.12726 0.12157 3.74504 22 450 4075 4014 1 0.317174 0.317174 27 
4.55004 -5 -1.36333 -0.0918667 1.83852 3.03814 3.66918 22 451 5406 5349 1 38.9016 38.9016 338 
4.28725 -5 2.85863 -0.176935 1.09297 2.02056 3.72767 -11 452 1814 1813 1 2.60258 2.60258 67 
-2.69798 -5 3.53717 -0.0489865 0.224695 -0.169493 3.77287 22 453 30748 30747 1 0.807232 0.807232 7 
2.61773 -3.91766 -5 24.6738 9.72008 574.633 3.65259 11 454 1 0 1 149.916 149.916 1429 
0.793593 -2.01964 5 -0.289911 -0.0955263 -0.409812 3.73121 22 455 8370 8369 1 0.0575791 0.0575791 10 
5 3.05432 -2.5565 -0.473288 0.160019 -0.107295 3.70831 22 456 2248 2247 1 7.37986 7.37986 97 
5 2.5745 4.64068 -0.225955 0.100424 -0.44719 3.88423 22 457 2864 2829 1 0.159602 0.159602 6 
5 1.79484 3.09703 -0.317841 0.351691 -0.0635977 3.72887 22 458 2555 1928 1 0.272529 0.272529 28 
0.482748 -1.26538 -5 -3.42389 0.792388 10.8004 3.65767 22 459 1470 1 1 11.1495 11.1495 132 
-1.59325 -1.90262 -5 -3.40967 7.31328 36.0326 3.65822 22 460 1001 1 1 0.793164 0.793164 89 
0.514651 -5 -4.51709 -0.208659 0.0879203 -0.0297974 3.69174 22 461 2247 2178 1 12.0362 12.0362 133 
-2.01048 -4.65386 -5 -1.57241 3.11999 2.8639 3.65347 11 462 2514 2491 1 18.8535 18.8535 152 
-2.49733 -5 -0.36045 -0.120201 0.744028 2.43296 3.67287 22 463 1409 1 1 3.8042 3.8042 89 
4.65057 -0.84317 -5 -0.255046 2.29655 3.08616 3.68152 22 464 33460 33439 1 0.223995 0.223995 32 
2.43483 0.213677 -5 -0.192631 0.0385894 0.115291 3.6685 22 465 6712 6679 1 1.77581 1.77581 42 
5 -1.10365 -2.00187 -16.2884 4.98354 60.9577 3.66347 11 466 1 0 1 59.2231 59.2231 460 
0.408091 -5 -1.54745 -0.0761821 0.70877 1.47012 3.66914 22 467 4548 4237 1 12.6002 12.6002 132 
3.85918 -3.74267 5 0.091179 2.09466 -0.707519 3.71278 -11 468 1918 1917 1 7.04082 7.04082 154 
2.07768 -5 0.133702 -1.90637 2.38042 -0.737819 3.69342 -11 469 2489 2488 1 19.377 19.377 162 
5 -4.69162 3.76285 -0.119409 0.0718248 0.0226938 3.71458 22 470 17435 16638 1 0.170393 0.170393 45 
1.8389 -5 -0.85341 7.61433 8.09952 14.6924 3.66929 11 471 1240 1148 1 46.6258 46.6258 459 
-2.59555 -5 -4.59821 -0.334263 0.27089 -0.275694 3.71954 22 472 2035 2034 1 14.612 14.612 123 
-3.25529 3.85981 5 -0.101755 0.273102 -0.419739 3.92548 22 473 4327 4298 1 1.17273 1.17273 28 
-1.68874 -5 0.237952 -0.315302 0.173554 0.17333 3.71804 22 474 9916 9759 1 1.43105 1.43105 11 
3.00533 5 4.87332 0.231278 -0.113133 0.361567 3.69803 22 475 4059 3405 1 12.1368 12.1368 140 
-1.12304 3.12733 5 -0.035735 0.0109761 -0.235207 3.90237 22 476 8817 7977 1 4.65337 4.65337 41 
0.650881 2.37256 5 -0.00135549 -0.023516 -0.290344 3.83806 22 477 1644 1614 1 3.60134 3.60134 62 
5 2.58067 -4.1287 -12.8834 2.17766 13.3854 3.659 11 478 1 0 1 7.32142 7.32142 152 
3.02086 1.051 5 0.0296967 0.304023 -0.216503 3.85069 22 479 12612 12489 1 1.2624 1.2624 66 
1.84633 3.28062 5 -0.240285 0.22666 -0.389882 3.83933 22 480 4417 4393 1 9.30253 9.30253 37 
-1.33487 0.0792752 -5 -0.130254 0.184102 0.292155 3.66715 22 481 2188 2142 1 6.73704 6.73704 102 
5 0.989139 2.99446 -0.37682 0.0499817 0.0486791 3.719 22 482 2092 1 1 1.48187 1.48187 50 
-1.34058 -5 4.32692 -0.280458 0.296855 0.417086 3.70589 22 483 1498 1287 1 0 0 10 
4.10736 -5 -0.368833 -0.42213 6.45293 24.2395 3.67406 22 484 11060 11035 1 0 0 7 
2.57567 -5 -4.02157 -2.54087 2.24273 -0.194141 3.69288 -11 485 13660 13659 1 4.07358 4.07358 69 
4.53494 3.85086 -5 2.81584 -9.15654 3167.27 3.65253 22 486 1439 1 1 45.7613 45.7613 407 
-0.193258 -5 2.37278 -0.266867 0.181394 -0.39623 3.88345 22 487 15737 15736 1 3.97439 3.97439 32 
0.930019 -5 0.484539 0.0693573 0.504571 -0.0414431 3.74963 22 488 5680 5677 1 0.510215 0.510215 52 
5 -0.825926 -0.524302 -2.37489 1.33044 -0.00844024 3.70344 22 489 4844 4776 1 1.28487 1.28487 65 
-1.50967 -5 -2.25426 -0.185266 0.261138 0.34662 3.67392 22 490 2116 2115 1 3.12804 3.12804 14 
1.70631 -5 3.00605 -0.124257 0.303214 -0.232659 3.94387 22 491 10360 10359 1 0.401836 0.401836 6 
4.79538 -1.07448 5 -0.0903318 0.327228 -0.381945 3.8665 22 492 3945 3898 1 0 0 2 
4.14915 0.162724 5 -0.0140564 0.11757 -0.226404 3.82708 22 493 1934 1804 1 2.27094 2.27094 62 
-1.95461 2.20516 5 -0.291287 0.170225 -0.921314 4.98603 22 494 4700 4553 1 0 0 6 
2.68734 0.697994 5 -0.0792625 0.269849 -0.426636 3.9615 22 495 14101 14100 1 0 0 1 
5 2.11289 3.3053 -0.129438 0.279971 -0.224371 3.89837 22 496 9202 9201 1 0.27195 0.27195 11 
-3.59161 -4.98163 -5 -12.2487 1.53206 18.7092 3.67741 11 497 4779 4315 1 9.64276 9.64276 106 
1.66092 -5 4.47583 -0.100073 0.532228 0.00106006 3.806 22 498 9651 9628 1 0.716311 0.716311 94 
0.773228 -1.19984 5 -0.176293 0.0130176 -0.142015 3.94072 22 499 4555 4536 1 0.670868 0.670868 18 
0.0442219 -2.65719 -5 -8.43833 3.78679 281.698 3.65253 11 500 1 0 1 53.5603 53.5603 431 
4.76065 -1.68726 -5 -5.15479 1.85468 7.625 3.66156 -11 501 2536 2535 1 17.0476 17.0476 192 
1.0395 -5 4.36521 -2.18217 2.09697 2.24285 3.70261 22 502 2291 2174 1 14.9494 14.9494 145 
5 4.11816 -0.670665 -0.169208 0.152076 0.0842121 3.69588 22 503 8292 8035 1 4.50386 4.50386 87 
0.691962 -3.71775 5 -0.11881 0.456916 -0.19553 3.74307 22 504 9511 9510 1 10.9419 10.9419 101 
-1.85538 2.65093 5 -0.373667 0.174175 -0.301921 3.87164 22 505 11830 11828 1 0.766465 0.766465 24 
5 -4.36263 0.588586 -0.247484 0.0221566 0.0206023 3.73676 22 506 2489 2488 1 0.248818 0.248818 38 
4.54224 -5 -1.02167 -5.46878 10.4742 5.05852 3.68787 -11 507 3107 3106 1 8.2236 8.2236 57 
0.887616 -1.3264 -5 0.0235157 0.235009 0.0716769 3.68738 22 508 5934 2492 1 4.10942 4.10942 86 
-5 -2.66337 2.44839 0.249272 0.407178 -0.182181 4.10903 22 509 4080 4079 1 7.5293 7.5293 104 
1.22366 -5 0.644159 -0.257812 0.402081 -0.185529 3.68728 22 510 3076 3075 1 13.6682 13.6682 130 
-1.97319 -4.76766 -5 -5.92059 2.64326 5.3953 3.68524 22 511 35189 35188 1 0 0 2 
0.567869 -5 -2.34229 -0.070548 0.252118 -0.000280097 3.77771 22 512 3353 3294 1 0.261592 0.261592 23 
2.31703 -4.71722 5 0.0188351 0.0159616 -0.739693 3.80906 22 513 4016 3815 1 13.2392 13.2392 123 
1.92515 -4.11503 -5 -4.69615 6.3433 14.1103 3.65692 22 514 1023 1 1 0.17155 0.17155 28 
5 -0.612304 4.33996 -0.286266 0.261843 -0.126891 3.76556 22 515 4892 4863 1 1.52207 1.52207 54 
1.0144 2.212 -5 -0.36833 -0.0245924 0.370086 3.68213 22 516 7356 7320 1 8.27889 8.27889 142 
5 -4.55777 -2.59857 -0.250487 0.169474 0.0534045 3.70703 22 517 3561 3508 1 1.44374 1.44374 33 
5 -2.65324 3.96974 -0.206281 0.326039 -0.0383737 3.73864 22 518 2470 2396 1 0.347775 0.347775 8 
5 0.0724662 2.60523 -0.465793 0.0461106 0.18775 3.68928 22 519 5540 4878 1 0.234406 0.234406 47 
3.45256 -4.74335 -5 -1.83024 2.08361 6.23797 4.65893 22 520 5146 5125 1 6.37516 6.37516 246 
2.16779 -5 2.91386 -0.349088 0.212827 0.106165 3.71386 22 521 9200 9102 1 2.31925 2.31925 21 
3.8237 1.16208 5 0.308463 -0.0167701 -0.487211 3.82136 22 522 1001 1 1 1.36768 1.36768 115 
3.47887 -5 3.64407 0.0357205 3.32402 1.27342 3.71611 22 523 5321 5242 1 0.0496117 0.0496117 13 
5 -3.12618 -2.08029 -1.27938 -0.432451 -0.0711854 3.68605 11 524 5882 4715 1 16.3956 16.3956 195 
5 -2.46071 4.31158 -0.325228 0.603779 0.113556 3.79039 22 525 3496 3454 1 0 0 2 
-1.56858 -1.52983 5 -0.132538 0.0844999 -0.486224 3.93676 22 526 6351 6350 1 5.82726 5.82726 100 
5 -0.132833 3.48475 -0.610731 0.11089 0.988722 3.69538 22 527 3076 2933 1 0.598947 0.598947 62 
2.75227 -4.41405 5 -3.22718 -0.259393 -3.50701 3.77314 -11 528 6716 6715 1 1.59924 1.59924 36 
5 -4.53837 3.491 -0.150272 -0.174223 0.156735 3.72027 22 529 17687 17302 1 0.306161 0.306161 25 
-1.65953 1.1732 5 0.115229 0.593689 -1.40179 4.125 22 530 16486 16451 1 0 0 1 
4.60399 -5 -3.39322 0.112548 1.86247 0.623673 3.67601 22 531 1617 1520 1 1.48372 1.48372 40 
-1.6676 -5 -2.29258 -0.26318 0.157347 -0.172033 3.75032 22 532 10007 9981 1 0 0 9 
1.74396 -5 -1.2589 -0.784395 0.101288 0.840943 3.67538 22 533 1664 1 1 14.6727 14.6727 224 
-0.939626 0.0506833 -5 -0.0293673 -0.00858287 0.27889 3.7142 22 534 4983 4935 1 1.7212 1.7212 6 
1.61064 5 3.09938 -0.170648 -0.190947 0.171898 3.74644 22 535 19649 19645 1 0 0 2 
5 -3.5615 -1.55643 -4.55881 3.17954 3.69651 3.67861 11 536 17717 17550 1 4.78598 4.78598 35 
4.83799 -5 2.16284 12.6315 17.7598 31.0272 3.6783 11 537 2509 1362 1 48.1347 48.1347 371 
5 4.68281 3.39457 -0.553878 -0.326914 -1.2725 4.0151 22 538 1150 1112 1 30.0918 30.0918 377 
3.9274 -5 3.78199 -0.0105107 0.298006 -0.414972 3.87175 22 539 3850 3835 1 0.0915503 0.0915503 4 
4.42752 -5 2.35992 0.124575 17.6625 41.05 3.67927 11 540 1 0 1 11.5293 11.5293 103 
0.88259 -5 -4.63106 -16.1827 4.46001 53.523 3.65877 -11 541 1052 1051 1 7.72253 7.72253 106 
4.49536 -5 3.9916 -0.320855 0.227331 0.239455 3.69485 22 542 17117 16456 1 8.38188 8.38188 92 
1.65448 -2.25108 -5 -0.268029 0.152393 1.1304 3.65482 22 543 11515 11490 1 26.57 26.57 310 
-0.414582 -3.59837 5 -0.235511 -0.0624576 -0.190528 4.01983 22 544 4728 4727 1 0.22474 0.22474 27 
0.325469 -5 4.80814 -0.107243 0.131379 -0.482036 3.90099 22 545 4042 4041 1 1.83655 1.83655 45 
-0.848676 -4.85644 -5 0.882307 1.04424 7.23874 3.65387 22 546 1247 1 1 3.3571 3.3571 92 
1.88542 1.33265 5 -0.0379276 0.0901704 -0.501548 4.03006 22 547 14772 14751 1 0.255979 0.255979 4 
2.05925 -5 1.16762 -0.0399519 0.393348 -0.32373 3.76591 22 548 1371 1370 1 1.15258 1.15258 100 
-4.39724 -0.492828 -5 -0.242369 -0.198267 0.403816 4.24654 22 549 1600 1599 1 43.1951 43.1951 467 
5 -2.45299 0.459124 -0.151806 0.292047 0.0577695 3.70739 22 550 5182 1 1 3.48525 3.48525 69 
5 -0.933937 3.54075 -0.244774 0.429937 -0.127906 3.78022 22 551 30845 30819 1 0 0 1 
3.44095 -5 1.40832 0.134336 0.0804928 0.15677 3.71951 22 552 5741 5638 1 2.27349 2.27349 104 
4.23287 4.60278 5 -0.0658315 0.142057 -0.190591 3.77125 22 553 16911 16724 1 2.03566 2.03566 22 
-3.18651 -3.48179 5 -0.0725628 0.200235 -0.0994899 3.80259 22 554 1708 1654 1 0 0 3 
4.50168 -5 3.21497 0.119718 0.283175 0.140246 3.72302 22 555 4959 4941 1 0.295834 0.295834 23 
4.60921 -0.086832 -5 -0.0431281 0.0766066 0.365293 3.65552 22 556 3751 1 1 17.6308 17.6308 260 
3.12073 -2.98968 -5 -0.215696 1.71919 2.30388 3.66956 22 557 6685 6658 1 0.393679 0.393679 22 
5 1.07763 4.22907 -0.18336 -0.0540854 0.632843 3.68905 22 558 1225 1 1 0.272334 0.272334 36 
-4.96149 -5 1.02875 -0.415144 0.191927 0.227902 3.7333 22 559 11311 11302 1 0.311649 0.311649 20 
5 -1.46923 4.22585 -0.0931407 0.0970134 -0.086081 3.70398 22 560 11592 11510 1 2.35777 2.35777 60 
5 -4.74334 3.93575 -0.0832967 0.202221 0.0926496 3.71418 22 561 17598 16839 1 3.28397 3.28397 49 
0.533842 2.4479 -5 -0.164921 0.187324 0.0236054 3.72815 22 562 1002 1 1 9.91339 9.91339 220 
5 1.27842 -2.76413 0.259943 6.87352 -1.7707 3.68115 -11 563 1494 1493 1 0.462506 0.462506 13 
5 1.4722 -4.46874 -0.183347 0.400406 0.259189 3.67008 22 564 6389 6353 1 4.09766 4.09766 32 
1.89651 -5 -4.79496 -22.3983 11.3453 3.69112 3.66665 -11 565 2357 2356 1 13.0816 13.0816 189 
2.52273 -5 -0.0569765 0.241286 0.385972 -0.108734 3.72505 22 566 1251 1250 1 17.6873 17.6873 213 
5 -4.3206 0.271455 -0.600077 0.207893 0.841617 3.68228 22 567 1667 1430 1 12.8037 12.8037 182 
3.78793 -2.86174 5 0.989935 3.97149 -1.76713 3.72444 -11 568 5494 5493 1 9.13319 9.13319 46 
5 1.4512 -3.78 -0.129635 0.259317 0.802263 3.67041 22 569 9982 9633 1 0 0 4 
0.0211877 -3.29057 5 -0.256226 -0.0183638 -0.441736 4.03197 22 570 16581 16547 1 0 0 4 
1.44179 -4.63166 -5 -1.05366 0.456353 3.00812 3.66424 22 571 3280 3202 1 7.62476 7.62476 83 
0.782688 3.0032 -5 -0.0995672 0.36215 0.172511 3.70613 22 572 2964 2963 1 1.47083 1.47083 85 
-4.32556 -5 -0.831683 0.10146 0.244384 -0.437152 3.86069 22 573 5242 5208 1 12.7589 12.7589 76 
1.44512 -5 -0.214791 -0.358955 0.382466 0.177042 3.71359 22 574 3167 3116 1 1.60618 1.60618 31 
-4.6809 -5 3.51285 0.0586887 0.356239 -0.361621 3.78631 22 575 23705 23678 1 0.206514 0.206514 7 
-0.28585 -5 4.60442 -0.166206 0.234638 -0.0333097 3.73396 22 576 4516 4515 1 2.62656 2.62656 74 
5 -0.341022 4.94032 -1.20025 2.99022 -1.38718 3.6999 -11 577 13054 13053 1 7.00923 7.00923 170 
5 -3.93146 -4.41308 -1.16726 0.0226733 2.49487 3.6573 22 578 3553 1 1 39.4539 39.4539 236 
5 -1.43026 2.21997 -0.572528 0.384463 -1.22431 3.75878 22 579 12531 12530 1 10.949 10.949 38 
5 -3.50506 -1.89653 -0.773192 0.23229 3.66518 3.66612 22 580 1147 1 1 2.33032 2.33032 11 
4.37699 -4.72587 -5 -0.114934 -0.00719869 0.533737 3.65775 22 581 1703 1670 1 8.93551 8.93551 154 
-1.75244 -0.891083 5 -0.425803 -0.272243 -1.06824 4.2239 22 582 3390 3389 1 0 0 2 
5 -1.33503 0.383857 -16.7248 8.73499 13.6426 3.69337 11 583 1 0 1 3.82272 3.82272 70 
2.5162 0.977187 -5 0.136436 0.405175 0.407794 3.69102 11 584 17076 17056 1 8.75224 8.75224 92 
0.830573 -1.27214 -5 -6.68422 -0.579208 4.56865 3.65448 11 585 1 0 1 75.6774 75.6774 490 
5 1.0563 4.52326 -0.397397 0.398876 0.822168 3.693 22 586 6360 6316 1 1.06372 1.06372 56 
2.15888 -1.54121 -5 -1.13641 0.706102 11.4241 3.65337 22 587 4239 4074 1 36.9679 36.9679 393 
4.16574 -5 -3.00657 0.0449516 0.183215 -0.126773 3.71678 22 588 3237 1 1 3.7242 3.7242 156 
4.67205 -0.926252 5 -0.132122 0.199453 -0.360216 3.96174 22 589 16504 16503 1 0.120163 0.120163 20 
-2.69984 2.43268 5 -0.0426584 -0.0735394 -0.471857 3.97385 22 590 1985 1984 1 34.4277 34.4277 358 
3.03711 -5 2.77146 2.42841 0.0146229 -1.22972 3.72731 -11 591 6295 6294 1 0.800709 0.800709 40 
-0.4151 2.32983 5 -0.0797947 0.504336 -0.932605 4.1397 22 592 3904 3903 1 0.306872 0.306872 27 
5 -1.99687 1.31089 -0.195658 0.371357 -0.000224168 3.74106 22 593 1928 1257 1 0.142043 0.142043 13 
1.90402 -5 2.77757 -0.296086 0.321194 0.559662 3.68816 22 594 6437 6387 1 0.282025 0.282025 34 
5 2.98328 0.328372 -0.335872 0.168439 -0.0159045 3.72254 22 595 2012 1728 1 0 0 7 
5 -1.08723 -0.892272 -0.348727 -0.0552781 0.369396 3.70887 22 596 3300 3279 1 0.837774 0.837774 38 
-0.296535 -2.72688 -5 0.72103 3.61542 13.574 3.65435 11 597 1 0 1 133.5 133.5 1046 
-3.52813 -5 3.65958 -1.14455 0.403542 1.17895 3.718 22 598 18152 18122 1 0.900336 0.900336 9 
3.90862 -2.45039 -5 0.221258 0.0326475 0.459455 3.70658 22 599 2473 2469 1 6.69366 6.69366 209 
-4.11776 -5 -3.90444 -0.247297 0.461945 0.206928 3.70423 22 600 3843 3758 1 0.510741 0.510741 25 
4.94561 -1.72237 -5 0.29232 0.316306 102.388 3.65273 11 601 1 0 1 64.6949 64.6949 514 
-3.94701 -2.1896 -5 -0.119813 0.115362 2.70487 3.65284 22 602 2403 1940 1 103.199 103.199 684 
-1.01362 -4.02614 5 -0.116318 0.120648 -0.482736 3.82967 22 603 9510 9509 1 1.13369 1.13369 46 
5 -3.74889 -3.29111 -0.573536 0.585272 -0.0132183 3.70787 22 604 7583 7528 1 0.130781 0.130781 38 
-3.01489 -2.12284 -5 -0.378353 0.331395 2.44637 3.65557 22 605 4352 4134 1 3.05675 3.05675 45 
4.24729 -4.87339 5 -0.263272 -0.000456677 -0.153154 3.7489 22 606 5363 5362 1 2.73267 2.73267 36 
0.485325 -5 1.2861 -0.0801673 0.121855 0.015196 3.7074 22 607 1450 1 1 0.72624 0.72624 82 
-2.31616 3.77792 5 -0.149003 0.0317016 -0.183662 3.88107 22 608 1277 1276 1 0 0 11 
3.1174 -2.55944 -5 20.5432 8.38673 301.123 3.65258 11 609 1 0 1 186.865 186.865 1282 
5 2.54983 1.62546 -0.465249 -0.0934562 -0.189549 3.68228 22 610 1199 1171 1 48.8335 48.8335 451 
-2.77919 -0.893674 5 -0.286203 0.0756431 -0.169029 3.79482 22 611 2635 2608 1 0.063479 0.063479 10 
-0.837489 -3.80491 -5 -0.420031 0.287735 0.221034 3.70132 22 612 19311 19292 1 0 0 2 
-1.9746 3.8177 5 -0.216016 -0.190506 -0.122989 3.99775 22 613 6457 6430 1 8.15995 8.15995 73 
-5 -4.15282 0.185171 0.0625053 0.197583 0.057992 3.77217 22 614 6190 5839 1 33.4166 33.4166 232 
4.68635 -5 -2.67478 -0.279285 0.208916 0.373462 3.68015 22 616 7669 7646 1 3.43516 3.43516 94 
5 -4.27085 -3.7707 -0.367219 -0.112558 0.343598 3.6651 22 617 2235 1 1 6.67079 6.67079 32 
3.78502 -5 -3.41282 0.162145 0.482981 -0.0394669 3.69244 22 618 1027 1026 1 0.673188 0.673188 41 
4.55467 -5 1.64264 -0.111528 0.22163 -0.285427 3.77245 22 619 30933 30932 1 0.156984 0.156984 50 
2.67895 1.32187 -5 0.302215 0.350743 0.216253 3.71872 22 620 23644 23620 1 5.35399 5.35399 63 
0.806321 1.24594 -5 -1.54729 1.34685 8.14799 3.65904 22 621 1115 1 1 13.0607 13.0607 108 
-1.12801 -4.82825 5 -0.0280828 0.00498064 -0.185952 3.75185 22 622 4692 4283 1 16.8197 16.8197 181 
-0.957624 -0.992421 5 -0.237819 0.157695 -0.423903 3.97144 22 623 7240 7239 1 8.05329 8.05329 121 
4.62195 3.24141 -5 0.0437897 0.208365 1.01833 3.65696 22 624 1421 1201 1 23.5005 23.5005 240 
5 -2.8286 -0.458276 -0.39609 0.355085 0.0429266 3.73613 22 625 4957 4911 1 2.82107 2.82107 65 
-4.35566 3.88149 -5 -0.773725 0.497365 0.761708 3.68504 22 626 20125 19841 1 0 0 6 
5 -3.64368 -3.61365 -0.256108 0.0983141 -0.404015 3.69177 22 627 1001 1 1 0.652165 0.652165 39 
4.75631 1.47765 -5 -0.884149 0.741169 2.84161 3.65331 -11 628 1050 1049 1 17.3536 17.3536 156 
5 3.54958 -1.44707 -0.471898 0.111872 0.160988 3.69289 22 629 25341 25287 1 16.0502 16.0502 190 
5 0.456096 -1.28864 -0.46914 0.201824 -0.0171619 3.76684 22 630 3490 3466 1 0.844698 0.844698 55 
-1.21261 -5 -0.667983 -0.213476 0.42907 0.061946 3.7425 22 631 18995 18976 1 0 0 2 
0.903846 -5 -0.0986182 -0.859341 5.16121 0.992777 3.69546 22 632 10033 10017 1 5.15596 5.15596 24 
-4.09866 2.99893 -5 -0.469592 -0.505161 0.252439 3.71416 22 633 2831 2830 1 7.0883 7.0883 45 
3.72468 -3.62822 -5 -0.413095 -0.38489 0.0553973 3.68917 22 634 2228 2027 1 0 0 2 
5 -1.13545 2.83592 -0.188917 0.178858 0.439818 3.69824 22 635 6046 6045 1 0 0 3 
-3.55436 -3.84239 5 -0.497389 0.667398 -0.85237 3.79867 22 636 2292 2291 1 9.02833 9.02833 126 
5 -1.96503 -2.3076 -0.471878 0.640853 0.654559 3.67848 22 637 5073 2372 1 10.8613 10.8613 162 
2.62996 0.0604651 -5 -0.0807342 0.0975157 0.264581 3.66891 22 638 1421 1357 1 8.28877 8.28877 115 
-1.22929 -5 1.38618 0.179155 0.478157 0.22009 3.68662 22 639 4351 1 1 17.183 17.183 214 
3.17659 -5 3.86249 -2.31537 2.1517 -1.12106 3.73634 11 640 3811 3776 1 4.79301 4.79301 32 
2.07547 -0.275398 -5 7.3163 4.1097 9.56803 3.66299 11 641 1 0 1 10.1821 10.1821 231 
5 4.58701 2.01025 -0.180675 0.00437218 0.0283827 3.74169 22 642 24154 22879 1 10.0994 10.0994 26 
2.34175 -1.03419 -5 -0.432336 0.00594219 1.74865 3.65748 22 643 10674 10304 1 0.522192 0.522192 37 
-0.0307986 4.93001 5 -0.37789 0.0201493 -0.343385 3.78807 22 644 11670 11669 1 12.9765 12.9765 143 
2.70202 -1.8199 -5 -0.40774 0.0506284 0.691956 4.6695 22 645 6050 5997 1 0.525573 0.525573 18 
-4.23434 -3.85862 -5 -0.220223 0.227617 0.42556 3.72407 22 646 9882 9815 1 0.135147 0.135147 20 
2.30552 -5 -1.27798 -0.2813 0.372022 -0.208781 3.74863 22 647 9111 9110 1 6.51092 6.51092 103 
-3.00857 -4.9159 -5 -0.108219 0.142647 0.303304 3.66341 22 648 2963 2930 1 12.4524 12.4524 105 
3.61153 0.727294 -5 -0.788483 7.05392 111.72 3.65308 22 649 1001 1 1 33.6002 33.6002 358 
2.11961 -5 2.33761 -0.28697 0.129981 0.0492289 3.69278 22 650 4649 1 1 6.51626 6.51626 80 
3.37525 -4.79225 5 0.00976822 0.14539 -0.142386 3.7083 22 651 4196 1 1 4.88802 4.88802 160 
3.01894 0.492042 -5 9.05779 11.5322 70.1838 3.65566 11 652 1 0 1 41.0535 41.0535 321 
-4.76379 -5 -3.45774 -1.74751 0.959711 3.20361 3.67048 22 653 1093 1 1 0 0 18 
-1.56062 -4.68693 -5 -14.4565 -2.97114 188.768 3.65255 11 654 1 0 1 53.236 53.236 463 
5 -3.38321 -2.49491 -1.82993 2.17451 2.11394 3.6762 22 655 5283 5282 1 12.7623 12.7623 92 
2.90164 -4.24307 -5 0.168551 0.470724 0.263208 3.66695 22 656 1830 1386 1 13.1724 13.1724 260 
5 -3.94255 0.321287 -0.315131 0.217948 -0.549862 3.86774 22 657 25687 25644 1 0 0 1 
5 3.94654 -2.35497 -0.117394 0.0655437 -0.14485 3.71405 22 658 2562 2188 1 9.21516 9.21516 212 
-3.59219 0.102264 5 -0.128326 -0.219435 -0.688368 4.16985 22 659 3196 3194 1 5.94866 5.94866 160 
-4.00101 -5 3.05699 -0.591634 0.196965 0.440993 3.72685 22 660 7386 7317 1 1.6231 1.6231 68 
1.51022 -3.20449 5 -0.0241815 0.260023 -0.43923 4.02546 22 661 5919 5893 1 0.232567 0.232567 7 
4.73585 -5 1.33714 -0.208425 0.294424 -1.13927 3.97836 22 662 8717 8716 1 4.63207 4.63207 89 
-1.31816 -5 2.0765 -1.00986 0.219426 0.335932 3.73073 22 663 7463 7462 1 1.53104 1.53104 51 
1.61264 -1.38199 5 0.160663 0.423966 -0.254837 3.82446 22 664 8152 8122 1 0.299098 0.299098 50 
0.134923 3.4761 5 -0.378829 0.206109 -0.274095 3.85451 22 665 6316 6312 1 9.63563 9.63563 208 
5 -4.88725 2.62109 -0.210631 -0.0138387 -0.0506048 3.70304 22 666 2319 1048 1 7.06854 7.06854 181 
-2.63316 -5 4.50304 -2.05649 2.73496 1.47816 3.72846 22 667 6672 6547 1 7.97156 7.97156 143 
2.83624 -5 -0.27947 -0.440304 0.715983 -0.832893 3.77873 22 668 11262 11261 1 16.8466 16.8466 167 
5 -1.44074 -2.80105 -0.256822 0.353003 -0.0551471 3.77893 22 669 11485 11484 1 1.71611 1.71611 66 
-1.32754 -3.08642 -5 4.39483 3.64309 48.2743 3.65415 22 670 1060 1 1 2.48305 2.48305 32 
2.64807 -2.99624 -5 -0.502315 0.46117 0.726153 3.65876 22 671 7663 5948 1 17.1228 17.1228 312 
-0.809181 1.40441 5 -0.230922 -0.170792 -0.219831 3.84058 22 672 15929 15928 1 0 0 4 
0.00360474 -2.17619 -5 -5.62398 10.6014 42.6522 3.65343 -11 673 1171 1170 1 129.759 129.759 989 
-3.32082 4.12782 5 -0.410458 0.349398 -1.13881 4.24332 22 674 23106 23105 1 0 0 1 
-1.68524 -5 0.399869 -0.341964 0.399375 -0.0879492 3.7489 22 675 14358 14357 1 0 0 8 
5 0.0846366 -3.29198 -0.205096 0.199664 -0.423308 3.69805 22 676 4901 4900 1 1.33405 1.33405 39 
0.663357 -5 2.44841 0.119909 0.0669282 -0.616479 4.19033 22 677 9982 9980 1 4.70458 4.70458 104 
3.39189 1.85667 -5 -0.0777939 0.417002 0.284916 3.69548 22 678 1996 1993 1 13.841 13.841 166 
5 -2.29691 -4.6391 -0.141274 0.0832671 -0.156163 3.73502 22 679 11531 9659 1 5.55643 5.55643 139 
5 -4.93704 0.852477 -0.632474 0.205782 0.747977 3.68556 22 680 10639 10560 1 3.81314 3.81314 74 
-5 -4.98745 -3.81812 6.32582 4.51415 632.006 3.65647 11 681 1 0 1 41.0451 41.0451 331 
3.71651 -2.26137 -5 -0.198056 0.700018 1.35452 3.6639 22 682 1429 1 1 1.83483 1.83483 34 
-0.944519 -0.0934549 5 0.193778 0.0252441 -0.295842 4.12882 22 683 1697 1696 1 0.458345 0.458345 35 
0.648457 -3.28729 -5 -16.1227 13.0239 4.565 3.66743 11 684 4674 4673 1 16.6441 16.6441 241 
5 2.89321 1.17805 -0.107344 0.0856307 -0.130471 3.79791 22 685 1747 1656 1 1.16508 1.16508 39 
0.850306 -1.86046 -5 -4.53217 5.2421 20.1899 3.65979 22 686 4569 4512 1 5.4676 5.4676 117 
-4.92356 4.10096 -5 -1.43655 0.956388 1.95757 3.68128 22 687 4427 4426 1 0.154643 0.154643 23 
5 -1.143 4.1117 -0.119866 0.0851351 0.255089 3.68865 22 688 19649 19580 1 6.64882 6.64882 110 
5 -4.87709 -3.95372 -0.633938 1.93136 1.45478 3.6715 -11 689 1902 1901 1 5.10644 5.10644 86 
-1.4423 -1.95441 -5 -0.357614 0.163494 0.326346 3.71066 22 690 4747 4746 1 0.332423 0.332423 38 
-5 3.6588 -3.8274 0.0375218 0.154543 -0.485622 4.38743 22 691 3015 3013 1 1.89142 1.89142 57 
-3.54991 0.55422 5 -0.0864642 0.240115 -0.170056 3.76972 22 692 3551 1 1 14.7034 14.7034 83 
-2.40119 -5 -0.802304 -0.0127983 0.219951 -0.362995 3.81663 22 693 2820 2799 1 3.29384 3.29384 57 
5 -1.4111 -4.10849 -0.398592 0.307626 -0.0872381 3.73661 22 694 3729 3728 1 1.53804 1.53804 33 
5 -0.762954 -4.74632 -0.541337 0.582818 1.226 3.66934 22 695 1688 1 1 1.27717 1.27717 51 
0.257709 -3.66723 5 0.20259 0.0390606 -0.156215 3.78151 22 696 1159 1158 1 0.0594938 0.0594938 4 
-2.54132 -1.37286 5 0.333108 -0.251134 -0.295111 3.79429 22 697 11707 11706 1 0.295535 0.295535 32 
5 -2.37454 -1.11009 -3.34708 3.72922 0.468098 3.70221 -11 698 10121 10120 1 5.0709 5.0709 42 
4.92709 -5 -0.567789 -0.195514 0.471748 -0.0186446 3.69803 22 699 4929 4928 1 1.00936 1.00936 60 
5 2.71155 -2.01298 -0.0653667 0.210233 -0.0979105 3.75535 22 700 2526 2525 1 4.83754 4.83754 93 
5 -1.11384 -0.345776 -0.422857 -0.275048 -0.0816134 3.74479 22 701 20398 20356 1 0.851094 0.851094 57 
5 -3.87645 -2.44488 -0.187719 0.0293721 1.31273 3.66262 22 702 2856 2489 1 10.4688 10.4688 92 
3.16121 -5 2.44392 -0.103562 0.0423885 0.203191 3.68382 22 703 2219 1770 1 11.1644 11.1644 164 
-3.45788 0.166958 -5 -0.0420911 0.496799 0.798182 3.66552 22 704 1405 1387 1 4.92267 4.92267 72 
2.99358 -2.4976 -5 -10.2516 -14.8126 209.438 3.65263 11 705 1 0 1 58.4077 58.4077 432 
3.08235 -5 -3.32923 -7.0749 4.55101 12.1428 3.66446 11 706 2056 1936 1 8.55893 8.55893 114 
5 -0.240692 1.66487 -0.642047 1.57041 -1.36379 3.74675 22 707 17375 17374 1 1.7705 1.7705 37 
4.13754 4.22549 -5 -0.897402 -0.103155 0.446455 3.67733 22 708 6262 6164 1 0.371531 0.371531 52 
-1.69408 -5 -0.885391 -0.313207 0.337533 -0.221568 3.75054 22 709 1667 1666 1 0.518909 0.518909 21 
0.844539 -5 2.04312 -1.31022 1.71918 1.49386 3.69923 22 710 11439 11407 1 5.57461 5.57461 111 
2.89555 -5 -3.41967 -0.13791 0.390651 -0.299153 3.71179 22 711 9621 9620 1 0.887068 0.887068 50 
3.91871 4.92947 5 0.0680734 -0.163846 -0.0845399 4.88843 22 712 7000 6970 1 3.25923 3.25923 152 
-4.23412 -5 -0.925974 1.57846 2.42068 1.57286 3.69245 22 713 1273 1272 1 15.6538 15.6538 182 
0.0994029 3.61602 -5 -0.0797265 0.171312 0.235985 3.70388 22 714 6156 6155 1 2.67792 2.67792 36 
-3.87296 1.40065 -5 -0.616169 0.836904 8.87135 3.65378 22 715 1233 1 1 195.453 195.453 1325 
1.28987 -5 3.95255 0.108301 0.776036 0.83173 3.73919 -11 716 6116 6115 1 5.90865 5.90865 32 
3.98135 -5 -3.5073 -0.210148 0.443369 0.142765 3.70717 22 717 5628 5595 1 2.46387 2.46387 118 
2.79876 -1.35409 5 -0.388112 0.264398 -0.352741 3.75342 22 718 3726 3611 1 1.05232 1.05232 53 
5 -1.30137 2.82431 -0.172255 0.183316 0.0355122 3.74777 22 719 5675 4776 1 0.0919507 0.0919507 6 
-3.05337 -5 -2.20268 -0.284232 0.435865 0.181394 3.70798 22 720 1357 1356 1 0 0 10 
4.93413 -5 2.61974 -0.372416 0.106139 0.333408 3.69637 22 721 1707 1692 1 5.46946 5.46946 57 
1.74904 0.182695 -5 -0.921541 -1.92932 38.3294 3.65267 22 722 1241 1 1 153.265 153.265 1199 
4.28198 -1.60728 -5 -0.119613 0.276057 0.342741 3.68114 22 723 8111 7816 1 0.266403 0.266403 6 
5 -1.06358 -4.62276 -0.892652 0.590319 1.77487 3.67181 22 724 10541 10523 1 0.204157 0.204157 34 
5 3.42002 -1.50062 -0.106087 0.259218 -0.0607133 3.75472 22 725 5382 5087 1 4.36178 4.36178 76 
5 -4.37609 4.41007 -3.84031 0.144373 1.08471 3.69315 11 726 14160 14035 1 3.14931 3.14931 36 
5 1.05235 -0.448625 -0.740931 0.0468 0.224046 3.67888 22 727 2044 2024 1 2.01884 2.01884 80 
1.11599 2.91654 -5 -0.0995527 0.320973 0.233619 3.66966 22 728 3265 3264 1 17.5598 17.5598 146 
-0.402862 -2.17993 -5 -2.71477 7.69659 140.087 3.65271 11 729 1 0 1 183.273 183.273 1359 
4.22617 -1.93309 -5 -29.5105 -2.83964 1281.16 3.65254 11 730 1 0 1 117.353 117.353 910 
2.3111 -0.530663 -5 6.28715 -9.3595 62.7117 3.65274 11 731 1 0 1 245.867 245.867 1725 
0.584432 -1.05514 -5 -0.438787 1.02882 0.407134 3.70836 22 732 16897 16896 1 1.20505 1.20505 71 
-1.61474 -2.88312 5 -0.0972556 0.0793091 -0.259442 3.7706 22 733 8521 8471 1 0 0 2 
-1.28885 -3.66807 -5 -0.218383 0.735511 0.321973 3.68098 22 734 3606 1 1 4.12082 4.12082 80 
3.62273 -1.16784 5 -0.757946 0.293395 -2.17853 3.90173 22 735 6456 6455 1 5.84199 5.84199 76 
5 -4.18351 2.50009 -0.0911364 0.153644 0.898403 3.67936 22 736 3277 3091 1 41.4591 41.4591 361 
-4.98892 1.12745 -5 0.248188 0.32216 0.624602 3.67612 22 737 2486 2243 1 5.24194 5.24194 44 
0.437111 -0.372995 -5 -0.413952 0.0708815 1.22478 3.66005 22 738 17395 17027 1 0 0 1 
5 -1.51402 2.43959 -0.29359 0.00540845 -0.0862077 3.76868 22 739 6683 6682 1 3.82873 3.82873 126 
5 -3.47043 0.961433 -0.40561 0.413182 0.379655 3.69201 22 740 13962 13890 1 3.4592 3.4592 82 
5 1.0361 -4.77496 -0.350514 0.46406 0.460079 3.67566 22 741 17302 17200 1 1.53215 1.53215 81 
1.24448 -3.96285 5 -0.106339 0.0273489 -0.499063 4.32018 22 742 13049 13048 1 2.25768 2.25768 42 
2.05402 5 -4.30929 -0.132206 -0.176851 -0.459472 4.26133 22 743 4991 4979 1 6.49348 6.49348 162 
5 -4.11544 1.70697 -0.120194 0.0670395 0.393974 3.67664 22 744 5393 4583 1 0 0 6 
-2.38254 -5 1.89406 -0.280892 0.15023 0.341389 3.71394 22 745 3943 3905 1 2.66954 2.66954 42 
1.74333 -5 2.64234 -0.233789 0.511652 0.39199 3.71086 22 746 17219 17160 1 0 0 4 
2.89041 -5 -2.92626 -0.0768986 0.178839 0.045156 3.69319 22 747 4414 4413 1 1.01593 1.01593 87 
0.234583 1.85616 -5 -0.0952781 0.168037 0.473081 3.67251 22 748 5003 5002 1 22.7232 22.7232 175 
3.27864 -4.82746 -5 -0.316434 0.336217 0.327335 3.69778 22 749 3275 3213 1 10.2275 10.2275 146 
-4.62353 -5 0.389757 -0.106385 0.285067 -0.186942 3.92864 22 750 2248 2247 1 0 0 4 
4.46072 -4.38559 5 -0.374374 0.17243 -0.294823 3.82641 22 751 2309 2308 1 0.325593 0.325593 39 
1.72479 -4.1754 5 0.0236437 0.140968 -0.490601 3.83497 22 752 9123 9096 1 2.08622 2.08622 67 
3.73238 -5 0.0856331 -0.355475 2.47588 13.337 3.67161 22 753 16056 7351 1 4.62001 4.62001 103 
-2.09593 1.04531 5 0.0181037 0.106837 -0.258286 3.82587 22 754 15744 15665 1 0 0 1 
5 -2.92822 -2.21881 -0.50695 -0.0224336 0.0601501 3.68022 22 755 1861 1860 1 77.4988 77.4988 714 
2.27729 -5 3.87268 -1.6309 16.9517 15.9301 3.68568 11 756 1 0 1 5.73675 5.73675 77 
5 -1.67551 -1.01698 -0.150382 0.453499 1.13038 3.6735 22 757 5795 4539 1 0.873309 0.873309 40 
3.60706 -5 0.298306 -0.0143628 0.0550023 -0.221352 3.86962 22 758 5470 5469 1 20.9765 20.9765 324 
-3.25652 -0.0790211 5 -0.241354 0.303056 -0.333204 3.88816 22 759 1555 1554 1 0.725648 0.725648 47 
1.68092 -1.24037 5 -0.37415 0.456618 -0.499219 4.07667 22 760 15934 15862 1 6.60914 6.60914 42 
0.178633 -5 4.84287 -0.248797 0.317766 -0.31344 3.75269 22 761 15098 15097 1 3.68244 3.68244 35 
5 -1.06557 1.02975 -0.218483 -0.126755 -0.0661118 3.71127 22 763 2371 2370 1 13.0177 13.0177 211 
4.89415 -2.85484 5 0.0164867 0.359697 -0.362582 3.73951 22 764 1929 1890 1 8.97735 8.97735 64 
-1.93568 5 -3.85987 0.0472175 -0.0494997 -0.298632 4.30983 22 765 18097 18050 1 0 0 6 
2.19764 -5 4.06414 -0.131297 0.117919 0.0653476 3.73554 22 766 9821 9820 1 0.318129 0.318129 56 
5 -4.58277 -4.06572 -0.0537317 0.148597 -0.0332706 3.72557 22 767 10223 10164 1 0.385646 0.385646 48 
2.4904 -3.07657 -5 -2.26968 2.36292 12.3896 3.65288 -11 768 1061 1060 1 141.645 141.645 1258 
3.78526 -5 -4.13425 -0.824708 0.522507 -0.704515 3.77469 22 769 4386 4385 1 0.881337 0.881337 36 
2.0592 -5 2.03735 0.00263237 0.510695 0.0174207 3.73214 22 770 1636 1619 1 0.00589365 0.00589365 4 
3.53351 -3.87582 5 1.00102 1.98073 -1.02538 3.72476 11 771 1 0 1 15.5495 15.5495 115 
-4.45901 3.0573 -5 -0.0890966 0.182726 0.180198 3.68124 22 772 3074 3070 1 1.80229 1.80229 66 
3.60389 -1.38004 -5 -1.19604 -1.06778 5.41069 3.65846 22 773 2226 1999 1 15.3861 15.3861 226 
-2.77949 -5 0.695909 -0.221667 0.0638388 0.195624 3.70016 22 774 5676 5608 1 2.42071 2.42071 50 
5 2.71521 3.38063 -0.458278 0.396664 0.168214 3.72709 22 775 7936 7908 1 0.704491 0.704491 11 
-2.47515 3.88559 5 -0.131875 0.118014 -0.479376 3.90133 22 776 4121 4120 1 6.53296 6.53296 115 
-1.86278 -1.40759 5 -0.280068 0.22196 -0.117833 3.75747 22 777 9626 6626 1 10.7384 10.7384 137 
-3.0155 -3.60656 -5 -0.119027 0.0663068 0.346568 3.6589 22 778 6815 6779 1 8.79567 8.79567 108 
-1.06011 0.648144 5 -0.164501 0.798369 -0.836766 3.77548 22 779 10924 10901 1 5.02764 5.02764 61 
5 -3.98436 -1.13904 -1.51402 0.798901 4.00562 3.67068 22 780 9128 9039 1 0.188275 0.188275 31 
4.83195 -5 -0.799901 -0.422185 3.46627 4.70688 3.67391 22 781 1144 1002 1 0.726822 0.726822 32 
5 -4.94019 0.391107 -0.203223 -0.0165857 0.129756 3.70219 22 782 2387 2265 1 14.4437 14.4437 201 
5 1.68594 -3.86214 -13.1429 2.78781 67.5121 3.65668 11 783 7802 7683 1 65.2923 65.2923 412 
0.117933 -4.37349 5 -0.353542 0.147093 -0.338366 3.86761 22 784 26588 26587 1 0.616948 0.616948 39 
5 -4.54726 -4.25626 -0.320056 0.386444 0.0966681 3.6807 22 785 8179 8177 1 0.0371889 0.0371889 8 
5 -4.63964 -4.3838 -0.160288 -0.105295 1.52254 3.65541 22 786 1284 1175 1 19.0115 19.0115 168 
3.84864 -5 2.04975 -0.258873 0.4351 0.0692321 3.70228 22 787 1513 1512 1 2.87754 2.87754 77 
3.23899 -5 1.87459 0.0574235 0.0613019 -0.504048 3.94852 22 788 8784 8781 1 2.61034 2.61034 73 
4.32569 0.387958 -5 -0.191199 0.18018 0.79604 3.66131 22 789 5616 1 1 2.44924 2.44924 31 
1.64963 -4.62462 -5 -4.64703 1.35258 15.7817 3.65803 22 790 1095 1 1 3.32339 3.32339 18 
5 -3.92451 2.35493 -0.349758 0.0703511 -0.265559 3.81051 22 791 4227 4226 1 11.9955 11.9955 165 
-3.03782 -5 -0.397639 -0.726273 0.706183 0.81679 3.69132 22 792 1977 1829 1 0.0375842 0.0375842 9 
-0.850699 -4.78299 5 -0.144912 0.0527963 -0.21135 3.78814 22 793 4660 1 1 0.261359 0.261359 24 
-0.690599 -5 -0.671891 -0.00901333 0.14336 0.0136457 3.67425 22 794 1418 1417 1 5.09325 5.09325 67 
-0.243219 -1.70288 5 -0.407546 -0.0282795 -0.306963 3.81983 22 795 7749 7747 1 0 0 3 
-0.42554 -5 4.09561 -0.513035 0.439799 0.238821 3.7343 22 796 16748 16475 1 0 0 6 
-1.81847 -0.366393 5 -0.0798321 -0.0157248 -0.235968 4.30486 22 797 19425 19064 1 0 0 8 
5 3.97471 0.614624 -0.157081 0.0285776 -0.221376 3.80636 22 798 4349 4348 1 9.10001 9.10001 95 
-1.2575 -5 3.65697 -0.43229 0.271261 -0.0257362 3.78831 22 799 3638 3637 1 5.55838 5.55838 99 
-0.869536 -5 4.93928 -0.371721 0.306259 0.212159 4.73181 22 800 1627 1626 1 0.0296299 0.0296299 16 
5 -4.42983 -3.81235 -0.202425 0.156067 -0.442478 3.79667 22 801 5258 5257 1 0.556573 0.556573 45 
5 -4.48112 3.48876 -1.79562 2.05298 -0.315114 3.7381 22 802 5471 5409 1 0.383992 0.383992 7 
5 -2.31087 4.00394 -0.20327 -0.122068 0.918091 3.68764 22 804 13135 13093 1 14.0169 14.0169 48 
0.528328 -4.12718 5 0.414689 0.0703678 -0.290174 3.77844 22 805 6304 6303 1 7.03875 7.03875 115 
-4.34646 -5 2.02464 2.46731 6.98275 21.4174 3.67772 11 806 1 0 1 61.8913 61.8913 438 
-4.98833 -1.26622 -5 -0.0860323 0.160196 0.36281 3.68286 22 807 2416 1810 1 0.15367 0.15367 15 
-0.291021 -2.38055 -5 -6.69036 0.35357 11.9677 3.68116 22 808 40457 40369 1 0 0 2 
5 -4.14336 3.22131 -0.232319 0.0482213 0.439986 3.68408 22 809 3472 1 1 1.38485 1.38485 16 
5 3.64122 3.50304 -1.01018 -0.846951 1.46552 3.6814 11 810 3757 3327 1 4.6676 4.6676 53 
-2.85536 -5 -2.98171 -0.112476 0.115817 0.107531 3.72841 22 811 3753 3752 1 0.194748 0.194748 6 
-3.8018 -5 -3.95211 -0.163681 0.031599 -0.175438 3.81636 22 812 9255 9254 1 0.233355 0.233355 6 
-2.35935 -4.69974 -5 -0.148009 0.172891 0.712384 3.65825 22 813 7041 7039 1 0.529851 0.529851 3 
3.20935 -5 1.72047 0.00135549 0.103282 -0.202338 3.76806 22 814 4255 3381 1 0.292565 0.292565 35 
-3.78026 -5 0.172679 -0.183886 0.220921 0.0675335 3.72862 22 815 4101 4027 1 0.672306 0.672306 79 
5 -3.85121 -2.14753 -5.43876 -1.3688 16.8035 3.66551 11 816 1 0 1 24.1558 24.1558 362 
-0.235109 -4.44966 -5 -11.1055 6.99779 177.769 3.65257 11 817 1 0 1 54.3468 54.3468 375 
-1.78169 0.591758 5 -0.425118 0.488962 -1.03515 5.01768 22 818 2973 2971 1 0.994296 0.994296 9 
4.3161 -3.71047 -5 -0.154001 0.052214 0.491106 3.65584 22 819 1899 1678 1 17.3216 17.3216 350 
5 -1.50209 -4.85874 -0.298768 0.0400364 -0.0700702 3.68944 22 820 1274 1211 1 6.56593 6.56593 103 
0.325199 -0.345589 5 0.0137124 0.169155 -0.481994 3.8736 22 821 9908 9906 1 3.95622 3.95622 81 
2.67682 -5 -3.6247 -0.0512978 0.526065 -0.823636 3.81864 22 822 2780 2756 1 0.251782 0.251782 24 
0.09646 -4.24949 -5 -0.757677 0.200329 1.41093 3.67551 22 823 20580 20464 1 0.213593 0.213593 26 
4.97189 -5 -4.33144 -0.488412 0.0794303 0.315988 3.66441 22 824 1367 1294 1 22.4164 22.4164 262 
4.80615 -5 -0.0803668 0.591339 0.387665 -0.252511 3.71353 22 825 2659 2658 1 7.61944 7.61944 101 
5 -1.38133 -1.04736 -0.412118 0.243432 0.17894 3.68808 22 826 1737 1733 1 0 0 2 
2.97814 2.29431 5 -0.165355 0.405676 -0.263067 3.74043 22 827 1986 1985 1 11.3609 11.3609 187 
1.43805 4.74395 -5 -0.0691955 0.878842 1.06182 3.66936 22 828 7325 6974 1 17.124 17.124 186 
2.73667 -1.67109 -5 -0.867989 0.749929 4.69588 3.65729 22 829 14308 1 1 0.204375 0.204375 24 
0.322125 4.20855 5 -0.0145241 0.0846237 -0.348218 3.93022 22 830 6948 6946 1 7.65525 7.65525 118 
5 -4.99541 -0.992945 -0.128433 -0.0674743 0.198087 3.67254 22 831 5974 5539 1 0.650805 0.650805 25 
4.01374 -2.92959 -5 0.691676 -1.09971 3.73111 3.65695 22 832 1283 1178 1 12.6758 12.6758 153 
5 0.924025 1.59718 -0.0609555 0.344739 -0.0245653 3.73505 22 833 12863 12862 1 0.304186 0.304186 31 
4.75515 2.74209 -5 0.0190528 0.381186 0.226548 3.71341 22 834 11845 11726 1 0.16376 0.16376 6 
5 -0.829838 2.87832 -0.140424 0.0143527 0.000337507 3.72386 22 835 1460 1 1 1.96913 1.96913 95 
-1.41581 -2.62567 -5 -1.92174 1.83156 3.50944 3.67729 22 836 13796 13666 1 0.632378 0.632378 62 
5 -3.7338 3.01389 -0.290204 0.343923 0.197553 3.69299 22 837 12730 11016 1 20.4996 20.4996 100 
5 -2.95343 -3.6805 -0.654737 0.108417 0.289212 3.65901 22 838 2709 2637 1 81.1601 81.1601 806 
-4.36616 -5 2.19388 -0.102927 0.102939 0.0492507 3.72444 22 839 1962 1945 1 0.614086 0.614086 5 
5 0.595523 2.84931 -0.0696188 -0.0624349 0.474719 3.67935 22 840 10940 10667 1 30.513 30.513 385 
5 3.71579 4.95385 -0.307937 0.288767 0.138423 3.76949 22 841 4760 4735 1 0 0 2 
-0.781633 0.523088 5 0.281897 0.121562 -0.0648272 3.76195 22 842 1001 1 1 20.378 20.378 269 
3.58346 -5 2.35489 -0.281335 0.243775 0.638883 3.68043 22 843 7187 1 1 9.87323 9.87323 109 
5 -1.74024 3.23281 -3.7416 2.93975 8.19726 3.69015 -11 844 22736 22735 1 1.4731 1.4731 10 
5 -1.93566 -2.13739 -0.163064 -0.0693601 -0.453272 3.92337 22 845 3607 3560 1 0.0563668 0.0563668 17 
4.76811 4.66066 -5 -0.230535 0.541479 1.69577 3.66248 22 846 1468 1 1 2.79188 2.79188 61 
3.43361 -4.00054 5 0.0515882 0.019493 -0.25476 3.90152 22 847 5927 5926 1 2.80477 2.80477 41 
3.23251 -5 -1.78901 -0.400686 4.26237 1.84548 3.69926 22 849 1971 1943 1 0.804622 0.804622 69 
0.621075 -5 -2.29028 -1.90895 3.95144 -4.91687 3.96969 11 850 18061 18014 1 0.984235 0.984235 13 
5 -4.09218 4.97988 -0.18715 -0.0640119 0.0555831 3.69534 22 851 4030 3965 1 6.95203 6.95203 96 
0.193923 -5 2.88937 -0.184393 0.400598 -0.147945 3.83154 22 852 32679 32678 1 0.156039 0.156039 13 
5 -4.87958 -0.655346 -0.0957114 0.196996 0.0618755 3.69928 22 853 13028 9647 1 8.81584 8.81584 170 
-1.35068 -5 3.02965 -0.377172 0.204062 -0.277884 3.77853 22 854 25643 25642 1 0 0 3 
5 3.14493 2.30758 -0.380128 0.27801 -0.198325 3.7208 22 855 10460 10444 1 3.43203 3.43203 115 
4.75876 -2.46508 -5 0.153302 0.256769 0.519415 3.69686 22 856 1027 1 1 0.236374 0.236374 4 
-0.299902 -5 4.19049 -0.360414 0.18133 -0.313594 3.73997 22 857 3743 3716 1 7.63749 7.63749 77 
4.7269 1.32268 -5 -0.161793 -0.193772 0.15517 3.683 22 858 4157 4092 1 28.4383 28.4383 311 
-0.350187 0.210316 -5 -0.309244 -0.250434 0.397569 3.67306 22 859 3177 2664 1 5.94441 5.94441 89 
0.49084 -3.9835 5 -0.111754 -0.0732453 -0.173257 3.79739 22 860 3371 3370 1 1.98226 1.98226 37 
2.73103 -3.92629 -5 -0.79354 0.104441 1.0333 3.65992 22 861 2932 1 1 9.90861 9.90861 101 
-3.76376 3.73619 -5 -0.506163 0.189597 0.670377 3.6768 22 862 2645 2644 1 12.5178 12.5178 54 
1.02809 -3.90093 5 -0.375665 0.108643 -0.328927 3.84963 22 863 4373 4371 1 4.14451 4.14451 23 
3.73139 -4.02479 5 -0.0511093 0.0405066 -0.50682 4.11388 22 864 6379 6378 1 4.44659 4.44659 46 
5 -4.84956 -0.659368 -9.58749 -1.0823 -0.13422 3.67287 11 865 1 0 1 22.204 22.204 427 
0.133536 -5 -3.07005 0.150186 0.161316 1.1532 3.66246 22 866 1484 1 1 0.507553 0.507553 61 
-0.224111 -2.98393 5 0.0297027 0.325325 -0.280717 3.95353 22 867 11273 11247 1 0.399665 0.399665 64 
-2.73707 -5 2.92189 -0.089639 0.0631103 -0.04114 3.7472 22 868 1114 1113 1 5.52328 5.52328 109 
5 0.38648 -4.53579 -0.17823 0.435326 0.199614 3.76686 22 869 1180 1179 1 3.16349 3.16349 44 
4.80693 -5 2.79641 -0.0777765 0.0916542 0.00144786 3.69433 22 870 1848 1811 1 0.443607 0.443607 44 
3.04241 -1.84272 5 0.355326 0.341546 -0.134944 4.00006 22 871 7863 7862 1 0.251258 0.251258 13 
5 1.13152 2.55832 -0.391616 0.327195 -0.02647 3.76061 22 872 3972 3928 1 0.481055 0.481055 10 
-2.27061 -5 4.43713 -0.290081 0.166458 -0.0114378 3.81366 22 873 7343 7324 1 0.282594 0.282594 29 
1.61199 -0.978083 -5 -0.0418006 0.49652 0.738386 3.66624 22 874 4404 4215 1 4.52878 4.52878 31 
-0.19307 -5 3.87731 0.37931 0.24066 -0.0447471 3.72556 22 875 4522 4521 1 0.942113 0.942113 29 
5 -2.66917 -2.55936 -12.8879 -0.529793 14.6132 3.66203 -11 876 2951 2950 1 14.5123 14.5123 152 
-3.13518 -4.19652 -5 0.117307 -0.0733059 0.345131 3.66957 22 877 2279 2278 1 3.9547 3.9547 101 
5 -0.339817 -3.6285 -0.719289 -0.0934672 0.734761 3.71114 22 878 8918 8875 1 13.2438 13.2438 98 
0.513539 -5 3.04452 -0.257378 0.201016 0.0572029 3.73461 22 879 7587 7466 1 0.709274 0.709274 44 
3.88017 -5 -0.702278 0.325259 2.34246 3.37139 3.67005 22 880 1049 1048 1 147.365 147.365 1323 
0.750118 0.989867 -5 -0.754114 1.32122 1.67103 3.68015 22 881 1063 1 1 0.0798525 0.0798525 24 
5 1.74453 -2.36989 -0.172569 0.27605 -0.393874 3.8425 22 882 4981 4956 1 2.70945 2.70945 49 
1.61303 -4.75736 -5 -8.47973 9.57274 26.9298 3.66855 22 883 1021 1 1 0.544562 0.544562 7 
4.69073 -0.267766 5 -0.128402 0.346677 -0.352772 3.8041 22 884 2495 2494 1 2.56127 2.56127 35 
4.00611 3.40422 -5 0.418652 0.217578 0.196242 3.7126 22 886 20717 20716 1 3.40584 3.40584 9 
-0.174524 -4.22691 -5 -0.546771 0.307588 0.671139 3.67814 22 887 11571 11536 1 0.0418569 0.0418569 5 
0.146083 -5 3.5419 -0.156634 0.165127 0.0304719 3.68864 22 888 2794 1 1 36.2756 36.2756 397 
2.42401 -3.47738 5 -0.0415783 -0.153699 -0.485559 3.99143 22 889 3251 3217 1 3.50723 3.50723 14 
3.34605 -2.0403 -5 -2.19746 1.0762 4.50828 3.65621 22 890 1319 1 1 8.84895 8.84895 146 
4.59686 -5 2.21551 -1.88473 18.1877 29.1195 3.6772 -11 891 1283 1282 1 22.146 22.146 277 
5 1.79495 -4.37842 -0.125594 0.390893 0.304219 3.72746 22 892 20548 20546 1 6.11001 6.11001 43 
3.6253 4.47918 -5 0.174683 0.324544 0.353944 3.69207 22 893 7667 7655 1 3.95719 3.95719 16 
3.45421 -4.19526 5 0.0840426 -0.015495 -0.503802 3.7389 22 894 9958 9957 1 0.142087 0.142087 7 
-4.63978 -5 3.92468 -0.0405424 0.206207 -0.00331261 3.78064 22 895 9597 9508 1 1.3611 1.3611 35 
1.11843 -5 4.87284 -0.112835 0.161678 0.0363964 3.85918 22 896 7691 7690 1 0 0 2 
-2.26052 -5 -4.04815 -0.0911543 0.189945 -0.124405 3.73477 22 897 3754 3503 1 10.155 10.155 40 
0.982131 -1.96296 -5 -6.17966 18.3106 49.0698 3.66483 22 898 1092 1 1 0.685063 0.685063 58 
5 -1.54743 -1.17704 -0.70573 0.178528 2.05385 3.66939 22 899 2868 2824 1 11.2126 11.2126 119 
-3.33602 -3.77058 5 -1.28743 -1.31424 -1.82 3.94019 22 900 3881 3880 1 0.252329 0.252329 27 
-2.18614 -5 1.65707 -0.184334 0.187749 -0.337921 3.93047 22 901 2742 2741 1 0 0 6 
1.14957 -5 4.46969 -0.297345 0.272512 -0.313757 3.74123 22 902 13035 13034 1 15.2282 15.2282 141 
3.21373 -5 4.67638 -0.762291 0.614559 0.621113 3.71215 22 903 1732 1731 1 2.23046 2.23046 7 
-4.87299 -3.58647 -5 -0.0124413 -0.0301495 0.128251 3.66251 22 904 9213 9018 1 2.3234 2.3234 85 
5 -3.17483 -0.00174283 -0.404387 0.257876 0.228501 3.69887 22 905 4675 4053 1 0 0 3 
3.08468 -5 1.42896 -0.388948 0.538101 0.365431 3.7073 22 906 12043 12042 1 0.650012 0.650012 46 
0.103193 4.91696 5 0.0113288 0.183351 -0.102084 3.82257 22 907 7389 7321 1 3.07389 3.07389 47 
2.11415 -5 2.57972 -0.316967 0.243598 1.77452 3.67911 22 908 13979 12749 1 4.96238 4.96238 71 
4.44209 -0.27518 5 -5.3333 4.87331 -0.493067 3.76181 11 909 10146 9964 1 6.11084 6.11084 27 
2.63326 -2.2452 -5 -0.178554 0.167587 0.448501 3.67267 22 910 11135 11134 1 0 0 12 
0.918378 0.627 -5 -0.12043 0.318521 0.509429 3.6644 22 911 2253 2193 1 28.3667 28.3667 283 
2.36867 5 -4.22835 1.12455 -0.454127 1.49863 3.65607 11 912 1094 1 1 20.6705 20.6705 100 
3.9313 -5 -1.64615 -0.0796838 0.0470817 -0.160549 3.87401 22 913 23426 23424 1 0 0 6 
4.19272 -5 -3.82976 -2.011 5.49911 -1.18576 3.70446 22 914 9515 9411 1 0 0 5 
5 3.48826 2.88942 -0.358946 0.771196 0.164049 3.71275 22 915 2461 2406 1 2.67823 2.67823 23 
-4.04986 -5 1.38257 0.00524924 0.549649 -0.0803642 3.76276 22 916 17472 17471 1 0 0 4 
0.49008 0.0709197 -5 -3.80915 22.4491 17.3482 3.65752 11 917 1 0 1 92.7421 92.7421 641 
-2.73094 -5 -1.17338 0.0201085 0.50437 -0.0795376 3.69937 22 918 7690 7670 1 2.63525 2.63525 17 
5 -0.759815 -4.03364 -4.86225 3.73133 2.13223 3.67155 -11 919 7430 7429 1 7.77187 7.77187 104 
5 1.15506 -2.05967 -0.183868 0.468377 -0.0890806 3.75502 22 920 3925 3924 1 0 0 1 
-4.67268 1.48071 5 -0.361961 0.201755 -0.298997 3.80361 22 921 11049 11048 1 2.66031 2.66031 35 
5 3.21781 1.74636 -6.51106 2.66003 4.01249 3.69106 11 922 9740 9190 1 3.11787 3.11787 50 
-1.72397 -0.213806 -5 -0.160706 0.152174 0.807962 3.65736 22 923 7416 7235 1 61.2711 61.2711 621 
-1.33231 1.73773 -5 -0.0757652 -0.130983 0.393751 3.69079 22 924 1368 1307 1 7.57648 7.57648 112 
-1.09779 3.64564 5 -0.122123 0.0657339 -0.226306 3.87605 22 925 2401 2309 1 0.296499 0.296499 16 
4.75966 -5 4.65456 -0.520607 2.29699 23.7958 3.68474 -11 926 2505 2504 1 58.757 58.757 451 
-3.5051 -0.642145 5 -0.0718699 0.0713042 -0.250609 4.21413 22 927 2492 2491 1 0 0 8 
5 -1.42905 4.09104 -3.65535 5.08938 0.63151 3.6929 -11 928 20232 20231 1 10.029 10.029 178 
0.791068 2.31666 -5 -0.14845 -0.0743817 0.265391 3.68577 22 929 1120 1 1 3.05408 3.05408 82 
3.41525 1.87407 5 -0.171477 0.180085 -0.151944 3.72324 22 930 12119 10936 1 9.08895 9.08895 111 
-0.547244 -5 2.74072 -0.123477 0.227692 -0.0540472 3.7344 22 931 11462 11459 1 0 0 2 
3.457 -4.21026 5 -0.154866 0.150292 -0.463194 3.92717 22 932 2959 2958 1 0.811216 0.811216 18 
-0.186458 -5 3.66307 0.959424 2.93986 8.84596 3.68206 22 933 2922 1 1 79.8391 79.8391 555 
2.85162 1.75655 5 -0.0166077 0.095683 -0.161231 3.84458 22 934 15037 15036 1 0 0 3 
5 -2.4645 2.88446 -0.490039 0.0108468 0.280945 3.69815 22 935 6062 1 1 3.03106 3.03106 58 
-0.817595 4.68581 -5 0.0255658 -0.152687 0.233879 3.7021 22 936 24649 24552 1 0.370208 0.370208 8 
-3.24269 -5 4.57086 0.0211927 0.0776864 0.337533 3.73228 22 937 10887 10826 1 0 0 2 
-4.51339 -0.4845 5 0.0561686 0.223564 -0.456053 3.80269 22 938 1843 1796 1 0.640395 0.640395 72 
5 -1.05086 -4.11666 -0.35841 -0.12985 -0.340296 3.77818 22 939 15021 15000 1 0 0 5 
2.12636 -3.71677 5 -0.373911 -0.131908 -0.322352 3.76012 22 940 1906 1905 1 13.8652 13.8652 199 
1.39845 -5 3.068 0.193993 1.49161 1.29994 3.69242 22 941 5735 5620 1 20.2771 20.2771 267 
5 -4.12568 2.73147 -0.441953 -0.0152823 -0.256055 3.77552 22 942 2013 1989 1 4.17514 4.17514 61 
4.20968 4.63525 5 -0.209794 0.0634006 -0.155211 4.0397 22 944 10438 10437 1 4.02049 4.02049 71 
0.849768 3.06732 5 -0.132004 0.207844 -0.386381 3.88881 22 945 17841 17812 1 1.83873 1.83873 7 
5 -0.61412 -3.25366 -0.50895 0.195557 -0.0346786 3.71668 22 946 12504 12378 1 0 0 2 
0.133285 -3.68927 -5 0.122267 0.207577 0.378007 3.73688 22 947 7984 7983 1 6.03198 6.03198 58 
5 -4.85196 0.666811 -0.27111 0.308873 -0.303672 3.86563 22 948 16830 16805 1 16.1562 16.1562 246 
5 -0.0222588 -3.56289 -0.196936 0.0325328 0.236678 3.66148 22 949 1168 1144 1 3.26239 3.26239 19 
4.97885 0.203863 5 0.0280221 0.0445542 -0.417496 3.8665 22 950 1403 1402 1 0.388701 0.388701 25 
5 4.05591 -0.544935 -0.0340298 0.111349 -0.213799 3.8836 22 951 14481 1 1 4.24901 4.24901 120 
5 -1.87233 -1.32402 -0.375544 -0.0509562 0.342768 3.70079 22 952 7809 7808 1 4.12896 4.12896 37 
4.25718 -5 3.15789 -0.0839569 0.110319 0.0261323 3.7 22 953 2356 2355 1 2.32665 2.32665 88 
5 -1.08405 -0.14117 -0.738966 0.300198 2.14198 3.67659 22 954 6239 1929 1 0.35459 0.35459 41 
5 -3.12092 2.69848 -0.348943 0.0197252 0.0438127 3.76528 22 955 3507 3506 1 0.352002 0.352002 19 
5 -2.04373 -3.69382 -0.134166 0.0531072 -0.173301 3.79965 22 956 5596 5494 1 0.482202 0.482202 46 
5 4.99198 4.15319 -0.587128 0.25565 -0.205603 3.82416 22 957 7022 7021 1 0.483082 0.483082 38 
5 1.17888 3.10678 -0.313577 0.32994 -0.232226 3.77946 22 958 8039 8017 1 0.51069 0.51069 25 
5 -0.653689 -4.88887 -0.455572 0.157896 0.169242 3.70891 22 959 15953 15952 1 0 0 8 
2.90774 -5 -1.4238 -1.64241 6.29529 1.25716 3.68662 11 960 2614 2612 1 7.12146 7.12146 64 
5 1.76607 -0.209681 -0.629421 -0.0112499 0.0232068 3.69086 22 961 3268 3267 1 0 0 11 
0.278452 -5 0.964567 -0.00184694 0.264481 -0.434011 3.99166 22 962 11337 11253 1 0.192285 0.192285 7 
5 -3.51595 -3.67617 -0.267475 -0.110327 0.0714617 3.66488 22 963 5955 1 1 8.79271 8.79271 174 
1.44365 -1.20467 5 -0.0625825 0.0798217 -0.500831 3.99419 22 964 9212 9211 1 0.251761 0.251761 26 
0.948592 -5 1.51829 -0.163046 0.235089 -0.423402 3.77479 22 965 5827 5826 1 10.847 10.847 124 
-2.57676 -0.742042 5 -0.114186 0.178684 -0.16327 3.81833 22 966 1450 1 1 1.66085 1.66085 129 
1.70467 -5 3.4838 0.635785 1.97863 3.36606 3.68158 11 967 4137 3707 1 58.8475 58.8475 584 
-0.380658 -5 2.94213 -0.041821 0.629148 1.44738 3.68565 22 968 13482 10221 1 6.22579 6.22579 66 
5 2.80378 3.52554 -0.133177 -0.490444 0.0533694 3.77772 22 969 16737 16734 1 0 0 3 
3.30042 -5 -3.61244 -0.0169816 0.441774 0.19877 3.66447 22 970 4034 1 1 1.52252 1.52252 73 
-3.75535 1.39922 -5 -1.87893 1.11331 7.14056 3.66107 22 971 4987 1 1 6.4588 6.4588 93 
5 -4.38279 4.85721 -0.859894 -0.773726 -0.0665426 3.75082 22 972 10927 10871 1 5.62148 5.62148 51 
3.37437 -5 0.397472 -0.319448 0.377841 -0.127707 3.81421 22 973 16992 16991 1 3.51875 3.51875 75 
0.777118 -5 1.71083 -4.61467 5.47998 76.537 3.6752 11 974 1 0 1 37.3771 37.3771 455 
5 -0.905294 -0.652279 -1.51939 0.71421 -0.611272 3.70123 11 975 1280 1194 1 23.7315 23.7315 265 
-3.47769 -3.5822 5 -0.203253 0.264457 -0.356308 3.79401 22 976 24430 24428 1 1.7064 1.7064 80 
1.74868 -2.81717 -5 -0.0895521 0.132263 0.357231 3.65975 22 977 4726 4422 1 3.08803 3.08803 152 
2.37092 3.56405 -5 -0.114139 0.322523 0.602322 3.67371 22 978 4443 4339 1 0.840621 0.840621 46 
3.43655 -5 -3.04844 -0.509182 0.652361 0.987701 3.67548 22 979 11418 11311 1 0.0292413 0.0292413 16 
4.35409 -4.43936 5 -0.354819 -0.0936837 -0.355593 3.7694 22 980 4122 4121 1 2.78399 2.78399 42 
5 2.96425 -4.8998 -0.475702 0.0631332 -0.0362181 3.73987 22 981 11839 11794 1 0.408058 0.408058 43 
0.848293 -4.98227 -5 -11.8475 7.43814 38.5461 3.65286 -11 982 1819 1818 1 93.8811 93.8811 1006 
3.77717 -5 4.56778 -0.472775 0.190084 -0.0383708 3.71682 22 983 6161 6160 1 1.8866 1.8866 11 
1.25539 -0.248163 5 0.0720977 0.323777 -0.0659307 3.71887 22 984 2675 1 1 4.95292 4.95292 134 
2.83337 0.371298 5 -0.0513884 0.402506 -0.310593 3.87198 22 985 2784 2783 1 3.10712 3.10712 143 
1.29355 0.388171 -5 -0.204937 0.278247 0.376429 3.6995 22 986 22711 22681 1 0 0 1 
2.38845 -5 -1.12816 -0.236896 0.216145 0.243241 3.71444 22 987 3057 3029 1 0 0 4 
5 2.55401 3.10754 -0.414358 0.374274 0.36205 3.69726 11 988 2561 2304 1 4.99839 4.99839 73 
2.93684 -2.88452 -5 -18.7184 1.76836 51.8341 3.65487 11 989 1 0 1 31.5996 31.5996 375 
1.769 -3.92637 5 -0.0552508 0.130597 -0.111012 3.71289 22 990 1768 1767 1 14.5307 14.5307 162 
-4.06133 -5 -3.86306 -0.447206 0.395303 0.24628 3.7294 22 991 11365 11364 1 0 0 2 
-1.31952 -5 0.126347 -0.199927 0.166263 0.0548744 3.69255 22 992 8680 8254 1 0.381796 0.381796 14 
5 -4.79434 4.83329 -0.223843 0.0732632 -0.453483 3.82769 22 993 11622 11619 1 1.30965 1.30965 69 
4.04726 -4.41133 -5 0.155312 0.133911 0.122212 3.67027 22 994 5124 1 1 4.85535 4.85535 101 
3.46213 0.373617 -5 0.0604881 0.462103 0.610412 3.66414 22 995 11445 11230 1 0 0 11 
1.74703 -5 0.76623 -0.482468 0.15117 0.0741123 3.70648 22 996 1539 1538 1 1.88504 1.88504 92 
3.99335 -5 3.15725 -1.25105 1.06237 5.97363 3.6854 22 997 1068 1 1 6.23869 6.23869 56 
-4.65653 -0.176961 -5 -0.152769 0.098141 0.414417 3.66304 22 998 1839 1555 1 2.80587 2.80587 81 
3.18177 -4.22844 -5 -0.0893298 0.377886 0.213568 4.67263 22 999 2016 2015 1 5.85286 5.85286 147 
5 0.326151 -3.63771 -0.0290407 0.00523121 0.00402468 3.66254 22 1000 3472 3464 1 17.5523 17.5523 179 
