# Det4_6_19
#x y z Px Py Pz t PDGid EventID TrackID ParentID Weight Edep VisibleEdep Ntracks
-4.23609 4.98945 -5 -0.147674 0.61497 1.41462 3.98357 22 1 2163 2085 1 5.28804 5.28804 116 
0.23185 -5 -3.71106 -0.281451 0.101765 0.261114 3.9685 22 2 6826 6726 1 11.3397 11.3397 173 
-1.06217 3.61282 -5 -1.00238 0.689075 4.4988 3.96259 22 3 3433 3116 1 2.43485 2.43485 57 
2.63706 -5 3.40716 -0.341719 0.277204 0.586067 3.99937 22 4 4738 4622 1 3.19458 3.19458 73 
-1.87114 -4.62704 -5 -0.175287 -0.0172658 1.59549 3.95591 22 5 2433 1923 1 4.02545 4.02545 79 
5 2.63131 1.17155 -0.0981667 -0.197815 -0.000906214 3.99964 22 6 5304 1 1 9.034 9.034 54 
1.85318 2.26065 -5 -0.357103 0.155172 0.354132 3.97308 22 7 1341 1315 1 6.00433 6.00433 182 
-4.01642 5 0.646249 0.0463317 -0.217729 -0.459965 4.04588 22 8 10201 10199 1 0 0 14 
-4.84956 -4.28923 -5 0.00991518 0.194894 0.386599 3.9611 22 9 1914 1842 1 13.397 13.397 139 
0.963274 -5 3.3424 0.0122942 0.373832 -0.348164 4.0546 22 10 6078 6076 1 0.410187 0.410187 13 
1.16264 3.37776 -5 -2.46776 0.42257 4.37669 3.96523 22 11 5830 5610 1 10.8963 10.8963 94 
-5 -1.26277 4.21657 0.0716697 -0.0123212 0.0225914 4.01821 22 12 10524 10494 1 2.03298 2.03298 246 
5 -3.32401 4.92671 -0.456802 0.148594 0.272132 4.01399 22 13 4076 3983 1 7.21832 7.21832 92 
5 2.45448 -0.210587 -0.428609 0.274293 0.0466644 4.04642 22 14 5659 5647 1 7.67115 7.67115 69 
-4.9938 -5 -0.792161 -0.0562792 0.532157 0.0863041 4.05142 22 15 14047 13915 1 0.604174 0.604174 34 
2.13472 -5 -0.760998 0.449052 0.125501 -0.209098 4.07907 22 16 1468 1465 1 11.6204 11.6204 99 
5 -1.86917 -4.73324 -0.193227 0.912891 0.0987804 4.00835 22 17 2572 2571 1 1.93432 1.93432 89 
1.40641 5 0.528423 -1.18118 -2.44064 2.67055 4.02953 -11 18 1974 1973 1 32.7855 32.7855 413 
2.76075 -5 -1.99397 -0.151627 0.516651 -0.0426789 3.99532 22 19 3318 3317 1 1.20245 1.20245 101 
-2.25403 3.30169 -5 -0.370264 0.683311 0.989171 3.96739 22 20 1769 1 1 49.5509 49.5509 366 
5 1.54843 -4.60351 -0.454964 -0.129804 0.240206 3.98076 22 21 1910 1793 1 9.69928 9.69928 125 
-2.11675 -3.70659 -5 -0.240685 -0.0959928 0.440427 3.95629 22 22 1868 1867 1 60.6636 60.6636 775 
-0.618792 3.78871 -5 -0.298147 0.144169 1.83542 3.95962 22 23 11374 11323 1 4.08366 4.08366 40 
-1.34004 -5 1.18937 0.0751546 0.360477 0.3543 3.99734 22 24 1542 1541 1 42.9379 42.9379 453 
3.10467 2.37462 -5 0.0539796 2.23725 6.45376 3.95901 22 25 2719 2642 1 35.469 35.469 398 
5 -0.0726762 4.60699 -0.421614 0.284059 -0.0516922 4.0696 22 26 4984 4983 1 0.605216 0.605216 17 
3.97133 -5 -4.17704 0.0529315 0.307351 1.46341 3.95701 22 27 5737 5504 1 31.6506 31.6506 286 
1.06592 3.31397 -5 -0.661967 1.19286 10.3148 3.9573 22 28 2568 1 1 4.64651 4.64651 67 
5 4.92081 -4.44161 -0.273655 0.149497 0.404825 3.96737 22 29 1988 1987 1 13.9723 13.9723 133 
-1.8143 -5 -2.4737 -0.328302 0.298125 -0.253888 4.0808 22 30 2227 2225 1 5.90413 5.90413 62 
1.36671 -4.24027 -5 1.06504 0.797144 0.38584 3.96525 22 31 3006 3005 1 19.7972 19.7972 84 
3.14579 -4.43591 -5 -0.490918 0.269024 27.0324 3.95286 22 32 1038 1 1 17.0564 17.0564 179 
0.555177 -2.51016 -5 -0.298994 0.0350278 1.78662 3.95705 22 33 3775 3561 1 9.35547 9.35547 173 
-0.726642 -3.06498 -5 -5.43372 -1.13288 21.0193 3.96185 22 34 5134 4898 1 6.79387 6.79387 73 
-3.73788 -1.21724 -5 -0.192774 0.326434 1.50197 3.96075 22 35 15166 14839 1 8.68429 8.68429 75 
-4.53486 -3.01807 -5 -0.793238 0.513403 4.39967 3.95776 22 36 7227 6976 1 5.11869 5.11869 139 
-2.00362 -0.342794 -5 -0.0524807 0.0568023 0.46944 3.96556 22 37 5005 5003 1 16.5292 16.5292 269 
1.58935 3.23722 -5 -1.89411 1.27038 1.27574 3.97676 22 38 6073 6013 1 10.208 10.208 105 
5 1.14601 -0.254351 -5.79289 17.763 -4.46404 4.0604 22 39 8994 8991 1 0.482776 0.482776 48 
-2.95438 -2.31954 -5 -0.214055 0.00433851 0.463984 3.95506 22 40 2338 2311 1 46.2271 46.2271 463 
2.55564 0.707437 -5 -0.290223 -0.0571728 0.158692 4.07237 22 41 2725 2652 1 1.43035 1.43035 69 
-5 1.43071 -0.894594 0.250034 -0.0142085 0.00565597 4.01663 22 42 2885 2798 1 7.69779 7.69779 92 
-2.3115 -4.23518 -5 -0.268655 0.012142 0.388917 3.98004 22 43 11116 11020 1 0.0400936 0.0400936 5 
2.86275 -4.96968 -5 0.00359522 0.0110455 0.291731 3.95285 22 44 3115 2481 1 28.7481 28.7481 261 
-0.914633 1.29622 -5 -0.904883 1.66983 13.7922 3.96743 -11 45 1809 1808 1 9.15189 9.15189 104 
5 4.72525 -4.40849 -0.572567 -0.320761 0.534294 3.99539 22 46 1142 1 1 1.03107 1.03107 15 
2.92557 -5 4.92936 -1.82793 0.743568 9.41349 3.99339 22 47 2888 2816 1 6.91694 6.91694 108 
3.62982 -5 1.2272 -0.904464 0.640579 4.32639 3.9783 22 48 3166 2950 1 9.6916 9.6916 97 
4.11604 -5 1.23248 -0.165132 0.463816 -0.136841 4.03392 22 49 3313 3277 1 3.51148 3.51148 43 
5 -0.138924 1.06611 -0.28875 0.187818 0.145558 4.01626 22 50 10762 10715 1 0.542909 0.542909 92 
-1.26999 -4.45571 -5 -0.0245432 0.353276 1.1787 3.95945 22 51 1257 1 1 36.6972 36.6972 264 
3.02896 -1.55512 5 0.330408 -0.194776 -0.337658 4.1077 22 52 3716 3714 1 33.1563 33.1563 280 
-1.62142 -5 -4.86894 -0.127996 0.225982 2.1466 3.95515 22 53 5615 5342 1 2.74427 2.74427 70 
-2.37159 -5 0.728692 0.129793 0.340813 -0.357939 4.09232 22 54 11508 11507 1 0.388451 0.388451 12 
2.71388 -4.94399 -5 -0.145539 0.0634305 0.515361 3.96066 22 55 8401 8211 1 13.189 13.189 116 
-0.432701 3.96824 5 -0.017107 0.0611705 -0.157858 4.06559 22 56 1532 1531 1 17.1784 17.1784 312 
5 -3.07183 0.966143 -0.27488 -0.157377 0.400991 3.98883 22 57 2263 2233 1 7.87544 7.87544 138 
-2.15699 -5 2.87685 -0.163433 0.27583 0.397903 4.01511 22 58 12544 12542 1 0.206822 0.206822 20 
5 -4.35009 3.9287 -0.124678 0.208606 0.0873338 4.00844 22 59 3360 3316 1 4.76684 4.76684 39 
-2.55789 2.18886 -5 0.300161 0.261289 0.920508 3.95852 22 60 2025 1884 1 64.6948 64.6948 549 
-1.09115 -5 2.35419 -1.57441 1.31231 0.663805 4.01193 22 61 1670 1602 1 0 0 11 
5 -0.765741 0.0194044 -0.229804 0.0759908 0.387003 4.0036 22 62 1459 1365 1 3.57826 3.57826 76 
0.0479417 -1.11022 -5 -0.411009 0.201756 0.65853 3.95925 22 63 6501 6214 1 7.70865 7.70865 74 
-3.0545 -0.23746 -5 -1.23994 1.17659 5.77496 3.96479 22 64 3527 3359 1 1.67728 1.67728 45 
-1.49754 -5 1.7536 -1.76455 1.59704 -0.175951 4.03695 22 65 4512 4511 1 7.876 7.876 183 
5 -1.45166 0.546111 -0.387238 0.213272 1.19581 3.97869 22 66 2597 1 1 7.94584 7.94584 97 
-3.7848 5 -3.89458 0.0280367 -0.508934 -0.0363347 4.00452 22 67 1324 1323 1 0.234479 0.234479 31 
-3.65066 -1.12087 -5 -0.271986 -0.119026 0.705036 3.95952 22 68 1552 1 1 23.0327 23.0327 264 
1.56598 -5 4.14295 -3.90643 1.53825 4.73123 4.00951 22 69 4674 4572 1 1.55231 1.55231 38 
3.42445 -0.973915 -5 -0.19132 -0.309088 0.330224 3.96801 22 70 2150 1 1 0.424133 0.424133 29 
5 1.25644 2.85397 -0.209644 0.00627056 0.0231662 4.01213 22 71 1767 1737 1 0.736541 0.736541 50 
5 -1.77036 -4.38409 0.12984 0.884982 2.39551 3.95942 11 72 2739 2709 1 10.0517 10.0517 103 
5 1.8471 -0.130449 -0.19292 0.463128 -0.0970272 4.13388 22 73 5850 5838 1 8.7801 8.7801 196 
4.44847 -2.08623 -5 2.79982 14.2595 48.7873 3.95439 -11 74 1678 1677 1 51.4509 51.4509 471 
-1.12163 0.948045 -5 -0.585672 0.372705 1.17314 3.9678 22 75 9825 9797 1 10.0882 10.0882 98 
-4.62608 3.59502 -5 -0.558439 0.350696 3.7955 3.95868 22 76 1540 1104 1 17.8156 17.8156 297 
4.84968 -0.732115 -5 -0.141729 0.0926668 7.68392 3.9529 22 77 1191 1 1 72.6432 72.6432 662 
-2.61886 -2.11284 -5 0.00631007 9.35949 2.40836 3.99409 22 78 4308 4305 1 2.78886 2.78886 94 
-5 -3.99309 0.722645 0.0686204 -0.0181355 0.150467 3.9896 22 79 4264 4263 1 15.4693 15.4693 280 
-0.363617 3.59042 -5 -0.438562 0.375678 1.36511 3.96903 22 80 1427 1 1 8.58151 8.58151 89 
4.36824 -1.41381 -5 0.0808032 0.28958 2.5044 3.95501 22 81 1310 1156 1 75.4954 75.4954 690 
-1.3399 -5 3.8646 -0.464246 0.653782 0.641947 3.99976 22 82 2126 1331 1 24.9984 24.9984 157 
3.39522 -3.24356 -5 -0.448988 0.709368 4.33427 3.95588 22 83 1155 1 1 9.5704 9.5704 125 
3.32446 -2.11014 -5 -0.196608 0.0346224 0.677658 3.95919 22 84 5650 5335 1 2.31681 2.31681 57 
3.0695 4.61331 -5 0.115238 -0.102743 0.487118 3.97121 22 85 2143 2118 1 126.964 126.964 1196 
0.459279 2.17433 -5 -1.74562 4.90914 60.8426 3.95409 22 86 2188 1 1 27.85 27.85 210 
-0.451062 0.443007 -5 -22.0036 15.0158 233.085 3.95311 11 87 1 0 1 72.0866 72.0866 562 
5 2.31666 -0.880098 -0.177473 0.187363 -0.0467421 4.10086 22 88 3854 3441 1 0.43478 0.43478 51 
0.963427 -2.75086 -5 -3.97447 -2.4946 5.21552 3.96748 -11 89 2683 2682 1 8.65414 8.65414 293 
0.537471 4.82309 -5 -0.211202 0.0983778 1.04245 3.96344 22 90 6097 6096 1 8.07781 8.07781 146 
2.17183 0.397867 -5 -0.206145 0.409642 0.428326 3.99137 22 91 3608 3607 1 2.25319 2.25319 39 
-0.0295226 -5 -2.53324 5.35825 -0.21603 25.1524 3.96203 -11 92 1553 1552 1 85.2095 85.2095 958 
-2.40965 -5 4.34135 -0.0492447 0.0509076 0.210054 3.9877 22 93 1218 1 1 7.29104 7.29104 147 
-3.87197 -5 2.19717 -0.33457 0.23723 0.304803 4.04881 22 94 3623 3622 1 4.84736 4.84736 26 
4.16917 1.84686 -5 -0.0413975 0.901501 1.66788 3.98551 22 95 7078 6763 1 0.284367 0.284367 23 
5 -3.69618 4.1488 -0.0199724 1.76267 -0.605879 4.05485 22 96 15045 15020 1 0.392826 0.392826 13 
5 1.87705 0.627601 -0.361423 -0.00294087 -0.0600192 4.10758 22 97 2059 2058 1 4.02968 4.02968 55 
4.72972 3.71177 -5 -0.0309674 0.57221 1.19084 3.96336 22 98 1779 1 1 14.4694 14.4694 211 
1.61391 -4.60287 -5 -2.14509 2.62047 10.1409 3.95985 22 99 2756 2527 1 3.67854 3.67854 30 
2.65473 -1.64497 -5 -0.153813 0.489873 0.491184 3.97092 22 100 3952 3797 1 15.2228 15.2228 147 
1.78231 -0.0113381 5 -0.286803 0.251822 -0.251319 4.01966 22 101 1143 1078 1 39.9526 39.9526 483 
5 -1.66644 -2.45624 -0.482684 -0.244374 0.12914 4.06166 22 102 3499 3496 1 14.9796 14.9796 129 
4.83984 3.31325 -5 -0.511211 -0.148017 1.56885 3.98752 22 103 2739 2690 1 0.918843 0.918843 39 
-1.96694 2.63413 -5 -0.211956 -1.45006 3.81991 3.97382 22 104 1435 1339 1 13.0253 13.0253 114 
-4.05765 3.63927 5 -0.183867 0.289286 -0.302333 4.05929 22 105 3516 3219 1 6.43081 6.43081 92 
4.94645 4.60629 -5 1.75493 1.88796 1.57656 3.98406 22 106 1086 1 1 0.568763 0.568763 42 
1.93707 -2.77967 5 0.119438 0.299066 -0.473287 4.04128 22 107 7923 7878 1 0.710019 0.710019 69 
-4.79945 -4.73674 -5 -0.697759 0.303806 3.14005 3.98219 22 108 1242 1193 1 14.1902 14.1902 152 
-0.342358 -5 4.16096 -0.0808055 0.305838 -0.0453195 4.01434 22 109 2059 2003 1 24.3419 24.3419 276 
5 -4.92497 4.65718 -0.393418 0.0966765 0.26455 4.00693 22 110 1898 1661 1 1.30982 1.30982 42 
-3.95954 5 -0.783984 -0.155866 -0.296351 0.0770516 4.02731 22 111 1950 1949 1 10.8051 10.8051 81 
-5 2.72907 0.150535 0.510527 0.021512 -0.00434169 4.07959 22 112 2073 2072 1 10.2621 10.2621 267 
-3.45996 -1.41357 -5 -0.432486 -0.0575928 1.26586 3.96186 22 113 1228 1179 1 7.16238 7.16238 106 
3.26087 -5 4.42406 -0.41785 0.138411 0.259544 4.02118 22 114 2314 2299 1 2.95923 2.95923 23 
5 4.24512 -2.28716 -0.164368 0.489726 0.7222 3.97609 22 115 1627 1 1 18.4889 18.4889 231 
3.82149 5 4.70464 0.0064991 -0.221306 0.0163235 4.06669 22 116 1559 1495 1 12.3583 12.3583 38 
5 -0.690573 -1.53263 -0.191103 0.425102 0.209495 4.07579 22 117 1968 1937 1 14.1859 14.1859 73 
1.30319 0.669365 -5 0.134851 0.305152 0.387063 3.98385 22 118 1891 1867 1 8.31878 8.31878 112 
-3.48796 -0.338669 -5 -0.11833 0.0966118 0.52004 3.96343 22 119 2661 2319 1 4.91724 4.91724 75 
5 -2.77696 1.52123 -0.177595 -0.129697 -0.0327192 4.01121 22 120 8360 8359 1 1.08895 1.08895 92 
-2.74171 -5 -0.977391 -0.255574 0.393111 0.20314 4.01247 22 121 1705 1704 1 11.6347 11.6347 105 
5 1.05101 -3.55958 -3.1195 0.272153 4.83166 3.97207 22 122 1744 1729 1 4.12619 4.12619 44 
5 -0.481776 -1.49988 -0.326083 -0.0348367 -0.00340491 3.98925 22 123 7063 6523 1 8.46404 8.46404 21 
2.54465 -3.96314 -5 1.12706 2.62262 19.0893 3.95541 22 124 5395 4010 1 7.56861 7.56861 83 
5 -4.41155 2.72789 -0.428123 -0.0414159 0.27589 3.99529 22 125 1455 1422 1 5.59133 5.59133 166 
5 -2.7565 0.0363256 -0.130493 -0.174383 0.163491 4.0036 22 126 2791 2787 1 10.8913 10.8913 108 
1.25179 -1.3631 -5 -8.74233 6.91854 13.7461 3.96275 11 127 3428 1810 1 15.9474 15.9474 220 
1.61551 0.574314 -5 1.09933 0.720581 0.917189 3.98182 22 128 3238 3214 1 12.7406 12.7406 159 
-0.669266 -5 4.72542 -0.488673 0.149145 -0.00864129 4.04468 22 129 3327 3295 1 4.76703 4.76703 49 
2.95312 -3.17196 -5 -0.0779124 0.16088 1.9064 3.95481 22 130 7717 6609 1 6.59355 6.59355 65 
4.02166 0.371232 -5 -0.032263 0.0893707 0.615496 3.95567 22 131 1503 1 1 14.0841 14.0841 129 
2.81258 -2.31187 -5 0.0505054 0.666066 1.16203 3.96546 22 132 3846 3355 1 16.4065 16.4065 240 
0.128035 3.00551 5 -0.49619 0.362667 -0.373828 4.08537 22 133 2082 2081 1 3.65548 3.65548 104 
-0.861548 -0.730162 -5 -0.798226 0.444077 8.05637 3.95515 22 134 1329 1 1 30.687 30.687 397 
-1.60985 -2.40926 -5 -0.193731 0.115437 0.314304 3.98569 22 135 1830 1 1 10.4188 10.4188 111 
-0.46381 0.645717 -5 -2.87538 1.23447 3.59632 3.97007 22 136 5317 5262 1 11.0613 11.0613 74 
0.606326 4.94669 -5 0.0497809 -0.169397 0.588714 3.96855 22 137 1466 1146 1 33.6607 33.6607 448 
-4.90195 -0.320757 -5 -1.32682 0.995608 6.9486 3.95958 22 138 4479 4193 1 7.12515 7.12515 103 
2.9615 3.49045 -5 -0.486203 0.0934601 0.711934 3.96482 22 139 4872 4713 1 9.00641 9.00641 147 
-1.05197 -5 -1.48087 -2.2396 2.99794 -3.77637 3.98564 11 140 2993 2961 1 3.26456 3.26456 66 
-1.24775 5 -2.63453 -0.423838 -0.22148 0.180076 4.03209 22 141 2084 2083 1 11.3957 11.3957 90 
2.55745 -3.84093 -5 -0.0396908 0.141879 0.4893 3.9563 22 142 2760 2759 1 64.3788 64.3788 524 
-3.43396 -0.261026 -5 -0.355544 0.763576 7.81142 3.95516 22 143 3416 3245 1 11.2989 11.2989 140 
-3.22622 2.73596 -5 -0.414676 0.277509 0.258461 4.02665 22 144 3019 3018 1 3.21095 3.21095 16 
4.088 -4.21682 -5 -0.106455 -0.117238 0.0519152 3.98689 22 145 3096 3067 1 6.11755 6.11755 76 
5 -4.98797 0.246685 -0.169871 0.0902536 0.0636309 3.97797 22 146 1236 1235 1 30.4957 30.4957 230 
4.97746 0.838856 -5 0.0951837 6.38435 23.8628 3.95884 22 147 4049 4017 1 5.64742 5.64742 117 
4.18868 -5 -0.427792 1.33445 6.48631 15.238 3.98894 11 148 2880 2721 1 2.47017 2.47017 69 
-2.4342 -5 -1.83632 -0.343077 0.0633672 0.148228 3.98889 22 149 1849 1484 1 13.0083 13.0083 134 
-1.25894 -2.50163 -5 -1.62506 0.886915 5.84616 3.96047 22 150 1878 1877 1 6.38085 6.38085 139 
0.778082 -5 0.00675091 -0.126158 0.310775 -0.0624737 4.04335 22 151 5174 5130 1 1.27761 1.27761 59 
-1.21497 -1.23251 -5 0.0600951 0.109927 0.360902 3.96395 22 152 1955 1769 1 7.65663 7.65663 170 
-4.89499 -2.79607 -5 -0.273155 0.345429 0.259201 3.99822 22 153 9344 9343 1 5.35674 5.35674 64 
0.888071 -5 0.602038 -0.0897489 0.329341 0.144751 3.99469 22 154 1467 1 1 38.2747 38.2747 272 
-3.00319 -5 4.01142 -1.2691 1.18825 1.454 4.00885 22 155 2338 2236 1 11.2508 11.2508 250 
-1.02668 -3.41757 -5 -4.04553 1.83417 15.043 3.95767 22 156 1603 1574 1 20.1845 20.1845 238 
3.72879 3.70712 -5 -0.619347 0.612204 0.781253 3.98157 22 157 2484 2457 1 3.26425 3.26425 130 
2.85225 5 4.85498 -0.320462 -0.0606153 0.148551 4.11199 22 158 2047 2045 1 1.83264 1.83264 103 
2.38606 -5 2.98871 0.0270994 0.500632 0.0987583 4.04287 22 159 2745 2710 1 14.6796 14.6796 124 
0.292473 -5 -2.03608 -0.0221406 0.415238 0.144998 3.98477 22 160 5814 5813 1 32.0128 32.0128 255 
5 -4.28379 3.72628 -1.99418 -0.219371 -0.367828 3.99547 -11 161 3145 3144 1 23.0021 23.0021 366 
5 -3.69838 -0.926506 -1.6163 -1.03253 1.84586 4.00912 -11 162 7318 7317 1 3.71356 3.71356 35 
0.59491 4.64157 -5 0.0123191 0.204937 0.189977 3.97682 22 163 1058 1 1 4.14348 4.14348 47 
-0.831474 -5 3.63074 -0.124575 0.177405 -0.0858934 4.00294 22 164 1134 1132 1 45.9236 45.9236 426 
1.08328 -5 0.300941 -0.124422 0.405252 0.569538 3.99473 22 165 12785 12326 1 0.171516 0.171516 46 
-4.20186 -5 -0.467302 -0.411219 0.261998 -0.152893 4.16729 22 166 15773 15771 1 0 0 3 
-3.65874 4.37061 -5 -0.0429112 0.25734 0.410844 3.98217 22 167 9478 9256 1 0.510626 0.510626 30 
-0.137746 2.90945 -5 -1.28075 0.0951424 0.83283 4.00852 22 168 2098 2032 1 16.7956 16.7956 281 
5 1.47377 -4.17625 -0.186622 0.000518685 -0.237855 4.11513 22 169 1512 1511 1 3.73646 3.73646 90 
5 2.68797 0.580907 -0.142886 0.286256 -0.130203 4.03886 22 170 6939 6922 1 8.47666 8.47666 123 
2.58469 -5 -0.85934 -0.100811 0.113267 0.894244 3.97123 22 171 3341 3082 1 2.71525 2.71525 135 
-2.46815 4.92682 -5 0.0675378 0.817838 7.99689 3.95608 22 172 2902 2819 1 62.0135 62.0135 413 
-4.77963 3.67959 -5 -0.794502 1.15733 4.97003 3.96234 22 173 4403 3925 1 1.49341 1.49341 19 
0.164483 0.806252 -5 -0.212706 0.0731396 0.310658 3.98645 22 174 1349 1248 1 0.383139 0.383139 29 
-1.64895 4.95999 -5 -1.34711 -3.27322 5.41303 3.9586 -11 175 1122 1121 1 48.5914 48.5914 536 
5 -0.080489 3.6613 -0.114058 -0.129301 0.0166592 4.0605 22 176 1485 1355 1 3.34092 3.34092 89 
-3.29324 -5 -1.61656 -0.386606 0.497865 3.45783 3.96859 22 177 5401 5305 1 0.487953 0.487953 13 
5 -0.785707 3.28388 -0.210904 0.143369 1.34454 3.98668 22 178 6231 5661 1 2.58897 2.58897 25 
2.7932 -1.10389 -5 0.0893802 0.313203 0.393745 3.98814 22 179 1387 1386 1 27.2598 27.2598 129 
-3.45856 -5 2.65348 -0.192055 0.174963 -0.127909 4.03338 22 180 4222 4221 1 3.74579 3.74579 44 
0.601488 2.37452 -5 -0.322518 -0.0378388 0.810618 3.97188 22 181 4077 4037 1 0.872886 0.872886 32 
5 -2.50349 2.15938 -0.0703013 0.463103 0.204239 4.03774 22 182 6457 6456 1 0 0 10 
-4.22541 -1.34092 -5 0.0126047 0.932554 0.665587 3.97376 22 183 1962 1915 1 10.7379 10.7379 103 
4.68626 -5 -3.9101 -0.102763 0.0319436 0.636028 3.95981 22 184 8015 6591 1 11.2987 11.2987 144 
3.83248 2.61859 -5 -0.354042 0.337331 0.470074 3.96855 22 185 2347 2317 1 18.6772 18.6772 225 
5 -1.78266 -1.74167 -0.415496 0.177061 0.589878 3.97917 22 186 3227 3063 1 3.37983 3.37983 28 
1.64751 -4.014 -5 -0.257913 -0.0938652 0.183596 3.97928 22 187 18294 18080 1 0.162884 0.162884 20 
4.98146 -2.90426 -5 -0.011498 8.63411e-05 0.657139 3.95279 22 188 1749 1 1 60.5586 60.5586 447 
2.46741 3.00821 5 -0.0601207 0.297645 -0.0906339 4.09765 22 189 4342 4205 1 0.669821 0.669821 29 
5 2.69028 0.238602 -0.29755 0.0509123 0.412301 3.9898 22 190 7794 7793 1 4.89136 4.89136 236 
5 0.287808 1.76764 -0.401513 0.00263151 0.0795067 4.0562 22 191 1215 1197 1 3.9605 3.9605 72 
2.61183 2.16039 -5 0.018795 1.8725 14.1524 3.95597 22 192 1563 1399 1 0.983948 0.983948 68 
5 2.20933 2.04063 -0.728842 0.11736 -0.0862417 4.00845 22 193 2305 2266 1 3.99297 3.99297 79 
-4.75758 -4.78158 -5 -1.60131 1.44473 9.5891 3.9605 22 194 4321 3839 1 1.12558 1.12558 102 
1.0094 4.4514 -5 0.113292 0.132128 0.928215 3.95904 22 195 5764 5700 1 0 0 9 
2.48495 -5 4.22604 -2.64556 3.76725 -0.790408 4.01895 22 196 2408 2407 1 0 0 13 
-4.59048 4.41855 -5 -0.174572 0.0178961 0.322834 3.96792 22 197 1902 1765 1 14.3054 14.3054 119 
5 1.43024 -3.60171 -4.09781 -1.40485 0.853965 3.99426 11 198 1344 1274 1 18.4518 18.4518 188 
4.91298 -0.220542 -5 -0.412887 1.29439 3.27728 3.96627 22 199 10168 9935 1 3.9734 3.9734 75 
5 1.61008 0.976698 -0.283279 0.305684 0.295686 4.01713 22 200 4620 4589 1 0.613916 0.613916 29 
4.32079 -1.68024 -5 -5.27437 8.1604 7.76446 3.97054 -11 201 1346 1345 1 7.14902 7.14902 83 
0.583641 -3.57334 -5 -0.25805 0.205493 0.39026 3.97455 22 202 1495 1494 1 6.55271 6.55271 136 
-2.45426 0.421215 -5 -0.0345682 0.35651 4.10971 3.95565 22 203 1192 1 1 30.5432 30.5432 223 
-4.04898 -5 1.27275 -0.524966 0.393242 0.241141 4.05431 22 204 6237 6214 1 0.0466335 0.0466335 9 
2.07446 -1.26143 -5 -0.183239 0.327041 1.75699 3.96026 22 205 1079 1049 1 10.9758 10.9758 141 
5 -1.62851 3.57672 -0.143811 0.231448 -0.0597947 4.0656 22 206 4578 4510 1 7.85933 7.85933 89 
-2.94979 -3.99586 -5 -0.256261 -0.112283 0.427601 3.97106 22 207 1811 1787 1 23.8873 23.8873 195 
2.88649 1.42469 -5 -0.345531 0.125734 0.883861 3.96185 22 208 1803 1726 1 3.92939 3.92939 93 
-4.34847 -5 -0.55286 -0.446012 0.24645 0.0381451 3.99959 22 209 2765 2764 1 40.4867 40.4867 316 
-2.51078 2.09573 -5 -0.31172 0.0153878 0.735049 3.97438 22 210 1200 1 1 2.81243 2.81243 54 
5 -4.87274 0.247905 -0.930616 -0.0345644 0.742186 4.02736 22 211 2266 2265 1 0.145239 0.145239 35 
-1.56754 1.13066 -5 0.0596675 0.119611 0.212713 4.06378 22 212 3449 3447 1 14.3984 14.3984 177 
-2.12117 -3.96337 -5 -0.269457 0.33327 0.278287 3.96749 22 213 4599 4598 1 15.5246 15.5246 109 
-1.08872 0.575322 -5 -1.01154 0.589816 6.96623 3.95353 22 214 2667 2364 1 159.275 159.275 1092 
5 0.660996 -4.98731 -0.142229 -0.0315899 0.192957 3.95704 22 215 1473 1450 1 12.2307 12.2307 29 
0.787086 -1.61609 -5 -1.72099 2.34716 9.817 3.95936 22 216 1062 1 1 21.629 21.629 203 
3.37636 1.84034 -5 -0.764745 1.00294 4.66315 3.96208 22 217 5088 5029 1 0.962035 0.962035 12 
2.02194 -3.39881 -5 -0.470356 0.288521 0.629964 3.96278 22 218 4429 4370 1 3.56439 3.56439 90 
1.21374 -3.91463 -5 -0.705303 1.25666 7.00459 3.95702 22 219 3146 2996 1 1.4904 1.4904 61 
1.70557 -5 3.623 0.00639505 0.412319 0.0906673 4.01039 22 220 2838 2815 1 0 0 15 
-3.18317 -3.75038 -5 -0.414215 0.0905853 0.279022 3.99463 22 221 5880 5878 1 0.842275 0.842275 65 
-4.01838 5 -0.954177 -0.227481 -0.068235 0.353471 4.00784 22 222 2786 2755 1 15.1788 15.1788 345 
5 1.90737 -3.5505 -0.393305 0.0791027 0.120216 3.97039 22 223 1850 1705 1 1.62017 1.62017 72 
0.968462 -5 -3.07771 -0.276884 0.290685 2.76106 3.96143 22 224 1389 1083 1 36.9968 36.9968 373 
0.430402 -0.475919 -5 -7.98592 -1.11166 0.300226 4.00601 11 225 1 0 1 6.78155 6.78155 104 
-0.120396 5 -0.38595 -0.0709832 -0.152063 -0.0650731 3.98502 22 226 2859 2456 1 55.2579 55.2579 603 
0.303181 -5 -1.71599 -0.00625714 0.139604 -0.167079 4.05651 22 227 6680 6471 1 0.646988 0.646988 40 
3.37922 -4.56629 -5 -0.0332941 0.0191001 1.04932 3.95327 22 228 1746 1 1 24.5612 24.5612 324 
0.404003 -1.67953 -5 -1.17617 2.27975 12.332 3.95903 22 229 4577 4241 1 8.56546 8.56546 150 
1.32313 -5 1.98465 -0.102344 0.395064 0.919919 3.98222 22 230 2456 2336 1 0.393889 0.393889 42 
-4.5485 3.1819 -5 -1.74146 3.48153 10.0991 3.96966 22 231 25562 25133 1 1.27938 1.27938 8 
5 -3.81213 2.9022 -0.244104 -0.611101 0.321004 4.06985 22 232 2382 2381 1 5.16943 5.16943 132 
3.56413 -3.33023 -5 -0.339884 0.20129 2.37893 3.95671 22 233 1791 1305 1 2.9427 2.9427 78 
5 -1.8355 2.37503 -0.239747 0.151154 0.425199 4.0048 22 234 1447 1446 1 1.16179 1.16179 85 
-0.116009 3.33492 -5 -0.312624 0.805166 3.83016 3.95935 22 235 2552 2381 1 4.164 4.164 119 
3.95647 -5 -0.893658 0.0522721 0.490178 -0.134584 4.02516 22 236 1183 1149 1 0.288516 0.288516 10 
-4.36279 4.02598 -5 -0.157666 0.216824 0.264078 3.97936 22 237 2609 2521 1 6.65364 6.65364 105 
3.99483 -0.502264 -5 -0.178754 -0.0072319 0.478659 3.96312 22 238 1252 1251 1 0.337956 0.337956 11 
1.39791 -4.61715 -5 -0.296581 0.14868 0.959816 3.96474 22 239 4058 3907 1 3.8959 3.8959 23 
3.86977 -3.7993 -5 -4.57408 -5.03721 7.96434 3.95781 -11 240 1536 1535 1 36.201 36.201 383 
-0.552412 -5 -1.12121 -0.11205 0.387106 0.234859 4.01085 22 241 1671 1640 1 0.855206 0.855206 69 
5 -2.34859 -4.35938 -0.0856474 -0.0295774 0.416005 3.95933 22 242 2179 1954 1 39.8165 39.8165 243 
-3.96726 2.12507 5 0.0209173 -0.197815 -0.0263257 4.01791 22 243 1214 1 1 8.81027 8.81027 202 
2.20882 -5 4.99099 -0.398064 0.312915 0.0695057 4.02196 22 244 2646 2152 1 0.969662 0.969662 114 
-3.85577 -4.28956 -5 0.0693282 -0.148733 3.78081 3.95333 22 245 1924 1754 1 37.5243 37.5243 365 
-1.64671 -4.0066 5 -0.0743356 -0.263679 -0.431356 4.11177 22 246 4215 4214 1 4.76103 4.76103 73 
0.234056 -0.64882 -5 -0.377306 0.148377 0.45231 3.98229 22 247 2668 2667 1 19.8365 19.8365 212 
-2.70164 -5 -3.27595 -0.837496 1.16932 8.5629 3.96224 22 248 1345 1 1 6.01324 6.01324 121 
5 0.812279 0.225631 -0.105129 -0.267044 0.422794 4.02788 22 249 2612 2611 1 6.25055 6.25055 124 
-4.47488 -1.25242 -5 -0.578947 0.60589 1.90669 3.97176 22 250 2666 2560 1 0 0 11 
-4.88278 -5 2.03567 -0.391909 0.293544 -0.146146 4.05204 22 251 3246 3245 1 9.95307 9.95307 178 
-1.10668 -4.32618 -5 -0.17546 0.259585 1.21848 3.9576 22 252 8987 8887 1 0.752567 0.752567 70 
5 -0.536937 -2.25624 -0.411869 0.0548593 0.0204785 4.0769 22 253 1333 1332 1 0.764964 0.764964 85 
5 1.42701 0.608434 -0.489346 0.351251 0.113618 5.0142 22 254 3389 3285 1 3.00402 3.00402 35 
5 4.37663 0.566105 -0.294755 0.0375717 0.0294724 4.0198 22 255 1430 1414 1 22.9444 22.9444 175 
-3.30525 -5 -0.882209 -0.0155333 0.18251 0.494326 3.97348 22 256 3236 2931 1 8.59226 8.59226 120 
2.84517 0.641875 -5 -0.392939 0.378639 1.09336 3.97488 22 257 9891 9706 1 6.32748 6.32748 157 
-3.42846 -0.576796 -5 -0.159712 0.236955 0.555846 3.96805 22 258 1473 1472 1 32.6774 32.6774 294 
-3.20114 -2.88383 -5 -7.61877 -4.99142 77.1414 3.95351 -11 259 1791 1790 1 126.423 126.423 951 
-4.01553 -3.8136 5 -1.25676 1.32052 -0.602427 4.06951 22 260 1384 1364 1 2.65519 2.65519 11 
5 -4.52562 -0.892152 -1.3926 0.1292 6.81296 3.96912 22 261 1399 1243 1 19.635 19.635 157 
-3.15042 -5 4.12739 -0.511917 0.292299 0.518654 4.00907 22 262 4725 4667 1 6.57297 6.57297 179 
-3.55524 -3.48951 -5 -1.49914 -0.457511 10.5715 3.95738 22 263 2504 1 1 5.21752 5.21752 174 
5 -2.7916 -0.602951 -2.64203 -5.11614 2.03084 4.01713 22 264 3125 3123 1 2.66369 2.66369 30 
3.70977 -4.92226 -5 -0.540495 0.175314 1.21411 3.95953 22 265 4470 4429 1 5.4041 5.4041 89 
3.12675 -5 1.10983 -3.81059 1.88526 0.345019 3.98007 -11 266 1400 1399 1 30.0391 30.0391 325 
0.973003 -1.04377 -5 -0.0860972 0.151279 0.442475 3.96422 22 267 4215 4076 1 1.70698 1.70698 47 
-3.28583 -1.09348 -5 -0.345351 0.188581 0.448458 3.97361 22 268 2139 2099 1 16.5406 16.5406 255 
5 -1.0288 -3.79957 -7.08385 2.64825 3.77876 3.96965 11 269 1 0 1 12.0654 12.0654 109 
1.32043 -0.90484 -5 0.857583 3.81295 32.7231 3.95414 22 270 1850 1511 1 74.0362 74.0362 716 
1.11362 -0.122863 -5 0.103444 -0.0954093 0.123727 4.089 22 271 6714 6688 1 0 0 11 
-2.97293 -0.76375 -5 -0.204492 -0.123824 0.586466 3.96104 22 272 4154 4040 1 17.539 17.539 329 
-3.57968 -4.4105 -5 -5.89423 3.897 46.8719 3.95492 22 273 2166 2076 1 14.2693 14.2693 209 
0.0593521 -0.981602 -5 0.153731 0.538544 0.332266 4.01033 22 274 2990 2652 1 13.277 13.277 236 
4.21848 0.231252 -5 0.0448259 0.039447 0.32301 3.95678 22 275 4170 4007 1 15.4289 15.4289 187 
5 1.41811 -4.42988 -0.349562 0.0983094 0.229911 3.98658 22 276 2428 2311 1 8.77235 8.77235 100 
5 4.61919 4.65526 -0.362371 -0.200821 0.366135 4.03482 22 277 15276 15180 1 5.65042 5.65042 123 
4.87846 4.01768 -5 -0.0607385 -0.0708457 0.502406 4.00939 22 278 6541 6540 1 0.199661 0.199661 31 
1.10844 5 0.886005 -0.044623 -0.142216 -0.0939441 4.13506 22 279 6785 6756 1 5.56171 5.56171 41 
1.50277 -5 -2.74005 -0.1736 0.461286 1.01338 3.97212 22 280 1579 1462 1 0.131509 0.131509 49 
-1.03473 -1.34009 -5 -0.514786 0.518315 6.7594 3.95461 22 281 1416 1 1 41.702 41.702 455 
1.07043 1.55077 -5 -0.201154 0.173605 0.657891 3.9605 22 282 8160 8027 1 11.3619 11.3619 139 
3.26432 -5 -4.02582 0.688347 4.21178 8.79168 3.96206 -11 283 2965 2964 1 19.5163 19.5163 140 
-3.28267 -5 0.0244924 -0.117869 0.447915 0.215868 4.01809 22 284 7939 7915 1 12.3534 12.3534 82 
-0.766237 -3.984 -5 -0.443885 0.224418 0.729174 3.96739 22 285 4016 3869 1 0.577797 0.577797 53 
3.70688 0.626015 -5 0.114667 0.199854 1.96704 3.95625 22 286 1877 1 1 2.50103 2.50103 59 
5 -3.83572 3.22411 -0.0653403 0.353998 0.169921 4.00914 22 287 3765 3760 1 0.382297 0.382297 53 
-0.496753 -5 -1.44143 0.212753 0.420973 -0.196565 4.02115 22 288 6758 6757 1 7.90141 7.90141 106 
3.12145 -1.18316 -5 0.0440011 0.149019 0.384706 4.13858 22 289 5859 5776 1 4.49115 4.49115 91 
-1.51893 -5 4.4353 -0.154399 0.147783 0.0259507 4.0083 22 290 4152 4151 1 7.33086 7.33086 145 
0.226837 -1.62725 -5 0.546708 1.92834 1.43783 3.97302 22 291 1806 1743 1 15.9409 15.9409 169 
1.78132 5 1.47779 -0.208547 -0.132855 -0.00280883 4.04843 22 292 17355 17339 1 4.44785 4.44785 64 
5 -2.04951 -4.08551 -1.43923 0.81281 0.0893014 3.99061 22 293 3082 3006 1 10.9339 10.9339 90 
-1.22297 -0.126368 -5 -0.0479793 -0.274795 1.50187 3.95759 22 294 2313 2073 1 85.9081 85.9081 777 
2.4333 5 -1.39418 0.501288 -0.326291 0.458225 4.02777 22 295 8787 8763 1 20.7589 20.7589 212 
4.24981 -1.95279 -5 -0.182168 0.0442115 1.11406 3.95767 22 296 5124 4886 1 15.4351 15.4351 214 
-1.32687 -1.43589 -5 -1.35708 0.979712 11.1096 3.95695 22 297 8989 8507 1 22.5277 22.5277 220 
0.31993 -5 2.2205 0.214442 0.450369 0.110917 3.98474 22 298 1493 1492 1 6.30696 6.30696 127 
5 -3.42578 -0.747553 -0.252209 -0.073291 0.237272 3.98729 22 299 7762 7761 1 2.62822 2.62822 89 
1.67198 -0.0281874 -5 -0.318974 0.262053 0.30117 3.97401 22 300 3362 3343 1 9.0704 9.0704 58 
5 -1.94528 0.265031 -0.0807227 0.014572 -0.147848 4.03314 22 301 7661 7590 1 0.380259 0.380259 41 
-1.21313 4.41749 -5 -0.0628662 0.200687 0.104845 3.99335 22 302 2094 2084 1 9.3621 9.3621 92 
3.268 -0.596016 -5 -0.476774 -0.079159 0.165954 3.98437 22 303 4903 4902 1 10.0888 10.0888 90 
2.56837 0.740781 -5 0.0222457 0.332195 0.459607 3.95954 22 304 2517 1805 1 3.7483 3.7483 32 
-3.23815 -4.21949 -5 -0.305041 0.0325876 0.408666 3.97842 22 305 3909 3884 1 0.922785 0.922785 13 
-0.872845 1.6724 -5 -0.255455 0.184655 5.81026 3.97054 22 306 1095 1 1 4.0948 4.0948 44 
5 -1.30908 3.00722 -0.385672 -0.390523 -0.69855 3.99257 11 307 3801 3767 1 0.714327 0.714327 47 
-2.09005 -5 -0.0525469 0.296493 0.23302 0.260943 4.02672 22 308 1399 1 1 13.669 13.669 175 
-1.07122 -2.67019 -5 -16.6813 19.5756 58.5768 3.95928 11 309 1 0 1 27.897 27.897 405 
0.621382 0.0675026 -5 -3.23623 3.97347 16.0047 3.96332 22 310 1428 1 1 6.00746 6.00746 94 
5 2.86214 0.661391 -0.810406 2.33798 7.96185 3.98406 22 311 1255 1 1 14.8784 14.8784 190 
-3.99626 -5 -0.0771941 -0.540516 0.494964 0.883898 3.99568 22 312 4951 4883 1 0.00204344 0.00204344 15 
-1.22636 -3.91434 -5 10.2838 14.674 2162.27 3.95275 22 313 1636 1 1 44.9634 44.9634 332 
-2.31047 -0.266053 -5 0.0156398 -0.0883623 0.37931 3.9939 22 314 11737 11472 1 4.67316 4.67316 15 
1.16944 -2.67944 -5 -0.729545 0.177346 1.79807 3.95911 22 315 2655 2412 1 10.8989 10.8989 130 
5 -4.7705 4.36539 -0.413809 -0.321705 0.329664 4.03066 22 316 4904 4828 1 0.195045 0.195045 26 
3.1967 -2.99955 -5 -9.24225 0.248431 27.1997 3.96037 22 317 2558 2449 1 20.5627 20.5627 184 
-1.61062 -0.294796 -5 -0.0824519 0.116248 0.177889 3.97543 22 318 2682 2594 1 0 0 10 
-4.17277 0.214505 -5 -3.34311 3.15735 5.83292 3.98528 22 319 13841 13839 1 1.27211 1.27211 16 
0.987839 -5 4.57619 -9.73493 12.4178 12.3966 3.99567 -11 320 3425 3424 1 18.9461 18.9461 129 
5 4.08771 -3.70227 -0.924839 0.382944 0.80225 3.96802 22 321 1977 1 1 0.368032 0.368032 34 
4.91163 1.62113 -5 0.00643251 0.0994994 0.488989 3.98045 22 322 6758 6757 1 1.22918 1.22918 36 
-4.93245 5 -3.36397 -0.508052 -0.442439 2.57082 3.97538 22 323 3596 3542 1 18.935 18.935 165 
1.4409 -2.66052 -5 -1.07968 1.6206 2.20796 3.98751 22 324 1783 1729 1 14.7744 14.7744 151 
1.68947 -5 -3.97622 -0.385391 0.45812 0.556346 3.98733 22 325 1717 1716 1 2.78511 2.78511 70 
4.38116 -0.632817 -5 0.0411134 -0.0621599 0.964105 3.95439 22 326 5603 5577 1 75.688 75.688 767 
4.49434 -2.68594 -5 0.240231 -0.0324923 0.113584 4.00417 22 327 4069 4067 1 3.60344 3.60344 50 
5 -0.205899 4.24134 -0.135581 -0.152991 -0.0352202 4.06199 22 328 1177 1176 1 0.818148 0.818148 58 
-0.724297 2.90259 -5 -1.30164 0.89478 3.14581 3.9727 22 329 7797 7648 1 1.57316 1.57316 94 
4.61692 -3.3273 -5 0.339791 5.09628 78.8801 3.95298 11 330 1442 1307 1 26.4751 26.4751 232 
4.97583 -5 2.38361 0.21285 0.453809 -0.0993604 4.05676 22 331 3101 3100 1 3.73066 3.73066 36 
-4.78076 4.22742 -5 -0.169881 -0.0276465 1.40786 3.95569 22 332 3099 3009 1 12.9311 12.9311 205 
0.716374 -0.15824 -5 -0.0958099 0.146759 2.43502 3.95384 22 333 1882 1257 1 50.8482 50.8482 679 
-3.84514 5 -4.1936 0.0123888 -0.0278493 -0.0140586 4.03587 22 334 1251 1245 1 55.9443 55.9443 518 
5 -3.65908 -1.21659 -0.485828 -0.0671565 -0.143461 4.00888 22 335 7434 7432 1 1.79408 1.79408 32 
5 3.36205 4.19003 -0.449189 0.110901 0.216911 4.05876 22 336 2198 2197 1 7.48595 7.48595 56 
-1.73899 -5 3.80031 -0.500837 0.183368 0.206787 4.06425 22 337 8090 8074 1 9.65388 9.65388 77 
1.2307 -2.2187 -5 -0.295198 0.161475 0.384582 3.98544 22 338 4146 4125 1 23.7298 23.7298 238 
4.34598 3.53992 -5 -0.0212383 0.39346 0.696244 3.97303 22 339 1578 1491 1 29.3969 29.3969 264 
0.26115 -5 -3.29183 3.34615 -0.934295 -1.26279 3.99483 -11 340 6088 6087 1 15.6392 15.6392 193 
-1.13531 1.35641 -5 -0.704732 -0.0974838 0.448626 4.00686 22 341 1353 1320 1 3.73761 3.73761 29 
3.58504 -3.03706 -5 -0.830457 0.970877 136.297 3.95294 -11 342 1604 1603 1 38.6292 38.6292 500 
2.12746 -5 1.25084 0.21552 0.179325 3.52234e-05 4.10832 22 343 11754 11705 1 0.508446 0.508446 7 
1.8426 -5 0.247456 0.693498 2.65296 5.56445 3.9919 -11 344 2230 2229 1 5.39646 5.39646 75 
0.832747 2.91655 -5 -0.910058 0.553465 1.61168 3.98965 22 345 1607 1463 1 8.15406 8.15406 86 
-2.69535 4.89464 5 -0.0616915 -0.20923 -0.0640675 4.03139 22 346 4829 4828 1 19.004 19.004 164 
-2.78342 -5 -0.349822 -0.415839 0.758802 6.47627 3.97148 22 347 1804 1774 1 4.83879 4.83879 156 
5 1.66531 2.87701 -0.297807 0.408507 -0.0745173 4.06262 22 348 1126 1125 1 19.522 19.522 159 
0.187048 3.22761 -5 -0.15826 0.0994958 1.65358 3.95453 22 349 2185 1704 1 43.5216 43.5216 268 
4.94372 5 4.7244 0.202326 -0.0865541 -0.101584 4.12906 22 350 2277 2223 1 0.508395 0.508395 42 
-2.49141 -0.181831 -5 -0.157383 0.0460969 0.711852 3.95893 22 351 1675 1379 1 14.9708 14.9708 242 
1.4536 0.463486 -5 -0.502696 0.33206 1.85578 3.96472 22 352 4640 3945 1 3.61616 3.61616 72 
-0.899422 -5 -2.67597 -0.40755 0.228107 -0.20734 4.0181 22 353 2531 2528 1 8.08621 8.08621 56 
5 -3.13332 -2.51708 -0.418907 0.260521 -0.13329 4.04393 22 354 12127 12126 1 0.0781717 0.0781717 6 
0.547563 1.82202 -5 -0.0394501 -0.0017577 0.432337 3.98194 22 355 4078 3927 1 16.9197 16.9197 275 
5 -3.61295 -4.15149 -0.273324 0.270482 0.0306159 3.97127 22 356 2151 1530 1 0.317186 0.317186 40 
-1.56647 -5 -4.37913 -0.0271855 0.0971864 0.500935 4.01323 22 357 7143 7142 1 0.184434 0.184434 25 
-4.58378 -5 -2.1303 0.0629218 0.057873 -0.236182 4.04851 22 358 1983 1893 1 36.4368 36.4368 316 
-0.511735 5 -4.29533 -0.0102721 -0.206614 -0.0419461 4.06983 11 359 1318 1287 1 9.17573 9.17573 264 
5 4.63977 -2.40916 -0.11561 0.199061 0.224065 4.0869 22 360 1311 1308 1 4.03058 4.03058 87 
-3.36158 5 -2.903 -0.256311 -0.429181 -0.105962 4.03381 22 361 1043 1041 1 47.3711 47.3711 545 
-2.65344 0.602521 -5 -0.289696 0.331057 1.02988 3.96731 22 362 2100 1981 1 13.5724 13.5724 186 
1.87309 1.36791 -5 -1.46054 3.7325 5.00984 3.96961 22 363 1529 1394 1 12.5092 12.5092 89 
3.6445 1.61622 -5 -0.223727 0.205257 1.60558 3.95536 22 364 3018 2815 1 7.66518 7.66518 126 
2.64682 -5 -1.30268 -0.169311 0.482134 0.00071961 4.04767 22 365 1921 1903 1 14.1504 14.1504 165 
1.79848 -5 -1.66006 -0.236575 0.056151 0.109496 4.01352 22 366 1007 1006 1 8.22318 8.22318 69 
3.03792 -3.01195 -5 -9.48267 -4.79517 3.74292 3.96152 -11 367 1362 1361 1 6.49782 6.49782 51 
2.63998 -2.03207 -5 -0.0367138 0.0128361 0.440561 3.95588 22 368 7368 7160 1 6.47469 6.47469 99 
5 1.85043 4.16207 -0.0358174 0.23236 0.0758651 4.02215 22 369 1378 1263 1 1.15209 1.15209 32 
5 -0.656826 1.49996 -0.183432 0.248389 -0.0169003 4.04101 22 370 4764 4763 1 1.91947 1.91947 7 
5 3.29173 -1.75268 -1.87457 2.01155 1.12067 4.05867 22 371 1023 1 1 36.3577 36.3577 316 
3.87987 -5 -4.53334 0.169168 0.374976 1.03947 3.96177 22 372 1829 1769 1 1.82623 1.82623 63 
1.62845 3.00114 -5 0.00648387 0.442019 2.2429 3.96547 22 373 7389 7316 1 0.861454 0.861454 76 
-0.702688 1.63834 5 -0.41262 0.223555 -0.202207 4.12087 22 374 1903 1902 1 4.08157 4.08157 81 
0.353344 5 3.57201 -0.11443 -0.722924 1.20384 3.99089 22 375 6342 6138 1 14.1441 14.1441 109 
-0.389331 -3.13649 -5 0.00416289 0.0256148 0.400383 3.95424 22 376 10018 9462 1 10.8517 10.8517 124 
1.05969 -5 -0.721556 -0.229014 0.784476 1.94184 3.97485 22 377 4191 3894 1 0 0 6 
1.9053 -3.64124 -5 -1.09047 1.25201 6.59089 3.96035 22 378 1321 1319 1 11.1933 11.1933 206 
3.69963 0.928575 -5 -20.688 41.4287 353.303 3.95328 11 379 1743 1472 1 48.743 48.743 582 
2.40442 4.00895 -5 -0.366811 0.554468 0.388535 4.00905 22 380 11028 10701 1 1.238 1.238 76 
4.65975 -3.69346 -5 0.169987 -0.139728 0.393337 3.96154 22 381 1268 1196 1 32.0556 32.0556 501 
5 1.19576 4.58239 -0.320467 0.396297 -0.0370056 4.07297 22 382 2098 2097 1 21.8981 21.8981 325 
5 -4.18155 -0.67286 -0.324576 -0.0899622 -0.384288 4.01549 22 383 1483 1482 1 0.969906 0.969906 58 
-0.161683 -4.60548 -5 -0.249768 0.330842 2.64491 3.95548 22 384 3250 3027 1 6.88301 6.88301 181 
4.18095 -3.52898 -5 0.288775 2.31952 4.51408 3.96736 22 385 8451 8310 1 0.489701 0.489701 48 
-1.24496 4.15847 -5 -0.57614 0.847547 3.83545 3.95817 22 386 1519 1 1 41.2238 41.2238 494 
4.76973 -3.07414 -5 0.0523588 0.68377 3.11235 3.9554 22 387 1133 1 1 18.7192 18.7192 309 
-3.55792 2.93413 5 -0.0214192 -0.0186777 -0.161636 4.10284 22 388 1732 1704 1 41.99 41.99 350 
0.54365 -4.89112 -5 -4.93178 1.54999 7.95395 3.95587 -11 389 1972 1971 1 7.16386 7.16386 156 
-4.71871 0.372351 -5 -1.11506 0.902239 5.09271 3.96469 22 390 1758 1657 1 8.51573 8.51573 137 
-0.262781 4.30701 -5 -0.450938 0.356317 0.509158 3.98641 22 391 1187 1 1 3.65762 3.65762 103 
-3.75779 -1.52307 -5 -0.247258 0.293159 0.953336 3.97024 22 392 3758 3712 1 24.2214 24.2214 130 
-0.0994857 -2.21969 -5 -0.0309478 0.340346 0.382583 4.0058 22 393 6211 5906 1 0.431388 0.431388 7 
-2.21399 -5 3.56126 -0.235866 0.223422 0.394423 4.00442 22 394 2044 2021 1 0 0 9 
-3.96896 -3.31996 -5 -9.70367 16.4728 16.5764 3.95686 11 395 1 0 1 38.8487 38.8487 484 
2.93466 -5 3.69512 -0.240831 0.195551 0.0202265 4.00999 22 396 3293 3204 1 0.996451 0.996451 48 
0.7354 -5 4.54275 -0.68435 0.471831 -0.0356632 4.03664 22 397 1331 1297 1 5.57938 5.57938 62 
5 -4.02756 -0.137922 -0.453862 0.299997 0.355144 3.9796 22 398 3782 3762 1 6.76838 6.76838 130 
1.7245 -4.86045 -5 -0.191412 0.437322 1.09919 3.96866 22 399 6048 5793 1 0.43839 0.43839 13 
-1.6008 -1.43643 5 -0.784739 -0.403757 -6.6282 4.07787 11 400 2823 2334 1 10.9793 10.9793 113 
5 -3.41693 -2.15591 -0.246225 0.323873 4.35141 3.96362 22 401 1392 1 1 12.6804 12.6804 125 
4.44048 -0.793203 -5 -0.0243917 0.1221 0.236176 3.96221 22 402 1642 1538 1 32.859 32.859 397 
5 -2.38114 3.54431 -0.3514 0.00368994 1.6335 3.98587 22 403 1236 1 1 1.40738 1.40738 79 
-1.06084 1.36528 -5 -0.182395 0.539249 1.4676 3.96562 22 404 2470 2421 1 11.1254 11.1254 98 
5 -1.07601 -1.38486 -0.115937 0.365647 0.160003 4.10997 22 405 2369 2368 1 3.55493 3.55493 127 
-2.79718 -5 -4.02105 -0.230256 0.14917 0.0119314 4.07345 22 406 2755 2754 1 0.202133 0.202133 46 
4.73168 -5 0.44106 -0.317947 0.399927 0.00937792 4.00994 22 407 9470 9468 1 14.4557 14.4557 143 
-4.87203 3.09892 -5 -3.45202 4.6295 18.9838 3.9599 22 408 1038 1 1 18.9622 18.9622 218 
2.3573 0.531452 -5 -0.564672 0.774132 34.9122 3.95292 22 409 1319 1 1 77.8005 77.8005 613 
-2.6855 1.2831 -5 -0.405539 0.26182 3.51503 3.95707 22 410 2178 2038 1 0.986557 0.986557 73 
-3.99685 -0.904606 -5 -0.120738 0.200934 0.249565 3.98079 22 411 12909 12848 1 0.892614 0.892614 21 
2.27622 -5 -3.59554 3.69538 14.4345 32.7392 3.95999 -11 412 8231 8230 1 4.61732 4.61732 81 
4.05688 -1.30379 -5 -0.594426 0.0530231 3.32781 3.95431 22 413 1177 1 1 62.9691 62.9691 589 
-5 4.17232 -0.243551 0.086361 0.0529744 0.187608 3.97928 22 414 1304 1157 1 6.88725 6.88725 89 
-2.82708 -4.07299 -5 -0.094054 0.0448152 0.204387 3.96984 22 415 1001 1 1 0.0206293 0.0206293 14 
-3.30811 -5 2.76932 -0.595804 0.386401 1.51912 3.99997 22 416 3816 3737 1 0.361223 0.361223 35 
1.15947 2.46731 -5 -0.163546 0.382074 0.200931 3.97788 22 417 3123 3120 1 61.4547 61.4547 384 
4.54192 -5 0.55216 0.29338 0.158361 0.19616 3.98016 22 418 4730 4614 1 32.7885 32.7885 259 
0.969403 0.193888 -5 -0.427965 0.619566 1.33807 3.9687 22 419 12731 12592 1 3.36475 3.36475 74 
-2.44788 4.32795 -5 -0.0301137 0.0476949 0.458073 3.95971 22 420 2158 2157 1 33.9308 33.9308 376 
5 4.80909 2.06596 -0.44343 0.781701 1.55782 3.99244 22 421 6865 6817 1 0.836115 0.836115 47 
5 1.35895 -3.07934 -1.2812 0.857628 0.200451 4.00406 22 422 1508 1507 1 9.41803 9.41803 144 
5 4.1742 -0.355723 -0.0213907 0.0637843 -0.118902 4.07619 22 423 2277 2250 1 0.448316 0.448316 19 
0.435024 1.10992 -5 -0.545197 0.622377 1.3621 3.97124 22 424 1592 1479 1 5.1507 5.1507 37 
1.24389 -3.24768 5 -0.423542 0.260862 -0.116975 4.03594 22 425 1076 1075 1 14.4692 14.4692 196 
5 4.72678 0.446676 -0.00381353 0.14631 1.6633 3.97548 22 426 1537 1 1 0 0 13 
-0.375593 -5 -4.73592 -0.217163 0.460298 0.0456718 4.00666 22 427 1769 1766 1 2.11861 2.11861 50 
-5 -2.8235 3.082 0.107004 0.25904 -0.0484443 4.04276 22 428 4629 4586 1 0.0713168 0.0713168 7 
-2.61573 -3.62368 -5 -4.29401 9.92598 41.836 3.95761 22 429 2055 1909 1 0.667707 0.667707 44 
5 -3.55115 1.90018 -0.349804 0.349712 -0.128293 4.14164 22 430 7257 7255 1 0.274885 0.274885 5 
5 0.263906 -2.45176 -0.741459 1.12457 2.00552 3.9715 22 431 1783 1740 1 10.1108 10.1108 157 
4.21157 -5 2.83957 0.0570995 0.207675 -0.0404227 4.01947 22 432 7251 7189 1 5.345 5.345 98 
2.52894 -2.47363 -5 0.810621 -0.0893427 0.92 3.954 11 433 1819 1792 1 39.6545 39.6545 494 
-1.42836 -1.15267 -5 -6.07717 4.02067 31.1922 3.95919 22 434 2287 2012 1 6.16739 6.16739 134 
-1.82721 -2.75701 -5 -0.513241 0.0900483 3.1384 3.9557 22 435 1547 1521 1 14.6929 14.6929 190 
4.3448 -5 1.65298 -3.40608 8.16487 34.2987 3.97816 22 436 1192 1 1 4.86554 4.86554 144 
0.984138 -5 -4.22199 -0.173476 0.132204 0.0664707 3.9707 22 437 1361 1279 1 20.4354 20.4354 222 
-1.62594 3.78513 -5 -0.291853 0.514634 0.655603 3.96732 22 438 1480 1222 1 15.2554 15.2554 205 
2.93088 -0.983391 -5 -0.409824 0.164237 0.197869 3.98349 22 439 3522 3498 1 12.993 12.993 151 
5 -0.471991 3.14205 -0.138435 0.187787 0.431679 4.01784 22 440 6886 6875 1 0.783826 0.783826 56 
5 -2.49564 -4.20639 -0.113715 -0.166788 0.291015 3.96185 22 441 1319 1219 1 22.4293 22.4293 271 
5 4.73129 1.84487 -1.03157 1.29024 2.76523 3.99647 22 442 3573 2437 1 0.332038 0.332038 14 
2.84902 -5 1.38519 2.77398 2.51616 -3.37538 4.00887 -11 443 8372 8371 1 15.2993 15.2993 235 
2.47155 -3.52634 -5 -0.202294 0.338317 0.264167 4.02874 22 444 5842 5805 1 0 0 11 
-4.90885 -5 0.961153 -0.160068 0.0747463 0.619403 3.98632 22 445 4785 4758 1 11.3144 11.3144 105 
5 -2.40913 -4.19887 -0.879305 0.147645 0.490422 3.99298 11 446 2580 2455 1 1.98962 1.98962 71 
-2.21414 2.18177 -5 -1.51145 7.01395 57.2429 3.95373 22 447 1140 1 1 101.343 101.343 954 
-4.42726 -1.13862 -5 -2.3365 1.27693 16.0971 3.95774 22 448 1284 1 1 7.31737 7.31737 286 
1.2222 -2.07908 -5 -16.0018 29.6072 68.5216 3.95695 -11 449 2814 2813 1 24.7077 24.7077 151 
4.30546 -5 -1.56247 0.00114282 0.118025 0.0449394 3.97884 22 450 2693 2692 1 6.68138 6.68138 90 
4.05746 4.17347 -5 -0.0135303 -0.0591709 0.861685 4.00553 22 451 1296 1280 1 20.7463 20.7463 211 
4.47679 0.390816 -5 -4.03288 0.517251 44.8981 3.95454 22 452 2770 2401 1 6.9417 6.9417 182 
-2.48418 -3.39448 5 -0.320482 0.075975 -0.178556 4.0413 22 453 1515 1514 1 0.853427 0.853427 19 
3.59218 -2.76236 -5 0.494547 2.15655 4.31785 3.9549 11 454 1581 1580 1 102.867 102.867 1055 
-4.15284 -4.96451 -5 -0.163082 0.0298893 0.272148 3.97015 22 455 3159 3093 1 9.66016 9.66016 184 
-0.123595 -3.41771 -5 -0.017748 -0.0984822 0.178075 3.97279 22 456 1654 1614 1 33.8195 33.8195 107 
5 -2.38833 -3.53816 -1.67433 -0.198202 1.96591 3.97455 22 457 2904 2903 1 6.42882 6.42882 38 
2.84537 -4.1244 -5 -0.27404 0.237672 2.34449 3.95695 22 458 1274 1034 1 17.4734 17.4734 107 
3.31557 3.64309 -5 -0.732984 1.42689 6.38805 3.95746 22 459 2131 1938 1 8.19251 8.19251 151 
4.6952 3.17516 -5 -2.94875 9.43752 23.3373 3.9589 11 460 6361 6224 1 14.3061 14.3061 119 
1.00426 -2.31251 -5 -0.170501 0.084098 0.241725 3.96445 22 461 4715 4646 1 14.1976 14.1976 121 
3.60812 -0.0950915 -5 -0.00701388 0.351686 0.370659 3.96804 22 462 1671 1670 1 95.1497 95.1497 878 
3.32064 -4.51344 -5 0.024731 0.175562 2.84307 3.95361 22 463 10940 8918 1 19.2363 19.2363 269 
1.18222 -2.5324 -5 0.920157 2.22758 0.936208 3.96628 -11 464 4957 4956 1 13.6422 13.6422 228 
5 0.163156 3.72951 -0.682927 0.198501 5.25987 3.98322 22 465 1597 1 1 22.5997 22.5997 278 
3.31148 5 4.85093 -0.974468 0.361593 1.02307 3.99322 11 466 6097 6035 1 23.1358 23.1358 278 
-3.29215 -0.383549 -5 -0.0591502 0.253135 4.05673 3.95781 22 467 1295 1263 1 30.7239 30.7239 269 
5 1.22797 -0.176669 -0.252394 0.355106 0.267052 3.98676 22 468 2015 2000 1 15.0912 15.0912 315 
-4.53122 -4.25542 -5 2.46883 3.35619 -0.261473 3.96179 11 469 1843 1789 1 16.611 16.611 189 
-1.28418 -0.225483 -5 -0.0996515 0.560554 0.660507 3.97238 22 470 2710 2038 1 6.43073 6.43073 62 
-4.36883 -4.183 -5 -2.20132 8.53787 19.8382 3.95366 -11 471 2227 2226 1 49.5413 49.5413 493 
2.05262 -2.69614 -5 -0.117845 0.741653 5.85745 3.95603 22 472 1360 1 1 9.3465 9.3465 118 
1.78428 -3.82813 -5 -0.0280797 -0.104646 0.427206 3.99932 22 473 9940 9914 1 4.00612 4.00612 52 
2.92347 -5 3.30411 -0.225403 0.131005 1.13332 3.98687 22 474 2002 1981 1 39.7406 39.7406 240 
0.0244217 -0.430702 -5 0.186936 -0.0243634 1.34671 3.96011 22 475 1975 1974 1 1.51441 1.51441 77 
3.46134 -0.590999 -5 -0.105649 0.163759 0.442674 3.96486 22 476 7654 7525 1 15.0036 15.0036 155 
1.54332 4.22175 -5 -4.56065 3.73373 61.7548 3.95459 22 477 2028 1 1 7.69362 7.69362 126 
-3.89621 5 -4.54739 0.0926109 -0.39133 0.315284 4.00466 22 478 2242 2241 1 10.5354 10.5354 144 
3.01092 -1.21116 -5 0.158495 0.462172 1.58679 3.96237 22 479 7421 7253 1 7.19004 7.19004 151 
-3.92935 3.24758 5 -0.109894 0.22588 -0.320303 4.10161 22 480 3255 3253 1 7.67895 7.67895 45 
5 -0.508608 -0.959308 -0.142745 0.452485 0.334235 3.98301 22 481 4225 3691 1 22.6053 22.6053 270 
5 -4.08448 -0.723856 -0.806871 0.0289142 0.143057 3.99335 22 482 6646 6645 1 7.24865 7.24865 69 
-1.77665 -5 -4.94782 0.00923029 0.503746 0.0852889 4.11705 22 483 2939 2938 1 6.66956 6.66956 188 
-5 -2.85689 -3.90402 0.0566161 0.0682218 0.141215 4.03303 22 484 1244 1026 1 9.25788 9.25788 179 
5 -4.25835 3.04141 -0.171296 0.236333 0.050233 4.08792 22 485 8492 8400 1 6.40594 6.40594 84 
4.68945 3.68488 -5 -2.6685 8.8492 363.116 3.95274 -11 486 1440 1439 1 76.3615 76.3615 450 
5 0.219038 -2.37901 -0.298012 0.312836 0.272842 4.04839 22 487 1578 1556 1 3.89394 3.89394 37 
-4.0682 -5 -1.51254 -0.260109 1.59049 0.443788 4.00567 22 488 6733 6655 1 1.52274 1.52274 101 
3.094 -3.56896 -5 -0.157583 0.0218174 0.874098 3.95524 22 489 2692 2319 1 1.96232 1.96232 62 
1.62718 -3.5451 -5 0.00612838 0.320125 0.263805 3.99477 22 490 6202 5237 1 0.148406 0.148406 5 
-2.26032 0.508914 -5 -0.252084 0.485675 0.0954732 4.03927 22 491 7700 7614 1 3.36179 3.36179 33 
2.79031 -4.79765 -5 -0.261913 0.168941 0.404945 4.03141 22 492 4564 4563 1 0 0 11 
-4.1226 -3.65461 -5 -0.837489 0.670049 5.44245 3.95853 22 493 2021 1804 1 12.282 12.282 111 
4.80331 -0.0242459 -5 -5.58301 4.97901 29.2871 3.95672 22 494 4514 4431 1 4.57808 4.57808 95 
2.15621 -5 -1.47856 -3.97074 4.91378 -2.68623 3.99188 11 495 3016 2906 1 18.9611 18.9611 127 
3.33959 -5 -1.07312 -0.0599103 0.496289 0.105962 4.03905 22 496 3736 3735 1 9.66129 9.66129 52 
-1.32503 -4.8647 -5 -2.27367 -1.30546 16.2998 3.95819 22 497 2329 1884 1 6.7036 6.7036 107 
1.8462 -5 2.12496 -0.0221742 0.181734 0.937626 3.99606 22 498 2874 2708 1 0.0296864 0.0296864 18 
-0.872964 3.4909 -5 -0.622038 0.389253 0.931724 3.96989 22 499 5938 5825 1 5.65351 5.65351 102 
-2.42749 4.85841 -5 -0.055618 0.222246 2.35979 3.95396 22 500 2075 1 1 121.359 121.359 1107 
0.303548 -0.435175 -5 -0.52285 -0.112561 2.04006 3.95878 22 501 9082 8715 1 6.60596 6.60596 148 
-2.29158 4.0456 -5 0.277067 -0.0173034 0.142312 4.02228 22 502 1086 1085 1 3.09223 3.09223 111 
-3.26972 4.01823 -5 -1.12023 -0.00692874 1.4808 3.98615 22 503 1001 1 1 11.0793 11.0793 121 
4.94605 -5 3.57728 -0.322514 0.567598 0.939501 3.98571 22 504 1463 1393 1 5.57338 5.57338 131 
5 4.65249 -0.903986 -6.24278 -3.56731 6.75245 4.00951 22 505 4049 3940 1 0.324594 0.324594 28 
4.06056 1.30938 -5 -0.129572 0.246164 1.71388 3.95836 22 506 3034 2981 1 3.03586 3.03586 47 
-4.16071 -0.725737 -5 0.162544 0.0885609 0.224183 3.97236 22 507 3998 3882 1 0.596188 0.596188 17 
3.47865 -5 1.08839 -0.680185 0.571511 1.04668 3.98936 22 508 5004 2492 1 2.30546 2.30546 46 
3.16743 -5 4.678 -2.87759 1.98169 9.54082 3.98804 22 509 1151 1120 1 0.455278 0.455278 35 
3.60758 3.87 -5 0.058091 0.177119 0.382812 3.97284 22 510 3297 3228 1 37.9852 37.9852 298 
-3.55051 1.28099 -5 -0.29871 0.18933 0.26418 3.99974 22 511 1203 1 1 1.83595 1.83595 57 
4.28702 -5 1.96008 0.0151268 0.229697 -0.285275 4.08014 22 512 9882 9881 1 3.68233 3.68233 56 
3.61915 2.24219 -5 0.167421 0.408653 1.26731 3.96337 22 513 1156 1 1 7.48958 7.48958 137 
-4.50517 -1.85434 -5 -0.382872 0.281798 3.80597 3.95499 22 514 2027 1857 1 12.812 12.812 221 
4.78469 2.9089 -5 -0.51855 0.529532 3.05942 3.95998 22 515 3652 3578 1 2.39925 2.39925 82 
-1.24477 4.11288 -5 -0.398957 0.141985 1.72414 3.95967 22 516 7973 7739 1 15.3941 15.3941 100 
5 -2.94696 -0.945777 -1.0513 2.53358 -0.188324 3.98545 -11 517 1435 1434 1 10.8337 10.8337 201 
3.92385 -5 1.64909 -0.0414118 0.501288 -0.0900867 4.0385 22 518 1118 1091 1 2.56814 2.56814 69 
1.7335 -2.83129 -5 -0.119558 -0.124321 0.636392 3.95726 22 519 2241 2122 1 39.7627 39.7627 344 
-1.16646 2.70739 -5 -0.361261 0.146993 0.330157 3.99233 22 520 1718 1717 1 8.51483 8.51483 173 
1.46028 -5 1.36978 -0.305152 0.228171 0.3405 4.01084 22 521 2603 2602 1 4.45035 4.45035 30 
4.16431 -5 -2.09594 -2.68691 -0.201303 18.7736 3.96594 11 522 1720 1401 1 4.50401 4.50401 124 
-2.149 -5 4.52915 -0.0955585 0.466258 0.18599 4.0111 22 523 6462 6460 1 14.3685 14.3685 270 
5 1.7358 -0.760479 -0.48283 0.041212 0.162164 4.00386 22 524 1274 1273 1 28.1721 28.1721 282 
1.363 3.90986 -5 0.265422 -0.127747 0.47209 3.98992 22 525 1319 1 1 5.22857 5.22857 49 
2.04862 -0.128815 -5 -3.98251 3.71676 18.5803 3.95762 22 526 3748 3631 1 9.84079 9.84079 179 
0.106808 4.5684 -5 -1.44831 -4.52709 -0.725579 3.97368 -11 527 2163 2162 1 2.04953 2.04953 150 
-2.89595 4.86344 -5 -6.90464 -3.33143 3.72895 3.96719 11 528 16640 16552 1 9.07441 9.07441 137 
5 -1.7786 1.01148 -5.35342 5.3372 13.035 3.98622 22 529 1918 1916 1 0 0 18 
5 3.15697 -4.86678 -0.401644 0.146462 0.189397 4.01433 22 530 6107 6106 1 3.43424 3.43424 40 
-3.7947 5 4.56694 -0.341273 -0.354377 0.138092 4.02648 22 531 3125 3089 1 3.24217 3.24217 75 
5 -1.50074 4.80232 -0.515799 0.210042 0.0621462 4.04588 22 532 5188 5005 1 0.480684 0.480684 19 
2.92247 0.908429 -5 -0.499426 0.618373 1.37546 3.9621 22 533 1989 1958 1 36.1246 36.1246 396 
2.45793 -4.9598 -5 -0.324229 0.15645 2.44349 3.95584 22 534 6264 5853 1 5.49633 5.49633 80 
-0.742319 -2.98105 5 -0.179522 0.468827 -0.0953593 4.14245 22 535 5407 5379 1 3.13919 3.13919 56 
3.86169 -3.25712 -5 -0.0586894 0.257832 0.642341 3.96164 22 536 2767 2578 1 2.86025 2.86025 94 
4.48016 -0.526991 -5 0.351282 0.622469 5.38176 3.95425 22 537 3915 3783 1 62.0443 62.0443 489 
-4.32684 0.830708 -5 -2.80402 9.59368 38.4723 3.95796 11 538 1954 1801 1 33.4582 33.4582 411 
1.37497 -5 -1.61933 -1.25209 9.44026 1.87685 3.9786 11 539 5907 5879 1 17.0878 17.0878 211 
-1.06655 -0.451987 -5 -0.201418 0.343398 3.38771 3.95463 22 540 2051 1794 1 21.3843 21.3843 314 
-3.62164 0.188938 -5 -0.876016 0.26394 2.83169 3.96274 22 541 2762 2604 1 11.4717 11.4717 103 
5 0.974248 0.761919 -0.171958 0.0145185 -0.193651 4.01613 22 542 3705 3678 1 13.1905 13.1905 258 
1.89158 -4.00555 -5 -2.53749 -0.254851 30.309 3.95355 22 543 1094 1 1 54.5678 54.5678 513 
0.795438 -5 1.96393 -0.170258 0.371418 1.61645 3.98206 22 544 6113 5881 1 2.36483 2.36483 71 
-1.46102 -3.09706 -5 -0.290592 -0.0230946 0.531481 3.98209 22 545 2089 2029 1 0.475429 0.475429 78 
5 -1.25105 -1.95501 -0.512002 1.31427 4.40816 3.9973 22 546 1396 1395 1 14.2163 14.2163 251 
0.276088 -4.28277 5 -2.26522 0.0784434 -3.56772 4.03915 11 547 4081 4003 1 4.52968 4.52968 16 
-0.444728 -5 -4.88174 -0.298453 0.434891 0.4035 3.98618 22 548 3730 3687 1 2.48646 2.48646 27 
5 -0.499759 2.01968 -0.0650108 -0.045323 4.38311 3.97623 22 549 1706 1 1 64.3718 64.3718 580 
3.23982 -4.76223 -5 -3.17426 11.1021 10.4453 3.96355 11 550 1 0 1 16.0377 16.0377 243 
-0.11826 0.615061 -5 -0.270467 -0.156901 0.0996884 4.00438 22 551 2058 2001 1 7.62148 7.62148 120 
-4.20221 -4.45053 -5 -0.235214 0.0488477 1.69178 3.95601 22 552 3443 2667 1 7.50655 7.50655 138 
3.82574 3.3577 -5 -2.00039 1.02855 10.0138 3.95726 22 553 1727 1631 1 12.7259 12.7259 221 
-3.06519 -5 2.34509 -0.0827085 0.342112 0.370457 4.02124 22 554 6328 6304 1 2.05176 2.05176 20 
-3.97734 -2.64756 -5 -2.37652 1.91455 12.4538 3.95906 22 555 2537 2341 1 13.7872 13.7872 177 
-4.5798 4.14187 -5 -0.201135 0.0740986 0.5522 3.96088 22 556 1728 1497 1 19.4912 19.4912 265 
-1.54967 -0.973498 -5 -0.0242874 0.532153 1.03902 3.96646 22 557 3015 2772 1 3.50644 3.50644 37 
5 2.61089 -3.40443 -0.443719 -0.253309 0.00821979 3.99209 22 558 8464 8463 1 28.9593 28.9593 335 
4.09277 3.97269 5 -0.504718 0.255964 -0.06725 4.06583 22 559 1607 1572 1 11.3895 11.3895 130 
3.2868 -5 -4.34942 0.0290175 0.499777 -0.102474 3.98053 22 560 2155 2154 1 7.46742 7.46742 138 
0.965012 -5 -2.78106 -0.11051 0.268925 0.00686979 4.02503 22 561 7441 7388 1 8.27507 8.27507 134 
5 4.58221 -1.91918 -0.188648 0.0576622 0.254073 3.98849 22 562 2175 1790 1 5.27176 5.27176 107 
4.50449 4.36092 -5 -2.21977 5.34626 20.3542 3.95973 22 563 4610 4519 1 11.9705 11.9705 78 
4.85854 0.111409 -5 -0.177855 0.329222 0.861287 3.96139 22 564 1867 1700 1 4.04724 4.04724 154 
4.02009 -3.19846 -5 -0.025899 0.252513 2.05167 3.95561 22 565 4820 4630 1 32.2698 32.2698 303 
-0.542503 -5 4.589 -0.0767947 0.134251 1.67623 3.98545 22 566 1800 1625 1 20.578 20.578 133 
-0.276383 -2.90877 -5 -2.38422 0.725084 16.2642 3.95758 22 567 1260 1 1 35.7662 35.7662 434 
5 -4.39189 3.51628 -0.168218 0.245627 0.436162 3.9921 22 568 1844 1756 1 6.22944 6.22944 70 
4.38605 -5 1.48626 -1.42853 2.90711 -3.97415 3.9947 11 569 1421 1371 1 13.0729 13.0729 52 
-2.83697 1.21916 -5 -0.376925 0.235174 0.415401 3.99705 22 570 2374 2295 1 1.993 1.993 87 
5 4.02165 0.634963 -0.243726 0.248485 0.670524 3.98625 22 571 2359 1 1 3.84146 3.84146 42 
4.35798 -4.73783 -5 -5.46188 4.0796 96.0768 3.95409 22 572 2461 1 1 9.96861 9.96861 143 
2.74226 -4.68495 -5 -0.239585 1.25256 7.08686 3.9556 22 573 4265 4050 1 13.8812 13.8812 217 
-3.77755 -0.662066 -5 -0.0811733 0.406758 0.4214 3.98258 22 574 3867 3788 1 0 0 7 
-3.23686 2.06889 -5 0.0229922 0.145869 0.44003 3.96903 22 575 1227 1173 1 0.774432 0.774432 43 
-0.322171 -3.91868 -5 -1.87645 -2.83628 8.64868 3.95768 11 576 1966 1936 1 1.68232 1.68232 68 
4.24913 -4.90892 -5 -0.727032 -0.333743 3.24902 3.95688 22 577 1783 1669 1 8.28651 8.28651 46 
5 2.56291 2.78655 -1.35136 0.168001 -0.139639 4.16884 22 578 1330 1254 1 45.9772 45.9772 399 
2.19304 -0.189752 -5 -0.108268 0.376461 0.328139 3.98734 22 579 3289 3288 1 3.53851 3.53851 42 
0.282581 -4.89702 -5 -0.441319 -0.0158833 2.00354 3.95608 22 580 1273 1 1 12.4165 12.4165 181 
-0.0821171 -4.87296 -5 -0.499407 -0.0551328 3.49748 3.95665 22 581 3402 2423 1 6.00275 6.00275 40 
-1.76749 -1.78719 -5 -0.248079 0.0734219 0.205562 3.98901 22 582 16056 15997 1 3.23628 3.23628 76 
-0.421789 -5 -1.05694 -0.352173 0.238424 0.28328 4.00894 22 583 7807 7776 1 0.483764 0.483764 12 
-4.80821 -4.92701 -5 -0.139543 0.205177 0.898784 3.95998 22 584 6594 6419 1 0.7125 0.7125 35 
-2.29579 -0.0324339 5 0.160844 0.0179944 -0.148019 4.03719 22 585 2096 2095 1 64.5764 64.5764 610 
1.02111 2.58071 -5 -0.82656 -0.306909 1.0725 3.97392 22 586 1821 1735 1 25.6766 25.6766 253 
-5 -1.08799 2.10844 3.68432 -0.167605 3.51768 3.98827 -11 587 4240 4239 1 30.9705 30.9705 196 
3.53908 -5 1.83362 0.132034 0.718653 -0.962946 4.05252 22 588 1368 1367 1 2.29957 2.29957 143 
5 2.6688 -4.596 -0.419079 0.84367 -0.796245 4.12935 22 589 6482 6481 1 0.976859 0.976859 19 
-0.614982 -5 4.69488 -2.25861 1.88697 -1.39981 4.00752 11 590 1279 1145 1 32.8995 32.8995 378 
4.24295 -5 3.92731 -0.0249986 0.0877748 0.0126842 4.04633 22 591 1032 1 1 12.0347 12.0347 207 
5 4.65426 2.83661 -0.395698 0.402857 0.107331 4.01369 22 592 9120 8937 1 0.209077 0.209077 44 
3.83509 2.73431 -5 0.197056 0.366772 0.205893 3.97823 22 593 14198 14091 1 0.128544 0.128544 8 
4.46851 4.35965 -5 11.1543 17.4859 0.236565 3.9647 11 594 7466 7172 1 2.26787 2.26787 35 
5 1.09079 3.4883 -0.326169 0.261605 0.487149 4.01087 22 595 10692 10246 1 2.61066 2.61066 58 
2.05943 -0.879944 -5 -0.248313 0.337749 3.08626 3.95593 22 596 1981 1 1 4.66981 4.66981 89 
3.65835 4.97523 -5 0.0854027 0.141967 1.34391 3.95525 22 597 2371 2177 1 60.1866 60.1866 419 
-2.0764 -5 -0.223305 0.169024 0.160455 0.731195 3.98379 22 598 1399 1319 1 1.06813 1.06813 69 
5 2.53264 -2.79415 -1.21694 -0.230455 5.90478 3.97663 -11 599 3614 3613 1 21.6158 21.6158 281 
-5 2.73646 -0.0814248 0.132143 0.123508 -0.129957 4.12194 22 600 12448 12404 1 4.90368 4.90368 55 
-1.25949 0.399055 -5 -0.891483 0.321627 12.9977 3.95372 22 601 1706 1 1 28.3838 28.3838 397 
-2.239 0.707347 -5 -2.14089 -2.70741 10.2978 3.95321 -11 602 2809 2808 1 112.158 112.158 1007 
5 1.86514 1.58899 -1.90676 0.950935 4.18089 3.98007 22 603 1259 1208 1 0.0755804 0.0755804 22 
5 -3.46119 -2.18169 -0.452479 0.250495 1.74643 3.96963 22 604 1664 1588 1 3.91938 3.91938 80 
3.06835 -0.482478 -5 -0.0705277 0.227911 0.288264 4.01633 22 605 2448 2447 1 35.483 35.483 512 
-1.72258 -3.14086 -5 -0.852813 0.319908 2.99304 3.96244 22 606 1602 1559 1 3.93967 3.93967 116 
-2.15257 -5 -3.50522 -0.951469 1.35619 10.366 3.96119 22 607 2373 2010 1 25.1844 25.1844 217 
2.32633 -0.758259 -5 -1.15691 0.328254 9.46339 3.95669 22 608 1569 1 1 1.01238 1.01238 12 
-1.1404 1.7874 -5 0.630232 0.948479 -0.105513 3.95992 11 609 1 0 1 65.4115 65.4115 699 
2.65795 -0.44859 -5 -0.182446 -0.0327788 0.476192 3.9814 22 610 1505 1504 1 65.3638 65.3638 516 
2.27936 -0.334163 -5 -0.0534583 0.0439129 0.177225 3.96478 22 611 4956 4390 1 2.60585 2.60585 25 
-2.04678 -5 -3.65453 -7.57344 3.12605 5.72306 3.99623 22 612 3856 3854 1 0.312132 0.312132 38 
0.433329 -1.79973 -5 -0.133172 0.00983282 0.139822 3.99089 22 613 3949 3948 1 11.8781 11.8781 158 
-1.11063 1.79572 -5 -0.226136 0.109894 1.43783 3.95519 22 614 2239 2058 1 50.3034 50.3034 480 
3.75472 3.28539 5 -0.0363673 0.214528 -0.0611148 4.11967 22 615 15249 15192 1 6.94685 6.94685 32 
3.68885 3.59776 -5 -0.0952477 0.145708 0.331385 3.96934 22 616 1338 1 1 0.809887 0.809887 41 
5 3.07343 -3.19162 -0.32619 -0.538155 1.08028 3.9646 22 617 2130 2003 1 9.15462 9.15462 51 
3.51304 -4.11226 -5 -0.054813 0.138543 0.779438 3.95567 22 618 3227 2886 1 0.839442 0.839442 134 
2.3037 -3.67737 -5 -1.60414 0.789533 9.2731 3.96129 -11 619 8177 8176 1 9.01632 9.01632 126 
4.64095 1.85998 -5 -0.384748 0.656576 2.60068 3.96367 22 620 1567 1 1 0.2553 0.2553 18 
-2.21962 3.28002 -5 -0.655781 0.13638 4.80195 3.95582 22 621 2477 1433 1 21.0872 21.0872 233 
5 -3.82157 -2.92809 -11.7006 -8.80278 11.0895 3.96314 11 622 1568 1162 1 11.4668 11.4668 116 
4.49148 -4.86132 -5 -0.326823 -0.353367 0.856825 3.96017 22 623 1868 1867 1 6.13792 6.13792 83 
-1.77847 4.99239 -5 -0.588694 1.63203 15.4066 3.95494 22 624 5721 5486 1 10.0231 10.0231 132 
0.0476282 2.48082 -5 -0.0149338 -0.149132 0.552911 3.9693 22 625 2736 1885 1 10.5799 10.5799 135 
4.7711 0.365449 -5 -0.10092 -0.0692609 0.200217 3.96347 22 626 6799 6758 1 0.636348 0.636348 24 
-0.611872 -4.1436 -5 -0.718726 0.208225 1.8569 3.96297 22 627 3535 3532 1 1.15659 1.15659 21 
4.28236 -2.59424 -5 -1.63376 0.335969 17.9951 3.95519 -11 628 7935 7934 1 71.0076 71.0076 720 
5 4.09345 -1.38275 -0.150723 -0.0192597 0.101805 3.96824 22 629 1187 1083 1 21.6777 21.6777 320 
5 -2.01045 4.1798 -0.17213 0.00175537 -0.603495 4.01034 11 630 7949 7923 1 8.4577 8.4577 77 
-1.69428 -1.96431 -5 -0.270493 0.177564 0.858546 3.96628 22 631 1871 1767 1 6.23838 6.23838 90 
0.688246 -5 1.1884 -1.81841 2.39502 -1.52881 4.00493 11 632 5541 5512 1 6.80299 6.80299 78 
5 -0.861144 -0.760125 -0.302401 -0.258098 0.362134 3.98647 22 633 10680 10005 1 4.74045 4.74045 22 
5 4.57157 -0.86581 -0.608859 0.682481 -0.488642 4.11192 22 634 3261 3199 1 10.7696 10.7696 82 
5 -4.24291 -4.8644 -2.8205 -2.57007 -3.98835 3.98022 -11 635 1583 1582 1 0.0513955 0.0513955 14 
-4.01593 1.05777 5 -0.0362468 0.0412507 -0.19957 4.04194 22 636 7720 7717 1 8.22738 8.22738 124 
2.06776 4.04394 -5 -0.426648 0.455076 0.466539 3.99337 22 637 3244 3187 1 9.06242 9.06242 63 
-3.5835 -2.66727 -5 -0.331228 0.302444 0.244816 3.99308 22 638 2627 2626 1 0 0 4 
1.78777 -5 4.152 0.233034 0.253458 -0.0264421 4.01933 22 639 1779 1 1 18.2793 18.2793 220 
-1.06943 -5 -4.89806 0.064991 0.207129 0.0297972 3.96172 22 640 1181 1180 1 24.8354 24.8354 279 
3.01295 3.33617 -5 -0.143624 1.17165 7.54267 3.95682 22 641 2087 1718 1 5.45699 5.45699 78 
0.093011 4.57736 5 -0.14079 -0.0570982 -0.129189 4.06706 22 642 1070 1 1 12.9203 12.9203 75 
4.28793 -2.65026 -5 -0.930877 0.104423 6.02132 3.95523 22 643 1128 1 1 8.1133 8.1133 156 
-3.2042 -3.15563 -5 -0.803979 -0.211672 4.52798 3.9585 22 644 4382 3934 1 10.3847 10.3847 110 
5 2.61511 1.91628 -0.0431965 -0.356726 0.0705079 4.0065 22 645 1393 1363 1 3.39023 3.39023 55 
2.24426 1.53991 -5 0.188156 0.273048 0.32253 4.00015 22 646 4052 4051 1 0.464097 0.464097 31 
-5 2.77932 -3.24993 0.0959734 -0.0129681 -0.151709 4.03021 22 647 2581 2534 1 9.26022 9.26022 151 
-1.1448 -5 3.37219 -0.16833 0.150221 0.238822 4.0009 22 648 1411 1392 1 2.05718 2.05718 93 
1.05157 5 -3.45266 0.107503 -0.1952 -0.0794865 3.97805 22 649 1505 1264 1 51.3921 51.3921 590 
-0.522311 3.67716 -5 -0.104864 0.321366 0.549622 3.97259 22 650 2307 2040 1 5.26861 5.26861 59 
-1.09148 -5 2.96928 -0.0962877 0.89079 4.20413 3.98183 22 651 1340 1307 1 5.38619 5.38619 75 
-4.75762 -5 4.52596 0.468161 0.402045 0.37244 3.98624 22 652 3480 3479 1 64.9704 64.9704 423 
2.7789 4.49661 -5 0.173326 -0.0307511 0.312121 3.97103 22 653 2375 2257 1 6.16405 6.16405 121 
-3.37568 1.40009 -5 -0.577875 -1.73676 1.49426 3.96833 11 654 2284 2134 1 64.937 64.937 775 
5 1.91878 -3.09664 -0.221679 0.83515 0.136132 4.04961 22 655 1937 1936 1 5.9694 5.9694 53 
-1.38908 -4.33301 -5 0.690072 -0.282722 1.36988 3.96378 22 656 1693 1386 1 26.3001 26.3001 267 
-3.35531 2.51366 -5 0.465484 3.65543 1.58825 4.01649 22 657 1862 1772 1 3.63273 3.63273 115 
1.32634 -1.99231 -5 -0.803405 0.250389 5.97376 3.95726 22 658 1139 1 1 12.035 12.035 151 
5 1.58873 3.51475 -0.118107 -0.0459439 0.801336 3.98418 22 659 4245 3892 1 5.40136 5.40136 146 
3.24014 -5 0.125737 0.954475 7.4731 5.99836 3.99353 22 660 3764 3693 1 13.9925 13.9925 257 
3.20384 1.02298 -5 -0.296593 0.347306 0.66827 3.97169 22 661 1597 1405 1 1.95661 1.95661 70 
-4.11641 -5 -4.20331 -0.225117 0.0815011 -0.0288225 3.99842 22 662 1286 1260 1 9.95899 9.95899 138 
3.71194 -5 -3.26697 -0.688857 0.638179 1.69072 3.96687 22 663 1410 1308 1 0 0 8 
-0.0923025 -5 3.89851 -0.589815 1.10591 -0.653052 4.06202 11 664 9527 9526 1 1.98076 1.98076 92 
5 -4.62495 3.10734 -0.440092 -0.254738 0.050475 4.0722 22 665 4881 4877 1 8.64497 8.64497 136 
1.44584 0.0845523 -5 -0.684071 0.429744 3.01577 3.95802 22 666 1224 1048 1 8.88033 8.88033 169 
5 4.91238 0.654843 -0.0783857 0.357197 0.347594 4.0003 22 667 1115 1 1 9.29377 9.29377 110 
2.59843 -4.14525 -5 0.278377 0.772917 2.34627 3.95779 22 668 5870 5797 1 10.2935 10.2935 125 
5 -2.90922 2.65891 -5.66416 6.57741 19.6738 3.98792 -11 669 3684 3683 1 8.73332 8.73332 21 
0.354128 0.29986 -5 8.69139 4.747 5.97222 3.9611 11 670 1166 1089 1 9.81952 9.81952 89 
2.41092 -5 -1.90408 -9.98482 3.93629 4.04337 3.9704 -11 671 1079 1078 1 32.3498 32.3498 269 
-0.141644 -0.919909 -5 -0.0626674 0.301314 0.661815 3.97631 22 672 3151 2741 1 0.919761 0.919761 103 
-4.44338 -2.55403 -5 -0.204428 0.0473928 3.70282 3.95344 22 673 1940 1171 1 101.437 101.437 1046 
-2.61809 -5 1.3365 0.0490282 0.26987 0.0508903 4.07481 22 674 13389 13388 1 0 0 3 
5 3.5738 3.93412 -0.328305 -0.0177346 0.128608 4.10938 22 675 10972 10971 1 2.2089 2.2089 15 
4.15257 5 -4.61682 -0.122456 -0.158001 -0.0308494 3.99485 22 676 3101 2701 1 14.6969 14.6969 314 
-4.77736 -5 -3.73884 0.00752739 0.520656 0.151312 4.0075 22 677 1792 1750 1 14.547 14.547 148 
-3.36152 -5 -3.81648 0.824254 0.359995 5.23138 4.96072 22 678 2655 2621 1 10.9386 10.9386 153 
3.03591 4.67337 -5 -0.923517 0.969988 6.99133 3.95801 22 679 2091 1895 1 0 0 16 
5 3.43984 -0.766357 -0.178363 0.10976 -0.193878 4.0176 22 680 2031 1 1 6.11635 6.11635 126 
-5 -3.05154 4.56752 0.0420055 0.0508268 0.458435 3.98529 22 681 1165 1 1 45.1282 45.1282 501 
-5 1.26954 -4.95416 0.339993 -0.0201527 0.380944 3.98708 22 682 3485 3483 1 11.9104 11.9104 143 
5 3.56404 -1.9832 -0.185127 -0.357898 0.00626055 4.15228 22 683 6995 6994 1 3.33342 3.33342 48 
5 -0.662628 -3.38541 -0.130315 0.0225409 -0.127049 3.99816 22 684 1239 1 1 19.5056 19.5056 224 
4.64524 0.852156 -5 -0.0400606 0.0253679 0.435506 3.95456 22 685 1491 1270 1 27.6638 27.6638 238 
-4.8007 5 3.06688 0.251956 -0.44429 -0.015633 4.1503 22 686 1833 1832 1 5.68397 5.68397 80 
-4.76588 -2.86296 -5 -0.105147 0.187716 0.257167 4.01686 22 687 1057 1 1 2.57064 2.57064 29 
0.153625 -5 -4.33487 -0.977677 0.25954 2.09878 3.96126 11 688 1309 1289 1 19.5078 19.5078 284 
-4.09419 -3.84299 -5 -0.126788 0.098183 0.565462 3.95791 22 689 4560 4448 1 7.99402 7.99402 76 
5 -0.179697 3.77191 -1.02708 0.222994 3.88439 3.98929 22 690 1407 1 1 1.53537 1.53537 14 
-1.88965 -4.28549 -5 -0.139801 0.223039 1.65829 3.95865 22 691 1216 1 1 9.35921 9.35921 117 
-3.09625 -3.37012 -5 -0.115943 0.777334 0.958412 3.96937 22 692 1128 1 1 24.8035 24.8035 149 
1.15339 -5 0.0813347 -0.0391885 0.0961225 0.151254 4.04897 22 693 8084 8028 1 17.8172 17.8172 126 
5 -0.384161 -1.36755 -0.714932 -0.229837 1.51264 3.97746 22 694 11810 11535 1 6.03711 6.03711 40 
4.51341 5 1.05188 -0.105072 -0.649115 0.45624 3.98846 22 695 6137 6113 1 1.49151 1.49151 45 
-4.20967 1.48547 -5 0.0735523 0.373822 0.34054 4.06465 22 696 1735 1733 1 12.0862 12.0862 94 
-5 -0.348267 3.53019 0.403296 0.291428 -0.116369 4.05838 22 697 4237 4236 1 0.218558 0.218558 49 
0.709474 -4.71383 -5 -0.806515 0.258492 4.37868 3.95776 22 698 4531 4106 1 10.1196 10.1196 65 
2.52636 -5 -0.0134539 0.00846327 0.284363 0.0945622 4.00674 11 699 2443 2417 1 6.29825 6.29825 87 
-1.19008 -4.54035 -5 -0.24748 3.88041 2.54028 3.99264 22 700 2128 2127 1 11.8987 11.8987 126 
-4.89509 -0.839274 -5 -0.353522 0.0221381 0.890488 3.96508 22 701 2207 1844 1 6.14767 6.14767 76 
-0.981744 -1.18595 -5 -0.167717 0.0673847 0.243268 3.97467 22 702 3622 3621 1 18.4119 18.4119 266 
4.65864 5 3.52436 -0.287507 -0.656425 -0.221025 4.07221 22 703 1309 1308 1 12.2851 12.2851 248 
3.77258 -5 -4.44792 0.034563 0.108378 0.272406 3.96174 22 704 2888 2450 1 9.48316 9.48316 114 
4.62342 -1.72664 -5 0.120826 -0.0694009 0.249251 3.9588 22 705 1186 1133 1 107.145 107.145 928 
1.72697 -0.960706 -5 -1.55426 1.67214 9.02433 3.95694 22 706 3413 3214 1 21.057 21.057 193 
5 -3.09613 -4.35746 -0.298242 -0.286327 -1.73593 3.97868 11 707 9279 9222 1 5.38083 5.38083 69 
5 -0.470035 4.72179 -0.50153 -0.013372 0.0969978 4.02758 22 708 1322 1321 1 7.71849 7.71849 111 
4.21677 -0.48705 -5 -0.219181 0.231287 -0.832517 3.95573 11 709 1376 1375 1 1.5065 1.5065 72 
1.73387 -5 -4.62605 -0.101942 0.149548 0.00552052 3.99975 22 710 3285 3198 1 1.34836 1.34836 68 
2.79937 -5 -1.96817 -0.121775 0.37157 -0.203946 4.06385 22 711 1904 1901 1 1.31254 1.31254 97 
5 2.54215 1.07781 -0.161114 0.202054 -0.0306027 4.03947 22 712 3968 1 1 8.86905 8.86905 49 
-3.13132 0.10162 -5 0.193033 1.37644 12.6497 3.95413 22 713 4856 4566 1 37.5244 37.5244 240 
-0.683886 -5 2.37135 -0.781197 1.06335 -0.374575 4.05996 22 714 5136 5038 1 0.757019 0.757019 22 
-4.9671 -1.60259 -5 -0.0628331 0.010111 2.2584 3.95294 22 715 2265 1 1 133.65 133.65 1213 
5 -4.1123 -2.97884 -2.12545 6.0349 4.28092 3.97231 -11 716 3115 3114 1 8.35996 8.35996 114 
5 -4.95016 4.54711 -0.102342 -4.05737 2.36266 3.9897 11 717 7221 7219 1 4.27156 4.27156 22 
0.470472 -5 4.62323 -0.0280734 0.131852 0.212087 4.0202 22 718 1654 1624 1 11.3041 11.3041 136 
2.89594 -4.02895 -5 -0.735693 -0.21615 1.04791 3.95935 22 719 10063 10062 1 3.13379 3.13379 12 
-1.53992 0.0518734 -5 -0.829095 4.78854 20.4126 3.96173 22 720 3239 3188 1 7.41471 7.41471 138 
5 -0.0684365 4.32291 -1.91806 0.95463 17.5286 3.98578 22 721 3707 3125 1 6.22555 6.22555 93 
3.46503 -1.91645 -5 1.81401 1.54463 132.426 3.95319 11 722 1563 1509 1 143.521 143.521 1143 
-2.39128 -5 -3.1335 0.484284 1.13197 -0.878145 4.00306 11 723 1314 1281 1 12.7942 12.7942 54 
-4.65574 3.37324 -5 -0.221121 -0.662813 1.83659 3.97085 22 724 1110 1108 1 0.069329 0.069329 23 
-0.118209 -5 -3.10431 -0.00848379 0.332559 0.0854023 3.98487 22 725 1647 1400 1 15.717 15.717 100 
1.39048 -1.51919 -5 -0.0341814 4.22388 3.6934 3.96533 11 726 1352 1170 1 26.4503 26.4503 392 
-1.68746 3.682 -5 -1.66663 0.901812 11.9423 3.95738 22 727 12182 11752 1 3.49719 3.49719 32 
0.858469 3.85907 5 -0.58217 0.0200358 -0.718862 4.0642 22 728 1001 1 1 23.839 23.839 225 
0.689793 -1.97755 -5 0.120089 0.212942 18.6455 3.9528 22 729 2197 1 1 130.161 130.161 992 
2.31629 -1.01798 -5 1.78424 8.88922 177.091 3.95307 11 730 1 0 1 81.8361 81.8361 657 
-0.434339 0.858293 -5 -0.116355 0.0515775 4.48746 3.95288 22 731 2085 1367 1 86.864 86.864 604 
1.61326 -5 -0.27796 -1.36059 7.6633 10.2948 3.98645 -11 732 3514 3513 1 7.18591 7.18591 82 
-0.139886 -5 3.41086 -0.357928 0.319198 -0.0254206 4.16253 22 733 1173 1171 1 3.53374 3.53374 16 
2.38371 -4.76889 -5 -1.13866 0.817306 1.12169 3.96539 11 734 2006 2005 1 6.3508 6.3508 70 
5 -4.61521 0.0232548 -0.0715318 0.056365 -0.0626503 3.98372 22 735 3401 3395 1 21.9162 21.9162 331 
-2.5647 -4.84506 -5 -0.659908 0.447997 6.20126 3.95516 22 736 1646 1183 1 11.6057 11.6057 185 
1.96109 -0.486941 -5 -0.0102109 0.190547 0.0631458 3.99743 22 737 6333 6278 1 9.68169 9.68169 175 
5 4.65593 -1.61194 -0.50361 0.0406897 -0.0764275 4.01682 22 738 2394 2356 1 0.605158 0.605158 46 
-2.35084 3.69077 -5 -3.69565 2.8126 2.7892 3.99676 22 739 4394 4319 1 3.05113 3.05113 69 
3.50858 -5 0.49348 -0.346489 0.249795 -0.300367 4.03214 22 740 1492 1468 1 3.35624 3.35624 89 
-0.462096 -2.71507 -5 -1.22093 0.708612 2.7982 3.96715 22 741 1422 1 1 1.44961 1.44961 105 
-2.83971 0.393023 -5 -0.435014 0.215611 0.732114 3.97939 22 742 1894 1830 1 18.9742 18.9742 143 
4.01387 0.275536 -5 -0.51052 -0.566096 0.598369 3.98032 22 743 4242 4210 1 3.9097 3.9097 83 
4.4332 -1.98263 -5 0.00100871 1.48261 22.5448 3.9536 22 744 3153 2944 1 28.6106 28.6106 374 
-3.50565 -5 0.438709 -0.310113 0.163971 0.622484 3.98907 22 745 2404 2271 1 1.08595 1.08595 78 
-0.0702144 -5 0.131695 -0.22324 0.336743 -0.0642696 4.09458 22 746 3473 3471 1 6.11757 6.11757 80 
-0.0694408 -2.8681 -5 -0.0184104 0.0590701 0.507239 3.97401 22 747 1978 1977 1 4.73198 4.73198 107 
5 -1.95819 -3.27002 -0.0847661 0.074365 0.499662 3.96563 22 748 1802 1713 1 15.7129 15.7129 210 
-3.09174 -5 0.751311 0.264157 0.411717 0.626448 4.00733 22 749 1136 1135 1 14.822 14.822 141 
1.02761 -5 -4.09954 -0.172585 0.203661 0.0681321 4.04858 22 750 1615 1578 1 0.275157 0.275157 25 
1.77263 1.8819 -5 -0.365438 0.397794 2.33511 3.95945 22 751 1632 1567 1 5.99581 5.99581 68 
1.95116 -3.72461 5 -0.128713 -0.0115655 -0.494387 4.04056 22 752 1494 1493 1 18.9127 18.9127 253 
1.40041 -1.22913 -5 -0.288681 0.804432 8.18738 3.95463 22 753 3857 3449 1 18.2845 18.2845 219 
5 -0.353635 -3.71956 -0.377631 0.339753 -0.0555188 4.00657 22 754 2040 2039 1 13.3276 13.3276 43 
-3.98205 2.65919 -5 -0.861171 0.25036 5.7218 3.95618 22 755 3742 3208 1 18.5144 18.5144 169 
-1.56536 -5 -2.75931 0.104677 2.0224 0.636064 3.96215 -11 756 4844 4843 1 7.75431 7.75431 195 
-2.47044 -2.59178 -5 -0.145413 0.227474 0.492062 3.96712 22 757 1844 1695 1 8.08502 8.08502 204 
1.36796 -0.412024 -5 -0.0024696 0.210645 0.457202 3.97161 22 758 1284 1 1 2.34205 2.34205 54 
5 1.61437 -2.18832 -0.251041 0.0292535 0.0481318 4.015 22 759 2638 2637 1 1.09592 1.09592 65 
0.145916 -3.39644 5 0.00107633 -0.00816804 -0.0325397 4.08422 22 760 3379 3371 1 0.0589297 0.0589297 35 
-1.51188 -2.73332 -5 -0.637641 1.07025 1.51883 3.9783 22 761 1859 1771 1 7.88456 7.88456 107 
1.41266 0.634194 -5 -0.149847 0.509568 0.483893 4.00045 22 762 3128 3048 1 0 0 2 
4.54737 -2.94661 -5 -0.694125 2.22428 43.7389 3.95353 22 763 8533 8101 1 26.0705 26.0705 214 
-2.68436 -5 2.78066 -0.49227 0.271358 0.264911 3.98758 22 764 1726 1610 1 46.6115 46.6115 472 
2.34281 -5 1.78569 -0.176012 0.465521 0.152029 4.00788 22 765 2549 2532 1 3.1596 3.1596 23 
-0.170055 5 0.841128 -0.493407 -0.132925 -0.000835291 4.03745 22 766 22350 22328 1 1.84277 1.84277 14 
0.422148 -5 -4.04443 -0.0124816 0.373607 1.91222 3.96464 22 767 2216 2189 1 9.16581 9.16581 90 
-2.73513 4.24399 -5 -3.4741 8.51476 62.2661 3.95498 22 768 1569 1426 1 101.732 101.732 784 
3.80783 -5 2.1124 0.368359 0.229631 0.269632 4.02731 22 769 5880 5877 1 1.52838 1.52838 87 
-0.232348 -5 3.08408 0.0258317 0.36652 0.355128 4.01472 22 770 3270 3269 1 0.737659 0.737659 64 
-5 0.264777 -4.09988 0.351117 -0.268313 0.256603 3.96514 22 771 1306 1305 1 42.5766 42.5766 408 
-1.9128 -5 -4.34088 0.024501 0.167051 0.0884238 3.9767 22 772 3227 3122 1 1.59469 1.59469 61 
0.323328 5 -2.86951 -0.603148 -1.05541 -3.16542 3.97855 -11 773 3634 3633 1 8.02732 8.02732 168 
0.16248 4.34547 -5 -0.185273 0.178502 0.846839 3.9637 22 774 2936 2880 1 5.5396 5.5396 158 
1.97085 -0.270768 -5 -0.139605 0.110486 0.525973 3.96196 22 775 5018 4932 1 9.37446 9.37446 51 
-0.983654 -2.70322 -5 -2.98627 -1.75406 15.6982 3.96413 11 776 1 0 1 17.4168 17.4168 351 
4.69438 3.11827 5 0.0725134 0.364783 -0.144436 4.03555 22 777 1200 1196 1 11.7388 11.7388 148 
-1.43123 1.27083 5 0.0263542 -0.0544556 -0.150958 4.06523 22 778 4769 4766 1 25.1789 25.1789 341 
4.47823 -5 1.26792 2.63048 15.934 7.17651 3.9794 11 779 1 0 1 19.4991 19.4991 258 
5 -2.75627 0.13377 -0.134719 0.0373748 -0.145204 3.98991 22 780 1659 1596 1 15.9621 15.9621 145 
1.8816 1.21107 -5 -0.199762 -0.261459 0.390966 3.96368 22 781 1726 1725 1 16.8293 16.8293 287 
4.35512 -0.0854677 -5 0.160509 0.432675 0.416857 3.98623 22 782 3751 3429 1 18.6545 18.6545 207 
4.9772 -2.42826 -5 -0.160626 -8.42109 15.4897 3.95421 11 783 1 0 1 41.7706 41.7706 376 
5 -3.50624 -2.03896 -0.201109 0.0219848 -0.0404652 4.05553 22 784 6649 6550 1 4.19185 4.19185 79 
0.496718 -5 -2.48647 -0.139069 0.212604 0.143798 3.98192 22 785 3988 3987 1 15.0413 15.0413 104 
3.20595 -4.74559 -5 -0.147223 -0.0339425 3.97698 3.95324 22 786 1637 1 1 33.112 33.112 234 
5 -2.68449 1.47308 -0.310332 0.397053 -0.0846326 3.99198 22 787 2316 2315 1 5.82798 5.82798 140 
5 -0.662655 -4.9493 -0.266838 -0.0719447 -0.0782897 4.05114 22 788 5188 5185 1 9.78981 9.78981 85 
5 4.22114 -0.338912 -0.294503 0.26555 -0.0383846 4.03363 22 789 2760 2691 1 3.26236 3.26236 77 
-0.268676 -1.8777 -5 -1.80572 0.734622 5.21297 3.95773 22 790 3819 3757 1 12.1423 12.1423 103 
-0.478299 -5 -3.20271 -0.169574 0.0191039 0.16051 3.97416 22 791 2371 2370 1 10.8298 10.8298 159 
3.09419 -4.62038 5 0.0890885 0.0807831 -0.288107 4.01899 22 792 6819 6818 1 9.27764 9.27764 116 
2.89598 0.375813 -5 -5.54369 8.00964 83.3554 3.95497 22 793 1032 1 1 26.4408 26.4408 577 
-3.41854 -4.61362 -5 -0.0975723 0.0935222 2.33943 3.95327 22 794 1709 1 1 53.2064 53.2064 501 
5 2.02074 -1.20047 -0.230566 0.250344 -0.381165 4.06726 22 795 5369 5368 1 0.510103 0.510103 52 
5 -0.000882151 -2.36517 -0.243225 0.488398 0.0642026 4.02935 22 796 6222 1 1 1.05019 1.05019 6 
1.47971 3.11368 -5 -0.767137 0.371953 1.02467 3.96891 22 797 14806 13958 1 3.4433 3.4433 56 
1.07687 2.91178 -5 -0.038163 0.00909858 0.143793 3.96078 22 798 5877 5682 1 9.30906 9.30906 136 
4.98362 0.0578702 -5 -0.0868829 -0.168351 0.52167 3.9627 22 799 1651 1591 1 9.41518 9.41518 130 
4.09642 -5 0.629759 -2.21985 1.68018 4.10495 3.98786 22 800 4863 4834 1 8.09324 8.09324 105 
3.00175 1.04719 -5 -0.293467 0.221961 0.464798 3.9879 22 801 3737 3692 1 0.464436 0.464436 38 
5 -0.758796 2.13551 -0.407138 0.442718 2.98595 3.98413 22 802 6310 5472 1 3.77386 3.77386 72 
5 0.1961 -1.12712 -0.0833589 0.140201 0.802216 3.97324 22 803 10689 10639 1 0.177166 0.177166 36 
2.30429 -1.79283 -5 -0.273834 0.17523 2.78978 3.95492 22 804 2630 2492 1 57.5525 57.5525 479 
3.93018 1.50209 -5 -0.0324825 -0.240887 0.146328 4.00774 22 805 1357 1356 1 7.07152 7.07152 47 
4.18882 -0.164712 -5 0.826885 0.910989 4.92077 3.95634 22 806 2316 2028 1 48.0699 48.0699 509 
-0.601351 4.73604 -5 -1.496 1.00938 8.80588 3.95951 22 807 1521 1261 1 3.33589 3.33589 74 
4.10817 -0.883213 5 0.510341 0.294652 -0.474319 4.04617 22 808 12218 12216 1 0.598692 0.598692 42 
2.01902 5 -1.56701 -0.448826 -0.156643 -0.187452 4.00735 22 809 2413 2386 1 19.4597 19.4597 191 
3.38539 1.38345 -5 5.6917 -4.29929 93.4049 3.95324 -11 810 6302 6301 1 90.0986 90.0986 802 
-2.27311 0.572806 -5 -0.450865 0.360726 0.116322 4.03381 22 811 5929 5896 1 0 0 6 
5 -4.59778 -1.61545 -0.429235 0.265916 -0.0785211 4.03063 22 812 1997 1996 1 0.296241 0.296241 16 
4.59803 -3.49685 -5 0.358585 0.946168 3.20603 3.96241 22 813 2373 2079 1 0 0 6 
-2.31772 -5 4.94097 -0.232264 0.143521 -0.137957 4.0706 22 814 3845 3755 1 0.562801 0.562801 23 
1.92411 -4.12878 -5 -0.177236 0.440393 1.76333 3.96043 22 815 8898 8722 1 6.22224 6.22224 71 
-4.83513 3.95637 -5 -3.31272 0.626273 16.3058 3.95788 22 816 2122 1631 1 22.31 22.31 336 
-1.41947 -3.59525 -5 0.0375495 0.00129317 2.05671 3.95322 22 817 1108 1 1 102.683 102.683 991 
-4.36994 -3.89175 -5 -3.15703 2.30977 9.63051 3.96561 22 818 1242 1104 1 3.39134 3.39134 45 
5 1.34769 1.53018 -9.09096 -0.418547 28.4143 3.97569 11 819 4290 4221 1 46.4728 46.4728 375 
-2.93857 2.38863 -5 -0.894351 2.54314 1.75708 3.99905 -11 820 1894 1893 1 12.329 12.329 118 
3.94377 -2.44187 -5 -2.34163 5.31695 7.91369 3.95417 -11 821 1099 1098 1 51.2135 51.2135 439 
-2.57891 4.91846 -5 -4.02812 0.238717 10.3679 3.96622 22 822 7369 7237 1 7.46572 7.46572 204 
-1.2293 -3.41683 -5 -1.64008 -0.0800763 0.750441 4.01082 22 823 3969 3841 1 0.280027 0.280027 47 
-2.4859 3.28845 -5 0.941724 2.83482 20.6869 3.95963 22 824 3417 3206 1 31.378 31.378 268 
5 -0.103637 -2.29135 -0.454902 0.68291 -1.05917 4.00362 22 825 3406 3405 1 16.8651 16.8651 280 
3.4393 -5 -1.9031 -0.743504 1.09516 3.94792 3.97115 22 826 6605 5657 1 6.16436 6.16436 106 
-2.04948 -0.899534 -5 -3.66001 3.04479 23.1692 3.95885 22 827 2445 2444 1 16.8404 16.8404 260 
4.67243 -0.533159 -5 5.31847 17.0144 25.9333 3.95759 -11 828 1533 1532 1 26.7764 26.7764 203 
5 3.53681 0.308157 -2.33958 1.40999 0.487951 4.00718 22 829 1151 1122 1 4.67362 4.67362 103 
5 -2.29936 4.03366 -0.200589 0.316605 0.00753057 4.01076 22 830 1215 1 1 22.7232 22.7232 279 
5 1.71299 -2.28422 -0.224265 0.0564334 -0.136484 4.07299 22 831 1528 1 1 7.36758 7.36758 208 
5 -1.1381 -3.39301 -0.338106 0.0761242 0.323143 4.01506 22 832 3575 3522 1 6.46089 6.46089 161 
5 -2.28249 2.34621 -0.0330818 0.295072 0.415882 4.01484 22 833 2924 2923 1 3.17286 3.17286 78 
3.63695 -5 -4.54094 -0.12319 5.38489 1.36819 3.98871 22 834 1255 1254 1 1.80974 1.80974 53 
1.98807 -1.41559 -5 -5.81713 -6.32521 6.39917 3.96178 11 835 1 0 1 19.1785 19.1785 376 
5 -3.5682 -3.56007 -0.253031 0.424633 0.720398 3.99558 22 836 8155 8154 1 2.1955 2.1955 52 
5 -0.0775726 -3.4111 -0.466787 0.122482 0.16801 3.99976 22 837 1201 1200 1 19.1893 19.1893 196 
-2.96296 5 -2.11613 -0.214712 -0.422908 -0.190177 3.98411 22 838 5309 5308 1 55.2374 55.2374 454 
1.69702 -1.93581 5 0.167557 0.442361 -0.193291 4.01819 22 839 3104 3103 1 37.8927 37.8927 371 
2.826 2.00153 -5 -5.2788 4.60642 44.146 3.95357 -11 840 1175 1174 1 64.6538 64.6538 752 
3.90539 -5 -1.42828 -0.12141 0.282836 0.407901 3.98312 22 841 6160 6159 1 1.71033 1.71033 51 
3.10587 -5 -4.72977 -1.5177 0.257934 2.51522 3.96237 11 842 2758 2660 1 63.0485 63.0485 535 
-4.21936 3.43433 -5 0.0257276 0.104646 0.364629 3.96556 22 843 1376 1374 1 19.256 19.256 276 
5 -2.21821 2.28543 -0.436873 0.18534 0.431281 3.99645 22 844 5407 5386 1 0.498898 0.498898 36 
-3.94849 -3.65886 -5 -0.782016 0.462721 0.63556 3.98766 22 845 9129 9068 1 0 0 12 
4.29009 -3.88685 -5 -0.048005 0.614721 1.15009 3.95898 22 846 2221 2052 1 7.28156 7.28156 53 
1.07972 -5 0.635355 0.65769 1.66373 1.64443 3.9919 22 847 1095 1 1 5.03577 5.03577 128 
-2.3285 -0.668412 -5 0.0750928 -0.131538 0.0730183 4.05456 22 848 9771 9745 1 0.0218919 0.0218919 7 
-1.52444 -5 1.08122 -2.34919 2.7796 3.96458 3.98882 22 849 8684 8632 1 0 0 7 
-1.27284 -5 -1.9846 -3.48504 5.54736 3.85362 3.98269 11 850 4760 4002 1 2.95873 2.95873 156 
1.02516 -2.94168 -5 -0.462528 0.00867616 0.230242 3.96806 22 851 2104 2072 1 18.7341 18.7341 262 
5 -2.80269 4.06046 -0.131169 0.162804 0.0981623 4.03707 22 852 16841 16726 1 0.373514 0.373514 31 
-0.0349109 -0.837626 -5 -0.146526 0.498357 0.460218 4.00058 22 853 6084 6053 1 2.66057 2.66057 78 
4.08575 -5 0.418568 -0.0538162 0.272765 1.08685 3.97785 22 854 1833 1701 1 9.39305 9.39305 73 
3.51469 -3.2709 -5 -0.402693 -0.0100828 2.26983 3.95447 22 855 1811 1635 1 14.2605 14.2605 84 
2.04391 -4.04663 -5 0.0713222 -0.0549506 0.387121 3.95838 22 856 1921 1836 1 0.397083 0.397083 28 
5 -3.87321 2.44704 -3.17372 4.91322 4.08799 3.98296 -11 857 1522 1521 1 17.008 17.008 232 
5 1.17568 3.60783 -0.298266 0.0395535 0.547543 3.98941 22 858 2672 2553 1 33.6552 33.6552 265 
-2.06769 5 -3.76378 0.426057 -0.180074 0.491718 3.9616 22 859 2289 1765 1 14.0859 14.0859 187 
-0.607495 -1.45767 -5 -0.700034 0.668018 2.32032 3.96751 22 860 2784 2515 1 20.9629 20.9629 119 
5 0.0763894 2.81514 -0.193592 0.292049 0.735214 3.98316 22 861 6048 6007 1 21.3066 21.3066 242 
4.38202 -0.232265 -5 -0.925008 0.482988 20.7799 3.9532 22 862 7513 7212 1 33.0559 33.0559 270 
-0.0946509 -5 -4.69886 4.93317 0.780469 -3.86272 3.98856 11 863 1589 1310 1 19.9711 19.9711 235 
5 -4.07908 0.862269 5.55153 15.0024 12.444 3.97749 -11 864 2675 2674 1 0.738297 0.738297 25 
1.8358 -4.91947 -5 -0.551193 0.0203063 8.04431 3.95362 22 865 4833 4411 1 37.8984 37.8984 393 
-0.913972 -1.41783 -5 -0.418639 1.2229 5.548 3.95766 22 866 2552 1837 1 11.2121 11.2121 229 
3.25155 -4.46511 -5 -0.232422 0.2857 0.492059 3.97398 22 867 16613 16527 1 0.389243 0.389243 36 
1.82119 2.93985 -5 -0.177493 0.707032 4.46819 3.96141 22 868 1068 1 1 15.5091 15.5091 51 
1.96469 -5 3.44203 -0.0975924 0.076216 0.931021 3.9834 22 869 3684 3602 1 0.462388 0.462388 39 
5 -0.998534 2.6351 -0.426657 -0.0247582 0.132106 4.10258 22 870 1140 1139 1 0.748521 0.748521 80 
5 4.83223 -1.19773 -0.248291 -0.0871962 0.0724934 3.99414 22 871 14175 13969 1 0.404872 0.404872 29 
5 1.58095 4.12334 -0.203705 0.436219 -0.171281 4.09009 22 872 2807 2806 1 2.68888 2.68888 41 
-0.9371 3.55104 -5 -1.39789 1.21129 4.59987 3.96662 22 873 3895 3816 1 2.02406 2.02406 24 
1.47867 3.28613 -5 -0.0473158 0.400059 2.12017 3.95883 22 874 1080 1 1 24.9711 24.9711 225 
1.78297 -5 4.40529 -0.487735 0.15077 -0.0224327 4.06046 22 875 3492 3489 1 4.47054 4.47054 88 
5 4.02984 2.33346 -0.347769 -0.317148 0.198983 4.13389 22 876 1097 1075 1 24.3231 24.3231 376 
-2.48608 -5 4.10563 -1.30167 0.67439 2.88557 3.99121 22 877 7736 7568 1 9.83694 9.83694 145 
-3.46673 5 -1.27787 0.106205 -0.0722939 0.147973 4.01211 22 878 1581 1523 1 2.41439 2.41439 52 
5 0.178938 -3.59225 -0.430372 0.230571 -0.150787 4.03683 22 879 4623 4622 1 7.29564 7.29564 118 
5 -4.68107 -4.6809 -0.278161 1.54051 3.15219 3.95656 22 880 3499 3452 1 46.7554 46.7554 575 
3.30462 0.872693 -5 -0.133028 0.252054 3.59662 3.95438 22 881 2784 2417 1 1.67004 1.67004 95 
3.91644 2.98881 -5 -2.26242 1.71413 7.51471 3.96239 22 882 3197 2939 1 17.7552 17.7552 114 
-0.816514 -5 0.994884 -0.482408 0.165257 0.0330565 4.04916 22 883 5350 5349 1 0 0 6 
-1.0638 -4.91199 -5 -3.8247 1.35471 26.2459 3.95657 22 884 1216 1 1 0 0 17 
-0.171874 0.216381 -5 -0.15198 0.56672 0.712673 3.98394 22 885 5021 4963 1 5.12963 5.12963 146 
-0.200604 -5 4.14624 -0.775477 0.450185 0.0928377 4.0652 22 886 2788 2786 1 1.18058 1.18058 36 
-0.190425 -5 -3.90859 -11.2595 3.22975 28.816 3.96693 22 887 1039 1 1 7.5336 7.5336 39 
-2.46269 -2.64561 -5 -8.51302 1.65252 39.4965 3.95488 22 888 1043 1 1 33.6712 33.6712 424 
3.1006 -2.28627 -5 -1.64368 0.778541 4.80301 3.96041 22 889 2347 1 1 10.1732 10.1732 124 
0.261087 -5 3.70978 -0.0585465 0.248369 0.16389 4.0109 22 890 3679 2984 1 22.9692 22.9692 226 
1.2934 -4.42669 -5 -0.458683 0.319967 16.5091 3.953 22 891 1910 1 1 35.0441 35.0441 385 
0.0577953 -5 -1.10874 -0.128454 0.0823161 -0.121522 4.04688 22 892 2651 1 1 2.82703 2.82703 55 
5 -2.56197 -3.2315 -0.0690912 0.181472 0.180641 3.98117 22 893 1695 1319 1 11.1466 11.1466 135 
2.87139 4.72922 -5 -1.50007 4.81306 10.4028 3.96919 22 894 5697 5662 1 7.8703 7.8703 38 
-4.96573 4.48216 -5 -1.37784 1.52106 5.74016 3.96353 22 895 1481 1 1 15.1377 15.1377 182 
1.84742 -5 3.97003 0.0241561 0.955942 0.656927 4.00336 22 896 5982 5132 1 1.62425 1.62425 39 
5 1.88666 2.36839 -0.343215 0.0988348 0.103385 4.0695 22 897 2810 2809 1 8.06011 8.06011 90 
-0.427937 -5 -3.93712 -0.164807 0.273155 1.04179 3.97366 22 898 7293 7117 1 6.87384 6.87384 129 
-3.3459 -4.61865 -5 -0.902212 -0.106219 4.70013 3.95783 22 899 1801 1486 1 14.4144 14.4144 241 
-2.26428 2.57887 -5 -0.877167 0.853882 0.669549 4.00911 22 900 9702 9700 1 0.41007 0.41007 12 
-2.41705 3.19523 5 0.00126875 -0.0132313 -0.0262821 4.18959 22 901 11171 11161 1 0.846579 0.846579 82 
-0.596238 1.34138 -5 3.03101 13.9554 29.4685 3.95815 22 902 1137 1136 1 42.6451 42.6451 396 
3.5475 0.749342 -5 -0.0808479 0.245146 0.421296 3.96938 22 903 13767 13488 1 7.9241 7.9241 119 
-1.44582 -5 -4.76672 0.340062 0.207778 0.0817542 4.03677 22 904 2778 2777 1 5.45432 5.45432 121 
2.2226 -0.0295525 -5 -1.94213 1.84347 11.5104 3.9609 22 905 1979 1741 1 0.0658312 0.0658312 6 
5 -2.73096 0.9993 -0.342025 0.0245989 1.08309 3.9994 22 906 5748 5747 1 0.889264 0.889264 38 
-2.36852 2.1111 -5 -0.0997632 1.07364 2.29756 3.96559 22 907 5342 5126 1 11.5697 11.5697 153 
4.47115 -5 1.38217 0.313462 0.381207 0.132449 3.99546 22 908 2070 2069 1 14.2383 14.2383 104 
5 -3.30201 2.64828 -0.316013 0.131004 -0.139968 4.01724 22 909 1362 1 1 4.64781 4.64781 83 
2.33155 -4.49383 -5 6.52853 16.9289 36.3767 3.95393 -11 910 4888 4887 1 15.3403 15.3403 162 
-3.52335 3.25348 -5 -0.00341781 0.126443 0.212283 3.964 22 911 2049 1968 1 6.04572 6.04572 92 
-2.18961 0.98665 -5 -1.89204 -1.22838 33.3489 3.9537 22 912 1933 1 1 96.9195 96.9195 773 
5 1.26359 3.00771 -1.46112 2.52052 -0.494885 4.01513 22 913 6959 6958 1 0 0 10 
1.82993 -5 -1.4788 -0.12361 0.152302 0.0844401 4.00185 22 914 3767 3766 1 2.95655 2.95655 97 
2.81013 -2.5114 -5 5.00206 4.11661 16.9819 3.96031 11 915 1710 1638 1 5.09786 5.09786 34 
-4.00415 -3.15195 -5 -0.144826 0.270904 1.41489 3.95702 22 916 1555 1442 1 5.09872 5.09872 113 
4.85517 -1.37662 -5 0.0164136 0.0932248 0.91386 3.95318 22 917 1755 1580 1 42.468 42.468 334 
-3.02749 -0.448984 -5 -0.863664 0.846791 4.21249 3.96291 22 918 3457 3184 1 2.62142 2.62142 77 
-3.84308 -5 -4.7201 -0.185756 0.0316124 0.10882 3.98384 22 919 2347 2346 1 15.8339 15.8339 153 
4.7485 -0.98169 -5 -0.0121558 0.336523 3.16021 3.9552 22 920 4418 3736 1 5.29627 5.29627 81 
5 -4.13651 -4.10454 -3.99922 1.50608 4.64573 3.96684 11 921 1298 1297 1 8.83159 8.83159 131 
5 4.2272 1.29084 -0.446212 -0.668088 18.1427 3.97513 22 922 1382 1 1 5.9065 5.9065 98 
-3.45566 -3.19692 -5 0.211049 0.134865 0.606582 3.9749 22 923 3044 2964 1 24.3192 24.3192 340 
-3.30616 -0.902815 5 -0.0191894 0.13972 -0.0811227 4.04603 22 924 2405 2314 1 13.5105 13.5105 133 
5 -4.71205 4.52701 -0.765454 0.519998 0.0265442 4.03163 22 925 4142 4123 1 1.98795 1.98795 97 
4.80923 -4.9001 -5 8.78174 10.7186 339.524 3.95276 22 926 1880 1 1 64.5315 64.5315 658 
3.90926 -5 -4.65936 -0.268613 0.416339 0.351131 3.9694 22 927 1753 1616 1 8.59736 8.59736 132 
3.72034 -1.45803 -5 0.165707 1.56322 6.00394 3.95535 22 928 1614 1445 1 40.3022 40.3022 440 
1.36302 -1.39155 -5 -1.01436 0.553181 1.42522 3.97715 22 929 2869 2096 1 0.48731 0.48731 34 
0.908098 5 -1.10336 0.00291573 -0.200409 0.293924 3.99432 22 930 2852 2851 1 13.9321 13.9321 247 
-3.64935 -4.93028 -5 -0.256326 0.395007 1.02215 3.96127 22 931 2388 2224 1 9.91194 9.91194 140 
5 2.65722 2.88866 -0.757935 1.06228 1.18374 4.00227 22 932 12204 11963 1 7.70774 7.70774 62 
1.13986 3.80717 -5 8.89655 -6.23105 22.3372 3.95702 11 933 1 0 1 56.1401 56.1401 589 
0.930783 -4.5816 -5 -0.0395031 0.201165 0.180767 3.99406 22 934 1660 1657 1 2.35668 2.35668 46 
5 -1.71633 2.67179 -0.16319 -0.0930297 -0.0347424 4.01032 22 935 1109 1061 1 10.2888 10.2888 115 
5 -4.01458 1.26728 -0.430184 0.189677 0.20737 3.98539 22 936 1699 1612 1 23.6423 23.6423 277 
1.88579 1.18652 -5 -0.321692 -1.07011 0.292867 4.04401 22 937 4163 4162 1 0.987035 0.987035 62 
2.13138 4.76377 -5 -0.32352 0.355234 2.89244 3.95711 22 938 3005 2855 1 7.96919 7.96919 134 
5 2.24174 2.12598 -2.85727 0.39227 10.1835 3.98379 22 939 6745 5919 1 8.36792 8.36792 59 
4.39886 -4.95602 -5 0.322773 -0.759999 1.30204 3.97485 11 940 2459 2409 1 8.61112 8.61112 110 
2.19676 -3.8539 -5 0.190289 0.615085 3.92956 3.95622 22 941 1728 1 1 8.24296 8.24296 109 
5 -3.9864 0.299921 -0.67317 -0.35141 0.298299 3.98283 22 942 3022 2960 1 9.53894 9.53894 164 
1.9258 0.929327 -5 -0.25987 0.437416 0.0474857 4.07477 22 943 6394 6393 1 0.535134 0.535134 27 
5 -4.04954 2.54277 -1.78358 1.15116 1.57857 3.99187 22 944 3839 3838 1 4.49581 4.49581 116 
-4.32199 1.12801 5 -0.437413 0.236586 -0.117545 4.06816 22 945 2702 2701 1 4.17524 4.17524 142 
2.13999 2.0783 -5 -0.280334 0.87215 1.49131 3.97762 22 946 3705 3681 1 3.77464 3.77464 26 
-4.64339 -5 -4.67376 1.66188 1.32152 0.826701 3.97609 11 947 5732 5647 1 2.8364 2.8364 48 
3.55633 -5 -3.40593 -0.0290608 0.375087 0.345811 3.97996 22 948 6411 6378 1 0 0 21 
-4.14333 -2.22898 -5 -0.338151 0.065856 0.164718 3.99261 22 949 3287 3079 1 17.957 17.957 217 
0.418416 -3.13455 -5 -0.312231 0.0987474 0.837914 3.97012 22 950 1126 1 1 1.28721 1.28721 57 
0.957606 -5 -4.91112 -0.333326 1.18113 0.149528 4.0293 22 951 2372 2343 1 11.7395 11.7395 156 
1.76328 -5 1.85073 0.0687941 0.139485 -0.0193279 4.02469 22 952 1460 1435 1 4.19306 4.19306 58 
4.46113 -5 3.64469 -0.046453 0.2677 -0.350067 4.03849 22 953 1002 1001 1 24.3996 24.3996 301 
-1.89829 -5 -3.93713 -0.0427723 0.675314 1.23169 3.96928 11 954 3900 3881 1 7.54817 7.54817 66 
5 -4.40661 -3.73099 -0.171086 0.10265 0.0602391 4.05249 22 955 1964 1963 1 5.39579 5.39579 26 
1.22863 -2.2068 5 -0.119276 -0.0418444 -0.0719651 4.0229 22 956 1520 1308 1 1.10925 1.10925 30 
5 3.91485 -3.29589 -0.820805 0.673563 1.80266 3.98668 22 957 1294 1293 1 19.445 19.445 263 
5 1.18145 0.100989 -0.278373 -0.0158421 0.251714 4.0245 22 958 3076 3075 1 0.434133 0.434133 87 
2.51523 -5 -4.35626 -0.79441 0.48332 3.77877 3.96162 22 959 3815 3574 1 3.10169 3.10169 64 
5 3.72687 0.986547 -0.419399 -0.214115 -0.642619 3.97978 11 960 1122 1121 1 11.6111 11.6111 233 
5 0.394716 -1.0552 -0.856428 0.130969 4.47441 3.96909 22 961 1674 1580 1 5.44449 5.44449 59 
-4.41588 -4.91286 -5 -0.466148 -0.0599629 0.268402 3.99507 22 962 4698 4697 1 8.04292 8.04292 206 
-1.30392 0.314901 -5 -0.650701 0.0272541 0.381369 3.97027 22 963 2500 2499 1 33.0993 33.0993 493 
1.93899 -1.2344 -5 -1.7126 1.27659 16.7407 3.95549 22 964 3737 2660 1 8.72478 8.72478 166 
-2.51133 2.84437 -5 -7.63941 4.00998 11.5415 3.9634 11 965 4088 4072 1 32.6883 32.6883 293 
-4.46527 0.363515 -5 -0.131859 0.132236 0.42361 3.96412 22 966 10450 10303 1 4.78401 4.78401 19 
0.1855 -5 -0.247286 -0.584191 2.41213 41.3177 3.96881 22 967 1164 1 1 37.1189 37.1189 375 
-3.25916 -5 1.85781 -0.262589 0.878745 1.34684 3.9909 22 968 2038 2036 1 3.61852 3.61852 87 
5 -4.66881 2.8384 -0.406658 -0.188677 0.245256 4.02648 22 969 6946 6944 1 1.94542 1.94542 18 
-5 -1.71449 -1.12741 2.77993 -1.27329 0.936394 3.98042 -11 970 1280 1279 1 30.7194 30.7194 282 
1.12312 -2.17592 -5 -3.91842 2.0338 55.9278 3.95417 22 971 1967 1 1 20.1309 20.1309 254 
-4.71502 -5 3.43734 0.0163254 0.0724724 0.270237 4.01101 22 972 4123 4122 1 2.64981 2.64981 113 
4.47756 -5 0.676834 0.0482013 0.225175 0.0305124 4.09739 22 973 18386 18060 1 0 0 8 
-3.73763 2.50605 -5 -1.46597 2.45461 27.14 3.95456 22 974 1587 1 1 57.9392 57.9392 469 
0.998847 -5 0.896262 -0.099284 0.45504 2.92419 3.97483 22 975 2276 2085 1 8.08467 8.08467 211 
5 -3.76175 3.04723 -1.00121 -0.969385 -0.247007 4.10144 22 976 5550 5463 1 10.5637 10.5637 125 
4.80419 -5 -4.3713 -0.110305 0.402777 0.651377 3.96414 22 977 6925 6860 1 3.03344 3.03344 64 
5 -4.39467 -4.60974 -0.504754 0.0185447 -0.0774569 4.03897 22 978 1883 1882 1 0.683861 0.683861 50 
-0.050043 -5 -2.80817 -0.498799 0.707291 0.55825 3.9849 22 979 8372 7289 1 17.6705 17.6705 100 
-4.7968 -5 0.88835 0.0916834 0.571908 0.506505 3.99228 22 980 1219 1 1 4.52965 4.52965 96 
-0.194424 5 3.19434 -0.283902 -0.0404475 0.164004 4.04876 22 981 6243 6225 1 4.78293 4.78293 57 
2.65139 -5 0.963131 0.182849 0.425913 -0.215138 4.01301 22 982 2906 2905 1 94.5311 94.5311 748 
-2.98252 -0.691174 -5 -0.420548 -0.0950917 0.534112 3.97109 22 983 6855 6665 1 35.9366 35.9366 377 
2.09091 -5 0.325611 0.127766 0.184944 0.625892 3.97361 22 984 1632 1175 1 4.33184 4.33184 87 
5 3.4625 4.32842 -0.269924 0.484728 -0.0115528 4.04253 22 985 2462 2335 1 13.4825 13.4825 171 
4.70858 -5 -1.69887 -0.94614 1.59919 5.00945 3.97176 22 986 4138 4040 1 2.10348 2.10348 42 
5 0.386792 -3.08744 -0.374207 0.273073 -0.215685 4.00564 22 987 3610 3606 1 0.170394 0.170394 36 
3.04452 -5 2.59036 0.0204869 0.133864 0.121625 4.1095 22 988 15189 15188 1 28.0158 28.0158 270 
5 -3.81481 1.89009 -0.314609 0.157667 0.370516 3.98896 22 989 3448 3446 1 9.09277 9.09277 143 
2.69226 -4.93982 -5 -1.79943 8.14183 214.31 3.95294 22 990 1083 1 1 61.3496 61.3496 556 
-2.10792 -5 4.37062 -0.442803 0.211495 0.142531 4.0397 22 991 2236 2209 1 6.29214 6.29214 89 
-2.34923 -5 -2.94016 0.530503 0.353423 -0.363799 3.99845 22 992 4979 4950 1 3.32528 3.32528 80 
3.38361 -4.34683 -5 -0.2282 0.113344 1.21435 3.95527 22 993 1891 1249 1 12.4361 12.4361 176 
5 -4.89964 3.65692 -0.486766 -0.151186 0.0363591 3.9925 22 994 5849 5848 1 14.8387 14.8387 211 
-3.53376 0.231584 -5 -0.149165 0.18643 1.69454 3.9627 22 995 1196 1 1 32.3143 32.3143 390 
3.12022 -4.50441 -5 -0.966087 0.0405029 5.06308 3.96153 22 996 1277 1 1 15.5674 15.5674 153 
-2.4402 -5 -1.39603 -0.168745 0.25745 0.161521 3.98915 22 997 2988 2900 1 0.306893 0.306893 32 
0.557593 3.8112 -5 -0.00149625 0.677784 4.45511 3.95596 22 998 3569 3299 1 29.9766 29.9766 318 
1.31582 -5 -4.74911 -0.305004 0.197811 7.15091 3.95861 22 999 3410 3190 1 17.9 17.9 138 
1.58631 0.315471 -5 -0.882879 -0.538244 2.13666 3.97413 22 1000 1600 1585 1 26.1467 26.1467 339 
