# Det4_6_20
#x y z Px Py Pz t PDGid EventID TrackID ParentID Weight Edep VisibleEdep Ntracks
0.391511 -5 -4.50227 -0.265412 0.42522 0.834062 3.99752 22 1 4924 4923 1 0.0238264 0.0238264 26 
4.74586 5 0.365192 -0.0129003 -0.544998 0.14827 4.03191 22 2 4042 3338 1 21.4886 21.4886 325 
5 2.95313 -1.86019 -0.235125 0.214676 0.142627 4.03616 22 3 5933 5609 1 8.27431 8.27431 114 
5 0.341631 -0.394584 -0.306939 0.154335 0.378271 4.0261 22 4 2323 2322 1 3.26313 3.26313 80 
-2.96978 -4.73526 -5 -0.175287 -0.0172658 1.59549 3.98947 22 5 2433 1923 1 3.73662 3.73662 69 
-2.52963 5 -0.39399 -0.21437 -0.076511 -0.0728745 4.08277 22 6 4978 4956 1 1.97296 1.97296 67 
5 1.7497 -4.27464 -0.116964 0.100155 0.487246 4.00066 22 7 1296 1295 1 5.24227 5.24227 113 
3.84185 -5 0.471239 -0.149655 0.171352 -0.0157811 4.04721 22 8 6381 6379 1 0 0 12 
-4.59309 0.752008 -5 0.00991518 0.194894 0.386599 3.99846 22 9 1914 1842 1 15.0078 15.0078 228 
-5 -3.12835 -3.33174 0.203774 0.101984 -0.106028 4.07142 22 10 1831 1758 1 1.0988 1.0988 87 
-4.47577 4.34326 -5 -2.46776 0.42257 4.37669 4.00366 22 11 5830 5610 1 16.9299 16.9299 173 
-5 2.65635 -1.02939 0.0773015 0.258724 0.433827 4.03743 22 12 10495 10494 1 11.1814 11.1814 140 
5 -2.60329 3.56405 -0.945677 0.684311 0.181693 4.05125 22 13 1921 1884 1 7.47437 7.47437 171 
-3.54341 5 3.0015 0.209872 -0.366939 0.287105 4.13115 22 14 1188 1186 1 2.17442 2.17442 103 
5 -2.24952 0.414651 -7.13703 6.69348 7.14468 4.04992 -11 15 5161 5160 1 6.63275 6.63275 41 
-2.75541 3.97855 -5 -0.20168 0.170577 2.24041 3.99033 22 16 2315 2133 1 6.94241 6.94241 115 
4.85417 -4.85236 -5 4.55735 0.666459 37.0753 3.99137 -11 17 2999 2998 1 3.20212 3.20212 51 
0.388343 4.94245 -5 0.187929 0.433077 0.195568 4.05201 22 18 1995 1974 1 39.6196 39.6196 366 
-2.61445 -5 1.56934 -2.36171 1.96139 7.98826 4.02007 22 19 4295 4121 1 0.313299 0.313299 35 
4.12627 -5 -0.367256 0.348443 0.369838 -0.0541054 4.02317 22 20 1151 1150 1 59.6121 59.6121 494 
5 -3.60333 1.28344 -0.390833 0.024855 0.236498 4.04453 22 21 2629 2510 1 2.22213 2.22213 25 
4.17587 2.06688 -5 -0.0119219 -0.0042721 0.980778 3.98613 22 22 2934 1 1 74.4586 74.4586 648 
-2.2432 4.57419 -5 -0.298147 0.144169 1.83542 3.99352 22 23 11374 11323 1 1.58066 1.58066 30 
-0.531725 -1.12293 -5 0.0751546 0.360477 0.3543 4.01567 22 24 1542 1541 1 41.5153 41.5153 412 
-1.37698 -1.46378 -5 -0.0751058 0.225617 1.31364 3.98877 22 25 3139 3049 1 45.5326 45.5326 523 
5 -1.4617 -1.85525 -0.636538 0.717213 0.443696 4.01956 22 26 4928 4854 1 2.97826 2.97826 19 
4.30327 -3.0726 -5 0.0529315 0.307351 1.46341 3.98831 22 27 5737 5504 1 38.3016 38.3016 383 
0.424158 4.47043 -5 -0.661967 1.19286 10.3148 3.99095 22 28 2568 1 1 6.50185 6.50185 89 
5 2.55928 -0.125296 -4.56572 -3.44869 13.3319 4.0107 11 29 2043 1986 1 7.98831 7.98831 150 
3.95564 -5 4.33711 -0.800472 1.48011 0.819767 4.05743 22 30 2244 2225 1 0 0 5 
5 -0.470267 2.71902 -0.0473382 -0.0024194 0.459298 4.01318 22 31 1690 1 1 7.63964 7.63964 80 
2.96419 -4.33639 -5 -0.490918 0.269024 27.0324 3.98623 22 32 1038 1 1 26.2836 26.2836 274 
-1.11834 -2.3141 -5 -0.298994 0.0350278 1.78662 3.99088 22 33 3775 3561 1 3.53195 3.53195 53 
-3.31175 -3.60395 -5 -5.43372 -1.13288 21.0193 3.99635 22 34 5134 4898 1 2.92511 2.92511 66 
5 -4.71565 1.43338 -0.0266562 0.509937 0.019335 4.04646 22 35 3777 3776 1 12.13 12.13 107 
0.807594 -5 2.49026 -7.24043 6.73947 0.119717 4.01661 11 36 5889 5859 1 17.8393 17.8393 170 
-3.12156 0.867206 -5 -0.0524807 0.0568023 0.46944 3.99937 22 37 5005 5003 1 2.39346 2.39346 30 
-2.25993 -5 0.19676 -0.0211918 0.115478 0.108254 4.09844 22 38 3894 3853 1 15.5318 15.5318 156 
-3.68134 2.06957 -5 -0.477639 0.747654 4.63991 3.99341 22 39 11140 10617 1 4.92142 4.92142 80 
-1.97782 4.28055 -5 0.129359 0.479955 0.118444 4.02029 22 40 3198 3163 1 39.5588 39.5588 507 
-5 0.711123 -4.8798 0.3815 -0.241964 -0.238811 4.05597 22 41 6758 6757 1 1.0741 1.0741 11 
5 -0.915516 -4.70191 -0.154614 0.235648 0.244818 4.05497 22 42 2512 2510 1 12.3878 12.3878 213 
5 3.84415 -2.52679 -0.258009 0.13119 0.225617 4.01932 22 43 15805 15521 1 1.04832 1.04832 12 
1.54146 -5 3.40572 -3.26599 1.95402 2.11121 4.02708 11 44 2877 2813 1 28.2404 28.2404 255 
1.77125 3.40396 -5 -0.992841 2.5664 7.19378 4.00689 -11 45 1809 1808 1 8.87229 8.87229 104 
3.35934 5 3.95784 -2.4526 -1.1387 -0.991339 4.05742 -11 46 1253 1252 1 5.97088 5.97088 19 
2.91185 -4.99442 -5 -1.82793 0.743568 9.41349 3.99363 22 47 2888 2816 1 3.07628 3.07628 51 
5 -3.80707 1.1592 -0.203832 -0.0339211 -0.0922414 4.063 22 48 1517 1439 1 6.16082 6.16082 110 
0.588476 -5 -2.66189 -0.0520263 0.0988428 -0.115345 4.0544 22 49 1389 1388 1 1.39297 1.39297 98 
5 4.38104 0.667625 -0.0886824 0.500909 0.0484352 4.11961 22 50 1264 1263 1 1.18793 1.18793 25 
-3.06578 -1.83917 -5 -0.228726 0.288445 1.12659 3.99451 22 51 1257 1 1 23.0132 23.0132 192 
5 -4.11911 2.95145 0.147069 -0.142267 0.653054 4.03915 -11 52 1958 1957 1 41.2703 41.2703 486 
5 -1.46241 3.96308 -0.599933 0.0819433 1.14555 4.02618 22 53 5420 5342 1 4.44892 4.44892 48 
3.81742 -5 -1.00793 0.00773383 2.02515 1.45005 4.0403 22 54 7350 7228 1 0.263894 0.263894 14 
-0.110133 -3.71319 -5 -0.145539 0.0634305 0.515361 3.99556 22 55 8401 8211 1 0 0 10 
5 3.48911 -0.323571 -4.52562 -1.33481 -0.659358 4.03198 11 56 1531 1506 1 9.21966 9.21966 125 
5 -1.55869 0.984785 -0.291949 -0.0659866 0.155157 4.01901 22 57 2110 2081 1 0.520826 0.520826 47 
5 0.496918 3.71899 -0.113685 0.0177641 0.215877 4.07894 22 58 2532 2531 1 0.301387 0.301387 14 
-2.61896 -5 3.13517 -0.458717 0.219703 0.0492872 4.06623 22 59 3233 3232 1 8.49263 8.49263 82 
-3.20764 -0.506578 -5 0.0216562 0.127164 1.04187 3.98832 22 60 6798 6661 1 71.2836 71.2836 601 
-4.98076 -5 0.29043 0.0285527 0.296374 -0.0131304 4.03761 22 61 1688 1602 1 3.10741 3.10741 68 
-0.868407 -4.76998 -5 -0.190387 0.0105056 0.291155 4.0206 22 62 12563 12534 1 0 0 4 
-0.0755978 -5 3.84568 -0.764168 1.31177 0.730237 4.06088 22 63 2333 2224 1 13.6403 13.6403 115 
1.95523 3.76342 -5 -3.18567 5.33222 23.6898 3.99691 22 64 3549 3359 1 0.953207 0.953207 53 
4.6655 1.42567 -5 -0.341526 0.436391 1.76304 3.99335 22 65 6015 5857 1 5.88311 5.88311 53 
3.5577 -0.657313 -5 -0.387238 0.213272 1.19581 3.99452 22 66 2597 1 1 5.8985 5.8985 30 
0.49679 -1.42417 -5 -0.60628 0.0196256 1.46574 3.99208 22 67 5629 5600 1 0.775336 0.775336 16 
-1.35496 0.531409 -5 0.101385 0.0368015 0.385435 4.02627 22 68 2220 2207 1 15.3198 15.3198 147 
0.85834 -4.72135 -5 -3.90643 1.53825 4.73123 4.01333 22 69 4674 4572 1 4.16737 4.16737 54 
4.71071 -0.785564 -5 -0.144254 0.160021 0.192609 4.06918 22 70 2891 2859 1 0.908913 0.908913 88 
5 0.997976 -2.40728 -1.37658 0.345234 -0.146088 4.04481 22 71 4881 4880 1 6.10714 6.10714 105 
1.2472 -5 2.1184 -0.414132 0.209849 0.0701585 4.04431 22 72 3798 2805 1 9.92264 9.92264 158 
-1.36069 2.77208 -5 -0.138038 0.109672 0.479622 3.99837 22 73 8082 8054 1 2.01934 2.01934 60 
4.91327 1.18316 -5 -0.27674 20.1387 42.8904 3.98956 -11 74 1678 1677 1 35.6227 35.6227 368 
5 -2.37731 1.45995 -0.141162 0.0578797 0.718222 4.01076 22 75 1400 1280 1 4.9069 4.9069 68 
0.529386 3.42204 -5 -0.123989 0.118055 1.43843 3.9897 22 76 1697 1104 1 3.0752 3.0752 53 
4.66523 -0.611516 -5 -0.141729 0.0926668 7.68392 3.98626 22 77 1191 1 1 49.1184 49.1184 441 
5 -0.161007 -4.70968 -0.201301 0.237121 0.023221 4.05411 22 78 5331 5330 1 4.97753 4.97753 57 
-3.04931 -4.50863 -5 0.0686204 -0.0181355 0.150467 4.00537 22 79 4264 4263 1 26.266 26.266 249 
0.37543 -5 2.37098 -0.107864 0.10595 0.183616 4.08715 22 80 4085 4084 1 0.819734 0.819734 32 
4.69089 -0.25752 -5 0.0808032 0.28958 2.5044 3.9886 22 81 1310 1156 1 86.6857 86.6857 850 
-2.16101 -3.84366 -5 -0.464246 0.653782 0.641947 4.00582 22 82 2126 1331 1 9.84657 9.84657 107 
2.35932 -1.60691 -5 -0.448988 0.709368 4.33427 3.98986 22 83 1155 1 1 4.19076 4.19076 133 
5 -3.97131 -3.61149 -1.72323 0.391047 3.28911 4.00152 22 84 6380 4653 1 0.859076 0.859076 49 
3.29448 5 2.31163 0.263339 -0.241219 0.365494 4.02339 22 85 1980 1979 1 118.415 118.415 947 
0.172371 2.98119 -5 -1.74562 4.90914 60.8426 3.98757 22 86 2188 1 1 24.6283 24.6283 272 
-1.46625 1.27479 -5 -16.3098 -0.750036 182.435 3.98676 11 87 1 0 1 92.586 92.586 670 
-2.86858 -5 -0.517409 -0.0666786 0.271662 0.688858 4.02085 22 88 8518 8464 1 7.59558 7.59558 55 
0.175724 4.948 -5 -0.183846 0.518366 0.97526 4.00513 22 89 2796 2683 1 6.93242 6.93242 111 
5 2.09876 -1.01541 -0.11325 0.279025 0.370175 4.02718 11 90 6992 6988 1 5.7711 5.7711 93 
-0.964184 -5 -0.698872 -1.175 2.07407 1.85268 4.04282 22 91 2842 2647 1 1.99708 1.99708 16 
-0.0886191 -4.60174 -5 -6.91293 2.97101 20.6175 3.98766 -11 92 1553 1552 1 71.2748 71.2748 649 
0.453709 -5 1.71928 -0.20579 0.987593 6.31151 4.01051 22 93 1217 1 1 18.0928 18.0928 145 
-3.77639 -2.57764 -5 -3.16444 2.87628 2.83174 4.03893 22 94 3754 3622 1 0.623105 0.623105 34 
1.61037 -5 1.40446 -0.185663 0.439347 0.183366 4.11944 22 95 1103 1100 1 0.0440575 0.0440575 5 
1.08288 0.45884 -5 -0.0769866 0.277711 0.508663 4.00606 22 96 36983 36773 1 0.0889562 0.0889562 12 
-3.08399 -1.53758 -5 -0.209215 0.37363 0.199644 4.02273 22 97 2481 2385 1 8.2471 8.2471 64 
1.27454 -4.02443 -5 -0.0877073 0.193153 1.78333 3.98805 22 98 3586 3097 1 10.2331 10.2331 61 
-0.783153 -3.6472 -5 -1.25643 -1.58905 1.44249 3.99616 -11 99 2757 2756 1 9.59004 9.59004 71 
2.93916 1.69528 -5 -2.72976 3.96217 9.26889 4.00539 22 100 6135 6134 1 0.81076 0.81076 59 
5 -2.32557 -2.77698 -6.9369 -2.78804 7.83494 4.00374 11 101 1078 1049 1 46.0607 46.0607 715 
-2.93107 -5 0.281165 -0.0605914 0.290541 0.620953 4.04015 22 102 1185 1 1 1.25385 1.25385 21 
-1.74579 2.06613 -5 -0.821551 -0.11253 0.581234 4.02975 22 103 2739 2690 1 3.34862 3.34862 101 
-2.52181 -1.16193 -5 -0.211956 -1.45006 3.81991 4.00955 22 104 1435 1339 1 26.4493 26.4493 224 
4.96185 -5 0.459046 0.0788121 0.046151 -0.184639 4.03584 22 105 1869 1868 1 29.674 29.674 473 
-4.55061 -5 2.39971 -0.226625 0.457663 -0.0174889 4.04792 22 106 2205 2204 1 20.0151 20.0151 179 
5 -1.7897 2.77245 -1.2102 0.937191 4.08534 4.02298 22 107 7101 7040 1 5.09416 5.09416 117 
5 1.61301 -0.719332 -5.08581 -8.12693 41.3693 4.00389 11 108 4892 4615 1 6.99969 6.99969 172 
-4.61682 5 -1.40813 0.354398 -0.354962 -0.0975899 4.02449 22 109 1744 1742 1 15.4057 15.4057 161 
4.49019 -4.7997 -5 -0.393418 0.0966765 0.26455 4.00902 22 110 1898 1661 1 1.0077 1.0077 20 
2.34775 -5 1.56525 0.148584 0.322415 0.367548 4.02407 22 111 2890 2887 1 15.2902 15.2902 170 
-4.20093 -5 -2.32291 -0.65213 0.499736 6.16736 3.99749 22 112 9407 9217 1 11.3904 11.3904 220 
-5 2.25299 -0.868594 0.188797 0.240341 -0.0176684 4.03121 22 113 1228 1179 1 4.99996 4.99996 84 
2.33364 -4.69286 -5 -0.41785 0.138411 0.259544 4.02496 22 114 2314 2299 1 0.836085 0.836085 46 
5 -4.9925 -1.76245 -1.59333 0.0338886 7.87555 4.00071 22 115 1083 1 1 12.16 12.16 144 
3.93908 0.995717 -5 0.0064991 -0.221306 0.0163235 4.08009 22 116 1559 1495 1 7.00454 7.00454 144 
3.56305 1.47115 -5 0.153291 0.574396 0.863939 4.00273 22 117 8196 8088 1 17.515 17.515 179 
4.7642 5 -4.1076 0.0367271 -0.0425271 0.291047 4.02873 22 118 1891 1867 1 8.41428 8.41428 72 
5 -4.40365 -2.82769 -4.08362 -1.07153 0.0849549 4.01637 -11 119 5993 5992 1 0.725451 0.725451 31 
5 4.52162 2.4522 -0.210451 0.483954 0.251074 4.05939 22 120 7841 7723 1 0.258584 0.258584 24 
-3.13567 -5 3.84862 -0.365643 0.38808 0.147278 4.06061 22 121 1573 1513 1 4.3991 4.3991 16 
-0.526394 1.53315 -5 -3.1195 0.272153 4.83166 4.00609 22 122 1744 1729 1 6.92397 6.92397 30 
5 4.27334 -0.545367 -0.0455377 -0.406052 0.204295 4.04376 22 123 3262 3125 1 1.87225 1.87225 25 
-1.14098 -5 -3.96946 0.050302 0.162355 0.169956 4.00105 22 124 2724 2635 1 10.487 10.487 133 
1.47417 -4.75264 -5 -0.428123 -0.0414159 0.27589 4.00933 22 125 1455 1422 1 15.1794 15.1794 192 
1.56652 3.4447 -5 -0.15565 0.316383 0.693216 4.00624 22 126 6813 6711 1 1.54895 1.54895 45 
3.07462 -0.643492 -5 -0.108452 0.0337595 0.808595 3.991 22 127 3766 3428 1 6.07401 6.07401 58 
-5 -2.51299 -3.54123 0.189761 0.0154971 0.119939 4.00039 22 128 3292 3214 1 20.5155 20.5155 213 
5 -2.05029 4.3883 -0.476466 0.0942369 -0.00125121 4.03724 22 129 2645 2644 1 11.3056 11.3056 140 
2.54443 -2.32806 -5 -0.0779124 0.16088 1.9064 3.98831 22 130 7717 6609 1 13.0868 13.0868 184 
5 2.35434 3.06229 -0.128105 -0.141194 0.273154 4.02561 22 131 1424 1 1 17.6229 17.6229 112 
3.24721 3.42004 -5 0.0505054 0.666066 1.16203 4.00393 22 132 3846 3355 1 21.2455 21.2455 157 
5 -0.555427 -1.32947 -0.49619 0.362667 -0.373828 4.06181 22 133 2082 2081 1 5.98054 5.98054 107 
-1.85235 -0.17895 -5 -0.798226 0.444077 8.05637 3.98872 22 134 1329 1 1 10.3241 10.3241 186 
-1.66117 -3.86362 -5 -0.831405 0.109428 5.47627 3.98991 22 135 3045 2296 1 0 0 24 
1.06509 -0.689781 -5 -1.15122 2.76141 12.9533 3.99268 22 136 12178 12048 1 10.0661 10.0661 100 
-0.0491496 -0.998258 -5 -0.14394 -0.00968033 0.401723 3.9925 22 137 2075 1990 1 30.2757 30.2757 307 
-5 1.01956 4.119 0.35224 0.212187 0.303354 4.087 22 138 3836 3834 1 12.6457 12.6457 73 
-3.86783 4.80321 -5 -0.486203 0.0934601 0.711934 4.00545 22 139 4872 4713 1 10.8265 10.8265 167 
-3.63059 -4.32588 -5 -0.130548 0.322325 0.449897 4.00045 22 140 2995 2993 1 3.13544 3.13544 48 
-3.77954 -5 0.937083 0.0828764 1.71241 -0.657036 4.01781 11 141 2773 2728 1 6.132 6.132 39 
3.20979 -1.22024 -5 -0.508307 -3.56043 13.0175 3.99355 11 142 2921 2822 1 54.2352 54.2352 499 
-3.88912 0.716487 -5 -0.355544 0.763576 7.81142 3.98871 22 143 3416 3245 1 23.197 23.197 159 
4.48287 -0.156524 -5 -0.109306 0.0714194 0.588519 3.99693 22 144 3159 3130 1 14.2177 14.2177 193 
5 -0.897509 3.45788 -8.00704 2.45273 1.3317 4.02332 11 145 3660 3659 1 16.0219 16.0219 111 
5 -4.36171 0.735198 -0.177909 -0.0208432 0.23068 4.01159 22 146 4065 3917 1 39.0532 39.0532 566 
2.11835 -5 2.20863 -0.201865 0.969489 0.611612 4.05438 22 147 2022 1877 1 4.8926 4.8926 134 
4.66401 -2.68957 -5 -4.40118 1.65245 13.9386 4.00869 11 148 2880 2721 1 8.69158 8.69158 95 
3.0015 3.56041 -5 -0.229798 0.428959 2.63198 3.99016 22 149 5352 5061 1 13.8968 13.8968 276 
-4.03864 -0.984544 -5 -1.62506 0.886915 5.84616 3.99546 22 150 1878 1877 1 6.46501 6.46501 58 
5 0.213895 0.396752 -0.273898 0.144971 -0.0524902 4.06929 22 151 1066 1 1 1.45161 1.45161 63 
0.450169 1.81339 -5 0.0600951 0.109927 0.360902 3.99926 22 152 1955 1769 1 12.262 12.262 178 
1.93477 -5 -4.75357 0.038977 0.280591 0.0612438 4.02051 22 153 9024 8546 1 6.46567 6.46567 86 
3.80073 -5 -3.49496 0.350662 0.435421 -0.407383 4.07312 22 154 1605 1570 1 35.0738 35.0738 366 
-3.86606 -4.1921 -5 -1.2691 1.18825 1.454 4.01399 22 155 2338 2236 1 14.8631 14.8631 213 
-3.71598 -2.19829 -5 -4.04553 1.83417 15.043 3.99245 22 156 1603 1574 1 20.9443 20.9443 213 
-0.571545 1.30402 -5 -3.37069 0.719056 5.82549 4.00825 22 157 4391 4279 1 8.19904 8.19904 181 
2.53941 4.94083 -5 -0.320462 -0.0606153 0.148551 4.11316 22 158 2047 2045 1 1.97538 1.97538 73 
-1.32662 3.90263 -5 -0.36816 1.01243 1.24054 4.01691 22 159 5636 5551 1 6.5823 6.5823 89 
-2.36678 -5 -1.50437 -0.165451 0.088336 0.134611 4.03157 22 160 2996 2995 1 5.24001 5.24001 67 
2.98799 -2.583 -5 -0.304917 0.126304 0.465043 3.99417 22 161 3211 3210 1 17.003 17.003 97 
3.77522 0.580163 -5 -0.0347279 0.342839 0.34733 4.02593 22 162 9303 9261 1 0.17153 0.17153 8 
1.27495 -5 3.79482 -0.0607189 0.265662 1.3263 4.01832 22 163 2127 2025 1 3.02242 3.02242 45 
3.6045 -5 -2.95139 0.213072 0.461887 0.0487927 4.00707 22 164 1196 1194 1 34.0385 34.0385 497 
-5 -4.35095 0.773535 0.0945948 0.0722144 0.0812151 4.01654 22 165 12735 12734 1 1.08813 1.08813 62 
5 1.62122 0.053072 -0.133518 0.18528 -0.107276 4.03468 22 166 12249 12019 1 0.0396753 0.0396753 5 
0.988287 -5 -1.70914 -0.223396 0.317211 2.50715 4.00345 22 167 2391 1960 1 8.59869 8.59869 41 
0.895918 -5 2.64262 -4.25835 -2.64494 -2.88008 4.05657 11 168 5326 5147 1 27.1993 27.1993 286 
1.85367 1.52252 -5 -0.118198 0.540549 1.22903 3.99765 22 169 5508 5285 1 0.562244 0.562244 49 
-3.81304 -4.14689 -5 -0.184431 0.142901 1.22268 3.98945 22 170 7397 7093 1 9.65037 9.65037 81 
1.92415 -4.25784 -5 -0.100811 0.113267 0.894244 3.99105 22 171 3341 3082 1 3.51109 3.51109 39 
4.75105 -5 -1.29869 7.75905 5.8674 6.89592 4.00073 -11 172 4021 4020 1 39.2138 39.2138 462 
-2.18967 2.21301 -5 -0.151047 0.267288 1.48556 3.9927 22 173 4429 3925 1 0.00530413 0.00530413 13 
-2.79636 -5 1.57278 -0.12154 0.23702 0.291547 4.0769 22 174 1879 1764 1 0.216553 0.216553 26 
0.0452363 -0.476355 -5 0.0237669 -0.0670219 0.10138 3.99712 22 175 1210 1122 1 21.311 21.311 302 
-4.68726 -4.34078 -5 3.88137 -1.39259 1.18165 3.99723 -11 176 3974 3973 1 1.34783 1.34783 44 
-4.03301 -4.04734 -5 -0.386606 0.497865 3.45783 3.99102 22 177 5401 5305 1 0.371979 0.371979 12 
4.73081 -0.602718 -5 -0.210904 0.143369 1.34454 3.99251 22 178 6231 5661 1 0.0118033 0.0118033 13 
5 -2.71672 -3.73391 -0.227781 -0.0568252 0.441394 4.00556 22 179 3592 3560 1 6.31328 6.31328 66 
3.38173 3.07315 -5 -0.566451 0.629176 2.03847 3.99589 22 180 4894 4439 1 1.70981 1.70981 141 
-0.525505 -2.27499 -5 0.084867 -0.129018 0.301846 4.0398 22 181 7256 7254 1 0.270613 0.270613 12 
4.02223 3.93749 -5 -0.0703013 0.463103 0.204239 4.06145 22 182 6457 6456 1 10.9372 10.9372 126 
-0.68708 -3.91128 -5 0.237264 0.446783 1.06109 3.99686 22 183 1964 1915 1 11.3237 11.3237 102 
5 -4.81007 0.341337 -0.203596 -0.0977547 -0.178704 4.08037 22 184 4214 4178 1 17.7978 17.7978 278 
4.2075 -0.136372 -5 -3.3752 10.4421 77.7237 3.9891 22 185 4832 4586 1 15.8724 15.8724 204 
0.251326 0.240959 -5 -0.415496 0.177061 0.589878 4.00749 22 186 3227 3063 1 13.1156 13.1156 124 
-1.45223 -5 -4.66657 -0.135455 0.0659387 0.349577 4.00427 22 187 3096 3017 1 2.34912 2.34912 71 
4.80649 -2.90295 -5 -0.011498 8.63411e-05 0.657139 3.98615 22 188 1749 1 1 51.7383 51.7383 302 
4.08497 -5 -2.56147 -0.0601207 0.297645 -0.0906339 4.06921 22 189 4342 4205 1 0 0 3 
0.578587 0.446401 -5 -1.94387 2.05993 15.1091 3.9918 22 190 9723 8560 1 0.529974 0.529974 16 
-1.90385 0.112261 -5 -6.86283 0.277883 6.48394 4.01206 22 191 1836 1834 1 11.7332 11.7332 224 
2.62511 3.48348 -5 0.018795 1.8725 14.1524 3.98962 22 192 1563 1399 1 2.4603 2.4603 131 
5 0.220732 4.28556 -0.419362 -0.123062 0.599492 4.03248 22 193 6492 6491 1 6.50733 6.50733 80 
5 4.8929 -1.67515 -0.200565 0.158285 -0.174865 4.0587 22 194 11236 11231 1 2.52282 2.52282 49 
2.09255 -5 1.47096 -0.23925 0.423384 0.156925 4.02202 22 195 1828 1827 1 3.08652 3.08652 17 
-3.56528 5 2.93128 0.0422875 -0.448747 0.240743 4.10038 22 196 1894 1893 1 0.259247 0.259247 17 
3.11483 -1.09909 -5 -0.455731 -0.501197 3.20677 3.99292 22 197 1931 1765 1 11.1577 11.1577 61 
5 2.88044 -4.46421 -3.79666 1.13453 2.5489 4.01244 11 198 1779 1778 1 9.78658 9.78658 136 
5 1.46187 -1.75329 -8.6322 10.3957 -10.56 4.0467 11 199 10323 10250 1 2.27389 2.27389 21 
2.35692 1.2953 -5 -0.363141 -0.112625 0.341415 4.06035 22 200 12474 12473 1 0.782459 0.782459 46 
4.49146 4.10541 -5 0.0482862 0.149637 0.486207 4.04448 22 201 1347 1346 1 1.02492 1.02492 38 
5 -3.56924 3.55872 -0.213138 0.265271 0.326894 4.20526 22 202 1162 1161 1 11.2957 11.2957 78 
-2.53837 1.2887 -5 -0.0345682 0.35651 4.10971 3.98913 22 203 1192 1 1 4.24876 4.24876 138 
5 -1.05854 -0.247815 -0.460322 -0.216235 -0.0496624 4.04893 22 204 5779 5743 1 0.274804 0.274804 25 
1.03154 0.599945 -5 -0.183239 0.327041 1.75699 3.99436 22 205 1079 1049 1 18.2923 18.2923 155 
5 -4.35895 -3.68129 -1.1513 0.83777 -0.0495984 4.03206 22 206 1990 1957 1 1.0145 1.0145 61 
3.86537 -5 3.45778 0.295767 0.279342 0.309209 4.03152 22 207 7050 7027 1 27.417 27.417 271 
-1.02285 2.84725 -5 -0.345531 0.125734 0.883861 3.99798 22 208 1803 1726 1 3.65981 3.65981 52 
3.47717 -5 -2.31788 0.117676 0.122542 -0.120781 4.03018 22 209 2383 2382 1 32.9889 32.9889 310 
-4.69192 -3.13529 -5 -0.194993 0.124892 0.371395 4.02592 22 210 2732 2731 1 0 0 18 
5 0.287577 1.53797 -0.134349 0.00729285 0.401892 4.01489 22 211 4216 4162 1 0.157492 0.157492 25 
3.0405 -1.84111 -5 -0.444931 1.49311 2.22933 4.0115 -11 212 7181 7180 1 10.092 10.092 157 
4.38021 -5 2.2297 -0.320985 0.768369 4.45631 4.0139 22 213 5056 4812 1 17.2535 17.2535 73 
4.52003 -1.06666 -5 0.461404 0.217265 3.46353 3.98735 22 214 2806 2763 1 154.882 154.882 1114 
2.8176 2.01594 -5 -0.204844 0.185314 1.94344 3.99023 22 215 1502 1 1 15.197 15.197 211 
-0.965983 0.774817 -5 -1.72099 2.34716 9.817 3.99415 22 216 1062 1 1 5.95062 5.95062 82 
-3.14918 -5 -0.252508 -0.275632 0.214357 -0.0338968 4.23633 22 217 2123 2090 1 0 0 13 
-0.401184 0.25136 -5 -0.0891282 0.0359001 0.297094 3.99354 22 218 9318 9274 1 14.7187 14.7187 140 
4.10892 -5 -0.636301 -0.176687 0.453667 0.155204 4.04829 22 219 2051 2050 1 7.57435 7.57435 125 
5 -1.29373 3.38153 -6.28689 3.70276 2.80028 4.05086 22 220 1205 1115 1 1.01604 1.01604 70 
5 -2.4266 1.43465 -0.40228 0.131573 1.13886 4.01648 22 221 5250 4142 1 0.168358 0.168358 34 
-4.80416 2.92363 -5 -0.554896 -0.175719 1.35648 4.00847 22 222 2863 2841 1 15.4572 15.4572 314 
4.50406 -3.06565 -5 -1.53855 0.251616 13.6801 3.98815 22 223 2024 1 1 6.07341 6.07341 49 
0.158414 -4.14958 -5 -0.276884 0.290685 2.76106 3.98866 22 224 1389 1083 1 29.0598 29.0598 405 
4.79147 3.82224 -5 -0.106811 0.138498 0.491536 3.9942 22 225 2150 2132 1 0.243457 0.243457 26 
2.68912 0.807227 -5 -0.227337 -0.0291723 1.97922 3.98745 22 226 3024 2456 1 48.5136 48.5136 451 
1.23586 -5 3.58574 -0.0381605 0.330816 0.341604 4.0397 22 227 7590 7375 1 0 0 5 
3.06193 -4.38427 -5 -0.0332941 0.0191001 1.04932 3.98665 22 228 1746 1 1 7.44273 7.44273 131 
-0.0225898 0.543353 -5 -1.56922 0.556912 4.99774 3.99329 -11 229 4578 4577 1 9.73712 9.73712 112 
0.0708582 -5 1.92189 -0.54476 1.53528 5.02295 4.01382 22 230 2411 2336 1 4.9087 4.9087 148 
0.235632 -5 1.94934 -0.866355 1.35219 6.58656 4.01713 22 231 3975 3781 1 0.510658 0.510658 29 
1.149 -5 1.31725 -1.18158 3.54736 9.14667 4.01093 22 232 5448 5446 1 12.2639 12.2639 159 
2.1354 -2.48409 -5 -0.339884 0.20129 2.37893 3.99052 22 233 1791 1305 1 4.56221 4.56221 146 
3.51992 -0.902353 -5 -0.239747 0.151154 0.425199 4.01532 22 234 1447 1446 1 1.78255 1.78255 22 
-0.700012 5 -2.265 -0.195576 -0.30863 0.34006 4.0042 22 235 2902 2807 1 24.0765 24.0765 197 
-1.50515 5 2.64018 0.128457 -0.503459 0.872294 4.03306 22 236 6004 6000 1 1.40162 1.40162 25 
5 4.46571 -1.14638 -0.192926 0.111696 0.145188 4.0479 22 237 3131 3101 1 29.9168 29.9168 290 
4.43322 4.11097 -5 -0.250073 0.928405 6.01212 3.99276 22 238 1311 1 1 0.0810078 0.0810078 7 
-1.69207 -3.06811 -5 -0.296581 0.14868 0.959816 4.00003 22 239 4058 3907 1 4.20862 4.20862 146 
0.912167 -5 0.762504 -0.168749 0.317077 0.363464 4.01454 22 240 1352 1340 1 34.3808 34.3808 444 
2.40062 -5 -1.78414 11.8371 6.13032 -0.824071 4.01273 11 241 1273 1200 1 1.98243 1.98243 41 
3.07308 -3.01403 -5 -0.0856474 -0.0295774 0.416005 3.99128 22 242 2179 1954 1 22.5242 22.5242 202 
-5 3.73127 -3.40547 0.337908 0.300032 0.660141 4.008 22 243 1214 1 1 6.26281 6.26281 203 
2.15719 -4.95942 -5 -0.398064 0.312915 0.0695057 4.02218 22 244 2646 2152 1 6.06577 6.06577 158 
-3.6724 -4.68294 -5 0.0693282 -0.148733 3.78081 3.98672 22 245 1924 1754 1 28.9189 28.9189 244 
5 -2.44619 2.01983 -0.210183 -0.177107 0.176348 4.09064 22 246 3261 3233 1 10.9452 10.9452 107 
2.86174 1.28411 -5 0.0848919 0.555016 4.38242 3.98845 22 247 5452 5140 1 7.72461 7.72461 191 
-3.51107 -3.86986 -5 -0.837496 1.16932 8.5629 3.99023 22 248 1345 1 1 4.11996 4.11996 82 
3.07658 -0.39012 -5 -0.194249 0.103191 0.3016 4.04731 22 249 2612 2611 1 0.297386 0.297386 28 
1.00029 3.21756 -5 -0.110602 0.291676 0.81826 4.00408 22 250 2668 2560 1 1.01618 1.01618 36 
5 -1.04587 1.06834 -2.19838 0.746768 2.58111 4.02129 11 251 5040 5039 1 7.49333 7.49333 75 
-1.74801 -0.430774 -5 -0.0600846 0.455516 1.10734 3.99353 22 252 8987 8887 1 1.38194 1.38194 42 
5 -3.32203 1.78436 -0.251026 0.0816471 0.128156 4.04551 22 253 1363 1332 1 1.21744 1.21744 68 
5 -1.38689 -1.08883 -0.328109 0.274356 0.143375 4.04549 22 254 3484 3482 1 0.239279 0.239279 13 
-2.52276 -2.06952 -5 -1.42057 1.27879 19.2323 3.98903 22 255 2002 1 1 8.5311 8.5311 227 
-3.49009 -2.82823 -5 -0.0155333 0.18251 0.494326 3.99441 22 256 3236 2931 1 15.0556 15.0556 223 
5 1.56674 0.6854 -0.584583 1.09115 2.15542 4.02741 22 257 3973 3778 1 7.73935 7.73935 89 
-2.51624 -5 -4.88057 -0.304071 0.328244 -0.0604137 4.03271 22 258 1513 1511 1 15.7696 15.7696 166 
-2.70244 -3.1446 -5 4.15846 5.63818 16.8869 3.98687 -11 259 1791 1790 1 103.888 103.888 809 
-2.88641 -5 -4.45876 -1.25676 1.32052 -0.602427 4.06375 22 260 1384 1364 1 0.520484 0.520484 35 
3.79562 -4.41388 -5 -1.3926 0.1292 6.81296 3.98918 22 261 1399 1243 1 30.2199 30.2199 343 
-4.0117 -4.50822 -5 -0.511917 0.292299 0.518654 4.01348 22 262 4725 4667 1 0.399424 0.399424 53 
-4.97334 -3.92229 -5 -1.49914 -0.457511 10.5715 3.9911 22 263 2504 1 1 5.67257 5.67257 126 
5 1.14352 -4.95791 -1.78669 -0.12975 1.99657 4.00356 22 264 2831 2745 1 0.12687 0.12687 9 
-3.72102 -5 -2.47855 -0.158935 0.0357415 0.138827 4.03131 22 265 1090 1071 1 17.2496 17.2496 182 
4.2435 -0.873561 -5 -0.199963 0.127932 1.11667 3.9887 22 266 1905 1823 1 29.6661 29.6661 260 
4.28034 -5 -2.6706 -2.17853 -0.2206 0.623624 4.02365 11 267 1490 1243 1 8.81145 8.81145 46 
5 1.9135 3.42532 -0.485116 -0.779692 0.954864 4.02459 22 268 2600 2430 1 28.8972 28.8972 251 
3.09121 0.453386 -5 -1.78539 1.24282 6.81545 3.99233 22 269 1370 1 1 4.66931 4.66931 108 
1.5825 0.260375 -5 0.857583 3.81295 32.7231 3.98774 22 270 1850 1511 1 65.4811 65.4811 748 
5 -0.637256 -3.33312 -0.0852956 0.116844 0.137447 4.04394 22 271 2119 2061 1 3.19822 3.19822 42 
4.07383 -2.64343 -5 -0.0415825 0.189027 0.472927 4.01451 22 272 4474 4473 1 25.9664 25.9664 254 
-4.8372 -3.57909 -5 -5.89423 3.897 46.8719 3.98865 22 273 2166 2076 1 22.3648 22.3648 221 
3.48062 3.12747 -5 -0.0276894 0.12892 0.493693 3.99625 22 274 4527 4497 1 16.2246 16.2246 87 
-2.37034 1.4634 -5 -1.8979 1.14372 9.03992 3.99188 22 275 4195 4007 1 24.6148 24.6148 205 
-0.515689 -5 -3.14161 3.77645 3.68728 4.26987 4.01404 -11 276 4568 4567 1 3.94322 3.94322 57 
4.6588 4.4301 -5 -0.362371 -0.200821 0.366135 4.03656 22 277 15276 15180 1 11.4939 11.4939 115 
3.66951 2.60755 -5 -0.0607385 -0.0708457 0.502406 4.04331 22 278 6541 6540 1 0.419326 0.419326 26 
-1.02199 3.33055 -5 -4.55993 5.73206 6.85286 3.99831 11 279 18406 18370 1 5.04376 5.04376 22 
0.176838 -1.47677 -5 -0.1736 0.461286 1.01338 4.00083 22 280 1579 1462 1 1.67986 1.67986 42 
-1.79631 -0.573286 -5 -0.514786 0.518315 6.7594 3.98816 22 281 1416 1 1 20.7532 20.7532 366 
-1.98713 4.18958 -5 -0.201154 0.173605 0.657891 3.99648 22 282 8160 8027 1 2.49137 2.49137 71 
3.56056 -4.61513 -5 0.926254 0.790305 3.6176 3.99139 -11 283 2965 2964 1 28.356 28.356 226 
-3.70671 0.622428 -5 -3.68393 2.64722 15.2645 3.99699 22 284 11017 10781 1 11.6848 11.6848 130 
1.22365 -2.67544 -5 -1.03889 0.526231 1.49404 3.99981 22 285 4189 4068 1 0.919726 0.919726 46 
4.28982 1.64203 -5 0.114667 0.199854 1.96704 3.98983 22 286 1877 1 1 2.8067 2.8067 61 
3.97271 -5 3.6623 -0.0196082 0.0957948 0.781291 4.01738 22 287 2613 2295 1 0.0296512 0.0296512 20 
4.49531 -5 2.09668 -0.202726 0.355018 0.0307936 4.05389 22 288 1391 1390 1 11.0396 11.0396 236 
4.26521 2.69042 -5 0.0440011 0.149019 0.384706 4.17455 22 289 5859 5776 1 5.38414 5.38414 125 
-4.87873 -1.78419 -5 -0.154399 0.147783 0.0259507 4.02393 22 290 4152 4151 1 0.630526 0.630526 58 
-1.4629 3.87545 -5 -0.285799 0.129296 0.258451 4.05273 22 291 5441 5410 1 4.74331 4.74331 169 
-4.11919 5 2.30364 0.192134 -0.472904 -0.0237944 4.167 22 292 13904 13836 1 0.000542932 0.000542932 12 
5 -4.15398 -2.78521 -0.107647 0.100627 0.564834 3.99702 22 293 7813 7789 1 3.83085 3.83085 94 
2.53487 1.7306 -5 0.356967 0.284273 0.249821 4.00144 22 294 2313 2073 1 99.096 99.096 813 
-3.96323 -5 -2.84695 -0.886495 0.548121 1.79176 4.01779 22 295 1964 1962 1 13.8129 13.8129 122 
2.61463 -1.55594 -5 -0.182168 0.0442115 1.11406 3.9915 22 296 5124 4886 1 13.6536 13.6536 134 
5 2.25063 4.79536 -0.374819 0.428418 0.367295 4.05932 22 297 6254 5625 1 10.8573 10.8573 86 
4.6795 -0.354334 -5 -0.147481 0.0965679 2.17858 3.98744 22 298 1560 1 1 8.10434 8.10434 119 
3.40995 1.78514 -5 0.258309 -0.0697129 0.159276 4.00268 22 299 7819 7761 1 1.38122 1.38122 56 
-2.37688 -5 -0.739003 -0.381182 0.19061 0.503733 4.02215 22 300 4321 3870 1 5.39438 5.39438 104 
5 -2.18495 1.93212 -0.746081 0.317305 6.09431 4.01188 22 301 3084 2813 1 8.82031 8.82031 138 
1.99944 0.203523 -5 -0.60207 1.03968 3.08672 3.99197 22 302 11685 11577 1 4.14084 4.14084 85 
1.51939 -1.17256 -5 -0.290548 -0.0881233 0.533421 4.01176 22 303 4963 4902 1 8.55702 8.55702 109 
1.87449 4.6198 -5 -0.075975 0.129963 0.293383 3.99667 22 304 2839 2659 1 3.96883 3.96883 72 
2.57902 -5 -2.62116 -0.464532 0.205384 -0.0560979 4.05365 22 305 2341 2339 1 11.3025 11.3025 236 
-1.31251 1.99021 -5 -0.255455 0.184655 5.81026 4.00395 22 306 1095 1 1 1.15315 1.15315 78 
5 -3.03357 0.402576 -0.492813 -0.104779 0.085302 4.05121 22 307 7935 7934 1 1.92605 1.92605 15 
-5 -3.81138 -2.72763 0.232168 0.0549129 0.4451 4.00611 22 308 1120 1 1 3.77382 3.77382 73 
-3.91898 0.671683 -5 -19.3365 19.9703 52.6183 3.99571 11 309 1 0 1 17.8357 17.8357 227 
-1.40068 2.5502 -5 -3.23623 3.97347 16.0047 3.99834 22 310 1428 1 1 6.85301 6.85301 147 
4.55839 4.13617 -5 -0.810406 2.33798 7.96185 3.99922 22 311 1255 1 1 0.984799 0.984799 67 
0.502353 3.53171 -5 0.0816392 -0.0951715 0.348574 4.05518 22 312 22577 22540 1 1.17279 1.17279 53 
-1.20231 -3.86536 -5 1.0738 8.22683 962.927 3.98611 -11 313 1637 1636 1 53.9214 53.9214 336 
-3.18173 -5 -2.60277 -0.449283 0.382667 0.139708 4.06413 22 314 10148 10063 1 1.0313 1.0313 16 
-2.88793 -1.69313 -5 -0.729545 0.177346 1.79807 3.99525 22 315 2655 2412 1 17.8213 17.8213 215 
5 -0.656685 3.11546 -1.6775 0.555072 3.22498 4.02454 22 316 5320 5141 1 0.0203821 0.0203821 11 
-0.201223 -2.90822 -5 -9.24225 0.248431 27.1997 3.9956 22 317 2558 2449 1 9.41974 9.41974 264 
5 -1.67191 4.123 -0.692212 1.75803 0.549649 4.06376 22 318 4580 4520 1 2.09038 2.09038 38 
5 4.90479 2.25341 -0.196306 0.425127 0.881033 4.02883 22 319 5870 5807 1 0 0 15 
5 -3.94573 0.577686 -0.216671 0.202929 0.361531 4.01889 22 320 1427 1 1 21.8613 21.8613 110 
3.53481 3.28974 -5 -1.44337 1.34822 7.31265 3.99194 22 321 4678 4453 1 10.217 10.217 36 
3.09274 -5 -2.91522 -0.346035 0.217243 0.777001 4.01011 22 322 1590 1512 1 0.815693 0.815693 14 
-4.49092 -2.76642 -5 -0.336291 -1.02963 6.69576 3.98981 -11 323 3860 3859 1 14.9829 14.9829 127 
-3.44903 4.67927 -5 -1.07968 1.6206 2.20796 4.03199 22 324 1783 1729 1 3.89123 3.89123 172 
-4.52852 2.39143 -5 -0.385391 0.45812 0.556346 4.03132 22 325 1717 1716 1 4.37236 4.37236 69 
4.8076 -1.27756 -5 0.0411134 -0.0621599 0.964105 3.98784 22 326 5603 5577 1 66.1864 66.1864 762 
-1.0569 4.25556 -5 -0.256437 0.295344 0.328834 4.03503 22 327 4539 4538 1 0.798913 0.798913 42 
5 -0.797253 4.56329 -0.408418 0.183473 0.246277 4.04417 22 328 6151 6133 1 0.144184 0.144184 9 
5 -2.79611 -0.885145 -0.0669237 0.0289722 0.327578 4.0082 22 329 4620 4462 1 10.9909 10.9909 21 
3.88002 -2.10883 -5 -6.11644 5.37296 35.2575 3.98662 11 330 1442 1307 1 27.0293 27.0293 219 
0.00653332 4.77079 -5 -0.470446 0.611812 2.12867 3.99904 22 331 5334 5329 1 6.652 6.652 83 
-5 0.971419 1.06924 0.483909 -0.155782 -0.0518078 4.11405 22 332 4217 4216 1 15.1312 15.1312 175 
0.322908 0.444462 -5 -0.0958099 0.146759 2.43502 3.98728 22 333 1882 1257 1 63.5039 63.5039 554 
4.43783 -4.49615 -5 -0.0410008 0.145585 5.74061 3.98632 22 334 7427 6664 1 43.8897 43.8897 402 
0.469114 -1.30506 -5 -1.26167 0.254033 5.80587 3.99247 22 335 10600 10340 1 3.84485 3.84485 45 
3.32268 3.77617 -5 -0.449189 0.110901 0.216911 4.06512 22 336 2198 2197 1 7.63376 7.63376 68 
3.78158 -5 -4.65313 -0.0986832 0.146019 0.0585643 4.01918 22 337 7194 7167 1 1.14107 1.14107 41 
5 2.08999 -3.92291 -0.253926 0.0916675 0.0053275 4.01089 22 338 3998 3997 1 11.5709 11.5709 151 
5 -0.525247 -3.26434 -0.442973 0.910269 1.00005 4.00754 22 339 1627 1601 1 24.5828 24.5828 213 
-1.69709 1.06259 -5 -0.10324 0.106458 0.400565 3.99188 22 340 13661 13480 1 7.13591 7.13591 105 
-0.107051 1.35322 -5 -0.414133 0.782229 2.12579 3.99872 22 341 1397 1320 1 12.9017 12.9017 162 
3.41496 -2.63044 -5 1.35652 17.9681 102.225 3.98634 -11 342 1604 1603 1 37.6816 37.6816 392 
5 -2.89352 -3.47989 -6.60877 7.40423 9.38952 4.01761 22 343 22424 22422 1 0 0 6 
0.569878 -3.41597 -5 -1.0783 0.74825 1.9473 4.00735 22 344 2458 2230 1 4.42943 4.42943 92 
-3.00901 2.82132 -5 -0.376427 0.0999952 0.330793 4.01405 22 345 10098 10097 1 7.03386 7.03386 66 
-3.6366 -5 -0.383775 -0.249886 0.483753 2.53391 4.00623 22 346 2624 2310 1 6.33767 6.33767 129 
-3.12694 -4.37318 -5 -0.415839 0.758802 6.47627 3.98949 22 347 1804 1774 1 6.19407 6.19407 150 
0.799227 -4.43294 -5 -0.0970038 0.0877012 0.148296 4.00391 22 348 1374 1250 1 2.00323 2.00323 128 
-0.770031 3.82931 -5 -0.15826 0.0994958 1.65358 3.9881 22 349 2185 1704 1 24.021 24.021 329 
2.24766 -5 2.15035 -0.368062 9.21448 9.46397 4.014 -11 350 2223 2222 1 19.7788 19.7788 149 
-4.70231 0.465731 -5 -0.157383 0.0460969 0.711852 3.99316 22 351 1675 1379 1 7.31157 7.31157 144 
-1.25522 2.25282 -5 -0.502696 0.33206 1.85578 3.99979 22 352 4640 3945 1 0.0296046 0.0296046 25 
3.84425 -0.834613 -5 0.0301449 1.06419 1.1574 4.00011 22 353 8123 7982 1 5.6433 5.6433 23 
5 -0.321676 4.07109 -0.350724 0.587392 0.969264 4.03752 22 354 18817 18615 1 0.280282 0.280282 8 
-0.364921 1.78136 -5 -0.0394501 -0.0017577 0.432337 4.01544 22 355 4078 3927 1 12.518 12.518 108 
5 1.95582 -4.57781 -1.56248 0.13084 -0.112333 4.00167 -11 356 2363 2362 1 7.37409 7.37409 21 
5 -1.0353 -3.6221 -0.129604 0.0933792 0.0294369 4.07391 22 357 6873 6770 1 0.410375 0.410375 66 
1.96915 2.4821 -5 -0.703273 1.66682 3.13338 3.9945 22 358 5103 5058 1 3.90143 3.90143 118 
-0.89735 -0.689818 -5 -3.50119 1.93085 7.67621 3.98968 11 359 4726 4695 1 20.9394 20.9394 266 
2.08501 0.074973 -5 -0.00511969 0.166892 0.30552 4.04784 22 360 2306 2285 1 4.71189 4.71189 91 
0.578719 -2.57731 -5 0.153652 0.74712 11.7831 3.98972 22 361 1860 1831 1 42.5923 42.5923 369 
4.84812 -2.87172 -5 -0.179463 1.98767 6.17733 3.99029 22 362 3982 3763 1 5.79351 5.79351 81 
-0.285564 -5 2.82719 -2.19847 1.27113 9.27185 4.0181 22 363 1609 1394 1 10.446 10.446 155 
5 -4.09025 -4.30361 -0.504869 0.0181036 0.0768059 4.01902 22 364 1269 1268 1 13.4498 13.4498 231 
-1.26629 -2.94259 -5 -0.371319 0.197278 1.16535 3.99314 22 365 2247 1903 1 7.7079 7.7079 146 
5 3.16626 4.01076 -0.230088 0.292937 0.349811 4.0371 22 366 1034 1033 1 2.79431 2.79431 64 
5 3.47397 2.2404 -0.782409 0.216202 0.586102 4.06883 22 367 3840 3836 1 7.58799 7.58799 103 
1.61053 -0.939886 -5 -0.103843 0.0487256 1.18416 3.98951 22 368 7560 7387 1 0.564146 0.564146 48 
4.60439 4.41685 -5 -0.0358174 0.23236 0.0758651 4.03125 22 369 1378 1263 1 0.155318 0.155318 28 
3.34719 -5 -1.76039 -0.23748 0.204415 0.122966 4.04933 22 370 21812 21811 1 0.0121306 0.0121306 6 
0.791394 -1.33009 -5 0.0682569 0.120714 0.491822 4.0101 22 371 1856 1855 1 15.5315 15.5315 188 
-1.22643 -1.03768 -5 -0.205671 0.0313475 0.337937 4.00228 22 372 16637 16636 1 0.651274 0.651274 42 
-2.81404 -5 3.60119 -0.0816037 0.263044 0.53141 4.02279 22 373 2185 2141 1 6.50507 6.50507 113 
5 -1.45135 -2.20536 -0.41262 0.223555 -0.202207 4.09731 22 374 1903 1902 1 0.525749 0.525749 17 
0.217608 4.14247 -5 -0.11443 -0.722924 1.20384 3.99647 22 375 6342 6138 1 18.9271 18.9271 267 
-0.285358 -2.49673 -5 0.00416289 0.0256148 0.400383 3.98766 22 376 10018 9462 1 10.9188 10.9188 152 
4.74687 -5 1.0882 0.181068 0.398488 0.0995751 4.08005 22 377 1678 1 1 0.51549 0.51549 40 
0.250795 -1.74164 -5 -1.09047 1.25201 6.59089 3.99475 22 378 1321 1319 1 16.9264 16.9264 191 
3.0636 2.10856 -5 -28.5373 41.6208 328.163 3.98694 11 379 1743 1472 1 43.9541 43.9541 403 
5 0.175405 -4.26236 -0.382735 0.41692 0.970872 4.00973 22 380 2756 2754 1 3.36089 3.36089 49 
0.74246 2.81105 -5 -0.186597 0.516871 13.8539 3.98658 22 381 1672 1 1 30.8686 30.8686 395 
5 -2.9476 -4.96595 -4.38318 3.98185 5.34459 3.98983 11 382 1281 1234 1 32.0085 32.0085 238 
4.34663 -4.9668 -5 -0.290393 0.172448 1.2123 3.98985 22 383 3077 2975 1 0 0 20 
-0.145395 -5 -2.38513 0.375247 1.92301 3.66639 4.01351 22 384 2271 2206 1 2.19951 2.19951 90 
4.82067 1.60942 -5 0.288775 2.31952 4.51408 4.00492 22 385 8451 8310 1 0.951548 0.951548 60 
-1.5058 1.71504 -5 -1.33112 1.35052 10.6489 3.98952 22 386 1753 1 1 11.2265 11.2265 109 
4.93796 -0.877187 -5 0.0523588 0.68377 3.11235 3.98956 22 387 1133 1 1 14.0851 14.0851 106 
2.78182 5 0.0396958 -0.244737 -0.0494049 0.180567 4.05117 22 388 1732 1704 1 42.6369 42.6369 322 
4.48402 1.44303 -5 -0.0164587 0.400583 1.06786 3.99427 22 389 9756 9659 1 4.86764 4.86764 33 
-3.6639 3.58848 -5 -8.5652 7.32924 12.0395 4.01658 22 390 2260 2143 1 4.36045 4.36045 93 
5 -3.89441 -2.64548 -0.201309 0.465621 -0.0615799 4.03948 22 391 2998 2995 1 16.8596 16.8596 205 
1.24637 -3.70011 -5 0.160897 -0.167672 0.139486 3.99267 22 392 8093 7813 1 6.64931 6.64931 83 
5 -4.81063 -4.59992 -0.276481 0.400476 0.155875 4.08704 22 393 16330 16329 1 0 0 5 
-3.07436 -4.18502 -5 -0.235866 0.223422 0.394423 4.01063 22 394 2044 2021 1 4.92844 4.92844 10 
-3.30469 -5 0.303598 -1.03865 0.881908 11.4005 4.00473 22 395 1255 1 1 36.2779 36.2779 525 
1.86426 -5 -4.27823 -0.375752 1.40716 0.971438 4.02768 22 396 2600 2577 1 0.132421 0.132421 37 
-3.3921 -5 3.04656 0.297528 0.437434 0.0105123 4.06427 22 397 2715 2713 1 6.49946 6.49946 118 
5 -4.95657 1.30526 -3.90325 -0.575587 7.63725 4.01417 22 398 3336 3324 1 9.31139 9.31139 210 
-0.0168933 -0.88186 -5 -0.191412 0.437322 1.09919 4.00503 22 399 6048 5793 1 0 0 3 
5 1.56135 1.41792 -10.034 1.90895 -6.09696 4.04559 11 400 2823 2334 1 9.65935 9.65935 123 
4.59508 -2.88432 -5 -0.246225 0.323873 4.35141 3.98759 22 401 1392 1 1 15.2692 15.2692 129 
-4.71379 -5 -4.19518 -0.330219 0.0883752 0.379823 4.0461 22 402 1539 1538 1 15.1787 15.1787 125 
5 -4.92375 0.463877 -3.20771 0.0955916 15.1035 4.00973 22 403 1073 1 1 3.55467 3.55467 30 
3.10277 -5 3.74889 -0.446258 0.519021 1.54191 4.02716 22 404 1558 1484 1 3.9581 3.9581 82 
5 -3.95121 3.99769 -0.137757 0.081856 0.143624 4.05086 22 405 7220 7128 1 1.40728 1.40728 12 
-1.35355 -5 -2.03572 0.0342239 0.440391 0.599674 4.07484 22 406 5115 5081 1 0.303769 0.303769 36 
5 -2.42979 -1.82517 -1.62474 2.53282 5.39859 4.01138 22 407 5185 4965 1 12.8517 12.8517 129 
2.62278 1.85473 -5 0.258339 0.49467 2.027 3.99106 22 408 1372 1244 1 54.1846 54.1846 586 
2.14583 1.15291 -5 -2.95213 2.03058 28.6534 3.98633 11 409 1387 1319 1 55.3976 55.3976 574 
-3.83923 2.02796 -5 -0.405539 0.26182 3.51503 3.99074 22 410 2178 2038 1 5.93016 5.93016 104 
5 -2.56806 -2.01596 -0.133235 0.128545 0.205722 4.00131 22 411 9460 9411 1 0.567182 0.567182 36 
1.1506 -5 -1.8293 -0.0163733 0.104146 1.09012 3.99864 22 412 2450 1557 1 6.93607 6.93607 67 
2.27064 -1.14446 -5 -0.594426 0.0530231 3.32781 3.9882 22 413 1177 1 1 47.123 47.123 476 
4.87232 0.356077 -5 0.182531 2.6777 6.93393 3.99484 22 414 2678 2561 1 17.365 17.365 151 
1.28906 -5 -2.18517 -0.285105 0.343059 0.723968 4.00971 22 415 4290 4248 1 0.596226 0.596226 26 
-4.18299 -4.43261 -5 -0.595804 0.386401 1.51912 4.00819 22 416 3816 3737 1 0.31629 0.31629 12 
0.786144 5 -4.83862 0.00907085 -0.02918 0.0158165 4.00128 22 417 4367 4364 1 49.2754 49.2754 568 
4.02881 5 -1.11483 0.0601905 -0.237295 0.058918 4.10417 22 418 2802 2775 1 31.7627 31.7627 444 
5 -2.92963 2.27533 -1.31474 -0.0310529 1.52985 4.05882 22 419 1413 1412 1 0 0 6 
2.79879 -2.51542 -5 -0.228326 -0.049666 0.303157 3.98687 22 420 3730 3590 1 42.0387 42.0387 477 
5 -1.52931 -0.509726 -2.34726 1.78238 1.79342 4.03589 22 421 4122 4095 1 1.99771 1.99771 65 
5 3.2527 0.777131 -0.930017 1.36508 0.92887 4.0451 22 422 1232 1231 1 0.849127 0.849127 21 
5 1.4273 -2.3222 0.0562124 1.7464 -1.34163 4.04341 -11 423 2250 2249 1 1.64712 1.64712 57 
-4.07707 -5 -2.53435 0.573998 0.636812 -1.8148 4.05648 -11 424 2265 2264 1 10.8418 10.8418 78 
4.08901 -5 -4.21423 -0.423542 0.260862 -0.116975 4.02449 22 425 1076 1075 1 26.6436 26.6436 249 
5 4.66765 0.770009 -0.425609 0.21059 -0.0660865 4.05831 22 426 15516 15481 1 0.2089 0.2089 35 
3.50774 -4.96705 -5 -2.23674 1.69921 5.25466 3.99487 22 427 1799 1766 1 13.3022 13.3022 70 
4.76122 -5 -0.986264 -0.20074 0.469903 0.00381009 4.05294 22 428 8685 8647 1 0 0 7 
-4.45406 -5 4.69247 -0.011347 0.104635 0.686155 4.0213 22 429 1222 1212 1 5.9404 5.9404 43 
4.46884 -5 -4.75235 -0.346385 0.382531 -0.0785629 4.04657 22 430 7467 7414 1 0.0237031 0.0237031 8 
5 0.367132 -3.99398 -0.709427 0.569952 0.00560143 4.05707 22 431 1198 1197 1 9.04931 9.04931 78 
5 -4.05477 2.49092 -3.98283 4.66494 11.4181 4.02328 22 432 2668 2666 1 9.62947 9.62947 100 
-0.21326 -2.99903 -5 0.0592991 -0.202407 7.4734 3.98723 22 433 1970 1844 1 40.2761 40.2761 323 
-3.37666 0.13633 -5 -6.07717 4.02067 31.1922 3.99345 22 434 2287 2012 1 0.527663 0.527663 52 
-3.46257 -2.47008 -5 -0.513241 0.0900483 3.1384 3.98952 22 435 1547 1521 1 4.39372 4.39372 66 
4.01242 -4.20323 -5 -3.40608 8.16487 34.2987 3.98969 22 436 1192 1 1 2.98884 2.98884 32 
-1.92464 -5 -1.82283 -0.390291 0.510559 0.406315 4.01419 22 437 1358 1279 1 7.83746 7.83746 96 
4.11618 -1.52082 -5 -0.294589 0.166379 2.22387 3.98787 22 438 1612 1222 1 17.9781 17.9781 188 
-5 -3.78645 -1.12173 0.106578 -0.257976 0.248007 4.05301 22 439 3539 3498 1 3.431 3.431 26 
4.40418 0.336245 -5 -0.138435 0.187787 0.431679 4.02488 22 440 6886 6875 1 1.63603 1.63603 47 
3.00542 3.2253 -5 -0.142594 0.317822 0.778725 3.99701 22 441 2459 2278 1 2.7049 2.7049 89 
5 -1.08293 0.413888 -4.02726 3.86961 18.9716 4.01238 22 442 3963 3778 1 1.05374 1.05374 25 
2.68234 -5 -4.48397 -0.0451699 0.131614 0.318331 4.01324 22 443 8429 8401 1 20.9811 20.9811 283 
-0.498378 -5 -4.5163 -0.203048 0.383294 0.270142 4.04046 22 444 4290 4288 1 10.4966 10.4966 112 
3.19548 -3.42191 -5 -0.110834 0.24407 2.33168 4.0055 22 445 4966 4954 1 7.08885 7.08885 130 
-1.44862 1.55026 -5 -0.119366 0.080693 0.204369 4.01817 22 446 2641 2580 1 2.72871 2.72871 48 
-2.47818 3.40706 -5 -1.51145 7.01395 57.2429 3.98735 22 447 1140 1 1 74.5054 74.5054 804 
3.99852 -0.220846 -5 -0.245722 0.651931 0.502632 4.00718 22 448 2715 2542 1 4.04805 4.04805 93 
-2.7178 1.89382 -5 -24.4415 17.0836 56.4445 3.99518 -11 449 2814 2813 1 19.3187 19.3187 108 
5 -2.83693 -0.128787 -0.194886 0.31427 0.486567 4.01647 22 450 4563 4452 1 0 0 20 
3.90044 3.48679 -5 -0.0135303 -0.0591709 0.861685 4.03897 22 451 1296 1280 1 14.2885 14.2885 113 
3.57856 0.506021 -5 -4.03288 0.517251 44.8981 3.98803 22 452 2770 2401 1 7.2255 7.2255 168 
4.28829 -5 -1.22672 -0.320482 0.075975 -0.178556 4.01489 22 453 1515 1514 1 1.1176 1.1176 37 
0.612855 -2.95656 -5 -0.418631 -0.0467579 0.289278 4.01291 22 454 1700 1666 1 73.2396 73.2396 748 
2.42471 -4.07442 -5 -0.898834 -0.0896263 1.58236 3.99027 22 455 3799 3280 1 2.40695 2.40695 55 
-1.5337 -4.41174 -5 -0.172085 -0.0749994 0.583844 3.9947 22 456 4364 3831 1 17.1911 17.1911 139 
5 1.22226 2.53195 -0.0637036 -0.0356042 0.20145 4.01996 22 457 8681 8658 1 4.67086 4.67086 40 
1.6765 -3.11066 -5 -0.27404 0.237672 2.34449 3.99071 22 458 1274 1034 1 8.00647 8.00647 239 
4.07234 -5 -2.53657 -0.196793 0.319224 0.347115 4.07853 22 459 4611 4610 1 5.59405 5.59405 115 
1.58467 5 -0.0118457 0.168502 -0.466177 0.190587 4.0157 22 460 6425 6361 1 9.08734 9.08734 138 
1.43556 -5 -4.66743 -4.61863 2.67687 13.0436 3.99714 22 461 4573 4557 1 11.1834 11.1834 163 
-3.39207 -5 0.424012 0.164196 0.310613 0.716198 4.04644 22 462 2823 2811 1 78.181 78.181 473 
-3.18913 0.357876 -5 -0.573503 0.613274 4.31056 3.99034 22 463 12082 11914 1 14.4918 14.4918 252 
4.65778 -5 2.67536 6.059 4.86288 2.8884 4.01696 11 464 5041 4956 1 6.33024 6.33024 92 
4.83504 0.211103 -5 -0.682927 0.198501 5.25987 3.98749 22 465 1597 1 1 32.5214 32.5214 304 
3.21139 4.98761 -5 -0.498324 -0.765846 1.06177 3.99387 11 466 6097 6035 1 37.7696 37.7696 313 
-3.43796 0.240439 -5 -0.0591502 0.253135 4.05673 3.99123 22 467 1295 1263 1 10.5622 10.5622 142 
2.31149 -2.40912 -5 -0.279596 0.098606 1.40907 3.99583 22 468 2254 2163 1 20.9464 20.9464 235 
0.521055 -5 -0.919371 0.45668 0.104831 -0.203896 4.05815 22 469 5857 5855 1 1.13765 1.13765 33 
4.95528 3.71819 -5 -0.0575678 0.981219 1.61967 4.00294 22 470 8929 8868 1 0.666745 0.666745 87 
-5 3.11307 4.17575 0.594043 -0.0542836 0.221652 4.14116 22 471 2536 2494 1 47.7682 47.7682 469 
1.85143 -1.42997 -5 -0.117845 0.741653 5.85745 3.98966 22 472 1360 1 1 5.34434 5.34434 117 
2.96813 0.548038 -5 -0.15106 0.131366 0.925506 3.9914 22 473 10003 9733 1 0.42043 0.42043 24 
2.58618 -4.80397 -5 -0.225403 0.131005 1.13332 3.99267 22 474 2002 1981 1 25.2309 25.2309 348 
1.41252 -0.611613 -5 0.186936 -0.0243634 1.34671 3.9938 22 475 1975 1974 1 1.69654 1.69654 66 
2.44557 -5 -2.83456 -0.223352 0.412646 -0.251057 4.06945 22 476 3301 3269 1 9.92292 9.92292 119 
5 4.13619 3.18009 -0.012694 0.0596685 0.824999 4.01465 22 477 1612 1369 1 15.083 15.083 87 
4.94826 5 -2.74075 -0.0744473 -0.446987 0.210449 4.01785 22 478 4490 4469 1 11.2704 11.2704 188 
4.00976 1.70146 -5 0.158495 0.462172 1.58679 3.99727 22 479 7421 7253 1 7.69914 7.69914 110 
5 0.142338 -2.75733 -0.287329 0.218289 0.792268 4.00368 22 480 1422 1342 1 12.9594 12.9594 94 
2.57907 -5 -3.99802 -0.355853 0.209275 0.148611 4.04661 22 481 3643 3517 1 23.0826 23.0826 245 
1.72774 -1.94551 -5 -0.294371 -0.0693075 2.30056 3.98847 22 482 9190 8381 1 3.54583 3.54583 30 
-1.22043 -5 -4.60966 -0.317434 0.296476 -0.131724 4.05514 22 483 3773 3738 1 4.14419 4.14419 19 
-3.69374 0.265936 -5 -0.144076 0.234887 1.59368 3.99237 22 484 1292 1026 1 12.2282 12.2282 118 
-5 -1.01116 -3.23756 0.20735 0.284025 0.25754 4.12192 22 485 5895 5861 1 8.61012 8.61012 122 
4.6617 3.86232 -5 5.04094 2.29962 307.613 3.9861 -11 486 1440 1439 1 78.0563 78.0563 351 
3.6944 5 3.74919 -7.17866 -3.18156 -0.794626 4.07162 11 487 4706 4644 1 3.32563 3.32563 37 
3.62763 -5 3.21002 -0.198179 0.421414 0.0065108 4.05113 22 488 3180 3006 1 1.63749 1.63749 65 
1.2912 -3.31936 -5 -0.157583 0.0218174 0.874098 3.98915 22 489 2692 2319 1 2.68643 2.68643 106 
2.02192 1.83469 -5 0.0166094 0.0438133 0.337011 4.03552 22 490 6202 5237 1 0.12804 0.12804 3 
-4.49485 -5 -0.735276 -0.00230816 0.23668 0.733458 4.01279 22 491 2705 2600 1 0.333827 0.333827 14 
1.05753 -5 -1.31311 -0.36792 0.920813 1.47624 4.0136 22 492 4473 4106 1 2.73964 2.73964 68 
-2.31974 -2.53855 -5 0.0921938 -0.324023 0.384225 4.0074 22 493 2023 2022 1 3.96222 3.96222 44 
2.897 1.67583 -5 -5.58301 4.97901 29.2871 3.99115 22 494 4514 4431 1 21.6784 21.6784 241 
5 -2.42495 -2.35185 -0.14535 0.0738008 0.0470554 4.05422 22 495 4674 4673 1 6.41443 6.41443 66 
2.67805 2.27878 -5 -3.11267 3.44703 5.7894 4.00936 22 496 6025 5829 1 5.74168 5.74168 83 
-1.84815 -5 -3.07907 -1.52369 1.55515 6.32834 3.99798 22 497 2354 2353 1 2.08782 2.08782 17 
1.77821 -4.44275 -5 -0.0221742 0.181734 0.937626 4.00583 22 498 2874 2708 1 2.97496 2.97496 48 
2.84676 -1.60952 -5 -9.686 1.45622 32.5583 3.99265 22 499 6009 5825 1 0.368068 0.368068 31 
-3.84949 3.15898 -5 -0.0366641 0.00216805 0.239653 3.98755 22 500 2353 2283 1 103.225 103.225 710 
-2.25936 -0.986927 -5 -0.52285 -0.112561 2.04006 3.99327 22 501 9082 8715 1 7.83935 7.83935 210 
-2.80796 -5 -2.38855 0.105283 0.391744 0.0243026 4.0177 22 502 4625 4532 1 1.2377 1.2377 47 
-4.41946 2.95999 -5 -0.375168 0.209337 2.12255 3.99526 22 503 5611 5463 1 25.1649 25.1649 355 
4.45766 -4.14046 -5 -0.322514 0.567598 0.939501 3.99149 22 504 1463 1393 1 6.79836 6.79836 116 
-0.458358 1.53343 -5 -6.24278 -3.56731 6.75245 4.03828 22 505 4049 3940 1 0.238324 0.238324 10 
0.765071 0.620903 -5 -0.297022 0.295558 0.465655 4.00406 22 506 7053 6868 1 0.902313 0.902313 78 
0.0177889 -5 1.94862 -0.198486 0.293753 0.141671 4.10355 22 507 1272 1271 1 1.18098 1.18098 97 
5 -0.396687 -1.50435 -0.626806 0.472337 -0.178397 4.0876 22 508 4546 4545 1 8.0464 8.0464 33 
5 -2.77997 2.56929 -0.338392 0.285182 0.773068 4.01625 22 509 1115 1 1 4.83188 4.83188 39 
-3.10467 -2.9321 -5 -1.29353 0.80211 3.51717 3.99213 22 510 4902 4866 1 58.4057 58.4057 490 
0.777537 -1.54633 -5 0.00560146 0.326892 0.392721 4.02408 22 511 2340 2339 1 0.198045 0.198045 33 
-3.38361 -5 3.00896 4.55607 2.8072 -1.78791 4.04143 -11 512 1283 1282 1 9.1916 9.1916 206 
0.14522 -4.17193 -5 0.117847 0.085796 0.260306 4.0131 22 513 3305 3304 1 5.9406 5.9406 152 
5 -2.5862 4.38218 -1.16181 1.64858 12.0131 4.01907 22 514 1185 1025 1 19.4037 19.4037 241 
3.08976 4.63973 -5 -0.51855 0.529532 3.05942 3.99431 22 515 3652 3578 1 1.65163 1.65163 119 
5 -4.60828 4.52835 -0.477589 -0.0908718 0.15505 4.06067 22 516 4049 3292 1 8.69354 8.69354 150 
-0.149375 -0.0396842 -5 -0.400167 0.0818863 0.307052 4.02777 22 517 1436 1435 1 12.7868 12.7868 193 
0.98274 -5 3.22589 0.023789 0.0170112 0.00348267 4.02653 22 518 2140 2130 1 8.08704 8.08704 147 
5 3.31968 -0.36607 -0.589612 -0.104245 1.19298 4.01291 22 519 1249 1 1 25.756 25.756 373 
-1.84118 1.13853 -5 -0.841964 0.301185 1.70314 3.99844 22 520 1947 1717 1 4.53668 4.53668 111 
3.80752 -5 -4.73545 -0.135217 0.394601 0.295171 4.03921 22 521 2297 2295 1 0 0 13 
4.92739 -5 -0.343139 2.2358 1.71471 1.26484 4.00807 11 522 1720 1401 1 1.52377 1.52377 54 
2.80262 -5 0.708794 0.178052 0.421432 0.227624 4.02188 22 523 2339 2338 1 8.66559 8.66559 117 
1.55642 -4.21142 -5 -0.135449 -0.0881275 1.59714 3.98725 22 524 2766 2641 1 37.82 37.82 383 
5 -0.116331 -3.80352 -0.442023 -0.0168254 -0.0417654 4.00525 22 525 7516 7289 1 5.89883 5.89883 53 
5 1.5502 -1.77113 -0.170603 0.317975 0.289236 4.01775 22 526 2193 2096 1 7.25144 7.25144 104 
-5 1.03738 3.04615 0.244008 -0.163591 0.418112 4.0479 22 527 5464 5452 1 0.333851 0.333851 12 
2.86684 -5 4.31222 0.0610721 0.511297 0.193612 4.02462 22 528 10950 10822 1 5.90528 5.90528 75 
3.36193 -0.145495 -5 -5.35342 5.3372 13.035 4.0016 22 529 1918 1916 1 4.46943 4.46943 21 
-1.33503 -5 2.9348 -0.813778 1.12908 2.05753 4.03643 22 530 2928 2927 1 0.651885 0.651885 36 
1.61784 -5 4.2199 -0.137488 0.0961373 0.0559004 4.29408 22 531 1218 1215 1 1.62881 1.62881 67 
5 0.999 0.782218 -3.15731 2.28471 6.66896 4.02795 22 532 5003 4954 1 4.03036 4.03036 53 
-2.62302 -0.94729 -5 -0.425308 0.266152 0.497706 4.00129 22 533 12359 10972 1 11.3989 11.3989 230 
1.13102 -4.31953 -5 -0.324229 0.15645 2.44349 3.98955 22 534 6264 5853 1 15.3 15.3 224 
5 -1.00931 -2.77889 -1.08285 4.16647 7.79844 4.00757 22 535 1049 1 1 0.308246 0.308246 40 
2.94801 0.756818 -5 -0.0586894 0.257832 0.642341 3.99771 22 536 2767 2578 1 4.70489 4.70489 60 
2.97751 -3.48255 -5 -0.00883423 0.0917344 3.91042 3.98626 22 537 4289 1 1 50.526 50.526 538 
-4.46267 0.194874 -5 -0.577476 0.513347 3.72463 3.98965 22 538 2051 1954 1 12.3795 12.3795 240 
-2.74166 -1.96251 -5 -0.479778 0.562116 0.614203 4.00431 22 539 6076 5907 1 4.64647 4.64647 160 
-1.66111 0.561671 -5 -0.201418 0.343398 3.38771 3.98821 22 540 2051 1794 1 16.7345 16.7345 189 
5 -3.49495 -2.33584 -11.0916 8.17461 81.7605 3.99684 -11 541 4388 4387 1 9.02835 9.02835 149 
-5 -4.79771 -0.56988 0.304794 0.255155 0.321117 4.05704 22 542 2100 2099 1 9.40354 9.40354 191 
1.05437 -4.08963 -5 -2.53749 -0.254851 30.309 3.98703 22 543 1094 1 1 43.454 43.454 498 
3.79484 -5 0.308013 -0.121056 0.123226 0.334939 4.05558 22 544 1428 1426 1 2.23486 2.23486 37 
1.71769 -3.80389 -5 -0.178296 0.136592 0.563897 3.99253 22 545 2321 2191 1 1.0213 1.0213 17 
4.19219 0.822549 -5 -0.512002 1.31427 4.40816 4.02166 22 546 1396 1395 1 14.0484 14.0484 159 
1.43089 -5 -1.47177 0.222079 1.6627 -5.57691 4.02705 11 547 4081 4003 1 2.51145 2.51145 89 
4.15758 -0.330562 -5 -0.158961 0.35783 2.5992 3.98932 22 548 9483 9076 1 7.26589 7.26589 107 
4.9558 -0.530577 -5 -0.0650108 -0.045323 4.38311 3.98618 22 549 1706 1 1 38.3791 38.3791 381 
-2.36965 4.59209 -5 0.09209 0.0100827 0.186364 4.01658 22 550 1207 1 1 13.8639 13.8639 324 
-3.77708 -1.5875 -5 -0.45031 -0.0111962 0.241279 4.02373 22 551 3003 3002 1 11.5622 11.5622 70 
-2.27153 3.28306 -5 0.0783989 -0.157189 0.482832 4.03197 22 552 6120 2200 1 12.7859 12.7859 167 
4.30314 -5 0.827168 -0.340801 0.211555 0.316573 4.04179 22 553 1450 1432 1 6.82284 6.82284 81 
-3.65793 -2.54823 -5 -0.0827085 0.342112 0.370457 4.03345 22 554 6328 6304 1 0.876457 0.876457 6 
0.0946425 -5 4.46389 -0.525392 0.571606 9.02216 4.02081 22 555 2536 2341 1 8.21955 8.21955 94 
5 3.79794 2.76826 -2.2772 1.96475 2.33454 4.02112 11 556 1319 1276 1 12.4551 12.4551 144 
-1.78343 4.14818 -5 -0.0242874 0.532153 1.03902 4.00394 22 557 3015 2772 1 3.20488 3.20488 45 
4.91049 5 -4.41206 -0.730055 -1.92762 2.17145 4.01956 22 558 6114 6101 1 7.93304 7.93304 101 
5 1.17114 -0.734595 -0.491253 -0.0254876 -0.138351 4.08468 22 559 1057 1056 1 6.81226 6.81226 91 
3.80615 -5 -2.79273 -0.273604 0.24943 0.516064 4.00502 22 560 2623 2572 1 5.19233 5.19233 99 
2.85887 -5 1.9089 -0.198081 0.284328 0.0853273 4.03531 22 561 14107 14075 1 1.14223 1.14223 58 
1.82123 -4.61563 -5 -0.128509 0.103143 0.806734 3.99085 22 562 2999 1790 1 4.8149 4.8149 59 
2.57669 -5 3.12558 -0.317437 0.400442 -0.000214575 4.05303 22 563 2679 2678 1 0.786024 0.786024 27 
2.79355 3.93386 -5 -0.177855 0.329222 0.861287 3.99776 22 564 1867 1700 1 3.8764 3.8764 127 
3.89386 -1.96769 -5 -0.025899 0.252513 2.05167 3.98922 22 565 4820 4630 1 13.2832 13.2832 93 
-0.561332 -4.96708 -5 -0.0767947 0.134251 1.67623 3.98683 22 566 1800 1625 1 7.93474 7.93474 138 
-1.74231 -2.46296 -5 -2.38422 0.725084 16.2642 3.99133 22 567 1260 1 1 16.1046 16.1046 141 
4.42776 -3.55633 -5 -0.168218 0.245627 0.436162 3.9981 22 568 1844 1756 1 5.0079 5.0079 100 
0.756296 -3.69901 -5 -0.427529 0.618525 0.702782 4.01974 22 569 5148 5095 1 2.6194 2.6194 17 
-2.27869 -3.13281 -5 -0.371773 0.0922508 0.489081 4.01166 22 570 7281 7181 1 2.97505 2.97505 128 
3.60542 -2.16051 -5 -0.308547 0.171045 0.0441174 4.04212 22 571 5050 5004 1 13.9885 13.9885 112 
5 4.25267 -3.74024 -0.0518257 0.10146 1.06463 3.99346 22 572 2438 1 1 13.9706 13.9706 78 
-5 -1.02116 -2.60694 0.221934 0.309895 0.251176 4.11653 22 573 2240 2211 1 12.1972 12.1972 86 
2.37378 5 0.875694 -2.90959 -3.03564 5.59091 4.03074 22 574 1772 1771 1 0 0 6 
-4.41886 -4.72816 -5 -0.00526514 0.465884 0.209867 4.03751 22 575 1667 1666 1 4.60735 4.60735 94 
-0.893116 -2.15562 -5 -0.213361 0.0281771 2.54117 3.99039 22 576 2073 1966 1 6.06296 6.06296 70 
2.24672 1.31207 -5 0.258682 0.721852 1.53285 3.99087 22 577 2227 2132 1 2.61964 2.61964 99 
-1.01361 4.42088 -5 -0.325491 -0.00973729 0.215506 4.0924 22 578 4260 4226 1 32.1651 32.1651 389 
1.54314 -5 0.820794 -0.561867 0.0766214 0.832663 4.02132 22 579 5834 5717 1 2.06734 2.06734 59 
-1.92012 -4.9763 -5 -0.441319 -0.0158833 2.00354 3.99023 22 580 1273 1 1 13.2045 13.2045 107 
-0.0770042 -4.78089 -5 -1.24455 -0.437645 7.87681 3.99011 22 581 7938 7577 1 0.114147 0.114147 41 
5 4.50165 1.16653 -0.307692 0.163522 0.237981 4.08726 22 582 8172 7264 1 0.537273 0.537273 42 
-1.18483 2.59454 -5 -0.151761 0.0860897 0.371793 4.00849 22 583 8252 8219 1 0.269163 0.269163 6 
4.93285 -5 -4.90807 0.228707 0.44368 -0.109368 4.03127 22 584 16073 16070 1 5.95377 5.95377 55 
-2.77091 -5 -4.49072 -0.156271 0.466916 0.136708 4.01052 22 585 2096 2095 1 55.8996 55.8996 456 
5 -3.31523 0.142492 -0.11592 0.0556591 -0.0116208 4.03176 22 586 3976 3975 1 24.694 24.694 225 
5 -1.19491 2.17945 -0.0562795 0.0336197 -0.105381 4.02731 22 587 1304 1303 1 19.055 19.055 286 
-2.03844 -5 -3.77744 -0.21503 0.299115 -0.172507 4.028 22 588 3201 2508 1 2.36275 2.36275 26 
1.10647 -5 -1.63454 -0.0067461 0.769187 0.818671 4.02173 22 589 2305 2079 1 5.69798 5.69798 46 
-3.87471 -5 4.81009 -0.119373 0.0445515 0.233658 4.03447 22 590 1308 1279 1 37.7402 37.7402 341 
3.64993 1.85743 -5 -0.963669 0.00815093 3.50604 3.99394 22 591 1860 1833 1 5.5263 5.5263 120 
5 -1.29945 3.2037 -0.223541 -0.184495 0.249679 4.11527 22 592 1431 1341 1 7.12503 7.12503 84 
0.113752 -3.78172 -5 -1.0764 0.643452 2.36913 4.03319 22 593 17896 17895 1 0 0 9 
-1.01673 -0.314213 -5 -0.40316 0.590023 1.0227 3.99439 22 594 12137 11913 1 6.58658 6.58658 80 
5 1.59729 4.7879 -0.942175 1.606 5.23377 4.02965 22 595 6475 6417 1 0.798369 0.798369 93 
1.25485 0.214417 -5 -0.248313 0.337749 3.08626 3.9896 22 596 1981 1 1 12.5926 12.5926 130 
-1.18842 1.2795 -5 0.0343595 0.143138 2.69903 3.98658 22 597 2936 2428 1 37.8772 37.8772 455 
-0.868979 -3.85379 -5 0.169024 0.160455 0.731195 4.00207 22 598 1399 1319 1 1.79319 1.79319 22 
0.127613 3.24231 -5 0.00417923 0.428638 0.278157 4.01685 22 599 3615 3614 1 13.9922 13.9922 137 
-1.93297 -0.99569 -5 -0.199657 0.729884 1.0514 4.00292 22 600 13810 13724 1 0 0 6 
-1.94537 0.646504 -5 -0.891483 0.321627 12.9977 3.98717 22 601 1706 1 1 23.447 23.447 230 
-4.00998 3.00098 -5 -0.887969 1.68285 5.65725 3.98793 22 602 2844 2809 1 120.922 120.922 1165 
3.44436 2.64096 -5 -1.90676 0.950935 4.18089 3.99284 22 603 1259 1208 1 4.01209 4.01209 75 
3.1393 -2.4311 -5 -0.452479 0.250495 1.74643 3.99462 22 604 1664 1588 1 16.3758 16.3758 107 
5 3.77131 -3.33932 -0.267344 0.0680443 0.201226 4.08653 22 605 2675 2674 1 34.9161 34.9161 303 
-4.5719 -2.07203 -5 -0.852813 0.319908 2.99304 3.9973 22 606 1602 1559 1 3.51571 3.51571 89 
-0.527428 -5 0.0539597 -1.16376 1.61416 17.4005 4.00549 22 607 1104 1 1 18.4399 18.4399 314 
1.10382 -0.411391 -5 -1.15691 0.328254 9.46339 3.99032 22 608 1569 1 1 2.89925 2.89925 32 
-1.49513 -0.856652 -5 0.157243 -0.0515807 1.79782 3.99059 22 609 1005 1 1 50.9048 50.9048 519 
-1.17341 -1.13694 -5 -0.182446 -0.0327788 0.476192 4.01719 22 610 1505 1504 1 71.4511 71.4511 491 
5 1.95439 0.0550946 -0.844637 0.192002 3.30132 4.01059 22 611 6322 6022 1 0.77393 0.77393 15 
-3.98974 -2.73724 -5 -0.556665 0.0482401 0.182276 4.01996 22 612 21557 21038 1 0 0 6 
5 -4.27861 3.33967 -2.15994 -3.25131 -0.0997628 4.02093 11 613 2734 2732 1 32.0937 32.0937 187 
-2.68339 2.56002 -5 -0.226136 0.109894 1.43783 3.98905 22 614 2239 2058 1 27.6115 27.6115 221 
5 0.902836 -0.608482 -0.220068 0.194226 0.0459728 4.06896 22 615 2404 2359 1 2.37065 2.37065 28 
3.02951 -2.08672 -5 -0.158765 0.140087 1.32398 3.99328 22 616 2175 2154 1 0 0 6 
2.52653 -1.00734 -5 -0.32619 -0.538155 1.08028 3.99623 22 617 2130 2003 1 3.02538 3.02538 115 
2.8098 -2.33479 -5 -0.054813 0.138543 0.779438 3.98963 22 618 3227 2886 1 2.69328 2.69328 22 
-5 -2.15765 -2.09733 0.342382 0.199274 1.00482 4.059 22 619 2031 2014 1 8.64051 8.64051 61 
3.16154 4.38461 -5 -0.384748 0.656576 2.60068 3.99842 22 620 1567 1 1 1.05018 1.05018 30 
-3.58527 3.56403 -5 -0.655781 0.13638 4.80195 3.9895 22 621 2477 1433 1 35.6767 35.6767 355 
-1.77652 -3.16869 -5 -1.04368 0.108888 1.22049 3.99799 22 622 1661 1568 1 24.7304 24.7304 257 
-1.36462 5 -2.19377 -3.24301 -2.39455 0.75029 4.01086 11 623 2869 2868 1 11.2908 11.2908 92 
0.285061 -4.6668 -5 -15.1387 11.5068 66.2769 3.98724 -11 624 7198 7197 1 18.2896 18.2896 138 
1.12116 4.3541 -5 -0.790071 0.623113 1.81893 4.00776 22 625 3097 2908 1 10.751 10.751 173 
-5 1.94968 -0.996701 0.246033 0.428553 -0.130116 4.08125 22 626 8702 8701 1 0.406136 0.406136 35 
-4.51842 -2.77342 -5 -0.723045 0.289096 1.83701 3.99907 22 627 3535 3532 1 0.810452 0.810452 49 
2.43851 -2.32 -5 -5.25175 -4.73081 9.40204 3.98967 -11 628 7935 7934 1 45.5159 45.5159 438 
5 4.77469 -2.21923 -0.295623 0.053533 -0.140133 4.01303 22 629 1155 1083 1 13.4394 13.4394 102 
5 -4.61526 4.63078 -2.95757 -1.33016 3.95004 4.03857 22 630 1959 1838 1 4.16674 4.16674 79 
-4.84488 0.103877 -5 -0.270493 0.177564 0.858546 4.00193 22 631 1871 1767 1 2.41895 2.41895 59 
-2.06346 -5 -0.745172 1.99868 -0.358006 0.215224 4.01743 11 632 1 0 1 7.00056 7.00056 87 
5 -3.75776 3.02614 -0.316619 -0.0246503 0.297756 4.04512 22 633 10589 10588 1 2.66294 2.66294 76 
2.32871 -5 -3.85119 -0.226353 0.114892 -0.0190078 4.13855 22 634 2556 2554 1 7.10848 7.10848 115 
5 2.43636 -0.462501 -7.2401 -2.26079 8.9889 4.01051 -11 635 2770 2769 1 14.3994 14.3994 114 
-3.90336 -5 -3.0626 1.59197 8.84135 14.5438 3.99785 11 636 7717 7687 1 24.2896 24.2896 262 
-1.61734 5 -0.113228 -0.372008 -0.307484 0.167879 4.02912 22 637 5864 5863 1 10.316 10.316 93 
-4.02201 -5 -0.279969 -0.510387 0.180122 0.934836 4.01509 22 638 2570 2569 1 0.187422 0.187422 38 
-3.67338 1.33362 -5 -0.0168732 -0.0437322 0.474859 3.98885 22 639 7262 7261 1 17.8686 17.8686 246 
-1.70883 -5 -4.04022 1.3575 1.94705 4.25294 4.99272 22 640 1390 1365 1 21.7317 21.7317 243 
2.82253 4.88954 -5 -0.143624 1.17165 7.54267 3.99058 22 641 2087 1718 1 5.50014 5.50014 117 
1.13515 5 -4.04374 -0.14079 -0.0570982 -0.129189 4.06214 22 642 1070 1 1 5.15455 5.15455 102 
2.82406 -2.09787 -5 0.80971 1.08624 3.25469 3.98893 -11 643 1129 1128 1 9.03875 9.03875 105 
1.03353 -5 0.861178 0.126015 0.364187 0.335572 4.03811 22 644 3310 3309 1 2.3491 2.3491 65 
-2.3662 2.85807 -5 -0.972325 0.328819 2.9603 4.00028 22 645 4308 4205 1 0.55406 0.55406 18 
5 -2.50579 -0.201091 -0.252019 0.238036 0.202244 4.03162 22 646 2626 2622 1 0.83717 0.83717 83 
5 -3.66568 -0.198594 -2.31977 3.4511 4.81604 4.01258 22 647 6304 6302 1 9.4102 9.4102 65 
-2.29213 -3.9761 -5 -0.16833 0.150221 0.238822 4.00837 22 648 1411 1392 1 1.27648 1.27648 48 
1.48797 5 -1.66902 2.92941 0.551971 2.03324 4.03745 11 649 1313 1310 1 74.926 74.926 673 
4.2989 -1.11596 -5 -0.115453 0.445369 1.20526 3.99531 22 650 3556 3417 1 25.7606 25.7606 232 
-1.13799 -4.56972 -5 -0.0962877 0.89079 4.20413 3.98876 22 651 1340 1307 1 2.18806 2.18806 99 
-4.16175 -4.48828 -5 0.468161 0.402045 0.37244 3.9893 22 652 3480 3479 1 52.6661 52.6661 412 
-5 2.95349 2.33083 1.14711 0.396267 7.93385 4.01869 22 653 1768 1631 1 9.8678 9.8678 61 
0.587034 -5 2.2904 0.689506 5.98071 5.79489 4.02423 -11 654 3244 3243 1 80.172 80.172 907 
-1.50676 -5 -1.74324 0.188384 0.486756 0.352008 4.04273 22 655 1714 1680 1 11.2672 11.2672 101 
-5 -4.75992 0.476237 0.140054 -0.0278553 -0.0985506 4.00988 22 656 2602 2478 1 23.5376 23.5376 233 
-3.57681 2.04326 -5 -0.356589 0.294513 1.08798 4.00575 22 657 4775 4724 1 0 0 10 
-0.0185491 -1.57316 -5 -0.803405 0.250389 5.97376 3.99094 22 658 1139 1 1 9.6682 9.6682 187 
4.78109 1.50358 -5 -0.118107 -0.0459439 0.801336 3.98919 22 659 4245 3892 1 0.235419 0.235419 43 
4.01575 1.07264 -5 0.954475 7.4731 5.99836 4.01964 22 660 3764 3693 1 7.07721 7.07721 61 
0.409941 -5 4.63639 -0.128254 0.084904 0.399868 4.05456 22 661 2853 2848 1 2.09339 2.09339 83 
5 -3.54802 1.87885 -0.486586 -0.0370419 0.150767 4.10735 22 662 2909 2908 1 5.06173 5.06173 119 
0.343693 -1.87955 -5 -0.688857 0.638179 1.69072 3.99842 22 663 1410 1308 1 0.299682 0.299682 14 
2.64348 -5 0.0811554 -0.0859878 0.402675 0.357048 4.03125 22 664 5553 5473 1 0.290271 0.290271 9 
5 -2.91821 1.57 -0.0627683 0.127725 0.18773 4.01777 22 665 8271 8158 1 3.62391 3.62391 49 
-0.822476 1.50954 -5 -0.684071 0.429744 3.01577 3.99255 22 666 1224 1048 1 16.1381 16.1381 253 
4.90834 -5 -4.65341 2.60401 3.46187 6.91453 3.99433 22 667 1577 1540 1 12.2805 12.2805 193 
-2.89365 -5 3.19177 0.0578782 0.147119 0.104412 4.16084 22 668 3956 3955 1 3.83933 3.83933 53 
4.48196 -2.26894 -5 -5.89056 2.54449 19.2148 3.99619 -11 669 3684 3683 1 5.98704 5.98704 80 
-0.784224 3.93969 -5 -0.00286243 0.237049 0.490454 3.99559 22 670 1388 1166 1 1.65988 1.65988 46 
-3.39584 -3.84867 -5 -0.500725 0.149071 0.518469 4.00025 22 671 1279 1079 1 26.4776 26.4776 215 
-1.08855 3.63293 -5 -0.0626674 0.301314 0.661815 4.0131 22 672 3151 2741 1 0 0 9 
-4.99546 -2.42603 -5 -0.204428 0.0473928 3.70282 3.98685 22 673 1940 1171 1 70.9346 70.9346 735 
-2.14109 2.69631 -5 -1.19669 0.746696 4.95015 4.00037 22 674 35428 35373 1 0 0 1 
2.27908 3.42682 -5 -0.328305 -0.0177346 0.128608 4.11914 22 675 10972 10971 1 4.02331 4.02331 113 
1.86205 -0.35249 -5 -0.338704 0.135022 4.1661 3.98726 22 676 3918 3590 1 32.3922 32.3922 231 
-4.77932 -2.0715 -5 -0.312162 0.34593 0.604594 3.99962 22 677 4488 4344 1 13.521 13.521 306 
-1.9724 -4.3933 -5 0.824254 0.359995 5.23138 4.99056 22 678 2655 2621 1 11.3776 11.3776 280 
5 -2.01605 -4.05395 -0.448874 -0.0875779 -0.227953 4.02379 22 679 3538 3537 1 0 0 13 
5 3.7894 2.6148 -0.471634 -0.632023 0.452481 4.05821 22 680 2143 2141 1 0.681964 0.681964 58 
-4.89874 -5 4.4255 5.81303 9.35423 53.4629 4.01834 -11 681 1008 1007 1 27.1056 27.1056 342 
-3.00457 -5 3.60101 0.169224 1.04199 0.974994 4.03128 22 682 1820 1792 1 2.46215 2.46215 54 
5 -1.60593 -1.06693 -0.933996 3.90378 5.90827 4.01484 22 683 22611 22562 1 0 0 5 
-4.07988 -5 1.21724 -1.4134 1.52235 8.10869 4.01367 22 684 2259 2001 1 17.7278 17.7278 150 
3.72538 1.43465 -5 -0.0400606 0.0253679 0.435506 3.98811 22 685 1491 1270 1 7.40365 7.40365 145 
-2.83316 -5 2.26317 -0.293534 0.417866 -0.0186003 4.12955 22 686 8338 8315 1 10.2413 10.2413 90 
-3.97252 -4.77314 -5 -1.01006 0.848398 2.51777 4.00585 22 687 2481 2324 1 1.09232 1.09232 53 
-1.87544 4.31144 -5 -1.32123 0.454081 4.43751 3.99439 22 688 2585 2451 1 12.389 12.389 159 
-4.94936 5 3.2227 -0.0678715 -0.136187 0.214927 4.04849 22 689 2995 2957 1 7.12915 7.12915 139 
4.67528 -0.109195 -5 -1.02708 0.222994 3.88439 3.99354 22 690 1407 1 1 2.88618 2.88618 18 
-2.73269 -2.9405 -5 -0.139801 0.223039 1.65829 3.99243 22 691 1216 1 1 29.4271 29.4271 312 
-4.30599 4.74052 -5 -0.115943 0.777334 0.958412 4.01251 22 692 1128 1 1 29.4176 29.4176 359 
-4.66548 -5 -3.50866 0.00725856 0.170535 0.481648 4.02438 22 693 7456 7389 1 1.15214 1.15214 71 
5 -4.74094 -3.68171 -7.53984 1.2261 9.354 4.0103 22 694 7356 7304 1 0.652873 0.652873 13 
5 2.91186 1.16409 -0.560355 -0.710404 1.14734 4.02353 22 695 3224 3068 1 9.81254 9.81254 131 
-3.93963 -1.52436 -5 -0.221964 0.178117 0.291164 4.00738 22 696 1913 1733 1 26.0249 26.0249 304 
-1.11576 -5 -0.884735 0.620822 0.923756 2.61831 4.017 22 697 3470 3340 1 3.39692 3.39692 58 
-1.13244 -4.12349 -5 -0.806515 0.258492 4.37868 3.99173 22 698 4531 4106 1 1.62609 1.62609 89 
2.62028 -5 -2.35751 -0.0726918 0.17343 0.0617314 4.00922 22 699 2314 2191 1 4.18444 4.18444 118 
4.65055 5 -3.85142 -0.0680442 -0.226506 -0.00154866 4.00278 22 700 5755 5177 1 3.87562 3.87562 168 
2.52894 3.66252 -5 -0.969642 0.448928 5.01569 3.9912 22 701 2279 1844 1 3.92377 3.92377 89 
-5 -4.25477 -2.42731 0.0381425 -0.152703 0.142512 4.03087 22 702 3622 3621 1 23.6419 23.6419 267 
0.55957 -4.22341 -5 -0.124157 0.0181658 1.32077 3.98764 22 703 4421 4260 1 3.37136 3.37136 132 
4.97133 -1.24112 -5 0.034563 0.108378 0.272406 3.99589 22 704 2888 2450 1 1.93718 1.93718 39 
0.122288 -0.448002 -5 0.12578 0.200642 0.31939 3.99468 22 705 1816 1 1 94.2314 94.2314 907 
2.47412 -5 4.59488 -0.161122 0.0524235 0.0112131 4.03397 22 706 3180 3170 1 17.4063 17.4063 197 
-4.27303 -1.65699 -5 -1.76703 0.893389 8.76102 3.99393 22 707 11197 10826 1 6.06347 6.06347 63 
3.56152 -0.508388 -5 -0.50153 -0.013372 0.0969978 4.03247 22 708 1322 1321 1 14.2267 14.2267 267 
-4.31569 3.57142 -5 -1.23762 1.73506 10.608 3.993 22 709 1427 1 1 11.8214 11.8214 93 
3.59662 -3.24164 -5 -2.19404 3.13128 12.3769 3.99575 22 710 6867 6844 1 0.124289 0.124289 40 
-1.05252 -3.17047 -5 -0.16632 0.145113 0.460868 4.00307 22 711 8047 8046 1 2.02077 2.02077 58 
-0.846245 -4.75902 -5 -1.19596 12.614 21.2716 3.99607 11 712 8142 8030 1 5.40574 5.40574 125 
-5 4.9156 -3.52873 1.8428 2.72908 0.507816 4.0253 22 713 2043 2038 1 45.9995 45.9995 412 
5 1.51712 -3.18862 -0.307841 0.429365 -0.153631 4.08453 22 714 5098 5038 1 3.93503 3.93503 42 
-1.15031 2.06368 -5 0.291118 0.391302 2.27136 3.99318 22 715 8983 8722 1 99.4541 99.4541 825 
4.53673 0.411753 -5 -0.302731 1.61369 3.3574 4.00117 22 716 3546 3447 1 6.32501 6.32501 86 
5 -2.428 4.05119 -0.0674213 0.00153598 0.286363 4.02033 22 717 7298 7221 1 9.3087 9.3087 112 
0.4206 -4.76577 -5 -0.0280734 0.131852 0.212087 4.02169 22 718 1654 1624 1 0.542819 0.542819 44 
-3.89551 -5 1.95962 -0.428415 0.231863 0.664247 4.04229 22 719 7875 6760 1 0.222563 0.222563 44 
-1.94609 2.39775 -5 -0.829095 4.78854 20.4126 3.99602 22 720 3239 3188 1 0.462526 0.462526 63 
4.92591 -0.031561 -5 -1.91806 0.95463 17.5286 3.98805 22 721 3707 3125 1 8.10402 8.10402 82 
3.77905 -1.6906 -5 11.1093 4.74445 126.747 3.98658 11 722 1563 1509 1 140.033 140.033 1106 
-0.145242 -5 3.01435 -0.096548 0.227781 0.447117 4.03269 22 723 1527 1522 1 1.27393 1.27393 42 
1.3827 1.96039 -5 -0.947473 0.680976 2.83624 4.00058 22 724 14437 13644 1 0 0 14 
4.10465 0.818893 -5 -0.363846 0.305849 3.51028 3.98922 22 725 18372 16741 1 15.4308 15.4308 156 
-5 3.43632 -2.51631 0.509112 -0.0102657 -0.0426583 4.0343 22 726 1557 1531 1 32.2397 32.2397 414 
4.3877 -5 3.00813 -0.155763 0.484976 0.0406953 4.03824 22 727 8754 8753 1 5.66158 5.66158 132 
5 3.71654 0.113952 -0.58217 0.0200358 -0.718862 4.04224 22 728 1001 1 1 15.0394 15.0394 251 
2.86569 5 0.783327 0.416407 -0.29205 0.0493085 4.0465 22 729 2037 2036 1 97.5433 97.5433 839 
2.60312 -0.219035 -5 10.4784 17.2113 168.724 3.98655 11 730 1 0 1 83.2239 83.2239 710 
-0.693628 0.973229 -5 -0.116355 0.0515775 4.48746 3.98625 22 731 2085 1367 1 66.2701 66.2701 666 
-0.520846 -3.67701 -5 -7.42653 -3.02375 4.78262 4.0067 -11 732 3514 3513 1 20.1203 20.1203 178 
5 0.550428 -2.73506 -0.418958 0.746368 0.599447 4.03169 22 733 6300 6236 1 1.9605 1.9605 84 
-0.0173563 -5 -3.45538 0.0467573 0.499338 0.0979571 4.03363 22 734 2227 2226 1 11.4508 11.4508 100 
5 -0.111043 -3.47267 -0.110665 0.259086 0.426318 4.01554 22 735 3400 3395 1 4.16033 4.16033 127 
-3.62885 -4.12264 -5 -0.659908 0.447997 6.20126 3.98879 22 736 1646 1183 1 4.16109 4.16109 85 
-4.96806 -5 3.90794 0.0973741 0.508347 0.121585 4.02391 22 737 5455 2920 1 14.1756 14.1756 114 
5 1.1687 4.30021 -0.343713 0.188914 0.0612328 4.04378 22 738 1476 1450 1 1.73343 1.73343 18 
-4.03506 3.02886 -5 -0.265173 0.16921 0.326781 4.02038 22 739 4398 4319 1 1.49375 1.49375 32 
5 -3.83375 3.63331 -7.31392 5.30578 5.69586 4.02799 -11 740 3642 3641 1 4.85515 4.85515 75 
-4.82535 -0.182687 -5 -1.22093 0.708612 2.7982 4.00451 22 741 1422 1 1 2.85606 2.85606 68 
2.26778 -1.77069 -5 -0.21541 -0.101098 0.452214 4.01815 22 742 9914 9883 1 16.5256 16.5256 233 
1.24144 1.616 -5 -0.541786 0.623377 4.0152 3.99109 22 743 4744 4210 1 1.42715 1.42715 43 
4.88333 -5 -4.35943 -0.028313 0.0787859 2.18045 3.98877 22 744 1584 1167 1 27.5433 27.5433 356 
5 -4.37332 4.39545 -0.396869 0.290727 1.20268 4.02544 22 745 8708 7922 1 0.0979713 0.0979713 17 
5 0.355109 3.34847 -0.123193 0.31407 0.133223 4.12317 22 746 14537 14402 1 0 0 6 
-0.432393 -1.70355 -5 -0.0184104 0.0590701 0.507239 4.00762 22 747 1978 1977 1 0.733577 0.733577 125 
3.59702 -0.727352 -5 -0.0847661 0.074365 0.499662 3.99391 22 748 1802 1713 1 36.7248 36.7248 376 
-2.92998 -4.30846 -5 -0.155155 -0.168522 0.276833 4.02547 22 749 1136 1135 1 4.80964 4.80964 99 
-1.86205 -5 2.58724 -0.321401 0.234823 0.320436 4.04015 22 750 6083 6082 1 0 0 5 
0.20766 3.58544 -5 -0.365438 0.397794 2.33511 3.99369 22 751 1632 1567 1 9.92142 9.92142 28 
3.5116 -5 1.16113 -0.714744 1.38495 -0.948371 4.01321 -11 752 1493 1492 1 18.8516 18.8516 164 
1.04782 -0.246605 -5 -0.288681 0.804432 8.18738 3.98817 22 753 3857 3449 1 15.445 15.445 238 
-0.860873 -3.20958 -5 -0.941821 0.172905 2.52201 3.99457 22 754 2176 1258 1 13.7164 13.7164 73 
-1.65356 -2.59151 -5 0.00627549 -0.142352 0.405208 3.99502 22 755 3885 3766 1 14.8589 14.8589 228 
2.02376 5 4.93471 0.230756 -0.308611 0.196012 4.08461 22 756 1271 1195 1 4.00786 4.00786 61 
-4.14336 -5 -3.11964 0.121602 0.324736 -0.375339 4.05894 22 757 2592 2590 1 3.95714 3.95714 41 
1.31394 4.19524 -5 -0.0024696 0.210645 0.457202 4.00834 22 758 1284 1 1 3.85444 3.85444 56 
-3.46858 -5 2.08377 -1.40649 2.15563 -1.21839 4.06529 22 759 7385 7383 1 0 0 8 
5 -4.70069 -4.48992 -0.490499 0.143224 -0.00416847 4.06569 22 760 3371 3370 1 0.723648 0.723648 48 
5 2.4928 -3.91317 -0.135196 0.643594 0.212363 4.04587 22 761 2660 2627 1 9.34168 9.34168 104 
-5 0.204754 -3.61249 0.180701 0.0562646 0.67289 4.02236 22 763 2393 2374 1 31.7705 31.7705 356 
0.89981 -5 1.5196 0.0559392 0.294747 0.0965307 4.03567 22 764 3483 3448 1 25.5592 25.5592 319 
-1.96257 -5 -3.98186 -0.115128 0.476043 0.0402132 4.03203 22 765 1263 1145 1 0.624866 0.624866 63 
3.952 5 4.7903 -0.04309 -0.105846 0.0061894 4.0775 22 766 5855 5854 1 0.410141 0.410141 57 
0.363113 -3.23291 -5 -0.0124816 0.373607 1.91222 3.99538 22 767 2216 2189 1 7.48538 7.48538 99 
-2.76328 0.693945 -5 -0.0537292 0.0766334 1.36275 3.98705 22 768 1628 1426 1 70.3189 70.3189 579 
3.8651 -4.77593 -5 -1.02214 0.235834 4.24697 3.99159 22 769 6109 5580 1 0.267563 0.267563 41 
-0.0929858 -3.02262 -5 0.0258317 0.36652 0.355128 4.02392 22 770 3270 3269 1 1.38241 1.38241 37 
-1.60499 -3.94724 -5 -0.555608 0.242907 8.16248 3.98716 22 771 1397 1 1 24.9776 24.9776 296 
-3.38121 5 -4.53432 3.68735 -4.02151 3.17891 4.05005 -11 772 4189 4188 1 5.73616 5.73616 81 
5 4.04946 -0.458837 -0.130346 0.0804705 0.813646 4.00365 22 773 3869 3808 1 20.6994 20.6994 130 
1.40508 -4.36129 -5 -9.71309 6.86317 14.5137 4.00285 22 774 2980 2975 1 16.7319 16.7319 253 
5 -0.77658 -0.392787 -0.219684 0.120883 0.0418788 4.09146 22 775 4257 4158 1 7.31577 7.31577 135 
-4.22964 -3.99536 -5 -0.340629 -0.440934 9.45837 3.99975 11 776 1 0 1 11.7709 11.7709 77 
4.13899 -5 -0.893074 -0.0779512 0.136495 0.486223 4.00932 22 777 1091 1090 1 21.7475 21.7475 194 
2.18872 -5 4.83858 0.00130734 0.497927 1.66175 4.02537 22 778 3908 3865 1 38.7825 38.7825 293 
3.58036 4.9502 -5 0.976064 12.6907 2.92781 4.01517 11 779 1 0 1 22.8659 22.8659 223 
3.45454 -5 -2.45216 -0.215622 0.126413 0.445698 4.00717 22 780 1363 1362 1 18.015 18.015 188 
-2.84293 0.608424 -5 -3.53451 -0.416479 7.81723 3.99675 22 781 1773 1725 1 30.6212 30.6212 408 
4.08545 -5 -1.25449 0.0173822 0.0237732 -0.000345282 4.11227 22 782 5057 5040 1 8.68937 8.68937 95 
3.3299 -5 2.99698 1.52211 1.43721 -0.660692 4.02305 11 783 1252 1251 1 38.171 38.171 400 
5 -1.72628 1.06052 -1.43926 0.495625 9.35235 4.01176 22 784 5104 4391 1 1.24216 1.24216 19 
2.94878 -5 -2.58832 0.117641 0.255892 0.0957826 4.15297 22 785 1517 1515 1 29.1583 29.1583 282 
2.83577 -4.83093 -5 -0.147223 -0.0339425 3.97698 3.98662 22 786 1637 1 1 25.3722 25.3722 334 
-4.53179 -5 0.309759 -2.70493 1.39823 10.8534 4.00739 -11 787 1493 1492 1 6.92132 6.92132 129 
5 -0.985313 -3.93449 -0.0863043 0.0695818 0.093933 4.01156 22 788 4844 4775 1 5.56672 5.56672 254 
5 -1.32444 -4.06322 -1.51648 0.593523 5.94391 4.00488 22 789 1026 1002 1 16.6178 16.6178 71 
-3.73257 -0.468477 -5 -1.80572 0.734622 5.21297 3.99334 22 790 3819 3757 1 6.01799 6.01799 116 
5 2.07088 -0.774498 -0.143545 0.996317 8.75655 4.0065 11 791 2708 2644 1 15.2719 15.2719 160 
2.67554 -5 -3.64611 0.0890885 0.0807831 -0.288107 4.0141 22 792 6819 6818 1 25.8447 25.8447 150 
2.23091 1.33672 -5 -5.54369 8.00964 83.3554 3.98855 22 793 1032 1 1 16.2691 16.2691 260 
-3.83562 -4.21385 -5 -0.0975723 0.0935222 2.33943 3.98669 22 794 1709 1 1 74.5423 74.5423 743 
3.4315 -2.06679 -5 -5.48242 -1.44196 9.8375 4.00207 22 795 5790 5729 1 1.74681 1.74681 13 
-1.07051 -3.77075 -5 -2.8245 3.56028 1.71063 4.0331 11 796 8225 8178 1 11.5885 11.5885 142 
1.05251 -0.93126 -5 -0.260142 0.203901 2.47489 3.98994 22 797 14808 13758 1 20.3426 20.3426 265 
1.69862 -5 3.97098 -0.0453714 0.36869 0.066322 4.0832 22 798 1662 1661 1 13.922 13.922 170 
3.31814 -3.16929 -5 -0.0868829 -0.168351 0.52167 3.99819 22 799 1651 1591 1 10.8607 10.8607 96 
1.73311 -3.21123 -5 -2.21985 1.68018 4.10495 4.00547 22 800 4863 4834 1 0.581164 0.581164 21 
1.17634 -4.37393 -5 -3.11303 -2.16929 9.6718 4.01111 22 801 8665 8549 1 0 0 6 
4.60942 -0.334086 -5 -0.407138 0.442718 2.98595 3.99388 22 802 6310 5472 1 4.15742 4.15742 74 
5 -0.380546 3.10379 -0.456758 1.0009 -0.0338017 4.11924 22 803 1299 1295 1 1.22831 1.22831 12 
1.32272 -1.16472 -5 -0.273834 0.17523 2.78978 3.9885 22 804 2630 2492 1 37.6232 37.6232 351 
1.36938 3.35901 -5 -0.11597 0.200594 0.710394 3.99035 22 805 8618 8511 1 8.97987 8.97987 86 
4.9609 -2.63819 -5 0.196894 0.113133 1.34865 3.98838 22 806 2407 2028 1 49.5323 49.5323 420 
-1.90691 4.7713 -5 -0.187167 0.115633 1.13091 3.99295 22 807 1522 1261 1 10.5394 10.5394 111 
5 -2.9835 -2.70902 -0.288999 -0.00467556 0.229249 4.05357 22 808 7013 6965 1 1.76867 1.76867 34 
5 -4.29579 3.6032 -1.47404 5.69262 3.12218 4.01881 -11 809 3717 3716 1 18.9675 18.9675 210 
4.36863 -5 -2.55994 0.133325 0.037972 -0.00904682 4.08959 22 810 2957 2926 1 91.6385 91.6385 693 
-0.0651847 -5 -2.55047 -1.03271 0.69099 1.7636 4.0165 22 811 12294 12240 1 0 0 3 
3.74426 -0.15261 -5 -2.69606 3.47056 1.89982 4.03319 22 812 5729 5709 1 1.44095 1.44095 15 
5 -4.30083 2.06241 -0.283769 0.441271 0.292867 4.01729 22 813 12280 12239 1 9.36096 9.36096 11 
1.94028 -5 0.497397 -0.0365062 0.215815 0.461748 4.02447 22 814 8141 8137 1 4.98548 4.98548 65 
-3.3075 -5 -0.184405 -0.203691 0.243817 1.29851 4.01061 22 815 5624 5440 1 4.48928 4.48928 21 
-3.99339 4.94302 -5 -0.882172 0.241874 5.30305 3.99029 22 816 2233 1631 1 20.5708 20.5708 311 
-1.2369 -3.58897 -5 0.0375495 0.00129317 2.05671 3.98658 22 817 1108 1 1 98.0793 98.0793 921 
1.23806 -5 -4.13924 -0.0377521 0.130468 0.354434 5.03885 22 818 3054 2971 1 2.97231 2.97231 74 
5 -4.23242 3.5798 -4.22661 -3.82406 12.7333 4.015 11 819 3856 3853 1 63.2237 63.2237 611 
5 -3.34705 -0.336191 -4.77802 1.90114 2.04171 4.01485 -11 820 2544 2543 1 7.96377 7.96377 174 
-4.42667 -3.55781 -5 -0.275925 -0.4011 0.155255 4.0141 22 821 1100 1099 1 28.2466 28.2466 384 
5 4.17246 4.12499 -4.87587 1.30545 1.30201 4.0204 11 822 1900 1899 1 9.75518 9.75518 170 
4.38203 -5 2.5708 0.0862416 0.381269 0.036257 4.08805 22 823 4472 4391 1 4.75507 4.75507 15 
-2.03067 4.6588 -5 0.941724 2.83482 20.6869 3.99333 22 824 3417 3206 1 32.4375 32.4375 304 
0.144976 -4.81143 -5 0.0490293 0.388959 2.79964 3.98993 22 825 7448 7367 1 5.21833 5.21833 95 
0.961461 -5 -2.0023 -0.397658 0.263442 5.88835 3.99878 22 826 1713 1388 1 1.68968 1.68968 13 
-3.62916 0.414618 -5 -3.66001 3.04479 23.1692 3.9929 22 827 2445 2444 1 8.27317 8.27317 130 
1.07332 5 -4.67558 0.00378601 -0.028902 -0.00610462 4.01194 22 828 1608 1604 1 27.352 27.352 352 
3.47452 -3.12815 -5 -0.714023 0.485581 1.48942 3.99363 22 829 4972 4887 1 18.7125 18.7125 93 
0.201158 -0.814302 -5 -0.150906 0.404273 0.273698 4.00911 22 830 1318 1317 1 23.3014 23.3014 341 
5 -3.03677 -0.960331 -0.465041 0.209234 0.0328295 4.04192 22 831 2323 2290 1 9.46606 9.46606 157 
-3.78166 0.839085 -5 -0.338106 0.0761242 0.323143 4.05611 22 832 3575 3522 1 12.3627 12.3627 219 
4.7889 -0.399609 -5 -0.0330818 0.295072 0.415882 4.02572 22 833 2924 2923 1 0.776767 0.776767 20 
-1.43201 4.56925 -5 -0.383665 0.904271 0.524561 4.03323 22 834 1269 1254 1 0.818297 0.818297 68 
5 0.288692 -0.415076 -0.516052 0.0306986 4.46256 4.00515 22 835 1150 1 1 2.97508 2.97508 44 
1.99338 1.47746 -5 -0.253031 0.424633 0.720398 4.03021 22 836 8155 8154 1 1.84294 1.84294 163 
5 2.74777 -1.47496 -0.02022 0.0624712 0.521693 4.00409 22 837 1145 1024 1 13.4952 13.4952 178 
5 -2.57539 4.51922 -0.337042 0.441882 9.98572 4.01804 22 838 6308 6233 1 49.7719 49.7719 407 
-1.23918 -5 -4.01404 0.0506076 0.556276 2.65195 3.98992 -11 839 3103 3102 1 39.6642 39.6642 360 
0.563644 1.91927 -5 -11.4163 -7.88798 34.1082 3.98768 -11 840 1175 1174 1 53.5351 53.5351 604 
1.99204 -0.542669 -5 -0.12141 0.282836 0.407901 4.00998 22 841 6160 6159 1 0 0 7 
-0.520494 -2.23084 -5 -2.05231 1.69667 40.1213 3.98681 22 842 5989 5335 1 33.3564 33.3564 393 
1.87571 -3.55883 -5 -0.273507 0.174217 3.36599 3.98703 22 843 1409 1273 1 9.30876 9.30876 131 
5 0.260627 1.48468 -0.70289 0.158318 0.298252 4.02178 22 844 4123 4071 1 1.16519 1.16519 62 
1.11857 -2.24121 -5 -0.314416 -0.117235 1.28162 3.9931 22 845 12224 11367 1 0 0 11 
3.87269 1.45813 -5 -0.048005 0.614721 1.15009 3.99683 22 846 2221 2052 1 8.46874 8.46874 138 
2.82536 -0.584138 -5 0.65769 1.66373 1.64443 4.01342 22 847 1095 1 1 3.80427 3.80427 74 
5 -0.0356784 0.56169 -0.381352 0.490157 0.211351 4.06335 22 848 2552 2550 1 0.533412 0.533412 52 
1.17042 -5 -2.66722 -0.0581361 0.760962 4.17566 3.99985 22 849 3174 2912 1 20.1176 20.1176 158 
-1.99946 -1.18184 -5 -0.15631 0.186148 0.38049 4.0064 22 850 4848 4760 1 1.12319 1.12319 34 
5 -4.65417 -1.09691 -0.180925 0.221814 0.423302 4.0228 22 851 1316 1286 1 14.0924 14.0924 112 
5 -2.13443 -2.42778 -0.498211 0.912953 0.18661 4.05352 22 852 14997 14939 1 5.56059 5.56059 94 
-3.47721 0.781773 -5 -0.27813 0.31911 0.711448 4.00999 22 853 17413 16737 1 0.415287 0.415287 21 
3.8589 -3.85021 -5 -0.0538162 0.272765 1.08685 3.99362 22 854 1833 1701 1 0 0 7 
1.74058 -3.31532 -5 -0.402693 -0.0100828 2.26983 3.98835 22 855 1811 1635 1 8.78042 8.78042 184 
0.928773 0.336525 -5 -2.74803 0.864859 4.08956 4.00343 -11 857 1522 1521 1 22.7118 22.7118 580 
4.24164 1.27625 -5 -0.298266 0.0395535 0.547543 3.9947 22 858 2672 2553 1 37.1799 37.1799 352 
0.0337786 4.58023 -5 -0.91627 -0.277804 10.2038 3.98856 22 859 3247 2664 1 1.17904 1.17904 31 
-3.62447 1.42133 -5 -0.700034 0.668018 2.32032 4.00365 22 860 2784 2515 1 7.97821 7.97821 104 
5 3.68105 2.28709 -0.236895 0.198021 0.407171 4.03218 22 861 4091 4090 1 18.4796 18.4796 118 
1.16164 -1.38949 -5 -1.54557 -0.728839 1.89355 3.98907 11 862 7613 7513 1 6.20623 6.20623 119 
0.705493 -5 0.29071 -0.00313125 0.443412 1.41366 4.0096 22 863 1253 1 1 21.9624 21.9624 283 
5 -0.227364 2.82916 -0.50017 -0.0964444 0.0406058 4.07551 22 864 2510 2494 1 0.567205 0.567205 13 
-2.93005 -0.798258 -5 0.169084 -0.148098 0.458909 4.006 22 865 4869 4834 1 19.0644 19.0644 279 
-1.66855 0.786401 -5 -0.418639 1.2229 5.548 3.99191 22 866 2552 1837 1 17.395 17.395 258 
-1.4719 1.34111 -5 -0.232422 0.2857 0.492059 4.01565 22 867 16613 16527 1 0 0 3 
1.42395 4.52222 -5 -0.177493 0.707032 4.46819 3.9952 22 868 1068 1 1 5.77085 5.77085 70 
1.80137 -4.87246 -5 -0.0975924 0.076216 0.931021 3.98864 22 869 3684 3602 1 4.3398 4.3398 29 
0.284649 -0.526663 -5 -0.134009 0.164596 0.250717 4.12178 22 870 1140 1139 1 13.8947 13.8947 293 
-4.4847 1.17222 -5 -1.19567 1.87247 6.09148 4.00236 22 871 14261 13969 1 0.68053 0.68053 60 
3.03139 -4.24557 -5 0.00365573 0.124076 0.132203 3.99491 22 872 7636 7606 1 1.83961 1.83961 73 
-4.34025 3.50324 -5 -0.161406 -0.40543 0.265884 4.02459 22 873 3897 3896 1 0.258008 0.258008 48 
-0.465422 -4.67545 -5 -0.0904563 0.2108 1.65258 3.98852 22 874 6029 5726 1 6.35744 6.35744 57 
1.7886 -5 -2.1194 0.43867 3.65794 2.93699 4.00604 22 875 6547 6546 1 11.6882 11.6882 87 
0.339599 -0.220213 -5 -0.347769 -0.317148 0.198983 4.15673 22 876 1097 1075 1 21.8991 21.8991 350 
4.6454 5 -3.86922 0.214965 -0.280701 0.36894 4.03195 22 877 1335 1334 1 16.2593 16.2593 218 
1.03908 1.93288 -5 0.106205 -0.0722939 0.147973 4.03985 22 878 1581 1523 1 13.6775 13.6775 120 
3.56788 4.41932 -5 -0.886274 1.58673 3.81179 4.00713 22 879 6594 6578 1 1.35836 1.35836 115 
4.14572 0.0500861 -5 -0.278161 1.54051 3.15219 3.99262 22 880 3499 3452 1 32.0697 32.0697 318 
2.93475 1.5735 -5 -0.133028 0.252054 3.59662 3.98784 22 881 2784 2417 1 3.52892 3.52892 49 
-2.03763 -5 -0.0772274 -6.30234 -1.57059 -3.42804 4.06514 11 882 1163 1155 1 17.208 17.208 102 
5 4.03089 3.72346 -0.476845 0.296206 0.310474 4.05955 22 883 5575 5492 1 0 0 2 
-2.52106 -4.39583 -5 -3.8247 1.35471 26.2459 3.99032 22 884 1216 1 1 13.1687 13.1687 276 
-2.90149 5 -2.38074 -0.0109652 -0.212454 0.0173025 4.19424 22 885 6676 6621 1 7.69418 7.69418 56 
5 -4.60547 4.09711 -0.264215 0.0250124 0.129939 4.05389 22 886 5576 5521 1 0 0 12 
1.12214 -3.12475 -5 0.144401 0.122722 0.474561 4.01169 22 887 1041 1040 1 5.11092 5.11092 80 
-4.61807 -2.22721 -5 -8.51302 1.65252 39.4965 3.98903 22 888 1043 1 1 30.4654 30.4654 328 
-0.321593 -0.665324 -5 -1.64368 0.778541 4.80301 3.99608 22 889 2347 1 1 27.5166 27.5166 168 
-0.199818 -3.04472 -5 -0.0585465 0.248369 0.16389 4.01886 22 890 3679 2984 1 14.023 14.023 207 
0.336278 -3.4449 -5 -0.0355114 0.0270745 1.0603 3.9865 22 891 2278 1 1 41.9265 41.9265 368 
-2.26861 -5 -0.086489 -0.642725 1.02636 3.94181 4.01325 22 892 4168 3480 1 10.0673 10.0673 160 
-1.0112 -0.566834 -5 -0.0560965 0.10231 0.499943 3.99223 22 893 2124 2097 1 8.00786 8.00786 112 
1.43744 -5 -1.5421 -0.769868 1.2959 2.73994 4.0132 22 894 2590 1909 1 1.14612 1.14612 44 
5 0.496991 -1.76636 -0.220692 -0.130519 0.0945144 4.0134 22 895 1859 1761 1 3.51367 3.51367 116 
5 3.42201 -2.13557 -0.419408 0.438113 1.10177 4.01739 22 896 2849 2500 1 1.55819 1.55819 15 
4.24747 -5 1.98572 5.26224 6.22671 5.20906 4.03385 22 897 1593 1556 1 0.491758 0.491758 19 
-1.84175 -2.65671 -5 -0.164807 0.273155 1.04179 4.00484 22 898 7293 7117 1 4.17582 4.17582 44 
-4.8289 -4.58575 -5 -0.174066 0.00328323 0.81524 3.99273 22 899 2342 2025 1 4.59341 4.59341 54 
-1.89244 5 -0.0680139 1.63149 -3.47751 4.93008 4.01661 -11 900 10311 10310 1 7.0001 7.0001 11 
5 -1.98932 -3.66259 -1.47001 2.5259 0.206349 4.07665 22 901 11056 10997 1 0.134978 0.134978 18 
1.2915 2.16516 -5 -1.00902 1.64315 10.8176 3.98967 22 902 1692 1 1 22.1389 22.1389 175 
-0.348243 5 -1.87837 -0.139807 -0.189896 0.1458 4.02508 22 903 13767 13488 1 9.31927 9.31927 98 
0.812916 -4.68781 -5 0.124517 -0.0432721 0.164784 4.00099 22 904 6932 6869 1 5.74567 5.74567 98 
0.53532 1.57201 -5 -1.94213 1.84347 11.5104 3.99515 22 905 1979 1741 1 0.233886 0.233886 32 
3.73663 -2.64009 -5 -0.342025 0.0245989 1.08309 4.0134 22 906 5748 5747 1 0.290315 0.290315 44 
-1.60962 4.81625 -5 -0.0302108 0.660293 0.330642 4.01436 22 907 7064 6801 1 17.8177 17.8177 199 
3.47692 -1.89866 -5 1.24116 6.90349 2.73176 3.99512 11 908 2153 2068 1 12.5865 12.5865 202 
1.61192 -5 -3.92183 0.617866 1.54799 -1.18766 4.00506 -11 909 1805 1804 1 4.99142 4.99142 124 
3.13724 -0.0273665 -5 -0.444956 -0.0765161 1.36478 3.99228 22 910 4980 4888 1 14.0091 14.0091 228 
2.14816 -2.03812 -5 -0.0396051 0.148238 2.06976 3.98734 22 911 2159 1 1 18.0263 18.0263 153 
-4.13042 -1.43697 -5 -2.36533 2.87165 2.42543 3.98753 -11 912 1934 1933 1 54.8972 54.8972 594 
1.06366 1.98828 -5 0.18507 -0.457583 0.132239 4.21755 22 913 15493 15464 1 0.609854 0.609854 32 
-0.801855 -5 3.80024 -0.454329 0.493715 3.33991 4.02071 22 914 2221 2193 1 1.03529 1.03529 39 
4.38968 2.281 -5 -0.288872 0.869507 2.22446 3.99403 22 915 1919 1710 1 4.421 4.421 65 
-4.6995 5 -0.106807 -0.34887 -0.229878 0.294221 4.08962 22 916 3397 3367 1 6.71595 6.71595 100 
3.95765 -4.69501 -5 0.0808307 0.225357 37.3886 3.98611 22 917 2605 1 1 25.1658 25.1658 456 
4.90787 -2.73966 -5 -0.329768 0.6246 4.12367 3.99059 22 918 3458 3184 1 2.28295 2.28295 69 
5 -1.02934 -0.0146618 -0.0453016 0.470999 -0.192944 4.04716 22 919 1078 1077 1 21.5777 21.5777 291 
4.71003 0.0831859 -5 -0.0121558 0.336523 3.16021 3.98874 22 920 4418 3736 1 2.36074 2.36074 53 
-1.24685 0.385933 -5 -0.774609 0.198942 0.341041 4.02662 22 921 1381 1356 1 16.0753 16.0753 182 
5 -3.9125 -3.98597 -0.0913687 0.0184318 -0.0317713 4.0274 22 922 1241 1240 1 15.2337 15.2337 147 
-2.39451 -2.99903 -5 -0.179621 -0.171564 0.305566 4.01278 22 923 3044 2964 1 31.7702 31.7702 392 
-2.74345 -5 -2.62113 -0.0191894 0.13972 -0.0811227 4.03012 22 924 2405 2314 1 29.3272 29.3272 290 
-2.82723 -5 -4.90909 -0.495646 0.088558 0.0872474 4.07689 22 925 4124 4123 1 2.25621 2.25621 92 
3.29519 -5 -1.2985 -0.00201828 0.040069 0.0697916 4.00139 22 926 1936 1910 1 42.9184 42.9184 424 
-3.79954 -3.5828 -5 -1.08467 0.334054 1.37753 4.00969 22 927 1755 1616 1 12.1888 12.1888 104 
3.99634 1.14563 -5 0.165707 1.56322 6.00394 3.98983 22 928 1614 1445 1 39.0552 39.0552 375 
-4.31838 5 -4.56139 -1.56171 -0.037343 -0.366667 4.10783 22 929 2310 2294 1 1.15572 1.15572 42 
-4.05448 0.440508 -5 -1.30391 0.502139 2.29281 3.99655 22 930 3446 3339 1 10.245 10.245 129 
-4.61395 1.35572 -5 -0.016111 0.00191244 0.0249741 4.09999 22 931 2839 2829 1 1.04965 1.04965 64 
5 4.35013 4.22262 -2.97906 5.81214 8.0386 4.03812 22 932 8028 7987 1 3.7962 3.7962 36 
-0.128851 4.33997 -5 2.68887 -4.12387 18.1735 3.99086 11 933 1 0 1 71.0818 71.0818 620 
-1.4322 3.88869 -5 -0.029454 0.145973 0.19026 4.03961 22 934 1660 1657 1 2.14855 2.14855 97 
5 2.78819 -2.6512 -0.506611 0.0140655 0.0653251 4.03798 22 935 1065 1061 1 4.35771 4.35771 94 
3.72561 -5 -2.88717 -0.0502953 0.0341259 0.672172 3.99442 22 936 1546 1 1 6.57995 6.57995 163 
5 0.335897 -2.51769 -0.72886 -0.495815 0.0447986 4.0727 22 937 10044 10004 1 4.7528 4.7528 58 
-0.983538 5 -2.68861 0.507717 -1.32755 0.352016 4.00002 -11 938 3006 3005 1 3.68987 3.68987 106 
5 -2.88788 0.50284 -0.443662 -0.212456 0.944259 4.01863 22 939 1876 1605 1 7.45842 7.45842 88 
5 0.473005 -2.70456 -0.373229 -0.207586 0.280585 4.01902 22 940 2894 2864 1 30.9207 30.9207 420 
2.68101 -2.28862 -5 0.190289 0.615085 3.92956 3.99002 22 941 1728 1 1 25.2111 25.2111 276 
0.237838 -3.83986 -5 -0.70912 -0.00144863 7.05342 3.98826 22 942 3294 3144 1 9.36996 9.36996 127 
3.65844 -5 2.01005 -0.349014 0.383117 0.910008 4.03783 22 943 33179 32350 1 0 0 1 
4.42152 -5 -3.81683 -0.087301 0.459195 0.206491 4.06533 22 944 2713 2710 1 8.76139 8.76139 190 
5 4.09794 -1.56544 -0.323526 2.04164 6.41322 4.00703 22 945 1869 1 1 7.11049 7.11049 84 
1.37686 -5 -3.76429 -0.143521 0.151236 -0.145375 4.0403 22 946 7919 7734 1 0.492254 0.492254 69 
4.27149 0.370091 -5 -0.642446 0.96098 4.47597 3.99405 22 947 7838 7672 1 1.00332 1.00332 11 
3.56886 -5 0.831273 -0.421848 0.593613 0.934638 4.02032 22 948 3320 3142 1 5.6108 5.6108 29 
5 -3.02488 1.00638 -0.235261 0.00286121 0.286339 4.02714 22 949 1960 1861 1 15.9052 15.9052 203 
-3.30787 -1.95605 -5 -0.312231 0.0987474 0.837914 4.00594 22 950 1126 1 1 0.353913 0.353913 47 
0.646474 -4.99498 -5 -1.51474 1.08412 6.75502 3.99061 22 951 2476 2343 1 0.740453 0.740453 54 
5 0.856784 0.573255 -0.168796 -0.0768383 0.17154 4.0347 22 952 2335 1 1 18.9051 18.9051 154 
0.0754344 -5 -2.15953 -9.58509 6.47374 48.1137 3.99891 22 953 1332 1232 1 28.2392 28.2392 277 
5 4.50499 -4.03535 -0.249179 0.260114 0.359842 4.01041 22 954 2315 2002 1 1.55342 1.55342 62 
4.53742 -5 -3.23236 -0.141899 0.205219 0.0292409 4.02273 22 955 6134 6099 1 0.711734 0.711734 23 
5 -0.883725 -2.72455 -0.119276 -0.0418444 -0.0719651 4.00756 22 956 1520 1308 1 7.67901 7.67901 103 
-3.31693 0.191615 -5 -18.5062 15.7232 22.5441 4.01066 22 957 4172 3935 1 33.7522 33.7522 359 
-0.417878 0.873123 -5 -0.278373 -0.0158421 0.251714 4.04889 22 958 3076 3075 1 0 0 10 
0.548268 -3.8033 -5 -0.79441 0.48332 3.77877 3.99376 22 959 3815 3574 1 3.04792 3.04792 90 
5 -2.82754 -1.17853 -0.507764 -0.0310168 -0.0483025 4.03645 22 960 1718 1698 1 3.57585 3.57585 77 
5 3.1878 -2.60728 -0.253656 0.174303 1.74563 3.99755 22 961 1346 1178 1 2.54321 2.54321 51 
5 2.86091 -1.07118 -0.0269986 -0.000204254 0.0125681 4.04005 22 962 5121 5107 1 0.694507 0.694507 69 
5 3.84953 -1.64948 -0.0692593 0.146545 0.552075 4.00225 22 963 1542 1327 1 36.3327 36.3327 385 
0.915971 -0.471831 -5 -1.7126 1.27659 16.7407 3.98912 22 964 3737 2660 1 5.91474 5.91474 103 
-4.87505 -2.43174 -5 -0.479711 0.195896 0.221112 4.03109 22 965 4748 4734 1 23.5039 23.5039 280 
4.32797 -1.59602 -5 -1.09969 0.909242 12.3271 3.98871 22 966 10876 9689 1 1.48173 1.48173 11 
-1.33937 -5 0.484417 -0.43332 1.65194 0.793853 4.00627 11 967 1033 1 1 52.3716 52.3716 556 
-3.87179 -2.94988 -5 -0.262589 0.878745 1.34684 4.00358 22 968 2038 2036 1 2.35563 2.35563 40 
1.71001 -5 1.19728 0.113861 0.0994434 0.179943 4.07261 22 969 6946 6944 1 0 0 8 
-0.224112 0.886169 -5 -0.157715 0.26275 2.12495 3.98924 22 970 1542 1 1 13.7232 13.7232 299 
0.422494 -1.81227 -5 -3.91842 2.0338 55.9278 3.98763 22 971 1967 1 1 12.6223 12.6223 246 
-4.65243 -4.51464 -5 0.00661572 0.0906792 0.265104 4.01647 22 972 4123 4122 1 13.7037 13.7037 186 
4.95147 -5 0.637611 -0.24095 0.51083 0.619981 4.03788 22 973 11822 11820 1 0.519229 0.519229 31 
-4.27778 3.41047 -5 -1.46597 2.45461 27.14 3.9881 22 974 1587 1 1 15.9631 15.9631 230 
0.859514 -4.36141 -5 -0.099284 0.45504 2.92419 3.98869 22 975 2276 2085 1 5.36701 5.36701 58 
-4.69135 -5 -2.81624 -0.644998 0.684721 -1.01114 4.05317 22 976 4987 4986 1 8.1083 8.1083 79 
-1.11188 -5 1.48257 -0.140738 0.106919 0.0734346 4.03234 22 977 6237 5923 1 1.67032 1.67032 32 
1.83698 4.47572 -5 0.325792 0.059384 0.0534078 4.05822 22 978 7155 6776 1 1.23953 1.23953 30 
0.298908 -5 -1.52377 -0.159278 0.382799 0.444142 4.04717 22 979 2917 2867 1 2.50032 2.50032 35 
-4.05254 -0.357428 -5 0.0916834 0.571908 0.506505 4.01311 22 980 1219 1 1 0.823772 0.823772 36 
5 3.02471 2.4602 -0.247853 0.222441 0.387568 4.0604 22 981 1357 1322 1 0 0 14 
5 -2.0934 3.35561 -0.367232 1.38085 1.8184 4.02117 22 982 2684 2633 1 93.6922 93.6922 811 
-3.52568 -1.57335 -5 0.935646 6.72259 6.57834 4.01732 -11 983 10990 10989 1 17.9005 17.9005 156 
3.04511 -3.61877 -5 0.127766 0.184944 0.625892 3.99017 22 984 1632 1175 1 11.4075 11.4075 110 
0.159977 -5 3.85812 -1.02845 2.23219 3.11742 4.01911 11 985 10152 10150 1 3.08508 3.08508 55 
3.44335 -2.86149 -5 -0.94614 1.59919 5.00945 3.9956 22 986 4138 4040 1 4.29954 4.29954 81 
1.42504 -5 -1.66414 -0.846015 0.470766 0.836099 4.03239 22 987 9192 9191 1 3.52891 3.52891 32 
3.45041 -2.34788 -5 0.0204869 0.133864 0.121625 4.12153 22 988 15189 15188 1 34.4261 34.4261 372 
4.18492 -5 -1.28974 0.10628 0.154893 0.0871477 4.07667 22 989 1347 1 1 8.59835 8.59835 80 
2.60829 -4.55991 -5 -1.79943 8.14183 214.31 3.98633 22 990 1083 1 1 64.4365 64.4365 613 
-4.06322 -4.0661 -5 -0.442803 0.211495 0.142531 4.04722 22 991 2236 2209 1 2.28597 2.28597 32 
-0.923413 -5 -1.78445 0.00983371 0.212774 0.561809 4.00389 22 992 5029 4950 1 17.1951 17.1951 179 
1.50441 -3.41345 -5 -0.2282 0.113344 1.21435 3.98935 22 993 1891 1249 1 10.8654 10.8654 139 
5 -4.70659 -2.4036 -0.876575 -0.0572068 1.95116 4.00016 22 994 5903 5848 1 7.08444 7.08444 151 
-4.41403 1.33176 -5 -0.149165 0.18643 1.69454 3.99639 22 995 1196 1 1 22.9042 22.9042 212 
1.0232 -3.90448 -5 -1.31786 1.90563 0.556559 3.99558 11 996 1311 1277 1 9.49996 9.49996 91 
5 -3.42913 -3.73934 -0.30162 0.193371 0.492404 3.9986 22 997 4606 4304 1 7.61619 7.61619 120 
2.35083 5 -4.88817 -0.507094 -0.659739 1.48596 4.0337 22 998 4230 4071 1 42.6854 42.6854 339 
0.237456 -4.83786 -5 -1.43679 -0.0733413 4.62289 3.99155 22 999 3410 3190 1 3.22884 3.22884 101 
-2.54574 -2.20362 -5 -0.882879 -0.538244 2.13666 4.01118 22 1000 1600 1585 1 34.8503 34.8503 166 
