# Det4_5_15
#x y z Px Py Pz t PDGid EventID TrackID ParentID Weight Edep VisibleEdep Ntracks
-0.0604561 -2.39953 -5 -0.147674 0.61497 1.41462 3.83742 22 1 2163 2085 1 109.758 109.758 1206 
1.07176 4.87295 -5 -0.655366 8.83645 8.57357 3.86007 -11 2 1407 1406 1 27.9892 27.9892 331 
-1.87378 -2.88077 -5 -5.64188 0.799678 6.06772 3.82572 -11 3 2879 2878 1 15.3177 15.3177 105 
-0.765535 4.52906 5 -0.175364 -0.020334 -0.124331 3.9421 22 4 1478 1477 1 7.50923 7.50923 65 
-3.76367 1.47753 -5 -9.0742 -1.84562 10.5442 3.83533 11 5 1923 1667 1 51.7792 51.7792 428 
5 1.32366 3.63907 -0.170444 -0.129035 -0.131326 3.97372 22 6 9678 6897 1 0.974352 0.974352 57 
3.07988 3.6872 -5 -0.163919 -0.256506 0.4842 3.82948 22 7 1383 1382 1 10.25 10.25 88 
5 -1.62879 -1.50125 -0.109549 -0.120285 -0.484407 4.04887 22 8 3000 2999 1 0.797368 0.797368 41 
-2.45028 -2.54877 -5 -6.65641 -0.971742 52.3529 3.82099 22 9 1813 1809 1 62.5375 62.5375 831 
2.38119 -5 2.39238 -0.0528331 0.354047 -0.528588 4.00524 22 10 10540 10539 1 18.4939 18.4939 122 
5 3.56553 -0.857203 -0.0882637 -0.0613493 0.325398 3.84051 22 11 9107 9012 1 2.56766 2.56766 16 
0.798264 0.995541 -5 -0.0617163 -0.0989032 1.14505 3.82174 22 12 3965 3450 1 15.8903 15.8903 99 
2.6528 -1.05849 -5 -1.56235 -0.13263 4.81804 3.82976 22 13 3284 3230 1 3.1616 3.1616 75 
5 4.97709 4.21861 -0.35482 0.0980305 0.348448 3.91548 22 14 2145 2087 1 0.214356 0.214356 21 
-0.38459 -5 -0.91386 -0.114232 0.299558 -0.397915 3.97233 22 15 2832 2831 1 0.655567 0.655567 37 
-0.299084 -2.27111 5 -0.166361 0.0257364 -0.366086 3.91433 22 16 4134 4108 1 1.14079 1.14079 53 
5 -1.02833 -2.82348 -6.15734 3.00263 0.345148 3.8442 11 17 2815 2673 1 15.7755 15.7755 155 
2.08922 3.5433 -5 -1.16679 -1.10536 7.54239 3.82305 22 18 3004 1 1 7.29776 7.29776 197 
5 -4.49417 2.07972 -0.851264 0.404717 0.716447 3.85968 22 19 4864 4121 1 2.76269 2.76269 70 
3.12742 3.38976 -5 -1.22346 0.61505 1.38643 3.82405 22 20 1505 1 1 19.8779 19.8779 247 
5 4.92959 0.309312 -0.266857 0.224443 0.151193 3.88871 22 21 1840 1793 1 3.67575 3.67575 17 
-1.70315 5 -2.36113 -7.05442 -12.927 29.9093 3.83053 -11 22 2386 2385 1 28.3096 28.3096 321 
4.02898 0.963478 -5 -0.14419 0.0409554 0.99515 3.82304 22 23 1708 1509 1 12.1811 12.1811 92 
2.35663 1.30058 -5 -35.7248 -42.0204 200.199 3.82091 11 24 1 0 1 47.0448 47.0448 466 
4.3821 0.154133 -5 15.201 -6.87775 242.777 3.81967 22 25 2084 1834 1 175.752 175.752 1655 
-2.86293 3.68427 -5 -0.29107 0.132713 0.398479 3.8426 22 26 2121 2120 1 5.7023 5.7023 90 
-0.573322 -1.45531 -5 -11.2153 -2.69632 42.3508 3.82266 11 27 2108 1893 1 54.0201 54.0201 587 
-4.88813 1.86945 -5 -0.131184 -0.0592015 0.402164 3.83559 22 28 2527 2526 1 11.5542 11.5542 207 
5 -2.14483 0.662643 -0.480323 -0.124569 -0.122032 3.94999 22 29 1648 1617 1 11.7538 11.7538 231 
2.01313 -5 0.950414 0.352587 0.605093 -0.842376 3.98115 22 30 1733 1718 1 27.0889 27.0889 393 
5 2.57587 3.97163 -0.88999 -0.581796 2.83712 3.85736 22 31 1857 1711 1 12.5941 12.5941 114 
-5 -4.59748 0.976986 0.261185 0.0479218 -0.0149822 3.94341 22 32 1824 1040 1 47.1853 47.1853 501 
5 4.72294 3.61623 -0.487222 0.0709325 0.13676 3.8758 22 33 2749 2748 1 37.0526 37.0526 351 
-2.64486 -1.33423 -5 0.132797 -0.041215 0.253881 3.83889 22 34 10593 10583 1 9.8193 9.8193 108 
1.81661 -0.0470624 5 0.0323645 0.249605 -0.444713 3.97605 22 35 1219 1216 1 37.6622 37.6622 393 
-2.9766 -1.28721 -5 -0.316139 -0.109207 0.386329 3.84336 22 36 3372 3340 1 25.1929 25.1929 309 
1.81967 3.60718 -5 0.0255269 0.232588 0.400662 3.82463 22 37 1859 1857 1 160.761 160.761 1473 
5 1.62778 -3.59566 -0.224999 0.0779608 0.965906 3.82659 22 38 3848 3769 1 25.8251 25.8251 418 
5 -1.51848 -1.46099 -0.119365 0.0937227 0.298953 3.83571 22 39 2676 2437 1 16.9438 16.9438 196 
0.766969 3.07325 -5 -0.11642 -0.638374 10.5142 3.81991 22 40 3161 2948 1 139.17 139.17 1151 
-2.69045 2.12207 -5 -0.778475 0.266012 0.823672 3.84793 22 41 1068 1 1 8.72039 8.72039 148 
2.9488 -1.22113 -5 -0.186539 -0.0316967 1.04392 3.8219 22 42 3704 3474 1 7.77704 7.77704 149 
5 -2.38633 -0.954178 -0.725861 0.258748 0.696917 3.85314 22 43 6777 6682 1 1.03874 1.03874 24 
2.32088 3.64119 -5 7.53375 8.73998 588.838 3.81932 -11 44 2481 2480 1 80.8692 80.8692 519 
5 -0.451176 -1.5854 -0.49677 -0.0876588 0.0815827 3.86017 22 45 2704 2703 1 3.00908 3.00908 21 
-4.45793 1.06591 -5 -0.159132 0.141355 0.099945 3.99989 22 46 2335 2223 1 1.89058 1.89058 84 
0.449238 0.0281362 -5 -0.959914 -0.053773 2.23147 3.83244 22 47 2487 2316 1 5.39962 5.39962 47 
4.52648 -4.1956 -5 -5.8293 -1.79468 13.878 3.82441 22 48 2948 2862 1 15.464 15.464 136 
-1.24823 -2.64389 -5 -5.34029 4.83099 102.28 3.81981 22 49 1352 1 1 56.511 56.511 381 
5 -0.766497 2.2195 -0.123314 -0.150137 -0.341058 3.91722 22 50 3599 3440 1 0.528177 0.528177 46 
0.309589 -3.19838 -5 -0.149754 -0.0869471 1.44545 3.82125 22 51 1257 1 1 41.6626 41.6626 361 
4.4386 -3.53644 5 0.023188 -0.0821728 -0.503815 4.20474 22 52 1960 1958 1 15.4388 15.4388 196 
3.10052 -4.5201 -5 0.706573 -3.14059 205.894 3.81939 11 53 1 0 1 93.7433 93.7433 612 
4.7825 5 4.95161 -0.0748783 -0.115657 -0.119188 3.97997 22 54 1626 1601 1 6.6896 6.6896 131 
-3.81087 -4.04902 5 -0.48788 0.138814 -0.0618347 3.94343 22 55 4155 4154 1 3.57518 3.57518 112 
-4.55205 4.9826 5 0.0379672 -0.0542973 -0.174901 3.94866 22 56 2671 2548 1 8.65019 8.65019 85 
3.72663 4.44615 5 -0.463555 -0.210471 -0.0440283 3.92466 22 57 11000 10998 1 7.39515 7.39515 48 
5 -0.889358 2.42833 -0.37519 0.339357 0.0720344 3.8815 22 58 1439 1438 1 1.35896 1.35896 10 
5 0.172786 2.89849 -0.466224 -0.0978772 -0.184866 3.87709 22 59 4096 4069 1 4.18567 4.18567 156 
-2.87444 -1.85658 -5 -0.585279 -2.39022 3.48199 3.83659 22 60 1062 1 1 63.3312 63.3312 665 
4.90444 -3.34227 -5 4.21806 7.33278 45.3586 3.81987 -11 61 1602 1601 1 15.8933 15.8933 154 
5 -2.17334 1.87752 -0.245082 0.192746 0.413403 3.85715 22 62 1293 1261 1 7.95002 7.95002 108 
-1.11392 -3.89233 -5 -2.17525 -0.198902 14.1091 3.82314 22 63 3734 3214 1 9.82544 9.82544 136 
5 2.11959 -2.51335 -1.23994 1.17659 5.77496 3.83429 22 64 3527 3359 1 2.56546 2.56546 12 
-1.41269 3.11138 5 -0.370977 0.16619 -0.309639 3.94949 22 65 2236 2235 1 13.003 13.003 207 
5 1.36318 -4.28111 -0.734659 -0.0568409 2.56348 3.82751 22 66 6308 6282 1 10.2143 10.2143 122 
-3.28493 3.52681 -5 -1.28224 0.533952 9.67496 3.82228 22 67 3273 2828 1 24.7969 24.7969 268 
3.46338 3.35796 -5 -4.54958 -0.160838 6.5067 3.82281 11 68 1 0 1 37.7987 37.7987 348 
5 0.90397 -2.84703 -13.2194 -3.94958 18.2323 3.84045 -11 69 3487 3486 1 8.2153 8.2153 67 
-0.306323 3.71341 -5 -0.148845 0.00503827 1.14448 3.8219 22 70 1209 1 1 11.2784 11.2784 153 
5 3.79252 4.95836 -0.293913 -0.301709 -0.289322 3.88224 22 71 10591 10590 1 0.747803 0.747803 45 
5 4.07293 3.13696 -0.12075 -0.153569 -0.300195 3.88926 22 72 3232 3184 1 48.0832 48.0832 489 
-2.93157 -3.34311 5 -0.688789 -0.187363 -0.621647 3.94207 22 73 7186 7137 1 25.0021 25.0021 197 
1.22685 3.95925 -5 -0.50093 0.218298 0.227442 3.83956 22 74 3205 3119 1 32.4545 32.4545 396 
-5 1.47914 0.862428 0.51052 0.0188102 -0.0116226 3.91892 22 75 1677 1676 1 4.73234 4.73234 91 
5 3.4248 3.4468 -0.34668 -0.170378 -0.334521 3.90416 22 76 2186 2176 1 24.7616 24.7616 303 
4.82445 5 2.98283 -0.343459 -0.0838929 0.0254258 3.88417 22 77 2566 2408 1 32.7603 32.7603 405 
4.08711 3.46732 -5 0.0552655 0.0136296 0.590392 3.83156 22 78 5663 5662 1 15.5428 15.5428 214 
-1.00332 -2.94506 -5 -0.148765 0.142132 0.109423 3.83115 22 79 1739 1651 1 133.397 133.397 913 
1.65498 -5 -2.57367 -0.0272595 0.130346 0.0830573 3.90426 22 80 4579 4084 1 0.985554 0.985554 88 
3.07766 3.96105 -5 0.0808032 0.28958 2.5044 3.82062 22 81 1310 1156 1 68.8516 68.8516 626 
-3.108 -4.54732 -5 -0.339772 0.737313 7.40266 3.82188 -11 82 1002 1001 1 36.3365 36.3365 368 
5 1.69524 2.23238 -0.12443 0.0893394 0.198575 3.84947 22 83 2193 1 1 53.6408 53.6408 660 
-3.01308 1.93556 -5 -1.86349 -9.70952 6.71861 3.83064 -11 84 1308 1307 1 3.82645 3.82645 46 
3.84208 0.485114 -5 0.541005 -1.29147 8.30087 3.82162 22 85 1692 1 1 37.23 37.23 342 
-1.3094 2.58376 -5 -0.767768 -0.547589 7.25386 3.82075 22 86 2012 1903 1 77.5554 77.5554 787 
3.11328 1.6883 -5 0.048435 -0.2155 0.145568 3.83455 22 87 2026 1958 1 69.6427 69.6427 751 
1.57313 -3.13201 5 -0.326737 0.205954 -0.334583 3.9966 22 88 3622 3598 1 4.10271 4.10271 51 
5 -1.77211 -0.472463 -0.276093 -0.159835 1.44879 3.83567 22 89 2213 1867 1 22.8225 22.8225 208 
3.51618 2.63945 5 -0.18206 -0.27185 -0.392519 3.91435 22 90 2160 2159 1 7.9622 7.9622 99 
1.3473 -5 4.25023 -0.293461 0.068319 0.0047061 3.90323 22 91 1746 1647 1 0.802471 0.802471 112 
1.01663 3.91606 -5 -6.76946 -3.05051 97.7796 3.81978 22 92 1552 1 1 40.5918 40.5918 411 
3.31407 -1.14109 -5 -4.56081 5.34021 91.4831 3.81976 11 93 1 0 1 135.605 135.605 1108 
5 0.560648 -1.6714 -0.179576 -0.0967985 0.146019 3.85151 22 94 7899 6624 1 6.074 6.074 119 
2.04904 -4.38454 5 -1.07388 0.216086 -0.429447 3.93718 22 95 6425 6358 1 0 0 13 
-1.00747 0.0494911 -5 -1.6657 1.56531 8.3458 3.8254 22 96 1540 1457 1 3.5948 3.5948 126 
5 3.10143 -2.71686 -11.9492 -5.67061 20.4231 3.82946 -11 97 1572 1571 1 67.8569 67.8569 593 
4.50122 -4.43491 -5 -5.37142 -10.0054 51.2189 3.81979 11 98 1 0 1 73.8454 73.8454 821 
2.01988 -3.47655 -5 -5.95835 1.23184 3.71297 3.82846 -11 99 1279 1278 1 12.4068 12.4068 158 
-4.82864 -5 -2.30343 -0.103394 0.125623 0.150341 3.89134 22 100 2673 2607 1 51.0186 51.0186 546 
0.997277 -3.03653 5 -0.199604 -0.284645 -0.410738 3.96731 22 101 2801 2800 1 31.2782 31.2782 374 
5 -1.33385 4.51905 -0.180191 -0.54253 0.555197 3.88158 22 102 2824 2800 1 0.670117 0.670117 8 
5 0.659491 2.40417 -0.297641 -0.276073 0.200293 4.9023 11 103 1976 1960 1 4.96361 4.96361 55 
-0.642695 5 -3.39014 -0.030025 -0.11955 -0.000471517 3.83827 22 104 1842 1777 1 102.048 102.048 936 
5 -0.807942 1.13875 -0.123908 -0.104721 0.110384 3.85943 22 105 1832 1736 1 8.08285 8.08285 153 
-1.70747 -1.70466 -5 -6.07515 5.06527 52.0898 3.82131 11 106 1 0 1 59.719 59.719 598 
5 -1.92844 -2.75484 -0.214829 0.00938975 -0.05009 3.88567 22 107 6900 4900 1 0.390912 0.390912 22 
-1.99134 1.25029 -5 -0.24027 -0.0445527 0.448782 3.85074 22 108 1206 1193 1 7.02662 7.02662 160 
0.636012 -5 -2.07099 -0.122001 0.162679 0.26243 3.84072 22 109 9433 9283 1 20.7898 20.7898 398 
5 -3.61398 1.28521 -7.72275 1.18775 32.4175 3.84734 22 110 8783 8530 1 1.1726 1.1726 67 
3.44703 -4.78115 -5 -0.0839204 0.0140884 0.2365 3.82341 22 111 1782 1735 1 47.5927 47.5927 383 
-3.50718 0.144163 -5 -0.0537244 0.0903322 0.925408 3.82215 22 112 1517 1333 1 46.081 46.081 321 
3.37733 5 2.15615 -0.594037 -0.681237 1.3181 3.8556 22 113 10188 9883 1 3.55258 3.55258 72 
2.76171 -3.68739 -5 -1.05851 -0.728298 6.34694 3.82648 22 114 1101 1 1 1.36628 1.36628 20 
5 0.983876 1.62771 -0.292595 -0.0129774 0.409337 3.85183 22 115 2229 1 1 27.0866 27.0866 339 
1.48048 1.90418 -5 0.0653092 0.00420758 3.66029 3.81935 22 116 2624 1 1 98.1333 98.1333 1044 
-4.18773 -0.833603 -5 -0.746538 0.816046 4.06432 3.8248 22 117 5764 5670 1 36.2025 36.2025 450 
-0.665589 -5 2.0339 0.123588 1.37274 -0.34481 3.85777 -11 118 1070 1069 1 12.3259 12.3259 171 
5 2.73126 -2.30303 -0.11833 0.0966118 0.52004 3.83375 22 119 2661 2319 1 20.8022 20.8022 267 
-2.64306 -5 -4.1207 -0.597543 0.661857 0.637968 3.88807 22 120 1615 1567 1 3.33726 3.33726 56 
4.1645 -5 2.78028 0.441806 -0.960894 2.62491 3.84712 -11 121 2681 2680 1 15.3284 15.3284 238 
-0.982296 -3.52211 -5 -3.05637 -0.315904 4.93879 3.83393 22 122 1634 1555 1 4.56109 4.56109 58 
0.354045 -5 0.486397 -7.47909 2.64079 10.5757 3.86254 -11 123 1433 1432 1 4.26239 4.26239 122 
2.48285 -3.30918 -5 0.617614 0.249787 7.8406 3.82035 22 124 1254 1 1 145.295 145.295 1253 
5 4.26187 2.95673 -1.70614 0.160388 15.6465 3.84665 22 125 1396 1 1 45.2776 45.2776 429 
3.47793 2.17383 -5 -2.63892 0.0402633 7.55179 3.82748 22 126 1217 1 1 4.83309 4.83309 77 
5 4.62024 -0.913202 -2.25251 4.21553 2.26118 3.83948 11 127 3226 3129 1 25.5363 25.5363 320 
-2.93587 0.918888 -5 0.226094 0.174854 3.73466 3.82026 22 128 1343 1 1 160.755 160.755 1361 
5 1.84747 4.4064 -0.250292 -0.157595 0.416699 3.87058 22 129 1799 1769 1 12.8829 12.8829 80 
-0.449197 -3.55007 -5 -0.0620349 -0.107886 0.495613 3.83319 22 130 4539 4538 1 39.9708 39.9708 412 
5 -0.141989 2.97739 -2.11256 0.571476 1.90655 3.85103 22 131 5630 5544 1 17.36 17.36 256 
4.85549 -5 -4.32356 0.0050763 0.0206556 0.541625 3.82174 22 132 3354 3010 1 97.0331 97.0331 926 
5 1.47518 4.81965 -0.0661723 -0.0450758 0.347451 3.85416 22 133 2716 2415 1 9.43089 9.43089 204 
5 -3.09612 -4.33058 -0.145248 -0.102715 0.0144248 3.84415 22 134 2849 2550 1 17.5368 17.5368 204 
4.73905 4.77597 -5 -0.173492 0.0355656 0.786939 3.82204 22 135 2557 2296 1 7.1807 7.1807 136 
4.57542 -0.0251245 -5 -0.148433 -0.0785103 0.183302 3.8266 22 136 2224 2190 1 51.374 51.374 450 
5 -4.92251 0.558869 -0.200292 -0.303008 -0.359429 4.02505 22 137 1818 1789 1 2.24017 2.24017 77 
5 1.05969 -0.409305 -0.425792 0.208073 0.484941 3.84433 22 138 2926 2422 1 33.7905 33.7905 326 
2.06566 5 1.52397 0.0380066 -0.192098 -0.157586 3.89451 22 139 3792 3487 1 8.48194 8.48194 161 
-2.74947 1.31675 -5 -0.284131 0.153804 1.56082 3.82234 22 140 1720 1 1 70.9205 70.9205 580 
3.2367 2.79745 -5 -1.43643 9.90346 27.7576 3.82063 11 141 2039 1921 1 50.1422 50.1422 474 
-3.94884 -4.89119 -5 -0.725311 -0.472063 3.12974 3.82394 22 142 1412 1 1 43.0932 43.0932 484 
-4.42181 -4.76985 -5 -1.19997 -0.223967 4.29761 3.82341 22 143 4082 3866 1 128.676 128.676 1046 
5 -4.51274 -0.30703 -0.403234 -0.0522477 0.151243 3.89932 22 144 5039 5038 1 0 0 7 
-1.82869 5 3.41209 -0.107501 -0.497193 0.0486086 3.87807 22 145 2199 2198 1 1.55484 1.55484 67 
0.998171 1.88203 -5 -0.0426242 0.0098274 0.383286 3.8206 22 146 3778 3644 1 54.5148 54.5148 544 
-2.75527 -4.71351 -5 -1.04243 0.690651 2.87534 3.82626 22 147 2702 2589 1 80.5169 80.5169 640 
-0.0829419 5 -3.96781 0.00412141 -0.0964032 0.501806 3.8558 22 148 3536 3505 1 2.53459 2.53459 37 
1.1973 -2.04701 -5 -12.671 3.45385 28.7095 3.82472 11 149 1 0 1 66.9871 66.9871 567 
4.57444 1.51764 -5 -0.334169 0.210565 0.295912 3.82918 22 150 2642 1661 1 20.6196 20.6196 219 
-4.81992 -1.67626 -5 -0.367038 -0.0649531 0.267743 3.87584 22 151 5409 5408 1 0.994725 0.994725 13 
2.6331 0.80885 -5 -0.257876 0.0678193 3.23811 3.82122 22 152 1140 1 1 12.946 12.946 198 
0.54019 -4.11321 -5 -1.04418 -2.33823 36.4667 3.82119 -11 153 2489 2488 1 11.4086 11.4086 111 
3.79374 2.25018 -5 -0.0103976 -0.110498 0.785432 3.82144 22 154 1467 1 1 17.1354 17.1354 143 
2.37817 -2.15743 -5 -0.301813 -0.083522 4.76421 3.82018 22 155 1787 1 1 15.0118 15.0118 194 
-0.835049 -4.35324 5 -0.257855 0.420295 -0.134101 3.91142 22 156 3701 3675 1 3.03388 3.03388 88 
4.60971 1.061 -5 -0.387451 -0.0254734 1.12313 3.82605 22 157 1452 1 1 0.402275 0.402275 32 
1.97833 -4.09579 -5 0.0248491 -0.0594665 0.180324 3.88128 22 158 11711 11536 1 0.490763 0.490763 28 
-4.42461 -5 2.38563 -0.251243 0.222339 -0.854604 4.18161 22 159 5299 5296 1 54.5094 54.5094 554 
5 1.32374 2.91273 -0.510465 0.02308 0.0035928 3.916 22 160 1899 1879 1 21.2823 21.2823 278 
5 1.28019 0.0905478 -0.488445 -0.14801 -0.0251872 3.85476 22 161 4003 4000 1 15.5728 15.5728 137 
4.07191 2.39142 -5 0.0311812 0.402845 0.54507 3.83017 22 162 2204 2045 1 5.45155 5.45155 66 
2.16324 -3.48437 -5 -5.19458 -6.72596 160.525 3.81986 11 163 1 0 1 36.531 36.531 496 
0.508764 2.08618 -5 -11.012 -6.27657 587.897 3.81932 11 164 1 0 1 159.255 159.255 1169 
2.64389 -0.831145 -5 -0.210908 0.149724 0.370893 3.83076 22 165 11416 10823 1 4.15779 4.15779 94 
4.61741 -5 -0.0565226 -0.400276 0.317375 -0.0131126 3.89435 22 166 7691 7690 1 0 0 6 
5 -0.696428 3.2678 -0.223396 0.317211 2.50715 3.85148 22 167 2391 1960 1 2.00729 2.00729 57 
-2.69339 4.79284 -5 -0.19128 -0.0441021 1.124 3.82341 22 168 3428 2922 1 4.41976 4.41976 63 
-0.17192 -5 1.49253 -0.456283 0.231481 0.267137 3.87098 22 169 2104 1817 1 12.0728 12.0728 186 
2.56231 -5 4.84539 0.115288 0.0221415 0.0602351 3.92344 22 170 2416 2415 1 36.8259 36.8259 280 
-1.52925 -5 -1.08119 -0.540052 0.745132 -0.495008 3.92241 22 171 1496 1465 1 5.89136 5.89136 144 
4.5555 2.91983 -5 5.37954 7.92711 -0.82297 3.82176 -11 172 3372 3371 1 67.2592 67.2592 888 
3.6988 3.06963 -5 -0.0723697 0.257207 0.170335 3.82177 22 173 2468 2434 1 21.7442 21.7442 271 
5 -1.85549 -3.21744 -16.1725 -7.75869 2.09354 3.85239 11 174 9730 9589 1 4.13393 4.13393 51 
-3.73621 -2.74205 -5 1.79689 -1.85934 1.75594 3.82485 -11 175 1940 1939 1 124.817 124.817 1101 
1.50022 -2.28163 -5 -0.474577 0.551008 0.297934 3.86313 22 176 1112 1053 1 7.64915 7.64915 137 
3.70673 4.07981 -5 -0.0306655 0.257419 0.797092 3.82496 22 177 5379 5305 1 31.5742 31.5742 353 
5 2.09485 -1.05134 -0.391616 -0.0651011 -0.0954529 3.875 22 178 12764 12628 1 1.13383 1.13383 32 
4.61508 -1.90874 -5 -0.628116 10.2439 29.6246 3.82122 11 179 1 0 1 46.537 46.537 419 
2.38586 4.98199 -5 -1.03781 0.445522 1.3138 3.83546 22 180 8000 7978 1 9.48283 9.48283 137 
5 4.97512 4.58037 -3.57093 -0.73687 0.824245 3.88963 -11 181 16728 16727 1 0.402134 0.402134 31 
0.387553 2.31558 -5 -0.656884 0.392296 1.77374 3.83239 22 182 8052 8051 1 2.87433 2.87433 97 
2.60019 -4.506 -5 -8.52568 5.28496 22.7741 3.82302 -11 183 1184 1183 1 31.5589 31.5589 432 
-3.65811 -5 -4.06379 -0.835479 1.52788 15.4477 3.82683 11 184 1638 1526 1 37.0168 37.0168 403 
-1.97748 -3.51161 5 -0.423156 0.118462 -0.260818 3.96991 22 185 1677 1676 1 16.8671 16.8671 335 
2.77739 2.51888 -5 -0.30637 0.00613016 0.174506 3.83457 22 186 16011 16010 1 0.352566 0.352566 8 
-2.87483 3.89645 -5 0.0159368 -0.0420689 0.209113 3.8572 22 187 12325 12296 1 0.437178 0.437178 52 
3.17829 0.806304 -5 -0.00526348 0.197658 0.386696 3.87857 22 188 1212 1192 1 22.6811 22.6811 311 
5 -0.0576763 -0.130271 -0.10783 0.10764 -0.487756 4.20317 22 189 1568 1566 1 2.61095 2.61095 21 
5 3.75981 -3.84459 -0.561658 0.458986 0.643112 3.83696 22 190 5691 5014 1 7.98423 7.98423 159 
5 -4.02005 3.90034 -0.774045 0.00649549 3.44147 3.85823 22 191 4779 4619 1 6.13007 6.13007 124 
5 -1.59387 1.93215 -9.44291 -7.04858 21.689 3.84388 11 192 2964 2581 1 50.3366 50.3366 336 
3.57563 -1.46767 -5 -0.37104 -0.132848 2.20832 3.82188 22 193 1145 1 1 39.739 39.739 507 
4.81821 -1.554 -5 -0.141176 0.0225941 0.255412 3.82709 22 194 2552 2212 1 21.5912 21.5912 242 
3.86806 -2.12734 -5 -1.26479 0.789411 19.7082 3.82016 22 195 3319 3008 1 7.54073 7.54073 84 
-0.432159 0.581844 -5 -0.721411 -0.319198 1.82984 3.83419 22 196 6526 6460 1 8.44669 8.44669 141 
-2.041 2.36053 -5 -5.9978 -16.471 28.6953 3.83663 11 197 10935 10052 1 10.4429 10.4429 135 
5 -2.97904 0.340637 -0.256301 0.02291 -0.0506736 3.96706 22 198 2002 2001 1 7.98887 7.98887 110 
-3.41057 -1.89859 5 -0.222345 0.0895496 -0.451291 3.97779 22 199 6985 6984 1 1.79118 1.79118 120 
-3.7348 -0.848554 -5 -0.396937 0.140641 0.452433 3.84163 22 200 4855 4827 1 0 0 18 
0.586501 5 -4.05445 -0.24843 -0.12001 0.697567 3.83847 22 201 2676 2599 1 2.65804 2.65804 85 
5 -3.07073 4.37618 -0.86487 -1.20617 -1.74109 3.89178 -11 202 2719 2718 1 21.248 21.248 263 
-4.91373 1.69289 5 -0.18345 -0.236988 -0.0555376 3.87142 22 203 1288 1245 1 179.438 179.438 1520 
-5 -3.80163 4.06619 0.213442 0.302836 0.102711 3.94725 22 204 3854 3544 1 0.627056 0.627056 51 
-3.23467 -4.3882 -5 -0.451375 0.0270883 1.17697 3.83075 22 205 1022 1 1 3.62787 3.62787 75 
5 4.3582 0.416211 -0.411043 0.206213 0.2228 3.88326 22 206 6534 6533 1 5.2456 5.2456 126 
-5 3.94495 -2.1565 2.87907 0.908997 2.9525 3.83272 11 207 1063 1062 1 201.072 201.072 1466 
5 -0.899233 4.54673 -0.687983 -1.06489 0.438822 3.91323 11 208 1490 1426 1 2.36133 2.36133 30 
2.44796 1.5363 -5 1.22464 -0.821508 15.0885 3.8206 11 209 1 0 1 137.081 137.081 1288 
5 1.28845 -4.19447 -1.67935 0.29221 1.01802 3.83653 22 210 2876 2791 1 0.270284 0.270284 36 
5 -2.80615 -0.732176 -0.975726 -0.780963 0.556817 3.87323 22 211 1309 1241 1 4.37331 4.37331 82 
5 -3.69901 -4.31244 -0.279226 -0.194118 2.9256 3.82272 22 212 1512 1 1 36.7612 36.7612 603 
-0.181113 -5 -0.299355 -0.199028 0.278651 -0.062627 3.966 22 213 10015 9963 1 21.8397 21.8397 343 
5 2.47518 2.13746 -0.199798 -0.462804 -0.0837445 3.87789 22 214 1291 1290 1 16.0766 16.0766 253 
1.79758 -1.64285 -5 -0.182674 -0.0542109 0.795625 3.82487 22 215 1169 1 1 4.06969 4.06969 67 
4.08823 -0.0929678 -5 -0.202272 -6.9644 45.8797 3.81936 11 216 1 0 1 140.198 140.198 1268 
-2.77591 -0.640723 -5 -0.821101 0.082895 2.55105 3.82967 22 217 2385 2088 1 0.0668162 0.0668162 10 
-3.65614 0.370441 -5 -1.06274 0.318113 6.55309 3.82355 22 218 1533 1 1 20.0579 20.0579 338 
-4.04367 -1.9698 -5 -5.64978 1.77442 17.4992 3.82517 22 219 2926 2795 1 27.8413 27.8413 369 
2.28561 -5 1.67775 -0.0824604 0.180445 0.0776949 3.85018 22 220 3068 2663 1 13.634 13.634 213 
5 0.232136 -0.287598 -2.74467 0.799808 0.0249235 3.84089 -11 221 2198 2197 1 3.39574 3.39574 43 
-1.26488 1.86238 5 -0.0642749 -0.143834 -0.218665 3.97104 22 222 2864 2733 1 12.1457 12.1457 93 
5 4.78693 3.59083 -0.262426 -0.0512362 -0.190423 3.87215 22 223 1972 1 1 4.27318 4.27318 33 
4.14145 1.33373 -5 1.1649 0.0544258 30.5533 3.82041 11 224 1 0 1 52.2931 52.2931 532 
3.905 -2.11576 -5 0.0143006 0.0357619 0.0939045 3.84789 22 225 6190 6171 1 2.56535 2.56535 20 
4.0091 1.67425 -5 -0.0854012 -0.273549 1.00957 3.82509 22 226 1950 1574 1 9.00116 9.00116 128 
4.32536 -5 -4.43115 -0.191078 0.337588 -0.873051 3.96618 22 227 7919 7918 1 0.190484 0.190484 35 
4.64839 4.70562 -5 -0.0332941 0.0191001 1.04932 3.81976 22 228 1746 1 1 45.5197 45.5197 437 
-4.94479 -4.76295 -5 -1.52836 -0.0392824 8.31692 3.82427 22 229 4068 3376 1 17.768 17.768 236 
1.79377 -3.82613 -5 9.69201 8.10721 62.6685 3.81952 -11 230 1367 1366 1 41.5299 41.5299 353 
-3.22129 2.10762 -5 -0.972674 1.18408 1.38219 3.84607 22 231 3938 3781 1 22.299 22.299 218 
-4.40712 -3.50656 -5 -0.510406 0.146784 1.43101 3.82208 22 232 2784 2300 1 55.4227 55.4227 349 
5 -1.32924 -4.40569 -0.160223 -0.130228 -0.027228 3.88965 22 233 2495 2494 1 20.2314 20.2314 382 
5 2.11082 2.43023 -0.371153 -0.000682406 -0.16723 3.96681 22 234 9801 9769 1 0.912089 0.912089 60 
-4.27694 -5 -0.0787576 -0.128257 0.184524 -0.153121 3.90947 22 235 1332 1 1 22.2678 22.2678 305 
5 -2.97671 4.15578 -0.254179 0.352299 -0.269069 3.88601 22 236 1067 1066 1 17.7242 17.7242 128 
5 -1.76258 2.89833 -0.486473 0.0135278 1.49737 3.84751 22 237 2031 2029 1 78.3794 78.3794 859 
-2.36933 1.02628 -5 -0.258172 0.186934 1.58316 3.82466 22 238 4016 3757 1 1.4827 1.4827 25 
5 4.66285 0.658953 -0.513916 -0.0757548 0.0161888 3.8646 22 239 7025 6800 1 2.21224 2.21224 41 
5 2.55155 4.57596 -25.1112 -9.64136 138.231 3.8517 11 240 1 0 1 6.13309 6.13309 156 
5 2.91308 0.876158 -2.63163 5.41159 5.32283 3.85098 22 241 2118 2117 1 21.3523 21.3523 141 
5 -0.450541 -4.44018 -0.500681 -0.525193 0.303182 3.84748 22 242 1593 1592 1 33.6329 33.6329 323 
3.55218 3.84002 -5 -24.7678 3.9825 46.4464 3.82111 11 243 1 0 1 40.0188 40.0188 307 
4.30965 2.50517 -5 0.288472 0.280958 0.425181 3.86204 22 244 1529 1262 1 17.079 17.079 78 
-4.25096 -5 -2.60204 0.238143 0.24521 0.57938 3.83957 22 245 1115 1 1 148.062 148.062 1133 
5 -2.53371 -1.16448 -0.416928 -0.234254 0.180045 3.90491 22 246 2287 2268 1 6.31918 6.31918 91 
-1.03078 4.9907 5 -0.0842159 0.00608771 -0.393815 4.20859 22 247 1484 1468 1 127.643 127.643 1216 
2.96867 4.29071 -5 -0.0661455 1.85832 5.06707 3.82487 22 248 1327 1 1 50.8354 50.8354 715 
5 -4.19962 2.40604 -0.178428 -0.202186 -0.365612 3.93267 22 249 3738 3737 1 9.87096 9.87096 125 
4.47287 1.43883 -5 -0.27033 0.397665 0.172927 3.85147 22 250 2583 2560 1 0.713334 0.713334 55 
4.75592 0.727716 -5 -0.10826 0.124104 0.414076 3.84755 22 251 1307 1306 1 14.6994 14.6994 404 
4.78332 2.25028 -5 -0.0280278 0.0828373 0.284094 3.82302 22 252 2019 1586 1 35.2457 35.2457 283 
5 0.448491 -3.92802 -0.646205 -0.12925 0.437553 3.84371 22 253 1889 1 1 9.62255 9.62255 120 
5 -1.39508 -1.38555 -0.0174945 2.99819 -2.76161 3.87712 11 254 16093 16072 1 14.0459 14.0459 110 
4.18937 5 -0.610811 -0.269751 -0.0576728 0.0277989 4.02405 22 255 1246 1218 1 8.09866 8.09866 128 
5 0.301439 -3.11598 -1.75673 0.0148455 0.745168 3.86083 11 256 1639 1637 1 138.011 138.011 1457 
1.23732 -5 3.89798 -0.322771 0.395984 -0.0116244 3.98332 22 257 1510 1502 1 0.605359 0.605359 40 
3.46552 1.93654 -5 -0.179604 0.0536099 0.475382 3.84815 22 258 1233 1232 1 58.993 58.993 538 
2.86208 -2.58934 5 0.0586658 -0.143243 -0.239913 4.00175 22 259 5927 5876 1 25.9311 25.9311 266 
5 -0.643433 0.576305 -0.284519 0.00471189 -0.129392 3.89002 22 260 4570 4426 1 3.1778 3.1778 12 
5 3.54433 4.19747 -1.11009 -0.359039 25.5647 3.85029 22 261 2338 1 1 33.0013 33.0013 399 
0.533992 1.67815 5 -0.313018 0.122523 -0.384874 3.97354 22 262 4669 4667 1 10.9295 10.9295 84 
1.71458 5 4.98535 0.0153921 -0.294284 0.00464404 3.94705 22 263 3036 3035 1 2.79701 2.79701 34 
4.66976 -1.74838 -5 -0.502662 -0.305485 1.45974 3.82981 22 264 2136 2058 1 0.636461 0.636461 9 
-1.07177 -1.08028 -5 -13.6124 2.58577 16.0253 3.83681 -11 265 10036 10035 1 3.79224 3.79224 29 
5 0.605737 -2.25641 -0.118599 -0.0287911 -0.130821 3.86094 22 266 1588 1 1 18.4233 18.4233 352 
5 -1.98055 -2.53966 -0.48669 0.109363 -0.11087 3.8512 22 267 3317 3315 1 17.3409 17.3409 166 
1.93936 4.13722 -5 -0.712342 -0.46346 3.05278 3.82524 22 268 3443 3377 1 30.0104 30.0104 342 
5 -4.10292 1.66387 -0.208509 -0.139427 0.0978881 3.86398 22 269 2425 1813 1 5.7461 5.7461 86 
-0.952766 2.9208 -5 -1.2162 0.507246 89.652 3.81934 22 270 1335 1 1 157.967 157.967 1203 
2.4756 4.77691 -5 0.0450972 0.354765 0.650301 3.83362 22 271 4888 4483 1 9.15278 9.15278 185 
-0.280156 -3.00388 5 -0.0639137 -0.484653 -0.148818 3.92545 22 272 2514 2513 1 6.77146 6.77146 149 
3.2086 4.58232 -5 4.28387 8.62202 26.3917 3.82158 -11 273 1539 1538 1 57.6276 57.6276 700 
3.54902 -3.35727 -5 -0.173944 0.0813295 1.49965 3.82101 22 274 2523 2262 1 34.3984 34.3984 329 
5 1.96812 -1.15389 -0.247287 0.0787927 -0.386016 3.92436 22 275 5299 5298 1 2.43246 2.43246 93 
5 -0.362154 1.28233 -0.504097 0.0253891 0.0677752 3.86557 22 276 5288 4201 1 0.500785 0.500785 54 
3.42828 0.160614 -5 -2.89297 -0.342468 2.81111 3.83911 22 277 5677 5625 1 2.59838 2.59838 76 
-2.43149 -5 -3.73447 -0.108811 0.37597 0.057847 3.9132 22 278 2676 2675 1 23.9575 23.9575 291 
1.75602 -5 4.9105 0.00491319 0.366433 -0.105749 3.86982 22 279 1028 1 1 21.8345 21.8345 121 
5 -2.4883 -3.43262 -0.24998 0.0935062 0.108217 3.84261 22 280 3405 3317 1 57.9275 57.9275 810 
2.93016 1.33989 -5 0.00438622 0.0339171 0.136388 3.8224 22 281 1048 1 1 117.965 117.965 908 
3.9119 1.88546 5 -0.250084 0.31877 -0.31139 3.88912 22 282 3403 3396 1 22.0601 22.0601 203 
5 0.291629 3.99741 0.0807694 -0.630682 -0.0151232 3.85159 11 283 3178 2965 1 23.9804 23.9804 238 
0.992605 0.0911516 5 -0.0253394 0.298468 -0.395569 3.97672 22 284 4747 4743 1 9.32495 9.32495 66 
-3.97613 -5 -2.10851 -0.116049 0.460219 0.189344 3.87098 22 285 1165 1161 1 18.8988 18.8988 202 
-2.81501 -0.659146 -5 0.375793 0.226421 2.13298 3.81987 22 286 1880 1 1 116.302 116.302 812 
5 -3.04607 2.96242 -2.0027 2.27356 6.23769 3.84693 -11 287 2295 2294 1 15.9345 15.9345 175 
4.33365 -5 4.63794 0.138252 0.20642 0.182321 3.9019 22 288 2337 2336 1 4.81286 4.81286 75 
5 -1.92759 0.483161 -0.271329 0.429664 -0.0537559 3.86171 22 289 3134 3133 1 21.9532 21.9532 218 
-0.141456 -1.55017 -5 -2.00842 1.81325 11.7572 3.82173 22 290 1335 1061 1 72.9675 72.9675 672 
0.217212 -5 2.70735 -0.445972 0.236801 0.0784449 3.85559 22 291 1687 1654 1 29.4738 29.4738 244 
5 0.703095 4.95072 -0.251873 -0.0353478 -0.13969 3.87107 22 292 1503 1369 1 3.98731 3.98731 125 
-5 -1.71651 -4.79811 1.38559 -0.967542 0.391732 3.85366 22 293 4502 4474 1 20.9318 20.9318 249 
2.66106 5 2.29623 0.839621 -0.0910888 0.0500504 3.92358 22 294 2736 2735 1 54.2982 54.2982 507 
2.03955 2.73114 -5 0.0527392 -0.0908034 0.347221 3.92409 22 295 3717 3716 1 11.1415 11.1415 71 
-5 -2.24503 -3.4714 0.246813 -0.107836 -0.111902 4.09389 22 296 1535 1451 1 36.027 36.027 420 
5 0.661317 -1.7292 -0.393548 0.10177 -0.0738182 3.85746 22 297 2631 2630 1 14.7221 14.7221 226 
4.96573 3.73101 -5 -0.554977 -0.0403611 4.90461 3.82082 22 298 1491 1 1 13.6918 13.6918 169 
5 -4.97126 1.94332 -0.127566 -0.00443296 -0.114707 3.95783 22 299 3328 3327 1 18.4783 18.4783 233 
5 3.86509 3.59102 -0.319278 0.025955 0.757107 3.86101 11 300 5132 5106 1 8.08726 8.08726 102 
-2.39253 5 -0.464917 -0.390471 -0.208774 0.0552362 3.93345 22 301 2078 2046 1 3.25048 3.25048 144 
4.2362 -4.65203 -5 -4.22202 0.294977 40.1199 3.82057 22 302 1987 1805 1 17.3606 17.3606 225 
-1.9758 4.87933 -5 -0.303001 -0.339517 0.891716 3.82767 22 303 1502 1 1 13.949 13.949 155 
-4.07032 -0.338327 -5 -0.0432767 0.241706 0.366868 3.86816 22 304 2172 2079 1 5.39445 5.39445 180 
-0.343906 -2.51476 5 -0.174614 -0.118736 -0.263823 4.09404 22 305 2582 2559 1 0.654566 0.654566 23 
1.41846 -2.07443 -5 -1.28054 -1.04401 2.20934 3.83562 22 306 9081 8988 1 14.3264 14.3264 160 
1.32315 3.51096 -5 -0.449401 0.0252831 1.89362 3.82514 22 307 2196 1997 1 26.0504 26.0504 157 
-2.86885 3.19654 -5 4.97836 1.61428 3.74882 3.82941 11 308 1 0 1 19.7385 19.7385 250 
5 1.80088 2.92273 -0.139644 1.03407 -0.292443 3.85427 11 309 1256 1 1 18.505 18.505 208 
5 -3.84804 -1.92103 -0.146867 -0.0127749 0.280604 3.84043 22 310 2560 2419 1 10.4583 10.4583 93 
2.75167 -2.49585 -5 -0.338387 0.255393 1.34108 3.82545 22 311 1496 1 1 6.45391 6.45391 87 
2.9108 0.302029 -5 -0.40653 -0.0485572 1.52003 3.82674 22 312 1015 1 1 3.91729 3.91729 72 
-2.94482 3.03316 -5 -0.147567 -0.322948 11.0968 3.81944 22 313 1634 1451 1 38.1 38.1 265 
1.73948 -1.16312 -5 -0.388675 0.514021 1.30891 3.83261 22 314 4499 4353 1 0.949079 0.949079 18 
5 3.3431 4.64227 -0.188302 -0.0190291 1.64093 3.85338 22 315 1391 1302 1 3.21002 3.21002 56 
5 -1.64745 4.47999 -0.368472 -0.305233 -0.0983918 3.9448 22 316 6738 6706 1 1.7855 1.7855 8 
5 -2.83575 -4.60521 -1.78147 -1.56719 -2.31388 3.90702 22 317 2450 2449 1 17.3651 17.3651 129 
5 -4.77661 -0.160174 -0.424941 0.355932 0.28371 3.84257 22 318 9493 9402 1 1.29324 1.29324 87 
4.42757 -4.09231 5 0.208384 -0.0280835 -0.465733 3.9238 22 319 4850 4832 1 0.3854 0.3854 28 
5 3.50433 3.83977 -0.30734 0.0866601 -0.0534084 4.97182 22 320 2901 2879 1 8.37525 8.37525 155 
3.43035 0.06482 -5 -0.15378 -0.12191 0.471815 3.83094 22 321 3582 3560 1 1.61493 1.61493 55 
4.12977 5 -4.36405 -0.130307 -0.494085 -0.0044071 3.91197 22 322 1806 1799 1 1.19354 1.19354 67 
5 1.13614 -0.909947 -0.153209 0.0558153 0.106091 3.86211 22 323 2413 2412 1 50.1983 50.1983 478 
4.61449 -2.74711 -5 0.0699381 0.0561844 3.52086 3.81939 22 324 1784 1370 1 60.6103 60.6103 525 
-0.256402 4.68273 5 -0.00515906 0.0755663 -0.185099 3.99145 22 325 1090 1 1 47.0682 47.0682 462 
-4.24587 4.47236 -5 -0.202841 0.0543904 0.231045 3.85672 22 326 6211 6208 1 0.0921623 0.0921623 5 
2.93418 1.8992 -5 -0.340321 0.0662399 1.4159 3.82272 22 327 1284 1186 1 50.7132 50.7132 444 
-1.05614 -0.15622 5 -0.0412356 0.175017 -0.201961 4.09423 22 328 1261 1235 1 0.921259 0.921259 42 
3.65968 4.75423 -5 -0.343786 0.115299 0.360052 3.84609 22 329 3072 3071 1 0.42377 0.42377 64 
2.7923 4.8593 5 -0.146172 -0.162699 -0.272248 3.89858 22 330 1674 1627 1 22.0851 22.0851 269 
5 1.32023 -4.88143 -1.65765 -1.09455 10.039 3.82426 22 331 3099 2747 1 4.3558 4.3558 89 
-5 -3.97085 -4.58097 0.165368 -0.326322 0.62587 3.88352 22 332 2943 2942 1 9.50369 9.50369 154 
4.76376 -4.36617 5 0.118383 -0.148484 -0.351501 3.9179 22 333 2913 2912 1 98.3954 98.3954 913 
3.42256 0.986568 -5 -14.5498 -2.50565 38.1534 3.8198 11 334 1504 1189 1 99.8405 99.8405 1055 
5 -0.371759 1.99152 -0.481512 -0.231548 0.541698 3.86759 22 335 3628 3540 1 11.8174 11.8174 85 
-0.703541 5 1.92103 -0.264278 -0.32513 -0.271802 3.94383 22 336 5209 5208 1 0.27098 0.27098 20 
5 -0.602746 -4.59738 -1.47493 0.70985 4.19443 3.82679 22 337 1234 1 1 5.938 5.938 172 
1.42584 -4.74985 -5 -0.160307 -0.230379 2.53961 3.8217 22 338 1090 1 1 23.1248 23.1248 235 
5 1.10839 1.21633 -0.183778 -0.0388285 0.151251 3.87232 22 339 3198 3170 1 10.4883 10.4883 123 
-4.88431 -3.27066 -5 -0.553992 0.0400323 2.27521 3.8238 22 340 1551 1395 1 57.7842 57.7842 451 
3.04453 -0.0810118 -5 -1.27549 0.787262 10.1215 3.82094 22 341 1593 1494 1 18.4024 18.4024 208 
1.33223 3.7366 -5 -0.148575 0.135085 20.575 3.81933 22 342 3577 1 1 98.4661 98.4661 970 
5 0.509481 -3.32139 -11.429 15.1987 -10.2743 26.0174 2112 343 8162 8135 1 0.973043 0.973043 65 
1.9834 -4.37479 -5 -2.26503 0.0810995 0.881089 3.85817 22 344 9943 9942 1 3.7749 3.7749 88 
5 -3.02074 -1.20553 -3.14312 0.258513 9.10818 3.83943 22 345 2101 1941 1 12.8816 12.8816 198 
1.48498 -5 -2.57736 -11.5424 9.37009 61.2315 3.82816 11 346 2310 1952 1 115.829 115.829 924 
3.69555 1.13198 -5 -0.0752227 0.111144 1.79154 3.81974 22 347 1408 1 1 43.8655 43.8655 629 
5 1.00844 4.48584 -0.129717 -0.0261635 0.442683 3.85484 22 348 8241 8119 1 9.13696 9.13696 126 
1.85351 1.5502 -5 -1.4795 -1.55701 7.06611 3.8235 22 349 1907 1704 1 35.1378 35.1378 299 
-4.96576 -2.8792 -5 -0.529957 -0.0473649 1.77412 3.82429 22 350 1439 1359 1 48.0393 48.0393 489 
2.42807 5 3.57153 -0.225206 -0.457275 0.0360757 3.88882 22 351 1305 1304 1 28.6335 28.6335 223 
-4.43932 -0.0691679 5 -4.76994 3.07246 -10.1775 3.99574 22 352 1934 1904 1 7.56298 7.56298 189 
5 4.65921 4.18033 -0.433784 -0.166873 -0.21238 3.88978 22 353 6414 6412 1 24.0388 24.0388 244 
4.97792 0.12827 -5 -0.0810108 0.0569255 0.852994 3.8219 22 354 1617 1 1 1.94752 1.94752 35 
3.57517 2.34705 -5 -0.0434192 0.0768542 0.147194 3.83499 22 355 3699 3698 1 3.52592 3.52592 161 
-3.92997 1.39492 -5 -1.36044 -0.00937632 1.90147 3.83639 22 356 1488 1487 1 0 0 2 
3.63244 -5 1.70471 -0.26084 0.287271 -0.332503 3.97422 22 357 4539 4536 1 7.11838 7.11838 103 
5 -2.81652 -0.154035 -0.086586 0.0321849 0.176997 3.87939 22 358 5461 5447 1 34.7252 34.7252 353 
5 -4.66311 -3.23691 -0.470231 0.0976731 0.638607 3.83766 22 359 2294 2237 1 76.1832 76.1832 653 
5 1.76442 3.63338 -0.138117 0.398407 0.330171 3.85945 22 360 3487 3486 1 32.3847 32.3847 355 
3.48834 3.15979 5 0.0980752 -0.0511591 -0.143396 3.90543 22 361 3844 3803 1 33.2577 33.2577 234 
5 3.55 0.595074 -0.274498 0.135539 0.0222517 3.88544 22 362 2593 2398 1 53.127 53.127 423 
5 -3.65602 -2.96922 -0.375128 -0.211718 0.274908 3.85794 22 363 2394 2373 1 14.6508 14.6508 230 
4.9373 5 -0.998986 -0.68281 -0.315031 1.0412 3.83747 22 364 2813 2744 1 11.1904 11.1904 166 
4.34732 -3.2124 -5 -19.6803 -23.8965 118.504 3.82112 11 365 1 0 1 22.115 22.115 168 
-2.34961 4.63334 5 -0.474833 0.106525 -0.0742562 3.92218 22 366 6028 5934 1 4.22686 4.22686 45 
-3.31895 5 -1.53796 -0.345903 -0.274545 0.257092 3.91457 22 367 2180 2179 1 9.73981 9.73981 60 
1.35522 1.62941 -5 -0.427401 -5.83692 5.62734 3.82606 -11 368 3372 3371 1 25.0677 25.0677 271 
5 -1.88547 4.35317 -3.61248 1.6725 -3.56096 3.85749 11 369 1 0 1 11.0578 11.0578 71 
5 2.01765 0.491681 -0.769385 0.210815 0.438709 3.88184 22 370 1716 1408 1 4.20311 4.20311 110 
2.86156 -0.672131 -5 -0.318057 0.0924651 1.10908 3.82195 22 371 1407 1 1 43.6199 43.6199 530 
0.978526 -2.68731 -5 -3.65578 -1.14342 19.7367 3.82099 22 372 1768 1 1 81.8459 81.8459 817 
0.26421 -4.08803 -5 9.18311 -5.69711 1113.89 3.81933 22 373 1394 1201 1 129.435 129.435 957 
-1.87673 0.68611 5 -0.283723 -0.0622803 -0.420407 4.21247 22 374 1150 1092 1 1.19082 1.19082 67 
0.841798 -2.27872 -5 -0.445286 -0.0227561 0.375078 3.83819 22 375 1801 1388 1 13.5337 13.5337 191 
0.6386 -2.31312 -5 -1.18998 -0.520123 25.3332 3.8196 22 376 2640 1413 1 96.0493 96.0493 741 
1.99749 -5 4.27327 10.9082 5.03193 1.03185 3.86838 11 377 1 0 1 8.85466 8.85466 125 
3.01459 -2.2067 -5 -0.0815349 0.0661465 0.80552 3.82284 22 378 1056 1 1 24.8012 24.8012 265 
-2.53048 1.73088 -5 -2.65354 -1.37022 21.5496 3.82176 22 379 2174 1 1 37.0517 37.0517 442 
5 -4.51806 2.21188 -1.28347 0.572251 3.28968 3.85516 22 380 3930 1 1 0.256124 0.256124 11 
4.37615 5 -0.0335213 0.138334 -0.360107 -0.335122 3.85939 22 381 2282 2280 1 35.3036 35.3036 437 
3.9439 -2.03614 5 -0.109802 -0.184034 -0.463891 3.94945 22 382 2695 2659 1 46.544 46.544 430 
-3.6235 1.68054 -5 -1.56292 -0.399045 2.16644 3.83718 22 383 3435 3364 1 24.207 24.207 252 
0.420832 4.79687 -5 -0.038272 0.0476482 0.517239 3.8212 22 384 1395 1 1 54.1452 54.1452 454 
-3.46239 0.945594 -5 -12.9665 20.576 55.8979 3.82857 11 385 1363 1362 1 12.6102 12.6102 138 
5 4.70362 -0.170823 0.784212 -0.337695 0.161046 3.83592 11 386 1860 1850 1 35.9099 35.9099 397 
4.00671 -0.298465 -5 -1.3168 1.25286 50.0405 3.81952 11 387 1 0 1 109.633 109.633 704 
1.95603 5 -4.16524 -0.172249 -0.163549 0.155337 3.85319 22 388 4063 4031 1 6.77166 6.77166 68 
5 3.68225 -4.62772 -0.172933 0.138834 0.0909023 3.88223 22 389 3460 3431 1 20.94 20.94 184 
4.03936 3.28584 -5 -1.11506 0.902239 5.09271 3.82608 22 390 1758 1657 1 0 0 5 
5 -3.90379 -4.38664 -1.21871 -0.279474 2.72999 3.82622 22 391 1656 1550 1 7.15872 7.15872 149 
1.0049 1.51165 -5 -0.717623 0.523478 10.5277 3.82048 22 392 2151 1 1 25.8244 25.8244 274 
1.89938 -5 -1.3931 -1.1382 1.939 3.92365 3.84873 22 393 2403 2349 1 8.47515 8.47515 240 
5 -1.26256 1.22799 -4.78393 3.48589 40.003 3.84103 11 394 1 0 1 22.283 22.283 133 
0.787858 1.76389 -5 -0.627859 2.35539 184.14 3.81937 11 395 1 0 1 225.489 225.489 1859 
-2.89822 -5 3.60443 -7.75694 5.4503 9.52832 3.85922 11 396 4949 1823 1 3.45353 3.45353 159 
5 4.87864 -3.81284 -0.50565 0.0695032 -0.0246488 3.84964 22 397 2882 2881 1 9.91633 9.91633 64 
5 3.86806 3.44204 -0.406242 -0.0411256 0.114558 3.86968 22 398 4360 3616 1 7.40046 7.40046 248 
1.98733 -5 2.06349 -1.33817 7.35897 -0.888314 3.86326 -11 399 5793 5792 1 14.0162 14.0162 124 
5 2.71076 0.533602 -0.42798 -0.244751 -0.134352 3.94088 22 400 3726 3710 1 7.85282 7.85282 102 
5 1.26744 -2.59333 -0.112043 -0.00523594 0.0213145 3.84175 22 401 2575 1 1 24.6388 24.6388 180 
1.5288 -2.38771 -5 -0.111359 -0.0242636 0.691845 3.82087 22 402 1422 1 1 57.1752 57.1752 558 
5 -0.591429 -2.7103 -0.556966 -0.186609 0.322312 3.87216 22 403 9404 9337 1 2.78997 2.78997 86 
0.748793 -2.77626 -5 -0.496928 -0.174237 0.57321 3.82803 22 404 2000 1675 1 58.4281 58.4281 490 
2.07037 -5 1.80515 -0.0357296 0.309162 -0.046206 3.8506 22 405 1713 1228 1 11.2603 11.2603 108 
5 0.745086 -3.46851 -0.505145 0.016088 -0.0754292 3.86464 22 406 4722 4721 1 7.9449 7.9449 141 
3.12254 0.192142 -5 -0.115059 0.0840383 0.863442 3.82286 22 407 1501 1 1 9.45745 9.45745 174 
2.30073 3.37721 -5 -3.93732 3.94944 13.2645 3.82051 11 408 1 0 1 106.589 106.589 991 
3.03844 4.29771 -5 -0.248733 -0.512081 16.538 3.81952 22 409 1278 1 1 27.105 27.105 282 
-2.08713 -4.23926 -5 -0.0944466 -0.332127 0.210733 3.84734 22 410 2123 2049 1 6.00764 6.00764 86 
4.17772 -1.55183 -5 -0.801191 1.03459 21.6784 3.81974 22 411 1209 1 1 84.5038 84.5038 1006 
3.38619 -0.0528173 -5 0.0117243 0.0903213 0.943115 3.82045 22 412 2309 1557 1 52.3913 52.3913 687 
5 4.65371 -4.69537 -0.0724886 -0.0800371 0.499459 3.82583 22 413 6852 6851 1 5.69707 5.69707 129 
3.77048 -3.85549 -5 -0.241146 -0.153729 5.42225 3.81997 22 414 1855 1465 1 18.6044 18.6044 245 
5 -2.67234 -3.55042 -0.904351 0.781831 -0.170728 3.8573 22 415 4681 4625 1 12.454 12.454 122 
5 -3.47565 3.97267 -0.166741 0.0419325 0.458514 3.85748 22 416 3071 2756 1 0.463159 0.463159 34 
3.14669 -4.29877 -5 -0.0820832 0.0995326 0.141421 3.85736 22 417 2542 2541 1 68.3369 68.3369 742 
-3.19903 -5 1.77484 0.170777 0.413103 -0.24759 3.88881 22 418 1866 1800 1 194.225 194.225 1815 
5 -1.59138 -4.56859 -0.335135 0.0738522 -0.00195759 3.8573 22 419 2357 2130 1 16.9509 16.9509 132 
-3.02561 0.922384 -5 -0.151008 -0.100764 0.798619 3.82325 22 420 1836 1567 1 37.4063 37.4063 642 
5 4.24116 -2.3893 -1.03794 -0.0545878 -0.445129 3.92704 22 421 4474 4473 1 10.1635 10.1635 219 
0.923378 -0.290278 -5 -1.58204 0.00200564 3.89145 3.83214 22 422 9117 9036 1 1.62646 1.62646 64 
5 3.02617 0.926181 -0.410451 0.234169 0.12005 3.87063 22 423 4799 4581 1 2.54084 2.54084 48 
0.835376 4.87058 5 -0.446224 0.548669 -0.626418 3.98834 22 424 4070 4038 1 7.54207 7.54207 137 
5 -2.69817 1.98462 -2.23462 1.56437 18.0596 3.84427 11 425 2960 2695 1 27.1549 27.1549 244 
-4.11004 2.40239 -5 -0.305013 -0.106918 1.67787 3.82504 22 426 1558 1 1 21.1404 21.1404 104 
5 4.24056 0.394083 -0.237905 0.0866417 -0.126149 4.12435 22 427 2243 2241 1 16.0182 16.0182 203 
3.52462 -5 4.05821 -6.10362 4.22087 3.22725 3.85593 11 428 4495 4391 1 4.4525 4.4525 164 
-1.91179 -1.35076 -5 -17.7834 8.90418 68.7692 3.8215 11 429 1 0 1 78.1656 78.1656 548 
3.66577 -5 -3.38718 -0.342262 0.173417 0.337496 3.94592 22 430 18955 18954 1 0.582281 0.582281 33 
1.59774 0.423112 -5 -0.115894 0.00175645 0.165652 3.82979 22 431 1713 1 1 30.4891 30.4891 315 
2.07158 -2.25149 5 0.266909 -0.0807446 -0.428205 4.0338 22 432 1855 1835 1 8.60687 8.60687 152 
-1.89308 4.25971 -5 -0.240028 -0.0986932 5.17366 3.81967 22 433 1487 1124 1 152.76 152.76 1383 
4.74457 0.827877 -5 -3.1287 -4.88156 16.3301 3.82355 -11 434 2012 2011 1 10.187 10.187 127 
2.10672 3.56551 -5 0.0478529 0.0877774 0.501124 3.82614 22 435 1230 1229 1 77.9586 77.9586 797 
5 -4.29267 1.07434 -1.94056 -0.513891 2.65377 3.84195 11 436 1428 1 1 91.1993 91.1993 747 
5 -0.566956 4.44334 -0.0289284 -0.20491 -0.00510098 3.87818 22 437 2409 2384 1 24.6382 24.6382 183 
5 -2.12901 0.396339 -0.0954725 -0.155942 0.570356 3.84371 22 438 3209 3028 1 6.14708 6.14708 179 
1.09035 5 2.60516 -0.113288 -0.141437 -0.157434 4.00582 22 439 9092 9091 1 0.239677 0.239677 35 
3.05946 -5 0.329393 -0.539425 0.131192 0.640359 3.86501 22 440 3586 3584 1 4.75243 4.75243 77 
5 2.3884 0.286756 -0.478957 0.173531 0.0400854 3.86767 22 441 2246 2245 1 0.533178 0.533178 66 
4.70568 -1.11416 -5 -0.761364 0.186398 1.56847 3.82753 22 442 24547 23769 1 0.636473 0.636473 32 
-0.639294 -1.59528 -5 0.506257 -0.130319 19.4529 3.81947 22 443 1693 1 1 188.335 188.335 1518 
2.98354 -5 2.16973 -0.0711223 0.102807 -0.223162 3.8965 22 444 2618 2316 1 6.36647 6.36647 93 
-5 1.4185 3.9806 0.289578 0.134617 -0.0167945 3.94633 22 445 1001 1 1 40.3996 40.3996 433 
1.65114 -4.14075 -5 -0.0429841 -0.218232 0.157582 3.84619 22 446 3554 2130 1 7.77846 7.77846 81 
-1.69127 1.71578 -5 -0.0075832 0.0804854 0.662212 3.83819 22 447 2351 2333 1 72.1327 72.1327 737 
0.604982 0.670841 -5 -0.0385 -0.0720676 0.400261 3.8439 22 448 1001 1 1 8.66377 8.66377 79 
2.75719 0.066463 -5 -0.497977 -0.278673 1.64764 3.82061 22 449 1468 1 1 104.738 104.738 851 
3.28206 0.329164 -5 -0.212662 0.691179 0.971094 3.83405 22 450 3559 3471 1 27.011 27.011 160 
0.959118 1.33866 -5 -4.26995 -3.71419 7.76343 3.82245 11 451 1 0 1 193.073 193.073 1523 
-2.28165 -4.59154 -5 -0.391565 -0.152462 1.14593 3.83192 22 452 1443 1419 1 2.02863 2.02863 71 
2.69962 -3.32524 -5 -0.282928 0.223445 2.74118 3.8218 22 453 1168 1 1 1.99202 1.99202 55 
4.92095 5 -0.707188 0.249801 -0.323361 5.56819 3.83401 22 454 3430 3248 1 29.355 29.355 342 
4.80613 5 4.7409 -4.12014 -3.18196 0.0778662 3.8865 11 455 2943 2800 1 4.20833 4.20833 81 
5 -0.239786 -4.50919 -0.906675 -1.28635 1.1844 3.84148 22 456 1588 1538 1 10.5512 10.5512 141 
0.0297726 5 -0.387746 0.0626999 -0.436999 0.257334 3.86377 22 457 12238 12236 1 3.93778 3.93778 67 
-1.12251 -1.5881 5 -0.234974 0.043141 -0.178445 3.94839 22 458 3856 3303 1 12.2097 12.2097 191 
3.94593 -0.778415 5 -0.111841 -0.0700695 -0.0888352 3.91917 22 459 3406 2691 1 17.3046 17.3046 159 
2.09666 1.59085 -5 0.0683265 0.289478 2.89698 3.82049 22 460 6653 5866 1 45.3273 45.3273 545 
5 -3.44626 4.99159 -0.628598 0.608814 0.693731 3.86117 22 461 4174 4144 1 20.0351 20.0351 218 
-2.21092 4.97733 -5 -0.524351 0.241893 1.26204 3.82848 22 462 1387 1336 1 26.6219 26.6219 198 
2.44554 -1.68587 -5 -0.0144866 0.0515213 2.61167 3.81963 22 463 1467 1 1 135.488 135.488 1056 
-4.4809 -5 1.62107 -2.89693 -3.25384 24.0439 3.84334 11 464 1645 1164 1 55.4921 55.4921 537 
5 3.22391 4.30055 -0.326524 -0.247208 -0.305598 3.92207 22 465 2996 2995 1 23.5138 23.5138 221 
-5 2.4574 -1.72751 0.457885 -0.332471 2.41356 3.83983 22 466 1395 1354 1 42.2315 42.2315 428 
-3.95277 5 -0.0402947 -2.03318 -1.10576 0.915858 3.84035 -11 467 1505 1504 1 93.2157 93.2157 965 
5 -0.967863 1.6738 -0.151153 -0.0590505 0.620844 3.8502 22 468 1740 1720 1 37.0109 37.0109 500 
5 1.60227 -2.18695 -0.0217288 0.0159065 0.646472 3.8292 22 469 1246 1186 1 9.26412 9.26412 133 
-3.37341 -5 -2.462 1.45645 1.10622 -0.382544 3.85236 -11 470 2559 2558 1 30.0268 30.0268 171 
-3.10923 -0.563614 -5 -0.022784 -0.0809287 2.32233 3.82 22 471 1521 1 1 190.943 190.943 1771 
-4.02097 2.27209 -5 -4.45543 2.34619 18.8461 3.8243 22 472 1100 1 1 58.695 58.695 747 
5 -2.8946 0.783755 -0.368201 -0.217696 0.279564 3.88699 22 473 3659 3657 1 1.68921 1.68921 167 
5 -4.78991 -2.77834 -0.240201 0.162048 0.0678782 3.85724 22 474 1225 1224 1 74.1379 74.1379 606 
3.25829 5 2.31982 0.0997579 -0.484787 0.373103 3.91476 22 475 4510 4424 1 1.01678 1.01678 58 
5 4.7729 -4.77049 -0.25301 0.437234 -0.0770168 3.88914 22 476 4956 4930 1 0.322215 0.322215 18 
1.68809 5 0.874099 0.0492925 -0.429364 -0.272648 3.90021 22 477 1804 1803 1 11.5897 11.5897 159 
-0.0921041 1.93247 -5 0.210473 0.201842 0.2725 3.85183 22 478 5115 5048 1 2.42465 2.42465 124 
-1.89755 -5 1.92042 0.273633 0.327098 0.180497 3.84413 22 479 2257 1884 1 38.9744 38.9744 421 
-0.850922 0.800095 5 -0.847235 0.0952728 -0.715874 3.94702 22 480 2403 2402 1 2.53971 2.53971 76 
3.85438 0.138291 -5 -0.0167573 0.00728318 0.207415 3.8198 22 481 2397 2396 1 85.2899 85.2899 720 
4.70288 -3.25486 -5 -0.173748 -0.247831 0.928769 3.82748 22 482 2691 2614 1 2.56383 2.56383 119 
2.66087 -5 -3.16683 0.272019 0.404545 -0.153195 3.87736 22 483 1827 1824 1 1.18018 1.18018 86 
0.333271 2.55522 -5 -8.54805 6.52758 35.0812 3.82309 11 484 1 0 1 27.2999 27.2999 299 
1.26804 2.0093 -5 -0.23018 0.2315 5.46958 3.82006 22 485 2395 1 1 73.6266 73.6266 719 
5 4.73831 2.46463 -0.0306359 -0.2118 -0.141152 3.98903 22 486 6043 6042 1 4.79411 4.79411 56 
5 1.4399 -4.09634 -4.41447 3.54876 0.664614 3.85698 22 487 9156 9079 1 0.38372 0.38372 42 
5 -3.99808 2.68001 -0.108646 0.169032 0.209293 3.85257 22 488 2032 1 1 24.8384 24.8384 444 
5 -3.74151 -4.60695 -0.447631 0.218611 0.5145 3.86898 22 489 1141 1120 1 12.011 12.011 92 
0.756116 -5 -4.91733 0.758406 5.90232 1.6943 3.82353 -11 490 1137 1136 1 8.471 8.471 60 
-4.41091 3.16022 -5 0.302146 0.297337 0.28534 3.87055 22 491 1798 1797 1 25.7318 25.7318 378 
5 -2.55279 -1.52391 -0.049055 0.00735496 0.299024 3.83803 22 492 1585 1419 1 2.99184 2.99184 93 
0.918046 2.4636 -5 6.89321 -0.461861 5.87787 3.83146 11 493 1804 1178 1 11.5376 11.5376 97 
5 -0.481639 -3.19652 -8.57829 1.6729 8.9201 3.84741 -11 494 2097 2096 1 12.7193 12.7193 113 
5 3.63723 4.25869 -0.215266 0.149624 0.155884 3.90935 22 495 1183 1124 1 7.69728 7.69728 54 
5 -2.34183 -2.50465 -0.128771 0.0609058 0.236867 3.83776 22 496 8990 8653 1 3.57159 3.57159 70 
4.52711 -2.26935 -5 -0.392298 -0.392858 2.03621 3.82672 22 497 12360 12265 1 0.405927 0.405927 49 
5 -3.92901 -0.21766 -1.01386 -0.305316 -0.472103 3.91609 22 498 2605 2604 1 11.6565 11.6565 192 
5 -2.86786 1.39608 -0.915644 -0.0862302 -0.308686 3.98934 22 499 1038 1 1 4.14385 4.14385 88 
-0.89315 2.97535 5 0.11562 -0.432001 -0.247239 3.93034 22 500 1938 1937 1 37.1706 37.1706 399 
-4.97307 0.230481 -5 -0.229852 -0.0895813 0.857909 3.82775 22 501 4284 3854 1 23.7808 23.7808 230 
2.25459 -1.21593 -5 -0.242302 0.0552002 3.32149 3.82023 22 502 2148 1 1 28.1054 28.1054 254 
5 3.87743 -1.8594 -0.480695 0.345339 0.650158 3.90716 22 503 2765 2764 1 12.9126 12.9126 177 
5 2.86729 0.384064 -0.369128 -0.0842553 -0.34317 3.88095 22 504 2158 2126 1 29.5356 29.5356 293 
1.01778 5 1.32789 0.0183265 -0.0717687 0.155066 3.92225 22 505 1091 1090 1 3.83432 3.83432 83 
4.4768 -5 -4.09715 0.112839 0.154717 0.0271121 3.92005 22 506 4402 4105 1 41.2328 41.2328 334 
-4.12343 -4.17279 -5 -0.562864 0.188986 1.51626 3.82947 22 507 1793 1 1 24.6551 24.6551 194 
5 -1.04508 -1.4719 -0.529237 0.479993 -0.455085 3.92323 22 508 5429 5428 1 15.4077 15.4077 290 
-3.39127 0.218794 -5 -0.296753 0.0774928 0.136954 3.89753 22 509 2424 2394 1 17.8227 17.8227 202 
2.62111 0.942662 -5 -0.101774 0.440471 0.238217 3.84294 22 510 1547 1498 1 138.602 138.602 905 
3.51717 -4.11021 5 0.0934408 0.311114 -0.394458 4.07235 22 511 3716 3715 1 6.32163 6.32163 95 
-1.51145 -5 2.93789 -0.817122 0.693831 -1.02234 3.84771 11 512 2525 2524 1 33.8149 33.8149 418 
-0.130604 -0.352422 -5 -2.77358 8.26882 22.1056 3.82257 11 513 1 0 1 139.323 139.323 985 
0.351613 4.5333 -5 0.0831819 0.0290758 0.503344 3.85724 22 514 1245 1230 1 56.1158 56.1158 513 
5 1.70858 -2.99404 0.913961 -1.89744 0.902392 3.87923 11 515 1 0 1 3.18456 3.18456 85 
5 2.38394 1.86799 -0.402059 -0.314751 0.020005 3.89411 22 516 4226 4225 1 8.78899 8.78899 148 
0.561939 -1.85289 -5 -0.509798 0.0222597 0.571208 3.84341 22 517 1401 1313 1 0.245936 0.245936 16 
4.06752 -5 4.59461 0.484092 3.66358 1.45107 3.87559 11 518 1 0 1 0.323333 0.323333 13 
5 2.28881 4.58393 -0.200216 -0.172381 0.0833495 3.87528 22 519 1427 1 1 7.58352 7.58352 132 
3.98025 -1.63104 -5 -3.86163 -2.04611 38.8875 3.82087 22 520 3212 3211 1 16.9648 16.9648 186 
4.85561 -5 -0.728009 -0.41337 0.298346 -0.03514 3.87119 22 521 5334 5333 1 6.89987 6.89987 48 
0.559636 0.345781 -5 -0.606889 1.03225 1.69049 3.82425 22 522 1466 1402 1 88.9804 88.9804 1067 
-4.2071 -5 2.91215 -0.324427 0.802623 0.955866 3.86257 22 523 1091 1 1 159.461 159.461 1318 
0.978627 3.70232 -5 -3.27113 -0.0408224 0.0614073 3.83105 -11 524 2641 2640 1 29.2434 29.2434 412 
3.77792 -4.36757 -5 -0.509469 -0.616446 0.348764 3.87312 22 525 1200 1107 1 3.82319 3.82319 93 
5 -3.59181 0.353102 -0.521363 0.0739989 0.0345585 3.99088 22 526 2913 2857 1 3.25566 3.25566 170 
0.930694 2.7786 -5 0.196173 0.0805886 0.128056 3.94154 22 527 1930 1929 1 1.29881 1.29881 32 
-4.23018 -1.5103 5 -0.258144 0.262928 -0.342194 4.06224 22 528 2944 2941 1 0.691844 0.691844 18 
5 4.29495 3.83593 -0.551355 0.132185 0.161902 3.87614 22 529 2532 2431 1 9.75216 9.75216 114 
4.95784 3.64499 -5 -0.379835 0.170025 1.46471 3.82724 22 530 2423 2382 1 1.0061 1.0061 44 
5 -0.649331 3.39528 -0.502924 0.0516857 -0.0282911 4.02547 22 531 1680 1679 1 138.381 138.381 1074 
5 -4.59808 1.15341 -0.166896 -0.169896 -0.452107 4.16298 22 532 4205 4203 1 0.384564 0.384564 36 
-2.5241 -0.225189 -5 -0.319871 -0.168619 0.361067 3.84698 22 533 4829 4797 1 37.9766 37.9766 268 
3.94294 -4.81837 -5 -0.585215 0.135651 1.38085 3.82655 22 534 3530 2862 1 2.00147 2.00147 118 
5 3.54768 -2.59295 -0.50379 -0.0539895 -0.0663394 3.9992 22 535 7518 7516 1 0.853212 0.853212 22 
-4.24237 2.70744 -5 -0.0924748 0.0613237 0.125089 3.83573 22 536 1299 1226 1 18.6217 18.6217 337 
-4.68144 2.58746 -5 -0.626465 0.124463 7.36056 3.82164 22 537 2191 2159 1 120.366 120.366 1201 
5 -2.91676 2.80421 -0.128468 -0.271306 0.0443424 3.98216 22 538 1114 1112 1 163.045 163.045 1315 
1.10573 -5 -2.24022 -0.224179 0.380506 -0.257058 3.93535 22 539 3334 3331 1 64.1704 64.1704 381 
-3.26155 0.712153 -5 -0.146085 -0.38006 0.562895 3.83986 22 540 1077 1 1 95.8993 95.8993 696 
0.271288 -2.93895 -5 -0.208867 -0.101163 1.72424 3.82169 22 541 1724 1551 1 7.41791 7.41791 131 
0.65201 1.57248 -5 -6.15378 0.574794 13.3517 3.8248 11 542 1 0 1 40.572 40.572 605 
4.98833 4.62728 -5 -0.999089 3.37772 120.591 3.81945 11 543 1 0 1 60.859 60.859 757 
3.09763 -5 3.06234 -0.0316143 0.0420045 0.138094 3.84859 22 544 3766 3530 1 4.0597 4.0597 49 
5 -0.447678 3.07554 -0.38567 0.163338 0.292745 3.85401 22 545 1490 1469 1 48.4726 48.4726 471 
2.12623 5 -2.79885 9.87306 -9.59974 10.8295 3.84131 -11 546 1395 1394 1 195.472 195.472 1289 
4.5828 -5 -0.174008 -0.3542 0.638348 0.34076 3.84132 22 547 2378 1897 1 10.9295 10.9295 179 
5 -4.40791 -0.528282 -0.489163 0.128807 0.0724442 3.86298 22 548 1905 1903 1 56.4956 56.4956 588 
2.25291 2.84273 -5 3.89308 -14.0464 20.6974 3.82498 11 549 4912 4602 1 32.9766 32.9766 359 
4.66325 -1.17563 5 -0.105644 0.217195 -0.215349 3.9149 22 550 2883 2882 1 63.7751 63.7751 471 
0.731901 0.403107 5 0.00182901 -0.481555 -0.170943 4.00032 22 551 2535 2533 1 2.14774 2.14774 81 
-5 3.56597 -1.13575 0.166341 0.207208 0.0828794 3.84352 22 552 1873 1872 1 17.509 17.509 212 
-3.23529 5 -0.0573746 -0.233122 -0.243093 0.35527 3.97342 22 553 2286 2237 1 16.1073 16.1073 122 
1.40854 -5 2.67544 -3.54036 6.77958 6.59874 3.85357 22 554 1858 1835 1 2.83429 2.83429 40 
2.3901 -3.40639 -5 -7.88649 7.48877 17.8796 3.82184 -11 555 1303 1302 1 63.6937 63.6937 587 
1.93686 0.50381 -5 -0.809114 -0.927966 5.33012 3.82268 22 556 1457 1395 1 7.14506 7.14506 38 
0.140162 -1.23488 -5 -0.166248 2.31008 3.59646 3.83078 22 557 2007 2006 1 10.7622 10.7622 216 
4.36956 4.03751 -5 -6.34142 -6.88044 49.8957 3.82487 22 558 1256 1 1 0.395288 0.395288 18 
5 4.48418 -2.08381 -0.285698 -0.147401 -0.397202 3.90028 22 559 4854 4853 1 3.17576 3.17576 89 
3.92155 -1.52659 5 -0.12088 0.00814574 -0.170559 3.87198 22 560 2200 1542 1 52.2087 52.2087 633 
3.9684 -1.74792 -5 -0.23065 0.14982 0.234827 3.83314 22 561 3379 2901 1 13.1128 13.1128 222 
5 0.773546 3.87582 -1.07857 0.251399 3.2871 3.85305 22 562 2821 1790 1 21.013 21.013 395 
-3.636 1.22146 -5 -0.0611535 0.00654804 0.432003 3.82276 22 563 3250 2754 1 16.7547 16.7547 140 
-2.89878 -5 -4.36082 -0.334437 0.485968 0.145192 3.82839 22 564 5172 4659 1 9.25174 9.25174 140 
4.60147 2.11175 -5 -11.7989 -0.304726 181.529 3.81942 -11 565 1093 1092 1 84.5425 84.5425 726 
1.48795 1.80515 -5 0.329365 1.06211 44.3402 3.81945 22 566 1624 1575 1 130.021 130.021 1042 
5 4.89189 1.62408 -0.391618 0.0819374 0.31787 3.87711 22 567 1934 1933 1 4.58018 4.58018 145 
4.46822 0.983502 -5 -1.7011 2.24607 0.516715 3.83897 -11 568 4050 4049 1 20.0745 20.0745 249 
1.01046 -5 -4.23363 -0.577243 0.379687 0.29543 3.8603 22 569 1806 1733 1 0.654051 0.654051 22 
5 1.74428 -0.556175 -0.565159 0.00946351 0.0880501 3.8585 22 570 8974 8912 1 0.43522 0.43522 34 
0.914191 -1.70679 5 -0.498856 -0.0260647 -0.107623 4.03499 22 571 5917 5916 1 9.45589 9.45589 87 
-3.47478 0.34978 -5 -0.273228 0.0149861 1.72742 3.82371 22 572 1276 1 1 15.4761 15.4761 122 
5 -4.96253 -4.886 -0.0100037 0.00412351 0.610188 3.81977 22 573 2613 1702 1 96.9978 96.9978 1082 
5 -1.16485 -4.16551 -0.309053 -0.40123 0.0679747 3.87791 22 574 2447 2446 1 0.803465 0.803465 68 
0.288061 -5 -0.0713717 0.227975 0.175438 0.82054 3.83975 22 575 1035 1 1 17.8957 17.8957 226 
5 -1.56504 -3.86513 -5.97237 -2.3178 1.72327 3.83044 11 576 1412 1317 1 42.2896 42.2896 379 
5 0.0609252 -3.58024 -0.305548 -0.208714 0.0743714 3.86096 22 577 7883 5519 1 3.68061 3.68061 53 
2.49258 3.46848 -5 -0.214311 -0.104944 0.951883 3.82374 22 578 3274 3105 1 41.9112 41.9112 365 
-3.09844 3.75116 -5 -0.883301 0.00214308 1.39689 3.8338 22 579 2555 1 1 20.5224 20.5224 142 
0.666644 5 2.90575 -0.097745 -0.0549852 0.195731 3.8693 22 580 2849 2848 1 1.71301 1.71301 30 
-5 4.29748 -0.731529 0.103736 -0.0127076 -0.283065 4.21757 22 581 4484 4483 1 22.4928 22.4928 269 
5 -1.36811 4.73841 -0.37741 0.162177 0.303941 3.94017 22 582 10998 10972 1 0 0 9 
2.1686 3.82465 -5 -0.0620489 -0.139647 0.304924 3.88771 22 583 1354 1353 1 6.98685 6.98685 54 
-1.92042 -4.54898 -5 -0.391908 -0.18072 0.666824 3.83483 22 584 4642 4637 1 32.119 32.119 334 
2.72548 3.85725 -5 0.0130581 -0.0536027 1.45405 3.81988 22 585 2066 1850 1 38.5726 38.5726 478 
5 -2.29873 1.19468 -0.201724 -0.0920005 -0.460395 3.99907 22 586 2083 2082 1 14.5448 14.5448 187 
5 4.32371 -2.62449 -0.116718 -0.104484 0.095748 3.91639 22 587 2728 2727 1 34.6255 34.6255 363 
4.68399 -2.80026 -5 0.89156 0.274471 12.7333 3.81972 22 588 1340 1 1 148.961 148.961 1344 
1.21632 -5 -4.48254 -0.102993 0.259488 -0.141376 3.85152 22 589 2768 1 1 19.0749 19.0749 225 
-3.1259 -1.1517 5 -0.306538 -0.1018 -0.395968 4.04883 22 590 4170 4169 1 0.703728 0.703728 70 
-3.78429 -4.99519 -5 -0.36099 -0.340279 0.560255 3.85041 22 591 3131 3102 1 18.5753 18.5753 190 
5 -2.68569 4.5541 -0.243721 0.42294 0.151135 3.8972 22 592 2759 2728 1 0.769428 0.769428 48 
2.52985 -2.34859 -5 -0.101293 -0.00533175 0.399428 3.82718 22 593 2591 2402 1 10.5789 10.5789 167 
4.07629 2.78001 -5 -0.0582249 -0.00827139 0.77608 3.82026 22 594 4392 3765 1 15.8397 15.8397 165 
3.66227 -0.410311 -5 -0.245236 0.166401 1.22492 3.8258 22 595 1064 1 1 2.94498 2.94498 36 
3.43744 5 -4.75255 -1.13547 -2.5671 1.16533 3.83848 11 596 1316 1218 1 45.5717 45.5717 280 
-0.674325 0.503252 -5 0.153916 -0.358119 6.31908 3.81984 22 597 1269 1 1 101.394 101.394 769 
2.1928 -1.94784 -5 -0.233305 0.1092 0.891871 3.82789 22 598 1399 1319 1 5.82322 5.82322 115 
0.775815 2.9371 5 0.0393461 0.158338 -0.0773119 4.00528 22 599 5719 5718 1 13.4241 13.4241 219 
1.93472 -1.4908 -5 -0.185587 0.196526 0.875285 3.82551 22 600 11711 10457 1 3.84962 3.84962 27 
5 -0.505444 -0.108169 -0.464602 -0.698984 1.3182 3.84555 22 601 1108 1107 1 33.9404 33.9404 321 
-1.91476 3.65357 -5 -0.013584 -0.04662 3.4272 3.81937 22 602 1909 1 1 63.0959 63.0959 551 
0.337035 4.7111 5 -1.97765 -0.554716 -0.921188 3.94768 22 603 1620 1538 1 6.20926 6.20926 81 
-5 3.82056 2.75353 0.312922 -0.0952163 0.172855 3.99814 22 604 1217 1030 1 73.1554 73.1554 592 
2.7571 -2.59359 -5 0.0298622 -0.182292 1.14825 3.82053 22 605 2323 2284 1 176.232 176.232 1702 
5 3.88149 0.820372 -2.31933 -2.90748 10.5977 3.84667 22 606 1560 1559 1 6.85106 6.85106 179 
3.15463 -0.107091 -5 -1.16376 1.61416 17.4005 3.82065 22 607 1104 1 1 53.658 53.658 580 
3.60825 -5 -2.08604 0.178325 0.11063 -0.00276995 3.94768 22 608 1974 1973 1 1.72571 1.72571 15 
-0.737811 5 4.82324 -0.124704 -0.0473408 -0.0594973 3.89288 22 609 6174 6141 1 60.7688 60.7688 693 
-1.83392 1.18691 5 -0.463495 -0.138555 -0.566716 3.98503 22 610 5266 5247 1 36.9122 36.9122 355 
5 4.69783 -2.24783 -0.474055 0.220514 0.128623 3.88841 22 611 2149 1673 1 0.833761 0.833761 69 
5 0.502011 -4.71564 -0.493174 0.013952 0.133059 3.90691 22 612 2644 2643 1 7.40445 7.40445 90 
5 1.04625 0.818382 -7.63153 -2.17501 2.60791 3.85138 -11 613 2146 2145 1 24.6576 24.6576 204 
2.64374 2.77011 -5 -0.135208 -0.183362 0.457402 3.85409 22 614 1626 1625 1 31.9996 31.9996 296 
5 0.346005 -4.93855 -0.262764 -0.0234967 0.0937072 3.90326 22 615 4216 4215 1 0.627082 0.627082 36 
5 -4.42674 -4.93916 -1.09927 0.0989821 4.06376 3.82488 22 616 3300 3034 1 1.94426 1.94426 96 
-2.50228 -2.57806 -5 -0.529618 -0.248951 2.33566 3.82722 22 617 1154 1 1 15.8452 15.8452 188 
1.26846 -5 3.86283 0.0305103 0.168647 -0.0122222 3.86286 22 618 1544 1326 1 47.9614 47.9614 485 
-2.78622 -5 4.9003 -0.468397 0.122072 -0.163775 3.91286 22 619 4144 4134 1 19.999 19.999 507 
5 4.24651 0.254473 -0.148771 0.295657 0.124726 3.88514 22 620 8413 8412 1 0.320567 0.320567 44 
5 0.0630654 -2.25422 -1.29252 -1.89384 -0.16651 3.85368 22 621 3239 3132 1 18.6698 18.6698 328 
4.48574 2.20914 -5 -0.045891 0.107573 0.163285 3.82698 22 622 3191 3012 1 8.67873 8.67873 287 
-0.811898 4.86102 -5 -0.471194 0.0455317 0.192415 3.85841 22 623 5013 5012 1 5.76355 5.76355 147 
3.68306 1.9812 -5 -0.0305773 -0.169389 0.529429 3.83259 22 624 2376 2311 1 72.0669 72.0669 354 
5 0.589077 2.50603 -0.673544 0.490629 2.26135 3.85196 22 625 6473 6401 1 6.05427 6.05427 78 
5 4.77875 3.06562 -2.06736 0.432763 8.57705 3.85341 11 626 4060 4045 1 2.99936 2.99936 73 
-0.480088 1.46092 -5 -0.445855 -0.0993771 2.05587 3.82558 22 627 1282 1 1 7.72341 7.72341 235 
2.54435 5 2.73966 0.273536 -0.5044 0.411375 3.94699 22 628 1629 1628 1 7.90599 7.90599 170 
2.85631 5 3.87318 -0.331925 -0.301231 -0.245368 3.9147 22 629 3329 3327 1 3.97208 3.97208 100 
5 -3.45783 -4.53834 -2.90936 -1.76829 3.82174 3.85484 11 630 4521 3557 1 2.20761 2.20761 17 
4.97061 -0.954962 -5 -0.734234 1.12574 2.8358 3.82948 -11 631 3302 3301 1 4.98686 4.98686 54 
2.1307 -5 -3.05912 0.13163 0.150277 0.0495882 3.82757 22 632 1317 1 1 40.1215 40.1215 389 
5 -0.509996 0.100286 -0.168985 -0.320749 0.360117 3.85407 22 633 2303 2302 1 1.10615 1.10615 71 
3.93834 -1.25939 -5 -0.172794 -0.31159 0.366298 3.90388 22 634 12236 12235 1 0.998865 0.998865 115 
1.32354 1.28275 -5 -0.179863 -0.00834123 0.162904 3.83728 22 635 1556 1 1 2.39986 2.39986 76 
-5 -3.32093 4.98229 3.86366 -0.123443 -2.81039 3.90468 11 636 1353 1280 1 28.8006 28.8006 280 
0.384756 4.07839 -5 -0.561532 0.105656 0.48894 3.83526 22 637 1684 1 1 16.8662 16.8662 193 
-3.24517 2.50514 5 -0.217453 -0.00253835 -0.171613 3.92212 22 638 1941 1939 1 0.0414548 0.0414548 7 
-4.31189 -1.52684 -5 -24.3718 -20.3043 964.928 3.81942 11 639 1 0 1 57.0597 57.0597 403 
-1.50158 3.52414 -5 -1.89317 12.4139 197.541 3.82078 -11 640 1038 1037 1 204.311 204.311 1807 
1.0115 5 -2.21905 0.724698 -2.74428 0.967029 3.83704 11 641 1773 1772 1 65.3198 65.3198 580 
5 0.0975611 -4.26594 -0.549675 -0.136685 0.463033 3.83976 22 642 3882 1 1 11.0472 11.0472 111 
1.31155 1.81977 -5 -0.407155 -0.152708 0.268374 3.85865 22 643 1498 1497 1 10.9982 10.9982 130 
5 0.923761 -0.3841 -22.323 2.50776 29.4964 3.84318 -11 644 2825 2824 1 9.13777 9.13777 129 
2.83502 -1.13182 -5 -1.61765 -0.399223 1.81043 3.84116 22 645 1249 1 1 0.0976537 0.0976537 38 
5 -2.42381 0.16029 -0.545421 -0.0758664 0.446738 3.85583 22 646 4771 3971 1 1.83051 1.83051 118 
-2.35615 2.59941 -5 -0.701497 -0.0441508 1.54481 3.82732 22 647 1709 1576 1 23.0219 23.0219 348 
2.30559 -4.5397 -5 -0.397379 0.021912 14.7601 3.81944 22 648 2391 1 1 72.0233 72.0233 485 
-3.48547 5 1.12659 -2.65939 -14.6579 -4.36155 3.86864 -11 649 1002 1001 1 28.9991 28.9991 360 
4.14998 -5 2.85268 -0.451217 0.0410182 0.236307 3.86716 22 650 1688 1687 1 22.2168 22.2168 252 
2.73908 -1.80398 -5 -7.08664 -2.54403 26.1244 3.81999 -11 651 1307 1306 1 127.73 127.73 928 
2.53065 3.34316 -5 0.907047 -0.424474 0.484245 3.85062 22 652 2524 2523 1 81.6746 81.6746 655 
-4.77701 5 -2.76745 1.7487 -2.03945 4.02629 3.83375 -11 653 1297 1296 1 25.4387 25.4387 317 
0.416683 -3.7147 -5 0.142456 -0.30679 0.892311 3.8257 22 654 1870 1742 1 61.0416 61.0416 686 
-3.13799 2.07446 -5 -0.0197365 -0.333742 0.386454 3.84865 22 655 1098 1081 1 6.06664 6.06664 83 
4.23816 -3.12451 -5 0.0566529 -0.052612 0.667744 3.82124 22 656 1630 1386 1 178.849 178.849 1580 
3.74798 -5 -2.8538 -0.489861 0.061046 -0.132019 3.94138 22 657 4439 4438 1 5.08859 5.08859 65 
-1.76029 -2.4998 5 -0.282021 -0.126434 -0.30987 3.99869 22 658 6545 6544 1 14.1633 14.1633 229 
1.53782 5 4.25474 0.0654497 -0.181816 -0.238064 4.04372 22 659 8681 8680 1 0.760189 0.760189 48 
5 0.201092 3.08966 -15.2342 6.43443 5.20829 3.85862 11 660 1 0 1 19.84 19.84 297 
0.779289 -5 4.43848 -0.877424 0.455525 -0.0579389 3.8906 22 661 1840 1839 1 7.88294 7.88294 139 
5 -1.39713 2.10941 -0.0166808 0.0251064 0.0149117 3.84471 22 662 1688 1680 1 119.233 119.233 834 
0.0468314 -0.476244 5 -0.171563 -0.0144412 -0.385576 3.99115 22 663 1387 1308 1 0.527813 0.527813 10 
3.77888 -3.87976 -5 -0.0654391 0.0417853 0.140488 3.9581 22 664 2949 2948 1 4.01222 4.01222 85 
-4.23339 4.52679 -5 -0.0815465 0.0752962 0.289483 3.8387 22 665 5413 5412 1 10.3112 10.3112 190 
-1.30486 1.15119 -5 -13.446 -10.6323 16.4805 3.83522 11 666 3331 3303 1 16.7436 16.7436 198 
0.845377 -0.733698 -5 9.33774 -1.32767 1026.51 3.81931 11 667 1 0 1 182.249 182.249 1507 
3.57111 -3.99972 -5 1.5311 -0.125315 5.43796 3.82352 22 668 5640 5478 1 24.3718 24.3718 190 
0.0472352 -0.539896 5 -0.18881 -0.0787623 -0.353739 4.00453 22 669 2654 2653 1 4.60773 4.60773 109 
-2.89813 3.50902 -5 -0.141891 -0.215368 0.489784 3.89181 22 670 1411 1410 1 29.9565 29.9565 251 
5 3.87213 2.72411 -7.20408 -0.193195 1.93156 3.84508 -11 671 2250 2249 1 37.818 37.818 334 
2.78674 -5 4.07406 -0.0626674 0.301314 0.661815 3.86255 22 672 3151 2741 1 6.77114 6.77114 76 
-1.4616 1.17873 -5 -0.0789842 -0.100315 0.47113 3.82377 22 673 1536 1171 1 41.2357 41.2357 479 
-0.978442 -2.61598 5 0.107431 -0.321602 -0.382297 4.03529 22 674 10086 10048 1 0 0 2 
3.2112 -5 -2.83513 -0.132992 0.118823 3.13035 3.8272 22 675 1976 1 1 35.9881 35.9881 326 
4.04727 -5 -0.0142672 -0.138404 0.174948 1.16815 3.8454 22 676 3098 2701 1 3.7545 3.7545 125 
3.65125 -5 -0.725122 -0.0349298 0.112226 0.0660602 3.86776 22 677 1052 1 1 138.25 138.25 981 
2.55544 -4.923 -5 -0.012846 -0.0742678 0.721883 3.82026 22 678 1883 1500 1 150.494 150.494 1202 
-1.28216 0.874557 5 1.48993 -0.0746266 -5.94298 3.8962 -11 679 2884 2883 1 13.6061 13.6061 250 
-1.62021 0.463912 -5 -0.0852825 -0.0830775 0.0833772 3.97469 22 680 2775 2484 1 8.27686 8.27686 186 
-4.60229 0.876304 -5 0.125047 -1.70554 5.50412 3.82176 22 681 2745 1 1 74.0102 74.0102 521 
-1.71583 -1.5904 -5 -1.34508 0.260528 1.25768 3.83946 22 682 1600 1508 1 18.9838 18.9838 167 
-5 1.52867 -2.6919 0.0315025 0.232212 -0.0391119 3.90873 22 683 2289 2288 1 10.0396 10.0396 103 
3.37246 0.103414 -5 -0.941414 -0.34828 2.00447 3.82688 22 684 1805 1 1 33.0711 33.0711 511 
3.18201 1.98 -5 0.278372 -0.0641159 0.423696 3.8612 22 685 3237 3236 1 0.133943 0.133943 14 
-3.67929 5 -4.18527 0.14836 -0.227153 0.433025 3.85712 22 686 3431 3430 1 3.58971 3.58971 138 
5 -4.68657 4.1132 -0.272393 -0.0765869 -0.16084 3.90675 22 687 7966 7965 1 5.51588 5.51588 92 
5 3.88734 -0.0663568 -1.33264 -0.655143 10.2774 3.83727 22 688 1289 1235 1 24.6074 24.6074 176 
0.595461 4.98822 -5 -0.120397 0.206255 0.185529 3.8458 22 689 1313 1203 1 17.9542 17.9542 187 
5 -2.15969 -2.33714 -0.371688 -0.322946 -0.136652 3.93489 22 690 1243 1216 1 0.778993 0.778993 11 
1.48252 0.33454 -5 -0.139801 0.223039 1.65829 3.82356 22 691 1216 1 1 9.12078 9.12078 337 
0.691638 -3.49308 -5 -5.38991 2.84442 35.4041 3.82036 11 692 1 0 1 136.66 136.66 806 
4.27398 -4.93293 -5 3.93412 -9.636 67.1002 3.82004 -11 693 2261 2260 1 10.7167 10.7167 301 
5 4.39841 2.50981 -0.138971 0.184736 -0.0885904 3.93784 22 694 12045 11972 1 0 0 5 
0.661372 3.54173 -5 -1.14681 0.547733 4.24652 3.82574 22 695 1005 1 1 3.40879 3.40879 56 
0.0631506 5 -3.79706 -0.0304425 -0.253954 0.229371 3.8341 22 696 2955 2928 1 32.0906 32.0906 323 
4.8909 -0.0777852 5 0.132813 0.0886467 -0.416414 3.96531 22 697 1236 1234 1 11.2386 11.2386 164 
5 -4.38196 -4.27158 -0.0540797 -0.120196 0.0807822 3.86282 22 698 2031 2030 1 8.916 8.916 128 
5 -3.79709 2.96632 -3.81916 -3.24955 8.6082 3.84766 11 699 1791 1625 1 19.5139 19.5139 225 
-0.279023 -5 -4.12793 -0.49993 0.766996 -0.495279 3.94756 22 700 1042 1030 1 22.6081 22.6081 247 
5 -2.35187 0.0188704 -0.092932 -0.124163 -0.0300967 3.91317 22 701 7505 7380 1 10.8482 10.8482 171 
3.16141 5 -3.37467 -0.0193325 -0.0950493 0.11981 3.84491 22 702 3649 3625 1 21.941 21.941 384 
-2.14644 -3.36713 -5 0.030508 0.182382 0.422194 3.8598 22 703 1879 1770 1 57.6391 57.6391 502 
-1.08549 2.95086 -5 -0.0686789 0.11623 1.19283 3.82086 22 704 2322 1737 1 89.5164 89.5164 719 
-3.15347 5 0.0784155 -0.502555 -2.16874 -1.9077 4.85895 22 705 1319 1287 1 9.22552 9.22552 180 
-4.92516 -3.29751 -5 -0.688773 -0.387836 1.4117 3.83044 22 706 2437 1 1 46.4979 46.4979 588 
5 -2.3976 -1.33888 -0.222782 -0.538886 0.467576 3.84881 22 707 2548 2313 1 8.84648 8.84648 195 
5 1.09152 -4.15978 -0.231657 -0.177687 -0.150137 3.94203 22 708 6999 6689 1 0.584719 0.584719 68 
-0.419145 -4.01194 -5 -0.537356 -0.200867 2.88841 3.82221 22 709 1302 1 1 18.9528 18.9528 194 
-4.18993 -0.364551 -5 -0.484056 0.45465 1.18166 3.83858 22 710 1438 1 1 20.0075 20.0075 303 
1.7388 -4.66756 -5 -0.627183 -0.151391 3.14187 3.82161 22 711 2097 1918 1 15.2449 15.2449 79 
-2.68107 -0.284016 -5 -0.109474 -0.00225122 0.242634 3.84039 22 712 3062 3061 1 2.47377 2.47377 30 
-5 -1.11098 1.13595 0.130025 -0.233885 0.110723 3.84161 22 713 2204 2038 1 146.777 146.777 1215 
3.9431 -1.92128 5 -0.131379 0.0500972 -0.0937675 3.93688 22 714 2329 2306 1 9.60658 9.60658 312 
0.253674 4.15983 -5 -8.16229 1.39632 27.7565 3.82155 -11 715 2293 2292 1 49.7772 49.7772 360 
2.83039 -1.79127 -5 -1.16781 1.99713 5.85255 3.8328 22 716 1296 1208 1 50.9998 50.9998 466 
5 0.441529 -1.33167 -1.60645 0.194341 -1.27531 3.90352 22 717 1756 1755 1 2.01609 2.01609 80 
5 3.44176 -1.50425 -0.379381 0.294748 -0.174109 3.8924 22 718 6540 6504 1 10.4496 10.4496 78 
5 -3.32435 -4.82606 -4.78259 -3.40502 1.1717 3.83902 11 719 10201 10065 1 5.04819 5.04819 84 
2.58061 0.129655 -5 -0.0770872 0.551727 1.81731 3.82739 22 720 1033 1 1 40.0421 40.0421 456 
2.00559 5 3.10578 -0.0258245 -0.246151 0.113634 3.87373 22 721 3171 3125 1 10.7409 10.7409 145 
2.64157 5 -2.8265 0.0576635 -0.463102 -0.208162 3.96212 22 722 3229 3226 1 5.33911 5.33911 111 
1.45479 -5 4.33162 -2.44893 1.6552 -0.286508 3.87473 22 723 1280 1240 1 10.295 10.295 61 
2.73436 0.119777 -5 -7.5113 0.271053 16.8272 3.83242 22 724 8413 7800 1 0.029491 0.029491 30 
5 -1.16696 -3.56968 -21.8439 -2.12872 36.3057 3.82864 11 725 1400 1292 1 8.48406 8.48406 90 
2.65814 5 2.83014 -13.4082 -3.33331 16.9275 3.84845 -11 726 2578 2577 1 26.0586 26.0586 324 
-2.54545 5 -0.55753 -2.04287 -0.267639 6.63537 3.84141 22 727 2099 1832 1 13.9857 13.9857 366 
4.19317 2.64114 -5 11.8717 17.9182 147.563 3.81973 11 728 1 0 1 129.75 129.75 1172 
3.04915 4.30598 5 -0.0480218 0.00622215 -0.508699 3.98724 22 729 2297 2294 1 58.5009 58.5009 551 
0.513479 4.10513 -5 -0.0717781 -0.0849022 0.256839 3.8226 22 730 1841 1 1 31.7342 31.7342 571 
-0.215867 2.55392 -5 -0.0907074 -0.0432166 0.501023 3.83077 22 731 1293 1292 1 17.0343 17.0343 351 
3.78575 -5 -4.49518 1.30281 2.45672 4.74752 3.8236 -11 732 2058 2057 1 47.1341 47.1341 422 
-4.59058 2.23387 -5 -0.38419 0.335544 0.0304657 3.88801 22 733 4259 4221 1 0 0 10 
-1.55146 -3.27102 -5 7.887 1.99356 28.6087 3.82043 11 734 1426 1401 1 90.9072 90.9072 858 
5 3.2992 2.05571 -0.101104 0.0780269 0.408861 3.86769 22 735 3011 3010 1 17.9296 17.9296 136 
0.564696 2.08819 -5 -28.7081 12.431 112.774 3.82122 -11 736 1183 1182 1 39.4244 39.4244 501 
-2.49115 4.95755 -5 -0.0491641 0.0169241 0.167527 3.82456 22 737 3936 3467 1 35.8679 35.8679 380 
4.96893 0.945685 -5 -2.41018 -0.625935 1.6124 3.83677 22 738 1617 1616 1 1.00037 1.00037 40 
-0.00517023 2.59845 -5 -0.938148 -0.0239399 2.01263 3.82855 22 739 1506 1141 1 8.13753 8.13753 154 
5 -0.0339665 1.23656 -0.170511 -0.0078369 0.545806 3.84941 22 740 1026 1 1 4.85161 4.85161 86 
5 -1.43532 -3.08348 -0.306401 -0.0767086 0.072365 3.85127 22 741 11119 10640 1 2.40748 2.40748 143 
2.14535 3.27469 -5 -0.24257 0.383805 0.234464 3.88763 22 742 1856 1830 1 0.256995 0.256995 34 
-4.91096 2.02886 5 -1.95788 0.451611 -0.129341 3.91088 22 743 1818 1813 1 13.1594 13.1594 140 
1.16898 -3.55069 -5 -0.945321 -0.762643 17.4249 3.82028 22 744 1805 1 1 38.3694 38.3694 396 
-3.24835 -0.250275 5 -0.38901 0.299157 -0.142467 3.94634 22 745 4860 4859 1 6.73875 6.73875 142 
-1.91293 -3.08047 5 -3.63944 0.63037 -2.00815 3.93544 -11 746 3835 3834 1 3.0018 3.0018 88 
2.20531 -3.47552 -5 -0.35053 0.369609 0.0404768 3.87321 22 747 1318 1317 1 56.9162 56.9162 455 
3.60564 1.64587 -5 -0.215871 0.0208683 0.462692 3.83133 22 748 1644 1643 1 10.3766 10.3766 157 
3.67195 4.00186 -5 -1.72286 0.871224 3.47397 3.82775 22 749 2695 2625 1 4.25029 4.25029 86 
2.7384 2.61268 -5 -0.073422 0.653062 0.735334 3.87204 22 750 3640 3607 1 12.9421 12.9421 125 
5 1.23858 -0.0304285 -1.30654 0.130985 2.67183 3.8456 22 751 1176 1 1 2.58691 2.58691 48 
5 4.51999 2.41737 -4.54902 1.36895 0.0129792 3.854 11 752 1944 1910 1 11.4395 11.4395 405 
4.21034 -3.11182 -5 -0.598141 -1.91903 146.53 3.81934 22 753 1994 1 1 132.896 132.896 1337 
4.22041 0.631326 5 -0.15408 -0.0507529 -0.539593 4.0377 22 754 2398 2357 1 9.56505 9.56505 17 
-0.082769 5 -0.309695 0.920776 -8.55043 14.2066 3.84025 -11 755 3208 3207 1 13.64 13.64 159 
-0.487127 2.60016 -5 -1.01293 0.42493 5.53234 3.82172 22 756 3206 2999 1 51.3896 51.3896 582 
-0.0938439 -4.66765 5 -0.141466 -0.027886 -0.490234 4.02953 22 757 1449 1448 1 16.1081 16.1081 320 
3.69249 -5 -0.520734 4.11851 7.40938 16.8706 3.83979 11 758 1 0 1 58.2258 58.2258 590 
5 3.68596 2.80496 -0.17052 0.169715 0.37573 3.86049 22 759 1129 1 1 13.4262 13.4262 132 
5 -1.58514 -2.0629 -0.314461 0.0781914 0.244262 3.86175 22 760 4974 4973 1 13.4526 13.4526 136 
-0.164137 4.11627 -5 -0.291884 0.508603 0.308485 3.85093 22 761 2469 1 1 26.3959 26.3959 236 
-0.778031 0.604054 -5 -0.0559137 0.566123 9.66825 3.82007 22 762 2555 1 1 0 0 5 
5 -4.06327 3.91099 -0.153748 -0.0368098 0.497674 3.85731 22 763 2285 1572 1 64.7502 64.7502 459 
3.04067 5 -4.61509 0.0452325 -0.0954726 -0.0655979 3.83612 22 764 1500 1 1 214.058 214.058 1778 
2.14035 -2.37611 -5 -0.149365 -0.177213 0.548968 3.83507 22 765 4881 4807 1 19.0795 19.0795 195 
0.804189 4.26188 -5 -0.00229099 0.104951 0.139794 3.88594 22 766 1740 1716 1 0.564616 0.564616 73 
-3.67219 -5 -3.72826 -0.340921 0.272353 0.0990512 3.84061 22 767 1543 1 1 10.9001 10.9001 151 
3.76448 5 -0.826989 5.5191 -3.72894 5.57676 3.83933 11 768 1426 1417 1 9.23839 9.23839 163 
3.92118 1.3856 -5 -0.539919 0.00219143 1.24291 3.82854 22 769 2884 2834 1 2.23059 2.23059 104 
-3.38908 -5 -0.696576 0.289335 0.414054 -0.0772285 3.93363 22 770 3940 3939 1 20.7996 20.7996 190 
2.64595 5 0.131115 -0.472531 -0.0163177 -0.193826 3.85483 22 771 1266 1265 1 84.0515 84.0515 719 
-4.70795 -5 2.70305 0.357268 1.90081 0.0805385 3.85612 11 772 2344 2142 1 51.766 51.766 480 
4.80357 3.12013 -5 -0.0972519 -0.112509 0.233996 3.8285 22 773 7279 7080 1 3.68358 3.68358 95 
1.81281 -5 -0.174623 0.261959 0.293021 -0.224638 3.93596 22 774 5269 5265 1 6.95294 6.95294 124 
0.424074 3.37954 -5 -0.985271 0.158126 0.79921 3.84378 22 775 4779 4158 1 2.70879 2.70879 43 
4.57925 4.93415 -5 4.57751 3.76756 9.63293 3.82774 11 776 1511 1436 1 43.4672 43.4672 499 
5 -3.59633 -2.95061 -0.069976 -0.0737234 0.236559 3.8305 22 777 1958 1937 1 4.41023 4.41023 116 
5 -0.863851 1.78947 -0.167555 0.0184729 0.266435 3.84693 22 778 1353 1 1 89.7205 89.7205 919 
0.17957 -0.327429 -5 -0.1928 3.5923 777.344 3.81931 11 779 1 0 1 141.89 141.89 1078 
5 3.56864 0.467995 -0.0581395 0.0474227 -0.130957 3.84548 22 780 3020 2808 1 19.9614 19.9614 297 
-3.15066 -0.00456499 -5 -0.261287 0.0248332 2.87571 3.82054 22 781 1388 1002 1 98.6285 98.6285 842 
2.15147 -4.23484 -5 -0.308973 -0.355077 6.2387 3.81998 22 782 3267 3007 1 85.667 85.667 735 
3.27468 5 2.73693 0.00841217 -0.265385 -0.0345642 3.8745 22 783 2281 2280 1 15.549 15.549 262 
-1.69525 -4.69566 5 -0.0558998 -0.178145 -0.475668 4.15413 22 784 14969 14968 1 0 0 10 
3.43904 -2.11719 -5 -0.312509 0.141325 1.57402 3.82011 22 785 2737 2614 1 26.2402 26.2402 348 
5 -2.69886 4.019 -0.216686 0.0305213 -0.123318 4.03222 22 786 2256 2235 1 18.2083 18.2083 243 
0.727037 -1.50854 -5 -3.14819 0.415744 17.755 3.82127 22 787 1442 1 1 23.4424 23.4424 263 
5 4.45397 -3.83239 -0.11068 0.041274 0.287611 3.82877 22 788 2374 2269 1 10.1313 10.1313 116 
5 -4.14642 0.0326441 -0.200646 -0.0839902 0.0743281 3.85526 22 789 4816 4800 1 12.8531 12.8531 173 
3.59768 5 -3.73081 -0.17893 -0.235466 -0.085807 3.86575 22 790 1973 1950 1 5.04941 5.04941 202 
5 1.12146 -2.69909 -0.504936 0.0649066 -0.0441182 3.84262 22 791 3472 3471 1 8.62412 8.62412 135 
2.2693 -1.10845 -5 -0.265574 0.246258 1.81414 3.82172 22 792 2548 2522 1 38.0922 38.0922 377 
5 1.74697 -2.5252 -0.319968 0.372889 0.140337 3.85657 22 793 1160 1157 1 10.4642 10.4642 132 
4.39347 -4.2868 -5 -4.75354 -3.00354 15.0324 3.82681 11 794 1 0 1 171.059 171.059 1265 
5 1.58848 0.56076 -0.245558 -0.221767 -0.192127 4.08959 22 795 5147 5145 1 0.0230935 0.0230935 6 
-5 -1.56294 -0.376474 0.289787 -0.0843993 0.0676537 3.86976 22 796 1103 1 1 6.34041 6.34041 153 
-0.0608593 -4.84566 5 -0.11042 0.0582877 -0.186394 3.9371 22 797 7063 7017 1 8.99635 8.99635 86 
-1.81222 -5 -4.36803 -26.4683 10.5676 5.24067 3.83804 -11 798 2383 2382 1 19.3355 19.3355 176 
4.33705 -4.48002 -5 -0.367313 0.0765406 7.09793 3.82013 22 799 1553 1439 1 60.9566 60.9566 465 
-3.34559 0.734254 -5 -0.608395 0.189421 0.684732 3.85738 22 800 4450 4431 1 4.7006 4.7006 38 
-4.14832 -1.06452 -5 -0.651594 0.0556618 2.03706 3.82929 22 801 9731 9641 1 2.31816 2.31816 29 
3.78722 -5 0.83374 -0.134046 0.024986 0.684645 3.84425 22 802 1055 1 1 14.6934 14.6934 160 
3.97406 -5 1.20021 -0.0548516 4.29787 -2.59119 3.87806 11 803 2806 2758 1 3.733 3.733 124 
2.68793 -1.21854 5 0.0714993 -0.158072 -0.480647 4.12404 22 804 2718 2716 1 45.9977 45.9977 492 
-0.267223 0.727276 -5 -0.169304 -0.069418 0.138871 3.85589 22 805 1308 1 1 16.6685 16.6685 227 
-4.33332 -4.59715 -5 0.405256 -0.0333585 0.309475 3.90187 22 806 1502 1500 1 21.4939 21.4939 124 
0.735466 2.44731 -5 -1.94956 -0.469159 3.77791 3.83074 22 807 2797 2770 1 9.06511 9.06511 164 
3.66218 -1.27151 5 -0.386999 -0.0202815 -0.333077 3.95362 22 808 1721 1720 1 0.355005 0.355005 36 
-1.10957 5 -0.425246 -0.5763 -0.280925 0.247873 3.87249 22 809 1949 1948 1 11.9815 11.9815 189 
5 1.18713 -3.51633 -1.10242 -0.359607 -1.2411 3.8462 11 810 2864 2837 1 6.8419 6.8419 62 
2.0971 3.56934 -5 -0.75715 0.50154 1.90886 3.83454 22 811 3261 3193 1 0.521146 0.521146 66 
-2.47051 -4.47668 -5 -0.263054 0.0965407 1.37325 3.82474 22 812 3302 2863 1 13.6454 13.6454 124 
1.75938 4.02127 -5 0.885103 6.77501 5.62301 3.83874 11 813 1426 1259 1 5.46207 5.46207 40 
-3.52705 -5 4.12288 -0.26132 0.345607 -0.234618 3.9129 22 814 1629 1598 1 103.764 103.764 969 
5 -4.94404 -3.144 -0.203691 0.243817 1.29851 3.82875 22 815 5624 5440 1 2.35523 2.35523 120 
1.10552 -2.76536 -5 -1.07364 -1.55115 8.4399 3.82534 22 816 1320 1 1 5.2726 5.2726 128 
-2.57212 3.96264 -5 -0.406877 -7.03216 62.0894 3.8202 22 817 1034 1 1 104.427 104.427 862 
5 -4.25685 -2.5332 -3.83004 1.03515 2.90313 3.83472 -11 818 1104 1103 1 7.02018 7.02018 103 
-0.0380527 -4.24247 -5 -0.362887 -0.379577 2.96861 3.8229 22 819 2746 2320 1 21.3498 21.3498 197 
4.08133 -2.12622 -5 -0.166438 0.182784 0.387054 3.8614 22 820 3805 3804 1 20.8835 20.8835 219 
5 4.06257 4.48506 -12.4415 0.276035 10.5651 3.85399 11 821 4737 2367 1 44.4754 44.4754 592 
-4.99854 0.378518 -5 -1.46619 -0.907037 3.04061 3.83848 22 822 2671 2500 1 3.7034 3.7034 48 
5 1.50618 3.50651 -0.282106 0.0663713 -0.00103566 3.90091 22 823 8702 8680 1 1.94286 1.94286 64 
-1.49067 1.33917 -5 -0.227977 0.128786 1.78408 3.82093 22 824 1777 1675 1 143.812 143.812 898 
5 -4.91475 -2.31114 -1.90813 -0.693378 2.94202 3.84064 -11 825 1467 1466 1 128.441 128.441 1159 
1.90884 2.28332 -5 -1.43808 -0.255983 2.35468 3.83069 22 826 1105 1104 1 1.64028 1.64028 16 
1.05131 -2.79475 -5 4.28315 -9.0018 11.6526 3.82525 -11 827 2094 2093 1 35.9717 35.9717 559 
3.88223 -0.260286 -5 1.12165 -4.05854 95.8197 3.8195 11 828 1 0 1 124.992 124.992 1060 
5 -1.93218 -1.39256 -0.357982 -0.219928 0.546166 3.84065 22 829 1632 1631 1 5.65469 5.65469 69 
0.0275497 0.672257 -5 -0.234273 -0.0704691 0.242164 3.83203 22 830 2878 1 1 37.5637 37.5637 399 
1.9249 -5 3.79381 -0.447202 0.0775303 0.39442 3.89612 22 831 2149 1 1 9.29247 9.29247 140 
-3.8996 -2.85107 -5 -0.108191 -0.0688664 0.574348 3.82704 22 832 1895 1791 1 9.1684 9.1684 170 
4.51908 -4.79836 -5 -0.789231 -0.80152 3.92788 3.82112 22 833 2712 2629 1 39.3404 39.3404 512 
3.59364 -5 4.06837 -0.0444444 0.124755 0.266121 3.85383 22 834 1073 1 1 11.4678 11.4678 191 
-3.17005 1.66782 -5 -1.65862 -0.991513 3.40154 3.82853 22 835 1773 1772 1 49.5072 49.5072 667 
5 -3.32517 -3.12539 -3.69222 3.29264 12.5058 3.83726 22 836 2989 2935 1 47.3523 47.3523 372 
1.92853 4.96746 -5 -15.5383 7.03351 18.933 3.82422 -11 837 6741 6740 1 36.1099 36.1099 476 
2.18314 -3.03536 -5 -0.756094 -0.742532 4.18253 3.82681 22 838 3994 3873 1 40.0042 40.0042 503 
3.5446 -1.37777 -5 -0.0272508 -0.0868287 1.78755 3.81994 22 839 2055 1 1 35.3101 35.3101 171 
1.44975 1.56191 -5 -0.00518692 -0.256986 0.274442 3.83324 22 840 1812 1793 1 8.80634 8.80634 174 
2.11778 -0.6131 -5 -0.225718 0.0275399 0.869306 3.82455 22 841 1463 1130 1 1.41432 1.41432 40 
4.38319 2.0112 -5 -17.001 5.99978 270.712 3.81948 11 842 2540 2086 1 90.9192 90.9192 925 
-2.56203 5 -2.5144 -0.254355 -0.0451781 0.53281 3.83284 22 843 1094 1 1 43.4773 43.4773 330 
5 3.66693 0.115095 -0.177082 -0.0267396 0.0514546 3.88114 22 844 3690 3606 1 1.1614 1.1614 61 
0.0290361 5 -0.699899 -0.265157 -0.34973 0.253543 3.91853 22 845 4979 4978 1 2.2929 2.2929 47 
5 -3.65802 -4.27577 -0.212371 -0.0395514 0.262776 3.89483 22 846 3778 3733 1 7.63014 7.63014 60 
-1.58515 -5 -1.32669 0.087123 0.278866 0.791504 3.83639 22 847 2370 1 1 18.616 18.616 379 
5 -0.677377 -0.927287 -1.17816 0.280957 1.49004 3.85227 22 848 1678 1589 1 0.352917 0.352917 49 
1.89903 -4.537 -5 -0.0581361 0.760962 4.17566 3.82239 22 849 3174 2912 1 7.07934 7.07934 125 
0.875293 -1.83725 -5 -0.311234 0.0304694 0.730123 3.82834 22 850 1932 1857 1 8.11874 8.11874 142 
5 4.68622 -2.73189 -0.424116 0.0946064 -0.192739 3.86472 22 851 3691 3690 1 5.54715 5.54715 103 
2.94901 -5 -2.78845 -0.375747 2.64232 -0.246518 3.89176 22 852 5523 5400 1 3.54593 3.54593 104 
3.24258 4.92072 -5 -0.0091801 0.250752 0.689996 3.83253 22 853 13656 13534 1 3.49885 3.49885 76 
3.7666 -5 -2.78258 -0.295205 0.413568 0.0541789 3.85576 22 854 1378 1376 1 0.46017 0.46017 54 
-0.918662 3.59298 -5 -0.778543 0.20313 12.4717 3.82317 22 855 1304 1293 1 21.5573 21.5573 229 
4.82805 1.84195 -5 -0.429349 0.580686 4.63576 3.82323 22 856 1835 1485 1 3.42621 3.42621 30 
5 1.08663 1.53239 -5.47987 -4.898 20.1935 3.84183 -11 857 1290 1289 1 21.8275 21.8275 259 
3.57485 5 3.73505 -2.663 -4.88037 1.26212 3.85658 11 858 5467 5466 1 7.45235 7.45235 53 
3.56047 5 -0.740331 0.837879 -2.72765 4.32867 3.86291 -11 859 1765 1764 1 4.037 4.037 57 
5 -2.88515 4.72007 -0.291762 -0.00256344 0.0932532 3.88669 22 860 1572 1553 1 21.6331 21.6331 220 
5 1.49306 -0.0561562 -15.0908 11.6424 48.0752 3.84033 11 861 1424 1060 1 31.0511 31.0511 272 
-0.111573 5 -4.64353 -3.07261 -0.577917 10.1477 3.82712 22 862 1771 1642 1 6.97616 6.97616 171 
5 -3.34366 3.4433 -0.476279 0.272292 -0.653741 3.92369 22 863 3388 3387 1 2.75753 2.75753 105 
5 -1.35662 -4.38434 -1.45355 -0.773748 -0.386328 3.98518 -11 864 3425 3424 1 7.39478 7.39478 101 
0.00636552 2.06881 -5 -1.67022 -0.86968 10.4724 3.82263 22 865 1127 1 1 17.2779 17.2779 302 
2.61318 -2.94808 -5 2.19442 -0.263827 32.4747 3.81948 -11 866 1839 1838 1 165.335 165.335 1284 
1.63086 -5 -2.82036 0.0052323 0.0739806 0.626832 3.83536 22 867 1333 1 1 0.355272 0.355272 39 
5 -3.22641 3.21871 -0.45715 0.161322 0.233865 3.8674 22 868 5758 5757 1 2.32631 2.32631 61 
5 -3.3954 -4.15882 -0.208922 -0.102565 -0.256795 3.88544 22 869 3749 3748 1 3.76557 3.76557 119 
5 0.866993 -2.78264 -1.61364 0.101437 4.62571 3.83079 22 870 2514 2337 1 6.81823 6.81823 131 
5 -3.14782 -4.58589 -0.435885 0.263948 -0.0381585 3.8615 22 871 1771 1770 1 5.71957 5.71957 143 
0.157629 -4.12115 -5 -0.460818 -0.204851 1.17518 3.84564 22 872 2066 1886 1 6.98234 6.98234 93 
5 1.30599 -1.6432 -0.242779 -0.0788386 0.181012 3.88698 22 873 2529 2506 1 15.2281 15.2281 233 
3.39123 -4.06563 -5 -0.86704 0.916579 7.00861 3.81937 22 874 1237 1236 1 96.5124 96.5124 830 
1.58193 0.609278 -5 -0.264017 0.176548 0.400307 3.84023 22 875 1212 1168 1 64.8115 64.8115 516 
4.87893 3.74439 -5 -0.196705 -0.314909 1.3501 3.82217 22 876 2738 2345 1 19.4185 19.4185 356 
0.153241 2.07198 -5 -2.87124 0.306111 4.32907 3.83207 22 877 4324 4296 1 7.76965 7.76965 90 
3.48941 -1.00902 -5 -0.287284 -8.28289e-05 0.269461 3.84202 22 878 3179 1 1 1.37943 1.37943 21 
5 -3.12916 -3.18155 -0.287743 0.243076 0.17872 3.87611 22 879 10929 10903 1 5.9564 5.9564 109 
-2.46721 5 -4.54313 0.54415 -0.337292 1.83295 3.83055 22 880 1253 1140 1 57.6122 57.6122 604 
3.15088 -0.144338 5 0.746067 0.163674 -2.41095 3.90394 11 881 2638 2495 1 19.2063 19.2063 298 
2.31382 5 0.568344 0.137941 -0.061481 0.0843383 4.04968 22 882 1442 1418 1 2.67288 2.67288 154 
-2.89377 -5 -0.106707 -0.268891 0.0868797 0.00324961 4.10614 22 883 16900 16899 1 1.20169 1.20169 40 
4.76522 3.02337 -5 -3.8247 1.35471 26.2459 3.82156 22 884 1216 1 1 11.3615 11.3615 166 
5 -4.64238 0.813626 -1.30709 -0.274989 1.5072 3.84962 22 885 3153 3152 1 21.2288 21.2288 202 
5 4.55636 2.50331 -0.483018 0.00280381 0.889814 3.85945 22 886 4790 4666 1 0.619686 0.619686 30 
5 4.88123 4.43216 -0.230402 0.169689 0.276558 3.86656 22 887 1299 1 1 4.74572 4.74572 145 
1.32319 4.63056 -5 -0.262489 27.0988 241.798 3.81949 11 888 1 0 1 158.25 158.25 1790 
0.553007 5 -0.448946 -0.0692937 -0.270315 0.0374499 3.87646 22 889 3490 3489 1 9.68299 9.68299 102 
-3.571 3.99565 -5 -0.251695 0.135994 0.462083 3.832 22 890 1827 1477 1 35.4896 35.4896 313 
2.40475 4.79806 -5 -0.458683 0.319967 16.5091 3.8195 22 891 1910 1 1 94.7016 94.7016 672 
5 -3.48217 -2.80781 -0.477004 0.011523 0.70084 3.83922 22 892 2651 1 1 24.9859 24.9859 362 
5 1.86425 -1.81407 -2.65724 -1.48856 14.3026 3.83332 22 893 1733 1319 1 3.86604 3.86604 156 
-3.81492 -2.05695 -5 -0.218457 0.184462 0.423521 3.82647 22 894 1527 1489 1 0.326191 0.326191 16 
4.43613 4.44817 -5 -1.2758 0.923085 6.48376 3.82234 22 895 1481 1 1 21.9722 21.9722 206 
2.94182 -0.524611 -5 -0.121639 0.3273 0.373094 3.8497 22 896 1565 1534 1 4.55469 4.55469 68 
-4.66437 -0.490432 -5 -4.68994 0.429471 10.2042 3.82461 22 897 1004 1 1 97.7432 97.7432 924 
5 -3.99638 1.75142 -0.164807 0.273155 1.04179 3.85396 22 898 7293 7117 1 7.57409 7.57409 84 
3.10799 5 -1.31076 -2.4097 -0.643663 11.9666 3.83494 22 899 1724 1486 1 7.90744 7.90744 147 
5 -3.40789 0.376054 -1.5813 1.08104 2.7223 3.86001 22 900 1261 1205 1 0.274299 0.274299 29 
5 1.9367 -2.054 -0.253896 0.265108 0.355492 3.91199 22 901 3766 3763 1 3.67538 3.67538 25 
4.43112 4.4215 -5 -4.81528 0.234585 9.51929 3.82127 11 902 1 0 1 38.2803 38.2803 444 
5 -3.59539 -2.41719 -0.325978 -0.0970038 4.93524 3.82881 22 903 5032 4626 1 8.49439 8.49439 151 
1.2338 -3.56957 -5 0.00963566 -0.0105417 2.05336 3.81933 22 904 1581 1 1 105.231 105.231 1069 
-5 -4.83461 2.34637 0.485228 -0.0828671 -0.137136 3.98683 22 905 3095 3091 1 6.57334 6.57334 87 
5 0.254203 1.06575 -5.29806 -1.18351 -5.60035 3.88195 11 906 1479 1478 1 2.92899 2.92899 38 
5 4.54875 -4.28823 -0.0613723 -0.131645 -0.0418303 3.84816 22 907 1505 1504 1 147.114 147.114 1319 
-0.318016 4.60241 -5 -1.13038 0.333932 1.70132 3.82407 22 908 2691 1 1 42.0701 42.0701 301 
-3.60368 -1.23343 5 -0.245819 -0.0403326 -0.446168 4.04161 22 909 1488 1486 1 13.856 13.856 209 
-0.0645096 -3.49465 -5 -0.108059 -0.0589926 0.379609 3.82331 22 910 2521 2367 1 73.8727 73.8727 616 
2.36823 0.43418 -5 -0.525398 0.2106 2.33732 3.8268 22 911 1068 1 1 75.9831 75.9831 705 
0.0830286 1.26292 -5 -0.172848 -0.490319 0.467362 3.84339 22 912 3218 3095 1 8.52304 8.52304 84 
2.33027 4.99294 -5 -1.11313 0.695916 1.5564 3.84799 22 913 7066 7048 1 0 0 9 
-0.851322 0.870267 -5 0.0174491 0.241458 0.459244 3.83294 22 914 4510 4392 1 12.0398 12.0398 255 
5 2.9608 3.61494 -0.246287 0.147294 0.299058 3.92796 22 915 1640 1639 1 17.5623 17.5623 172 
0.733393 0.202242 -5 5.21117 19.0461 38.7552 3.82114 11 916 1 0 1 128.89 128.89 1065 
0.992122 1.22564 5 0.0165189 -0.171543 -0.338414 3.98468 22 917 1485 1441 1 45.8213 45.8213 433 
0.125005 3.12662 -5 -12.0936 5.49056 11.0713 3.83272 -11 918 3184 3183 1 6.95322 6.95322 49 
-0.0292012 4.77056 5 0.0306515 0.0834454 -0.187136 4.01339 22 919 2324 2074 1 64.423 64.423 532 
5 -2.48635 -4.47662 -1.94273 -0.65615 2.75178 3.84203 11 920 1567 1542 1 7.15489 7.15489 154 
5 4.70478 1.88543 -0.184115 -0.0418335 0.603652 3.84535 22 921 2176 2121 1 24.0078 24.0078 293 
-0.777319 -1.0438 -5 -0.0082658 0.084457 0.286714 3.91877 22 922 2820 2665 1 7.2339 7.2339 56 
1.99267 4.65266 -5 1.9992 1.03213 6.33276 3.82225 11 923 1 0 1 194.986 194.986 1554 
-3.59653 4.79267 -5 -0.11528 -0.632257 1.4068 3.83962 22 924 1497 1 1 28.1272 28.1272 338 
5 -3.21885 4.68952 -0.258959 0.188677 0.244938 3.85999 22 925 1751 1634 1 19.2671 19.2671 227 
0.733414 3.90144 -5 -0.758815 -0.142605 8.92978 3.8199 22 926 1203 1 1 61.5686 61.5686 585 
5 1.71604 -0.40206 -0.374096 -0.110069 -0.330237 3.90938 22 927 6241 6237 1 10.0968 10.0968 174 
4.60137 3.36538 -5 -2.36483 4.02316 162.266 3.81961 11 928 1 0 1 40.0057 40.0057 357 
-2.19989 -1.31171 -5 -0.216214 -0.103528 0.289342 3.85527 22 929 2098 2096 1 3.63506 3.63506 39 
-2.52717 1.5901 -5 0.59459 0.0922473 1.19624 3.87122 22 930 1001 1 1 13.1474 13.1474 120 
4.9057 -1.03232 -5 0.0540946 0.0790812 1.12159 3.81957 22 931 1240 1 1 70.218 70.218 494 
-1.29178 -1.35241 -5 -0.0232042 0.196234 0.56671 3.83966 22 932 1662 1569 1 5.68786 5.68786 126 
2.45392 5 -0.501677 -0.405007 -1.18801 1.99326 3.83709 11 933 1615 1393 1 125.205 125.205 1058 
4.21452 4.97917 -5 -0.391677 -0.186666 0.232908 3.84162 22 934 3561 1284 1 6.74213 6.74213 159 
1.93511 1.67545 5 0.244046 0.0449804 -0.426341 4.12916 22 935 2569 2567 1 3.61826 3.61826 77 
5 -1.78389 -2.36616 -33.0364 -15.4794 132.736 3.83012 11 936 1 0 1 22.2745 22.2745 221 
1.20045 1.96148 -5 -1.08985 0.614034 1.94121 3.82671 22 937 1831 1830 1 8.16725 8.16725 121 
-0.39967 -0.379545 -5 -1.01531 -0.252609 1.17026 3.84622 22 938 2507 2506 1 11.6551 11.6551 302 
4.44709 5 -4.55894 0.470061 -2.32422 -0.589851 3.8438 11 939 3820 3787 1 2.02564 2.02564 37 
2.24391 5 1.66623 -0.0825948 -0.169214 -0.188466 3.93136 22 940 8421 8260 1 7.46782 7.46782 129 
-1.67968 -5 -4.76949 -1.35814 2.773 10.0278 3.82337 -11 941 1024 1023 1 91.2358 91.2358 664 
5 -2.66809 2.05768 -0.0953402 -0.0479674 -0.0156666 3.88195 22 942 1300 1267 1 5.33382 5.33382 108 
5 -3.27927 4.48882 -0.313803 0.234317 0.214999 3.90362 22 943 8413 8412 1 0.379728 0.379728 34 
5 -0.568712 -3.68855 -0.504591 0.0741123 0.255601 3.83884 22 944 1537 1 1 11.9656 11.9656 154 
4.45863 5 -4.95668 -0.11833 -0.21022 -0.0886602 4.15792 22 945 4347 4321 1 22.567 22.567 152 
-1.04676 1.99213 5 -0.366854 0.350986 -0.0578478 3.89405 22 946 3645 3644 1 0.119368 0.119368 12 
5 -2.26825 2.77212 -0.206183 0.182002 0.767297 3.855 22 947 2659 2466 1 8.38893 8.38893 115 
-3.44675 -2.87639 5 -0.194461 0.0146739 -0.177103 3.93504 22 948 2118 1675 1 26.782 26.782 219 
-2.20772 2.89735 -5 -0.0265682 0.00492038 0.0125239 3.8922 22 949 5747 5739 1 22.0979 22.0979 284 
1.97343 5 -2.99105 -0.0464212 -0.0888935 -0.0753882 3.92291 22 950 1001 1 1 11.3916 11.3916 94 
5 -0.667664 -4.41832 -0.259283 -0.00391904 0.24846 3.83444 22 951 1439 1 1 5.13397 5.13397 94 
5 2.21497 -1.04615 -1.43083 -1.02571 2.27494 3.87342 11 952 1 0 1 19.4001 19.4001 144 
5 -1.45701 1.58687 -1.61979 1.19413 2.60635 3.84234 -11 953 3201 3200 1 34.9175 34.9175 380 
5 -1.98532 1.79423 -0.673323 0.122456 -0.384522 3.92088 22 954 6706 6668 1 0.984629 0.984629 21 
-4.23395 -3.9316 -5 -0.49378 0.0407012 0.906013 3.83197 22 955 1180 1179 1 6.00562 6.00562 82 
2.67966 -0.982889 -5 -4.99437 0.820164 8.69869 3.83358 22 956 11476 11408 1 6.27284 6.27284 37 
5 2.80627 -0.349365 -12.9883 -2.35315 7.90216 3.84301 11 957 1 0 1 20.1047 20.1047 200 
5 -3.59264 4.28703 -0.303785 -0.0296414 -0.031999 3.92449 22 958 2793 2298 1 0.123692 0.123692 18 
5 -3.44565 4.08462 -0.0991509 0.0116819 0.915464 3.85135 22 959 1351 1207 1 4.97603 4.97603 116 
5 2.1653 -4.8155 -0.128545 -0.0884861 -0.0086321 3.849 22 960 1217 1 1 2.5682 2.5682 69 
-1.08421 -0.584224 5 -0.280414 -0.470486 -0.501546 3.94644 22 961 1237 1178 1 0.697198 0.697198 52 
-4.11102 -5 4.57543 -0.153885 0.173076 0.709987 3.85645 22 962 3376 2953 1 16.9663 16.9663 230 
5 2.02487 -0.911698 -0.940292 -0.647384 1.11674 3.84212 22 963 3785 3309 1 19.614 19.614 175 
4.99793 4.38383 -5 -12.026 4.97443 53.7053 3.82113 11 964 3221 3194 1 40.1879 40.1879 273 
5 -0.666728 4.49246 -0.554745 -0.840175 1.14469 3.85643 22 965 1162 1142 1 3.10412 3.10412 50 
2.86819 -5 3.57923 0.0287606 0.464252 0.211572 3.86364 22 966 2246 2216 1 20.9846 20.9846 236 
1.16377 3.50526 -5 10.0678 1.54912 336.688 3.81934 11 967 1 0 1 107.311 107.311 1026 
-2.26379 -5 4.18808 0.0223595 0.0167425 0.0103279 3.8504 22 968 2627 2616 1 91.5404 91.5404 1077 
-2.57732 -2.46403 5 -0.222868 0.0184887 -0.249673 4.07948 22 969 3727 3726 1 0.535108 0.535108 37 
3.29426 3.35946 -5 -12.434 -1.78194 112.784 3.82045 11 970 1 0 1 109.71 109.71 965 
-2.44265 -3.70572 -5 -0.811001 -0.659423 3.81497 3.82436 22 971 1835 1 1 11.3688 11.3688 103 
5 -2.68059 -1.21871 -4.33515 0.95469 8.59335 3.83815 11 972 1817 1740 1 19.6566 19.6566 193 
2.74228 3.94428 -5 -0.0523323 0.168966 0.293769 3.86985 22 973 2305 2259 1 7.73646 7.73646 122 
-2.13432 0.770737 -5 -0.00832182 -1.64246 6.48433 3.82234 22 974 1803 1718 1 147.807 147.807 1117 
4.40209 4.7556 5 -0.403628 -0.10902 -0.2938 3.96854 22 975 1101 1100 1 73.1596 73.1596 673 
5 -1.5022 3.7821 -0.098637 -0.13957 -0.256912 3.95066 22 976 1252 1218 1 94.2099 94.2099 918 
-2.43758 -4.01596 -5 -1.63659 -0.306241 4.59701 3.82497 22 977 2095 1 1 12.6587 12.6587 236 
5 3.23072 4.19257 -0.298065 0.0809009 0.650043 3.86103 22 978 2212 2148 1 10.7684 10.7684 172 
5 -4.44038 -1.90126 -0.426123 0.144017 -0.242484 3.96014 22 979 4992 4990 1 15.125 15.125 199 
4.57593 -1.96986 -5 -6.27759 -5.95719 28.8038 3.82715 11 980 1 0 1 8.35433 8.35433 43 
-3.40517 1.68446 5 -0.386266 -0.0822911 -0.324263 4.04738 22 981 2174 2145 1 8.87326 8.87326 121 
2.79239 1.17663 -5 0.101332 -0.0682943 3.08541 3.81996 22 982 1385 1 1 73.8605 73.8605 746 
-3.11794 4.46202 -5 -1.98492 0.0498597 8.33642 3.82517 22 983 8123 7738 1 12.2475 12.2475 171 
4.11411 -4.62489 -5 -0.0686225 -0.11961 2.74926 3.82002 22 984 1607 1175 1 45.3056 45.3056 583 
0.529566 1.46972 -5 -0.497598 0.746501 1.1349 3.83332 22 985 3170 3038 1 25.2245 25.2245 275 
5 0.545921 -3.61876 -0.322729 0.154971 0.862454 3.82949 22 986 5507 5370 1 6.63287 6.63287 90 
5 0.559697 -2.5502 -0.5102 0.0224617 0.0176481 3.86466 22 987 6825 6824 1 0.538408 0.538408 31 
1.74146 -5 -1.35146 -0.14386 0.143764 -0.0772594 3.89139 22 988 2837 2815 1 9.09583 9.09583 84 
-5 3.07553 -4.95912 0.235968 -0.133694 -0.0559787 3.87919 22 989 1165 1164 1 30.9204 30.9204 264 
3.02811 3.54054 -5 -1.79943 8.14183 214.31 3.81942 22 990 1083 1 1 190.099 190.099 1291 
1.13498 -4.25716 -5 -0.118019 0.148729 0.224865 3.85348 22 991 5767 5766 1 1.1887 1.1887 90 
4.94897 -5 2.64265 -0.0111956 0.0400552 0.285401 3.84663 22 992 6957 6926 1 19.7326 19.7326 203 
-2.61422 1.56536 -5 -1.00234 -0.128321 3.17231 3.82618 22 993 2959 2807 1 18.3351 18.3351 195 
5 0.947017 1.23434 -0.312388 0.328329 0.566189 3.85212 22 994 1448 1435 1 12.2332 12.2332 84 
2.42132 -0.570934 -5 2.96566 -5.16297 89.585 3.81938 -11 995 1874 1873 1 161.203 161.203 1311 
3.53266 -1.54399 -5 0.902373 -0.270857 48.7256 3.81941 22 996 2888 2626 1 156.769 156.769 1345 
5 2.12479 -3.88122 -1.36182 0.817025 2.64523 3.82899 22 997 1426 1194 1 2.70084 2.70084 141 
2.06882 4.19598 -5 0.541824 1.2957 19.5712 3.81983 22 998 3619 3299 1 166.605 166.605 1251 
0.842395 -5 3.07797 -1.25281 0.0816491 -0.465127 3.9053 22 999 1377 1376 1 95.0322 95.0322 889 
3.3355 -4.64017 -5 -3.20918 -3.2922 19.7516 3.82382 22 1000 3809 3562 1 11.1237 11.1237 340 
