# Det4_3_11
#x y z Px Py Pz t PDGid EventID TrackID ParentID Weight Edep VisibleEdep Ntracks
-4.53318 -1.98449 5 -0.534893 -0.869592 -0.390007 3.85491 22 1 1791 1790 1 2.09775 2.09775 128 
-4.1332 -5 -2.60247 0.0203155 0.205775 0.073335 3.79996 22 2 1160 1 1 0.319347 0.319347 35 
5 4.30202 2.89048 -0.152905 -0.0461947 -0.252388 3.84048 22 3 23619 23606 1 3.36014 3.36014 109 
4.65769 5 -1.67172 -0.265985 -0.257229 -0.0996817 3.85058 22 4 17466 17465 1 0.178969 0.178969 10 
-3.07109 -3.35761 -5 -0.225147 -0.178551 0.154628 3.76911 22 5 4277 4275 1 5.76084 5.76084 40 
-0.160879 5 1.79476 -0.148021 -0.222676 0.313094 3.82833 22 6 21439 21436 1 0 0 2 
4.14753 5 -1.55958 -0.0216394 -0.210328 0.0771735 4.18496 22 7 5367 5358 1 0.224849 0.224849 22 
-2.08902 5 2.244 -0.236805 -0.341897 0.369906 3.73319 22 9 12230 12041 1 12.5582 12.5582 178 
4.05377 4.79752 -5 -0.208243 0.107021 0.308247 3.7264 22 10 12295 12294 1 0 0 5 
-2.16505 0.0346744 -5 -0.685455 -1.12196 0.831918 3.75133 22 11 7915 7752 1 0.0774375 0.0774375 5 
5 -4.28837 -1.65541 -0.214054 -0.356569 -0.184828 3.86544 22 12 19289 19287 1 0.247019 0.247019 26 
4.7748 5 1.65742 -0.665146 -1.06445 -0.733308 3.86744 22 14 39772 39771 1 0 0 1 
-0.31953 -0.111426 5 -0.33251 0.0224473 -0.345495 3.83491 22 15 7025 7023 1 0.790906 0.790906 68 
4.06611 -0.244771 -5 0.443405 4.30063 3.5949 3.7317 -11 16 1706 1705 1 2.29237 2.29237 8 
4.86723 5 2.56786 -0.132598 -0.0954584 0.0873283 3.73323 22 17 5724 5682 1 1.3745 1.3745 57 
1.85844 0.440079 -5 -0.251017 -0.541793 0.61626 3.72656 22 18 2622 2557 1 0.477606 0.477606 7 
-2.92233 -1.9839 -5 0.031606 -0.496961 0.0803823 3.78223 22 19 6705 6704 1 15.0263 15.0263 198 
-0.706503 5 3.72543 -0.244067 -0.361275 -0.266518 3.8491 22 20 2211 2210 1 0 0 3 
5 4.68295 2.7251 -0.314398 -0.105418 0.179141 3.79682 22 21 7816 7784 1 0.401974 0.401974 56 
5 3.2824 -0.474839 -0.421961 -0.0450615 0.0209266 3.75952 22 23 1077 1076 1 0.381187 0.381187 20 
-4.25182 2.10966 5 -0.185116 -0.469718 -0.0788504 3.80582 22 24 2692 2688 1 0 0 7 
-4.17069 2.57204 5 -0.117952 -0.339273 -0.363457 3.91917 22 25 2498 2466 1 0.0531385 0.0531385 10 
4.43795 5 -3.19732 -0.342163 -0.364468 0.105867 3.7417 22 26 24369 24318 1 0 0 8 
4.15726 1.56339 -5 -0.335988 0.0297874 1.17603 3.73452 22 27 1001 1 1 0.20444 0.20444 23 
1.50533 2.70496 -5 -5.70772 -6.90707 34.8316 3.69229 22 28 2994 2827 1 8.43141 8.43141 78 
2.9095 5 -0.825888 -0.100518 -0.294614 -0.052364 3.80542 22 29 2283 1 1 7.96313 7.96313 96 
5 4.21606 0.177183 -0.130818 -0.137745 -0.0370324 3.71584 22 30 1376 1 1 4.96974 4.96974 148 
-4.26516 5 -0.603101 -0.260952 -0.276798 -0.32875 3.91283 22 31 31714 31666 1 1.03363 1.03363 73 
-4.11637 5 -2.36107 -0.247665 -0.396071 0.298498 3.73753 22 32 20693 20692 1 0.210029 0.210029 7 
1.91362 5 0.295659 -0.286363 -0.728761 0.241834 3.75882 22 33 4105 4027 1 1.04237 1.04237 30 
1.81951 0.455893 -5 -0.804894 -1.35586 2.17853 3.71964 22 34 6093 5966 1 4.56685 4.56685 25 
3.54979 5 4.70486 0.998456 -1.76146 -0.208965 3.76348 22 35 5972 5953 1 41.7725 41.7725 304 
-4.75138 5 -2.88445 -0.982326 -1.61105 0.234166 3.78577 22 36 1348 1326 1 6.44235 6.44235 131 
2.13496 2.99994 -5 -0.194775 -2.75459 3.54931 3.69952 22 37 1065 1024 1 0 0 8 
-1.38429 2.82941 5 -0.24156 -0.11343 -0.388178 3.9536 22 38 17397 17349 1 0.155351 0.155351 26 
2.08487 5 -1.82265 -0.0403418 -0.193936 0.471043 3.71434 22 39 4581 4555 1 0.15055 0.15055 27 
2.29638 5 2.40665 0.199016 -0.611073 1.29776 3.72404 22 40 1127 1 1 0.727277 0.727277 23 
5 -0.164844 -0.261099 -0.114565 -0.0714823 -0.142583 3.862 22 41 26669 26495 1 0.196054 0.196054 27 
-4.1525 0.365899 5 0.0658585 -0.121873 -0.184919 3.98506 22 42 3477 3474 1 0.535783 0.535783 44 
0.91717 5 -1.69286 -1.60968 -1.9286 2.71927 3.73908 22 43 7230 7175 1 0 0 1 
3.98164 5 4.80802 0.046852 -2.09628 5.74425 3.73056 22 44 1271 1 1 0 0 1 
4.81397 5 1.07625 -1.04364 -0.686861 0.444742 3.75296 22 45 6554 6501 1 0 0 2 
-4.8367 5 -4.74058 -0.305829 -0.496022 -0.183479 3.7702 22 46 44703 43330 1 0 0 2 
2.11629 4.79929 -5 -0.79949 -0.135979 1.05635 3.71386 22 47 4188 4143 1 0.781365 0.781365 29 
-2.04805 1.07158 -5 -2.46962 -1.52968 17.7687 3.70168 -11 48 10998 10997 1 9.4004 9.4004 172 
-4.13184 5 1.72212 -0.148059 -0.202177 -0.0855028 3.80186 22 49 1224 1 1 9.50229 9.50229 133 
1.7552 -1.70905 5 -0.0863932 -0.211652 -0.302033 3.82214 22 50 16511 16336 1 0.122043 0.122043 29 
0.529679 2.61381 5 -0.417099 -1.95357 -1.94389 3.83484 22 51 2884 2883 1 0.618408 0.618408 43 
-3.55785 5 -3.53107 0.0921299 -0.342784 0.212196 3.87504 22 52 18724 18723 1 0.0470583 0.0470583 7 
-0.169405 5 1.30406 -0.044779 -0.208087 -0.464559 3.94665 22 53 10108 10086 1 0.829725 0.829725 39 
4.8939 5 1.97959 0.0969659 -0.497041 -0.0683239 3.79887 22 54 4281 4280 1 0 0 8 
5 1.07699 2.83153 -0.212003 -0.235885 0.348972 3.73444 22 55 7427 6777 1 0 0 10 
0.996371 -2.14522 5 -0.0939476 -0.208532 -0.456955 4.17075 22 56 19168 19165 1 0 0 2 
0.983649 5 -3.20197 -0.220047 -0.260994 -0.0844566 3.82134 22 57 9874 4941 1 0 0 1 
3.79032 1.16254 -5 -0.612577 -0.398805 0.771097 3.70114 22 58 5235 3264 1 2.5811 2.5811 70 
1.10574 5 2.53539 -0.55466 -0.728853 0.732169 3.74158 22 59 6993 6944 1 1.26083 1.26083 31 
0.426558 5 3.0414 0.0313493 -0.15487 -0.00674546 3.7634 22 60 18402 18345 1 0.15785 0.15785 22 
3.11836 5 4.15504 -2.9216 -3.53464 14.1288 3.72142 22 61 2535 2352 1 2.24668 2.24668 49 
5 4.94247 1.7119 -0.954481 -0.0425306 0.497202 3.72592 22 62 3629 3340 1 8.86801 8.86801 143 
1.49245 -3.04361 -5 -1.30501 -2.32344 7.2164 3.7007 22 63 1207 1156 1 0 0 6 
0.152078 5 -0.102086 -0.317482 -0.354771 -0.185642 3.79058 22 64 2484 2483 1 0.254976 0.254976 8 
3.83854 5 4.47019 -0.139252 -0.135667 -0.117403 3.85125 22 65 22216 21480 1 9.0412 9.0412 148 
2.62166 5 0.164007 -0.313931 -0.48439 0.0332478 3.79575 22 66 6992 6942 1 0.283108 0.283108 9 
0.290146 -0.120815 -5 -0.740203 -1.65841 3.8966 3.70036 22 67 1935 1823 1 0.245969 0.245969 6 
-5 3.67447 4.13693 0.0276382 0.0737518 0.110404 3.9079 22 68 12581 12580 1 0.362794 0.362794 35 
-4.12791 5 4.84283 -0.668766 -0.939137 1.25214 3.76439 22 69 1056 1 1 0 0 2 
-2.30624 5 -4.79752 -0.451861 -0.172881 -0.164479 3.77701 22 70 5767 5743 1 0 0 5 
-5 -4.51877 -1.83845 0.209548 -0.205641 -0.0548705 4.09457 22 71 10591 10590 1 0.77385 0.77385 4 
5 2.80102 0.509689 -0.150055 -0.338036 0.0253428 3.75786 22 72 6752 6690 1 0.0991861 0.0991861 7 
4.04283 3.64309 -5 -0.157357 -0.364301 0.389005 3.70763 22 73 2892 2835 1 0 0 8 
0.237251 3.09871 -5 -0.201376 -0.706958 1.24954 3.7025 22 74 1618 1 1 1.27371 1.27371 36 
-0.987211 -3.70831 5 -0.0548946 -0.248356 -0.497156 4.10207 22 75 9799 9798 1 0.409327 0.409327 16 
4.72323 2.3427 -5 -0.0255319 -0.253446 0.442982 3.75481 22 76 1949 1948 1 5.79658 5.79658 49 
-3.00927 5 3.47381 -0.579498 -2.69715 0.642867 3.81027 22 77 4205 4138 1 0.510545 0.510545 39 
5 0.211777 4.12775 -0.336803 -0.268228 1.41257 3.73563 22 78 1081 1 1 0 0 9 
-1.47141 5 -1.71469 0.00219004 -1.0213 0.999712 3.71547 22 79 5588 5530 1 2.95593 2.95593 75 
1.13875 5 0.173245 -0.213045 -0.158482 0.436595 3.74481 22 80 30147 30146 1 0.126026 0.126026 14 
5 -2.05715 2.89927 -22.0701 12.0636 2.8423 23.6118 2112 81 8239 8235 1 0.349381 0.349381 15 
4.02279 3.1605 5 -0.291922 -0.0131648 -0.0602146 4.03649 22 82 6883 6853 1 6.27617 6.27617 110 
3.05338 4.96965 5 -0.027229 -0.262264 -0.158603 3.79448 22 83 12307 12306 1 0 0 4 
-0.0791254 -3.95034 5 -0.233557 -0.243264 -0.383919 4.05181 22 84 12957 12956 1 0 0 3 
0.788768 5 2.53364 -0.00379945 -0.544911 1.53951 3.72287 22 85 5573 5541 1 0.51046 0.51046 42 
2.12368 5 0.955795 0.152224 -0.0890185 -0.0277975 3.84611 22 86 13274 13273 1 0.299261 0.299261 44 
-0.568571 0.190764 5 -0.11347 -0.218437 -0.243113 3.86335 22 87 3114 1 1 0.604147 0.604147 52 
3.26937 5 1.74246 -0.332798 -0.31695 0.0764866 3.74215 22 88 6078 6077 1 1.13145 1.13145 60 
-4.29608 4.00974 5 -0.281835 -0.240871 -0.247236 3.84231 22 89 5466 5446 1 0 0 4 
3.14315 5 -1.28934 -10.7564 -12.7518 5.37173 3.72925 -11 90 38676 38675 1 5.24543 5.24543 9 
5 -4.51656 0.260415 -0.0166004 0.00873021 0.142762 4.01508 22 91 2252 2251 1 0.375612 0.375612 10 
4.34948 5 1.88786 -0.261208 -0.425022 -0.110663 3.82928 22 92 15265 15262 1 0 0 6 
1.25808 3.56278 -5 -0.0761739 -0.318058 0.0740962 3.73003 22 93 2187 2186 1 0.241989 0.241989 10 
0.104828 5 -2.73862 -0.119185 -0.437833 0.169319 3.7666 22 94 1845 1844 1 0.023697 0.023697 6 
5 1.44068 1.02909 -0.0679421 0.374435 0.341032 3.71601 22 95 2424 2422 1 14.9342 14.9342 284 
-1.3997 5 -3.05695 -0.335979 -0.357231 0.143612 3.76924 22 96 1458 1457 1 10.1494 10.1494 125 
1.75599 -3.53639 -5 0.398985 -2.30697 1.76222 3.72581 22 97 9486 9471 1 0.61484 0.61484 69 
-1.50905 5 0.096989 -0.147396 -0.209208 0.105139 3.73508 22 98 10342 8410 1 1.35331 1.35331 116 
5 0.815429 1.26662 -2.20793 -4.2596 4.62002 3.721 22 99 3055 3005 1 5.35206 5.35206 153 
1.12376 5 3.43816 -0.260301 -0.331548 0.109547 3.75099 22 100 1669 1583 1 0.62446 0.62446 13 
-2.82098 1.70646 -5 -0.148917 -0.362567 0.0319904 3.77049 22 101 10592 9906 1 0 0 5 
5 -1.90588 -2.9989 -0.462041 -0.218225 -0.00398501 3.81994 22 102 14947 14944 1 0 0 1 
5 -4.28512 -1.54375 -0.203631 0.15872 -0.0945653 3.97756 22 103 21392 21391 1 0.274595 0.274595 24 
-3.69705 5 -0.994743 0.0316056 -0.369532 -0.157124 3.80694 22 104 3010 2989 1 0 0 8 
4.63592 5 -2.30028 -0.781853 -3.6182 2.6083 3.73214 22 105 4349 4348 1 0 0 9 
3.55742 2.49727 -5 -0.0605124 -0.505673 1.77053 3.69358 22 106 19853 1 1 1.03238 1.03238 10 
5 -4.96395 -2.88204 -0.316624 -0.75265 0.175695 3.76189 22 107 15958 15955 1 0 0 1 
-1.65624 -4.46629 5 -0.0930419 -0.40571 -0.296416 3.93692 22 108 2720 2679 1 0.247413 0.247413 7 
4.0491 2.41521 5 0.15261 0.0066358 -0.151639 3.84792 22 109 3495 3492 1 16.6854 16.6854 176 
-2.00602 5 1.52945 -0.289003 -0.215044 0.362426 3.76135 22 110 11427 11396 1 7.89291 7.89291 127 
2.23256 5 4.42196 -0.107186 -0.10925 0.0569503 3.73896 22 111 9100 9067 1 2.22827 2.22827 36 
-2.14198 -0.306406 -5 -0.358744 -1.25144 0.42225 3.74386 22 112 6679 6660 1 0.287608 0.287608 6 
-1.83354 5 -4.4467 0.158869 -0.205967 -0.00696842 4.02809 22 113 21272 21271 1 0 0 1 
1.54015 5 -0.187584 -0.239778 -0.910924 1.06151 3.73364 22 114 3501 3432 1 0 0 3 
-4.65385 5 4.67993 -0.109128 -0.084334 0.0457141 3.86286 22 115 2605 2580 1 0.114169 0.114169 19 
-3.75989 -3.76013 5 0.115494 -0.275261 -0.218259 3.82945 22 116 15773 15758 1 1.48554 1.48554 48 
0.386378 5 -3.04177 -0.851795 -9.16275 0.484329 3.70455 -11 117 3808 3807 1 24.0487 24.0487 241 
4.60881 -3.77845 5 -0.269705 -0.073273 -0.277428 4.3619 22 118 7996 7992 1 7.1416 7.1416 81 
-0.493313 -0.473735 5 -0.129327 -0.0155237 -0.435029 3.93586 22 119 21135 21134 1 0.406536 0.406536 37 
4.14494 2.13502 -5 -0.0528357 -1.43797 2.26257 3.69742 22 120 7506 7225 1 7.55842 7.55842 155 
3.81346 5 -1.00865 -0.255125 -0.879672 1.06943 3.7076 22 121 5033 4656 1 1.98713 1.98713 128 
-1.18974 4.75657 5 -0.154206 -0.186513 -0.450059 4.07033 22 122 2015 2014 1 0.0651903 0.0651903 23 
5 2.17165 3.16708 -0.199363 0.00999517 0.125892 3.75443 22 123 18347 18346 1 0.145687 0.145687 5 
-0.523219 5 1.42606 -0.00532097 -1.4421 0.511311 3.73493 22 124 19627 19557 1 0.0408529 0.0408529 7 
4.91387 0.96324 5 0.00797114 -1.97345 -3.25553 3.90215 22 125 16107 16043 1 0.245349 0.245349 22 
5 0.753164 -2.46998 -0.442254 -0.626131 2.0868 3.70847 22 126 35375 35374 1 0 0 9 
3.59366 5 2.14007 0.0124945 -0.0257396 0.0175519 3.84496 22 127 3409 3401 1 4.23411 4.23411 34 
-1.73067 2.92729 5 0.171745 0.155123 -0.548704 3.91181 22 128 5904 5825 1 1.26084 1.26084 66 
-0.693371 -4.07703 -5 -1.24962 -2.47666 4.08015 3.71325 22 129 16511 16406 1 0.691001 0.691001 95 
2.97254 5 -1.81411 -0.369828 -0.345914 0.194002 3.71856 22 130 3162 2863 1 0.109362 0.109362 14 
2.89395 5 0.464737 -0.318879 -0.246205 0.195752 3.74287 22 131 1879 1825 1 0 0 3 
-2.3109 5 -3.23427 -0.150098 -0.524752 0.175681 3.72551 22 132 2587 2586 1 5.32012 5.32012 83 
1.59752 5 -1.3576 -0.265703 -0.419872 -0.0173324 3.80503 22 133 31139 31136 1 1.09916 1.09916 58 
4.80137 1.40751 -5 0.662584 -0.869344 1.47681 3.73641 22 134 5007 4935 1 0.205677 0.205677 34 
5 0.351821 1.00619 -0.1551 -0.372203 0.34887 3.74169 22 135 22265 22238 1 0.100221 0.100221 13 
1.33784 5 -3.01967 -0.149159 -0.482739 0.0763826 3.74293 22 136 5941 5940 1 2.2154 2.2154 39 
2.99565 5 1.17459 -0.0358164 -0.217279 -0.0900046 3.82941 22 137 18366 18361 1 0.369379 0.369379 16 
1.89592 -2.05885 -5 -0.115273 -0.42831 0.25332 3.72565 22 138 1688 1671 1 0.307656 0.307656 32 
3.85474 -1.13066 -5 -0.174069 -0.426011 0.222113 3.75649 22 139 15741 15725 1 0 0 3 
4.03393 0.750416 5 -0.0870313 -0.194764 -0.111179 3.82179 22 140 6061 5907 1 1.09311 1.09311 56 
-5 -3.16202 -4.36963 0.0762086 -0.256632 -0.435261 3.9121 22 141 14156 14155 1 0 0 1 
2.52324 -1.81105 -5 -0.0240578 -0.332107 0.620398 3.70838 22 142 5721 5673 1 0 0 5 
-1.93903 4.03157 5 -0.158068 -0.439245 -0.296248 3.85728 22 143 6560 6559 1 5.18204 5.18204 81 
-0.710336 5 2.79244 -0.999942 -0.968596 -0.492271 3.8267 22 144 3131 3130 1 0.89172 0.89172 9 
0.473264 2.20026 5 -0.0198228 -0.398034 -0.319837 3.97734 22 145 2443 2402 1 0.790022 0.790022 5 
-4.67278 1.93556 -5 -0.603272 -0.696616 2.1533 3.70138 22 146 3639 1 1 0 0 4 
4.78225 5 -2.56649 0.0244319 -0.180984 0.181935 3.7068 22 147 2913 1 1 1.88104 1.88104 9 
4.58849 5 2.70762 -0.0299151 -0.320031 -0.397247 3.78331 22 148 1604 1576 1 7.72294 7.72294 156 
3.42741 -1.93454 5 -0.121471 -0.28911 -0.229025 3.84364 22 149 1330 1 1 0.572174 0.572174 10 
0.507684 5 1.78534 0.0683412 -0.297486 -0.0709644 3.9792 22 150 4749 4735 1 0.312823 0.312823 36 
5 -0.3157 1.39657 -0.124063 -0.277281 0.266614 3.95728 11 151 2417 2393 1 0.484035 0.484035 35 
4.67621 5 -3.76372 -0.250672 -0.630761 0.503167 3.71966 22 152 8756 7975 1 0 0 3 
2.44484 3.38321 -5 -0.329486 -0.284285 0.988173 3.69582 22 153 2366 2253 1 0.340306 0.340306 7 
4.23597 5 -4.81895 -0.30503 -0.251532 -0.195478 3.80004 22 154 16522 16521 1 0 0 3 
-1.27654 -0.657471 5 -0.146837 -0.320261 -0.370124 3.9211 22 155 10050 10047 1 0.0386497 0.0386497 10 
2.41705 5 3.45207 -0.203537 -0.466839 -0.0790313 3.82093 22 156 1734 1733 1 1.04213 1.04213 27 
-1.67533 3.13373 -5 -6.49228 -5.88402 6.42118 3.72717 22 157 14073 14008 1 1.61274 1.61274 43 
4.66693 4.97164 -5 -0.36268 -2.09083 5.08232 3.69458 22 159 2569 2568 1 0 0 6 
4.23145 5 -3.74889 -0.0547892 -0.307885 -0.036615 3.82702 22 160 22448 22447 1 0.247377 0.247377 18 
-4.6077 5 4.83722 -0.254354 -0.388874 -0.229622 3.86911 22 161 17251 17190 1 0 0 2 
-0.930954 5 0.325424 -11.6318 -18.3863 46.0136 3.70891 -11 162 3509 3508 1 29.2383 29.2383 360 
5 1.78616 -0.379286 -0.23637 -0.296861 -0.0532949 3.77647 22 163 3802 3801 1 1.15708 1.15708 92 
-1.01188 -1.84886 -5 -0.10279 -0.585284 0.116336 3.75007 22 164 15336 15010 1 0.249055 0.249055 18 
5 -2.40594 -0.601195 -0.153191 -0.293657 0.747482 3.71379 22 165 1388 1387 1 4.35568 4.35568 82 
5 0.0777969 -0.0226792 -2.61501 -0.543395 0.224055 3.77228 22 166 6524 6523 1 0.0471685 0.0471685 10 
-5 2.60492 -4.38718 0.128719 -0.123386 -0.0655117 3.80642 22 167 7120 7114 1 3.70227 3.70227 129 
1.89749 5 -2.37236 -0.23977 -0.709844 1.0494 3.72019 22 168 10091 9944 1 0.243363 0.243363 4 
3.23994 5 -1.67963 -0.287508 -0.244643 0.124836 3.73976 22 169 1252 1 1 0.506782 0.506782 18 
-1.22735 5 1.87357 -0.957103 -1.4912 4.30237 3.7211 22 170 9694 8850 1 0.0362622 0.0362622 3 
2.21695 5 -1.90502 2.70498 2.09765 -1.95873 3.71629 11 171 1684 1090 1 4.89136 4.89136 47 
1.40389 2.6213 5 0.120669 -0.0894567 -0.488422 4.26212 22 172 29276 29275 1 0 0 6 
-0.935016 5 -4.31031 -0.209405 -0.22169 0.172256 3.71334 22 173 6111 5733 1 0.0536035 0.0536035 11 
5 -0.963432 1.42975 -0.297951 -0.414081 0.0296922 3.79051 22 174 8827 8813 1 0 0 8 
3.07268 5 -4.87872 0.516339 -1.27218 2.53479 3.69958 22 175 15867 15751 1 0 0 6 
5 3.28823 4.01451 -0.182967 -0.246907 0.117162 3.74324 22 176 4780 4779 1 0 0 8 
-0.413737 -0.549797 -5 -0.355666 -0.229761 0.220523 3.7232 22 177 1740 1711 1 0.288598 0.288598 32 
-4.96364 -4.67623 -5 -0.0750562 -0.0855191 0.162343 3.76013 22 178 6339 6250 1 0 0 2 
-0.0365106 -0.856183 5 -0.283662 -0.304532 -0.296506 3.82216 22 179 4399 4398 1 6.18028 6.18028 103 
5 4.60019 0.0417604 -0.506666 -0.12137 0.102988 3.73604 22 180 22444 22429 1 0 0 3 
-2.3456 4.33962 5 -0.19733 -0.294409 -0.274067 4.0957 22 181 23291 23289 1 0 0 2 
5 4.72981 -3.63421 -0.360575 0.00146213 0.362082 3.76964 22 182 9644 9613 1 9.82159 9.82159 108 
5 -4.05316 -3.85514 -6.82519 1.79246 6.71748 3.77068 11 183 4559 3911 1 3.22686 3.22686 52 
4.90532 5 3.88131 -1.42014 -2.04813 -0.108519 3.78885 22 184 6592 6591 1 0 0 7 
-4.18171 5 4.34041 -0.133116 -0.556523 0.431748 3.75506 22 185 16167 16100 1 0.138242 0.138242 4 
5 -1.32508 -1.03908 -1.48642 -5.96604 6.1558 3.74451 22 186 18523 18522 1 0 0 2 
5 -2.82331 3.41213 -15.0326 -6.65048 7.96432 3.72969 -11 187 1694 1693 1 4.88473 4.88473 61 
-2.97989 3.29223 5 0.0278055 -0.296328 -0.0232847 3.81952 22 188 1750 1 1 0 0 2 
1.83367 4.14601 5 -0.6914 0.113898 -1.57971 3.96036 22 189 10363 10362 1 11.6606 11.6606 189 
-3.58448 5 -4.06573 -0.249691 -0.302405 -0.948308 3.9249 22 190 6496 6452 1 0.159123 0.159123 6 
3.49124 -3.29254 -5 0.193749 -0.138186 0.151671 3.7554 22 191 8917 1 1 1.1126 1.1126 92 
4.51502 -4.41407 -5 2.89957 -4.97768 1.54566 3.76595 22 192 4364 4363 1 0.261588 0.261588 12 
5 3.9983 4.28241 -0.120087 -0.336169 0.743792 3.73031 22 193 12182 9322 1 0 0 8 
3.8212 3.53291 -5 0.018805 0.00489074 0.0283965 3.7543 22 194 13521 13517 1 0.390413 0.390413 33 
2.69663 3.03423 -5 -0.59539 -1.45193 9.01089 3.69111 22 195 2445 2197 1 0.286085 0.286085 30 
4.8961 2.65062 -5 0.212109 0.0543323 0.510708 3.7134 22 197 28794 28645 1 0.547164 0.547164 44 
-4.23938 5 -2.74534 -6.63069 -9.54236 12.2693 3.72467 22 198 20319 20191 1 0.544011 0.544011 26 
4.29622 1.25099 5 -0.123458 -0.0763094 -0.489954 3.98975 22 199 3779 3778 1 2.08896 2.08896 43 
-1.10837 5 2.89811 0.0679358 -0.238073 -0.110521 3.95852 22 200 8157 8155 1 0 0 3 
4.98998 5 -1.76105 -1.4116 -1.75404 0.928055 3.73046 22 201 11828 11783 1 0 0 9 
1.57981 -4.66909 5 -0.119642 -0.475407 -0.144201 3.85112 22 202 5736 5735 1 7.71505 7.71505 135 
-0.124094 5 -1.22942 -0.0276344 -0.463026 0.21439 3.73229 22 203 17703 17701 1 0.282565 0.282565 13 
2.78548 -2.87821 5 0.0202753 -0.0908452 -0.325938 3.81709 22 204 3772 3771 1 3.97478 3.97478 151 
3.88373 5 4.57971 -0.765675 -0.580489 1.90236 3.72431 22 205 7358 7290 1 0.79851 0.79851 77 
1.40644 3.91196 5 0.243481 -0.0654577 -0.150669 3.9749 22 206 18320 18317 1 0 0 5 
3.34533 5 3.43204 0.037434 -0.15166 -0.486536 3.98975 22 207 4152 4151 1 1.25137 1.25137 8 
4.90885 -1.57106 5 -0.0152595 -0.287607 -0.422101 4.02742 22 208 1430 1427 1 7.80753 7.80753 41 
0.0568067 3.47363 -5 -0.114933 -0.0260667 0.177072 3.74633 22 209 6166 6165 1 2.95983 2.95983 37 
-2.30777 5 -1.71304 -0.245536 -0.409749 -0.181488 3.87215 22 210 5701 5674 1 1.7299 1.7299 13 
2.11009 5 3.19512 -0.358359 -0.421089 -0.187016 3.833 22 211 1046 1 1 0.172473 0.172473 20 
-0.1338 -0.52856 -5 -0.294271 -0.671734 0.837757 3.71675 22 212 16416 15276 1 0.887899 0.887899 11 
-1.62685 1.6009 -5 -0.424086 0.131092 3.13118 3.70161 22 213 3508 3077 1 1.75578 1.75578 55 
4.01286 5 -1.12668 0.137271 -0.43739 0.0349382 3.82434 22 214 10487 10486 1 0 0 5 
-2.47025 5 -0.303002 0.133089 -0.358473 0.0805062 3.8246 22 215 1584 1561 1 0 0 3 
5 -1.39088 0.0221608 -0.325127 -0.387644 -0.0717225 3.84782 22 216 18835 18834 1 0.0394031 0.0394031 5 
3.42312 5 3.25636 -0.0401151 -0.209244 -0.228539 3.94077 22 217 1538 1536 1 0 0 4 
-4.44758 2.04071 5 -0.288259 -0.256689 -0.544566 3.78804 22 218 1095 1 1 1.06719 1.06719 43 
4.79105 -3.02452 5 -0.0503848 -0.407879 -0.169684 3.90916 22 219 2588 2587 1 6.08398 6.08398 44 
3.64072 5 -2.25632 -0.733725 -2.0729 -1.86981 3.76676 -11 220 6821 6820 1 4.44104 4.44104 127 
5 4.5531 2.59049 -0.206977 -0.339325 0.321152 3.75267 22 221 1431 1392 1 0 0 2 
3.35819 5 -4.81356 -0.315678 -0.401788 0.00583119 3.78987 22 222 1682 1681 1 0.935771 0.935771 44 
1.38441 5 0.0334859 -0.270886 -0.430871 -0.0457229 3.81881 22 223 4287 4286 1 0.602228 0.602228 43 
-5 -1.24636 4.34211 0.123728 -0.494537 0.0352787 3.81691 22 224 5854 5831 1 0.377603 0.377603 39 
5 -1.60084 3.56831 -0.0161012 -0.224496 0.0325542 3.89877 22 225 4237 3809 1 0.65973 0.65973 8 
-2.59242 5 0.2428 -0.152493 -0.365139 0.323326 3.77103 22 226 8974 8972 1 0 0 4 
5 -3.60759 1.04033 -0.430998 -0.237983 0.136839 3.73624 22 227 4579 4578 1 0 0 12 
2.35725 5 4.39738 -0.115947 -0.402072 -0.330503 3.82809 22 228 22277 22232 1 1.94822 1.94822 6 
-0.26055 2.8164 5 0.231436 -0.946245 -0.684971 4.24845 22 229 4242 4241 1 0.631599 0.631599 38 
-1.94567 0.776637 -5 -0.786045 -5.40812 10.1575 3.69683 22 230 9373 9302 1 1.87495 1.87495 34 
5 4.41898 -3.45977 -0.450706 -0.156544 0.182969 3.73303 22 231 1194 1191 1 0.431502 0.431502 53 
-5 4.41132 -2.54286 0.392923 0.218469 -0.106718 3.76917 22 232 1255 1254 1 5.82154 5.82154 82 
1.13017 5 4.022 -0.0929599 -0.119817 0.549208 3.72272 22 233 4719 4287 1 0.277069 0.277069 9 
2.51414 5 -3.90473 -0.47476 -0.968966 2.39842 3.7076 22 234 31014 26808 1 0 0 3 
1.00562 5 4.9241 -0.664084 -2.45079 7.33415 3.72816 22 235 1236 1 1 0.0537408 0.0537408 8 
-1.83113 5 -4.6911 -0.24229 -0.227735 0.334962 3.71563 22 236 18570 18467 1 3.31225 3.31225 74 
3.37317 5 0.404613 0.166979 -0.178265 0.00580945 3.75702 22 237 4454 4251 1 0.0847226 0.0847226 25 
2.83974 0.688153 5 0.349858 -2.46778 -5.27907 3.75326 -11 238 1808 1807 1 14.0558 14.0558 272 
2.76156 3.2105 5 -0.288512 -0.275791 -0.319093 3.87846 22 239 5666 5643 1 0.691571 0.691571 27 
0.0369641 4.51429 -5 -0.0746464 -0.351333 0.54818 3.7106 22 240 14315 13776 1 0.680511 0.680511 26 
5 2.43993 -2.41585 -0.236801 -0.505691 0.654885 3.71219 22 241 3965 1 1 0 0 7 
-0.281034 2.19136 5 -0.392633 -1.54484 -3.38134 4.14458 22 242 4674 4673 1 1.66326 1.66326 60 
1.88754 2.23137 -5 -0.125434 -0.348307 0.352233 3.71748 22 243 12808 12807 1 0 0 3 
-4.15704 2.84898 -5 -5.67193 -3.58794 11.4975 3.70277 22 244 1129 1 1 2.70573 2.70573 87 
-1.39718 5 -0.640949 -0.0896449 -0.232436 0.0268747 3.74581 22 245 2015 1986 1 1.2902 1.2902 9 
2.53874 3.4174 5 -0.232508 -0.360561 -0.27759 3.87774 22 246 30392 30361 1 0 0 3 
1.65128 5 2.39674 1.17345 -3.92238 -1.00636 3.78117 22 247 4949 4948 1 0.71347 0.71347 49 
-1.0014 5 4.49113 -0.063143 -0.128615 -0.0916493 3.7774 22 248 10553 10552 1 1.97515 1.97515 55 
-3.32 -3.81932 5 -0.226193 -0.372295 -0.26712 3.99162 22 249 2383 2358 1 1.13149 1.13149 59 
5 3.79246 0.547955 -0.22717 -0.0794214 0.23359 3.71839 22 250 2472 1 1 9.56284 9.56284 151 
4.63666 5 3.60641 0.0644958 -0.233599 -0.44988 3.92902 22 251 18833 18799 1 5.15419 5.15419 73 
-5 -2.4488 -1.59822 1.40232 0.0745825 -0.284213 3.72628 -11 252 2098 2097 1 13.5421 13.5421 221 
-0.758175 5 2.54296 -0.378463 -0.551642 0.414665 3.75617 22 253 11616 11570 1 0 0 8 
5 -0.0645613 3.92642 -0.299848 -0.472251 -0.134648 3.89667 22 254 1279 1278 1 0 0 3 
5 4.79557 3.09456 -0.121673 0.01081 0.193044 3.72173 22 255 4549 4422 1 0 0 3 
2.61702 5 -3.21699 -0.344381 -0.307907 0.218438 3.80514 22 256 2159 2132 1 0.424123 0.424123 16 
5 1.55492 -4.03982 -3.37419 -1.91558 3.7276 3.71226 22 257 6141 6139 1 0.375667 0.375667 9 
-3.5285 1.16955 -5 -0.104997 -0.277293 0.114816 3.74252 22 258 6037 5816 1 0.362983 0.362983 25 
5 -3.27277 4.17365 -0.344929 -0.359716 0.112907 3.76567 22 260 5167 5166 1 0 0 3 
3.34973 5 -2.29387 -0.0853059 -0.0790971 0.156347 3.84779 22 261 8544 8515 1 0.426808 0.426808 47 
4.79928 4.53695 -5 -0.00638108 -0.0243844 0.0152352 3.83848 22 262 3129 3111 1 15.4366 15.4366 137 
-3.24406 2.18124 5 -0.288394 -0.384661 -0.17316 3.90123 22 263 10055 10035 1 0.282768 0.282768 20 
-4.35968 1.57394 5 0.0650104 -0.111099 -0.343261 3.92821 22 264 25172 25115 1 0.126484 0.126484 3 
-4.74487 1.01657 -5 -0.345134 -0.314787 0.309773 3.7318 22 265 11297 11232 1 0 0 2 
-5 3.52676 1.69198 0.0466693 -0.21809 -0.459759 3.78532 22 266 22899 22898 1 0 0 2 
3.22545 5 1.6195 -8.14776 -7.02409 3.99938 3.73334 11 267 9126 8819 1 3.22245 3.22245 92 
-2.64439 5 -4.77599 -0.0082587 -0.0799063 0.172648 3.72779 22 268 10674 10574 1 0.488352 0.488352 35 
5 3.19882 0.168762 -0.0584596 -0.142639 -0.150254 3.88207 22 269 13270 13269 1 0.962906 0.962906 51 
-1.9278 5 4.05474 -0.369887 -0.605298 0.442379 3.75916 22 270 18295 18226 1 0.240679 0.240679 31 
-3.54975 3.06482 -5 0.448231 0.0833285 0.446368 3.75122 22 271 6999 6956 1 11.168 11.168 348 
-1.38344 5 0.464133 -0.5064 -0.7154 0.543967 3.75043 22 272 10113 6723 1 0 0 2 
-2.33772 5 3.47634 -0.0927274 -0.227454 -0.072455 3.78822 22 273 2256 1 1 0.879607 0.879607 54 
1.32309 -1.11294 5 0.0820179 -0.293235 -0.496863 3.96811 22 274 22642 22641 1 0.260452 0.260452 21 
0.784575 5 3.27192 -1.67963 -1.52347 0.00404144 3.83072 22 275 16262 16261 1 0 0 1 
-4.12187 5 0.363965 -0.780486 -0.687881 1.36187 3.74004 22 276 3231 3155 1 3.87842 3.87842 48 
-0.795883 5 2.41415 -0.390374 -0.327457 -0.0387287 3.79811 22 277 5786 5785 1 1.40995 1.40995 64 
-1.39836 3.13084 5 -0.0108733 -0.17395 -0.250439 3.90685 22 278 3513 3512 1 0.654383 0.654383 61 
2.09649 5 -4.68509 0.508786 -7.21732 -1.08352 3.70389 11 279 2537 2487 1 9.4312 9.4312 150 
-1.5877 5 3.31938 -0.120569 -0.147587 -0.262762 4.82258 22 280 3710 3708 1 1.66856 1.66856 109 
-4.59816 5 3.12785 -0.177874 -0.310818 0.203758 3.75237 22 281 1429 1 1 0.48318 0.48318 31 
-2.02825 2.71007 5 0.151915 -0.0200728 -0.0487607 3.93127 22 282 2445 2444 1 1.85757 1.85757 89 
3.26847 5 2.58071 -0.0381233 -0.19742 -0.0825468 3.74331 22 283 7871 7813 1 0.216839 0.216839 36 
5 -4.02396 -1.65921 -0.167055 -0.200477 0.236965 3.82392 22 284 5525 5495 1 0.500545 0.500545 45 
4.53889 5 2.98658 -0.184059 -0.469833 -0.0806175 3.76881 22 285 3290 3286 1 0.851746 0.851746 55 
-5 -2.87324 2.26907 0.288589 -0.474267 0.038654 3.74011 22 286 3235 2879 1 2.92188 2.92188 104 
3.99212 4.45598 -5 0.18735 -0.0770229 0.654411 3.68908 22 287 2086 1 1 0.188177 0.188177 4 
4.43328 1.31184 5 -0.502235 -0.263656 -0.869631 3.88411 22 288 5179 5100 1 8.60609 8.60609 120 
4.4822 -1.804 -5 -0.0358214 -0.29622 0.395833 3.71159 22 289 3735 3734 1 0.756909 0.756909 10 
4.74248 5 1.79145 -0.00355207 -0.239588 0.241358 3.72455 22 290 13557 13556 1 1.74437 1.74437 106 
2.5807 5 2.40611 -0.807643 -2.90932 6.31595 3.71915 22 291 7660 7562 1 0.510441 0.510441 46 
5 4.83728 -4.37474 -0.205369 -0.332791 0.622522 3.70501 22 292 20315 19718 1 0.165961 0.165961 7 
-3.33 5 1.27013 0.0032992 -0.538253 0.705346 3.7231 22 293 5267 5257 1 2.58713 2.58713 32 
-4.45684 5 -0.243365 -0.135913 -0.469823 0.148033 3.77895 22 294 9921 9920 1 3.71119 3.71119 9 
4.6215 3.91986 -5 -0.15726 0.0098409 0.358045 3.79571 22 295 5852 5851 1 6.12243 6.12243 107 
-0.273731 3.44912 -5 0.167532 0.0352109 0.0335799 3.82881 22 296 11794 11793 1 0 0 8 
0.0741022 -1.90775 -5 -2.49051 -2.94359 3.36712 3.72054 22 297 3513 3488 1 0.366419 0.366419 16 
1.59619 5 2.55973 -0.172447 -0.404069 0.150561 3.79841 22 298 3544 3543 1 4.19976 4.19976 43 
4.50557 -0.844671 5 -0.186728 0.00557649 -0.475628 4.09233 22 299 16166 16142 1 0.114258 0.114258 3 
-4.5197 -2.71816 -5 -1.53001 -2.03363 4.42962 3.70977 22 300 16995 16742 1 0.259713 0.259713 4 
-1.55318 5 -2.7497 -0.272853 -0.254736 0.0252625 3.77254 22 301 19527 17459 1 0.27027 0.27027 27 
-4.92995 -4.68226 -5 -0.311335 -0.604256 0.406878 3.73297 22 302 7304 7112 1 6.09509 6.09509 101 
3.81241 5 0.252795 -0.318375 -0.474475 0.0221549 3.76323 22 303 29160 29159 1 0.47144 0.47144 32 
0.677946 5 -3.80449 1.45583 -9.45066 0.402513 3.70697 11 304 2079 2075 1 24.4589 24.4589 188 
5 2.84079 -1.33088 -0.0676144 -0.0878826 0.184926 3.76102 22 305 13195 13171 1 0.215317 0.215317 22 
3.02206 5 -0.948829 0.140359 -0.334917 -0.359513 3.95946 22 306 17032 16994 1 0 0 1 
5 2.98247 -0.928929 -0.521534 -1.1625 1.49682 3.72731 22 307 1286 1285 1 1.79331 1.79331 12 
4.82516 5 0.556572 -0.0892963 -0.49894 0.0648423 3.72577 22 308 4004 4003 1 4.53646 4.53646 57 
5 2.11597 -3.01847 -0.49988 -0.0434903 -0.0966882 3.76716 22 309 8363 8360 1 0.299466 0.299466 29 
5 4.24937 -3.2046 -0.304037 -0.31569 -0.262718 3.76132 22 310 6746 6742 1 0.341075 0.341075 36 
0.974616 -1.75504 5 -0.125666 -0.22088 -0.443328 3.98167 22 311 7433 7432 1 7.8631 7.8631 130 
5 3.33559 -3.45796 -0.215901 -0.437906 0.150815 3.73394 22 312 17321 17285 1 1.34019 1.34019 30 
2.19937 -3.89177 -5 2.12985 -6.00953 2.71344 3.7312 -11 313 18526 18525 1 0.743595 0.743595 48 
5 2.40562 3.7387 -1.44229 -0.848747 9.72122 3.71839 22 314 1288 1 1 0.352543 0.352543 22 
3.70329 5 0.116207 0.0128419 -0.672476 2.1284 3.71581 22 315 1624 1452 1 0.231703 0.231703 8 
-4.25816 -5 4.45455 -0.0921759 0.0572163 -0.15493 3.93516 22 316 25212 25088 1 0 0 1 
-2.77323 5 2.69498 -0.768623 -0.928486 0.845999 3.75786 22 317 5177 5136 1 0 0 5 
-4.97826 -4.56974 -5 -0.678701 -0.415557 0.78385 3.73454 22 318 7055 6985 1 0.503893 0.503893 33 
-0.87115 -0.341076 -5 -1.66524 -1.90591 2.34592 3.71494 22 319 5287 5198 1 2.1492 2.1492 13 
1.85665 -3.94515 5 -0.141839 -0.118312 -0.19716 3.86639 22 320 8169 7795 1 0.763063 0.763063 71 
0.801647 2.32897 -5 -0.0954719 -0.48441 0.680598 3.71788 22 321 9679 9460 1 0.340926 0.340926 2 
5 3.4641 1.46011 -0.345831 -0.272893 0.829597 3.72202 22 322 6090 5734 1 0.448635 0.448635 66 
0.505723 3.84438 -5 0.143729 0.101984 0.332574 3.7202 22 323 5294 5264 1 2.88711 2.88711 70 
4.26109 4.3939 5 -0.18311 -0.0655114 -0.472545 3.94916 22 324 1506 1473 1 2.32337 2.32337 27 
-1.04703 5 1.79514 -0.0978962 -0.097641 0.149251 3.72699 22 325 2630 2592 1 4.36008 4.36008 91 
3.32413 5 -4.93613 -0.104342 -1.34535 2.39271 3.7108 22 326 1971 1831 1 0.287496 0.287496 5 
5 1.04505 2.92542 -0.0619008 -0.221441 0.0571736 3.78389 22 327 4737 4559 1 9.06013 9.06013 115 
2.3366 4.06348 5 0.209536 -0.369415 -0.337219 3.79677 22 328 18412 18398 1 1.12511 1.12511 31 
5 3.85782 -1.46634 -2.40931 -0.388232 -1.73289 3.82474 22 329 1432 1431 1 6.42701 6.42701 93 
4.20866 5 1.10398 -0.0404812 -0.206691 0.0329313 3.77562 22 330 13420 13299 1 0.96839 0.96839 10 
3.05939 5 -3.26648 -0.632345 -0.329452 0.590853 3.71443 22 331 3588 3382 1 0.40643 0.40643 15 
3.47563 5 -3.40757 -0.616253 -2.60916 0.648244 3.76215 22 332 14782 14651 1 0 0 2 
3.83104 5 1.65261 -0.265785 -0.335538 -0.279092 3.77663 22 333 24504 24503 1 0 0 3 
-3.0291 5 -2.40565 -0.0632567 -0.608563 0.650006 3.71662 22 334 7665 7596 1 2.35069 2.35069 18 
1.58554 5 2.17809 -0.586538 -0.669012 0.587074 3.74569 22 335 31559 30688 1 0 0 2 
1.66321 0.82714 5 -0.203117 -0.366633 -0.292307 4.01364 22 336 12601 12600 1 0 0 2 
-1.3806 5 -2.25014 -0.646428 -0.3022 -0.892669 3.8087 22 337 3595 3574 1 0 0 10 
-2.60464 -0.760975 -5 -0.283225 -0.905638 0.156776 3.76106 22 338 17420 17336 1 0.0246403 0.0246403 4 
5 4.58175 -2.46102 -0.196301 -0.180085 -0.0891102 3.77636 22 339 2733 2612 1 0 0 4 
3.97607 5 2.46392 -0.034866 -0.223098 0.00452691 3.75321 22 340 3463 1660 1 2.60696 2.60696 93 
-0.670777 -5 4.73576 0.0814364 0.378362 -0.333662 4.33004 22 341 8924 8923 1 4.69647 4.69647 67 
0.552241 5 -3.6614 -0.240649 -0.426313 -0.146509 3.79913 22 342 9028 8994 1 0 0 2 
-4.91126 2.96728 5 -0.342276 -0.0797605 -0.370952 3.93476 22 343 1972 1971 1 0 0 5 
1.41449 5 -0.445123 -0.779087 -1.14121 0.576641 3.75086 22 344 3572 3460 1 1.84172 1.84172 66 
3.57925 2.56294 5 -0.118943 -0.0744422 -0.491356 4.12006 22 345 2542 2541 1 0.0446894 0.0446894 5 
2.1262 5 1.99718 1.10261 -2.09588 -0.534398 3.74512 22 346 1476 1475 1 1.8597 1.8597 104 
-5 1.7166 -2.8865 0.0842676 -0.235667 0.0536982 3.77012 22 347 17067 17064 1 4.07166 4.07166 64 
-2.03912 -1.76846 5 -0.00347907 -0.138888 -0.198597 4.04978 22 348 4085 4059 1 0 0 6 
2.42061 -2.62543 -5 -0.153793 -0.702119 0.341398 3.75103 22 349 13014 10491 1 0.531723 0.531723 32 
-4.13236 5 -3.98318 -0.10615 -0.182326 -0.0913812 3.80406 22 350 23905 23807 1 0 0 5 
5 -2.45667 2.98112 -0.22532 -0.250303 -0.384316 4.11163 22 351 8232 8231 1 0 0 2 
5 1.92999 -0.975288 -0.321336 -0.386741 0.150847 3.77027 22 352 16985 16937 1 0.734988 0.734988 65 
-1.4495 5 2.26828 -0.029494 -0.305347 0.408672 3.74798 22 353 5311 5310 1 0.328417 0.328417 31 
2.4844 -3.94835 -5 -1.5626 -1.9691 7.5702 3.69706 22 354 3489 3406 1 4.02961 4.02961 103 
-0.848525 5 -2.13567 -0.165729 -0.381807 0.29644 3.72883 22 355 3473 3471 1 0.468024 0.468024 27 
5 -0.357029 -2.57178 -0.310046 -0.408475 0.118592 3.75044 22 357 4931 4862 1 0.483257 0.483257 48 
4.32835 5 3.00079 0.218016 -0.419444 0.194051 3.73174 22 358 2488 2456 1 0.113779 0.113779 7 
1.88643 4.96038 -5 -0.385275 -0.497833 0.0996895 3.74742 22 359 2117 2116 1 0 0 13 
-0.366834 5 4.96135 -0.353186 -0.25285 -0.269159 3.79838 22 360 9851 9850 1 1.26047 1.26047 45 
-2.7325 -2.25881 5 -0.166537 -1.18432 -1.42491 4.1074 22 361 7212 7211 1 0 0 3 
2.09476 5 -4.77011 -0.0572666 -0.665443 -0.109126 3.74416 22 362 12377 12312 1 0.293552 0.293552 33 
-3.45261 2.83494 5 0.0170559 -0.0881644 -0.352825 4.23436 22 363 5606 5605 1 0.3639 0.3639 18 
5 1.68262 -2.48152 -0.258934 -0.283227 -0.337425 3.9315 22 364 12723 12722 1 0.0489108 0.0489108 5 
-4.52781 5 3.61206 -0.803482 -0.801602 -1.39018 3.828 22 365 3613 3599 1 0 0 8 
5 -1.76885 -3.37602 -0.115513 -0.204454 0.18498 3.92352 22 366 1796 1795 1 0.179413 0.179413 6 
2.17377 1.80701 5 -0.377044 -0.556015 -1.01633 4.04618 22 367 1784 1762 1 1.64401 1.64401 61 
-2.23801 5 -2.80622 -0.351272 -0.152612 0.338286 3.77502 22 368 2938 2937 1 2.71875 2.71875 23 
4.29302 2.97759 -5 -0.144377 0.0811215 0.196503 3.73248 22 369 5234 1 1 9.39932 9.39932 83 
4.096 5 1.22746 -0.21258 -0.210513 0.0833836 3.79967 22 370 1365 1333 1 0.000278686 0.000278686 5 
3.95871 2.63373 5 0.0123906 -0.576954 -0.700996 3.84566 22 371 18139 18113 1 2.85127 2.85127 6 
-4.08575 -0.411547 5 -0.238707 -0.335448 -0.302678 3.91017 22 372 1162 1134 1 0.218852 0.218852 16 
-1.32597 -1.02859 -5 -0.11974 -1.36787 5.67161 3.69277 22 373 1183 1 1 6.32979 6.32979 142 
1.19204 5 3.26232 -0.124161 -0.326407 0.0225973 3.81571 22 374 5828 5814 1 0.351139 0.351139 27 
-3.22914 5 -1.51823 0.2129 -0.347016 0.0516001 3.93949 22 375 3532 3505 1 0.165473 0.165473 10 
5 -0.833101 2.42591 -0.219044 -0.168266 0.779836 3.72406 22 376 1102 1 1 0.694469 0.694469 62 
-3.02923 1.13864 -5 0.0181926 0.157769 0.137482 3.74588 22 377 6123 6100 1 0.209748 0.209748 21 
0.556417 3.95699 5 -0.172445 -0.00850203 -0.389738 3.99633 22 378 2171 2127 1 0.300768 0.300768 34 
-4.38608 5 -0.920808 -0.207613 -0.386676 0.207737 3.75267 22 379 2216 2175 1 0 0 3 
0.89116 -2.44574 -5 -0.514656 -0.316206 0.795019 3.71092 22 380 5554 1 1 1.26527 1.26527 9 
-1.83807 5 -1.12421 0.190544 -0.310407 0.423246 3.72818 22 381 39315 39009 1 0 0 6 
-4.29354 -2.91557 5 -0.189467 -0.076714 -0.552249 4.09581 22 382 4102 4100 1 0.204567 0.204567 24 
0.79341 -0.571831 5 0.0750116 -0.0341214 -0.347009 3.98204 22 383 3918 3917 1 0.0237001 0.0237001 10 
3.71338 3.74828 5 2.91403 -3.42503 -2.69191 3.72513 11 385 2763 2679 1 42.8742 42.8742 272 
5 -0.175295 3.83528 -0.08564 -0.417235 -0.193206 3.80514 22 386 7169 7138 1 0.701294 0.701294 9 
0.981346 5 1.59551 -0.124295 -0.367668 0.0774834 3.74901 22 387 3859 1 1 1.0425 1.0425 33 
2.73287 4.26892 -5 -0.0797021 -0.428221 0.255985 3.75098 22 388 14957 14932 1 0.386389 0.386389 6 
-5 -1.89442 -0.201503 0.134819 -0.32579 0.109835 3.8379 22 389 6571 6551 1 0.533536 0.533536 50 
2.73165 0.794385 -5 -0.39841 -0.444295 1.29758 3.69915 22 390 10831 10344 1 2.13621 2.13621 13 
-0.167451 4.89645 5 -0.474079 -0.136537 -0.133141 3.81591 22 391 13538 13535 1 2.31849 2.31849 7 
1.03702 -3.17619 -5 -0.22971 -0.539998 1.16031 3.70144 22 392 2485 2377 1 0.709022 0.709022 79 
5 4.86632 3.96443 -0.158061 0.0437153 0.519941 3.71976 22 393 2838 2349 1 16.5888 16.5888 155 
-0.374388 -4.42628 5 -0.0695212 -0.320375 -0.391978 3.99962 22 394 2355 2354 1 2.79634 2.79634 12 
1.40697 5 4.73013 0.00441366 -0.336517 0.235068 3.73897 22 395 8626 8500 1 0 0 4 
-0.642142 5 0.377801 -0.157718 -0.401215 0.342353 3.74316 22 396 11092 10780 1 8.24785 8.24785 98 
3.24033 5 -1.91794 -0.171206 -0.412276 -0.24867 3.8948 22 397 1927 1887 1 0.272749 0.272749 23 
5 3.40809 2.52828 -0.48653 -0.13108 -0.085008 3.80785 22 398 20876 20875 1 0 0 3 
1.37148 4.88452 5 -0.129315 -0.117904 -0.0595418 3.81892 22 399 1223 1222 1 0.938203 0.938203 16 
1.36233 5 0.195933 -0.267639 -0.286726 0.298888 3.74575 22 400 7757 7550 1 0.293591 0.293591 25 
2.6407 2.11024 -5 -0.174083 -0.417482 0.14085 3.75885 22 401 4303 4274 1 0 0 11 
-4.04038 5 -1.2148 -0.911383 -0.967479 -1.12129 3.85038 22 402 6214 6182 1 0.396037 0.396037 57 
5 3.53231 -3.47641 -0.232137 -0.12606 0.102513 3.79957 22 403 3993 3992 1 0.62376 0.62376 43 
-1.31672 5 4.07019 -0.241638 -0.294058 -0.340971 3.82019 22 404 2873 2872 1 1.20057 1.20057 64 
5 -0.830436 -4.02105 -0.41395 -0.130171 0.269853 3.74654 22 405 4855 4854 1 7.7583 7.7583 143 
4.1721 5 4.40431 -0.257235 -0.285798 0.182823 3.74887 22 406 15688 15681 1 0 0 6 
0.239262 5 1.08239 -0.365098 -0.356984 0.268889 3.74064 22 407 1001 1 1 6.41607 6.41607 94 
1.72186 5 2.69992 -0.0374955 -0.166305 -0.0348001 3.77657 22 408 11550 9921 1 0.581628 0.581628 41 
-4.30133 4.18271 -5 -0.16275 -0.451049 0.176598 3.74394 22 409 11859 11858 1 0.254888 0.254888 14 
-2.95397 5 2.09186 -0.603452 -0.839474 1.23001 3.74025 22 410 2895 1 1 0 0 5 
5 2.95575 2.62196 -0.0283658 0.00844382 0.00331819 3.76294 22 411 11418 11402 1 0.540063 0.540063 50 
-2.00037 -3.15821 5 -0.278968 -0.141973 -0.326243 3.86664 22 412 3094 3057 1 1.76926 1.76926 58 
1.05518 3.45257 -5 -0.148602 -0.371202 0.0937218 3.74814 22 413 9853 9770 1 0 0 2 
4.23434 2.77607 -5 -0.0977406 -0.182745 0.204589 3.78182 22 414 2440 2420 1 0.604167 0.604167 36 
0.46285 1.65746 5 0.106262 -0.21371 -0.337617 3.95841 22 415 4658 4625 1 1.23464 1.23464 14 
4.14787 5 0.399929 -0.25627 -0.113202 -0.344577 3.83557 22 416 2064 2044 1 0 0 11 
4.9844 -4.35918 5 -0.026582 -0.23407 -0.0800112 3.84989 22 417 22344 22309 1 0.209948 0.209948 7 
-1.40645 5 -0.161141 0.0572085 -0.435811 0.260607 3.73837 22 418 3032 3028 1 1.12544 1.12544 44 
-0.551613 5 3.74384 -0.312174 -0.270645 -0.370692 3.88357 22 419 1025 1 1 5.20691 5.20691 81 
-2.9965 5 4.56491 -0.154419 -0.673782 0.784099 3.73313 22 420 2585 2336 1 1.12306 1.12306 34 
2.77144 5 1.26277 -1.15317 -7.67209 2.028 3.73264 11 421 9829 9776 1 5.3087 5.3087 68 
0.758513 5 1.5943 -0.326798 -0.264259 0.406272 3.74136 22 422 3499 3498 1 0 0 1 
5 2.65087 2.91006 -0.253612 -0.372905 -0.240297 3.88659 22 423 4350 4349 1 1.79272 1.79272 107 
-0.662606 5 -1.62229 -0.371718 -0.26218 0.192814 3.73917 22 424 8335 7290 1 0.514747 0.514747 13 
-0.122866 5 -0.35805 -0.145325 -0.308839 0.763292 3.71385 22 425 28090 27928 1 4.80092 4.80092 94 
5 3.39761 -3.50381 -0.428933 -0.276967 -0.0206292 3.73779 22 426 7606 7605 1 0 0 1 
-0.49273 5 -4.57213 -0.328167 -0.272668 -0.281209 3.79145 22 427 13391 13390 1 0.48455 0.48455 37 
3.94717 4.94089 -5 -0.292221 -0.037356 0.437966 3.69744 22 428 7562 7483 1 0 0 7 
1.0805 5 -2.76011 0.00816058 -0.335341 -0.385486 3.74356 22 429 15526 15498 1 0.747182 0.747182 57 
0.135628 -2.98522 5 -0.287102 -0.172059 -0.212853 3.76903 22 430 5004 4906 1 0 0 9 
-0.121715 -3.47777 -5 -0.0637236 -0.369394 0.347285 3.72817 22 431 14938 14937 1 5.16475 5.16475 114 
-1.46667 5 -4.21459 -2.95728 -3.37898 0.797086 3.72346 22 432 4979 4948 1 1.58464 1.58464 86 
-2.82296 5 -3.81017 -0.32168 -0.354971 0.177869 3.75031 22 433 11880 11879 1 3.94992 3.94992 78 
0.167614 5 -1.56365 -0.0512504 -0.227479 -0.066398 3.78619 22 434 5332 1 1 1.03526 1.03526 65 
3.65671 5 2.68242 -0.0157565 -0.363575 -0.762254 4.00186 22 435 2573 2552 1 0.251126 0.251126 32 
3.18708 5 -3.52393 -0.208917 -1.03924 1.23354 3.70527 22 436 7426 5403 1 5.27992 5.27992 81 
-0.345354 5 -3.56118 -0.114486 -0.0585814 -0.111699 3.78028 22 437 21994 21571 1 4.22586 4.22586 71 
0.67567 5 -4.17752 -0.0146085 -0.260982 0.0327917 3.75947 22 438 15152 15132 1 0 0 3 
0.543065 1.03833 5 -0.0723645 0.0655438 -0.192659 4.02691 22 439 25427 25161 1 0 0 5 
4.84817 -3.54997 5 -0.370382 -0.30688 -0.172515 3.85906 22 440 4773 4757 1 0 0 6 
5 2.89566 -4.64313 -0.394091 -0.290217 -0.146923 3.81047 22 441 7537 7534 1 0.744969 0.744969 10 
5 3.52012 3.46277 -0.139586 -0.0589484 -0.182699 4.00532 22 442 2199 2175 1 1.69471 1.69471 55 
-0.0727215 5 0.574953 0.00998698 -0.339416 0.146203 3.82582 22 443 11544 11543 1 3.38568 3.38568 38 
-5 -2.94401 -0.563392 0.232227 0.12412 -0.0687372 3.75104 22 444 10140 9912 1 2.46572 2.46572 33 
4.89433 5 0.612434 -0.0285875 -0.234292 -0.00667282 3.7241 22 445 4276 4275 1 11.846 11.846 74 
4.1295 1.3439 -5 0.0789537 0.20279 0.169706 3.71287 22 446 1441 1317 1 2.29479 2.29479 19 
5 -2.79239 -2.5495 -0.023735 -0.00911208 0.0155096 4.07973 22 447 20296 20282 1 0.0295658 0.0295658 25 
1.96463 2.05097 -5 -0.724432 -1.03122 2.25406 3.70148 22 448 26804 26749 1 0.150323 0.150323 5 
-4.49792 -3.34637 -5 -0.236147 -0.475307 0.640557 3.71497 22 449 1930 1889 1 0.22947 0.22947 26 
3.85615 5 -0.859016 -5.96347 -6.84635 3.68557 3.71184 11 450 4120 4013 1 3.77008 3.77008 39 
-5 -3.97991 -4.93392 0.419055 0.033434 -0.278474 3.73273 22 451 6134 6021 1 0.122819 0.122819 8 
-3.09278 5 2.38621 -0.48163 -0.376827 0.0824656 3.78657 22 452 26856 26787 1 0 0 1 
4.06212 2.57769 -5 -0.563146 -0.719011 3.48601 3.69059 22 453 1106 1 1 0.170907 0.170907 19 
-2.79662 5 2.80872 -0.094594 -0.510922 0.367935 3.7498 22 454 9257 8459 1 0 0 7 
4.60786 5 0.151614 -0.310334 -0.255134 -0.0978978 3.87183 22 455 6907 6879 1 0.00338428 0.00338428 4 
3.2674 5 0.944265 -0.187995 -0.448296 0.100811 3.77956 22 456 4385 4384 1 0 0 4 
2.05036 5 4.78634 -0.175706 -0.266627 -0.398946 3.98242 22 457 8294 8293 1 0.369748 0.369748 10 
5 4.79923 4.27239 -4.45684 2.08961 -0.956254 3.75018 11 458 1521 1358 1 0.391991 0.391991 11 
-4.13982 5 -0.940912 -0.190888 -0.0994888 0.363043 3.74469 22 459 2613 2393 1 0.542413 0.542413 6 
-2.01725 3.12707 -5 4.19131 -5.93881 42.0876 3.69141 -11 460 3653 3652 1 25.3478 25.3478 215 
3.30681 5 1.95915 0.0705836 -1.02536 -0.904368 3.81581 22 461 1001 1 1 0.524406 0.524406 51 
2.98083 -5 0.871247 -1.65857 1.30446 0.173173 3.78694 -11 462 10404 10403 1 1.16734 1.16734 26 
3.31638 5 -2.17858 6.2242 -10.4984 7.16907 3.70933 -11 463 6824 6823 1 7.21167 7.21167 110 
-3.81174 -0.753499 -5 -0.244943 -0.443216 0.455992 3.70307 22 464 12876 12774 1 8.13974 8.13974 102 
-4.50236 5 -0.898485 -0.399028 -0.509236 0.309962 3.76122 22 465 30211 29751 1 0 0 1 
-4.61293 -1.93863 -5 -0.0914616 0.186673 0.166871 3.77372 22 466 2473 2411 1 0.21726 0.21726 18 
-2.71618 5 -0.90895 -0.113467 -0.952513 0.411561 3.72255 22 467 3100 3098 1 3.40352 3.40352 133 
2.78622 5 -0.335339 -3.46995 -7.42167 14.5355 3.71668 22 468 1001 1 1 2.69859 2.69859 29 
2.20358 5 4.47799 -0.24203 -0.553758 0.765657 3.73766 22 469 5990 5276 1 0.17088 0.17088 33 
1.94928 5 3.84115 -0.0368775 -0.382705 0.249248 3.77459 22 470 15416 15394 1 0.316418 0.316418 35 
2.47476 5 3.37277 0.00853487 -0.359177 0.467939 3.7463 22 471 4667 4590 1 0.443346 0.443346 12 
2.77635 5 -3.97686 -0.165304 -0.171912 -0.0294519 3.7362 22 472 2672 2508 1 1.33776 1.33776 79 
-1.70287 5 0.518817 -0.163543 -0.321211 -0.362211 3.82404 22 473 28898 28874 1 0.408368 0.408368 28 
-0.810313 5 -1.13971 -0.233254 -0.433753 1.4292 3.70718 22 474 3011 2990 1 5.06623 5.06623 26 
2.81584 2.51833 5 0.183978 -0.130143 -0.0575106 3.89686 22 475 3074 3073 1 0 0 4 
2.96063 -2.7514 5 0.0947049 -0.153306 -0.436405 4.14767 22 476 27645 27588 1 2.86339 2.86339 40 
-1.69627 2.21973 -5 -0.0656352 -0.167627 0.285132 3.73972 22 477 5739 5681 1 0.336805 0.336805 27 
-0.845567 5 -4.75136 -0.263531 -0.346695 -0.267346 3.83276 22 478 20535 20504 1 0.0162241 0.0162241 3 
1.40674 5 3.17313 0.1791 -0.21635 -0.0161456 3.73882 22 479 3528 3081 1 14.7235 14.7235 204 
0.715951 5 0.49978 -0.766887 -1.09571 0.924017 3.73806 22 480 10357 10355 1 0.149779 0.149779 5 
2.22323 3.65106 5 -0.281232 -0.855372 -0.179538 3.84495 22 481 4517 4516 1 7.14232 7.14232 187 
-3.58012 5 3.95569 -0.751269 -0.934309 1.00345 3.75702 22 482 20978 19772 1 1.15036 1.15036 30 
5 -2.64925 3.21201 -0.216924 -0.317492 -0.336545 3.86211 22 483 3426 3425 1 0.634663 0.634663 26 
3.68247 -0.181499 5 0.00886325 -0.246479 -0.162959 3.89272 22 484 4157 4155 1 4.68674 4.68674 72 
-1.86274 5 4.66092 -0.841306 -0.409862 0.45147 3.73357 22 485 1120 1 1 10.5378 10.5378 90 
-3.39647 0.551017 -5 -0.170229 -1.35837 1.15452 3.74585 22 486 3693 3474 1 0 0 2 
0.74915 5 2.29863 -0.315099 -0.160333 0.135286 3.75632 22 487 1882 1852 1 1.18015 1.18015 71 
-3.91815 5 4.00752 -0.136992 -0.176069 0.0781884 3.87526 22 488 2095 2094 1 0.532265 0.532265 71 
5 2.00592 2.11231 -0.174899 -0.42217 -0.228698 3.81974 22 489 6720 6691 1 2.10664 2.10664 38 
-2.47046 5 0.0339409 0.212547 -0.381841 -0.264842 3.72196 22 490 5238 5237 1 6.50159 6.50159 40 
1.7769 2.73202 -5 -0.000619757 -0.292244 1.84924 3.68787 22 491 3132 3004 1 23.9327 23.9327 158 
4.3506 -2.54421 5 -0.118128 -0.191612 -0.984305 4.17815 22 492 9991 9990 1 0.243782 0.243782 35 
3.09566 0.227616 -5 -1.27381 -2.49452 4.79966 3.70414 22 493 13480 13377 1 1.41967 1.41967 44 
5 1.18464 1.07924 -0.0958096 -0.453738 0.229632 3.75484 22 494 29677 29564 1 0 0 4 
4.26353 5 4.88616 -0.274616 -0.21106 0.433119 3.74399 22 495 1018 1002 1 0.166066 0.166066 22 
5 -0.428877 2.55176 -0.318331 0.0112545 0.0133159 3.86471 22 496 4130 4101 1 2.90699 2.90699 14 
1.62671 5 -4.59273 -0.922051 -1.33822 0.7541 3.739 22 497 4397 4316 1 0.0635203 0.0635203 3 
5 4.78375 -3.36523 -0.423591 -0.223826 -0.177743 3.72499 22 498 9351 9332 1 2.25736 2.25736 27 
5 3.33103 -0.91314 -1.68672 -1.23353 -3.07796 4.09062 22 499 1074 1 1 0 0 1 
4.09538 0.928033 -5 -0.0639989 -0.644574 0.155239 3.74932 22 500 5895 1 1 0.156266 0.156266 18 
-2.52909 -0.914824 5 0.425416 -0.707926 -0.133418 3.81621 22 501 3907 3854 1 0 0 7 
2.75471 4.12345 -5 1.81579 0.372368 1.79261 3.71401 -11 502 14051 14050 1 4.68274 4.68274 83 
0.884792 5 -1.89824 -0.744683 -0.67391 0.954451 3.72795 22 503 1316 1240 1 0 0 6 
0.0886462 5 1.46702 -0.181427 -0.275374 0.151736 3.74345 22 504 13514 13513 1 0.362454 0.362454 37 
5 -4.23951 -1.91515 -0.193625 -0.470553 -0.140231 3.82965 22 505 6855 6831 1 0.334753 0.334753 41 
4.50791 5 3.76626 -0.504394 -0.800026 0.0261272 3.7569 22 506 4637 4601 1 5.98308 5.98308 38 
4.56953 5 4.3105 -0.09897 -0.245064 0.738651 3.72168 22 507 6209 5797 1 6.03621 6.03621 34 
-4.00518 5 1.03158 -0.136946 -0.214277 -0.443228 3.80341 22 508 6240 6226 1 0.75324 0.75324 15 
1.19714 5 3.44501 -0.132983 -0.252604 0.431185 3.73302 22 509 5044 4969 1 0.683649 0.683649 45 
-2.88938 5 -4.1356 -0.0697695 -0.456275 -0.219238 3.78942 22 510 2946 2912 1 0 0 4 
1.23849 1.65591 5 -0.0160781 -0.161005 -0.484705 4.1155 22 511 10116 10115 1 0 0 4 
3.2185 5 -1.78079 5.37345 -2.11148 10.628 3.70415 11 512 3716 1282 1 15.8475 15.8475 197 
-4.38551 2.39228 -5 -4.4908 -3.26634 14.0217 3.70146 11 513 7633 6951 1 5.05723 5.05723 38 
-1.70716 5 -4.11612 -2.89922 -6.17024 4.16689 3.72114 22 514 9496 9495 1 4.09475 4.09475 9 
-4.947 1.23318 -5 -0.439319 -0.280271 1.01445 3.70436 22 515 6033 5651 1 0.191745 0.191745 29 
4.49781 5 -1.32899 -0.172418 -0.22375 -0.0164287 3.77789 22 516 2910 2755 1 0.282623 0.282623 23 
5 3.06635 -2.40662 -0.35368 -0.168471 0.328098 3.73776 22 517 5149 5148 1 1.02709 1.02709 62 
-1.15036 5 -2.30558 -0.412966 -0.346911 0.245388 3.74655 22 518 2450 2396 1 0.432118 0.432118 55 
-0.559148 -2.16945 -5 0.66258 -0.537106 1.29351 3.71464 22 519 44821 44820 1 0.334216 0.334216 4 
5 0.200367 3.73589 -0.247727 -0.0175746 -0.44659 4.06505 22 520 21072 21071 1 0.115481 0.115481 5 
1.24288 3.15981 -5 -0.155948 -0.167568 0.172106 3.71098 22 521 13920 13919 1 0.00446021 0.00446021 5 
-2.86929 5 -1.78262 0.189953 -0.779714 0.360858 3.71127 22 522 1237 1 1 1.01215 1.01215 12 
1.27121 4.23378 -5 0.194432 -8.11116 27.6097 3.69156 22 523 1047 1 1 2.86766 2.86766 73 
1.44151 5 2.22152 0.232216 -0.241778 0.232622 4.43667 22 524 15573 15571 1 0 0 2 
4.73889 -3.5334 -5 -0.0255386 -0.129631 0.211777 3.71138 22 525 3689 3454 1 0.249102 0.249102 32 
-3.77906 0.354802 5 -0.223413 -0.440422 -0.131282 3.84376 22 526 7062 7037 1 0.198097 0.198097 8 
3.99967 -0.272491 -5 -0.422676 -0.45127 0.524957 12.0107 22 527 9243 9161 1 0.569713 0.569713 23 
5 4.67081 2.04573 -0.293855 -0.284153 0.306637 3.74281 22 528 6560 6559 1 5.69447 5.69447 45 
-0.49044 5 -3.17615 -2.91225 -7.21541 2.58554 3.74594 22 529 10063 10062 1 0 0 10 
3.11344 -5 -1.8245 -0.00989774 0.0895075 -0.239999 4.06464 22 530 25074 25073 1 0 0 3 
-3.58097 3.32099 5 0.191203 -0.380848 -0.281986 3.82084 22 531 12975 12955 1 0.197769 0.197769 19 
5 -1.31228 3.63137 -0.343807 -0.34388 -0.274211 3.82572 22 532 13562 13560 1 0.80667 0.80667 46 
-0.0659286 5 1.96007 0.892414 -2.03673 0.506461 3.77255 22 533 4227 4187 1 1.03293 1.03293 6 
3.97682 5 1.03183 -1.20349 -1.13375 0.0734142 3.7589 22 534 4095 4020 1 2.04122 2.04122 66 
1.80758 5 2.44554 -0.669137 -0.902079 0.577673 3.73133 22 536 2116 2115 1 0.228901 0.228901 14 
-2.03165 5 -3.64053 -0.0554156 -0.626094 -0.300527 3.76052 22 537 7103 7102 1 8.40144 8.40144 70 
-0.950096 5 3.98054 0.0364057 -0.465362 -0.207925 3.87391 22 538 10812 10811 1 0 0 7 
2.01127 2.68204 5 -0.0533324 0.112712 -0.188706 4.25957 22 539 5234 5233 1 0.565085 0.565085 43 
3.39742 1.69872 5 -0.0245118 -0.152987 -0.500934 3.98792 22 540 3954 3953 1 2.46206 2.46206 10 
5 -2.02795 2.38287 -0.26559 -0.80601 -0.714379 3.85783 22 541 3521 3472 1 1.17566 1.17566 29 
-0.735428 -3.34993 -5 -0.124045 -0.298869 0.350539 3.72135 22 542 4354 1 1 0.21986 0.21986 46 
5 2.25367 2.05164 -0.150505 -0.210289 -0.197154 3.81326 22 543 10925 1 1 0 0 3 
2.65862 5 3.79808 -0.0367708 -0.0863075 0.0410719 3.72863 22 544 4607 4515 1 4.50631 4.50631 45 
5 2.88939 4.3276 -0.365678 0.00216701 0.150903 3.77775 22 545 11630 11616 1 0.238768 0.238768 21 
-1.13041 3.99657 5 0.0887062 -0.230067 -0.178168 3.81549 22 546 3760 3057 1 1.77197 1.77197 116 
-3.18349 2.47743 -5 -0.203385 0.0660185 0.125026 3.84205 22 547 1131 1106 1 4.60026 4.60026 62 
4.94338 5 2.71694 -0.0861623 -2.15485 -2.97519 3.81409 22 548 5153 5141 1 9.13901 9.13901 125 
-1.88151 5 -0.468224 -0.0571353 -0.507344 -0.0213927 3.82498 22 549 13189 13188 1 0.493717 0.493717 27 
-1.39432 5 3.59409 -0.144551 -0.285345 -0.398501 3.83495 22 550 4595 4593 1 0.391325 0.391325 55 
2.40317 5 -0.631622 -0.392022 -0.234387 -0.229132 3.83556 22 551 24151 24149 1 0.510777 0.510777 13 
-2.90405 4.96923 -5 0.21134 -0.0498933 0.0753739 3.75537 22 552 7796 7795 1 1.12692 1.12692 86 
-3.59785 5 4.06651 -0.12495 -0.188335 0.239098 3.75019 22 553 12713 12564 1 0.175726 0.175726 38 
-0.576619 5 -3.91472 -0.414253 -0.45392 -0.0403851 3.72906 22 554 2473 2472 1 0 0 2 
0.390622 5 0.0144721 -1.82605 -1.96104 4.06998 3.71489 22 555 6950 6949 1 2.95415 2.95415 52 
-1.86091 5 -1.97613 -0.384216 -0.546227 1.47681 3.71125 22 556 4393 4158 1 0.0294916 0.0294916 23 
4.33165 2.28475 -5 0.0195839 -0.186272 0.364417 3.6955 22 557 6591 6527 1 1.31073 1.31073 12 
2.38398 -1.64934 -5 -0.191757 -0.455712 0.129134 3.7978 22 558 9133 9130 1 0 0 1 
-0.514005 -4.66661 5 -0.525653 -2.33466 -1.70303 3.88171 22 559 16448 16376 1 0.493325 0.493325 43 
3.3487 5 0.620787 -0.349837 -0.327533 -0.0455899 3.81511 22 560 5333 5332 1 1.4017 1.4017 72 
5 0.0525492 -0.258799 -0.535261 -0.396648 0.408054 3.72636 22 561 1575 1506 1 4.71843 4.71843 21 
3.31004 5 1.01141 -0.137763 -0.1563 0.0496466 3.75082 22 562 1213 1212 1 5.54682 5.54682 33 
-1.83293 5 3.50684 -0.864944 -1.28024 3.05208 3.7291 22 563 19898 19897 1 0 0 2 
-2.33582 3.59635 5 0.116658 -0.0158335 -0.497252 4.07459 22 564 4997 4970 1 0.0178675 0.0178675 7 
0.574306 1.99265 5 -1.08065 -1.00796 -1.9743 3.9472 22 565 5336 5305 1 0.876796 0.876796 55 
-4.27393 5 2.91362 0.199407 -0.287397 0.303697 3.73496 22 566 5269 5268 1 1.07865 1.07865 40 
3.63681 -5 -4.18103 -0.0522206 0.281935 0.105179 3.77441 22 568 9275 9274 1 0 0 2 
5 0.585271 -2.86015 -0.236348 0.0787656 0.461497 3.71452 22 569 10493 10280 1 8.0026 8.0026 9 
5 -3.51665 4.69091 -0.409161 -0.28014 -0.328182 3.88522 22 570 17436 17408 1 0 0 4 
5 2.6916 0.741578 -0.297214 -0.588694 0.48132 3.73396 22 571 3094 2918 1 1.84257 1.84257 49 
3.39691 -0.499873 -5 0.0662258 -0.0982043 0.393893 3.75819 22 572 3764 3710 1 0.174809 0.174809 47 
0.574543 1.85668 -5 -0.887107 -3.70266 17.9382 3.69163 22 573 1052 1 1 5.72607 5.72607 135 
-0.886966 2.14939 5 0.0530989 -0.15469 -0.129995 3.96247 22 574 1158 1156 1 0.208591 0.208591 30 
-3.21784 3.99001 -5 0.000736762 -0.925903 0.849162 3.69171 22 575 5893 5874 1 9.70639 9.70639 71 
-2.69356 5 1.97684 -0.3004 -0.285066 0.0428236 3.77289 11 576 1933 1901 1 0.61572 0.61572 46 
5 -1.02001 3.42741 -0.149117 -0.403866 -0.203354 3.89101 22 577 14421 14399 1 0.168964 0.168964 6 
4.55003 5 3.54407 -1.06266 -2.1624 -0.658592 3.80485 22 578 3129 3105 1 2.49199 2.49199 40 
2.17145 5 -0.281961 -0.336848 -0.699412 0.442908 3.74 22 579 2168 2056 1 0 0 5 
-0.106799 -0.725435 -5 -0.430786 -0.694656 1.3545 3.71404 22 580 1699 1415 1 0.101064 0.101064 6 
0.27492 -1.82142 5 -0.0768624 -0.0160711 -0.14606 3.98517 22 581 13146 13094 1 0.426545 0.426545 44 
-0.175737 -5 -0.263623 0.123415 0.484932 0.103585 4.03201 22 582 2671 2668 1 0.461007 0.461007 8 
5 2.55793 1.96527 -0.389473 -0.180879 -0.276972 3.81691 22 583 3547 3546 1 0.381042 0.381042 6 
3.3421 4.95669 -5 0.254087 -0.350756 1.3518 3.69138 22 584 1143 1 1 5.08843 5.08843 137 
-2.37386 5 -0.64059 -0.121416 -0.39199 0.304503 3.7419 22 585 10145 10143 1 0.231566 0.231566 31 
0.999432 -2.68172 -5 -0.451514 -3.12964 6.12671 3.70762 22 587 4617 4573 1 0 0 7 
2.67077 5 -3.38785 0.0510103 -0.324769 -0.391207 3.79954 22 588 6696 6695 1 6.43463 6.43463 113 
2.49245 5 2.24073 -0.103213 -0.135302 -1.15537e-05 3.72773 22 589 2940 2843 1 2.09582 2.09582 100 
3.92513 5 4.80031 0.01588 -0.204175 0.144526 3.76888 22 590 14145 14144 1 0.383198 0.383198 20 
3.39605 0.214232 -5 -2.16227 -4.22972 6.58634 3.70417 22 591 13218 13060 1 0 0 7 
1.36272 4.5742 -5 -4.73379 -6.62466 10.262 3.69209 -11 593 4160 4159 1 42.9416 42.9416 471 
-0.804933 5 -1.66322 -0.161995 -0.183862 0.0939805 3.73231 22 594 10807 10555 1 0.342931 0.342931 27 
-1.44903 5 3.52212 -1.55395 -0.467253 2.42083 3.76068 -11 595 1095 1094 1 3.01358 3.01358 41 
-1.65698 -2.65747 5 -0.070578 -0.221243 -0.145197 3.90007 22 596 1001 1 1 2.67125 2.67125 59 
-4.41866 5 -0.801876 -0.851625 -6.22179 2.64251 3.74484 22 597 3104 3103 1 0 0 3 
4.28415 5 3.03779 -0.879564 -0.795443 1.34062 3.72956 22 598 1156 1 1 0.731834 0.731834 12 
3.80926 5 -3.32319 0.118382 -0.515346 0.878655 3.73815 22 599 8768 8739 1 0 0 3 
2.33553 -0.78785 -5 -0.195893 -0.158831 0.920134 3.69142 22 600 1533 1434 1 14.1191 14.1191 184 
1.93837 5 4.95438 -0.104456 -0.389137 0.122908 3.80545 22 601 8108 8107 1 0.196857 0.196857 11 
-1.98586 4.98137 -5 -0.154281 0.234648 0.426916 3.72384 22 602 42525 42524 1 0 0 1 
-2.13148 -3.39086 5 -0.274902 -0.426308 -1.53644 4.31716 22 603 8079 8078 1 4.61495 4.61495 68 
-0.928247 4.66069 -5 -2.427 -6.00047 29.3361 3.69008 22 604 1351 1030 1 6.46297 6.46297 112 
-2.97959 5 0.91747 -0.0388767 -0.496838 0.112964 3.75406 22 605 3940 3918 1 0.63143 0.63143 7 
-1.12929 5 -3.24617 -0.362646 -0.16598 0.0837596 3.76336 22 606 15549 15098 1 0.407013 0.407013 36 
3.25217 5 -3.73283 -0.474722 -0.512018 0.448047 3.70524 22 607 1957 1956 1 3.51687 3.51687 90 
2.81247 2.71488 -5 -1.00124 -1.14704 2.1329 3.71464 22 608 28123 26418 1 2.22746 2.22746 51 
-0.47149 5 -4.53403 -0.0824506 -0.193626 0.103301 4.00156 22 609 8546 8545 1 4.50665 4.50665 44 
3.17027 0.719678 -5 -0.0560396 -0.429782 1.15763 3.70184 22 610 6319 6300 1 0 0 6 
-5 -0.377507 -1.18871 0.0693489 -0.112406 -0.0845557 3.8005 22 611 9885 9738 1 0.535563 0.535563 30 
3.08635 -1.71101 -5 -0.326299 -0.121026 0.635177 3.70562 22 612 4773 4696 1 4.14328 4.14328 14 
4.60851 5 -3.12756 0.503445 -1.09735 -0.172723 3.75745 22 613 25532 25506 1 0 0 1 
-0.639874 5 0.368302 -0.14343 -0.327855 0.115269 3.7879 22 614 6638 6607 1 0.663335 0.663335 12 
-1.07015 -1.6726 5 -0.287013 -0.211791 -0.166326 3.83095 22 615 8343 8281 1 0 0 4 
0.142747 2.32261 5 0.0770659 -0.408664 -0.798628 3.83171 22 616 3071 3034 1 0.479807 0.479807 20 
1.44961 3.64662 -5 -0.483458 -0.184425 0.121604 3.74308 22 617 7999 5183 1 0.18198 0.18198 12 
3.65667 5 3.89933 -0.199992 -0.895954 0.37541 4.74333 22 618 22838 22789 1 0.775226 0.775226 2 
5 4.25037 -3.96708 -6.94584 -12.653 48.143 3.69302 11 619 5523 5369 1 16.5012 16.5012 159 
-2.87854 3.67539 -5 -0.186827 -0.0878992 0.068741 3.74294 22 620 3049 3048 1 0.548618 0.548618 36 
-4.87676 -0.31376 -5 0.0347295 -0.404649 0.245868 3.77402 22 621 10057 10056 1 0.161195 0.161195 8 
5 4.31161 -3.45048 -0.0755667 0.0602802 0.130466 4.2819 22 622 2248 2217 1 5.90314 5.90314 81 
-1.56793 5 0.982891 -0.245546 -0.413301 -0.173233 3.84581 22 623 11833 11832 1 5.69778 5.69778 84 
0.00837104 5 -0.738507 -0.0771617 -1.21188 1.75506 3.72049 22 624 4780 4723 1 0 0 1 
-2.06253 5 -1.74127 -1.03983 -0.75302 0.741782 3.72651 22 625 25225 25175 1 3.82046 3.82046 9 
1.39781 4.58682 -5 -0.25859 -0.405981 0.997233 3.70183 22 626 1727 1 1 1.16258 1.16258 56 
4.38804 5 -0.607625 -0.70511 -0.819556 0.0581876 3.84803 22 627 4738 4628 1 0.570337 0.570337 36 
4.92758 4.79207 5 -0.294843 -0.149561 -0.296229 4.34956 22 628 12606 12605 1 0.443542 0.443542 21 
-3.3056 5 4.82946 -0.195358 -0.454908 -0.126547 3.84805 22 629 4504 4502 1 0.378447 0.378447 28 
4.82288 1.72411 -5 -0.18903 -0.247436 0.239293 3.72957 22 630 14075 12154 1 0 0 3 
3.228 3.28456 5 -0.372982 -0.0285575 -0.348122 3.79924 22 631 3230 3229 1 4.07658 4.07658 68 
2.80843 3.35778 5 -0.0708484 0.0255006 -0.184489 3.81193 22 632 9831 9792 1 1.15032 1.15032 50 
1.88108 -4.91796 -5 -2.62811 -5.34612 5.55364 3.73642 22 633 8065 8020 1 0 0 2 
5 -3.28426 -4.69107 -0.420685 -0.118879 0.264598 3.75084 22 634 9271 9270 1 0.360164 0.360164 3 
5 4.0398 -0.464418 -0.461914 -0.20291 -0.0811359 3.83327 22 635 4538 4536 1 0.167914 0.167914 24 
4.49829 2.22355 -5 -0.388856 -0.93643 3.40097 3.69479 22 636 5264 5095 1 0.510575 0.510575 35 
2.39894 1.59366 5 -0.138955 -0.259375 -0.417775 3.9838 22 637 3802 3773 1 0.0334257 0.0334257 19 
-3.31709 2.30311 -5 -0.0666065 -0.078106 0.534517 3.69446 22 638 3287 3117 1 5.6102 5.6102 44 
5 4.98277 0.702031 -0.158334 0.0752517 -0.174798 3.7829 22 639 4977 4925 1 2.90952 2.90952 71 
-0.980517 5 -0.272769 -0.0377176 -0.285363 0.19836 3.72111 22 640 11344 9747 1 6.30076 6.30076 100 
-2.40904 2.91289 -5 -16.0787 -3.12069 2.3964 3.7135 -11 641 3527 3526 1 0.901639 0.901639 11 
2.42531 -1.55659 5 0.0810084 -0.155117 -0.0695868 3.80976 22 642 33258 33151 1 3.71198 3.71198 41 
-2.37405 5 -1.56668 -0.187912 -0.339555 0.171309 3.75434 22 643 41285 41068 1 0.00235942 0.00235942 3 
1.79779 5 2.84079 -0.135835 -0.172374 -0.0876093 3.79896 22 644 31784 31755 1 0 0 1 
-1.06416 1.9792 -5 -0.320445 -0.469666 0.70506 3.72814 22 645 36924 30041 1 0.356515 0.356515 2 
5 3.06647 -0.476471 -0.131881 -0.141572 0.0684563 3.74411 22 646 7746 7716 1 0.277228 0.277228 15 
-4.81407 5 -3.25094 -0.436685 -0.382128 -0.336416 3.79679 22 647 7754 7732 1 0.478127 0.478127 15 
2.86491 5 -0.93225 0.0549562 -0.262485 -0.434973 3.8166 22 648 8702 8701 1 1.62122 1.62122 15 
4.03795 5 -0.203344 -0.0198169 -2.11128 3.0465 3.72691 22 649 1986 1960 1 0 0 3 
1.25748 4.44113 5 0.117782 -0.0869434 -0.341665 3.97986 22 650 7609 7591 1 17.4106 17.4106 139 
-3.92349 5 -4.2107 -0.153834 -0.48035 0.0819709 3.7357 22 651 17092 17067 1 0 0 6 
3.37809 -0.351042 5 0.0402479 -0.167576 -0.160525 3.99622 22 652 8522 8427 1 0 0 3 
-3.8339 5 0.601423 -0.259475 -0.664718 -0.819025 3.83203 22 653 5323 5305 1 7.7748 7.7748 169 
1.05725 5 1.67713 0.0489411 -0.304202 0.627381 3.72173 22 654 34744 34569 1 0 0 2 
4.261 0.575817 -5 -0.0661769 -0.238723 0.256151 3.71049 22 655 23304 22784 1 0 0 2 
1.17584 5 2.9565 0.0595142 -0.137222 -0.0847734 3.79712 22 656 1582 1386 1 0.739917 0.739917 37 
3.57368 5 3.44272 -0.423693 -0.298192 -0.239541 3.83254 22 657 4243 4105 1 0 0 5 
-5 1.50219 0.787092 0.312456 0.673236 0.275787 3.76803 22 658 3106 3105 1 1.14351 1.14351 65 
1.09999 1.74505 -5 -0.185635 -0.358042 0.467865 3.72898 22 659 29022 28785 1 0 0 4 
3.32687 5 -3.87295 -1.20818 -1.5315 2.88078 3.702 22 660 3085 3084 1 5.55945 5.55945 98 
-2.35383 -3.5613 -5 -0.212921 -0.403262 0.177548 3.71835 22 661 1917 1 1 4.43658 4.43658 96 
3.56462 5 2.57897 -0.0650719 -0.759178 0.555704 3.73303 22 662 12579 12578 1 1.85895 1.85895 107 
2.71048 5 -0.849785 -0.799634 -0.896207 2.22312 3.71591 22 663 3736 3554 1 0 0 3 
-0.214859 4.40128 -5 -34.6692 -19.5374 482.589 3.68631 11 664 1 0 1 82.8808 82.8808 834 
-0.615792 5 0.85742 -0.150568 -0.23751 -0.135477 3.80144 22 665 13386 10236 1 0.311706 0.311706 30 
-3.76221 5 -2.43803 -0.877478 -1.01041 -0.00872066 3.7803 22 666 2409 2348 1 0.0131293 0.0131293 9 
1.48137 5 3.89875 -0.119442 -0.267285 0.057397 3.79841 22 667 13690 13388 1 0.13321 0.13321 29 
4.0026 4.82314 5 2.97439 -3.07197 -11.0824 3.76281 -11 668 2756 2755 1 5.87534 5.87534 152 
-2.82042 -3.48547 5 -0.682849 -0.871662 -1.17157 3.87476 22 669 5707 5648 1 13.1886 13.1886 205 
-2.14724 5 -2.47227 -0.0408766 -0.462188 -0.214082 3.82269 22 670 1062 1061 1 0.510552 0.510552 28 
-4.08218 5 -2.71138 -2.60443 -3.21247 0.872701 3.75237 22 671 20100 20014 1 0 0 7 
-3.5889 5 -2.83687 -0.223595 -0.261735 -0.274375 3.83199 22 672 2953 2952 1 0.261889 0.261889 9 
2.57015 1.94699 5 0.186293 -2.13598 -0.944061 3.82577 22 673 11178 11171 1 0.875511 0.875511 110 
4.29455 1.09652 -5 -0.0397152 -0.0782857 0.491115 3.6897 22 675 6089 5567 1 3.03422 3.03422 84 
-2.12291 2.03227 5 -0.316252 -0.549972 -0.358084 3.81603 22 676 2281 2280 1 0 0 2 
5 3.93174 -0.0773696 -0.0310053 0.0114925 -0.00577117 3.76849 22 677 2409 2399 1 0.974132 0.974132 64 
3.85236 5 4.73891 -0.0227939 -0.90118 -0.146232 3.77348 22 678 1499 1498 1 0 0 10 
2.74079 5 3.84495 -0.293223 -0.395504 -0.136807 3.77676 22 680 10203 10202 1 0 0 9 
2.37228 -3.17429 5 0.0353613 0.0020192 -0.188232 3.87612 22 681 5939 5917 1 2.01719 2.01719 52 
2.55982 5 -1.245 0.393379 -0.621083 0.960314 3.7121 22 682 1426 1 1 3.56045 3.56045 35 
2.76587 0.0681685 5 -0.0801043 0.112461 -0.704502 3.96727 22 683 2177 2138 1 0 0 13 
5 -0.292651 4.98202 -0.418612 -0.281064 0.082986 3.82055 22 684 17928 17927 1 0 0 5 
4.31858 -2.21611 5 -0.105783 -0.368178 -0.338193 3.90556 22 685 13442 13441 1 0 0 2 
2.21705 5 4.33301 -0.395888 -0.823198 -0.246745 3.79299 22 686 1450 1392 1 5.03931 5.03931 49 
0.778682 5 -0.0984865 0.143631 -0.33793 -0.0398093 3.91245 22 687 2284 2233 1 3.4134 3.4134 5 
-0.402424 5 0.924481 -0.217352 -0.459801 -0.0496107 3.81966 22 688 10807 10804 1 0.738494 0.738494 46 
-4.43155 5 4.8309 -0.278023 -0.132253 0.407838 3.76845 22 689 6955 6954 1 1.23733 1.23733 44 
5 2.85221 -4.43977 -0.328884 -0.28866 -0.170094 3.93085 22 690 4401 4398 1 0.416898 0.416898 18 
0.492753 -1.50262 5 0.0125485 -0.340629 -0.138523 3.88098 22 691 8600 8599 1 0.0972347 0.0972347 7 
2.87781 -0.54228 5 -0.00911482 -0.110382 -0.498851 4.29881 22 692 2340 2338 1 4.39516 4.39516 39 
0.258712 -1.35379 -5 0.0233728 -0.178879 2.06851 3.69363 22 693 1044 1 1 0 0 4 
5 0.150299 -3.95056 -0.286746 -0.084877 -0.269833 3.73679 22 694 4158 3989 1 0 0 1 
2.41258 -2.78487 -5 2.41768 2.36548 6.00542 3.70405 11 695 21331 21296 1 4.59156 4.59156 69 
-0.535447 5 1.04076 -0.057122 -0.22746 -0.00228071 3.75327 22 696 1118 1 1 0.389175 0.389175 21 
0.0246902 4.6024 5 -0.157967 -0.296804 -0.384803 3.74624 22 697 1350 1349 1 36.9301 36.9301 357 
-1.746 0.397698 5 0.0767156 -0.32802 -0.384236 3.82083 22 698 8390 8359 1 0 0 6 
-4.38159 -4.30435 -5 -0.199057 -0.24267 0.271879 3.71792 22 699 31074 31050 1 7.37005 7.37005 43 
-0.312394 -0.996147 5 0.672401 -3.14245 -6.40597 3.78949 11 700 7402 5176 1 2.29671 2.29671 26 
-4.10782 -4.41316 5 0.0126012 -0.248372 -0.263166 4.04756 22 701 27605 27602 1 0 0 1 
4.63511 5 1.51111 -1.02553 -2.57018 4.1639 3.72546 22 702 2594 2489 1 0.81157 0.81157 63 
4.80149 2.90953 5 -0.033406 0.118304 -0.171332 4.01634 22 703 1809 1770 1 1.32136 1.32136 17 
-4.71815 1.78629 -5 0.133158 -0.977216 1.32082 3.69672 22 704 1160 1 1 5.92891 5.92891 168 
-3.37752 5 -2.32811 -0.118423 -0.426275 0.0743345 3.77193 22 705 2299 2298 1 0 0 1 
4.18744 -1.99512 -5 -0.219008 -0.519067 0.491393 3.72634 22 706 2001 2000 1 0 0 4 
-1.61682 4.00736 -5 -0.440782 -0.367367 0.821058 3.70704 22 707 1301 1177 1 0.286084 0.286084 33 
5 0.963828 0.462724 -0.190751 -0.473005 -0.0316335 3.86414 22 708 7108 7107 1 0 0 5 
-3.78885 4.47253 5 -0.0758345 -0.0379189 -0.172152 3.82009 22 709 12475 12411 1 0.409792 0.409792 52 
1.92998 5 0.388308 -2.15651 -1.55728 5.95615 3.71284 22 710 2194 2136 1 3.03096 3.03096 32 
2.28838 5 -3.41476 -0.174033 -0.523085 0.774026 3.70392 22 711 20168 20118 1 0.084511 0.084511 5 
5 2.15415 3.47484 -1.68831 -2.54422 -1.55027 3.83751 22 712 1484 1396 1 0.894028 0.894028 47 
-5 4.86487 4.44809 0.264853 -0.375595 -0.223385 3.79114 22 713 33648 33626 1 0.171469 0.171469 32 
3.02486 -4.10307 5 -0.0771396 -0.807717 -0.686263 3.86337 22 714 3918 3917 1 2.29852 2.29852 20 
-4.78429 4.65858 -5 -0.0588676 -0.349088 0.695792 3.70469 22 715 11643 1 1 0 0 4 
-4.30246 1.52118 -5 -0.323969 -0.0149564 0.813936 3.69775 22 716 1087 1 1 32.3898 32.3898 427 
-4.91955 3.65719 5 -0.0728245 0.0569864 -0.679178 3.87788 22 717 1144 1143 1 0.212355 0.212355 15 
4.85737 5 2.35456 -0.180349 -0.424508 0.0874857 3.74838 22 718 10395 5540 1 0.469087 0.469087 34 
-1.9257 5 -4.88773 0.249201 -3.98408 1.28825 3.71722 -11 719 11823 11822 1 2.62681 2.62681 46 
2.3939 5 -3.67441 0.0468721 -0.336807 -0.0521679 3.70437 22 720 1795 1701 1 1.81148 1.81148 79 
1.30434 5 3.5876 -1.58818 -2.02673 -0.126854 3.79792 22 721 8694 8579 1 12.0856 12.0856 49 
0.358267 -0.662923 -5 -1.341 -11.8961 5.80033 3.74773 22 722 9321 9136 1 0 0 4 
5 4.64419 3.87557 -0.725336 0.329896 4.08462 3.71724 22 723 4584 4318 1 4.64077 4.64077 88 
4.50269 3.10728 5 0.174383 -0.161864 -0.0167436 4.01042 22 724 4478 4444 1 1.0798 1.0798 40 
4.65022 -1.19039 5 -0.0577768 -0.222179 -0.273922 3.76895 22 725 5140 5087 1 0 0 7 
2.92795 5 -0.629755 -0.103866 -0.461381 -0.193544 3.83381 22 726 5300 5299 1 0.657407 0.657407 30 
5 4.30664 0.067077 -0.938679 1.92384 -0.265023 3.74138 11 727 3161 1831 1 0.585407 0.585407 4 
4.34991 5 -3.20858 0.111341 -1.13254 -0.75784 3.77463 22 728 3588 3401 1 0.51086 0.51086 19 
-3.10581 5 -4.58051 -1.61837 -5.62401 2.99545 3.71882 22 729 11638 11418 1 0 0 2 
-4.77927 5 2.05288 -0.0123729 -0.247528 -0.0713283 3.84034 22 730 4852 4818 1 0.211287 0.211287 30 
1.83341 5 0.532793 -0.0419793 -0.316865 -0.124834 3.84171 22 731 9023 9022 1 0.709931 0.709931 77 
0.678091 -0.909823 -5 -0.0966586 -0.385901 0.320714 3.72504 22 732 9633 9631 1 11.1519 11.1519 98 
2.65865 1.79553 5 -0.195894 -0.0100993 -0.471851 3.82051 22 733 3197 3160 1 0 0 11 
-4.1654 5 3.7772 -0.0658113 -0.181194 -0.102092 3.76944 22 734 1787 1 1 3.52481 3.52481 95 
-1.4142 -0.598592 5 -0.0338407 0.0212979 -0.428248 3.9797 22 735 16171 16170 1 0.152276 0.152276 9 
3.9715 -0.0398284 -5 0.368512 -6.41596 9.98632 3.70932 11 736 4556 4262 1 4.22436 4.22436 142 
-1.45612 5 -0.736106 -0.270381 -0.265992 -0.155554 3.77075 22 737 15514 15195 1 0 0 4 
5 4.6235 -3.44998 -0.141794 -0.354854 -0.0736004 3.78601 22 739 1927 1926 1 0.0294188 0.0294188 33 
1.53904 -3.99209 5 -0.300354 -0.458136 -0.305634 3.89606 22 740 7234 7176 1 13.5388 13.5388 251 
-3.53303 -2.44467 5 -0.236032 -0.176622 -0.330806 3.97442 22 741 2465 2439 1 1.26285 1.26285 72 
-1.81479 5 -4.40514 -0.340114 -0.177504 -0.284284 3.93274 22 742 10769 10768 1 0 0 5 
3.03229 5 2.15188 -0.0920635 -0.180558 0.123453 3.74536 22 743 2837 1091 1 1.9006 1.9006 6 
-3.97568 5 1.01496 -0.0375561 -0.204391 0.209264 3.72945 22 744 2431 2074 1 0 0 2 
4.37391 5 3.50362 -0.460432 -0.432965 0.133071 3.76029 22 745 5151 4678 1 0.408397 0.408397 10 
-3.58181 3.79108 5 -0.184746 -0.0846716 -0.352818 3.78707 22 746 13453 13439 1 3.5338 3.5338 135 
-1.857 -0.772928 -5 -0.941718 -0.69615 1.39668 3.70866 22 747 7292 7247 1 1.95247 1.95247 106 
-5 -2.02895 2.01528 0.247201 -0.421119 -0.0149276 3.95737 22 748 6018 6016 1 0.273357 0.273357 25 
5 -4.01615 -0.92937 -0.57727 -0.321716 0.257441 3.76448 22 749 1842 1755 1 0 0 3 
0.226794 3.27296 5 0.135594 -0.125952 -0.0486781 3.75925 22 750 3404 3301 1 0.186255 0.186255 20 
-2.59023 3.37346 -5 -0.630753 -0.622222 1.87055 3.70452 22 751 30435 30328 1 0.031818 0.031818 31 
2.76847 5 4.52042 -0.167863 -0.478792 -0.060826 3.80535 22 752 29653 29652 1 0.510648 0.510648 22 
5 3.4589 -3.66224 -0.159612 -0.00431232 0.104736 3.72459 22 753 1001 1 1 0.34184 0.34184 56 
5 2.38897 1.53822 -0.324951 -0.298355 -0.0532394 3.75257 22 754 19571 19513 1 0 0 1 
-3.91248 5 3.7276 0.151232 -0.827722 -0.484938 3.78176 22 755 9593 9531 1 0.130364 0.130364 8 
-3.58058 -3.74649 -5 -8.9478 -17.4073 20.3504 3.71429 22 756 5103 5056 1 5.58966 5.58966 48 
1.1281 5 4.03025 -0.35626 -0.840575 1.37215 3.73163 22 757 14422 14352 1 0 0 4 
3.50675 5 -2.53901 0.0804852 -0.477915 -0.161984 3.76528 22 758 1421 1420 1 2.33511 2.33511 30 
5 4.23057 -0.938663 -0.0554283 -0.121948 0.204775 3.70785 22 759 2238 1893 1 0.322469 0.322469 40 
-2.35856 0.358307 -5 -0.179572 -0.167742 0.114013 3.71794 22 760 1731 1719 1 2.37227 2.37227 67 
-0.35183 -0.580045 5 -0.00159524 -0.995848 -0.810898 3.799 22 761 2796 2748 1 0 0 7 
-3.29738 5 -3.6213 -0.145061 -0.488453 -0.0386131 3.7521 22 762 2558 2557 1 0 0 4 
5 4.37175 -2.66567 -0.155264 -0.231053 0.291634 3.71216 22 763 3505 3314 1 1.27363 1.27363 18 
-1.96549 -0.382643 -5 0.141417 -0.379865 0.311166 3.73244 22 764 35946 35943 1 0.214583 0.214583 8 
5 -3.75728 -2.28196 -0.0634552 -0.30058 0.233786 3.71778 22 765 9298 9296 1 0.311738 0.311738 28 
-3.03013 5 0.183454 -0.294849 -0.12364 -0.0764447 4.1688 22 766 16532 16531 1 0.769422 0.769422 80 
1.45547 5 -4.67485 0.576254 -0.446519 -0.258376 3.81724 22 767 2466 2427 1 0.93746 0.93746 75 
2.30677 5 -0.244614 -0.0341946 -0.312527 -0.402837 3.91921 22 768 5889 5888 1 6.92578 6.92578 50 
5 0.292873 2.06987 -0.168122 -0.0267161 -0.0831323 3.94849 22 769 17816 17815 1 1.02272 1.02272 37 
3.28107 5 -3.92955 -0.393832 -15.9559 59.573 3.69076 11 770 1 0 1 18.8138 18.8138 158 
-3.20694 5 -1.78355 -0.115562 -0.263313 0.148693 3.74941 22 771 8195 8194 1 0 0 2 
4.86217 5 0.435143 0.0491807 -0.196271 -0.0562457 3.77154 22 772 3438 3437 1 0 0 7 
3.17706 5 -0.808033 -0.361901 -0.352369 -0.0393932 3.83214 22 773 24518 24517 1 0 0 1 
-3.19367 0.668897 5 -0.148069 -0.250291 -0.388642 3.99133 22 774 8906 8905 1 0 0 5 
0.266884 3.78125 5 -0.652148 -0.115493 -1.91903 4.20295 22 775 12560 12456 1 0.506527 0.506527 29 
5 -1.31952 2.28224 -0.221682 -0.213484 -0.143387 3.79288 22 776 4074 3943 1 3.73983 3.73983 98 
1.5012 5 0.654372 -0.0853073 -0.508993 0.0538848 3.76047 22 777 5324 4707 1 4.14254 4.14254 92 
-5 4.97978 4.61261 0.0932377 0.094705 0.00215544 3.89052 22 778 8318 8317 1 0.850708 0.850708 47 
-0.2032 5 -3.65218 -0.08326 -0.872415 1.25458 3.7153 22 779 12092 12091 1 0.0253833 0.0253833 4 
3.5246 1.18779 5 -0.0572756 -0.430109 -0.269899 3.93968 22 780 9492 9490 1 0.555039 0.555039 54 
-4.10058 5 0.564044 -0.722991 -0.810331 0.823694 3.72819 22 781 28097 28051 1 3.72663 3.72663 13 
4.9378 0.0327693 -5 0.0035151 -0.637852 1.69266 3.69837 22 782 1405 1205 1 4.42852 4.42852 63 
-4.33979 4.75649 -5 -0.178393 -0.212109 0.429308 3.84373 22 783 12028 12027 1 0.266556 0.266556 33 
5 -0.0948136 4.05261 -0.96862 -1.16748 -0.0481823 3.8128 22 784 20893 20698 1 4.36346 4.36346 78 
-2.15399 -3.6814 -5 -0.318673 -0.8104 1.72888 3.70306 22 785 1173 1 1 4.04226 4.04226 86 
-2.29389 5 -1.44186 -0.0491717 -0.204391 -0.163122 3.86132 22 786 6384 6359 1 0 0 5 
-3.47087 5 -1.127 -1.19138 -1.42667 2.70156 3.71559 22 787 12828 12827 1 8.96447 8.96447 91 
2.10628 5 3.79135 -0.0904111 -0.130688 0.193134 3.74007 22 788 16293 13945 1 0 0 4 
5 -0.86861 -0.361654 -0.155275 -0.208148 0.351339 3.72757 22 789 15924 15799 1 0.252987 0.252987 7 
3.9146 -4.62616 -5 -0.125825 -0.522641 0.256525 3.74733 22 790 9153 5720 1 0.35077 0.35077 57 
-4.7395 1.52874 -5 -3.44173 -2.03406 10.7603 3.70183 22 791 31397 31236 1 0.377511 0.377511 22 
-3.69296 5 -1.10232 -0.198855 -0.115674 -0.052023 3.79433 22 792 2433 2432 1 0.0915557 0.0915557 10 
3.21328 5 -1.89827 -1.39949 -3.69451 13.9688 3.7042 22 793 26550 26297 1 0 0 2 
-2.3184 5 -0.854675 -0.153558 -0.133781 -0.626288 3.95769 22 794 1490 1464 1 0.217955 0.217955 4 
2.86954 5 -3.4842 -0.122184 -0.206043 -0.0646544 3.80286 22 795 13242 13173 1 0 0 3 
4.43245 5 -0.699289 -0.0341456 -0.200342 0.468847 3.72021 22 796 9155 9154 1 4.4672 4.4672 30 
5 3.89128 1.04636 -0.110775 -0.229803 0.326006 3.727 22 797 14809 13758 1 0.0703757 0.0703757 11 
1.84716 -0.597755 -5 -0.0773698 -0.236243 0.332381 3.70763 22 798 8381 8325 1 0.282683 0.282683 40 
-4.04624 5 -4.80213 -0.217029 -0.215033 0.212932 3.71642 22 799 10037 8375 1 10.6785 10.6785 126 
3.06557 5 0.983726 -1.05295 -1.44048 0.712542 3.77354 22 800 2046 1995 1 5.02279 5.02279 146 
2.13951 1.132 -5 -0.242532 -0.121297 0.0746701 3.78602 22 801 20611 20576 1 0.811864 0.811864 56 
5 1.29939 -3.71104 -0.240162 -0.158496 -0.0329011 3.74994 22 802 12538 12492 1 2.63978 2.63978 33 
4.06798 5 -2.62178 -0.0492506 -0.245806 -0.179193 4.00198 22 803 9988 9987 1 2.3402 2.3402 34 
0.858984 -3.72497 5 -0.037544 0.0315927 -0.508638 4.24591 22 804 2455 2453 1 0 0 6 
5 1.46041 1.22752 -0.233556 -0.0382898 0.14259 3.80087 22 805 2466 2465 1 0.56862 0.56862 31 
1.08651 5 -0.390495 1.06979 -0.562831 0.411347 3.76809 22 806 22124 22101 1 0 0 1 
-2.45289 -3.38527 5 -0.114755 -0.417197 -0.155173 3.82199 22 807 4797 4752 1 2.25488 2.25488 86 
5 4.71722 3.55599 -0.368661 -0.41514 -0.137794 3.82318 22 808 16106 16085 1 0 0 1 
-0.990378 5 0.880703 -0.17333 -0.269512 -0.165444 3.78574 22 809 6942 6941 1 0.387062 0.387062 14 
-0.945426 5 1.34881 -0.0567666 -0.502956 0.0702311 3.80621 22 810 20668 20667 1 0.104209 0.104209 2 
4.46518 3.76433 -5 -1.10443 -0.562976 2.21892 3.70117 22 811 1001 1 1 0.250443 0.250443 19 
5 2.63525 2.52743 -0.36134 -0.314506 -0.177875 3.78721 22 812 10831 10802 1 0.21746 0.21746 6 
5 -2.60934 -0.680123 -0.122631 -0.460051 -0.0895524 3.80047 22 813 4479 4478 1 0 0 2 
-2.01928 5 4.41956 -0.00177844 -0.300273 -0.0228561 3.74828 22 814 18996 18775 1 4.98973 4.98973 106 
4.40413 5 3.6359 -0.0664288 -0.166362 0.0598765 4.01085 22 815 7937 7935 1 3.56035 3.56035 57 
-2.29197 3.89529 5 -0.0631065 -0.243904 -0.218547 3.8664 22 816 30671 30539 1 0.184524 0.184524 3 
-4.0785 5 -0.0990831 -0.0313718 -1.36362 0.939625 3.73205 22 817 4550 4527 1 0.38537 0.38537 23 
5 -0.166743 4.73223 -0.176508 -0.230115 0.478622 3.73002 22 818 7234 7065 1 2.36499 2.36499 75 
-2.04117 5 3.56644 -2.85975 -13.343 4.22474 3.73829 11 819 1 0 1 4.35264 4.35264 111 
0.606009 5 1.92962 -1.49732 -2.24031 4.60115 3.7274 22 820 17740 17707 1 0 0 6 
-1.75785 3.40791 5 -0.0731427 -0.234055 -0.547247 4.05677 22 821 5176 5092 1 0.342235 0.342235 34 
-0.902241 5 -4.05976 -0.262111 -0.423532 0.0500528 3.78157 22 822 2848 2756 1 0.32127 0.32127 36 
-1.42832 5 0.514364 -1.50396 -1.65313 2.50383 3.73911 22 823 6931 6826 1 0 0 8 
-3.41764 5 3.12615 -0.0963517 -0.229106 -0.222792 3.85163 22 824 8796 8795 1 0 0 5 
-4.61851 5 -2.37491 -0.185514 -0.166242 -0.44617 3.92875 22 825 1776 1775 1 2.70263 2.70263 65 
-3.4125 5 -3.90702 -0.344527 -0.178061 -0.33274 3.80924 22 826 16023 16022 1 0 0 1 
3.01998 5 -1.52923 0.0793335 -0.481318 -0.152182 3.81891 22 827 1796 1795 1 0.406438 0.406438 25 
5 -1.63107 0.659267 -0.148855 -0.0969946 0.258564 3.75243 22 828 5141 1 1 4.24012 4.24012 44 
5 3.86225 1.25667 -0.182135 -0.190644 -0.0671161 3.78407 22 829 7982 7840 1 0 0 2 
2.47107 5 -0.875204 0.0799278 -0.275746 0.0354075 3.81715 22 830 15561 15540 1 0.193927 0.193927 39 
-2.07605 5 -2.37148 -0.22755 -0.455292 0.0452824 3.77504 22 831 11100 11099 1 0.535052 0.535052 29 
1.95686 5 -0.560902 -0.0508149 -0.133191 0.382259 3.71409 22 832 19572 19309 1 0 0 3 
-0.813626 5 -3.75023 -0.329648 -0.112148 0.484143 3.70978 22 833 1857 1385 1 8.79749 8.79749 67 
0.486665 -5 -0.12006 5.29454 0.512999 1.71096 3.73186 -11 834 9919 9918 1 13.8839 13.8839 162 
1.18778 4.30451 5 -0.197737 -0.460312 -0.10066 3.80727 22 835 5376 5374 1 0.491312 0.491312 27 
4.49702 5 2.1387 -0.524358 -0.240515 0.57925 3.72465 22 836 10755 10641 1 1.80958 1.80958 73 
-2.09644 -0.304277 5 -0.0933826 -0.44003 -0.242433 3.91231 22 837 9847 9845 1 0 0 1 
4.18221 5 1.38561 -0.0248758 -0.425355 0.27936 3.74501 22 838 1796 1 1 2.94819 2.94819 18 
-0.575474 3.50339 5 0.0883646 -0.14505 -0.27069 3.9884 22 839 16734 16733 1 0.319332 0.319332 15 
3.33676 5 4.74744 0.0272207 -0.441759 -0.255397 3.87993 22 840 19353 19326 1 0.437623 0.437623 51 
2.15857 1.50267 5 -0.0197591 -0.156094 -0.486173 3.95654 22 841 3570 3569 1 0 0 1 
-3.0967 5 -4.18365 0.216411 -0.417343 -0.200276 3.78361 22 842 1424 1387 1 0.223683 0.223683 35 
4.23834 1.48258 5 2.9134 -1.71424 -5.14899 3.82089 22 843 7050 7031 1 0.127325 0.127325 19 
2.61118 -4.26477 5 -0.0512216 -0.16478 -0.283322 4.04618 22 844 32977 32949 1 0 0 2 
2.91178 5 1.39351 -0.566079 -1.36228 0.777384 3.77269 22 845 10758 10756 1 0 0 2 
4.36081 5 4.13017 -0.155344 -0.481616 0.0709549 3.77053 22 846 5913 5911 1 0 0 4 
-2.55269 -0.121589 -5 -0.0105007 -0.322074 0.780126 3.69255 22 847 2946 2868 1 10.371 10.371 132 
4.83083 2.79353 5 -0.271968 -0.294292 -0.31709 3.81722 22 848 1363 1362 1 11.5845 11.5845 86 
0.70719 2.27202 -5 -0.170223 -0.132124 0.0550681 3.70425 22 849 1280 1 1 69.9296 69.9296 707 
4.04708 -2.31576 -5 -0.384362 -0.193221 0.0820074 3.80904 22 850 7479 7478 1 0.0753821 0.0753821 7 
-3.78594 2.07105 -5 -0.148456 -0.286666 0.560734 3.71085 22 851 17206 17058 1 0 0 2 
3.28023 5 3.13067 -0.403185 -0.279158 -0.143642 3.76988 22 852 4585 4569 1 6.60887 6.60887 164 
1.30763 -1.94463 -5 -0.120736 -0.245143 0.475078 3.69659 22 853 1651 1 1 10.5878 10.5878 166 
5 0.233127 -2.57077 -0.0371561 -0.215108 -0.462026 3.98354 22 854 1936 1935 1 6.93233 6.93233 39 
4.65064 3.93953 -5 -0.0804258 -0.301101 0.404957 3.71467 22 855 12531 12530 1 0.049792 0.049792 6 
0.441683 5 -1.31594 0.0163442 -0.793029 0.539461 3.70898 22 856 1225 1 1 0 0 2 
5 -3.68451 -1.52075 -0.328505 -0.0253091 0.019559 3.72095 22 857 15756 15472 1 0.284702 0.284702 31 
-3.94252 5 -4.27318 0.101665 -0.457079 -0.0937681 3.80406 22 858 6266 6265 1 0.0296186 0.0296186 15 
-4.72368 5 -2.50777 -0.191214 -0.386279 0.274492 3.75236 22 859 27807 27806 1 0 0 1 
5 3.69742 -4.13185 -0.310555 -0.299292 -0.274042 3.72202 22 860 3282 3281 1 2.84025 2.84025 75 
0.965097 5 -1.66769 -0.156054 -0.414353 -0.00039515 4.76939 22 861 8689 8688 1 1.12562 1.12562 58 
0.0859142 5 0.136803 -0.0841064 -0.440459 0.633116 3.7425 22 862 6569 6545 1 0 0 7 
0.816094 5 0.969078 -0.500415 -0.982967 -0.218828 3.7735 22 863 1070 1 1 0.299161 0.299161 26 
5 1.82786 3.34912 -0.33548 -1.11968 -0.154815 3.78574 22 864 2421 2398 1 0.510743 0.510743 29 
4.00688 4.89815 -5 -0.369049 -1.60691 1.00623 3.7192 22 865 4678 4585 1 0 0 5 
-0.626476 5 -1.19829 -0.0188371 -0.174447 0.285316 3.71029 22 866 2520 1837 1 9.81482 9.81482 86 
5 3.89973 -4.72077 -0.608613 -0.173282 0.393898 3.70427 22 867 4600 4519 1 6.51408 6.51408 86 
0.134365 5 -0.240206 -0.240962 -0.129271 0.105772 3.75697 22 868 11602 11572 1 10.7402 10.7402 106 
-4.80339 5 -4.4554 -0.400027 -0.436692 -0.318049 3.9059 22 869 9085 9057 1 0 0 8 
4.06944 -5 -3.7014 0.168972 0.0331965 -0.0878818 4.23172 22 870 12307 12250 1 0 0 8 
2.78964 3.59375 -5 -0.411308 -0.238802 0.90527 3.69275 22 871 16007 15931 1 0.168568 0.168568 34 
2.50976 1.27584 5 0.0851981 0.14418 -1.89234 4.69256 22 872 4029 4000 1 0.333809 0.333809 40 
4.83668 1.19198 5 -0.142691 -0.0544622 -0.455015 4.05774 22 873 7082 7081 1 0 0 9 
2.38623 -2.68971 -5 -0.0608069 -0.73573 0.75417 3.71455 22 874 4405 4215 1 0.67737 0.67737 73 
-2.2053 -3.37339 -5 -0.161781 -0.273138 0.400428 3.75253 22 875 2202 2175 1 3.53374 3.53374 46 
5 -0.146658 -2.84893 -0.0972994 -0.204641 -0.098646 4.02575 22 876 20840 20839 1 0.0384402 0.0384402 5 
2.06003 -2.51342 -5 -2.2839 -7.24074 19.5694 3.69976 22 877 2878 2693 1 0.363085 0.363085 42 
2.62741 -0.278121 -5 -0.272318 -1.55872 0.51295 3.76259 22 878 6566 6447 1 0 0 4 
5 2.56215 1.70435 -0.33484 -0.333028 0.195178 3.75945 22 879 6136 6135 1 0 0 14 
3.23577 5 0.405705 -0.0991752 -0.407735 0.324228 3.73659 22 880 12345 11448 1 0.47596 0.47596 28 
0.700421 5 -0.783141 -0.305586 -1.09116 1.21445 3.72082 22 881 1514 1463 1 6.17758 6.17758 63 
4.42169 4.00717 -5 -2.11026 -3.45497 5.69335 3.70599 22 882 22836 22787 1 1.52496 1.52496 12 
5 -3.24217 -3.36698 -0.177671 0.0256265 0.118667 3.95555 22 883 18226 18222 1 0.0675627 0.0675627 7 
5 3.43459 -0.957352 -0.319314 -0.314349 -0.245648 3.75676 22 884 6436 6420 1 4.84334 4.84334 51 
-4.38162 0.166812 -5 -0.499905 -0.672803 1.16149 3.70783 22 885 3315 1 1 7.78246 7.78246 72 
-2.18736 5 1.36467 -0.281153 -0.150639 -0.228758 3.92774 22 886 23522 23521 1 0 0 3 
-0.770705 -3.61481 -5 -1.41925 -1.63502 3.41402 3.70258 22 887 23363 23211 1 0 0 2 
-1.48891 5 2.05032 -0.403497 -1.06711 0.0330536 3.75251 22 888 4063 4062 1 0 0 8 
2.22189 4.17384 -5 -0.376716 -0.7507 2.33714 3.69885 22 889 20448 20335 1 0 0 6 
-4.25018 5 -0.133837 -0.334193 -0.365903 0.124701 3.80911 22 890 5159 5158 1 0.325084 0.325084 7 
4.60013 1.6887 -5 -0.0553171 -0.292723 0.359238 3.73448 22 891 15153 15088 1 0.436473 0.436473 39 
2.93612 5 2.71014 -0.218148 -0.23425 0.235646 3.74007 22 892 4381 3480 1 6.71184 6.71184 186 
1.43689 4.47559 -5 0.0154792 -0.0221274 0.0213233 3.74729 22 893 20313 20309 1 0.0340778 0.0340778 20 
2.79141 -1.67828 5 -0.130722 -0.343423 -0.428349 4.0211 22 894 5876 5850 1 0 0 2 
2.34957 5 -4.92085 -0.174036 -0.315633 -0.362226 3.81634 22 895 24451 24450 1 2.40555 2.40555 31 
4.82936 3.33673 -5 -0.0113188 -0.404069 3.29361 3.68705 22 896 7903 7690 1 3.79625 3.79625 60 
1.63061 2.61424 5 -0.105055 -0.196262 -0.175059 3.80301 22 897 17772 17737 1 0.47175 0.47175 51 
-0.537987 5 -1.9204 -0.151029 -0.808973 0.124441 3.76081 22 898 3182 3156 1 7.38443 7.38443 11 
-4.86697 0.969787 -5 -1.26844 -0.998823 0.84034 3.77427 22 899 4950 4895 1 1.53088 1.53088 71 
-0.450295 5 -0.331711 -0.399811 -0.167963 -0.270295 4.03148 22 900 21041 21037 1 7.92233 7.92233 118 
5 -3.24476 -2.76431 -0.162006 0.0824277 -0.0625024 3.77145 22 901 7072 6943 1 2.20167 2.20167 20 
5 -2.07827 -3.31375 -0.0420789 -0.257164 0.0666135 3.75276 22 902 24702 23343 1 1.19197 1.19197 32 
5 3.67586 4.96192 -0.267236 -0.387308 -0.199242 3.79724 22 903 2633 2632 1 0.0647649 0.0647649 6 
0.157196 5 4.29487 0.345263 -0.219503 -1.1518 3.986 22 904 1668 1643 1 0 0 14 
2.87401 4.31316 -5 -0.755174 -0.525574 1.38148 3.70638 22 905 6847 6117 1 1.30998 1.30998 7 
4.28295 -3.74156 5 -0.637007 -0.273242 -1.09644 3.89446 22 906 3281 3280 1 0 0 8 
4.68631 0.990297 5 0.324803 -0.346811 -2.13164 4.10001 22 907 14272 14249 1 0.283184 0.283184 11 
-3.6597 -4.63202 5 0.0322928 -0.317657 -0.398962 3.98929 22 908 4544 4542 1 2.00603 2.00603 42 
0.211691 5 -3.90361 -0.195311 -0.392387 0.262691 3.72557 22 909 10282 10281 1 0 0 3 
1.19176 5 3.5022 -0.985486 -11.9278 10.9707 3.72298 -11 910 8404 8403 1 2.74819 2.74819 13 
-1.97822 5 -0.870842 -0.767922 -0.691601 2.56256 3.72564 22 911 2999 2958 1 0.898599 0.898599 84 
3.69213 5 1.13015 -0.00249312 -0.613229 0.298705 3.76593 22 912 2517 2372 1 0.435317 0.435317 24 
5 4.44149 -0.244979 -0.325201 -0.317196 -0.925211 4.14763 22 913 3513 3479 1 0.327045 0.327045 7 
5 2.39659 -0.929411 -0.638736 -1.11033 -4.14801 3.74762 22 914 5844 5843 1 0 0 7 
5 -0.498705 0.77904 -0.0644901 -0.463529 -0.205187 3.85876 22 915 5583 5582 1 0 0 5 
-5 4.8296 -3.04803 0.0742529 -0.254344 0.0844149 3.72854 22 916 10646 10615 1 7.88172 7.88172 176 
2.94462 0.949522 5 0.0165189 -0.171543 -0.338414 4.13441 22 917 1485 1441 1 0.632145 0.632145 92 
5 4.90963 -3.22462 -0.289044 -0.71538 0.764707 3.70357 22 918 4513 4270 1 2.94861 2.94861 43 
5 -4.05126 4.16585 -0.713523 0.145081 -0.38887 3.83919 22 919 7667 7666 1 0.824991 0.824991 36 
-0.451768 3.19679 5 -0.057467 -0.172077 -0.140155 3.79718 22 920 1787 1 1 0.274368 0.274368 7 
1.11258 5 -1.54929 -0.184435 -0.423848 0.217846 3.7523 22 921 2935 2934 1 0.907845 0.907845 33 
3.15537 -2.11241 5 -0.987155 -1.83919 -1.89598 4.03268 22 922 10099 9951 1 0.240483 0.240483 9 
-2.92229 5 4.23555 -0.315723 -1.20191 2.56746 3.73036 22 923 5422 5307 1 0.1979 0.1979 11 
-3.76841 5 -3.36895 -0.162103 -0.186647 0.255759 3.71022 22 924 6306 6207 1 5.0777 5.0777 208 
0.0238017 3.606 5 -0.271424 -0.299866 -0.312296 3.79371 22 925 10434 10414 1 0.193837 0.193837 9 
-4.91792 2.50176 -5 -0.167849 -0.421748 0.234681 3.77488 22 926 6272 6270 1 1.51604 1.51604 43 
1.08196 5 3.29944 -1.54603 -2.06868 -1.53085 3.89366 22 927 7731 7588 1 1.15727 1.15727 30 
-4.82562 5 0.0545758 -0.0926661 -0.1658 -0.027417 3.78042 22 928 5694 5486 1 0.555476 0.555476 31 
-4.24363 4.27133 5 -0.28357 0.0114963 -0.313961 3.96644 22 929 13245 13207 1 0 0 1 
-3.40533 5 1.49388 -0.280052 -0.186999 0.0900906 3.76333 22 930 37337 37313 1 0 0 1 
3.64281 5 -4.35544 0.166904 -0.803986 -0.00807424 3.70337 22 931 15918 15848 1 0.654671 0.654671 36 
1.24775 5 -3.20858 -1.01087 -1.02788 0.864893 3.74669 22 932 5328 5327 1 0 0 7 
2.96558 -0.475811 -5 -1.66436 -4.22798 2.09288 3.72621 22 933 5251 5200 1 0 0 5 
-2.07935 5 -1.75311 -0.106743 -0.167868 -0.470687 4.19614 22 934 21049 21047 1 0 0 3 
-2.12997 5 2.71517 -0.492114 -0.433921 0.164176 3.77749 22 935 11943 11942 1 0.287246 0.287246 7 
-0.971804 5 -4.53691 -0.0809459 -0.185969 -0.0933316 3.78115 22 936 12722 12721 1 1.5326 1.5326 73 
-4.1914 -2.6743 -5 -0.161957 -0.209166 0.651168 3.69678 22 937 1165 1 1 16.8687 16.8687 293 
4.82718 -1.17697 -5 -0.132719 -0.357419 0.340231 3.72205 22 938 1718 1717 1 0 0 10 
-4.45596 5 0.988785 -0.798011 -0.641809 0.48668 3.77814 22 939 22691 22664 1 11.1359 11.1359 87 
0.513571 5 3.04074 -0.137158 -0.336941 0.817799 3.72905 22 940 14290 1 1 0 0 1 
-5 3.56315 0.302122 0.768038 0.0338273 -0.142884 3.74304 22 941 1813 1812 1 2.95957 2.95957 71 
5 -1.08238 3.24178 -0.206798 -0.460584 -0.0788456 3.81185 22 942 29390 29389 1 0 0 2 
5 3.9001 4.4879 -0.253323 0.0193916 0.917117 3.7247 22 943 5374 5022 1 0.978608 0.978608 11 
1.98972 2.20469 -5 0.0171372 -0.135534 0.110151 3.91461 22 944 11645 11641 1 6.22268 6.22268 61 
4.64555 5 -3.58881 -0.327444 -1.66713 -0.215854 3.74112 22 945 10346 10304 1 0.828945 0.828945 8 
5 -4.2376 1.71914 -0.384169 -0.176135 -0.31853 3.98203 22 946 19869 19868 1 0 0 2 
5 1.62201 -2.44356 -0.444746 -0.153743 0.199209 3.72803 22 947 2305 2284 1 27.0006 27.0006 288 
3.45916 2.0683 5 -0.0182014 -0.267434 -0.109453 3.79647 22 948 17160 16805 1 0.312605 0.312605 22 
-3.69352 1.48286 5 -0.936038 -1.3269 -2.04403 4.02356 22 949 3650 3470 1 0 0 2 
2.98451 5 1.10357 2.34822 -4.51752 2.41185 3.71878 -11 950 1985 1984 1 11.2236 11.2236 43 
5 -3.56493 -0.134436 -0.196139 -0.309338 -0.100401 3.77121 22 951 12088 11959 1 0.718552 0.718552 7 
-3.52258 5 -0.571343 -0.168421 -0.177915 -0.0881429 3.78402 22 952 14573 14336 1 0.510695 0.510695 25 
-4.5488 -3.58963 5 0.37219 -0.362508 -1.03718 3.8656 -11 953 2379 2378 1 0.756599 0.756599 11 
4.47369 -0.00726781 -5 -0.232903 -0.390797 0.158542 3.74398 22 954 41369 41291 1 0 0 1 
-4.22899 5 -4.13848 -0.731623 -0.511235 0.159422 3.73693 22 955 5608 5537 1 0.124869 0.124869 22 
5 -3.9205 -2.71425 -0.412276 -0.267066 0.1408 3.78144 22 956 11964 11963 1 0 0 8 
-4.50355 0.382576 -5 -0.403001 -1.05016 1.29859 3.70744 22 957 7774 7745 1 0 0 7 
5 -0.204896 -0.851948 -0.220682 -0.0318401 -0.211151 3.89967 22 958 1520 1519 1 0.0456358 0.0456358 5 
1.27843 2.96531 -5 -3.29329 -0.662311 3.30284 3.71998 22 959 1264 1207 1 0 0 9 
4.6273 4.5878 -5 -0.0835362 -0.226929 0.450161 3.70845 22 960 7579 7578 1 0.510541 0.510541 29 
-2.09822 -4.03543 -5 -0.998138 -1.76814 1.58402 3.75104 22 961 33814 33809 1 0 0 3 
2.84743 4.97181 -5 0.399151 -14.388 94.9848 3.68636 11 962 5539 4617 1 51.4079 51.4079 368 
3.14667 -2.95881 5 -0.0325041 0.0826955 -0.424695 4.25718 22 963 6605 6586 1 0 0 3 
2.79195 5 -2.75032 -0.236951 -0.452082 -0.0244191 3.7618 22 964 6865 6864 1 0 0 3 
5 -0.846022 2.2708 -0.077826 -0.384795 -0.276051 3.85126 22 965 1495 1465 1 0 0 4 
-4.43067 -3.12857 5 -0.0532428 -0.140385 -0.224239 3.91853 22 966 1502 1 1 0.976167 0.976167 78 
-0.639819 5 -1.16792 -0.0334561 -0.293932 0.025364 3.75713 22 967 6583 6474 1 0.296519 0.296519 30 
2.83742 5 -1.78009 0.151492 -0.390461 -0.292763 3.79698 22 968 1727 1726 1 0 0 6 
4.92674 3.20655 5 -0.158713 -0.0322717 -0.191379 3.82536 22 969 10103 10069 1 0.872603 0.872603 60 
0.578865 -4.68161 -5 -1.50971 -6.19429 2.92913 3.73426 22 970 6734 6733 1 0 0 12 
2.06429 1.08174 -5 -0.373765 -0.967772 1.58957 3.71253 22 972 1254 1 1 1.96841 1.96841 49 
1.34757 5 0.841238 -0.0331694 -0.0515865 0.244888 3.73944 22 973 4031 3729 1 2.83483 2.83483 43 
2.47533 5 1.7533 -0.0577753 -0.449079 0.236876 3.76039 22 974 5641 5640 1 3.21963 3.21963 51 
2.19194 4.05507 5 0.0444022 -0.0845176 -0.262623 3.81219 22 975 3918 3599 1 0.67283 0.67283 76 
-2.53092 5 -1.94519 -0.156586 -0.331721 -0.355756 3.79463 22 976 3407 3375 1 2.49589 2.49589 92 
5 -3.5881 1.0819 -0.0531198 -0.0986794 -0.139513 3.82039 22 977 3223 3096 1 0.346217 0.346217 26 
5 -4.51674 -1.32054 -0.202741 -0.41918 -0.210485 3.84229 22 978 4538 4516 1 1.21324 1.21324 37 
5 3.32599 1.60866 -0.237778 0.000487157 0.0497275 3.88558 22 979 9825 9824 1 3.85311 3.85311 93 
-1.17284 -0.786649 5 -0.238042 -0.342731 -0.294943 3.89976 22 980 22166 22165 1 0.0576272 0.0576272 7 
5 -3.53446 2.23196 -0.173711 -0.0704613 -0.232457 3.8286 22 981 13535 13327 1 0.0138593 0.0138593 6 
-4.4929 5 1.26704 -0.137928 -0.351846 -0.0989936 3.80988 22 982 1490 1466 1 0.661183 0.661183 39 
4.34278 1.64497 5 0.0153931 -1.62789 -1.15203 3.84377 22 983 3173 3120 1 0.155728 0.155728 12 
-4.70564 2.94674 -5 -1.24731 -0.963479 1.58472 3.70694 22 984 2478 2417 1 1.32549 1.32549 56 
0.426759 5 0.690043 -0.448544 -0.604696 -0.924867 3.82191 22 985 2857 2783 1 1.49798 1.49798 42 
-0.314041 -3.97804 -5 -0.876342 0.11117 1.76616 3.70584 22 986 1207 1 1 4.03009 4.03009 9 
-3.18317 1.4795 5 -0.454813 -0.22482 -0.0610032 3.78761 22 987 1414 1413 1 0 0 3 
4.91115 2.82412 -5 -0.148529 -0.16401 0.0166175 3.76372 22 988 5279 5237 1 0 0 2 
2.21777 5 3.18505 -0.096697 -0.159655 0.110796 3.75999 22 989 10029 9886 1 0.121124 0.121124 31 
4.72462 4.20928 5 1.09459 -0.925323 -1.82215 3.84925 22 990 9599 9581 1 0 0 2 
5 1.16039 -2.93265 -0.0757793 -0.132014 0.0628089 3.73218 22 991 6479 6459 1 1.69329 1.69329 57 
5 -3.52981 -0.810801 -0.0480389 -0.259087 -0.0563352 3.80466 22 992 2387 2384 1 9.7384 9.7384 139 
-3.63201 5 2.01557 -0.11079 -0.129109 0.318537 3.7328 22 993 2621 2600 1 0 0 8 
2.64368 2.78298 -5 -0.222349 -0.327238 0.965021 3.69746 22 994 19670 19507 1 3.82487 3.82487 32 
1.71529 5 0.457218 -0.121542 -1.05134 1.90379 3.71542 22 995 11617 11584 1 0.0342782 0.0342782 6 
-3.85927 4.20296 -5 -0.67077 -1.18554 6.06351 3.69293 22 996 4671 4587 1 0.418636 0.418636 30 
5 2.2909 -2.9857 -0.273322 -0.442761 0.143407 3.73459 22 997 12877 10469 1 0.20438 0.20438 38 
2.78641 4.47491 -5 0.318136 -1.39191 6.75666 3.69182 22 998 2507 2319 1 0.214246 0.214246 7 
3.52804 4.73701 -5 -0.0704858 -0.396144 0.552677 4.69829 22 999 2143 2015 1 4.66088 4.66088 49 
-0.281457 0.397817 5 -0.089881 -0.107702 -0.35964 3.83692 22 1000 6130 6129 1 0.349876 0.349876 29 
