# Det4_8_7
#x y z Px Py Pz t PDGid EventID TrackID ParentID Weight Edep VisibleEdep Ntracks
3.29057 -5 2.48844 0.175199 0.0866304 0.208601 3.65409 22 1 13364 12885 1 0 0 2 
3.43922 -5 -0.656858 -0.123007 0.665099 0.0981011 3.61732 22 2 3592 3338 1 0.32359 0.32359 18 
4.3984 -2.842 -5 -1.46407 3.57936 3.43328 3.59438 22 3 6975 6923 1 0 0 2 
4.8946 -5 3.24597 0.00865382 0.41681 -0.295491 3.76324 22 5 21667 21604 1 0.0653079 0.0653079 3 
5 4.20178 1.85163 -0.300295 0.220683 -0.223262 3.83211 22 6 14474 14449 1 0 0 1 
-1.74592 -5 -0.929968 -0.287156 0.252065 -0.00768106 3.62097 22 7 8621 8620 1 0.351303 0.351303 32 
5 -2.12734 -0.512954 -0.145142 0.411582 -0.265808 3.79546 22 8 19288 19287 1 0 0 3 
-3.71819 -4.77964 5 -0.0934868 0.233251 -0.444943 3.87102 22 9 24498 24496 1 0 0 2 
5 4.88958 4.13922 -0.139484 0.0173067 -0.120098 4.01363 22 11 4748 4714 1 0.536865 0.536865 29 
-2.48124 -5 -3.54102 -0.514008 1.02802 1.59967 3.58135 22 12 2770 2594 1 0.263555 0.263555 20 
4.24108 -5 -4.04945 -0.102016 0.14998 -0.0191856 3.64263 22 13 33640 33639 1 0 0 3 
3.73787 4.45478 5 -0.445934 0.56399 -0.487092 3.81043 22 14 25456 25454 1 0 0 1 
3.83845 -0.970439 5 0.173247 0.381608 -0.292371 3.81461 22 15 38616 38615 1 0 0 1 
2.71328 -5 -3.5571 -0.448649 0.719146 0.038097 3.68799 22 17 37957 37842 1 1.19275 1.19275 43 
5 -1.85958 3.11167 -0.135653 0.204057 0.0717699 3.74633 22 18 31056 31032 1 0.218912 0.218912 4 
3.75649 -5 -2.32915 -0.0904069 0.372312 -0.338128 3.80434 22 19 1518 1498 1 0.330252 0.330252 4 
5 -2.2036 4.91443 -0.267865 0.569561 0.243539 3.65972 22 21 10731 10675 1 0 0 1 
-1.45772 -5 -0.296112 -0.267667 0.378264 0.24142 3.59599 22 22 19662 19640 1 0.164782 0.164782 3 
4.97238 -5 -4.75252 -0.199006 0.650039 -0.0260974 3.63467 22 23 1029 1 1 0 0 2 
1.20297 -5 2.87949 -0.0480739 0.138902 -0.193727 3.81638 22 24 4424 3337 1 0.133627 0.133627 33 
2.09487 -1.99664 5 -0.00936117 0.438822 -0.724094 3.8879 22 25 30504 30491 1 0 0 5 
4.88459 -5 -4.08638 -0.116675 0.262962 -0.422324 3.87991 22 26 19027 19025 1 0 0 1 
-0.31461 -5 -0.379485 -0.00295804 3.29554 -0.174826 4.6847 22 28 13384 13286 1 0 0 1 
4.23515 -5 -1.36419 -0.247212 0.170821 -0.227988 3.92905 22 30 40281 40280 1 0 0 2 
4.54639 -5 0.132622 0.253448 0.686938 -1.21945 3.76013 22 32 5385 5384 1 0 0 1 
1.50798 -5 0.921328 -3.53446 9.89138 1.10195 3.64317 22 33 8581 8535 1 0.436101 0.436101 6 
1.65793 -5 0.543409 -0.530118 0.562199 -0.318269 3.67604 22 34 9069 8892 1 0 0 3 
1.93278 -5 -2.06672 -0.0184085 0.346656 0.14284 3.62307 22 35 26754 26401 1 0 0 2 
-3.33865 4.99093 5 -0.274824 0.102436 -0.418448 4.0625 22 36 43496 43474 1 1.00099 1.00099 60 
-1.82331 -0.021327 5 0.388013 0.0846665 -0.190271 4.75392 22 37 6662 6633 1 0.440209 0.440209 17 
-3.97229 -5 -3.33711 0.171288 0.368977 0.309251 3.63243 22 38 38069 38068 1 0 0 1 
3.68865 1.91619 5 0.0960921 0.175008 -0.298057 3.68705 22 41 29924 29816 1 0 0 1 
2.06615 0.966625 -5 0.00553569 0.284612 0.52556 3.65779 22 42 8442 8441 1 0.184721 0.184721 37 
5 -0.382869 0.330307 -0.392806 0.192596 -0.264065 3.71534 22 43 7435 7434 1 0 0 2 
5 -0.180723 0.650625 -0.252008 0.0976799 -0.0726393 6.16118 22 44 25174 25148 1 0 0 1 
-2.4475 -5 -3.33526 -0.429594 0.262972 -0.0861077 3.69044 22 46 51134 51133 1 0 0 1 
-5 -2.96366 3.96044 0.203645 -0.0867028 -0.279707 4.14973 22 51 47581 47557 1 0 0 2 
-4.66037 -5 4.04593 -0.182343 0.469324 0.0872117 3.68447 22 53 15186 15175 1 0.349559 0.349559 24 
3.55233 -5 -0.691876 -0.0810155 0.238436 -0.0792379 3.74224 22 54 3718 3717 1 0 0 2 
3.72573 -5 1.58521 -0.124312 0.342856 -0.138683 3.86091 22 55 29448 29391 1 1.75901 1.75901 3 
5 0.487392 -4.46432 -0.14813 -0.218969 0.0542132 3.78447 22 58 3067 3066 1 0 0 1 
1.72111 -0.102033 5 -0.468442 0.78617 -0.815747 3.8555 22 59 35609 35608 1 0.240832 0.240832 36 
1.95841 -5 3.01733 -0.219994 0.324994 0.0733885 3.70235 22 63 38924 38922 1 0.146933 0.146933 2 
5 3.44885 -4.80705 -0.216688 0.216501 -0.269307 3.73755 22 64 38278 38133 1 0 0 1 
-3.19388 -5 1.51347 -0.184822 0.117196 -0.125067 4.08012 22 65 35151 35124 1 0 0 2 
5 4.78269 -1.24394 -0.0964743 0.143956 -0.226791 3.89006 22 66 4940 4939 1 0 0 1 
0.835638 3.22372 -5 -0.164717 0.757796 0.870276 3.59737 22 67 7716 1 1 0 0 2 
2.97111 -2.43473 5 -0.202064 0.376474 -0.28028 3.68555 22 69 1526 1525 1 0 0 2 
-0.952372 -5 -4.8327 -0.2361 0.582302 -0.245082 3.65776 22 71 10107 10106 1 0.150179 0.150179 19 
4.76487 -5 -0.966325 -0.361951 0.953728 -0.379336 3.7143 22 72 9921 9860 1 3.18122 3.18122 43 
-4.46032 -5 1.91158 -0.151438 0.324347 -0.25253 3.90343 22 73 17886 17885 1 0 0 3 
-2.08603 1.90304 -5 -0.779618 1.54099 0.55331 3.62827 22 74 5313 5312 1 0.200071 0.200071 5 
0.205216 -3.90905 5 -0.252438 0.496084 -0.163664 3.73164 22 75 14371 14347 1 0 0 1 
-4.50182 4.25645 5 -0.198927 0.168855 -0.558031 3.83632 22 76 11845 11759 1 0 0 2 
-0.941675 -5 2.49074 -0.000439116 0.228578 -0.164793 3.74807 22 77 27897 27758 1 0.315942 0.315942 7 
-2.92328 -5 -2.83324 -0.213385 0.225112 0.0833933 3.6247 22 78 22021 22018 1 0 0 3 
-2.09644 -5 -3.66739 0.109742 0.951323 -0.691425 3.70263 22 79 12060 12018 1 0 0 2 
-1.45941 -5 -4.75105 -3.12004 3.95836 1.02689 3.63225 22 80 48399 48277 1 0 0 1 
-4.08346 -5 -2.45136 -0.182039 0.431868 0.297046 3.59795 22 81 16544 16324 1 0 0 2 
-3.0227 4.41216 5 0.0144683 0.266198 -0.317912 3.8897 22 82 29324 29301 1 0.157327 0.157327 4 
0.953473 -5 -2.28891 -0.153863 0.425048 0.238286 3.62893 22 83 16841 16817 1 0.102891 0.102891 2 
1.54198 -5 -2.61828 -0.778779 1.1281 -0.732062 3.75907 22 84 2703 2660 1 0 0 2 
-0.650784 -5 2.18031 -0.0527302 0.397353 0.316938 3.60163 22 85 30781 30753 1 0.69375 0.69375 29 
0.927792 3.26285 5 -0.088961 0.370443 -0.340555 3.79218 22 86 20904 20903 1 0 0 2 
-4.07983 -5 -1.53872 -0.340249 0.222455 -0.0482298 3.60717 22 87 20869 1 1 0.510662 0.510662 26 
5 -2.60508 3.32264 -0.524345 -0.230813 -1.34024 3.86988 22 88 11906 11844 1 0 0 2 
-2.63191 2.35465 5 -0.256939 0.334324 -0.040354 3.75321 22 90 10103 10102 1 0 0 2 
0.103494 1.32176 -5 -0.336413 0.496932 0.523361 3.61846 22 91 47055 46208 1 0 0 1 
-2.44459 -5 3.21118 0.000972061 0.163158 -0.123852 3.77298 22 93 3287 3266 1 0.204439 0.204439 26 
4.85513 1.84579 -5 -0.0147847 -0.120151 0.129293 3.63201 22 94 27381 18308 1 0.827011 0.827011 6 
-4.56778 4.86196 5 0.0253229 0.0285836 -0.172009 4.10485 22 95 20802 20659 1 0 0 1 
0.544895 -5 1.38966 -0.109426 0.442736 -0.0306753 3.70818 22 96 3658 2881 1 0 0 2 
3.27429 5 4.51322 -0.0900202 -0.0619338 0.155919 3.7509 22 97 1078 1075 1 0.603346 0.603346 5 
-0.247899 -5 -2.82875 -0.163297 0.410402 0.138488 3.63424 22 98 10420 10392 1 0.46254 0.46254 26 
5 4.00817 3.80851 -0.212928 0.250277 -0.391335 4.1642 22 99 11874 11849 1 0 0 1 
5 -1.12899 -2.01378 -0.126968 0.425017 -0.251052 4.70561 22 101 8499 8498 1 1.29912 1.29912 30 
-3.01136 -5 1.74968 -0.14101 0.17106 0.259602 3.61055 22 102 10566 10469 1 0 0 4 
-4.60803 -5 1.24156 0.00342572 0.216945 -0.044332 3.74171 22 103 38813 38810 1 0 0 1 
3.72725 -5 -3.24765 -0.0733051 0.505696 0.00417008 3.64739 22 104 6700 6699 1 0.184963 0.184963 26 
2.79197 -5 -0.879036 -1.52099 4.57974 -2.15346 3.6855 22 105 16154 15889 1 0.245352 0.245352 26 
4.9605 -5 -0.482445 0.0711779 2.91817 3.80822 3.59405 22 106 24063 23963 1 0 0 1 
-3.79005 -5 -0.202734 -0.302639 0.371076 -0.178416 3.65713 22 108 22326 22309 1 0 0 1 
2.11644 2.54822 5 0.182925 0.246332 -0.217168 3.7699 22 109 22802 22589 1 0.734061 0.734061 45 
0.214923 1.62476 -5 -0.178701 0.284324 0.145592 3.63457 22 110 10005 9933 1 0 0 1 
-2.70023 -5 4.84658 -0.161201 0.411792 0.25605 3.69736 22 111 21253 21234 1 1.39252 1.39252 3 
-4.23129 3.65005 5 -0.0548105 0.119961 -0.476626 4.02366 22 112 26317 26296 1 0.419361 0.419361 27 
5 -4.89235 -0.712692 -0.212273 0.344643 0.109813 3.62893 22 114 8494 8420 1 0 0 1 
-2.59045 5 2.08799 0.168146 -0.109622 -0.0753057 4.14719 22 115 8038 7977 1 0.64996 0.64996 29 
5 1.77259 -4.1145 -0.240893 0.189204 0.0052013 3.67973 22 116 17107 16959 1 0 0 1 
5 -3.33888 -1.97027 -0.249159 0.335267 -0.29434 3.7644 22 118 5239 5238 1 0.0614486 0.0614486 2 
-3.92167 -4.93098 5 0.0348314 0.114757 -0.342478 3.85688 22 119 40152 40125 1 0 0 1 
1.11545 -1.82853 -5 -0.188487 1.64532 0.664315 3.63294 22 121 45224 45169 1 0 0 1 
2.06142 -5 -2.75205 -0.460036 0.202691 0.0916682 3.64231 22 122 29022 29021 1 0 0 1 
-4.39198 -5 -1.40761 -0.153586 0.274021 -0.403043 3.78015 22 125 28508 28485 1 0 0 1 
5 -2.25962 2.6774 -0.633319 1.01591 -1.25651 3.82731 22 126 16807 16806 1 0 0 2 
3.29205 -5 -0.698735 -0.314914 1.73943 -0.53587 3.65784 22 127 11569 11568 1 0 0 5 
0.90203 -5 -1.54763 0.118001 0.797694 -1.24773 3.90423 22 128 18139 18138 1 0 0 2 
-2.85315 -5 3.66936 -0.18868 0.29773 0.159821 3.6413 22 129 34833 34831 1 0 0 3 
5 -4.91642 4.95438 -0.157168 -0.16025 0.0536738 3.7488 22 132 51573 51492 1 0 0 1 
-5 1.2907 0.707745 0.301276 -0.0990446 -0.0431961 4.56701 22 133 16079 16076 1 0.00735195 0.00735195 4 
5 -4.90087 2.74991 -0.80391 0.769236 0.228627 3.64313 22 135 3772 3718 1 0.27137 0.27137 8 
-2.23284 -5 -1.57692 -0.175749 1.0231 -0.220878 3.70991 22 136 33544 33527 1 0 0 4 
5 -1.92262 -0.547323 -0.130468 0.468083 -0.158101 3.68212 22 137 15368 15367 1 0 0 2 
5 2.56509 4.08704 -0.422975 0.440434 -0.312558 3.71586 22 139 34742 34576 1 0.269425 0.269425 6 
4.43576 -5 -4.94001 -0.167319 0.479211 -0.0589981 3.69793 22 140 28258 28257 1 0.387086 0.387086 2 
0.559981 -5 -0.540712 -0.260799 0.371251 0.144705 3.60716 22 141 12450 12449 1 0 0 2 
-3.83716 -5 2.2604 -0.192485 0.447567 0.128406 3.63233 22 142 13914 12048 1 0.13685 0.13685 13 
3.46413 -5 2.71099 -0.031552 0.472638 0.167074 3.68995 22 148 34252 34251 1 0.373071 0.373071 3 
0.588029 -5 -3.35709 0.09112 0.110173 -0.427537 3.85415 22 149 26297 26268 1 0 0 2 
4.17393 -5 3.65273 -0.169018 0.375447 -0.444203 3.82784 22 150 3468 3394 1 0 0 1 
-2.15866 -5 -1.42685 0.0884543 0.248701 -0.192763 3.71531 22 153 29155 29154 1 0.0593383 0.0593383 3 
-1.66243 0.0225846 5 0.0522278 -0.00275443 -0.20668 3.65645 22 154 18833 18806 1 0.212867 0.212867 23 
3.58446 -5 2.75074 -0.181497 0.365439 -0.0855185 3.9138 22 155 29657 29656 1 0.253495 0.253495 26 
-5 2.66784 3.74426 0.146828 0.0467075 -0.0659632 3.99229 22 156 4864 4863 1 0.16687 0.16687 49 
5 1.26839 1.68071 -0.141522 0.386645 -0.302651 3.79907 22 157 14190 14189 1 0 0 1 
5 0.360676 -1.09091 -0.344003 0.0695695 -0.352166 3.79553 22 158 34838 34837 1 0 0 1 
-1.73674 -5 -1.6241 -0.221701 0.875577 0.242607 3.64013 22 159 33524 33522 1 0 0 1 
-1.55783 -5 1.43376 -0.560127 2.13098 0.4778 3.65634 22 160 10824 10718 1 0 0 3 
3.8596 -5 -2.83779 -5.56667 16.4371 5.23404 3.6004 22 161 2507 2505 1 0.347145 0.347145 4 
0.519377 -5 -0.0737712 -0.244669 0.691854 0.348904 3.62728 22 163 22944 22862 1 0.0127933 0.0127933 3 
5 0.905748 2.18024 -0.130702 -0.0513725 -0.22779 4.44886 22 166 9090 9078 1 0.267111 0.267111 27 
3.04692 -5 -2.80847 -0.0889996 0.379138 -0.183929 3.66597 22 168 30097 30096 1 0 0 1 
-3.5266 1.85457 5 0.108146 0.0438766 -0.0963991 3.69586 22 169 48693 48601 1 0.150995 0.150995 23 
-1.67706 -5 -3.45449 -0.00904711 0.192577 0.224481 3.64418 22 170 10860 10839 1 0.00720822 0.00720822 2 
-1.41933 2.50633 5 -0.169409 0.334154 -0.347508 3.83325 22 171 18566 18542 1 0 0 2 
3.95483 -5 0.17577 0.127074 0.218031 -0.444336 3.85013 22 172 32244 32243 1 0 0 5 
-2.18894 -5 -2.49902 -0.257527 0.42394 -0.122779 3.71674 22 173 40199 40198 1 0 0 1 
-3.8095 -5 -4.29782 -0.395627 0.465382 0.133784 3.65327 22 174 32588 32564 1 0 0 1 
-4.26765 3.91104 5 -0.0971303 -0.156818 -0.0837741 3.7329 22 175 13226 13207 1 0 0 3 
5 -3.73849 0.13824 -0.423202 0.637235 -0.32143 3.94063 22 176 10371 10317 1 0 0 1 
0.82083 -5 3.21343 0.110835 0.458682 0.0837959 3.64859 22 177 30562 28782 1 0 0 1 
0.832151 -5 -4.55593 -0.0947263 0.285792 -0.484069 3.86875 22 178 31272 31271 1 0 0 1 
3.00336 -5 -2.65447 0.148551 0.830531 0.227974 3.61479 22 179 16435 16434 1 0.0619848 0.0619848 2 
-2.09634 -3.33764 5 -0.161199 0.228864 -0.4275 3.78574 22 181 14245 14218 1 0 0 1 
0.109239 -1.97889 -5 -0.116976 0.373318 0.32874 3.62072 22 182 17611 17610 1 0 0 1 
1.32655 -5 -4.37446 -0.000730039 0.192054 -0.15431 3.71607 22 183 4259 4258 1 0 0 4 
3.68296 -4.74778 5 0.12163 0.0158609 -0.343612 3.77365 22 184 9156 9108 1 0.191165 0.191165 5 
-0.127926 -5 4.38274 -0.183297 0.40552 -0.251149 3.74105 22 185 45358 45357 1 0.248124 0.248124 2 
5 4.10723 -4.68904 -0.13382 -0.13668 0.068563 3.70748 22 186 4305 4304 1 0.169451 0.169451 8 
2.22811 -5 -0.903101 -0.350962 1.37303 0.303841 3.65809 22 187 9283 9259 1 0 0 1 
-0.70168 -5 -3.29427 0.285082 0.0900194 -0.103054 4.01371 22 188 21041 21010 1 0.841509 0.841509 10 
3.57061 0.448041 5 -0.55518 1.67407 -0.403462 3.72096 22 190 13128 13127 1 0 0 2 
2.2275 -5 -4.09259 -0.0226659 0.289727 -0.0263971 3.80709 22 192 31994 31992 1 0 0 2 
3.56413 -5 -1.82434 0.0378806 0.0478116 -0.436406 3.92384 22 194 5250 5068 1 0 0 1 
-5 2.47034 1.06527 0.163522 0.135839 0.070905 3.74087 22 196 11178 11175 1 0 0 2 
4.63617 -5 2.40707 -0.133925 0.391249 -0.0621009 3.63522 22 197 32366 32320 1 0 0 2 
5 -3.64153 2.80542 -0.226349 0.675418 -0.214755 3.68993 22 198 11397 11366 1 9.53299 9.53299 28 
5 2.46395 1.9676 -0.111106 0.237024 0.0213656 3.733 22 199 26314 26218 1 0 0 1 
-4.18653 -5 3.26479 -0.252824 0.597586 0.219276 3.64682 22 201 36161 35871 1 0 0 1 
4.36548 -4.95212 -5 -0.0345509 0.421779 0.286406 3.6242 22 202 33127 33094 1 0 0 1 
-2.7137 -5 -1.53534 -0.0296514 0.201243 -0.176467 3.71697 22 203 34380 34109 1 0 0 4 
-1.34669 -5 -4.65931 0.0964039 0.117555 0.10618 3.91292 22 205 34066 34045 1 0.184854 0.184854 35 
1.6537 -5 3.7321 -0.296505 0.675128 -0.434835 3.74237 22 206 32164 32083 1 0.855869 0.855869 10 
-4.17125 2.88236 5 -0.134454 0.347884 -0.349312 4.20905 22 208 10041 10039 1 0 0 4 
2.43411 -5 -3.01794 -0.609544 1.61405 -2.20272 3.75735 22 210 28029 28001 1 0 0 2 
-1.61484 -5 0.944021 0.00985898 0.0180108 -0.0215716 3.63019 22 212 58923 58918 1 0.0295813 0.0295813 15 
5 -1.04519 3.15806 -0.269139 0.782197 0.185781 3.66979 22 213 38866 38734 1 0 0 1 
-3.99446 -3.56549 5 -0.0340681 0.180264 -0.148721 3.71403 22 214 5580 5440 1 0.158668 0.158668 18 
4.833 -5 1.30059 -0.301181 1.55428 1.85347 3.60909 22 216 12414 12413 1 0.256577 0.256577 7 
5 -3.06705 -2.73703 -0.110905 0.229755 -0.307727 3.8439 22 217 9585 9584 1 0 0 1 
-1.61681 -4.28656 -5 0.14541 0.834282 0.340162 3.61619 22 219 39348 39145 1 0 0 1 
5 -0.621559 3.59991 -0.146247 0.435863 -0.413808 3.89759 22 220 38297 38246 1 0 0 1 
3.77961 2.8555 5 -0.158661 0.243926 -0.420055 4.18189 22 221 28708 28705 1 0 0 3 
5 0.372218 -1.3801 -0.898828 4.90783 0.0637767 3.6326 22 223 26501 26500 1 0.46193 0.46193 20 
1.69504 -3.03608 5 -0.01201 0.317372 -0.400313 3.78567 22 224 43981 43980 1 0 0 1 
4.5478 -1.02025 -5 -0.48122 1.15488 1.3281 3.58627 22 225 19125 19091 1 0 0 2 
4.46064 1.81123 5 -0.369653 0.364321 -1.08257 3.7991 22 226 20791 20767 1 0.18159 0.18159 3 
-0.595144 -5 4.74203 -0.162149 0.454883 0.0412792 3.75741 22 227 7624 7623 1 0.460947 0.460947 28 
5 0.518487 -4.8152 -0.231498 0.455513 -0.00603187 3.67421 22 229 27198 27141 1 0 0 1 
0.573208 1.24597 5 0.0164802 0.489733 -0.144947 3.74916 22 230 28272 28270 1 0 0 2 
2.66964 -5 3.122 0.210612 0.423042 -0.209569 3.70815 22 232 22125 22124 1 0 0 2 
0.790381 -5 1.69643 -0.0728682 0.826539 -0.0383942 3.6077 22 234 13677 13622 1 0.186773 0.186773 31 
4.14632 -2.97277 5 -0.0905902 0.286096 -0.15688 3.78915 22 237 31400 31399 1 0.107477 0.107477 2 
-4.74155 -5 0.89245 -2.44159 3.69903 1.53153 3.61824 22 240 25102 24993 1 0.451295 0.451295 16 
-5 -0.864988 -0.360406 0.00275541 -0.0522914 -0.334744 3.93513 22 241 12980 12961 1 0 0 1 
4.75996 3.75292 5 0.131949 -0.122121 -0.230157 3.80438 22 242 3801 3798 1 2.77552 2.77552 28 
-0.562084 -2.94582 5 -0.440439 0.486697 -0.906735 3.76402 22 243 16535 16534 1 0 0 3 
2.46304 -5 -4.93803 0.00103533 0.302583 -0.41178 3.83075 22 247 14553 14516 1 0 0 2 
5 1.08027 -4.56782 -0.113511 -0.149469 0.0310848 4.10948 22 248 4758 4757 1 0.189941 0.189941 21 
4.75501 3.17719 5 -0.0921341 0.274714 -0.0622383 3.69577 22 249 5198 1 1 0 0 2 
1.86993 -5 -2.90282 -10.4545 46.4363 -7.4828 10.3226 2112 250 2413 2387 1 0 0 2 
3.91715 -0.47401 -5 -0.120733 0.683452 0.679506 3.59827 22 251 11687 1 1 0 0 2 
3.59053 -5 -4.22852 0.126552 0.579435 -0.762904 3.77207 22 252 36238 36209 1 0 0 1 
4.41936 -4.06275 -5 -0.205364 0.464714 0.0546448 3.62836 22 253 6127 6124 1 0.0847728 0.0847728 3 
0.787302 1.38514 5 -0.0844153 0.327093 -0.383411 3.91778 22 254 24336 24335 1 0 0 1 
-4.79946 -5 -0.0936079 -1.04893 2.98557 1.19016 3.63721 22 256 31892 31891 1 0.0335117 0.0335117 12 
1.75094 1.41718 5 -0.165212 0.219804 -0.36753 3.93741 22 257 24121 24101 1 0 0 1 
2.89082 -5 -4.83197 -0.680501 1.54749 -0.566281 3.69136 22 258 16783 16782 1 0 0 4 
0.698051 -5 4.74477 -0.00282921 0.400632 -0.317184 3.69775 22 259 31857 31856 1 0 0 3 
5 0.995744 -2.31105 -0.14096 0.0554907 -0.000875861 3.6282 22 261 21491 21490 1 0.151116 0.151116 24 
2.6391 -5 -4.95621 0.0887043 0.255682 0.0173388 3.73617 22 262 11052 11051 1 0 0 2 
4.82103 2.98777 -5 -0.0916866 0.197782 0.275601 3.57921 22 263 16256 1 1 0 0 1 
0.460235 -5 3.36286 -0.185467 0.368398 -0.301671 3.77896 22 265 47263 47223 1 0 0 1 
1.43114 -5 -2.57653 -0.494548 1.12963 -0.568298 3.69889 22 267 7069 7032 1 0.0311816 0.0311816 29 
4.13616 0.196228 5 0.0454497 0.207742 -0.198045 3.70106 22 268 4014 3697 1 2.01189 2.01189 79 
-3.68784 -0.424216 5 -0.0703095 0.176519 -0.0909763 3.73089 22 270 17912 17386 1 0 0 1 
5 -1.1878 3.62037 -0.323312 0.464479 0.113049 3.65154 22 272 3265 3193 1 0 0 2 
5 -0.813804 3.02141 -0.638744 1.72339 -1.05561 3.6807 22 273 8089 8047 1 0 0 2 
-2.26179 -3.82517 5 -0.000818371 0.249467 -0.445966 3.92211 22 274 15322 15301 1 0.15754 0.15754 3 
5 1.58832 -2.0128 -0.0644904 1.87096 -0.623348 3.69463 22 275 36919 36918 1 0 0 1 
-4.29197 -5 -0.506008 0.0246664 0.108782 -0.37899 4.09363 22 276 6064 6063 1 0.0880465 0.0880465 2 
0.323374 -5 4.41326 -0.27716 0.303568 -0.30356 3.85813 22 277 48666 48638 1 0 0 1 
-5 2.21298 3.77047 0.191858 0.159742 0.101149 3.7369 22 278 15872 15806 1 0 0 1 
-1.21055 -5 4.54489 -0.0767411 0.505132 -0.00851425 3.74934 22 279 9741 9739 1 0 0 2 
-2.62007 -5 -0.166202 -0.327781 1.19287 -0.101585 3.64364 22 281 21625 21560 1 0 0 2 
5 -3.70904 3.04735 -0.209702 0.911632 -1.96073 3.90232 22 282 30785 30708 1 0 0 2 
-1.91543 -5 1.10076 -0.348042 0.822949 0.112526 3.67326 22 285 4952 4900 1 0 0 2 
2.0107 -2.88927 -5 2.38241 10.4905 13.186 3.59263 22 286 3006 2879 1 0 0 1 
0.622204 -5 3.56115 -0.0990468 0.49395 0.0855769 3.67016 22 289 7472 7471 1 0.474718 0.474718 4 
0.162205 -5 -2.36428 -0.0651997 0.666462 -0.282125 3.67649 22 290 37261 37260 1 0 0 1 
2.57995 -5 -2.33431 -0.36811 0.290783 -0.202633 3.71705 22 291 13227 13226 1 0 0 1 
4.16568 -5 -0.00367722 0.0328943 0.159297 -0.251139 3.97046 22 293 5545 4472 1 0 0 1 
0.51196 -5 0.433465 0.0166763 0.490465 -0.142429 3.68772 22 294 20226 20225 1 0.510321 0.510321 46 
-4.97187 -4.92364 -5 -0.340446 0.418975 0.193767 3.63258 22 295 16814 16670 1 0.194303 0.194303 32 
5 -1.6898 1.6638 -0.123997 0.138502 -0.0703113 3.7695 22 296 12313 12310 1 0.265878 0.265878 17 
5 2.63206 3.28304 -0.230584 0.801185 0.729603 3.63247 22 297 19616 18847 1 0 0 1 
1.99808 -5 -0.233892 -0.114101 0.209745 0.161403 3.61029 22 298 5761 1 1 0.287892 0.287892 22 
-0.0634283 -5 -2.32916 -0.306841 0.396344 0.0993998 3.64457 22 299 15576 15556 1 0 0 3 
4.32467 -5 -2.35588 -0.0268987 0.490563 -0.140515 3.69266 22 302 12650 12649 1 0 0 2 
3.18862 -1.85978 5 -0.247303 0.24216 -0.249696 3.67304 22 303 1955 1945 1 0 0 2 
5 -3.65281 -3.20815 -0.217538 0.217427 -0.408072 4.25219 22 304 55423 55422 1 0 0 1 
-4.10006 -5 -4.70753 -0.425755 0.21831 0.179425 3.60883 22 305 25998 25997 1 0 0 4 
3.08864 -5 3.76622 -0.485473 0.857746 1.58591 3.60556 22 306 5907 1 1 0 0 3 
-5 4.0903 1.98048 0.422445 0.802728 -1.02738 4.2123 22 307 28300 28274 1 0 0 3 
-4.79096 -1.95892 5 -0.199803 0.19079 -0.321666 4.01527 22 308 41183 41155 1 0 0 1 
-0.503073 -5 -2.15955 -0.571136 1.4243 0.197917 3.63142 22 309 41577 41491 1 0 0 1 
-1.45684 -1.02538 -5 -0.121471 0.265421 0.375319 3.59678 22 311 44961 44789 1 0.250401 0.250401 3 
2.68334 -5 4.12317 -0.111717 0.391284 0.309089 3.66227 22 312 57362 57358 1 0 0 1 
-2.13062 -5 3.93092 -0.0218725 0.54141 0.296876 3.61739 22 313 14521 14220 1 0 0 3 
1.32329 -5 -4.50802 -0.230708 0.399642 -0.219498 3.758 22 314 5365 5364 1 0 0 1 
2.90179 -5 -1.60225 1.87731 1.93308 4.91285 3.5962 11 315 32830 31668 1 4.22589 4.22589 33 
-4.3614 4.1859 5 -0.109672 0.208583 -0.453415 4.03922 22 316 10343 10314 1 0 0 2 
0.105466 -0.319699 5 -0.232572 1.54854 -1.80945 3.99289 22 317 3468 3417 1 0 0 1 
-1.22903 -5 -4.17378 -0.605074 0.994715 -0.250494 3.70465 22 318 36074 36012 1 0 0 2 
3.39803 -5 4.56084 -0.541978 0.623507 -0.398915 5.32594 22 320 3286 3251 1 0.0490114 0.0490114 4 
4.37107 -5 4.71827 -0.122732 0.234196 -0.0651455 3.73103 22 322 12754 12194 1 0.0149991 0.0149991 2 
3.32283 -5 -0.237686 -0.202655 2.05367 0.510546 3.62864 22 323 4076 4075 1 0 0 2 
4.06155 -5 2.04166 -0.104287 0.294111 0.0247519 3.73165 22 324 21257 20452 1 0.312738 0.312738 18 
4.23688 1.58653 5 -0.0120437 0.308111 -0.407483 3.98213 22 325 23034 23007 1 0 0 1 
5 -3.09988 -0.238812 -1.35676 2.03239 -2.06153 3.73132 22 326 2811 2810 1 0.172956 0.172956 4 
-4.83652 -1.46534 5 -0.163084 0.0698283 -0.324331 4.23533 22 329 5660 5628 1 0 0 1 
-5 -3.16602 -3.50203 0.138144 0.140731 0.251926 3.63373 22 330 34511 34509 1 0.342348 0.342348 38 
-3.70573 -1.06631 5 -0.129003 0.306399 -0.0857804 3.75891 22 331 44735 44706 1 0 0 2 
-2.33282 4.78751 -5 -2.55294 2.9479 3.19581 3.58777 22 332 6641 6557 1 3.22179 3.22179 10 
-2.59066 2.84945 5 -0.246717 1.14534 -1.14607 3.83308 22 333 30692 30686 1 0.938031 0.938031 26 
1.93897 2.22121 5 0.0311822 0.204989 -0.221883 3.80867 22 334 32141 32126 1 0 0 1 
-0.0814389 -5 -4.14991 -0.194433 0.131841 0.0774166 3.62801 22 335 23820 23582 1 0.531998 0.531998 40 
-3.81238 -5 3.11136 -1.20099 0.967458 -2.81782 3.91044 22 336 18741 18641 1 0.238801 0.238801 32 
-0.112866 -3.39643 5 -0.114135 0.226129 -0.4438 3.84261 22 340 18896 18895 1 0.510618 0.510618 28 
-1.00758 1.65748 5 -0.120187 0.597496 -0.530041 3.87115 22 341 4951 4949 1 0 0 1 
4.4741 -5 -1.6492 0.270813 0.266608 -0.0919454 3.69017 22 345 2764 2763 1 0 0 2 
-2.89223 -5 -2.20747 -0.0230886 0.242313 0.0489195 3.64675 22 346 19001 14234 1 0.110389 0.110389 5 
4.42084 -5 -2.14819 -0.218858 0.339365 0.313133 3.62243 22 347 44976 44975 1 0 0 3 
3.93458 -5 -4.42446 -0.110489 0.29441 -0.402784 3.80465 22 348 31545 31544 1 0 0 1 
-2.07657 2.98776 5 -0.143084 0.275907 -0.324693 3.83299 22 349 29257 29231 1 0.470602 0.470602 40 
2.67578 2.87657 5 0.328333 0.532014 -0.211836 3.79063 22 351 2306 2305 1 0 0 2 
0.786561 -4.28934 5 -0.122601 0.275336 -0.412648 3.9056 22 352 47317 47316 1 0 0 1 
-4.53829 -0.295578 5 0.022519 -0.0773108 -0.146783 3.75464 22 353 36707 36650 1 0.166883 0.166883 33 
-3.65582 -5 0.110511 -0.307301 0.311921 -0.681446 3.78873 22 354 1002 1001 1 0 0 1 
2.38268 -5 -3.71118 -0.170044 0.316185 -0.260728 3.78337 22 357 2027 2026 1 0 0 1 
-2.58003 -5 -3.4817 -0.131263 0.137333 0.266603 3.57321 22 361 34842 32275 1 0 0 3 
1.65664 -5 -2.23801 -0.0595949 0.0663714 -0.216474 3.97931 22 363 18444 18443 1 0 0 2 
-2.48701 -5 3.76947 0.000479301 0.224654 -0.367219 3.7831 22 364 32080 32079 1 0 0 1 
3.11218 -1.66864 5 0.214869 0.384408 -0.259195 3.78943 22 365 19327 19326 1 0 0 1 
-2.6825 5 -0.744886 0.0335273 -0.224531 -0.132679 4.07223 22 366 20984 20982 1 0 0 2 
-3.37812 -2.55002 5 -0.174325 0.209698 -0.599859 4.38117 22 367 33045 33000 1 0 0 2 
-1.78847 -5 0.378814 -0.320921 0.759715 -0.830318 3.90919 22 369 7665 7661 1 1.26842 1.26842 17 
-1.08824 -5 3.35768 0.0477055 2.58189 2.3403 3.62305 22 372 5359 5357 1 0 0 1 
3.98881 -5 2.81835 0.197606 0.437471 -0.175187 3.73714 22 373 8489 8464 1 0.441575 0.441575 40 
-0.636153 -1.4407 5 -0.146145 0.24746 -0.422522 3.98104 22 374 20405 20372 1 0 0 2 
2.57332 -5 0.686659 -0.0962783 0.191717 -0.118747 3.64598 22 375 11017 1 1 0.244924 0.244924 19 
3.30317 -5 0.638694 -0.0374819 0.337607 0.0987638 3.68688 22 376 1326 1252 1 0.361872 0.361872 37 
0.384606 -4.42664 5 0.130932 0.267918 -0.406648 3.81394 22 377 5999 5910 1 0 0 1 
0.783909 -5 -4.76343 -0.212534 0.464679 0.00474862 3.64774 22 378 22213 22188 1 0 0 1 
1.11854 0.976708 -5 -0.0735812 0.339488 0.519713 3.5794 22 379 36332 36074 1 0 0 1 
3.26037 -5 -3.83797 0.105474 0.0569723 -0.0833463 3.74569 22 380 41935 41903 1 0.145817 0.145817 13 
2.87636 -5 2.39722 -0.109699 0.490693 -0.0911387 3.66546 22 381 19945 19944 1 0.373026 0.373026 14 
4.14744 4.08128 5 -0.01783 0.353931 -0.349137 3.86308 22 382 12593 12499 1 0 0 2 
-1.75785 -5 -1.83341 -0.534276 0.791715 -0.566514 3.69582 22 387 25669 25608 1 0.283038 0.283038 23 
-0.774845 -4.55929 -5 -0.941663 0.324406 0.852802 3.58196 22 388 14487 14485 1 0.198855 0.198855 20 
-1.53121 -1.13795 5 -0.131059 0.0151985 -0.537878 4.0529 22 390 2034 2012 1 0 0 2 
1.80471 -5 -2.61881 -0.102336 0.398847 -0.145319 3.8377 22 391 13360 13359 1 0.479949 0.479949 19 
-0.612992 -5 -2.02425 0.0313011 0.214883 -0.402406 4.17315 22 393 31680 31679 1 0 0 1 
-2.06477 3.43512 5 -0.674476 1.75308 -1.63977 3.89504 22 394 16212 16186 1 0 0 1 
-4.28177 2.20768 5 0.266281 -0.0550167 -0.456295 3.8143 22 395 40465 40464 1 0 0 1 
4.85879 -5 1.9134 -0.0648653 0.371707 0.344595 3.626 22 396 7838 7837 1 0 0 1 
1.23172 -5 -2.24819 -0.375803 0.190074 0.289419 3.72633 22 397 26068 26026 1 0 0 2 
-2.77953 -5 0.605603 0.0869906 0.120785 -0.0547469 3.7075 22 400 2286 2094 1 0.158158 0.158158 32 
0.89834 3.70251 5 0.177886 -0.232958 -0.418578 3.84594 22 401 8962 8961 1 0 0 4 
0.096554 -0.0380038 5 0.157438 0.0656837 -0.25497 3.872 22 402 10534 10508 1 0 0 4 
5 -3.87031 4.79313 -0.507272 -0.000519716 -0.0616026 3.67544 22 403 39725 39724 1 0 0 1 
-3.88849 -4.47501 5 -0.161731 0.47558 -1.98005 4.43213 22 404 15424 15423 1 0.385968 0.385968 19 
4.6832 1.76859 5 -0.139481 0.688809 -1.47392 4.11736 22 406 11714 11695 1 0 0 2 
1.7829 -5 -0.203325 -0.063423 0.0842335 0.167421 3.71566 22 407 11396 1 1 0.197251 0.197251 35 
2.50518 -0.770681 5 -0.0805179 0.30118 -0.838528 4.0299 22 409 4571 4570 1 0 0 7 
1.15106 -2.53287 5 0.0305171 -0.0626753 -0.0633567 3.69909 22 410 2638 2637 1 0.0937682 0.0937682 28 
2.46773 -5 2.59387 -0.135105 3.55135 1.22789 3.63396 22 414 14493 14492 1 0 0 1 
-0.21551 -1.61175 5 0.00580699 0.206449 -0.140335 3.74834 22 417 13537 13368 1 0 0 4 
-3.76994 -5 -3.40435 -0.479116 0.15068 -0.0941453 3.91533 22 418 60110 60109 1 0 0 1 
-0.871912 -5 2.13554 -0.842263 1.60669 -0.250483 3.68554 22 421 26649 26648 1 0 0 2 
5 -3.79134 -2.08891 -0.349465 0.363397 0.0832905 3.66953 22 422 4289 4288 1 0 0 1 
-4.29144 2.78197 5 0.0107495 -0.121221 -0.212872 3.99144 22 424 25203 25202 1 0.0511947 0.0511947 2 
0.189461 -2.06154 -5 -0.235346 0.346295 0.31448 3.59285 22 426 4246 4245 1 0 0 2 
1.96195 -5 3.74403 -0.152548 0.277316 -0.401179 4.07915 22 430 20898 20842 1 0 0 1 
4.62825 -5 0.343249 0.472488 0.696671 0.478588 3.60454 22 433 14434 13982 1 1.54059 1.54059 6 
-5 0.40716 3.22263 0.195812 0.0735807 -0.177478 3.79924 22 437 5628 5578 1 0 0 3 
-4.35565 -5 1.50026 -0.241512 0.265704 -0.218628 3.7294 22 439 45457 45439 1 0 0 3 
5 -3.77418 -0.239056 -0.0261613 -0.0142298 -0.000155884 3.70572 22 440 4082 4078 1 0.0296071 0.0296071 12 
3.82713 -1.65465 5 -0.0644279 0.448613 -0.23604 3.72664 22 441 20607 20606 1 1.61536 1.61536 26 
1.74997 3.57403 5 -0.143788 0.3257 -0.366558 3.88785 22 442 24854 24851 1 0 0 2 
2.5962 0.330755 5 -0.0228926 0.313409 -0.402952 3.97967 22 445 18668 18667 1 0 0 1 
1.6349 -5 3.11945 -0.11035 0.148557 -0.218339 3.88855 22 446 11775 11773 1 0 0 1 
0.980137 -5 -1.78955 0.114096 0.215812 -0.00375466 3.72569 22 447 19523 19497 1 0 0 1 
3.70796 4.18546 5 -0.196898 0.656474 -0.546376 3.99081 22 448 36893 36860 1 0 0 1 
2.44722 -5 -0.653872 -0.178093 0.207743 0.146026 3.65783 22 449 25903 25891 1 0 0 3 
0.981223 -5 2.41462 -0.153827 0.446286 0.195669 3.68203 22 450 33695 33694 1 0 0 1 
4.2325 -3.88903 5 -0.300523 0.283878 -0.300365 3.82027 22 451 18588 18551 1 0 0 3 
-1.77151 -1.4933 5 -0.314641 0.325302 -0.237276 3.73021 22 452 3511 3488 1 0.513674 0.513674 4 
1.02176 3.7493 5 -0.118333 0.153343 -0.195004 3.9601 22 453 17788 17687 1 0 0 3 
5 -2.85374 -1.55653 -0.0498928 0.232773 -0.37303 4.00704 22 454 7995 7994 1 0.605988 0.605988 17 
-3.0066 -4.56407 5 -0.491518 0.848339 -0.472041 3.72928 22 456 10044 10043 1 0 0 4 
1.39526 -3.88855 5 -0.23216 0.320181 -0.323582 3.93739 22 458 53825 53798 1 0 0 1 
3.73978 0.807177 5 0.136224 0.32744 -0.517778 3.72414 22 459 40522 40521 1 0 0 1 
0.878011 -5 1.75173 0.0815527 0.162951 -0.473976 4.03203 22 460 1579 1578 1 0.269718 0.269718 3 
-3.09292 -5 -2.9424 -0.0185418 0.384342 0.150948 3.98943 22 461 2889 2829 1 0 0 5 
-5 -2.3758 4.1611 0.211972 0.224564 -0.0141453 3.66572 22 463 12116 8918 1 0 0 2 
2.43423 -5 2.47477 0.214811 0.185083 0.000996653 4.40659 22 464 45811 45809 1 0 0 1 
0.340818 -5 0.00544895 -0.368099 0.343725 0.0864612 3.65776 22 465 37165 37137 1 0 0 1 
4.46763 -1.1435 -5 -0.0933774 0.503225 0.323936 3.59115 22 466 48046 46903 1 0.000407331 0.000407331 2 
5 -4.1512 4.429 -0.158542 0.0155682 -0.0410414 3.7261 22 467 59968 59953 1 0 0 1 
2.48918 -0.00484342 -5 -0.137126 1.04817 1.06536 3.59316 22 468 56205 56093 1 0 0 1 
-1.33588 -5 0.76147 -0.124586 0.469118 -0.159772 3.694 22 469 38964 38963 1 0 0 1 
-0.412924 -5 2.64449 -0.197341 0.471122 -0.0148427 3.68974 22 470 28161 28160 1 0.282017 0.282017 4 
-2.48761 -5 -4.90143 -0.063069 0.499534 0.291231 3.59861 22 471 3182 3076 1 0.15856 0.15856 3 
-3.26898 -5 -4.48856 0.686632 2.83707 -0.602718 3.59498 11 472 40409 40385 1 2.51305 2.51305 2 
-2.57494 -5 3.84509 -0.248939 0.379163 -0.235339 3.73768 22 473 47534 47533 1 0 0 1 
-0.208374 -1.00698 -5 0.44192 0.650396 2.23771 3.55898 22 475 10850 10849 1 1.52755 1.52755 7 
5 -0.226866 -1.75457 -0.107503 0.493405 0.0781945 3.64432 22 477 34724 34723 1 0 0 2 
5 -0.00723958 2.45045 -0.116586 0.426479 -0.256209 3.74875 22 480 6849 6810 1 0 0 1 
0.470419 -5 1.26179 -0.0421285 0.215649 0.102752 3.62769 22 481 21222 21180 1 0.24216 0.24216 22 
1.76146 -5 2.30736 -0.161496 0.41829 -0.225838 3.80248 22 483 19539 19513 1 0 0 1 
0.455046 1.43863 5 0.141649 -0.186247 -0.0319835 4.02139 22 484 13542 13538 1 0 0 1 
4.68422 -5 -3.40588 0.0141373 0.510047 0.0277821 3.67 22 485 50954 50953 1 0 0 1 
4.09638 -5 -3.11438 -0.043818 0.26893 0.0725039 3.5807 22 486 3280 3193 1 3.99828 3.99828 74 
4.62818 -3.5444 -5 -0.344943 0.973458 1.50279 3.5882 22 487 56052 55639 1 0 0 1 
3.96376 -5 -2.49696 0.17855 0.466679 0.107007 3.68559 22 488 41822 41821 1 0 0 2 
3.13402 -4.63706 5 -0.195417 -0.128096 -0.619315 4.09356 22 489 3538 3530 1 0.0872028 0.0872028 6 
-4.97203 -5 -4.24587 -0.173333 0.503372 -0.20006 3.76987 22 490 11679 11678 1 0 0 1 
-2.29977 4.62781 5 -0.0903318 0.327228 -0.381945 4.00038 22 492 3945 3898 1 0 0 2 
1.09978 -5 1.58969 0.0147826 0.507588 -0.0570639 3.72791 22 494 14120 14119 1 0.474748 0.474748 17 
-0.133718 -5 -0.762937 -0.152452 0.40588 0.270444 3.63056 22 495 7443 7440 1 0.196294 0.196294 3 
5 0.245446 1.73181 -0.362076 0.56131 1.74168 3.59 22 497 1319 1 1 0 0 3 
-0.777987 0.429284 5 -0.101546 -0.0837745 -0.444372 4.07917 22 498 44667 44665 1 0 0 2 
5 -0.43578 4.3173 -0.163323 0.38298 -0.296263 3.72208 22 499 32243 32209 1 0.0117602 0.0117602 2 
1.142 -5 0.787724 3.7189 6.39392 5.52936 3.69262 -11 501 14505 14504 1 3.96802 3.96802 51 
-3.44446 -4.56571 5 -0.067211 0.301168 -0.561479 3.86154 22 502 16918 16832 1 0 0 6 
4.78013 -2.31794 -5 -0.22425 0.526546 0.617603 3.58928 22 503 5249 1 1 0 0 2 
-0.34888 2.44064 5 -0.180017 0.428945 -0.211472 3.76383 22 504 32473 32444 1 0 0 2 
-1.28513 -5 -1.9996 -0.431104 0.188979 0.198888 3.68744 22 505 18204 18203 1 0 0 1 
-1.42554 -5 2.25913 -0.0466646 0.146373 0.0597198 3.67245 22 506 12991 12940 1 0.183342 0.183342 25 
-2.72286 0.0260561 5 -0.0588273 0.170372 -0.437495 4.3062 22 507 15851 15850 1 0 0 1 
3.84531 -5 -3.60146 -13.3536 49.3932 8.5874 6.29022 2112 508 28250 28093 1 0 0 1 
0.0947644 3.9453 5 -0.125851 -0.00844862 -0.634659 4.11599 22 509 15425 15424 1 0.646753 0.646753 19 
-0.407017 -0.472334 5 0.0791801 0.309845 -0.30312 3.92095 22 513 7201 7200 1 0 0 2 
1.55627 -5 -1.08459 -0.17166 0.13121 0.100737 4.42236 22 514 27541 27539 1 0 0 1 
5 3.92573 -0.667904 -0.348931 0.30353 -0.247743 3.95029 22 516 3702 3701 1 0 0 3 
-2.3807 1.13831 5 -1.91796 1.7208 -2.38499 3.88899 22 517 12872 12801 1 0 0 1 
3.99428 -5 -1.37261 0.178249 0.23705 -0.416119 3.7165 22 518 5836 5797 1 0 0 4 
2.57735 -4.96352 5 -0.105816 0.215594 -0.151242 3.68841 22 519 10333 9772 1 0 0 4 
-1.18092 -1.61877 5 -0.0897912 0.29888 -0.404633 3.93619 22 520 15292 15291 1 0.11551 0.11551 2 
4.48253 -5 -1.87831 -0.0889503 0.425791 0.00415884 3.67089 22 521 24564 20673 1 0 0 1 
-3.93765 -5 3.63629 -0.408712 1.28255 -1.09157 3.778 22 522 16292 16263 1 0 0 2 
-4.18328 -5 0.772754 -0.0726454 0.472436 -0.180685 3.70978 22 523 9780 9779 1 0 0 2 
1.93173 -5 -0.8325 0.209917 0.1574 -0.0602297 3.61862 22 524 41992 41783 1 0.268919 0.268919 21 
4.22149 5 -2.01013 -0.453056 -0.170241 -0.163945 3.68287 22 525 16026 16025 1 0 0 2 
-3.0848 4.71229 5 0.118111 0.187152 -0.179337 3.94585 22 527 23388 23384 1 0 0 3 
4.55717 -5 3.17164 -0.269582 0.393646 -0.208454 3.79994 22 529 16115 16087 1 0.076283 0.076283 4 
3.9378 -5 0.663173 -0.136395 0.25682 -0.255772 3.88388 22 530 30242 30241 1 0 0 1 
5 -1.76439 3.42032 -0.181221 0.338506 0.0877407 3.69009 22 532 46742 46741 1 0 0 1 
-1.92625 -5 -3.84054 -0.279016 0.394935 0.101413 3.61287 22 533 20195 20157 1 0.46271 0.46271 25 
3.80176 -5 -4.38253 -0.0493757 0.774192 0.0827369 3.65641 22 536 44891 44656 1 0 0 2 
3.34658 -4.57483 -5 0.142535 0.589846 0.467194 3.59232 22 538 21614 21480 1 1.44803 1.44803 8 
4.16553 1.90715 5 -0.0474761 0.833737 -0.405391 3.77128 22 540 12127 12126 1 0 0 1 
-2.97002 -5 1.82871 -0.0422685 0.5396 -0.0599288 4.10872 22 541 20678 20677 1 0 0 2 
-2.72061 -5 4.93473 -0.155024 0.279219 -0.398904 3.86209 22 542 30299 30298 1 0 0 4 
-2.72863 -5 1.79538 -0.113477 0.491632 0.0808741 3.6991 22 544 18335 18334 1 0.51056 0.51056 28 
-0.760523 -5 -3.81403 -0.108444 0.411343 -0.256907 3.71928 22 545 15040 15016 1 0 0 3 
-2.68094 2.90055 5 0.0210542 0.0956602 -0.349015 4.17375 22 546 28694 28631 1 0 0 2 
0.897995 -0.17484 5 -0.0294898 0.251517 -0.154828 3.7967 22 548 21913 21877 1 0 0 2 
-3.90283 -2.80944 5 -0.0252523 0.172955 -0.480176 3.91367 22 549 35921 35891 1 0 0 3 
-1.33261 -5 -2.4766 -0.102608 0.227266 0.206425 3.65396 22 552 1028 1 1 0 0 2 
5 -0.750807 -2.00112 -0.178233 0.617567 0.272762 3.61564 22 553 19772 17765 1 0.010758 0.010758 6 
5 -3.02162 -0.970901 -0.0560164 0.497423 -0.102723 3.69022 22 554 1440 1439 1 0 0 1 
2.56616 -4.99071 5 -0.363051 3.6647 -5.23513 4.87603 22 555 27212 27125 1 4.27279 4.27279 8 
5 -2.59759 -1.20345 -0.0999119 0.334737 0.258066 3.61581 22 556 9709 9665 1 0.349593 0.349593 31 
5 -4.95548 3.8248 -0.836632 0.0522438 0.642823 3.60055 22 558 18748 18695 1 0.166361 0.166361 37 
2.32011 -5 3.95779 -0.279356 0.282857 -0.0694714 3.67279 22 560 47070 47069 1 0 0 1 
-1.92713 0.368574 -5 -2.56165 6.06866 3.74445 3.62748 22 561 31448 31351 1 0 0 1 
5 -2.32387 -1.27074 -0.216468 0.979137 0.0742529 3.65734 22 562 16209 16138 1 0 0 2 
-2.3678 -3.62899 -5 -0.329818 -0.021468 0.11283 3.62662 22 563 3566 3464 1 0.0695208 0.0695208 3 
5 -1.55685 -3.53879 -0.313096 1.9117 1.65069 3.58655 22 567 2256 2211 1 0.73559 0.73559 54 
5 0.932833 2.40179 -0.164205 -0.0544839 -0.115717 3.79547 22 568 14383 14381 1 0 0 2 
3.31379 -5 1.82557 -0.0780825 0.276528 -0.0164154 3.72162 22 569 15010 15009 1 0 0 1 
-0.0503872 3.08129 5 -0.356952 0.1465 -0.252158 3.9328 22 570 17231 17230 1 0.187905 0.187905 10 
3.83949 -5 -4.65261 -0.104501 0.140133 0.0545074 3.82009 22 572 6158 6156 1 0.182874 0.182874 15 
1.24647 -1.72554 5 0.0734445 0.191405 -0.437695 4.08341 22 573 38850 38849 1 0 0 2 
0.00144755 -5 4.35213 0.283665 0.985922 0.344647 3.66271 22 575 14988 14897 1 0 0 2 
-2.45042 -5 -2.20482 -0.390341 0.314061 0.100593 3.64762 22 577 16909 16904 1 4.87177 4.87177 30 
-3.19737 1.72448 -5 -0.124072 0.227566 0.440386 3.62859 22 578 17855 17826 1 0 0 3 
3.32998 -3.5722 -5 -2.2983 2.50132 1.53733 3.64796 11 579 21045 21044 1 3.04352 3.04352 29 
2.1495 -5 -1.74583 -0.493476 0.707897 -0.664215 3.73982 22 580 8999 8997 1 0 0 3 
-0.022963 -5 -1.28181 -0.161925 0.154386 -0.272041 3.70519 22 581 17355 17236 1 0.0362969 0.0362969 3 
-3.95222 3.48949 5 -0.448255 0.78377 -0.967057 4.04566 22 582 23311 23310 1 0 0 1 
-1.51327 -5 3.46799 -0.751806 1.44557 0.402523 3.66798 22 583 14666 14618 1 0 0 1 
5 -2.25909 3.67516 -0.0406697 0.554175 0.473142 3.63777 22 584 39281 39279 1 0 0 1 
-2.95059 4.27966 -5 0.0492432 0.279763 0.189643 3.60312 22 587 4436 4435 1 0 0 2 
-0.743765 4.33537 5 0.448523 1.30513 -1.44771 3.98486 22 588 42005 41910 1 0 0 1 
-0.969801 -5 -4.21816 -0.0931234 0.332557 -0.376634 3.85404 22 589 6993 6974 1 0.299019 0.299019 27 
4.26824 -5 0.276021 -0.0565406 0.0948539 -0.262699 3.81846 22 590 9777 9715 1 0 0 1 
-0.250181 -5 -4.67698 -0.129619 0.448716 -0.207298 3.71355 22 591 45296 45295 1 0 0 1 
-0.3332 -5 -3.15324 -0.685509 1.20115 1.62205 3.58723 22 594 20618 20542 1 0 0 2 
-4.72071 -5 3.65916 -0.125547 0.243367 0.402275 3.61313 22 596 11601 9159 1 0 0 2 
1.96499 -1.65723 5 0.0657388 0.177805 -0.155292 3.72311 22 597 17744 17740 1 0.017849 0.017849 3 
1.13297 -5 -4.97478 -0.620528 0.923068 0.0679625 3.66322 22 598 25435 25403 1 0 0 1 
4.47538 -4.27086 5 -0.508832 -0.0180828 -0.649818 3.74996 22 599 9039 9008 1 7.54874 7.54874 16 
1.57667 -5 -0.974651 -0.184978 0.712265 -0.72924 3.6989 22 601 2709 2708 1 1.0304 1.0304 108 
-1.57246 1.861 -5 -0.026552 0.30271 0.218826 3.60003 22 602 43292 43195 1 0 0 1 
4.42442 -2.1375 -5 -0.196556 0.609408 0.527922 3.59418 22 603 22806 22091 1 0 0 1 
-1.61536 -5 1.43715 -0.302086 0.0753953 0.400185 3.63061 22 604 45514 45393 1 0 0 1 
3.34803 -5 0.93286 2.0007 2.06774 0.612122 3.6345 11 606 37363 36630 1 2.47466 2.47466 5 
1.36554 3.21033 5 0.00807079 0.340639 -0.656094 5.16215 22 607 5860 5826 1 0.0186296 0.0186296 5 
5 -3.37569 4.34403 -0.174286 0.362343 -0.173407 3.69419 22 608 11334 11333 1 0 0 1 
-1.615 -5 -0.437022 0.0756813 0.3275 -0.384884 3.73101 22 609 30550 30549 1 0 0 1 
-1.61059 -0.579805 5 0.143668 -0.100282 -0.325182 4.3238 22 610 32610 32609 1 3.44931 3.44931 31 
-3.81063 -5 4.06631 -0.2761 0.156096 -0.400653 3.88072 22 611 21740 21739 1 0 0 5 
-1.52196 -5 0.155559 -0.830562 1.06826 -1.78649 3.90316 22 612 7038 6948 1 0 0 2 
2.22319 5 3.67094 -0.244694 -0.0921655 -0.0552021 4.12248 22 614 1652 1625 1 0.26691 0.26691 21 
1.7546 -2.33916 5 -0.175476 0.154815 -0.262454 3.82415 22 616 8673 8524 1 0.282682 0.282682 20 
1.40885 -5 3.49723 -0.0671511 0.130832 0.000733062 3.65759 22 617 32501 31816 1 0.146679 0.146679 30 
5 2.71956 -1.3099 -0.104909 0.29175 0.0204981 3.71431 22 618 32367 32366 1 0 0 1 
0.457092 -3.539 5 -0.129694 0.164232 -0.3124 3.87919 22 619 30884 30883 1 0 0 4 
5 -1.43663 4.5738 -0.0971788 0.468363 0.0921974 3.66897 22 620 24845 24842 1 0 0 2 
-2.64258 -2.24199 5 0.234832 0.443874 -0.0946048 3.68098 22 621 1089 1077 1 0 0 6 
-2.49667 -5 3.49963 -0.403281 0.928092 0.526888 3.62833 22 622 5204 5117 1 0.0700873 0.0700873 4 
3.70629 -5 -4.39905 -0.138231 0.449945 0.543129 3.58817 22 623 12575 12097 1 1.22906 1.22906 25 
3.63614 -5 -4.78235 -0.291973 1.07141 0.105114 3.63953 22 625 46362 46309 1 0.0292268 0.0292268 16 
3.38539 5 4.01804 0.168428 -0.447798 -0.179525 3.81485 22 626 24154 24132 1 0.239858 0.239858 27 
5 -3.51553 -0.982157 -0.215266 -0.137082 0.442706 3.89188 22 627 9785 9784 1 0.263777 0.263777 14 
-4.95354 -4.7482 5 -0.120929 0.162691 -0.456271 3.85555 22 628 4350 4349 1 0 0 3 
-3.5003 0.834737 5 -0.153473 0.169206 -0.457094 3.94445 22 629 24986 24985 1 0 0 5 
-4.11813 -5 -0.401342 -0.639148 0.52157 0.542237 3.62312 22 630 15240 15219 1 0 0 1 
3.75995 1.57274 -5 -0.152897 0.448174 0.800725 3.58937 22 631 1461 1 1 0 0 2 
-0.398054 -5 1.8985 0.281982 0.422316 0.0570506 3.67589 22 632 35767 35727 1 0 0 2 
5 1.26577 -1.26143 -0.165457 0.421078 0.427886 3.60332 22 633 1035 1 1 0 0 4 
-3.45832 -5 -4.3399 -0.152915 0.148661 -0.176236 3.80036 22 634 4585 2554 1 0 0 2 
-0.43991 -5 3.16213 -0.176876 0.253718 -0.0360661 3.69242 22 635 9254 8482 1 0.310925 0.310925 30 
0.0281776 -5 -2.56538 -0.131117 0.467316 -0.159826 3.72321 22 636 4488 4456 1 0.320549 0.320549 8 
3.42007 -1.12897 5 -0.452739 0.871181 -0.621065 3.69948 22 637 2127 2052 1 0.59947 0.59947 3 
1.1704 4.26949 5 -0.00297672 0.268843 -0.36782 3.86974 22 638 14839 14825 1 0 0 1 
-1.75689 -2.22911 -5 0.240553 0.154028 0.126774 3.67855 22 640 51229 51228 1 0 0 1 
4.31816 -5 1.99279 0.148699 0.321705 0.0100587 3.65876 22 641 28511 28387 1 0 0 2 
5 0.0591449 4.69043 -0.377167 0.199819 0.259778 3.66968 22 642 27955 27954 1 0 0 2 
5 -3.98619 -1.44757 -0.510442 -0.0232751 0.00522038 3.68485 22 643 10305 10304 1 0.229238 0.229238 23 
4.06768 -5 0.69296 -6.16185 3.44384 -0.624031 3.6248 22 644 1355 1326 1 0 0 2 
5 -1.95433 -4.99736 -0.212981 -0.0858806 0.224301 3.74849 22 645 36591 36590 1 0 0 1 
4.235 -2.71619 5 0.100281 0.0460372 -0.422166 4.49387 22 646 43759 43757 1 0.04971 0.04971 2 
1.31228 -2.18635 5 -0.0471372 0.309556 -0.364389 3.96314 22 647 40572 40571 1 0.0241107 0.0241107 2 
3.12532 2.18014 5 0.0701837 -0.0491095 -0.393624 4.15949 22 648 4755 4754 1 0.118456 0.118456 5 
-2.48582 1.07462 5 -0.704063 1.33541 -2.68252 4.89442 22 649 7519 7516 1 3.98596 3.98596 99 
0.00999317 -5 3.95674 -0.367445 0.722219 -0.703424 3.79253 22 650 19402 19399 1 0.665178 0.665178 4 
-5 1.80533 -1.90985 0.246481 -0.236675 -0.209046 3.64516 11 651 37436 37414 1 0.138299 0.138299 2 
0.446414 -3.8743 5 0.0658466 0.192258 -0.0749758 3.69478 22 652 16278 14302 1 0.397284 0.397284 43 
-4.77789 5 -4.38795 -0.183178 -0.0769 -0.136371 3.96254 22 653 3735 3734 1 0 0 2 
3.02994 -5 -3.04241 0.067995 0.44872 -0.234834 3.69624 22 654 29109 29100 1 0 0 1 
2.75969 2.27275 -5 0.035195 0.314178 0.198729 3.67763 22 658 30565 30544 1 0 0 1 
3.30822 2.18793 5 -0.315275 0.222906 -0.334716 3.7927 22 659 30925 30893 1 4.6402 4.6402 8 
2.4174 -5 -2.16451 -0.114044 0.207373 0.107489 3.96089 22 660 55403 55395 1 0.0313154 0.0313154 5 
-1.23027 -5 4.71464 -0.109872 0.402056 -0.295633 3.88999 22 661 16787 16786 1 0 0 1 
-4.09618 -5 3.85138 -0.0803329 0.127148 -0.0491129 3.9494 22 662 21401 21398 1 1.16035 1.16035 91 
2.52932 -2.08786 5 0.42976 1.20587 -2.10905 3.97305 22 664 22458 22457 1 0 0 1 
5 1.28804 4.46215 -0.192724 0.462251 0.101494 3.69984 22 665 48353 48331 1 0 0 4 
-5 4.54823 -2.31307 0.245637 0.0728055 -0.239431 4.07201 22 666 8919 8918 1 0 0 2 
-0.989159 3.35517 5 -0.226924 0.0671626 -0.401744 3.93478 22 668 14164 14163 1 0 0 1 
-2.28657 -5 4.69361 -0.0981094 0.288243 0.220106 3.62221 22 671 44711 44499 1 0 0 2 
-1.63373 2.5571 -5 -0.00294881 0.471812 0.0849857 3.62635 22 673 6576 6453 1 0 0 2 
4.43195 -5 -4.74304 -0.585926 1.11848 0.499658 3.62921 22 674 19575 19511 1 0 0 3 
5 -1.61866 1.23134 -0.159674 0.13855 -0.339152 3.71314 22 676 16228 16199 1 0 0 2 
3.30904 5 1.54715 -0.0932445 -0.270928 -0.072554 4.52581 22 678 52511 52477 1 0 0 1 
0.560075 -5 -1.37807 -0.15196 0.616759 0.479519 3.61041 22 679 23130 23129 1 0.609382 0.609382 23 
1.72411 -5 -4.87758 -0.688288 1.299 -0.0576079 3.64675 22 680 25060 24927 1 0 0 2 
-2.93097 3.55445 5 -0.112536 0.116102 -0.429409 4.05141 22 681 15657 15656 1 0 0 1 
-3.87011 -5 1.35727 -0.00689573 0.497339 -0.117158 3.73261 22 682 2306 2305 1 0 0 1 
1.40313 -5 4.39723 -0.33085 0.279132 0.0772921 3.73345 22 683 44521 44509 1 0 0 1 
1.89519 -5 -4.796 -0.0233536 0.278746 -0.427639 3.93007 22 684 12205 12179 1 0 0 2 
-2.72006 -5 2.97581 -0.23965 0.403198 -0.202778 3.7628 22 686 46986 46982 1 0 0 1 
1.24975 2.86055 5 -0.0700763 0.30846 -0.144477 3.74477 22 689 5262 4010 1 0 0 8 
2.49769 -5 -0.608453 -0.0894847 0.502207 -0.0300093 3.70146 22 690 3424 3397 1 0 0 3 
4.66442 -5 3.08677 -0.0986049 0.630653 0.479778 3.62634 22 691 24787 24786 1 0 0 1 
-0.399121 -5 1.92793 -0.0158361 0.200003 -0.128813 3.69075 22 692 7864 7848 1 0.238016 0.238016 31 
-0.0812874 -5 -2.15044 -0.181249 0.470156 -0.0849829 3.78187 22 695 21133 21132 1 0 0 2 
-2.69302 -5 4.40723 -0.271678 0.390485 -0.186635 3.77969 22 697 17629 17627 1 0 0 2 
4.37981 3.23293 5 -0.205917 0.341513 -1.05078 3.78069 22 698 17096 17074 1 0 0 2 
4.50573 2.97715 5 -0.113167 0.539971 -0.187932 3.71475 22 699 5313 1 1 0 0 3 
5 -3.89011 2.60095 -0.442446 -0.0410036 0.163478 3.61787 22 701 27878 18791 1 0 0 1 
-2.79677 -3.30189 -5 -0.152296 0.109828 0.327456 3.63171 22 702 6116 6115 1 0 0 3 
3.62787 -1.27801 5 -0.0217484 1.15815 -0.689183 3.79266 22 703 7376 7357 1 1.34863 1.34863 70 
-4.28109 -5 -4.52277 -0.0574264 0.501353 -0.554175 3.79204 22 704 1842 1737 1 0.588666 0.588666 5 
-2.89019 -1.2379 5 0.168137 0.0851873 -0.474966 4.05712 22 705 27517 27516 1 0 0 1 
-4.43665 1.38022 5 -0.0988921 0.123893 -0.194345 3.99388 22 706 1358 1357 1 0.0109593 0.0109593 13 
2.30702 -0.303415 5 -0.100146 0.225833 -0.447314 3.97644 22 707 1557 1556 1 0 0 1 
-1.29678 -5 3.79874 -1.0754 0.999878 0.563712 3.63648 22 708 9985 9927 1 0 0 1 
4.29199 -5 3.66007 -0.111642 0.563112 -0.144729 3.70988 22 710 22463 22461 1 0.367018 0.367018 4 
0.510062 -3.1758 -5 -0.0694603 0.325907 0.387402 3.58981 22 711 20228 20198 1 0.274637 0.274637 3 
-2.46068 -5 -0.158926 -2.17589 1.90624 0.843898 3.63422 22 712 13652 13626 1 0.511657 0.511657 20 
-1.69773 -5 1.72522 0.914024 2.10097 -0.357996 3.85379 22 713 22505 22455 1 0 0 1 
5 4.54945 -0.303332 -0.23543 -0.00265352 -0.268252 4.32819 22 714 13553 13552 1 0 0 2 
-5 -2.16228 -0.75524 0.0539045 0.139447 0.0117062 3.6132 22 715 1035 1034 1 0.149541 0.149541 27 
-5 -4.30689 3.21142 0.10025 0.453512 0.213065 4.01074 22 716 15017 15013 1 1.72499 1.72499 7 
4.34167 -5 -2.9438 -1.22231 2.54953 3.31002 3.58947 22 717 16014 15952 1 3.3312 3.3312 6 
1.25742 -5 2.29245 -0.19002 0.451993 -0.143925 3.70797 22 718 26782 26780 1 0 0 1 
-3.13033 -2.68852 -5 -0.092263 0.450667 0.222501 3.6471 22 720 9558 9529 1 0 0 1 
2.75799 0.431985 5 -0.263494 0.769826 -0.706913 4.15384 22 721 30649 30608 1 0.0292644 0.0292644 15 
-0.338535 -5 -2.17446 -0.113839 0.490751 -0.0855827 3.62021 22 722 9647 9645 1 0.183685 0.183685 17 
-3.05891 -5 1.05089 -0.187358 0.523011 0.343523 3.65048 22 723 7421 7250 1 1.95468 1.95468 5 
1.29612 -4.62096 -5 -1.16044 1.98042 1.52978 3.61554 22 724 26186 26142 1 0 0 1 
0.374343 -5 1.17404 0.0862295 0.452801 0.110803 3.64067 22 726 33086 33085 1 0 0 1 
5 -3.72729 0.861147 -0.0585155 0.241385 -0.00855321 3.63187 22 727 10408 10317 1 0.0664365 0.0664365 5 
-1.03843 -5 -1.4139 -0.0595562 0.590984 0.474313 3.63669 22 728 41615 41614 1 0 0 2 
-5 -3.23022 -1.09319 0.121085 0.103538 -0.342782 3.87092 22 729 13516 13515 1 0 0 1 
-4.42658 -5 -3.22656 0.0280817 0.153371 -0.596446 4.00967 22 731 13319 13318 1 0 0 5 
2.97588 -5 2.24117 -0.56534 2.83178 -0.230092 3.66631 22 732 17921 17852 1 3.02791 3.02791 34 
5 2.22934 -2.59397 -0.208358 0.238662 -0.102031 3.78641 22 734 53240 53239 1 0 0 1 
3.37627 -5 1.68649 -0.0956648 0.276935 -0.0262617 3.65651 22 735 12589 12525 1 0.480924 0.480924 4 
-3.64643 -5 3.34666 -0.242754 0.435901 -0.45249 3.77108 22 736 18299 18298 1 0.428681 0.428681 60 
3.85287 -5 3.47245 0.165341 0.274876 -0.159057 3.72866 22 737 42046 42045 1 0 0 1 
-3.74548 -5 -3.64671 -0.418564 0.574362 0.304876 3.64166 22 739 27576 27571 1 0 0 2 
0.443041 -1.4753 5 -0.139677 0.297598 -0.382717 4.00081 22 740 16704 16669 1 0.964806 0.964806 5 
4.13897 -0.340365 -5 -0.122192 0.169603 0.209831 3.83878 22 742 20581 20580 1 0.117223 0.117223 2 
5 -0.876499 -4.51202 -0.28896 0.108458 0.114684 3.62907 22 743 1082 1081 1 0.331494 0.331494 48 
-1.20407 -5 -0.12223 -0.111266 0.372016 -0.33218 3.85773 22 746 19669 19668 1 0 0 1 
3.67738 -5 4.41508 -0.10811 0.542432 0.18767 3.64772 22 748 30744 30706 1 0 0 2 
-3.33157 -3.74858 -5 -0.42841 0.507132 0.100103 3.64203 22 751 10208 10206 1 0 0 1 
3.73718 -5 -2.30348 -0.28309 0.415684 0.0904804 3.62353 22 752 11585 11579 1 0 0 2 
0.488188 -2.65789 -5 -0.0904539 0.159866 0.165101 3.90099 22 753 26879 26878 1 0.246822 0.246822 11 
-2.61636 -4.10923 -5 -4.99917 4.89322 3.06326 3.60358 22 754 10756 10736 1 3.71667 3.71667 66 
1.6065 -5 -1.4404 -0.121171 0.457465 0.192777 3.60156 22 755 11485 11484 1 0 0 8 
0.569024 -5 4.9888 -0.290995 1.06895 0.302471 3.65736 22 756 26136 26135 1 0 0 2 
-3.95276 -5 1.38174 -0.163918 0.507263 -0.479739 3.85344 22 757 22688 22605 1 0 0 1 
-1.76063 -2.72332 5 -0.112844 0.174575 -0.466808 3.93466 22 758 6354 6353 1 0 0 3 
2.49238 0.224161 5 -0.000183972 0.203518 -0.34805 4.38878 22 759 13592 13591 1 0 0 1 
-2.30467 -5 -1.98667 -0.187063 0.469815 0.0734953 3.66677 22 763 4211 4210 1 0.13419 0.13419 4 
-2.30988 -5 3.42521 -0.0563163 0.157705 -0.29119 3.86795 22 764 2846 2813 1 0.380159 0.380159 35 
-4.55594 -0.223386 5 0.145625 0.296778 -0.389662 4.509 22 766 22121 22120 1 0 0 3 
4.33173 -5 -2.43353 -0.158995 0.734904 1.04449 3.59476 22 767 50941 50727 1 0 0 1 
-3.74721 3.86362 5 -0.25262 0.244867 -0.124669 3.92493 22 768 18711 18710 1 0 0 7 
1.14189 -4.60943 5 -0.0764481 0.124043 -0.489785 4.2761 22 769 6184 6161 1 0 0 1 
-4.9621 -0.949001 -5 -0.15613 0.127094 0.319907 3.57722 22 771 16614 16376 1 0 0 2 
5 1.92674 1.50515 -0.179352 0.267911 0.152461 3.6137 22 773 1279 1 1 0.948613 0.948613 7 
4.99827 -0.148463 5 0.0589345 0.134539 -0.0816784 3.75087 22 774 6776 6753 1 0.376983 0.376983 38 
3.64476 -5 -1.11466 -0.432011 0.797731 0.246264 3.6089 22 776 6790 6768 1 0.225798 0.225798 3 
-2.88808 -4.02567 5 -0.273937 0.624169 -0.238013 3.7118 22 777 45313 45247 1 0 0 1 
-4.10894 -5 -0.859007 -0.0836001 0.172813 -0.187077 3.8006 22 781 29987 29763 1 0 0 1 
-1.42921 -2.32717 5 -0.20075 0.227217 -0.411329 3.88628 22 782 37022 37021 1 0.261808 0.261808 27 
0.0864219 -5 4.73746 -0.0355586 0.210312 0.0651283 3.61486 22 783 23206 23131 1 6.74078 6.74078 37 
-1.0686 -5 3.67707 -0.205237 0.256395 -0.0627162 3.65803 22 786 6285 5306 1 0 0 1 
-2.64589 -1.93306 5 -0.030065 0.189617 -0.450791 3.98078 22 787 25073 25072 1 0 0 2 
5 2.68314 -4.38187 -0.162468 0.468287 -0.124222 3.70987 22 789 11638 11635 1 0 0 4 
-1.67343 -3.09668 5 -0.224962 0.360364 -0.28399 3.80589 22 790 1403 1366 1 0 0 1 
-1.49939 -5 4.71158 -0.253065 0.513337 0.31175 3.64127 22 791 29652 29191 1 0 0 2 
5 3.53952 3.12536 -0.254784 0.214448 0.0183935 3.97193 22 792 3822 3821 1 0 0 2 
3.80795 -5 -2.71046 -0.165275 0.357187 -0.0596924 3.676 22 797 5247 1 1 0.235807 0.235807 28 
4.91677 -5 -4.0236 -0.600824 2.49448 -1.49974 3.74485 22 798 18677 18642 1 0 0 2 
0.114643 2.69979 5 -0.0469802 0.73051 -0.685163 3.85081 22 799 10130 10129 1 0.244462 0.244462 32 
2.5942 -4.20338 5 -0.0654354 0.168965 -0.295769 4.11688 22 801 12388 12387 1 0.0509317 0.0509317 3 
4.69801 3.21785 5 -0.124962 0.424048 -0.246782 3.74445 22 802 48602 48601 1 0 0 1 
-2.17033 -5 -4.50499 -0.184098 0.456092 -0.138591 3.6623 22 804 7155 7154 1 0 0 2 
-1.02849 -1.41232 5 0.0151211 0.266964 -0.255105 3.65976 22 805 6463 1 1 0 0 2 
-3.66461 -1.59796 5 0.166693 0.04973 -0.480479 3.89558 22 806 4046 4043 1 0.221369 0.221369 4 
-0.646448 -5 -1.97183 -0.29591 0.398972 -0.119912 3.68686 22 807 17808 17807 1 0.515976 0.515976 17 
1.92351 2.65297 5 -0.0224281 0.13026 -0.261761 3.69138 22 808 13948 13926 1 0.444534 0.444534 22 
3.80447 -0.053589 5 0.197388 0.0652789 -0.298264 3.93088 22 809 24864 24814 1 0 0 3 
-3.03328 -5 4.03997 -0.395195 0.322225 -0.0838237 3.63486 22 810 2337 2263 1 0 0 1 
1.85782 -5 -4.38929 0.0772211 0.179227 -0.173695 3.85061 22 811 3868 3867 1 0 0 1 
-4.90693 -5 -2.24527 0.0546054 0.344779 0.113066 3.92019 22 814 23294 23094 1 0 0 1 
3.80097 1.78741 5 -0.345339 0.965822 -1.07377 4.03768 22 815 49344 49323 1 0 0 1 
1.9345 -5 -4.96433 0.249452 0.16416 -0.410591 3.78017 22 816 44672 44671 1 0.134813 0.134813 30 
1.86716 -5 -2.94644 0.0127006 0.135825 -0.26762 3.89512 22 817 13319 13288 1 0.331759 0.331759 3 
3.54453 -5 4.76522 -0.0562926 0.28007 -0.423688 3.76945 22 819 44061 44036 1 0 0 2 
-1.8356 -5 -1.35067 0.0322474 0.421284 -0.651777 3.84069 22 820 44986 44957 1 0.125963 0.125963 2 
-0.764329 1.32985 -5 -0.0377373 0.0526335 0.171145 4.09744 22 821 9908 9906 1 0 0 1 
5 -0.363633 -1.94629 -0.212433 0.250725 -0.391317 3.79582 22 822 3653 3652 1 0 0 6 
5 -3.46697 4.5941 -0.291238 0.0322968 -0.314767 3.84636 22 823 35489 35421 1 0 0 2 
-4.82829 -2.50714 5 -0.0739836 -0.369022 -1.07957 4.29794 22 824 15718 15654 1 0.495986 0.495986 9 
-2.31462 -5 -0.472821 -0.0534021 0.42828 -0.0425272 3.66518 22 825 47381 45725 1 0 0 2 
5 -4.23168 -1.09147 -0.132156 0.0651892 -0.20213 3.63633 22 827 38991 38990 1 0 0 1 
-1.40335 -0.563971 -5 -0.18756 1.30597 0.858288 3.60365 22 828 49158 49129 1 0 0 1 
-0.902208 2.93437 5 -0.308151 0.0620931 -0.565052 4.17049 22 830 12129 12054 1 0 0 5 
0.761115 -5 0.803208 -1.87538 2.4396 1.36708 3.63357 22 831 25700 25688 1 0.0667345 0.0667345 2 
2.25313 -5 4.49572 -0.196021 0.363088 0.173484 3.6253 22 832 19730 19665 1 1.7294 1.7294 53 
3.30362 0.132424 5 0.196653 0.618353 -2.23999 4.38874 22 834 7730 7530 1 0 0 2 
3.19292 -5 3.21635 -0.0762264 0.544307 -0.0566529 3.69255 22 836 22046 21930 1 0 0 2 
2.07651 -5 -0.174677 0.0550613 0.26534 -0.433224 3.73659 22 838 9084 9080 1 0 0 3 
4.75485 5 4.50336 0.239513 -0.05391 -0.44816 4.37066 22 840 38465 38463 1 0.0926924 0.0926924 3 
-3.83195 -5 -3.44349 -0.83842 2.00572 0.855157 3.60577 22 842 32873 32871 1 0 0 1 
-1.67683 -5 0.773345 -13.4225 14.7491 6.48982 41.3195 2112 843 19163 19074 1 0 0 2 
5 3.98815 2.22145 -0.159143 0.0785816 -0.212495 3.92529 22 844 37709 37707 1 0 0 1 
-1.75444 -5 -1.39335 -0.227965 0.148152 -0.969597 4.00966 22 845 45326 45325 1 0 0 1 
5 2.56303 -0.314722 -0.156428 0.134317 0.170226 3.69923 22 846 33292 33121 1 0.11782 0.11782 2 
-5 1.83761 -3.65195 0.0775135 0.449327 -0.230687 3.81971 22 847 16740 16739 1 0 0 2 
-3.19357 -5 1.82082 -0.448306 1.71463 -0.353762 3.72782 22 849 1514 1513 1 0.393026 0.393026 3 
2.06419 -5 2.69815 -0.163813 0.258261 -0.290751 3.66705 22 850 40478 40413 1 0.389443 0.389443 12 
-0.571871 -2.08477 5 -0.00150032 -0.128932 -0.341879 3.69281 22 851 24285 24212 1 0.0785127 0.0785127 2 
2.07569 -5 1.27304 -0.0278024 0.396313 0.197314 3.65205 22 853 36984 36950 1 0 0 1 
0.52622 -5 -2.34115 -0.196534 0.445353 -0.000985869 3.68036 22 854 3876 1 1 0 0 1 
-4.73097 3.90395 5 -0.394868 0.822015 -1.05881 3.97882 22 857 13954 13953 1 0 0 3 
-0.504456 5 3.15911 -0.417103 -0.0944269 -0.210163 3.98731 22 858 32419 32416 1 0 0 3 
5 -0.148471 -0.263471 -0.42944 0.278885 -0.180229 3.65595 22 859 1001 1 1 0 0 2 
-4.76154 2.70551 5 -0.0940914 0.288785 -0.232803 3.92723 22 860 25075 25051 1 0 0 3 
-2.88325 -5 1.96612 -0.177101 0.325863 0.0646746 3.69587 22 861 24538 24536 1 0.376171 0.376171 19 
5 -1.55892 0.0375886 -0.13557 0.539915 0.351243 3.62517 22 862 2479 2477 1 0 0 6 
4.39037 -5 -1.86451 -0.119736 0.313356 -0.385475 3.77188 22 863 19645 19618 1 0 0 2 
3.63262 -5 -0.772547 -0.425052 0.911818 0.0611 3.64113 22 865 44383 44364 1 0 0 1 
-3.94033 -4.58836 5 -0.113096 0.435567 -0.283126 3.76486 22 866 14276 14250 1 0 0 1 
-0.548704 -5 -3.71348 0.207944 0.572942 -0.13932 3.98515 22 868 56544 56383 1 0 0 1 
3.81707 -5 2.46984 -0.673088 3.20917 -1.13518 3.70817 22 869 1079 1 1 0 0 4 
3.00947 4.04986 5 -0.3781 1.13941 -1.70162 3.96536 22 873 11404 11203 1 0 0 1 
-3.32933 0.120894 5 -0.0720462 0.0314716 -0.261204 4.29377 22 874 25011 25008 1 0 0 2 
1.94937 -5 -3.52896 -0.106446 0.488209 0.106962 3.62758 22 876 12105 12104 1 0.18012 0.18012 40 
4.67746 -5 -2.11426 -0.22953 1.17158 -1.0058 3.71103 22 877 20631 20607 1 0 0 2 
-2.87955 3.55426 5 -0.183662 0.0460665 -0.114436 4.1138 22 878 9499 9498 1 1.77591 1.77591 15 
-0.270429 -5 -2.8505 -0.0858902 0.2115 -0.262639 3.73044 22 880 27385 27384 1 0.00110014 0.00110014 3 
5 -3.43247 -1.2639 -0.164939 -0.170783 -0.0177348 3.99331 22 881 22435 22434 1 0.583319 0.583319 4 
-4.91498 -2.39494 5 -0.172569 0.27605 -0.393874 3.94043 22 882 4981 4956 1 0 0 1 
0.76939 -0.938853 5 -0.106941 0.395319 -0.466601 3.84095 22 884 33000 32999 1 0.235787 0.235787 2 
0.067993 -4.11247 -5 -0.271254 1.15359 1.15432 3.59156 22 885 4885 4794 1 0 0 1 
4.33117 1.86144 5 -0.0436545 0.552303 -0.522505 3.80161 22 886 25700 25648 1 0 0 2 
0.261846 -5 3.27843 -0.166457 0.474251 0.44023 3.62978 22 887 23004 22753 1 0 0 1 
2.67665 -5 4.11383 0.0966839 0.517005 -0.639633 3.74907 22 888 9508 9399 1 0 0 3 
-0.299661 -5 0.35162 -0.186575 0.314027 -0.502807 3.82324 22 889 10451 10435 1 0 0 2 
-0.654871 -5 -0.764405 -0.282996 0.400816 -0.142757 3.69831 22 890 46748 46729 1 0 0 1 
-0.0953418 -5 -0.180588 -0.0572363 0.268852 0.323244 3.59616 22 891 17139 15550 1 2.45793 2.45793 6 
0.978712 -5 -4.65217 -0.145222 0.415136 -0.17095 3.70628 22 892 13323 13320 1 4.52549 4.52549 7 
4.51054 -5 1.66587 -0.511598 1.4914 0.484639 3.63119 22 893 8488 8487 1 0.000655758 0.000655758 4 
1.78789 -5 -0.724184 -0.0965106 0.225827 0.173859 4.06621 22 896 24207 24106 1 1.32669 1.32669 32 
-3.03356 -1.57901 5 -2.70645 4.15934 -3.83303 3.7832 22 897 25313 25187 1 0 0 3 
-4.27029 -3.47361 5 -0.306131 0.0847137 -0.192799 4.09183 22 899 3766 3743 1 0.191126 0.191126 9 
5 -1.39844 3.96915 -0.211015 0.153187 0.0101987 3.81167 22 900 45218 44366 1 0 0 1 
-1.41666 -3.08817 -5 -0.0262327 0.250728 0.314941 3.61949 22 902 53959 53932 1 0 0 2 
5 4.98573 1.07087 -0.190477 0.337436 -0.0232259 3.83336 22 903 4459 4457 1 0 0 1 
-0.305083 -5 -2.54137 0.224439 3.96485 -0.893521 3.67618 22 904 22484 22483 1 0.26587 0.26587 18 
0.758185 -0.490501 5 -0.277164 0.612568 -0.707963 3.90337 22 905 6088 6086 1 0 0 1 
5 -0.672622 -1.11547 -0.233593 0.453544 -0.0291892 3.72188 22 906 24717 24715 1 0.191421 0.191421 28 
-3.5543 0.912967 -5 -0.180729 0.538422 0.659532 3.60575 22 909 29158 1 1 0 0 1 
5 2.10115 2.74085 -0.122777 0.199209 0.0815829 3.65838 22 912 16347 16303 1 0.00244343 0.00244343 4 
5 1.75347 0.780065 -0.422111 -0.0152391 -0.00408152 3.74353 22 913 21645 21595 1 0.19811 0.19811 18 
2.8197 -5 -2.01283 -0.0878299 0.0558952 -0.213671 3.69375 22 914 34020 33955 1 0.0496407 0.0496407 23 
2.82369 -5 1.9704 -0.216342 0.721244 0.28227 3.6366 22 915 5698 1 1 0 0 2 
-2.50732 -5 -4.95608 -8.80709 30.375 -24.396 16.7755 2112 916 10386 10337 1 0 0 1 
-0.591513 -5 -1.49888 0.00808633 0.487374 -0.153365 3.80572 22 917 4176 4175 1 0 0 5 
-0.0626723 -5 -1.07318 0.0110734 0.409857 -0.0621824 3.73725 22 918 8618 8617 1 0 0 2 
-2.60435 -5 2.35344 -0.0405667 0.279561 -0.425817 3.80927 22 919 7431 7430 1 0.510599 0.510599 25 
5 0.421364 -1.61335 -0.237581 0.215356 0.0189426 3.64734 22 920 24799 1 1 0 0 1 
5 -2.40783 -2.24861 -0.39966 0.178556 -0.213153 3.67925 22 922 12799 12798 1 2.16524 2.16524 20 
2.68003 5 -1.16022 -0.0132399 -0.085222 -0.382442 4.25122 22 923 8611 8583 1 0.328457 0.328457 16 
-3.6172 -3.70875 5 -0.0547895 0.304376 -0.406784 3.95415 22 924 17756 17731 1 0 0 2 
5 -3.62967 2.87995 -0.460293 0.173857 0.137928 3.64603 22 925 29904 29903 1 0 0 2 
5 0.318927 0.470825 -0.0698634 0.206105 -0.443211 4.04307 22 926 32620 32616 1 0 0 1 
4.81561 -3.90672 -5 -0.0939354 0.241473 0.399735 3.58132 22 927 23503 23485 1 1.65313 1.65313 15 
3.63774 0.908237 5 -0.0346265 0.257257 -0.185651 3.76227 22 928 20737 19087 1 0.0366913 0.0366913 6 
2.39938 -5 0.726317 -0.220306 0.360665 -0.533911 3.93713 22 929 29487 29486 1 0.0171593 0.0171593 3 
-4.32292 -5 -0.772899 -0.0790654 0.502443 -0.0491901 3.64554 22 933 9463 9462 1 0 0 1 
5 -4.80241 4.83669 -0.420341 0.600454 -0.688785 3.79267 22 934 27347 27346 1 0.668855 0.668855 3 
2.46515 -5 -3.1278 -0.632381 1.26033 -0.210322 3.6211 22 935 22499 22355 1 0 0 3 
-0.235858 3.48949 5 -0.100035 0.378532 -0.640585 4.00074 22 936 23735 23699 1 0.0300779 0.0300779 4 
5 2.83656 4.90046 -0.322056 0.23625 -0.318725 3.91851 22 937 2098 2097 1 0 0 1 
-0.623046 -5 3.41292 0.0561686 0.223564 -0.456053 3.92075 22 938 1843 1796 1 0.520823 0.520823 28 
-1.05861 -1.14997 -5 -0.447665 0.462703 0.290336 3.60358 22 939 31217 31002 1 0 0 1 
-4.1551 0.298528 -5 0.183941 0.938924 0.677235 3.5816 22 940 27601 27454 1 1.17183 1.17183 24 
-2.71517 3.50584 -5 -0.0280831 0.244503 0.208103 3.64128 22 941 40465 40464 1 0 0 1 
5 -4.08446 -3.47873 -0.124278 0.491511 0.0639684 3.62755 22 942 44997 44994 1 0 0 1 
3.25172 -5 3.72852 0.0908415 0.238482 -0.0216403 3.69592 22 944 26346 26345 1 0.255791 0.255791 27 
3.10707 -4.59829 5 -0.106648 0.424574 -0.263596 3.79378 22 945 28117 28115 1 0 0 1 
5 -4.58787 -4.93758 -0.0119983 0.371363 -0.350807 3.79672 22 948 44074 44073 1 0 0 1 
2.25684 -5 -4.15164 -0.357594 0.313726 -0.370743 3.62835 22 949 26309 26249 1 0 0 1 
3.23912 -5 -1.71814 -0.0161553 0.14289 -0.490348 4.3692 22 950 36021 35998 1 0 0 1 
-4.00034 -5 -3.37393 -0.125066 0.494881 0.0238941 3.67252 22 951 27020 27019 1 0 0 1 
1.5263 -5 1.77281 -0.174723 0.283182 -0.373623 3.76605 22 952 7814 7808 1 0.482438 0.482438 4 
1.93575 -5 0.901866 -0.311439 2.41739 -2.68986 3.79492 22 953 12063 12062 1 0 0 2 
-4.79542 -0.173593 -5 -0.589651 0.635109 1.13169 3.59134 22 954 37758 37655 1 0 0 2 
-0.254608 3.66423 -5 -0.169499 0.0115282 0.481931 3.87802 22 955 4420 4419 1 0.175496 0.175496 3 
0.300646 4.05844 5 0.128132 0.315 -0.157258 3.78393 22 956 15237 15236 1 0 0 3 
4.3463 -2.85736 -5 -0.351068 -0.123283 0.0413614 3.60156 22 957 35472 35252 1 0 0 1 
5 -0.0121039 -2.83932 -0.255171 0.421516 0.230271 3.61353 22 961 35350 33929 1 0.234928 0.234928 2 
0.138787 -5 -1.85519 -0.00184694 0.264481 -0.434011 4.11986 22 962 11337 11253 1 0 0 1 
-4.87242 -5 0.700412 -0.574668 0.689912 0.00253272 3.63127 22 963 51348 51347 1 0 0 3 
-1.33261 -5 4.4096 -0.575981 0.856821 0.614494 3.64198 22 966 3609 3559 1 0 0 4 
-4.45039 -0.984316 5 -0.0372376 -0.0100693 -0.412628 5.36726 22 967 30728 30726 1 0 0 1 
-0.62014 2.63204 5 0.28657 -0.165673 -0.118979 3.96277 22 970 4068 4039 1 0 0 2 
-0.103669 -5 3.28874 -0.310121 0.414752 -0.931976 3.90318 22 971 27571 27546 1 0 0 1 
4.6072 -5 2.92636 -0.195634 0.505951 1.01763 3.59604 22 972 13448 13223 1 4.15714 4.15714 26 
-2.28709 -5 -3.47546 -0.151617 0.210925 -0.145099 3.77911 22 973 28063 28062 1 0.0370674 0.0370674 6 
0.491945 -3.51879 5 -0.163984 -0.122305 -0.136016 3.88699 22 974 45873 45872 1 0 0 1 
-0.353516 -5 -4.27773 -0.009434 0.325781 -0.224489 3.68126 22 975 10329 6149 1 0 0 3 
-2.52323 -5 3.87653 -0.997684 4.67717 3.14138 3.63173 22 976 44989 44853 1 0 0 1 
1.45628 0.45929 5 0.00171288 0.0585645 -0.367308 3.98527 22 977 2191 2166 1 0 0 2 
5 -2.7098 4.51759 -0.250211 0.170305 -0.134626 4.27585 22 978 43054 43053 1 0 0 1 
-0.715818 -0.434536 5 0.0264722 0.304734 -0.32502 3.90989 22 979 41035 41034 1 0 0 1 
5 0.290941 -4.16717 -0.222761 0.351763 0.0529502 3.60974 22 980 27370 27218 1 0 0 2 
5 1.79757 3.99273 -2.05728 4.77672 5.13763 3.64268 -11 981 15947 15946 1 2.53038 2.53038 4 
5 -3.28753 -4.09622 -0.0860656 0.249554 0.0292368 3.62939 22 982 15081 15080 1 0.227753 0.227753 24 
-1.53116 -5 0.146329 -0.174421 0.404453 0.275141 3.6231 22 983 14439 14438 1 0 0 1 
4.83851 -1.99784 5 0.00321465 0.186037 -0.228878 3.88395 22 984 40241 40000 1 0.14878 0.14878 4 
3.38116 -5 -1.56951 -0.0719061 0.163661 -0.169104 3.63296 22 985 50287 50244 1 0.245695 0.245695 28 
5 -2.35671 -4.34581 -0.13277 0.230664 -0.365594 3.77941 22 987 31823 31796 1 0 0 1 
-2.05828 -5 -4.49212 -1.4718 2.18431 1.33971 3.61141 22 988 1842 1792 1 0.825589 0.825589 22 
0.0947826 -5 -4.08506 -0.0977729 0.248827 0.0422765 3.62054 22 989 2611 2551 1 0 0 5 
-3.86979 -2.58766 5 -0.320931 0.28734 -0.27488 3.86807 22 993 12028 11997 1 0.647688 0.647688 29 
5 -1.97821 0.386957 -0.192635 0.0682261 0.126828 4.0527 22 994 2490 2488 1 0.306319 0.306319 37 
4.1756 -3.67143 5 0.194453 0.110729 -0.37889 4.09108 22 995 5302 5283 1 0 0 3 
-5 -2.45013 3.83001 0.252728 0.423118 -0.69407 4.25164 22 996 18098 18097 1 0.85093 0.85093 22 
-2.90538 2.40759 5 -0.251071 0.0252428 -0.128576 3.77596 22 997 38215 31330 1 0 0 2 
3.87551 -5 4.67222 -0.0307666 0.546131 -0.276847 4.74298 22 999 2174 2015 1 0 0 3 
5 -2.36727 0.141548 -0.067618 0.267795 0.429923 3.61401 22 1000 5128 5108 1 0.196187 0.196187 35 
