# Det5_7_20
#x y z Px Py Pz t PDGid EventID TrackID ParentID Weight Edep VisibleEdep Ntracks
-4.07915 -5 -2.6656 -0.108788 0.496892 0.249738 4.03102 22 1 3501 2788 1 0.20456 0.20456 11 
-4.94925 4.01535 -5 -0.308031 1.27243 10.4185 3.99007 22 2 4042 3338 1 21.2114 21.2114 292 
0.567382 4.92435 -5 0.0267652 0.242613 0.268151 4.01906 22 3 6680 6634 1 12.0205 12.0205 107 
-3.47636 -0.122342 -5 -0.327431 0.00508873 1.24622 3.99699 22 4 3957 3812 1 5.79428 5.79428 66 
0.792047 -4.04207 -5 0.163586 0.858243 6.26103 3.99052 22 5 5164 4996 1 4.2555 4.2555 133 
2.5131 -5 -1.40047 -0.728325 0.147014 4.42264 4.0009 22 6 2485 2402 1 15.6995 15.6995 159 
0.123444 4.08564 -5 -0.292062 0.841121 5.04744 3.99443 22 7 1693 1488 1 29.8611 29.8611 324 
3.89425 -5 -3.79332 -0.116832 1.05007 1.90121 4.00752 22 8 2953 2837 1 2.01736 2.01736 21 
-2.59485 -5 -3.36788 -0.119988 2.60678 1.21413 4.03095 22 9 2572 2457 1 1.5663 1.5663 40 
1.32684 -5 -4.41389 -0.116127 0.259919 -0.345748 4.03495 22 10 21688 21687 1 0 0 4 
5 -3.2553 -4.40434 -0.874015 1.25959 0.178434 4.00317 -11 11 4515 4514 1 28.2209 28.2209 249 
-5 2.37025 3.78673 0.485207 0.0496717 0.24062 4.07909 22 12 4013 3450 1 7.37918 7.37918 76 
3.33998 2.80759 -5 -0.0867821 0.289647 0.235196 4.01972 22 13 4169 4104 1 10.5775 10.5775 77 
-2.1162 1.36232 -5 -1.21365 1.47047 10.7506 3.99058 22 14 1925 1 1 1.56248 1.56248 31 
-5 4.68291 2.91357 7.25311 2.0812 6.86294 4.06577 -11 15 28928 28927 1 0.472981 0.472981 4 
-5 -0.347154 -1.05106 0.735521 0.313945 -0.03266 4.01305 22 16 2794 2793 1 2.51905 2.51905 26 
-5 -3.58332 4.97457 0.186316 0.470618 0.0701791 4.08151 22 17 8725 8722 1 0 0 8 
4.81861 1.21882 -5 0.0619142 0.0539179 0.756183 3.98905 22 18 1336 1204 1 40.2442 40.2442 443 
-1.06665 2.70723 -5 -0.0809531 0.5174 2.02526 4.00041 22 19 1256 1188 1 1.58876 1.58876 35 
3.54779 -5 -1.83021 0.348443 0.369838 -0.0541054 4.06925 22 20 1151 1150 1 8.04764 8.04764 152 
3.55069 -5 3.87473 0.236387 0.644247 1.6245 4.03129 22 21 1382 1239 1 6.57918 6.57918 48 
-2.98928 -0.519803 -5 1.09719 0.114885 -0.21507 3.99187 11 22 3245 3207 1 29.7656 29.7656 362 
4.27103 -5 -4.81652 -0.220963 0.460055 -0.02538 4.10564 22 23 1892 1890 1 2.94657 2.94657 39 
0.877981 -5 0.266933 0.269365 0.422436 0.416779 4.03266 22 24 2343 2201 1 5.89938 5.89938 101 
3.28212 -5 -0.969392 2.12732 3.95358 21.7827 4.00576 22 25 1112 1 1 0.71101 0.71101 59 
-0.0133916 0.944139 -5 -0.194962 1.47593 2.78043 4.00531 22 26 1120 1 1 0.194166 0.194166 31 
-0.852772 -4.472 -5 0.476862 0.601094 1.52192 4.01707 22 27 2170 2108 1 18.6006 18.6006 279 
-3.51115 -0.0406971 -5 0.00593084 0.0378951 1.5161 3.99533 22 28 1746 1460 1 0 0 12 
-0.707867 -1.98067 -5 -0.0602994 0.476375 2.54806 3.99179 22 29 1805 1617 1 2.20268 2.20268 79 
-1.30376 -4.98201 -5 0.0991103 -0.0138573 0.312312 4.00984 22 30 11817 11816 1 0 0 6 
3.69165 -5 -1.68814 -0.20008 0.230377 0.031087 4.06113 22 31 2549 2547 1 11.7351 11.7351 132 
-0.480175 -5 -0.484351 0.0990058 0.172521 0.088032 4.12117 22 32 3291 3229 1 7.29967 7.29967 114 
3.50324 1.60503 -5 0.0549148 0.4988 2.47124 3.99251 22 33 3855 3561 1 0.394305 0.394305 24 
5 -4.45468 4.82904 -0.269717 -0.267393 0.414585 4.05593 22 34 2499 2363 1 10.1376 10.1376 86 
1.18076 0.328857 -5 -0.296996 2.53731 1.87192 4.04586 22 35 23680 23587 1 0.534282 0.534282 22 
1.59938 -5 1.73937 0.110228 0.475419 0.15148 4.06066 22 36 6430 6429 1 1.33503 1.33503 44 
1.2462 -2.66246 -5 1.05887 1.9627 8.9109 3.99583 22 37 4046 3608 1 0.453225 0.453225 64 
-1.95616 -4.78199 -5 -0.731108 1.30881 3.4571 3.99799 22 38 1024 1 1 13.6425 13.6425 119 
-4.58523 -5 -3.17367 -0.211612 0.436946 1.91468 4.00018 22 39 7884 7839 1 0 0 11 
-0.731483 -4.74185 -5 0.000754082 -0.0777091 0.143607 4.08038 22 40 2614 2556 1 0.534816 0.534816 29 
-4.19998 -5 3.56519 -0.366535 0.813349 2.40772 4.03654 22 41 2493 2416 1 0 0 13 
-4.29271 -5 0.674581 -0.167557 3.00986 5.05094 4.02199 22 42 4417 4190 1 5.10098 5.10098 72 
1.75852 -2.52277 -5 -0.201374 0.179214 1.70292 3.9924 22 43 6194 6112 1 1.02005 1.02005 69 
-5 -0.770118 4.84315 0.46364 0.120391 -0.0175373 4.07466 22 44 3186 3185 1 5.60936 5.60936 77 
3.73491 -5 0.692195 1.34197 9.93622 13.0856 4.02336 22 45 10711 10532 1 0 0 13 
-3.69422 -5 4.30727 -1.93168 5.26331 0.915395 4.04464 -11 46 1253 1252 1 1.2262 1.2262 20 
3.89639 -5 3.61626 -0.0941264 0.400824 0.13155 4.18506 22 47 5120 5118 1 11.9143 11.9143 24 
-3.51244 -5 3.5769 -0.670841 2.60614 1.7801 4.04832 22 48 8862 8821 1 1.66739 1.66739 70 
1.71603 -5 1.75857 0.00673928 0.812627 1.13534 4.02981 22 49 9244 8542 1 0.252206 0.252206 8 
0.64402 -4.59857 -5 -0.198378 0.108552 0.477363 4.00343 22 50 7772 7601 1 0.201935 0.201935 11 
1.30487 -5 3.35153 0.225776 0.33306 2.44243 4.01835 22 51 1386 1284 1 7.63214 7.63214 65 
2.15344 3.25189 -5 4.1174 9.28558 91.9128 3.98853 22 52 1472 1 1 25.2938 25.2938 247 
3.7304 4.66911 -5 0.446672 1.79763 3.38874 4.00956 22 53 4352 4220 1 0.38805 0.38805 31 
2.66396 -0.776669 -5 -0.0608101 0.439137 0.66916 4.0056 22 54 1547 1404 1 0.254238 0.254238 30 
-3.36411 -5 -2.86467 -0.184218 0.194986 -0.0386552 4.09474 22 55 16587 16583 1 8.46136 8.46136 14 
1.01489 -5 4.93661 -2.40905 12.4161 41.7807 4.02394 11 56 1 0 1 10.4017 10.4017 60 
3.99811 -3.29635 -5 -0.249582 0.22219 0.387993 3.99996 22 57 1820 1819 1 13.5317 13.5317 69 
-2.18642 -3.18071 -5 -0.0822194 0.380791 0.947611 4.00444 22 58 4708 4466 1 0 0 3 
3.46786 -3.83295 -5 -0.227746 1.06696 2.03577 3.99819 22 59 1461 1406 1 2.68431 2.68431 29 
0.500464 -4.87843 -5 0.614903 0.135691 0.711366 4.00419 22 60 2333 2078 1 0.156607 0.156607 33 
-5 1.1292 1.7388 0.180442 0.00577739 0.0181677 4.12123 22 61 1688 1602 1 4.57374 4.57374 111 
5 -3.64343 4.15199 -0.171196 0.170029 0.0524546 4.08394 22 62 13639 13448 1 0 0 5 
4.37482 -4.13851 -5 0.0395808 0.275661 1.45014 3.9915 22 63 6212 5636 1 2.29581 2.29581 59 
4.9095 -2.13939 -5 -0.0213048 1.99165 8.04941 3.99582 22 64 8069 7894 1 6.22294 6.22294 131 
4.05134 -5 3.7693 0.0469436 0.133061 0.15184 4.03203 22 65 6253 6212 1 2.93827 2.93827 73 
-3.05269 -3.02794 -5 -0.139675 0.416291 0.261367 4.01148 22 66 1194 1193 1 6.50601 6.50601 24 
3.38731 3.95199 -5 0.504474 0.392054 0.546287 4.03453 22 67 3303 3274 1 0.68946 0.68946 9 
-0.663186 -4.16634 -5 0.561166 1.01994 1.35253 4.06847 22 68 4318 4297 1 0.74975 0.74975 16 
-0.470269 1.89904 -5 -0.115957 0.172243 1.56643 3.99052 22 69 1807 1 1 7.69104 7.69104 120 
1.97611 -4.99952 -5 -0.00514828 0.325589 0.57118 3.99541 22 70 7548 7154 1 0 0 9 
3.10577 -3.43608 -5 -0.0558741 0.320197 1.05013 3.98931 22 71 1656 1598 1 22.8113 22.8113 354 
-0.671793 -5 1.25083 0.00443467 0.490411 4.26114 4.00946 22 72 3631 3560 1 1.12511 1.12511 28 
5 1.5248 2.37497 -1.17523 1.23496 -0.0534102 4.08508 22 73 5499 5444 1 0.984573 0.984573 62 
3.20494 -5 3.98774 -0.0551852 0.169088 0.150162 4.03333 22 74 12294 12218 1 0.0223951 0.0223951 29 
-0.446555 -4.83099 -5 -4.0219 23.7592 26.3074 3.99915 11 75 3687 3141 1 8.99503 8.99503 86 
-2.26973 -5 -2.7497 -0.967456 -1.40665 -1.86376 4.01888 11 76 5617 5465 1 7.04992 7.04992 66 
3.67154 -3.20793 -5 0.599265 0.230305 2.82654 3.99221 22 77 11162 11025 1 8.05602 8.05602 92 
4.53976 1.99688 -5 0.627386 2.27336 0.953366 4.03629 22 78 11470 11296 1 0.315053 0.315053 34 
3.13601 -2.4631 -5 0.664166 0.259011 3.84179 3.99313 22 79 11115 11041 1 1.05999 1.05999 15 
1.84829 -5 3.47045 -0.0778209 0.317639 0.187153 4.03542 22 80 5368 5338 1 7.16865 7.16865 37 
-5 -3.59196 -0.301015 0.196415 0.367713 0.295514 4.06681 22 81 5137 5123 1 10.1032 10.1032 114 
4.75817 -1.85306 -5 0.108144 0.269469 1.45507 3.99438 22 82 5413 5329 1 10.3754 10.3754 133 
4.68536 1.15237 -5 5.02767 7.02685 6.87546 4.02599 22 83 1352 1351 1 2.45588 2.45588 27 
-2.39532 5 4.97177 0.237452 -5.40104 4.3637 4.03402 22 84 4911 4910 1 4.44776 4.44776 133 
-5 2.81532 -3.05913 -0.927778 -0.687662 0.745919 4.03777 -11 85 6879 6878 1 5.61444 5.61444 118 
-4.74016 3.18167 -5 0.130267 -0.14771 0.616029 4.0274 22 86 1001 1 1 10.185 10.185 109 
-3.0422 -2.62737 -5 0.732654 1.07947 2.58603 3.99318 22 87 1193 1127 1 4.29758 4.29758 142 
1.70803 -5 -0.319956 -0.651712 1.77872 4.67171 4.01912 22 88 13049 13048 1 3.56421 3.56421 5 
-2.47271 0.338729 -5 -0.177006 2.16294 5.61081 3.99794 22 89 4105 3970 1 1.24244 1.24244 117 
1.98367 2.21328 -5 0.289025 -0.121004 0.403661 4.01649 22 90 4742 4715 1 21.4658 21.4658 186 
5 -2.81807 3.41774 -0.373197 0.0684581 0.0186596 4.08099 22 91 11845 11339 1 4.63908 4.63908 83 
-3.49481 -1.20808 -5 0.00518917 0.321537 0.115026 4.02693 22 92 8962 8957 1 11.4024 11.4024 94 
0.113036 -5 -3.61425 -0.207764 0.613022 0.0929607 4.04784 22 93 2979 2920 1 7.84639 7.84639 38 
2.81961 -4.77608 -5 -0.295933 0.813812 18.0305 3.98681 22 94 3270 1 1 1.34891 1.34891 12 
0.85896 -5 2.67036 0.194011 0.446413 0.155549 4.11565 22 95 1203 1201 1 0.530977 0.530977 9 
5 3.39644 -2.26284 -0.213738 0.385055 -0.259169 4.04318 22 96 3320 3318 1 4.61009 4.61009 48 
4.10123 -5 0.437332 -0.461085 2.8374 -3.55581 4.02091 -11 97 2039 2038 1 10.1184 10.1184 127 
2.94481 3.20345 -5 3.72496 10.8491 23.3354 4.00572 22 98 3302 3097 1 0.226422 0.226422 50 
-4.18348 -0.230939 -5 -0.00501803 0.381561 0.82374 4.00889 22 99 1277 1217 1 0 0 6 
4.04702 -5 4.96407 0.109815 0.503997 0.229892 4.10983 22 100 1935 1805 1 7.05674 7.05674 89 
-2.0958 4.3842 -5 -0.170375 3.09391 5.11539 4.00351 22 101 1349 1308 1 0.610913 0.610913 59 
-2.15938 -4.71233 -5 -1.65374 1.13927 15.753 3.98881 22 102 8207 7950 1 11.4756 11.4756 146 
-2.45071 -5 -4.00932 -0.123667 0.241241 0.30097 4.01858 22 103 1470 1 1 1.56829 1.56829 81 
3.38263 3.10936 -5 0.0107937 0.194595 0.472373 4.03032 22 104 1135 1134 1 0.0583593 0.0583593 14 
-5 -1.01713 4.84142 0.233587 0.167161 0.0478392 4.09049 22 105 2790 2768 1 25.3594 25.3594 216 
-3.21264 3.38899 -5 0.196426 0.0415218 0.246185 4.04993 22 106 1058 1 1 5.54831 5.54831 43 
-5 3.79053 0.0323563 0.440235 0.525018 0.36472 4.04347 22 107 8175 7878 1 0.232222 0.232222 2 
-5 -4.108 -1.35802 1.31723 3.34778 2.81386 4.00145 11 108 5090 5066 1 14.2135 14.2135 153 
-4.61516 -5 -2.59152 -0.475239 1.0513 -0.25568 4.05442 22 109 13754 13752 1 0.596156 0.596156 16 
-1.43425 -5 0.629113 -0.292194 0.418948 -0.015013 4.06292 22 110 1666 1663 1 5.9434 5.9434 94 
4.06453 -1.23286 -5 0.0589832 0.176003 0.691072 3.99874 22 111 7082 7081 1 4.91683 4.91683 11 
4.74604 -2.17506 -5 0.390197 0.7753 2.50269 4.00204 22 112 1667 1520 1 1.0439 1.0439 85 
-3.64996 -5 -1.33222 0.303783 0.486478 0.318801 4.00605 22 113 5169 4808 1 22.3548 22.3548 297 
-0.900911 -2.59137 -5 -0.164956 0.449048 0.179625 4.02543 22 114 10145 10144 1 2.41276 2.41276 22 
-3.52226 -5 -1.04501 -0.312373 0.892708 0.633152 4.01988 22 115 5669 5619 1 8.113 8.113 48 
-2.71332 -4.80028 -5 0.295713 0.481602 2.07408 3.9925 22 116 6357 5979 1 0 0 2 
-5 -3.14444 3.0986 0.153291 0.574396 0.863939 4.03552 22 117 8196 8088 1 0.478204 0.478204 30 
4.93893 1.45936 -5 -0.0352304 0.218073 0.460785 4.03981 22 118 1562 1561 1 12.471 12.471 50 
1.52706 -0.428747 -5 -0.0326165 0.232709 0.626132 4.00165 22 119 2180 2137 1 9.17453 9.17453 105 
-0.503966 -5 1.75972 -0.131631 0.492518 0.0349126 4.09842 22 120 5949 5919 1 2.26455 2.26455 92 
2.92314 -5 -3.22135 0.0954501 0.477151 0.21478 4.04645 22 121 2450 2423 1 0.913014 0.913014 7 
-4.4783 2.28421 -5 -2.78579 4.0457 7.79016 4.00688 22 122 1822 1729 1 6.62245 6.62245 66 
-4.00706 3.12726 -5 -0.0455377 -0.406052 0.204295 4.01053 22 123 3262 3125 1 0.00819398 0.00819398 14 
4.35995 -5 4.59619 0.23602 0.255 0.473598 4.04324 22 124 5636 5543 1 0.920838 0.920838 40 
-3.34819 -5 4.18864 -0.0764894 0.342548 0.342587 4.04075 22 125 23065 23057 1 19.1747 19.1747 84 
5 -4.94134 -4.68954 -0.0207202 0.086897 0.621639 3.99069 22 126 9779 9037 1 7.02813 7.02813 63 
-0.944283 -1.64809 -5 0.00830083 0.346174 1.44424 3.9929 22 127 1934 1811 1 6.36247 6.36247 45 
3.60137 -1.56928 -5 1.09933 0.720581 0.917189 4.04011 22 128 3238 3214 1 11.041 11.041 132 
4.60144 -2.20126 -5 -0.202105 1.17306 1.29582 4.006 22 129 2964 2935 1 1.07394 1.07394 77 
-0.649144 -4.88362 -5 0.114411 3.14929 12.6356 3.99506 22 130 3001 2863 1 2.26478 2.26478 37 
-1.41142 -3.71546 -5 0.0046537 0.0887456 0.433461 3.99184 22 131 1386 1 1 10.7323 10.7323 79 
4.52373 -3.31414 -5 0.309365 0.465527 0.888261 4.00107 22 132 11918 11805 1 2.24899 2.24899 13 
-1.21809 -5 -1.97458 -0.00807716 0.202983 0.375032 4.00967 22 133 2648 2415 1 3.84561 3.84561 45 
1.89797 -5 4.7763 -0.346375 0.613068 4.87611 4.02419 22 134 2170 1945 1 4.8254 4.8254 80 
-4.05709 -4.99591 -5 -0.0140777 0.0441785 0.283558 3.99011 22 135 2440 2296 1 3.11823 3.11823 48 
-5 -4.15806 -3.94734 0.204651 0.131804 -0.322088 4.0599 22 136 26966 26965 1 0.5929 0.5929 8 
0.458831 2.76562 -5 -8.13942 15.7936 32.5543 3.99119 -11 137 11753 11752 1 6.36438 6.36438 125 
2.42633 -1.72507 -5 0.236411 2.32621 11.7643 3.99285 22 138 2082 1905 1 0.286529 0.286529 41 
-3.43865 1.09661 -5 -0.0863617 0.14469 1.43975 3.98871 22 139 3909 3487 1 3.37962 3.37962 106 
3.50092 3.94505 -5 -0.214563 0.293441 0.429035 4.03198 22 140 1121 1 1 0.0796185 0.0796185 11 
-5 2.75825 -2.96806 0.0169138 0.796868 2.06736 4.00671 22 141 2042 2039 1 0.515824 0.515824 14 
3.7525 -1.55582 -5 -2.3484 -2.59489 4.79695 3.99155 -11 142 17518 17517 1 10.7172 10.7172 65 
0.609325 -5 -3.87956 0.302685 0.386583 0.666437 4.01558 22 143 12554 12502 1 0.514498 0.514498 12 
2.48589 -5 2.46923 -1.32874 1.80073 3.1275 4.03666 22 144 2946 2945 1 0 0 6 
-2.26603 -2.28165 -5 0.0400806 0.141696 0.430058 4.03224 22 145 2834 2833 1 18.0357 18.0357 127 
-2.21235 4.26172 -5 0.144546 1.68285 0.487663 4.04692 22 146 4724 4645 1 3.95078 3.95078 102 
-4.9605 -5 0.5531 0.0951837 6.38435 23.8628 4.01255 22 147 4049 4017 1 0.409431 0.409431 22 
-4.71933 3.40483 -5 -0.370373 0.274996 0.348412 4.04741 22 148 1286 1211 1 0 0 8 
0.20419 -5 1.58953 0.0350968 0.102974 0.645333 4.01267 22 149 2200 2093 1 0.914662 0.914662 46 
-3.97198 2.66685 -5 -0.174656 0.400234 0.22057 4.04022 22 150 16386 16319 1 1.73331 1.73331 23 
-4.53648 -5 -0.0104525 -0.240101 0.408357 0.191615 4.06038 22 151 1666 1631 1 0 0 8 
-1.55563 -5 -4.89197 -0.0349995 0.175139 0.334758 3.99884 22 152 2856 2714 1 4.40287 4.40287 78 
-4.01414 -5 1.7927 -0.062 0.0667874 0.228556 4.04479 22 153 5176 5175 1 1.01578 1.01578 34 
-3.20429 -4.99042 -5 1.87133 -0.261226 4.13376 3.99425 22 154 1956 1882 1 6.1051 6.1051 111 
3.83179 -5 2.50806 0.511642 1.61644 0.202683 4.03282 22 155 3740 3739 1 2.16627 2.16627 33 
-2.93448 -5 -1.47881 0.0636488 0.496807 -0.101248 4.0792 22 156 1609 1607 1 3.04394 3.04394 64 
1.95243 -1.37461 -5 -0.38317 1.53006 1.89719 4.00804 22 157 3890 3504 1 14.4516 14.4516 247 
0.718583 -5 -2.00095 0.0213335 0.305653 0.408951 4.01789 22 158 1303 1286 1 6.89464 6.89464 111 
5 -2.58475 -3.05442 -0.086443 0.887036 0.475396 4.04864 22 159 17465 17464 1 1.62295 1.62295 52 
-3.47213 -3.41939 -5 0.0605725 0.158265 0.111995 4.02243 22 160 7733 7698 1 0.366666 0.366666 55 
3.84278 -3.92029 -5 0.119265 0.395739 0.357279 4.01428 22 161 5438 5437 1 14.6557 14.6557 167 
4.85736 -5 3.30044 1.17796 1.2058 2.49902 4.04626 22 162 7351 7318 1 5.59322 5.59322 48 
-5 1.73789 3.82519 0.0604122 -0.130635 0.0890385 4.07669 22 163 1058 1 1 0 0 7 
-1.78243 -5 -1.89501 0.213072 0.461887 0.0487927 4.04397 22 164 1196 1194 1 1.49557 1.49557 48 
1.41513 3.37882 -5 0.0295522 0.400582 0.315881 4.03539 22 165 9652 9651 1 6.29651 6.29651 67 
-2.40438 -2.67442 -5 -0.249398 0.398646 0.126285 4.04584 22 166 34646 34645 1 0.262608 0.262608 2 
-0.352147 -5 -4.99598 -0.192808 1.98585 4.21233 4.00917 22 167 22576 21226 1 0 0 4 
-3.17214 -5 -0.307923 -0.384988 0.335581 -0.0170111 4.1533 22 168 5149 5148 1 11.9074 11.9074 224 
2.57295 -5 -1.82217 0.011717 0.510791 0.00865684 4.06539 22 169 4735 4734 1 2.6012 2.6012 31 
4.18257 0.00632802 -5 -0.459733 0.641516 2.93513 4.00333 22 170 2231 2068 1 20.6906 20.6906 183 
0.284038 -5 -3.45339 0.323685 1.43272 -0.475948 3.9997 11 171 7802 7770 1 0.342422 0.342422 40 
-1.15991 -5 -1.8156 0.0442822 0.331653 -0.0471166 4.03951 22 172 4048 4021 1 0.23914 0.23914 49 
4.93847 -5 -3.02012 0.82284 0.79688 3.1501 4.01011 22 173 7050 6982 1 0.409525 0.409525 16 
-1.67112 -5 1.70962 -0.243211 0.70507 0.917244 4.04213 22 174 4532 4531 1 3.64046 3.64046 44 
-3.05987 -5 -4.16524 -0.0988285 0.827342 2.03712 4.00378 22 175 2618 2545 1 5.61605 5.61605 49 
1.41819 -5 1.39707 -0.117504 0.366843 0.335766 4.04956 22 176 2666 2621 1 0 0 6 
4.5066 -5 3.38357 0.0183553 0.305703 0.00842453 4.10474 22 177 2466 2061 1 0 0 6 
2.52467 -0.944726 -5 -0.0843788 0.175387 1.14588 3.9926 22 178 2664 2606 1 0.165874 0.165874 34 
-4.9368 -3.14942 -5 0.0893802 0.313203 0.393745 4.03143 22 179 1387 1386 1 6.23213 6.23213 53 
1.15834 0.11947 -5 0.0736388 0.304834 0.891429 3.99781 22 180 6082 6081 1 1.0119 1.0119 19 
1.78237 3.89456 -5 -5.99608 12.6919 39.8291 3.99607 22 181 1255 1097 1 4.19521 4.19521 49 
-2.88489 -5 -4.05569 -0.260717 0.405658 0.169081 4.05505 22 182 1214 1197 1 0.205741 0.205741 24 
-0.693083 -4.1092 -5 0.586606 -0.00342035 1.14829 3.99621 22 183 9141 9057 1 8.76469 8.76469 86 
0.596864 0.883567 -5 0.093559 0.285169 0.106408 4.04527 22 184 8435 8404 1 10.2806 10.2806 144 
5 4.4995 -1.52305 -0.114728 -0.000268913 -0.0673006 4.06196 22 185 2176 2173 1 0.132708 0.132708 28 
0.303484 -4.814 -5 -0.115121 0.167266 3.76631 3.9869 22 186 1722 1 1 10.1444 10.1444 189 
5 -3.58498 -3.88221 -0.228117 0.149193 -0.541293 4.0612 22 187 9188 9186 1 0.0431944 0.0431944 14 
-2.7806 -0.135338 -5 0.0186665 0.338957 0.381942 3.99177 22 188 3098 3096 1 13.3855 13.3855 187 
4.44942 -4.77952 -5 0.277807 -0.101519 0.146405 4.07225 22 189 9653 9068 1 0 0 2 
0.298072 -2.08685 -5 -0.127149 0.273872 0.219125 4.02159 22 190 4243 4020 1 7.84416 7.84416 90 
-3.85637 1.28582 -5 -0.859167 1.59533 3.03574 4.00961 22 191 1954 1834 1 12.5086 12.5086 180 
2.35762 -5 -0.00125123 0.000106913 0.192166 0.2151 4.07435 22 192 3474 3473 1 7.05359 7.05359 72 
4.31499 -5 2.22235 -0.206613 0.223796 0.410301 4.04189 22 193 2159 2156 1 2.44854 2.44854 36 
-0.376814 0.925318 -5 0.0554376 0.24068 0.447347 4.07298 22 194 9885 9884 1 0 0 4 
-3.97069 -5 3.84099 -0.0576335 0.484497 0.67761 4.03616 22 195 12185 12136 1 0 0 6 
-0.135028 -5 -0.276759 0.110453 0.309647 0.137598 4.02211 22 196 2354 2102 1 9.32935 9.32935 90 
-3.34644 -5 -3.08093 -2.98344 4.39928 8.08238 4.0043 22 197 3950 3949 1 35.3262 35.3262 395 
1.18721 -5 -2.85497 -0.381521 0.390673 0.129202 4.01584 22 198 1229 1 1 28.8106 28.8106 419 
3.78531 3.52145 -5 0.158817 1.39753 2.40184 4.01551 22 199 10054 9935 1 0.179633 0.179633 26 
1.10349 -2.129 -5 0.0255204 0.945919 1.73932 4.00208 22 200 1179 1 1 0.737836 0.737836 45 
-5 -4.31863 0.120678 0.0482862 0.149637 0.486207 4.06243 22 201 1347 1346 1 0.751146 0.751146 19 
-4.53829 -3.32977 -5 -0.272509 0.555823 1.83445 3.99729 22 202 2625 2539 1 11.7161 11.7161 266 
3.27889 -0.751789 -5 0.156865 0.0992692 0.280206 4.00077 22 203 2089 1978 1 3.53714 3.53714 23 
-2.58908 4.19894 -5 0.0810241 1.10117 0.745916 4.03539 22 204 5683 5570 1 3.01911 3.01911 9 
-2.74103 -5 -4.43395 -0.145694 0.204113 -0.118775 4.06687 22 205 4085 3919 1 7.76686 7.76686 60 
4.22796 -5 -2.87186 -0.286658 0.811174 1.1419 4.01286 22 206 7004 6909 1 7.55035 7.55035 35 
-5 -4.61233 0.443444 0.176651 0.458248 0.141151 4.05973 22 207 7364 7361 1 0 0 8 
2.10894 -4.79745 -5 -0.0562737 0.0546458 0.537434 3.991 22 208 1488 1427 1 0.895368 0.895368 51 
-1.37256 -5 1.69473 0.498624 0.308016 0.583277 4.02637 22 209 3362 3303 1 6.95058 6.95058 103 
2.59832 -4.93324 -5 -0.075834 1.26264 2.93626 3.99788 22 210 1170 1 1 0.934029 0.934029 38 
1.76367 0.957113 -5 -3.20515 5.19823 23.2279 3.99371 22 211 1370 1241 1 15.2996 15.2996 153 
-4.85327 -5 0.618656 -0.0469181 0.151039 0.141445 4.02932 22 212 7337 7181 1 3.16896 3.16896 64 
-2.20175 -5 -2.44271 -0.113074 1.35079 2.14167 4.01343 22 213 6416 6414 1 5.35879 5.35879 38 
3.79982 -3.7843 -5 1.31522 -0.216273 7.75459 3.98942 22 214 1225 1 1 10.0955 10.0955 90 
-2.49297 -1.90553 -5 -0.229198 2.53809 10.6342 3.99506 22 215 2961 2908 1 0 0 12 
2.44965 -5 0.252549 0.191033 0.215307 0.177717 4.04677 22 216 1192 1176 1 4.99936 4.99936 63 
-0.241545 3.50789 -5 -0.112227 0.481153 0.858177 4.01434 22 217 9089 8756 1 0 0 5 
-0.379378 -1.81117 -5 0.0266661 0.158647 0.362596 3.99696 22 218 9343 9274 1 7.71719 7.71719 119 
-4.90068 -3.15165 -5 -0.0277446 0.324704 0.30261 4.01837 22 219 1834 1412 1 1.03255 1.03255 65 
3.19758 4.99525 -5 0.444984 1.67213 1.00296 4.05373 22 220 3460 3391 1 0 0 3 
5 0.805199 1.10187 -0.386336 0.304233 0.138948 4.07747 22 221 4482 4459 1 0.104241 0.104241 49 
-2.34036 1.78489 -5 0.0109292 0.384453 1.4175 3.99177 22 222 6817 6582 1 27.9551 27.9551 236 
0.290454 -5 -2.9068 0.0191727 0.259834 0.0883861 4.02704 22 223 1698 1 1 0.0339985 0.0339985 31 
-1.59735 -5 -1.64111 0.0182058 0.504025 0.0821442 4.07478 22 224 1938 1937 1 2.19211 2.19211 82 
-3.81114 -4.91937 -5 -0.658849 0.325461 0.936617 4.01474 22 225 1159 1 1 0.383852 0.383852 37 
2.37843 -4.28812 -5 0.0923529 0.0879243 1.86906 3.98669 22 226 3436 3248 1 45.186 45.186 521 
-2.26231 -5 -4.3832 -0.121878 0.494228 0.0447681 4.1511 22 227 28131 28130 1 1.45024 1.45024 4 
2.8071 1.49028 -5 0.100236 0.270689 1.3092 3.99385 22 228 1192 1 1 5.27492 5.27492 28 
-3.94798 -5 2.88521 -0.104063 0.270199 0.24672 4.02463 22 229 5927 5926 1 0.375125 0.375125 13 
1.29012 -5 2.5834 -0.106887 2.94535 4.70593 4.03458 22 230 1844 1690 1 0.0625081 0.0625081 9 
-0.412849 -5 1.21467 0.174745 0.471617 -0.0903428 4.02747 22 231 4452 4450 1 0.636889 0.636889 59 
0.465599 1.7185 -5 0.0823607 0.11526 0.253365 4.04357 22 232 3863 3782 1 0 0 9 
-2.4372 -5 1.11229 -0.0962482 0.394687 0.598914 4.03337 22 233 1978 1839 1 3.50719 3.50719 84 
5 4.79357 -0.481842 -0.762586 -0.484868 2.45835 4.02486 22 234 2063 1993 1 13.7034 13.7034 159 
-5 -1.06114 1.23386 0.411358 -0.0739641 0.261338 4.056 22 235 2809 2807 1 10.601 10.601 104 
-1.18061 -4.58749 -5 0.0041147 0.832634 2.92605 3.99459 22 236 5681 5460 1 8.01841 8.01841 88 
-4.15694 -3.20583 -5 -0.00607358 0.375735 0.599215 4.0043 22 237 2610 2521 1 8.1571 8.1571 100 
1.81001 0.49188 -5 0.00668844 0.0702989 0.339215 3.99624 22 238 1383 1 1 0 0 4 
-3.84491 -1.35845 -5 -0.87885 1.31282 3.02278 4.00828 22 239 1385 1287 1 0 0 10 
2.41312 1.12128 -5 -0.105022 0.616254 1.4956 3.9958 22 240 5480 5273 1 7.87197 7.87197 87 
-4.60551 2.73819 -5 -0.117851 0.348111 0.732716 4.00834 22 241 12076 11994 1 0.0656167 0.0656167 9 
-2.45387 0.848189 -5 -0.00429786 0.104212 0.403685 3.99281 22 242 1747 1263 1 0.475891 0.475891 53 
3.44818 -0.962367 -5 0.117346 0.251186 0.945748 3.9967 22 243 6138 6100 1 4.89294 4.89294 20 
2.00736 -1.925 -5 -0.109741 1.54535 4.38994 3.99864 22 244 5850 5849 1 5.27362 5.27362 162 
1.88811 -5 -3.08112 -0.172277 0.215522 0.544952 4.02907 22 245 4426 3751 1 5.19046 5.19046 102 
0.339496 -5 0.206214 -0.761819 1.24757 1.47204 4.06208 22 246 1209 1127 1 3.39278 3.39278 21 
2.48246 -5 0.702102 -0.0188991 0.524716 0.202416 4.06775 22 247 1518 1378 1 6.71496 6.71496 132 
-0.506407 -5 -3.60643 0.122985 0.23454 0.163336 4.02014 22 248 3327 3301 1 0 0 8 
1.23314 -2.14569 -5 1.04475 0.91983 11.4274 3.99108 22 249 2728 2611 1 10.3691 10.3691 130 
-2.93379 -4.35213 -5 -0.130563 0.432769 1.08543 4.00497 22 250 51072 50869 1 0.46372 0.46372 3 
2.41219 -2.99495 -5 0.578921 4.6359 4.03244 4.01472 22 251 2840 2760 1 0 0 11 
-1.261 -3.19335 -5 0.130705 -0.0505608 0.396227 4.03926 22 252 3733 3732 1 1.07006 1.07006 22 
-3.73446 2.76921 -5 -0.287343 0.522905 1.0519 4.00413 22 253 1526 1 1 0.604992 0.604992 14 
0.840852 -5 -1.72109 0.076824 -0.505853 0.801799 4.01198 11 254 5471 5422 1 0.173812 0.173812 8 
0.314298 4.30102 -5 -0.15011 0.0130606 0.488279 4.00151 22 255 1591 1590 1 7.06194 7.06194 12 
2.33682 1.64245 -5 0.244766 1.12407 1.22703 4.01617 22 256 8685 8661 1 3.70469 3.70469 77 
-2.20954 -5 -4.51345 -0.426512 1.93331 0.5386 4.04823 22 257 5747 5674 1 0.344779 0.344779 5 
-5 -2.63177 -3.74938 0.209781 0.184632 -0.016857 4.05873 22 258 2551 2456 1 18.1692 18.1692 272 
-1.1249 -1.8381 -5 0.274856 0.219981 2.16354 3.98979 22 259 2352 2065 1 22.8288 22.8288 182 
3.80701 0.840481 -5 -0.10618 0.493669 0.078336 4.07224 22 260 22226 22225 1 1.00551 1.00551 33 
-1.66824 -2.40919 -5 -0.111788 0.430497 0.480842 3.99733 22 261 1475 1243 1 1.38611 1.38611 50 
3.04013 -5 1.68556 0.129577 0.23321 0.435824 4.11163 22 262 16794 16770 1 1.8314 1.8314 21 
2.40459 -4.48212 -5 -0.0335347 0.084535 3.14316 3.98644 22 263 2061 1 1 22.5136 22.5136 232 
2.68552 -5 -2.56187 -4.31135 3.21304 16.0267 3.99932 22 264 2830 2745 1 9.59251 9.59251 53 
1.9893 -5 1.81691 0.0698176 0.26859 0.0271599 4.05618 22 265 2080 1 1 4.78476 4.78476 135 
-1.28561 -5 -1.08943 0.0880922 0.484163 0.137643 4.03052 22 266 4065 4063 1 3.99082 3.99082 52 
-0.0152262 -5 2.13833 -0.0946489 0.288882 0.794021 4.04967 22 267 2595 2559 1 0 0 8 
0.761981 -5 1.26081 0.107767 0.0569874 2.71166 4.00728 22 268 1528 1076 1 22.5906 22.5906 268 
0.842783 -5 -1.08457 -0.033109 0.543232 0.788932 4.01717 22 269 2363 2301 1 10.9975 10.9975 119 
-5 -3.83989 -0.276597 0.675622 0.91185 3.54206 4.00934 22 270 2444 2400 1 3.07838 3.07838 16 
-3.51095 -5 0.256128 0.01919 0.150097 0.0040281 4.06702 22 271 4962 4929 1 0.710682 0.710682 58 
-2.69904 -5 3.82024 0.114907 0.493323 -0.0674476 4.0637 22 272 4566 4565 1 13.2178 13.2178 175 
-3.53103 2.72378 -5 0.404473 0.246858 0.191267 4.01664 22 273 1738 1715 1 14.1062 14.1062 95 
4.89824 -5 3.73862 0.229697 0.456776 1.23537 4.02407 22 274 6699 6671 1 0.232092 0.232092 19 
-3.94371 -5 1.06918 0.170944 0.310442 0.368135 4.01793 22 275 4384 4379 1 13.808 13.808 98 
-5 -2.54661 -3.26042 0.145714 0.31555 0.0506868 4.05177 22 276 4777 4776 1 1.48497 1.48497 27 
0.485015 1.16429 -5 -0.746237 0.474138 1.99223 4.00112 22 277 2572 2462 1 11.6623 11.6623 71 
2.53868 -5 0.849969 0.349662 1.20878 3.91709 4.01676 22 278 2110 1 1 0 0 8 
-3.79748 -5 -2.63089 -0.147903 0.275455 -0.11627 4.08613 22 279 6785 6756 1 1.53873 1.53873 40 
4.16588 -5 -4.49724 0.821217 1.24741 4.81308 4.00121 22 280 18074 17977 1 0 0 4 
-4.9922 -3.29851 -5 0.00770269 0.32872 0.153821 4.02015 22 281 4710 4483 1 5.13743 5.13743 97 
1.19496 0.193845 -5 0.187494 0.328965 0.129083 4.01256 22 282 5535 5407 1 5.05304 5.05304 126 
-1.52058 -5 4.54141 0.0295376 0.274067 0.319076 4.03663 22 283 5182 5022 1 3.52622 3.52622 23 
-5 -3.5287 3.47632 0.719715 0.229456 -0.170819 4.03756 22 284 11356 11355 1 12.3524 12.3524 57 
-1.00894 -5 4.45403 -0.0376403 0.278867 0.765358 4.02658 22 285 4133 4068 1 3.32224 3.32224 67 
2.61266 -4.18611 -5 0.508385 0.590983 0.240554 4.0563 22 286 6505 6504 1 0 0 9 
-3.25256 -5 4.87838 0.112164 1.15334 4.32744 4.0283 22 287 4701 4485 1 0 0 7 
-4.11773 -5 -1.1863 -0.0266065 0.326745 0.128777 4.08646 22 288 1579 1548 1 1.02371 1.02371 43 
-5 -4.82107 1.42433 0.0440011 0.149019 0.384706 4.19766 22 289 5859 5776 1 1.0416 1.0416 30 
-2.93293 -5 -4.6999 -0.127375 0.45176 -0.20201 4.07465 22 290 7157 7155 1 5.32617 5.32617 10 
4.12914 -0.167057 -5 -0.00565557 0.496655 0.998945 4.01413 22 291 2132 2005 1 2.76927 2.76927 48 
2.13187 -5 -0.839934 0.0769469 0.384422 0.664299 4.02084 22 292 1415 1369 1 5.99516 5.99516 149 
3.49815 -3.37078 -5 0.0141412 0.311836 0.468476 4.00812 22 293 8311 8191 1 0.303555 0.303555 53 
-3.35969 -5 -2.12683 0.356967 0.284273 0.249821 4.02139 22 294 2313 2073 1 17.2079 17.2079 192 
5 -0.138809 -3.33154 -1.0724 5.01453 8.63056 4.01357 22 295 9025 8959 1 0.661756 0.661756 13 
-0.563225 0.427287 -5 0.0101666 0.108544 0.421791 3.99339 22 296 1835 1792 1 3.73888 3.73888 94 
3.52017 -5 -0.804006 -0.17145 0.330737 0.129566 4.11492 22 297 1800 1751 1 1.00366 1.00366 122 
-4.30633 -3.71411 -5 0.214442 0.450369 0.110917 4.02745 22 298 1493 1492 1 9.08608 9.08608 75 
5 1.15453 4.62057 -0.167471 0.0888875 0.686197 4.03356 22 299 1056 1 1 0.72934 0.72934 31 
-2.06435 4.63787 -5 -1.34152 0.311076 1.18857 4.01064 22 300 4078 4012 1 5.08156 5.08156 19 
4.25769 0.417712 -5 -0.10303 0.323726 0.8947 3.99719 22 301 7531 7346 1 8.51829 8.51829 132 
-1.85532 -5 -2.98011 0.0899959 0.400284 0.304621 4.03504 22 302 2123 2122 1 0.855985 0.855985 16 
4.07026 -2.12418 -5 0.0212154 0.178958 0.152385 4.00048 22 303 4982 4902 1 4.46304 4.46304 128 
3.0034 -5 -4.62748 0.188884 0.325123 0.848137 3.99823 22 304 2595 2520 1 0.177479 0.177479 15 
5 -1.66494 3.08053 -0.0664602 0.246159 0.127288 4.03885 22 305 8527 8523 1 0.414335 0.414335 28 
-4.65663 3.12724 -5 -0.5891 0.849327 0.99189 4.01691 22 306 7836 7710 1 2.8625 2.8625 30 
3.85845 -5 3.19964 1.78804 -4.55633 4.67168 4.01609 -11 307 1149 1148 1 6.57004 6.57004 129 
0.633851 -5 1.14575 0.296493 0.23302 0.260943 4.09237 22 308 1399 1 1 0.0315213 0.0315213 11 
-0.195198 -0.158132 -5 0.0487923 0.301119 0.409959 4.0314 22 309 2622 2591 1 0.586591 0.586591 35 
0.152949 -1.0459 -5 0.0214424 0.270304 0.433123 4.0644 22 310 19838 19837 1 0.250285 0.250285 8 
2.20129 1.58452 -5 0.16855 0.417289 0.242035 4.06238 22 311 4302 4270 1 5.69037 5.69037 47 
3.24237 0.838923 -5 -0.0959492 1.58447 8.55555 3.99379 22 312 5046 4772 1 4.49835 4.49835 71 
-5 3.2105 0.327041 0.4852 0.00544849 -0.160221 4.06564 22 313 2094 2093 1 0.0845441 0.0845441 6 
3.93048 -5 2.07221 0.0527822 1.09451 1.20513 4.05259 22 314 2520 2072 1 0 0 4 
-4.49959 -0.896332 -5 -2.45524 2.4294 6.59865 3.99967 11 315 2412 1996 1 3.05406 3.05406 118 
5 3.50268 1.87475 -0.493937 0.130434 0.0115188 4.20605 22 316 2001 2000 1 6.53957 6.53957 92 
4.65934 -2.77712 -5 0.027339 4.54561 35.5974 3.98807 22 317 4250 3957 1 6.64024 6.64024 123 
2.80032 -3.87525 -5 0.0494405 0.470117 0.323058 4.02251 22 318 9587 9583 1 0.530021 0.530021 35 
4.31378 4.07566 -5 0.0417749 -0.0135229 0.331458 4.00001 22 319 9762 9641 1 1.35196 1.35196 74 
4.65891 -0.210431 -5 0.00246631 0.0831588 0.17865 3.99967 22 320 1117 1 1 1.11017 1.11017 72 
-4.77244 4.82593 -5 3.40904 -0.220067 6.06758 4.0182 22 321 1001 1 1 13.9714 13.9714 98 
-4.86993 -5 1.60546 0.00643251 0.0994994 0.488989 4.03698 22 322 6758 6757 1 0 0 9 
3.63829 -1.52592 -5 -0.121211 0.0387565 0.40637 4.01958 22 323 1126 1093 1 1.93213 1.93213 62 
2.00681 4.41174 -5 0.176354 0.273241 0.433738 4.03767 22 324 2236 2107 1 0 0 6 
2.68245 -5 2.47199 0.224616 0.589622 0.24455 4.0581 22 325 3440 3422 1 0.532951 0.532951 38 
5 -3.69869 -1.89901 -0.728084 1.01837 1.1171 4.1521 22 326 1770 1769 1 28.1981 28.1981 209 
-3.4456 -1.08056 -5 -0.0629048 0.579613 2.50661 3.9938 22 327 8647 7968 1 0.467371 0.467371 39 
0.934301 -5 -4.87943 -0.173718 0.422172 0.229592 4.02973 22 328 1177 1176 1 1.98154 1.98154 51 
3.67954 5 -3.98735 -1.19241 -0.472475 -1.98214 4.0924 -11 329 6873 6872 1 9.46023 9.46023 82 
0.241507 -5 -3.85972 0.0347824 0.0667519 0.393299 3.99284 22 330 1088 1 1 20.6159 20.6159 177 
1.28368 3.19246 -5 -0.0742035 -0.0186477 0.198239 4.15156 22 331 3101 3100 1 4.4627 4.4627 79 
3.62488 -2.94731 -5 0.758977 -0.150461 5.39606 3.98995 22 332 2517 2272 1 46.7308 46.7308 389 
-0.16689 -4.83713 -5 0.178272 0.160955 0.415514 3.99961 22 333 5202 5104 1 5.21078 5.21078 109 
0.250058 -5 -1.7787 0.197205 0.299537 0.212453 4.02036 22 334 4808 4807 1 4.08814 4.08814 72 
-3.48508 4.10544 -5 -3.04128 2.86616 9.39638 4.0063 22 335 3267 3266 1 4.36196 4.36196 91 
5 3.89386 0.587219 -1.13451 -0.290598 -0.121273 4.03834 11 336 1 0 1 52.2668 52.2668 477 
-1.37203 -5 -2.36608 -0.583437 2.25245 0.773603 4.0428 22 337 9532 9518 1 2.82697 2.82697 93 
-0.902187 -3.49037 -5 0.273269 2.48475 9.98732 3.9899 22 338 4122 3759 1 20.5429 20.5429 132 
0.291004 -2.51972 -5 -2.92863 6.47795 9.76523 3.99586 -11 339 6564 6563 1 25.8899 25.8899 205 
-2.78282 -5 -0.297571 0.0857156 3.03729 8.54246 4.01127 22 340 3664 3496 1 0 0 11 
0.806455 -5 -0.736189 -1.81157 3.23174 -0.257683 4.03326 -11 341 2840 2839 1 0.515735 0.515735 19 
3.6819 -1.9421 -5 -0.00140595 -0.00206759 0.488744 3.99808 22 342 1600 1 1 0 0 6 
2.89597 -5 3.81007 -0.0925793 0.614968 0.364847 4.07549 22 343 9800 9666 1 0 0 3 
2.89737 -5 -1.3295 -0.0839021 0.263796 -0.0923632 4.06317 22 344 2700 2610 1 1.04294 1.04294 13 
3.51844 -4.54263 -5 0.0020787 0.0926741 0.744567 3.98971 22 345 10095 9112 1 0.594091 0.594091 51 
1.29955 -5 -1.87785 -1.23985 -3.42527 -0.185387 4.02458 -11 346 4298 4297 1 0.515774 0.515774 53 
1.86031 -3.86952 -5 7.22001 17.8056 45.9937 3.99784 -11 347 13412 13411 1 10.1798 10.1798 124 
3.229 -5 -0.402995 -0.252693 0.443585 -0.0223226 4.03762 22 348 3816 3814 1 3.44052 3.44052 110 
1.68162 5 -0.86026 -0.266305 -0.303276 0.313408 4.08019 22 349 3947 3943 1 24.104 24.104 194 
1.4732 -5 -2.24129 -0.186232 0.474895 0.0302018 4.06126 22 350 2071 2070 1 0.457215 0.457215 39 
2.4086 -4.55335 -5 0.00597496 0.166247 3.73665 3.9864 22 351 1347 1 1 35.8719 35.8719 230 
-4.75374 4.66425 -5 -0.284288 0.35 0.240416 4.04901 22 352 3567 3566 1 1.23217 1.23217 59 
-0.444272 4.1105 -5 -0.0672466 0.213403 0.870452 4.01278 22 353 6039 5892 1 0.67788 0.67788 9 
-4.99536 -5 -4.4853 -1.64733 1.67399 2.7601 4.01132 22 354 4408 4300 1 0.502866 0.502866 36 
3.84158 -5 -0.399584 0.158077 0.918027 0.54749 4.01587 11 355 2183 2157 1 1.0035 1.0035 41 
-2.06724 1.95961 -5 -0.0115439 0.268311 0.250051 4.01396 22 356 2147 1530 1 0 0 6 
-0.362434 -5 3.06498 -0.153982 0.115901 0.0409484 4.0765 22 357 6777 6770 1 0.510649 0.510649 31 
0.992158 -0.61324 -5 2.68761 -4.06367 11.3362 3.99397 -11 358 4723 4722 1 5.77556 5.77556 77 
-4.38394 -5 4.72866 -0.292697 0.3764 0.0412883 4.05596 22 359 1321 1217 1 1.8612 1.8612 38 
-1.97934 4.78844 -5 -0.0425475 1.17869 2.11103 4.01028 22 360 4142 4045 1 0.130027 0.130027 10 
1.05162 -0.698954 -5 0.571601 4.13142 -4.75954 3.99698 11 361 3003 2822 1 45.4043 45.4043 417 
3.39933 -5 2.18322 0.284041 1.05093 1.89821 4.02716 22 362 1794 1 1 8.59269 8.59269 82 
-3.66422 -5 0.282626 0.0476056 0.502882 -0.0772249 4.03039 22 363 1913 1912 1 7.25592 7.25592 59 
-3.03558 -5 4.67508 -0.222342 0.432793 0.156124 4.08082 22 364 1804 1803 1 12.2852 12.2852 127 
4.78848 -5 -1.3342 0.0733414 0.245889 0.00138046 4.09344 22 365 1969 1903 1 0.0935765 0.0935765 18 
1.99345 -5 4.13938 0.0864006 0.480297 0.151557 4.11531 22 366 3649 3598 1 0.884302 0.884302 46 
2.97993 -5 -0.963324 3.18173 9.02025 17.0522 4.00737 -11 367 3431 3430 1 4.97533 4.97533 70 
3.3876 -0.631619 -5 -0.0150237 0.248078 1.01167 3.995 22 368 2412 2213 1 0.292718 0.292718 24 
-4.86083 -5 1.69614 -0.928279 2.32957 1.81143 4.04253 22 369 2404 2390 1 0 0 6 
-0.157244 5 -1.93166 -0.17299 -0.0394498 -0.124814 4.09647 22 370 18263 18170 1 0.492853 0.492853 40 
1.66183 -5 0.959239 0.116991 0.434142 0.242803 4.04168 22 371 6600 6574 1 14.3847 14.3847 157 
1.26007 -3.41107 -5 0.642968 1.54622 4.95095 3.99678 22 372 16812 16651 1 1.14178 1.14178 34 
-3.57864 -2.72484 -5 0.0314118 0.387343 0.331811 4.07246 22 373 4343 4342 1 0 0 9 
3.6771 -4.32185 -5 -5.39207 5.86507 2.86114 4.0041 11 374 2325 2291 1 4.47996 4.47996 63 
2.00153 -5 4.3226 -0.0631301 0.240138 0.251465 4.04279 22 375 1670 1669 1 7.12457 7.12457 49 
-2.40755 1.83831 -5 -0.179704 0.623632 2.0603 4.00017 22 376 15469 15308 1 0.124034 0.124034 34 
-0.709244 -5 3.58703 0.181068 0.398488 0.0995751 4.11762 22 377 1678 1 1 0 0 4 
-0.863874 -5 -4.09223 -0.154122 0.474202 -0.111796 4.06241 22 378 12362 12358 1 4.77829 4.77829 114 
-3.3378 -0.671125 -5 0.576113 0.545541 1.71563 3.99462 22 379 1600 1473 1 15.484 15.484 301 
0.656513 -4.43209 -5 -0.00458609 -0.285418 0.423834 4.06125 22 380 3995 3994 1 5.06654 5.06654 87 
-3.71816 -0.440009 -5 0.0351482 0.110609 1.05076 3.98841 22 381 1629 1 1 12.4007 12.4007 105 
-3.77921 -3.03844 -5 3.79966 -1.25085 3.61247 4.00504 11 382 1463 1339 1 4.12538 4.12538 64 
1.02645 -5 0.722135 -0.085024 0.252717 0.0413279 4.05234 22 383 1517 1482 1 4.48951 4.48951 66 
4.5077 -5 -1.96461 0.019882 0.219151 -0.0715069 4.0502 22 384 5807 5482 1 0 0 1 
-0.140331 -1.2592 -5 0.0753296 0.28808 0.334228 4.02826 22 385 4188 4097 1 0 0 3 
-5 4.69929 -0.562666 0.00586982 0.0729509 0.505731 4.01937 22 386 1075 1074 1 17.9567 17.9567 135 
-1.51018 4.46371 -5 0.171688 1.28963 0.155414 4.0728 22 387 2335 2291 1 0.193242 0.193242 18 
-1.66785 -3.5799 -5 3.89722 -22.8991 47.4543 3.99158 11 388 1 0 1 51.4956 51.4956 624 
-3.73169 -4.20414 -5 0.355861 4.49239 8.2965 4.0007 22 389 9668 9659 1 3.06097 3.06097 26 
-4.53977 -5 1.5205 -0.12313 0.328545 0.642072 4.02677 22 390 2327 2143 1 0 0 6 
1.70739 -3.95284 -5 0.33183 0.772948 0.48825 4.01092 22 391 3386 3346 1 7.76402 7.76402 62 
3.01191 -5 4.1037 0.0464084 0.16033 0.177577 4.08117 22 392 6083 6082 1 4.65408 4.65408 109 
0.33961 -2.84584 -5 -0.0354231 0.320076 1.23061 4.00091 22 393 5634 5633 1 0 0 3 
-3.59186 4.74058 -5 -0.00743033 0.329679 0.763696 4.00536 22 394 2619 2436 1 0 0 5 
-3.84807 -5 -4.18819 0.135194 0.199867 0.0662155 4.04224 22 395 1777 1754 1 2.83674 2.83674 37 
-4.6561 4.16586 -5 -0.0517219 0.325352 0.178671 4.05047 22 396 3096 3054 1 0.384455 0.384455 30 
3.71747 -5 0.314321 -0.140425 12.5667 36.6178 4.01109 22 397 1019 1 1 4.6034 4.6034 49 
-4.04704 -0.937704 -5 -0.225717 0.419817 2.94981 3.99041 22 398 2527 2265 1 8.51797 8.51797 148 
3.41572 -5 -1.7024 0.0143305 0.494875 0.126543 4.12163 22 399 4457 4456 1 3.76244 3.76244 71 
-2.58778 -5 3.04776 -1.03795 1.4746 1.14706 4.02754 22 400 2389 2341 1 13.2301 13.2301 114 
-2.2741 1.15024 -5 -0.0523064 0.756866 3.06521 3.99427 22 401 2782 2654 1 19.0895 19.0895 230 
0.828575 -5 0.246825 0.128837 0.293118 0.309473 4.05387 22 402 3463 3461 1 0.958946 0.958946 11 
3.3654 -0.525692 -5 -0.281104 0.347233 0.248051 4.01344 22 403 1372 1371 1 15.8511 15.8511 224 
4.70683 -0.525397 -5 0.151004 0.569849 0.14134 4.0368 22 404 1205 1 1 4.85881 4.85881 55 
5 3.0969 -0.880829 -0.213169 -0.107231 0.282002 4.14616 22 405 17119 17118 1 0.368991 0.368991 28 
2.28514 -5 -3.95145 -0.0242523 1.03794 1.56311 4.01117 22 406 8128 8052 1 0 0 5 
-1.38115 -5 3.65055 0.536296 0.376338 0.305307 4.06816 -11 407 9121 9120 1 0.374199 0.374199 12 
-1.62286 5 -3.04927 -0.0402923 -0.133095 0.353474 4.06969 22 408 1290 1244 1 13.4438 13.4438 226 
0.0945197 2.54568 -5 0.0615143 0.196333 0.898623 3.99216 22 409 2310 2130 1 4.17661 4.17661 69 
1.02142 -5 1.2878 1.46956 2.86414 2.57084 4.01746 11 410 2854 2849 1 6.1928 6.1928 71 
-0.95991 -5 -4.1326 -0.0194023 0.79577 0.757514 4.01584 22 411 2420 2331 1 0.925658 0.925658 13 
-2.18611 -0.737507 -5 0.0413264 0.293372 0.942884 3.99842 22 412 6671 6440 1 0.372224 0.372224 11 
0.70572 -5 3.40261 0.00314313 0.0469283 0.157731 4.01795 22 413 4770 4731 1 9.63454 9.63454 106 
-4.33211 -5 1.88656 0.307452 0.402165 0.0696854 4.03535 22 414 2828 2827 1 0.379889 0.379889 33 
4.84796 -5 3.60625 0.129201 0.489432 0.0698796 4.0971 22 415 3593 3592 1 0.522303 0.522303 33 
-4.24886 2.55965 -5 -0.200751 0.151556 0.324348 4.03094 22 416 16675 16620 1 0.779259 0.779259 7 
1.65637 -3.32986 -5 0.460423 0.780163 5.23162 3.99095 22 417 1928 1804 1 8.34983 8.34983 89 
0.0756486 -5 -3.99618 1.26254 3.8305 5.1226 4.02448 22 418 2113 2082 1 0.450179 0.450179 40 
-1.85874 -5 3.80393 0.0471978 0.283456 0.0290305 4.07838 22 419 1383 1382 1 3.24959 3.24959 67 
1.73809 -3.06015 -5 0.0343822 0.0656171 0.822847 3.98805 22 420 2172 1567 1 12.2633 12.2633 193 
-2.85355 2.59425 -5 -0.446716 0.352205 0.702749 4.01735 22 421 4719 4276 1 0.976797 0.976797 13 
3.21598 -2.67851 -5 -0.390782 1.4807 5.13652 3.9943 22 422 2037 1706 1 2.96368 2.96368 14 
-3.55756 -5 1.42716 -0.203208 0.292115 -0.0812563 4.08804 22 423 1111 1087 1 2.69979 2.69979 48 
4.13604 -4.45938 -5 -0.109062 0.223582 0.0866732 4.02608 22 424 3377 3376 1 0.639683 0.639683 32 
2.23636 -5 2.49878 0.0297987 0.242206 0.448964 4.03808 22 425 4546 4545 1 5.03588 5.03588 87 
1.8448 -4.09063 -5 0.486628 0.339579 1.24234 4.00897 22 426 2093 2063 1 7.55595 7.55595 140 
1.13408 0.844899 -5 -0.0769851 0.665998 0.861931 4.01333 22 427 3786 3713 1 5.22554 5.22554 46 
4.34691 -3.56425 -5 0.422956 1.13622 0.251857 4.05175 22 428 9571 9516 1 0 0 7 
0.209914 -1.57764 -5 3.16159 0.953468 3.37342 4.01908 22 429 3208 3207 1 0 0 3 
5 -1.65606 -4.80918 -0.16051 0.036695 -0.00290543 4.1007 22 430 1475 1473 1 0.164301 0.164301 24 
-0.846466 2.24346 -5 -0.021082 0.917825 2.74995 3.99757 22 431 3482 3294 1 1.24625 1.24625 42 
3.61581 -5 -3.39298 -0.327473 1.11141 4.32024 4.00137 22 432 7622 7389 1 0.421116 0.421116 12 
-5 -0.481424 -1.35426 0.265405 0.614699 0.579772 4.00795 22 433 3496 3338 1 0.494005 0.494005 45 
-4.75689 -4.66434 -5 -0.953569 6.16699 17.6909 3.99678 22 434 9443 9373 1 7.06177 7.06177 79 
-5 0.179709 0.166157 0.290349 0.427288 0.150176 4.04501 22 435 1547 1521 1 1.50107 1.50107 16 
-0.471952 5 2.99052 -0.322953 -0.127889 0.298531 4.06455 22 436 7101 7026 1 1.29853 1.29853 68 
2.10342 -5 3.28257 0.0328814 0.0872685 -0.0237987 4.06894 22 437 2622 2598 1 3.34065 3.34065 63 
1.00726 -4.68131 -5 -0.0523085 0.235006 1.11857 3.99061 22 438 6477 6272 1 4.91486 4.91486 66 
-2.0167 -5 0.163701 -0.085474 0.197177 0.463611 4.03851 22 439 3697 3658 1 1.29373 1.29373 20 
5 -4.56742 -2.13716 -0.130644 0.201265 0.524253 4.01516 22 440 1762 1638 1 0.153117 0.153117 12 
3.10376 0.850429 -5 0.0686895 0.155246 0.294339 4.00672 22 441 1261 1219 1 7.29 7.29 66 
1.41962 -5 -1.01429 0.193892 0.0550497 0.386113 4.0172 22 442 3958 3778 1 0.215987 0.215987 29 
-3.17079 -5 -4.99698 0.791177 1.55644 9.82376 3.99157 22 443 6659 6302 1 0 0 12 
-3.74672 -5 -2.03973 -0.148634 0.18466 0.45269 4.01953 22 444 10621 10620 1 0 0 4 
-4.69542 -5 2.89167 0.150941 0.610327 1.4986 4.02944 22 445 7155 6988 1 0 0 7 
1.95539 -1.06276 -5 0.137546 0.393715 0.416479 4.02488 22 446 2640 2580 1 3.03026 3.03026 63 
-1.4667 -5 3.9192 0.3984 0.32302 1.49381 4.02186 22 447 1957 1737 1 17.0242 17.0242 149 
1.33096 -5 1.70206 0.052193 0.267712 0.455286 4.02292 22 448 3279 3174 1 0.320387 0.320387 31 
-1.82868 0.186127 -5 0.570198 1.81866 2.94662 4.01533 22 449 2493 2428 1 0.528126 0.528126 10 
-2.76193 3.55554 -5 -0.211247 1.53767 1.5673 4.03093 22 450 2323 2152 1 0 0 12 
5 -1.81457 3.0756 -0.109071 0.0297053 0.154164 4.03662 22 451 3637 3636 1 0 0 9 
3.93668 0.408172 -5 -0.199683 1.04727 12.4648 3.98775 22 452 4485 4137 1 25.5004 25.5004 200 
-0.703388 -5 1.72843 -0.224077 2.50479 3.42767 4.02519 22 453 1803 1743 1 0.529518 0.529518 40 
-0.405329 -5 1.10559 0.0203352 0.0117656 -0.0177616 4.03289 22 454 2852 2844 1 20.8991 20.8991 128 
-4.37477 -3.65362 -5 -0.50334 0.278624 0.76453 4.00404 22 455 4364 4080 1 0.81366 0.81366 6 
-1.04933 2.78629 -5 -0.0847774 0.300012 1.50788 3.99224 22 456 1222 1 1 8.51669 8.51669 148 
3.61592 2.43152 -5 -0.0521606 0.122782 0.763013 3.99318 22 457 5583 5051 1 1.10425 1.10425 54 
-0.973963 -5 -4.18558 0.167273 0.312205 0.368331 4.05627 22 458 7822 7821 1 0.0851613 0.0851613 15 
-0.0262832 -0.107423 -5 0.563903 2.22536 5.11693 3.99599 22 459 2040 2039 1 14.6495 14.6495 149 
-1.26882 -5 -1.71927 14.7113 13.4077 86.3008 4.00394 -11 460 6225 6224 1 4.79764 4.79764 105 
-0.921266 -5 -4.89238 -0.128412 1.39282 1.51953 4.00432 22 461 6667 6481 1 2.28658 2.28658 37 
2.06838 -4.8676 -5 0.143547 0.0895295 0.355304 4.00293 22 462 3800 3764 1 1.40559 1.40559 36 
-3.9063 4.32699 -5 -0.0873886 0.234987 0.853897 3.99712 22 463 2280 2253 1 0.791814 0.791814 72 
0.162466 -5 -2.84588 0.497064 1.43598 5.11224 4.00446 22 464 4142 4029 1 1.01673 1.01673 38 
-3.06692 1.46258 -5 -0.0776783 0.189999 0.402599 3.99926 22 465 1601 1600 1 30.5997 30.5997 455 
-2.81436 -3.84827 -5 -0.0657424 4.48569 2.53842 3.99425 11 466 2809 2808 1 7.7665 7.7665 174 
-1.73607 -2.45154 -5 0.244812 0.302891 1.89577 3.99776 22 467 1264 1263 1 1.69043 1.69043 52 
-3.48755 -3.14655 -5 -0.389745 1.64471 8.97485 3.99076 22 468 3325 3193 1 7.41219 7.41219 95 
-2.319 3.29959 -5 0.141202 0.406288 0.270161 4.00343 22 469 1174 1 1 2.23529 2.23529 20 
-1.15659 -2.40038 -5 -0.0409727 0.333196 0.372166 4.01842 22 470 9753 9719 1 0.0317331 0.0317331 10 
-5 1.24059 0.267138 0.0423828 -0.175695 0.893104 4.01364 22 471 4058 4031 1 2.79371 2.79371 92 
5 -1.83834 -4.18952 -0.166278 -0.127627 0.0445304 4.05475 22 472 4511 4353 1 1.02283 1.02283 43 
3.46017 -1.14139 -5 -0.718841 3.97409 11.0604 3.99699 22 473 13708 13434 1 0.131435 0.131435 16 
3.89369 -2.68061 -5 -0.693395 1.94489 9.77033 3.99268 22 474 12496 12372 1 1.42637 1.42637 12 
-5 -1.1677 -4.1374 0.290585 -0.0834565 0.211426 4.00699 22 475 2762 2761 1 18.7268 18.7268 223 
2.31637 -3.59279 -5 -0.000794223 0.274798 0.944033 3.99618 22 476 8439 8303 1 1.0604 1.0604 8 
2.58008 -5 -0.224242 0.224004 0.351762 0.00819511 4.02367 22 477 3614 3381 1 15.1016 15.1016 224 
-5 4.94729 3.71188 0.26937 0.333512 1.97813 4.02226 22 478 1312 1311 1 10.8373 10.8373 113 
-2.60198 -5 -1.96295 -0.0159616 0.271632 0.00172938 4.08939 22 479 1713 1712 1 1.14576 1.14576 29 
2.99326 -5 0.286862 -0.0547276 0.115458 0.287884 4.0149 22 480 1289 1040 1 1.35706 1.35706 30 
-4.66324 -3.36544 -5 0.0159303 0.158558 0.354872 3.99459 22 481 9364 9315 1 3.44742 3.44742 28 
5 -3.18452 -1.85075 -0.38389 0.193079 6.22413 3.99789 22 482 2396 1 1 11.8743 11.8743 121 
5 1.16624 -3.94119 -0.22418 0.17159 0.169794 4.05854 22 483 32016 31933 1 0 0 1 
2.15623 -2.72475 -5 0.224909 0.260471 0.611275 4.00543 22 484 1208 1026 1 0.373476 0.373476 26 
-3.40873 0.257013 -5 0.0409264 2.95192 10.3531 3.99801 22 485 14420 14372 1 0 0 5 
-4.33865 -5 -2.02038 0.96295 3.22764 0.462728 3.99958 11 486 1710 1707 1 19.6742 19.6742 178 
-1.1406 -5 2.18357 -10.2797 -0.00572804 5.81333 4.04892 11 487 4706 4644 1 7.73705 7.73705 49 
-0.743742 -5 -3.14975 0.0170387 0.173866 -0.031738 4.1154 22 488 2480 1 1 0.617708 0.617708 53 
2.77106 -5 1.94396 -0.142805 0.604214 0.269571 4.03343 22 489 4746 4745 1 10.8811 10.8811 171 
2.58232 -0.912704 -5 -0.840424 2.37481 5.18798 3.99582 22 490 11164 11008 1 0 0 1 
4.27504 -5 -3.99491 0.832648 2.95411 6.1204 4.01297 22 491 5592 5472 1 0.201538 0.201538 21 
-2.60789 4.5526 -5 -0.0807866 0.394584 0.158649 4.06242 22 492 3673 3670 1 0.242179 0.242179 9 
-1.84871 -2.65703 -5 -0.127752 0.357372 1.29342 3.99377 22 493 10356 10317 1 0.725808 0.725808 22 
-0.762033 -5 1.33028 -0.042383 0.40496 0.177121 4.05922 22 494 3020 2819 1 1.01414 1.01414 62 
-5 -2.47201 2.83439 2.55153 4.2211 -3.60264 4.02382 11 495 7976 7883 1 2.27107 2.27107 60 
2.52673 -3.54508 -5 -0.0550131 0.972814 1.40766 4.01081 22 496 14466 12949 1 3.62758 3.62758 31 
-1.7294 -0.77284 -5 -0.32346 0.286379 4.53828 3.98814 22 497 4520 4316 1 5.24002 5.24002 46 
1.20969 -4.84756 -5 -0.119832 0.303164 0.190852 4.03318 22 498 2057 2056 1 0.0463654 0.0463654 13 
5 -3.13698 -2.95778 -0.315067 0.399908 -0.0438928 4.0327 22 499 1604 1581 1 5.882 5.882 62 
-5 -3.6863 1.47377 0.347903 0.218993 0.303521 4.16341 22 500 5058 5057 1 0.996167 0.996167 64 
4.87464 -5 0.767718 -0.543493 0.442112 1.49026 4.0109 22 501 3365 1 1 49.6427 49.6427 471 
4.87193 -5 -3.05775 0.0413122 0.117309 0.2062 4.09769 22 502 1086 1085 1 2.99959 2.99959 15 
-1.44747 -5 4.67394 -0.105963 0.368734 0.418408 4.04726 22 503 1237 1 1 12.9339 12.9339 104 
-2.97048 -5 1.54191 -0.456402 2.72281 6.83192 4.01617 22 504 2566 2424 1 1.96061 1.96061 117 
-0.785155 -5 1.29463 -3.35826 2.05663 0.377827 4.10437 22 505 1964 1963 1 1.09737 1.09737 32 
-1.19931 0.558885 -5 0.362053 6.5698 11.5734 4.00704 22 506 7118 7117 1 0 0 9 
-3.6517 -5 -0.505897 0.162544 0.0885609 0.224183 4.03506 22 507 3998 3882 1 0.254914 0.254914 16 
0.238364 -5 0.115365 -0.0618592 0.34185 0.207808 4.05161 22 508 4106 4068 1 0.474106 0.474106 15 
0.232195 -5 4.64017 1.06757 3.65647 8.22911 4.02855 22 509 1812 1745 1 1.41448 1.41448 29 
-0.981308 -0.121732 -5 -0.0112536 0.417889 0.899056 5.00193 22 510 2326 2260 1 3.06716 3.06716 24 
5 -4.59202 -1.28722 -0.25508 0.200425 -0.0227477 4.11326 22 511 1797 1761 1 0.00550108 0.00550108 14 
-3.56702 -5 -2.39163 1.02488 1.12059 -1.17789 4.09516 22 512 1315 1283 1 0.969773 0.969773 9 
-5 -4.38732 -4.54744 0.167421 0.408653 1.26731 4.00029 22 513 1156 1 1 17.0584 17.0584 165 
-1.31116 1.09427 -5 -0.00761736 0.485725 0.544809 4.0093 22 514 1132 1025 1 5.66119 5.66119 133 
-4.63618 -4.08072 -5 -0.562692 0.280644 1.41599 4.01331 22 515 1680 1679 1 0.00756653 0.00756653 9 
5 -3.40494 4.75663 -5.63024 4.3394 22.0827 4.02533 22 516 4093 4092 1 20.4918 20.4918 254 
3.70705 -4.05882 -5 -0.198665 1.33372 2.4772 4.00317 22 517 2656 1 1 1.18286 1.18286 81 
2.90954 -3.13103 -5 -0.612579 0.830622 0.461716 4.02632 22 518 21932 21912 1 0 0 11 
5 1.20572 -1.61774 -1.22265 1.35129 13.083 4.00704 11 519 1 0 1 45.6295 45.6295 412 
0.376286 -2.88369 -5 0.048982 0.353136 0.640726 4.00172 22 520 1807 1717 1 0.738901 0.738901 45 
5 1.47236 -2.51265 -0.498971 -0.0995733 0.0472532 4.03876 22 521 3814 3778 1 0.528226 0.528226 23 
3.32614 -5 -3.50787 -0.139173 0.937065 0.404271 4.0348 22 522 14850 14833 1 0.120885 0.120885 35 
-4.57137 -5 -3.39524 0.115604 0.408855 0.283889 4.03784 22 523 6691 6690 1 0.510765 0.510765 31 
2.6484 1.41834 -5 -0.340645 -2.46119 1.75966 3.99058 11 524 1725 1701 1 23.6959 23.6959 164 
4.64806 -3.94504 -5 0.53725 6.37029 10.5196 4.01379 22 525 13696 13594 1 1.94588 1.94588 13 
-5 -4.54632 3.65426 0.180896 0.0463779 0.226387 4.04436 22 526 2193 2096 1 1.22694 1.22694 54 
-1.19894 -3.61309 -5 -2.49503 2.66941 16.5222 3.99054 22 527 2451 2163 1 3.15266 3.15266 31 
4.60547 -5 -0.36539 -0.0512335 0.431878 1.55516 4.01011 22 528 14347 13962 1 0 0 7 
4.88569 3.21689 -5 -0.0197867 0.488022 0.178649 4.04128 22 529 2891 2807 1 1.33299 1.33299 12 
2.3262 -0.734446 -5 -0.290778 4.47818 16.3946 3.99621 22 530 10635 10604 1 0.335252 0.335252 36 
-0.109535 -1.95008 -5 0.2284 -0.290129 0.0907979 4.0166 22 531 3207 3126 1 0.340815 0.340815 22 
4.91116 -5 0.091024 -1.24296 1.93291 1.07432 4.03953 22 532 4209 4203 1 0.385009 0.385009 66 
-4.89131 4.32549 -5 -0.14174 0.192733 0.672286 3.9954 22 533 5716 5683 1 9.51334 9.51334 100 
-0.369836 -5 -0.318286 -0.057759 0.483148 0.156051 4.04752 22 534 19607 19606 1 0.493209 0.493209 40 
-0.933661 -3.78853 -5 0.790158 4.00926 1.18609 5.0792 22 535 5699 5647 1 3.73725 3.73725 38 
4.86449 -0.697687 -5 0.0989145 0.468922 0.413943 4.02509 22 536 4816 4528 1 0.478132 0.478132 56 
0.211932 4.42957 -5 0.0673034 2.19762 1.421 4.02517 22 537 12165 12100 1 0.697732 0.697732 18 
-1.71443 -4.03127 -5 0.616677 0.415774 0.884114 4.00517 22 538 2048 1954 1 7.70389 7.70389 19 
3.89092 3.4264 -5 0.206091 0.0528046 0.106398 4.04022 22 539 9076 8720 1 0.0488183 0.0488183 6 
-4.25286 -5 -4.0273 0.120852 1.23026 4.78276 3.99516 22 540 3861 3697 1 2.85036 2.85036 66 
5 2.68373 -2.62836 -4.33045 6.58111 0.320914 4.02936 11 541 2430 2429 1 1.44672 1.44672 16 
-2.26271 -5 1.14166 -1.70993 4.18828 7.98393 4.01593 22 542 11195 11128 1 18.8862 18.8862 146 
1.60983 3.14094 -5 0.00937776 0.174993 0.310988 4.00018 22 543 2121 1941 1 2.01016 2.01016 55 
-5 4.4287 1.9761 0.503172 0.3698 -0.570821 4.07487 22 544 3571 3570 1 0 0 6 
-1.08161 -5 -2.93719 0.0759919 1.35807 2.44152 4.00693 22 545 2289 2191 1 0.717641 0.717641 29 
1.85054 0.714343 -5 0.345135 0.736847 3.93508 3.99612 22 546 1003 1 1 0.0156542 0.0156542 6 
3.46231 1.62216 -5 0.282262 0.00995761 0.153557 4.06994 22 547 7591 7518 1 0 0 5 
0.436348 -5 3.14555 0.000269443 0.224948 1.27204 4.0189 22 548 1332 1251 1 0.892014 0.892014 12 
0.537575 -4.7075 -5 5.49054 11.3835 30.8529 3.98773 11 549 1174 1173 1 25.4683 25.4683 188 
-0.39141 -5 3.36179 -0.0538054 0.507608 0.0236496 4.05447 22 550 3681 3657 1 6.58009 6.58009 113 
3.27096 -5 -4.55549 -0.363709 0.106537 -0.288998 4.06176 22 551 10208 10206 1 7.82083 7.82083 58 
-2.48577 -2.25898 -5 -2.64641 4.35515 26.3598 3.99177 22 552 8536 8385 1 3.7274 3.7274 60 
2.62844 -1.49883 -5 0.00199361 0.16409 1.00818 3.98884 22 553 7216 6855 1 0.43255 0.43255 72 
-3.89554 -5 2.83734 0.332796 0.997276 1.17356 4.0401 22 554 8200 8175 1 0 0 1 
-1.17943 -5 -4.3881 -0.000417825 0.431635 0.198977 4.00806 22 555 2694 2341 1 1.03012 1.03012 32 
-2.39913 -5 3.86843 -0.202384 0.394245 0.190931 4.02208 22 556 1278 1277 1 0.640246 0.640246 72 
-1.19791 -5 -3.93492 0.0579663 0.627224 0.316292 4.06149 22 557 4285 4240 1 0.0259301 0.0259301 3 
5 -4.75911 3.72798 -0.343801 0.0262406 0.377137 4.09234 22 558 2378 2377 1 7.14631 7.14631 156 
-0.912544 -5 0.513551 -0.167738 0.360523 0.742074 4.02748 22 559 1251 1 1 10.173 10.173 133 
-0.00484355 1.67785 -5 0.0295474 0.4232 2.23292 3.9926 22 560 12533 12300 1 1.88501 1.88501 5 
-0.0420761 -3.89798 -5 0.2377 0.133525 0.410202 4.02305 22 561 7116 7115 1 0 0 8 
3.60933 -4.45726 -5 1.63089 2.44072 11.3418 3.99327 22 562 3277 3212 1 6.60397 6.60397 124 
-2.59854 1.15382 -5 -0.0400415 0.351561 1.03341 3.99745 22 563 4580 4519 1 11.9813 11.9813 73 
-3.84237 -5 -3.63114 -2.18377 1.5049 8.47311 3.99772 22 564 5926 5923 1 3.26414 3.26414 41 
1.78343 -5 -3.85163 0.391919 0.605888 1.08526 4.00673 22 565 1138 1093 1 3.49857 3.49857 43 
-4.63222 -5 -3.22987 -1.31446 1.76572 0.206555 3.99712 11 566 5642 5641 1 1.332 1.332 51 
1.82183 -5 -2.9579 0.0618034 0.376092 0.340375 4.02538 22 567 2581 2580 1 18.579 18.579 208 
-0.557406 -3.49582 -5 -0.509417 5.9237 18.945 3.99591 22 568 10414 10362 1 1.36582 1.36582 13 
1.99436 -5 -1.37115 -0.580753 2.61864 0.141112 4.1587 22 569 3597 3595 1 0 0 6 
3.94902 3.90178 -5 -0.038548 0.389088 1.60031 3.99994 22 570 3796 3364 1 1.01045 1.01045 77 
4.45663 -5 2.27137 -0.0767485 0.137145 0.93495 4.01347 22 571 3968 3782 1 7.95901 7.95901 120 
1.45854 -0.410731 -5 0.240189 0.41931 0.166156 4.01996 22 572 5036 5035 1 0.808683 0.808683 50 
-3.73181 5 -1.0999 0.195215 -0.0681913 0.220986 4.04216 22 573 7214 7213 1 3.45641 3.45641 90 
-4.56843 -1.80974 -5 -2.90959 -3.03564 5.59091 4.00622 22 574 1772 1771 1 0.198266 0.198266 7 
-4.33505 -5 -1.62806 0.151292 0.473502 -0.118435 4.11823 22 575 27412 27411 1 0.0553703 0.0553703 10 
-2.65253 -3.52183 -5 0.021624 0.24621 0.312895 4.01284 22 576 8004 7979 1 13.9334 13.9334 24 
-5 -1.67684 -2.78977 0.249788 -0.127367 0.0513636 4.00745 22 577 2758 2132 1 15.3396 15.3396 205 
-0.966376 -5 1.91409 1.11862 1.94565 1.39216 4.03988 22 578 8267 8182 1 5.01929 5.01929 100 
4.89907 0.49094 -5 0.277263 1.60738 5.58206 3.99507 22 579 1842 1741 1 3.48373 3.48373 21 
-0.958849 -0.792253 -5 -0.596919 1.31876 11.2393 3.98928 22 580 3793 3197 1 5.50536 5.50536 33 
2.89774 2.66249 -5 -0.189619 0.821877 1.47992 3.99969 22 581 4190 3979 1 3.88839 3.88839 129 
1.61546 -4.30393 -5 -0.00210976 1.28687 8.94485 3.99533 22 582 5841 5599 1 2.02404 2.02404 111 
-3.4877 -4.13054 -5 -0.173129 0.291963 1.96498 3.99204 22 583 1500 1 1 6.55578 6.55578 80 
-3.34535 -5 -3.20348 0.012744 0.0917018 0.303482 4.00488 22 584 13026 12957 1 2.87287 2.87287 60 
-5 -2.4071 1.67108 3.08854 3.73081 4.36074 4.04272 -11 585 3681 3680 1 6.34736 6.34736 91 
-4.41188 -5 -1.39211 -2.704 3.02438 1.90031 4.02024 11 586 1164 1132 1 8.16001 8.16001 144 
2.16831 -4.32491 -5 0.0614605 0.171225 1.08432 3.98932 22 587 11172 10741 1 0.141716 0.141716 20 
4.46646 -5 -4.01465 -0.618063 2.95927 4.30521 4.02244 22 588 5658 5597 1 2.29102 2.29102 45 
4.68342 -5 -3.82825 0.38225 0.7942 1.71072 4.00369 22 589 8903 8796 1 0.569146 0.569146 17 
-1.38361 -0.295657 -5 1.13047 9.87543 60.4591 3.98902 22 590 1117 1 1 24.5613 24.5613 361 
4.33128 -5 -2.42015 0.00995512 0.178119 0.702527 3.99997 22 591 1216 1 1 4.17977 4.17977 30 
0.955891 -4.15771 -5 -0.161608 0.290015 1.94585 3.99007 22 592 2603 2370 1 8.15774 8.15774 89 
0.823819 -5 -2.89982 0.120138 0.319609 0.0208345 4.0597 22 593 6408 6188 1 0.786143 0.786143 24 
0.374856 5 3.62952 0.17368 -0.177591 -0.00534505 4.05405 22 594 2228 2225 1 3.40477 3.40477 115 
-3.69109 2.61795 -5 -2.42743 5.07913 4.32234 4.02543 22 595 6109 5845 1 5.56286 5.56286 51 
0.232602 -5 -1.57897 1.44652 7.0726 42.6895 4.00238 22 596 1132 1 1 2.36874 2.36874 33 
5 0.800915 0.226021 -0.266431 0.353258 0.0598079 4.07021 22 597 10250 10085 1 10.986 10.986 104 
3.91245 -5 -1.93283 -9.90969 19.8216 6.47862 4.03394 11 598 5610 5533 1 6.95798 6.95798 77 
0.641644 -2.63039 -5 -0.705648 1.70074 6.13333 3.99107 22 599 1406 1405 1 2.50391 2.50391 88 
1.80614 -5 -3.87656 -0.0258823 0.0385683 0.0797819 4.00817 22 600 13990 13962 1 0.542422 0.542422 77 
-0.706394 0.381347 -5 -0.0550173 0.0683068 0.294306 3.99061 22 601 3433 3355 1 10.2492 10.2492 68 
-5 1.51478 1.95728 0.320279 0.243504 0.315036 4.04503 22 602 2810 2809 1 4.02544 4.02544 166 
-2.92057 -5 2.84599 -0.052242 0.208658 0.831289 4.01783 22 603 1261 1208 1 1.47996 1.47996 51 
-3.91009 -5 -3.98343 2.12382 1.00812 2.33574 4.0375 22 604 2222 2221 1 0.692318 0.692318 62 
-5 -4.66796 2.21177 9.55767 6.4718 14.282 4.0211 11 605 5872 5803 1 1.60118 1.60118 15 
5 -1.39665 -2.27087 -0.485219 -0.0582037 -0.149314 4.06293 22 606 13541 13540 1 1.63848 1.63848 91 
-5 -1.02195 -1.17751 0.266027 0.0745231 -0.144668 4.03739 22 607 3149 2934 1 0.682944 0.682944 35 
-0.0582837 -5 2.89527 0.079227 0.267499 0.662149 4.03223 22 608 3820 3819 1 3.03337 3.03337 40 
0.834387 -5 -2.79234 0.199125 0.0831193 0.239383 4.01572 22 609 1004 1 1 10.081 10.081 168 
1.03836 3.96692 -5 0.0141875 0.155447 0.52134 3.99209 22 610 1604 1538 1 8.13628 8.13628 119 
5 0.435825 -4.67674 -0.598728 0.30555 1.74809 3.9983 22 611 7415 7136 1 5.22078 5.22078 40 
5 -0.288975 -0.203658 -0.216079 -0.452488 0.0984072 4.03499 22 612 14341 14340 1 0.478935 0.478935 22 
-3.29167 -2.27116 -5 -0.128704 0.436506 0.232416 4.02342 22 613 2332 2300 1 19.9529 19.9529 274 
0.996499 -1.61808 -5 0.535156 1.05263 8.15059 3.98873 22 614 1373 1 1 11.9365 11.9365 145 
2.83633 -5 -3.50451 -0.203179 0.384722 0.349665 4.02072 22 615 1974 1940 1 0.206565 0.206565 22 
4.08131 -5 1.27403 -1.24362 3.5906 0.227272 4.02501 -11 616 4052 4051 1 8.31819 8.31819 98 
1.35538 1.56675 -5 -0.0100392 0.0959833 0.458704 3.99324 22 617 1526 1487 1 7.10665 7.10665 161 
-0.087627 -5 -2.83363 0.0781895 0.144784 -0.153845 4.04697 22 618 8772 8771 1 1.3488 1.3488 14 
-1.13599 1.30759 -5 -0.0399979 0.352858 0.60377 4.01462 22 619 12175 12164 1 2.59694 2.59694 62 
-4.37069 -5 0.482585 -1.3028 2.57592 3.78929 4.02992 22 620 21452 21401 1 0.691155 0.691155 8 
2.65313 -5 1.90163 -0.516997 0.867088 0.290293 4.01483 22 621 2270 2269 1 8.36132 8.36132 110 
-4.84114 -2.83875 -5 -0.219243 0.367299 0.279542 4.01257 22 622 6946 6945 1 8.24257 8.24257 68 
2.33036 -4.68864 -5 -0.117829 0.462963 0.371543 4.02038 22 623 6261 5955 1 3.73986 3.73986 65 
-0.0357184 -5 4.13244 0.587494 1.01429 3.68618 4.02417 22 624 8152 8000 1 0 0 3 
-3.48188 -3.53891 -5 -0.610584 0.915341 2.75326 4.0008 22 625 2281 1885 1 1.82425 1.82425 39 
4.87796 3.75134 -5 -0.161451 0.941893 1.38735 4.00858 22 626 1390 1 1 1.95395 1.95395 15 
3.49172 -5 -3.82984 -0.00549826 0.156449 0.62812 3.9972 22 627 5645 5642 1 12.4077 12.4077 136 
0.778259 -5 -2.9485 -0.114295 1.31036 1.58859 3.99592 22 628 2961 1 1 11.1548 11.1548 128 
0.283212 0.86087 -5 0.0300258 0.127801 0.49873 3.98862 22 629 1081 1 1 39.6197 39.6197 507 
0.565277 -5 -2.5481 -0.0548189 0.251116 0.156465 4.08062 22 630 1861 1838 1 4.79359 4.79359 104 
-0.208946 -5 -3.12964 -0.36871 0.732276 0.613252 4.02881 22 631 2414 1564 1 0.542753 0.542753 38 
-2.58185 -5 -0.703346 0.0409709 0.351562 0.368572 4.05753 22 632 10379 10354 1 0 0 9 
3.71166 4.00331 -5 0.0174237 0.327644 1.74272 4.0048 22 633 8021 8020 1 8.21775 8.21775 138 
3.88237 -4.40589 -5 -2.91554 2.17241 1.07252 4.04886 22 634 2611 2554 1 1.53196 1.53196 60 
4.14306 -4.76536 -5 0.167033 1.76052 7.94695 3.99177 22 635 1045 1 1 0 0 5 
-4.59853 4.32007 -5 -0.239664 0.589444 1.7512 4.00033 22 636 5943 5888 1 6.09221 6.09221 104 
1.09623 2.8134 -5 0.0226425 0.535139 2.78502 3.99351 22 637 1649 1 1 18.8756 18.8756 126 
3.67362 -2.25524 -5 0.253726 1.63722 5.153 3.99815 22 638 7793 6986 1 3.06453 3.06453 34 
-5 3.93443 0.494904 0.100534 0.383149 0.322815 4.05266 22 639 2695 2692 1 0.0192733 0.0192733 7 
-2.32688 1.06196 -5 0.305462 0.396767 1.14832 4.00037 22 640 2905 2568 1 0 0 10 
2.80922 -5 1.50479 0.191355 0.564387 1.61667 4.01654 22 641 24067 24063 1 0 0 12 
-1.13086 -3.30274 -5 -0.0414978 0.0863716 0.539337 4.00285 22 642 1070 1 1 0.62674 0.62674 24 
-3.15148 -4.49221 -5 -2.47887 4.44424 7.83158 3.99373 22 643 3767 3735 1 15.7125 15.7125 224 
4.27941 -4.89804 -5 0.0138727 -0.0492174 1.03688 4.00359 22 644 1352 1326 1 38.7454 38.7454 490 
4.7378 0.390453 -5 -3.93149 3.43231 8.46049 4.00606 22 645 1823 1821 1 4.48725 4.48725 44 
3.58181 -5 0.918451 -0.0779158 0.758913 1.38019 4.02162 22 646 1623 1555 1 0.960494 0.960494 16 
-4.01352 0.414627 -5 0.190437 -0.0817868 0.467081 4.02909 22 647 3858 3857 1 5.48743 5.48743 56 
-3.88705 -3.46906 -5 -0.715178 8.11379 26.4962 3.99803 22 648 1292 1 1 0.00365316 0.00365316 13 
-5 0.355115 -0.483562 2.32601 -0.863529 -1.0596 4.06038 22 649 1265 1264 1 12.0122 12.0122 213 
3.82882 -2.34975 -5 0.0456475 0.1268 0.270623 4.007 22 650 2367 2366 1 1.20876 1.20876 61 
2.1181 -5 -4.5114 0.667701 0.615364 0.954991 4.01297 22 651 2653 2455 1 0.636214 0.636214 18 
-4.76903 -5 1.43067 0.407075 0.505646 0.209532 4.03922 22 652 3480 3479 1 1.74157 1.74157 40 
-3.15244 -5 2.80388 -0.283782 1.34813 -0.0380563 4.06104 22 653 6505 6497 1 0.119316 0.119316 30 
-0.168435 -5 1.07933 0.449474 0.185571 0.348071 4.04339 22 654 7604 7424 1 0 0 14 
0.39988 2.80131 -5 0.0153317 0.751557 2.71887 3.99956 22 655 4215 4048 1 0.905587 0.905587 12 
-2.00278 -1.04863 -5 0.216373 0.351834 1.00216 4.00117 22 656 2576 2478 1 8.92454 8.92454 98 
-4.70808 -5 -2.98682 -0.307369 0.51212 0.970166 4.01738 22 657 1159 1 1 0.340003 0.340003 12 
-4.68712 -5 1.45528 -0.004375 0.176076 0.106292 4.04913 22 658 6218 6217 1 2.12817 2.12817 13 
1.70462 -4.5728 -5 -1.25187 -0.0412706 27.1799 3.98666 22 659 4358 3160 1 10.2326 10.2326 116 
4.05334 -5 0.729956 -0.361775 1.23238 -0.108592 4.09576 22 660 1243 1174 1 4.11725 4.11725 58 
-2.44214 -5 -4.29605 -0.0754605 0.411176 -0.0511567 4.07705 22 661 1601 1600 1 0.613178 0.613178 45 
1.0964 -5 4.69069 -0.532275 1.28304 0.295842 4.06404 22 662 3299 3298 1 0.436338 0.436338 15 
-4.8051 2.24016 -5 -1.07355 3.33309 6.40857 4.01223 22 663 1915 1802 1 1.59787 1.59787 7 
-3.88312 3.65641 -5 -0.00422031 0.355572 1.12403 4.00603 22 664 23595 23590 1 6.58605 6.58605 112 
2.56647 -4.37842 -5 -0.295052 1.74034 10.1106 3.99082 22 665 1187 1 1 5.49546 5.49546 116 
-3.33654 -5 -4.87073 -0.563854 1.61696 7.68902 3.9913 22 666 1150 1048 1 5.27091 5.27091 98 
-0.651253 -5 2.97165 0.734936 1.68655 3.1154 4.02804 22 667 1090 1088 1 2.45204 2.45204 49 
-5 1.32868 0.0256901 0.246132 0.0580466 0.274741 4.13698 22 668 4674 4649 1 0.359333 0.359333 14 
-1.86692 0.581085 -5 -0.330441 0.473694 0.680001 4.02781 22 669 2045 1973 1 8.3027 8.3027 90 
-4.42023 -5 1.55503 2.90821 3.60044 11.692 4.01922 22 670 2117 1934 1 0 0 3 
1.55333 -5 -3.28184 0.0879747 0.267807 0.237569 4.01287 22 671 1439 1382 1 4.56628 4.56628 33 
-3.58982 4.30405 -5 -2.59421 11.2336 25.8036 4.00747 22 672 4259 3999 1 0.332071 0.332071 10 
-0.775639 -4.1619 -5 0.0638594 0.0629543 0.54191 3.98985 22 673 2232 2106 1 9.01142 9.01142 106 
3.58951 0.700536 -5 -0.355776 1.42412 1.74741 4.01879 22 674 4425 4282 1 7.8852 7.8852 89 
4.03647 2.07316 -5 0.240487 0.269114 0.361751 4.10319 22 675 27557 27556 1 0.155382 0.155382 5 
-2.51504 -0.791552 -5 -0.00476309 0.0261127 0.261849 3.98846 22 676 1939 1836 1 16.5213 16.5213 211 
3.40619 -5 3.35766 0.312653 0.504765 0.594824 4.03926 22 677 5629 5561 1 8.42373 8.42373 66 
4.31087 0.337096 -5 0.298927 0.497459 1.72512 3.99824 22 678 2807 2299 1 5.47462 5.47462 51 
-0.0367829 1.14186 -5 3.91418 8.42092 3.61308 4.00984 -11 679 3594 3593 1 13.7527 13.7527 94 
-2.32998 -5 2.92844 0.398849 2.3976 -0.707969 4.03512 -11 680 2141 2140 1 13.2829 13.2829 113 
-5 -0.85326 -1.07002 7.17557 -5.348 19.8711 4.01396 -11 681 2926 2925 1 3.36567 3.36567 49 
5 -0.778976 0.327886 -0.395094 0.109088 0.305157 4.12021 22 682 2879 2878 1 9.85012 9.85012 69 
0.933484 2.61037 -5 -0.143957 0.470491 0.906744 4.01844 22 683 15858 15716 1 0.240705 0.240705 7 
0.704543 -1.27019 -5 0.0223837 2.23486 10.2137 3.99199 22 684 1433 1 1 0.822595 0.822595 28 
4.2031 -5 -4.59829 0.0743866 0.505498 0.0076248 4.03166 22 685 2024 2023 1 12.1733 12.1733 190 
-5 3.99986 -1.00545 0.32843 0.0903053 0.220294 4.02289 22 686 28268 27649 1 4.51188 4.51188 52 
-1.96111 -2.82645 -5 -0.146809 0.155184 0.10315 4.10356 22 687 4147 4095 1 0 0 18 
2.33675 -1.6733 -5 -1.22809 2.42746 2.23455 3.99107 -11 688 2634 2633 1 5.00184 5.00184 34 
-2.41542 -1.73706 -5 0.094928 0.485369 1.40809 3.99574 22 689 5260 4010 1 1.5012 1.5012 84 
5 3.04784 4.29334 -0.326592 1.1893 1.55001 4.04009 22 690 12043 11938 1 2.16134 2.16134 87 
-1.4288 -4.96218 -5 -0.107651 0.0856888 0.608584 4.00273 22 691 1102 1 1 0.510341 0.510341 54 
4.83831 -5 2.74302 0.123343 0.131644 0.982852 4.01827 22 692 4113 3974 1 0.562156 0.562156 22 
2.67958 -3.35089 -5 0.818241 2.18537 2.03391 4.02288 22 693 9281 9229 1 6.82836 6.82836 49 
5 -3.05317 -3.50107 -0.45227 0.132698 -0.19739 4.07176 22 694 5148 5144 1 0.551165 0.551165 38 
0.616269 -4.82007 -5 -0.0144937 -0.0889939 3.26233 3.99007 22 695 6262 6113 1 0 0 6 
-0.38912 -5 -0.673552 0.0654422 0.49252 -0.0968539 4.08991 22 696 3221 3219 1 5.08986 5.08986 69 
-4.94319 -5 -0.422643 -0.186355 0.318299 0.101185 4.03975 22 697 6033 5941 1 1.04348 1.04348 29 
0.0276611 -1.27091 -5 -0.0303053 0.298325 1.24224 3.99409 22 698 4356 4106 1 1.57779 1.57779 66 
-5 4.71707 -3.42383 0.168751 0.272464 0.147535 4.09581 22 699 6854 6781 1 4.92575 4.92575 67 
4.30739 4.94554 -5 0.0404632 0.176218 0.434712 3.99846 22 700 5350 5177 1 9.96307 9.96307 89 
-1.30044 0.576983 -5 -0.182215 -0.0276696 0.755147 4.00264 22 701 1392 1274 1 5.42904 5.42904 143 
-4.44061 -5 -1.44575 -1.13436 1.9837 28.9473 3.99949 22 702 2876 2489 1 3.55486 3.55486 25 
1.03869 4.95555 -5 3.5097 2.64676 14.2203 3.99418 -11 703 1184 1183 1 16.4314 16.4314 144 
3.38064 -2.54737 -5 0.129507 0.144253 0.130942 4.01841 22 704 2885 2450 1 5.59012 5.59012 28 
-5 -4.36011 -2.24832 0.228098 0.153439 1.00198 4.00137 22 705 1227 1133 1 10.0194 10.0194 107 
-2.7382 -2.55229 -5 -0.0115939 0.102822 0.270575 3.99582 22 706 6937 6712 1 7.21264 7.21264 68 
4.36667 -4.98976 -5 1.7003 -2.14811 17.7087 3.99104 22 707 2690 2667 1 0.620611 0.620611 17 
5 -0.950625 -1.06998 -0.211944 0.574606 3.22645 4.00069 22 708 1890 1801 1 25.3152 25.3152 223 
0.675018 -5 -3.97969 0.0483045 0.331332 0.164621 4.02738 22 709 5213 5211 1 2.70254 2.70254 34 
4.06231 -5 -2.64201 0.0743391 0.379003 0.0380347 4.0564 22 710 3321 3198 1 0.492818 0.492818 9 
-1.39274 -3.81796 -5 -0.0562153 0.577653 0.448117 4.02122 22 711 9941 9712 1 0 0 4 
2.28507 -4.47647 -5 -0.353079 0.484914 0.849928 3.99831 22 712 1762 1552 1 3.80299 3.80299 78 
0.447703 -5 1.63524 0.0863653 0.088416 0.385194 4.02088 22 713 3268 3059 1 0 0 13 
-2.09355 1.78992 -5 -0.132158 1.01777 4.16835 3.9981 22 714 19906 19703 1 0 0 6 
0.192423 1.8897 -5 0.100022 0.206261 1.56895 3.99069 22 715 8056 6998 1 7.66784 7.66784 90 
4.22969 -3.29048 -5 0.324851 0.364438 0.542866 4.04522 22 716 8571 8250 1 0 0 3 
4.10288 -4.57814 -5 -0.0846274 0.15856 0.380682 3.99633 22 717 12141 12087 1 2.08866 2.08866 48 
-0.964853 -5 4.91433 -0.0520404 0.351907 0.150651 4.04748 22 718 6327 6300 1 2.62862 2.62862 53 
-0.853946 3.26562 -5 0.0323575 0.336144 0.154244 4.04629 22 719 16368 16367 1 0.059263 0.059263 4 
-5 4.95573 -1.70906 0.274391 0.527466 0.2902 4.07529 22 720 26110 25873 1 1.20988 1.20988 26 
0.455123 -3.68189 -5 1.05004 3.09404 3.53085 4.00832 -11 721 7081 7080 1 5.30085 5.30085 74 
-5 -3.49221 0.34531 5.66126 1.46639 4.14926 4.0188 22 722 2768 2724 1 3.71437 3.71437 100 
0.275213 -5 -2.56198 1.18562 3.31521 0.46032 4.09964 22 723 2174 2173 1 0 0 3 
-0.65257 -5 4.23289 -0.754786 0.528425 0.76566 4.06086 22 724 11615 11515 1 2.27953 2.27953 82 
1.44517 -4.6723 -5 -0.219917 0.506913 3.08741 3.9903 22 725 1891 1832 1 0.108363 0.108363 15 
-3.2072 3.65887 -5 -0.165092 1.89647 1.16805 4.02035 22 726 2058 1973 1 6.25585 6.25585 166 
3.06392 -4.17097 -5 0.0475366 0.378938 4.9348 3.98743 22 727 2664 1832 1 5.20597 5.20597 52 
-0.470706 -5 -2.62518 0.0612301 -0.426721 12.0099 4.0024 11 728 1 0 1 0.315486 0.315486 62 
0.349229 2.10465 -5 0.909494 -0.520968 4.15192 3.99683 22 729 1614 1563 1 6.84688 6.84688 116 
1.8628 -5 2.81801 0.541238 1.16684 0.709075 4.03698 22 730 1110 1086 1 3.43428 3.43428 117 
-5 -4.30896 -0.668085 1.90414 2.66514 0.881021 4.0022 11 731 2830 2827 1 35.0266 35.0266 373 
-4.28717 4.66405 -5 -0.0749348 1.12762 0.755671 4.04215 22 732 5726 5621 1 1.20038 1.20038 28 
2.75745 1.70714 -5 -0.174337 1.37707 3.15448 4.00708 22 733 4849 4774 1 0.664122 0.664122 14 
1.1473 -2.22462 -5 0.0324441 0.364022 0.27813 4.06287 22 734 8365 8362 1 0.215462 0.215462 10 
5 -0.075354 -1.26441 -0.0969162 -0.0225834 0.149639 4.10458 22 735 4468 4423 1 6.30669 6.30669 59 
0.29793 -5 4.26636 -0.174779 0.32262 0.0227435 4.0637 22 736 10982 10954 1 0.686519 0.686519 19 
4.46436 3.7572 -5 0.0557786 -0.087822 0.667007 3.99531 22 737 1764 1670 1 0.859033 0.859033 40 
1.37407 -3.60099 -5 -0.0683754 0.266944 1.07274 3.9913 22 738 2629 2514 1 9.8793 9.8793 100 
4.40256 -5 -2.50652 -0.569461 0.814654 0.218197 4.07222 22 739 4103 4077 1 2.86407 2.86407 47 
2.20613 -1.0065 -5 0.273552 0.123637 1.15529 4.00088 22 740 2884 2692 1 0.983204 0.983204 43 
5 -2.48561 -1.74712 -0.330123 0.357431 0.156147 4.06224 22 741 4605 4604 1 1.70581 1.70581 13 
0.209887 -2.4704 -5 -0.0634143 0.14729 0.351524 4.00953 22 742 3022 3021 1 9.68654 9.68654 145 
-1.40875 -5 0.0876622 -0.206048 0.747122 0.98192 4.04529 22 743 5160 5159 1 4.18673 4.18673 62 
0.544616 -1.81817 -5 0.0437326 0.193803 0.534261 4.01593 22 744 2120 2074 1 1.11698 1.11698 57 
-4.48264 -5 0.0679752 -0.213521 0.334884 0.211624 4.06055 22 745 2664 2663 1 8.21079 8.21079 50 
0.285621 4.74791 -5 0.0739297 0.500746 0.0700523 4.10712 22 746 28728 28727 1 0 0 1 
1.25559 4.54546 -5 0.108861 0.302344 0.397313 4.01919 22 747 15747 15714 1 0 0 9 
-4.24645 -5 -4.09865 -0.167446 0.459187 -0.149092 4.04312 22 748 2649 2648 1 0.654354 0.654354 68 
1.58027 0.00209922 -5 -0.169632 0.226825 0.164443 4.03698 22 749 4814 4695 1 2.36817 2.36817 38 
-0.635504 -5 -4.09779 -0.987773 1.44396 1.03503 4.06711 22 750 3767 3720 1 0 0 2 
-0.300579 -5 2.81004 -0.0128616 -0.179947 -3.80349 4.02209 11 751 1969 1967 1 2.84682 2.84682 60 
-2.21251 -5 -1.65836 -0.137641 0.861602 1.47221 4.0127 22 752 7979 7596 1 0 0 9 
3.02153 -5 3.49904 0.0863754 0.29258 0.432357 4.02733 22 753 4783 4720 1 2.98164 2.98164 46 
3.11613 -5 -4.25527 -0.147766 0.647301 0.0965731 4.08034 22 754 1802 1781 1 0.95024 0.95024 42 
4.61805 -3.92679 -5 1.4949 2.00596 17.1904 3.98906 22 755 2524 2294 1 10.7365 10.7365 187 
4.32589 1.50238 -5 0.117645 0.096517 0.175676 4.05723 22 756 6779 6708 1 0.911009 0.911009 43 
1.53085 -5 3.77958 0.0360375 0.447215 0.229016 4.05768 22 757 5739 5713 1 1.50668 1.50668 13 
-3.00553 -5 -1.50965 -0.34297 0.8916 2.37601 4.01043 22 758 3221 3181 1 0.503529 0.503529 13 
-2.74278 -5 -1.6488 -0.0425187 0.399428 0.518798 4.03 22 759 4479 4358 1 1.45087 1.45087 6 
3.7945 -5 4.39511 -0.440281 2.04685 4.25719 4.02864 22 760 2978 2841 1 8.85737 8.85737 133 
2.17924 -1.55535 -5 0.067726 1.02659 1.09163 4.03047 22 761 2084 2005 1 0.225065 0.225065 27 
3.04022 -5 2.12658 -0.243122 0.190838 0.114144 4.04331 22 763 2715 2652 1 1.83972 1.83972 53 
1.81314 4.92105 -5 0.548808 2.50765 1.70185 4.0164 22 764 8810 8749 1 0.402093 0.402093 27 
-0.51979 -2.66678 -5 0.0107865 0.327832 0.15193 4.04658 22 765 5678 5291 1 0 0 7 
5 2.93786 -3.59706 -0.4535 0.262435 0.549329 4.02879 22 766 2351 1 1 3.48522 3.48522 68 
-3.63626 -5 -2.82664 -0.260435 0.34598 0.397049 4.02718 22 767 5451 5299 1 0.810552 0.810552 15 
-1.02318 1.94984 -5 0.790096 1.80226 12.9183 3.98997 22 768 2431 1788 1 0.358609 0.358609 35 
-2.42585 -2.9359 -5 -0.183911 0.597381 0.856622 4.0008 22 769 6130 5580 1 0.0358201 0.0358201 11 
5 3.595 -3.33808 -0.250754 -0.0386845 0.14799 4.11558 22 770 2051 1910 1 0.510637 0.510637 26 
-2.4305 -4.95315 -5 0.0646038 0.0066054 0.506856 4.02547 22 771 6526 6502 1 9.95315 9.95315 96 
-0.9252 -5 -3.83529 0.0804494 0.418917 0.615069 4.0108 22 772 5755 4693 1 0.0309473 0.0309473 5 
0.732875 -2.91201 -5 -0.0429207 0.193889 0.304128 3.99799 22 773 3501 3255 1 33.0775 33.0775 343 
0.625381 -3.09601 -5 -0.0904182 0.141837 0.610148 3.99987 22 774 3404 3381 1 1.87053 1.87053 40 
5 -3.08387 -1.45515 -0.518261 1.3902 2.0863 4.03307 22 775 1210 1163 1 3.58284 3.58284 61 
-5 4.53115 3.74507 0.206596 0.605097 0.458201 4.05818 22 776 6399 6356 1 5.96675 5.96675 56 
-2.01913 -5 -3.23408 0.0990519 0.485769 -0.123844 4.04583 22 777 1134 1133 1 1.58832 1.58832 28 
-2.46855 -5 -0.489641 0.0131624 0.228533 0.0887944 4.05773 22 778 1947 1823 1 6.74523 6.74523 62 
-5 0.2255 -4.25197 4.83218 8.37302 3.832 4.03328 11 779 1 0 1 8.90007 8.90007 60 
1.12741 1.74944 -5 0.0233206 0.17485 0.179197 4.01425 22 780 1645 1596 1 3.98684 3.98684 58 
-4.15405 -5 -0.0596186 0.112357 0.192412 1.20472 4.00953 22 781 1821 1725 1 7.88386 7.88386 171 
-1.79443 0.294001 -5 0.160509 0.432675 0.416857 4.036 22 782 3751 3429 1 7.59807 7.59807 145 
-1.60187 4.032 -5 -0.0400368 0.342819 0.376818 4.01478 22 783 1465 1464 1 10.8474 10.8474 131 
4.14675 -4.46666 -5 -0.205775 0.321569 0.93397 3.9972 22 784 9233 8483 1 0.913332 0.913332 46 
-2.33864 -5 0.320819 -0.0335577 0.425712 0.280648 4.02966 22 785 5748 5747 1 0 0 11 
-5 -0.850208 -0.102974 0.494529 -0.0464766 0.120003 4.08214 22 786 1364 1362 1 1.15062 1.15062 50 
-3.98617 -5 2.22392 -0.161017 0.484855 -0.0104224 4.06774 22 787 2382 2381 1 0.0106533 0.0106533 11 
-0.380004 -5 4.7627 -0.445743 1.5841 7.07805 4.02353 22 788 5384 5185 1 0.309284 0.309284 37 
4.21996 -5 4.72746 -0.123624 0.0847527 0.098076 4.07955 22 789 2692 2691 1 1.35733 1.35733 17 
-4.09965 -5 -3.38961 -0.211374 1.33337 -0.333651 4.0536 22 790 3217 3216 1 0.107464 0.107464 28 
3.13962 -5 -1.96381 0.384642 2.35789 7.12625 4.004 22 791 2072 2034 1 6.17213 6.17213 151 
5 -3.15638 0.228785 -0.276454 0.158849 0.321797 4.02087 22 792 4650 4555 1 2.26184 2.26184 21 
4.02677 -5 -2.66308 0.111984 0.920294 0.734101 4.01298 22 793 3769 3700 1 6.81697 6.81697 134 
-0.723155 -5 1.07744 0.128999 0.270262 0.0883167 4.04733 22 794 3310 2965 1 2.39626 2.39626 42 
5 -3.3772 -3.28479 -0.43165 -0.107691 0.251398 4.01503 22 795 6480 6459 1 1.10583 1.10583 63 
-0.82468 -3.13509 -5 -0.0737712 0.313208 0.702924 4.00693 22 796 4588 4094 1 0 0 2 
3.37108 4.59928 -5 -0.144973 0.485734 0.0645408 4.05579 22 797 14787 14751 1 3.51772 3.51772 17 
4.4469 -4.32526 -5 0.0853217 0.614921 2.97514 3.99172 22 798 6060 5582 1 3.12746 3.12746 69 
3.93622 -3.91991 -5 1.33394 1.03055 3.24023 4.00465 22 799 1650 1591 1 0.615176 0.615176 89 
4.76362 -3.87528 -5 -0.0645258 0.516788 0.392127 4.03275 22 800 11707 11365 1 2.10167 2.10167 8 
-4.68489 -5 -3.9294 -0.356165 0.365179 -0.0301792 4.07922 22 801 1579 1575 1 8.43814 8.43814 98 
4.80974 -4.72686 -5 -0.370535 0.559842 1.04121 4.02074 22 802 2342 1 1 2.71201 2.71201 29 
-2.97528 -5 0.974441 -0.477004 0.913316 0.650318 4.06167 22 803 1984 1958 1 0.20613 0.20613 10 
1.4103 -5 3.45577 0.0319649 0.115029 0.848917 4.0177 22 804 3058 2492 1 2.06962 2.06962 34 
-3.98743 2.9798 -5 2.31876 12.313 33.6749 3.99407 11 805 3440 3338 1 1.80645 1.80645 36 
-1.69195 -0.309306 -5 0.123093 0.155764 0.933047 3.9945 22 806 1297 1 1 1.62295 1.62295 66 
-0.761681 -1.24277 -5 -0.2738 0.751148 5.19096 3.99086 22 807 6967 6858 1 2.77787 2.77787 14 
4.45612 5 0.649593 0.0173066 -0.186639 0.0101273 4.04843 22 808 11360 10680 1 9.2509 9.2509 99 
-2.05474 -5 -2.2086 0.0343966 0.310449 -0.0277162 4.03334 22 809 1026 1019 1 13.2959 13.2959 169 
5 -2.8971 -0.471784 -0.169133 0.0750899 0.195245 4.01636 22 810 5057 4970 1 53.8848 53.8848 540 
-0.961386 -5 2.18142 -0.123602 0.976267 0.126001 4.09051 22 811 6147 6146 1 2.03752 2.03752 27 
4.13393 -3.97869 -5 -0.077543 0.223606 0.0639296 4.03474 22 812 2068 2046 1 0 0 4 
-2.56451 -5 0.363167 -0.0254507 0.210812 0.211514 4.08544 22 813 2532 2469 1 0.0238822 0.0238822 7 
-2.0443 -1.72803 -5 0.630392 7.33795 12.3765 4.00798 22 814 8287 8214 1 0 0 2 
-2.95431 -5 -2.04419 -0.111793 0.431098 0.250553 4.03983 22 815 1240 1217 1 0.184438 0.184438 22 
2.36869 -0.660695 -5 -0.173434 0.0116567 0.105544 4.07743 22 816 2078 1972 1 30.1476 30.1476 353 
-5 2.22734 -4.86266 0.279771 0.193681 0.00578289 4.04035 22 817 1920 1919 1 10.3592 10.3592 62 
-0.994923 -3.01026 -5 -0.623639 2.16613 4.40606 4.00745 22 818 6120 6050 1 0.0495834 0.0495834 9 
1.99314 -5 1.08795 0.0804316 0.141503 0.0658239 4.0448 22 819 3961 3960 1 8.39963 8.39963 222 
-2.91119 -2.70772 -5 -0.165157 0.302959 2.5548 3.98965 22 820 1889 1 1 1.01848 1.01848 84 
-4.76697 0.448369 -5 0.177524 0.238521 0.23115 4.02369 22 821 1472 1458 1 6.25387 6.25387 113 
2.55913 2.30472 -5 -0.131674 0.826254 8.74185 3.988 22 822 1358 1 1 26.0968 26.0968 302 
-3.35601 -5 3.52176 0.0862416 0.381269 0.036257 4.1224 22 823 4472 4391 1 0 0 8 
-0.502094 1.60742 -5 0.117585 0.304988 1.18774 3.99542 22 824 8640 8508 1 4.56849 4.56849 74 
-0.218179 -5 2.10689 -0.102702 0.257712 0.0786794 4.08493 22 825 2222 2220 1 0.164948 0.164948 16 
1.77274 -1.21275 -5 -0.265072 0.31671 1.44548 3.99541 22 826 1185 1104 1 0.838246 0.838246 28 
-2.44863 -5 -1.40643 -8.32933 13.7176 9.02512 4.01165 -11 827 11155 11154 1 8.45976 8.45976 112 
-2.48097 -2.96564 -5 12.1786 14.6346 17.7138 4.00117 -11 828 1533 1532 1 15.7259 15.7259 179 
-3.08671 -5 4.17258 0.0864763 0.500364 0.682615 4.03149 22 829 1836 1834 1 6.96394 6.96394 106 
2.80171 0.789116 -5 -0.0638398 2.43663 1.69861 4.01626 22 830 2630 2532 1 18.1888 18.1888 112 
3.87017 -2.10743 -5 -1.21999 -0.604168 1.07943 4.00307 -11 831 4276 4275 1 5.04129 5.04129 66 
3.6982 -5 -2.18527 0.0754983 0.188421 0.277804 5.01221 22 832 5389 5385 1 1.40488 1.40488 91 
-3.57215 -2.41017 -5 0.119987 0.548551 1.18127 4.00205 22 833 3822 3653 1 6.22765 6.22765 42 
4.93909 -5 0.997028 0.27609 0.644101 0.480882 4.05168 22 834 8255 8235 1 0.391901 0.391901 53 
3.90098 -5 4.77898 0.1849 0.37156 2.56104 4.02295 22 835 1201 1 1 1.18967 1.18967 44 
-2.93382 -0.242312 -5 -0.105593 -0.0185449 0.164824 4.0832 22 836 11255 11228 1 1.34998 1.34998 47 
0.749484 -5 -4.69923 0.0399571 0.109086 -0.229265 4.00548 22 837 1300 1024 1 10.606 10.606 124 
1.66617 2.82016 -5 0.0839632 0.28095 1.79116 3.99171 22 838 3782 3246 1 2.49526 2.49526 70 
3.33576 -5 0.440647 -0.0382864 0.220176 -0.105977 4.07754 22 839 7823 7789 1 7.75467 7.75467 60 
-4.94153 -5 -3.59522 0.356474 0.284614 -0.230307 4.01589 22 840 1397 1395 1 43.0274 43.0274 376 
5 2.30158 2.76971 -0.435424 0.0979082 0.944683 4.02181 22 841 2399 2304 1 1.90723 1.90723 45 
-3.77109 -0.639955 -5 0.140135 -0.0714906 0.178548 4.09001 22 842 4158 4157 1 8.00156 8.00156 128 
0.801162 -5 0.556822 -0.0133009 0.420067 0.809341 4.01496 22 843 1515 1457 1 8.4087 8.4087 101 
5 -3.18207 1.89233 -0.256633 -0.154104 0.469092 4.01989 22 844 4996 4859 1 5.06797 5.06797 78 
-4.08623 3.58479 -5 -0.820887 0.18925 2.39032 3.9941 22 845 2698 2537 1 23.4646 23.4646 210 
2.6677 -2.78048 -5 -0.576025 1.10411 4.47427 3.99225 22 846 5018 4937 1 0.67953 0.67953 10 
-2.28248 -5 3.08055 0.950396 0.900545 1.45716 4.05032 22 847 1095 1 1 0.449914 0.449914 28 
5 -1.10863 -0.509022 -0.244543 0.397244 0.609364 4.03639 22 848 8331 8315 1 0 0 3 
0.22419 -5 -2.93854 0.140755 2.80584 5.99208 4.00877 22 849 2747 2746 1 0.250379 0.250379 30 
-3.48628 -0.794504 -5 0.105052 0.341633 0.12472 4.06294 22 850 6566 6491 1 10.0843 10.0843 84 
-3.97264 -5 -2.9855 -0.292793 0.416882 0.0400244 4.00743 22 851 2164 2163 1 2.28968 2.28968 68 
-0.48024 5 3.35028 -0.330692 -0.148357 0.288713 4.09628 22 852 2768 2766 1 0.647108 0.647108 35 
4.03357 -4.56032 -5 0.0870255 0.399959 0.305907 4.03427 22 853 17284 17283 1 0 0 2 
-4.78112 -5 1.38206 -0.783777 1.81291 3.29686 4.02794 22 854 8866 8828 1 0.165501 0.165501 28 
-3.44424 -5 -4.7373 -1.91255 2.20163 3.62498 3.99694 22 855 2316 2263 1 17.4668 17.4668 222 
-5 -1.82886 -2.59915 0.231566 0.161774 0.00586178 4.05056 22 857 1524 1522 1 1.85344 1.85344 38 
5 -0.218261 0.398917 -0.406409 0.307513 -0.0372508 4.08955 22 858 1910 1871 1 9.41052 9.41052 131 
0.136607 2.59257 -5 0.170337 0.560397 0.19269 4.01743 22 859 3671 3541 1 144.035 144.035 985 
4.95866 3.5275 -5 0.104683 0.3315 0.228736 4.00325 22 860 3806 3656 1 0.0381724 0.0381724 12 
4.92118 -2.52473 -5 0.424588 2.03466 2.23229 4.00798 22 861 3629 3577 1 7.71295 7.71295 89 
4.99857 -5 -2.58262 -0.111467 0.319061 0.383269 4.0033 22 862 7621 7620 1 22.5679 22.5679 131 
-3.4313 1.2386 -5 -0.00685955 0.424623 0.479451 4.0116 22 863 8719 8643 1 0 0 14 
-3.38354 -5 -2.39946 7.29153 10.6443 2.83953 4.01574 -11 864 2675 2674 1 4.581 4.581 11 
-3.35715 -3.11533 -5 -0.134603 0.361613 0.454668 3.99688 22 865 6646 6571 1 2.79096 2.79096 43 
-5 -3.95637 -2.81657 0.124019 0.441529 1.17632 4.00506 22 866 3845 3746 1 0.577836 0.577836 15 
4.2831 -5 0.922022 0.0203292 2.35906 1.70496 4.05085 22 867 17462 17380 1 5.79286 5.79286 56 
-4.59964 -5 -2.60596 -0.0508476 0.722295 0.237665 4.01655 22 868 7555 6172 1 0.122852 0.122852 6 
-1.17076 0.654325 -5 0.179327 -0.528338 0.478953 4.03002 22 869 3469 3468 1 0.347953 0.347953 38 
-0.663408 -5 0.189038 -0.0974065 0.218655 0.286218 4.08034 22 870 2800 2757 1 0.669812 0.669812 34 
-0.45375 -5 -3.79902 0.143358 0.33292 0.275894 4.09813 22 871 2087 2060 1 0 0 3 
-4.67442 -5 1.08662 -0.109799 0.379228 0.183055 4.09688 22 872 2835 2806 1 0.094492 0.094492 9 
0.781413 -5 2.1568 -0.129086 0.434144 1.20512 4.02134 22 873 3124 2974 1 1.62989 1.62989 15 
-0.5809 -3.08035 -5 0.0483728 0.228612 0.900959 3.99469 22 874 1812 1524 1 0.25612 0.25612 32 
1.2654 -5 1.20689 0.207617 0.649536 -0.0551923 4.04927 22 875 7154 7152 1 8.19249 8.19249 50 
0.676181 4.78473 -5 -0.00293992 0.174087 0.564382 3.9944 22 876 1718 1527 1 16.1692 16.1692 139 
3.77262 -2.39966 -5 0.164701 0.131386 0.465544 4.00851 22 877 9803 9802 1 11.6928 11.6928 132 
-0.32435 -4.09301 -5 -0.198666 -0.147561 0.613383 4.00023 22 878 3716 3678 1 19.2734 19.2734 202 
0.420596 -5 1.65383 0.0875732 0.496664 0.0823132 4.09394 22 879 9851 9850 1 0 0 14 
1.74498 -0.959805 -5 2.23426 2.8486 25.1073 3.98996 22 880 7414 7349 1 3.88894 3.88894 46 
-3.50338 -2.94081 -5 -0.0941927 0.638879 2.75658 3.99838 22 881 3132 2988 1 0.652942 0.652942 37 
0.556468 -5 -2.081 -0.167926 0.187534 -0.0464273 4.05094 22 882 1752 1 1 15.6035 15.6035 240 
4.28816 -5 1.29237 0.0340453 0.898527 0.509787 4.03609 22 883 4353 4312 1 0.792034 0.792034 3 
2.07984 -4.17966 -5 -0.0699626 0.329554 0.152454 4.11205 22 884 1037 1 1 6.96104 6.96104 128 
3.85498 -5 -3.6004 0.00558155 0.232184 0.38805 4.05502 22 885 5608 5607 1 0.337453 0.337453 7 
3.96763 -0.407177 -5 -0.0996504 0.329487 1.0534 4.02834 22 886 4920 4887 1 8.25829 8.25829 122 
-0.0776866 -0.0603779 -5 -0.11707 0.411949 0.278769 4.04717 22 887 3610 3607 1 4.65897 4.65897 88 
-1.91952 -5 -1.33271 1.15958 2.70495 4.58115 4.01084 22 888 5440 5332 1 0.120378 0.120378 21 
4.12904 3.36605 -5 0.799452 3.63788 5.46378 4.00433 22 889 4199 4032 1 1.076 1.076 67 
0.703454 -5 -2.22207 -0.127873 0.0717186 0.252614 4.00924 22 890 11245 11244 1 0.208558 0.208558 31 
-0.898566 -4.15802 -5 0.249643 0.620322 0.753902 4.00209 22 891 2245 2086 1 7.40143 7.40143 89 
5 2.95252 -4.73419 -0.213951 0.407355 0.262441 4.02414 22 892 8168 8025 1 9.76192 9.76192 101 
-2.52073 -2.62609 -5 0.409969 0.756555 1.14587 4.00495 22 893 2123 2097 1 23.1133 23.1133 251 
3.52496 -5 4.62858 0.160089 0.473016 0.108386 4.08937 22 894 7818 7800 1 5.06321 5.06321 35 
-4.17278 -5 1.2039 -0.148302 0.482565 2.70664 4.0126 22 895 2332 2124 1 16.6224 16.6224 206 
-0.852381 -5 1.67641 0.373489 4.33136 11.0683 4.02427 22 896 2798 2500 1 0 0 6 
-4.45651 -3.14192 -5 -0.0707621 0.550749 0.879472 4.00476 22 897 1271 1091 1 0.164402 0.164402 18 
-4.65794 -5 2.08056 -0.122171 0.270992 0.415641 4.05888 22 898 10815 10814 1 0.162181 0.162181 29 
-5 -3.15665 3.01088 0.332081 -0.196173 0.335199 4.02859 22 899 2345 2344 1 8.15141 8.15141 120 
3.1229 -2.26456 -5 0.332047 1.18814 1.82176 3.99963 22 900 4027 3880 1 1.12775 1.12775 67 
2.80724 -5 1.72589 -0.380785 0.443414 0.327792 4.09803 22 901 10492 10016 1 0 0 4 
-3.45678 -5 2.12741 0.0799978 0.17014 -0.00325806 4.10241 22 902 4930 4929 1 1.42332 1.42332 45 
0.371447 -2.86683 -5 -0.239745 0.24054 0.231212 4.03284 22 903 15297 15296 1 5.34292 5.34292 84 
-4.35756 -0.09137 -5 -0.142282 -0.0703853 0.360774 4.04459 22 904 11742 11563 1 0 0 7 
-4.42377 4.89847 -5 -0.0929316 0.49726 0.0722193 4.1152 22 905 16589 16588 1 0 0 1 
0.030743 -4.33093 -5 -0.10774 0.14808 0.379028 4.02397 22 906 9098 8736 1 5.66443 5.66443 62 
-1.09367 2.72803 -5 0.0171423 0.850736 2.76593 3.99791 22 907 1369 1261 1 11.9564 11.9564 188 
3.03329 -4.5874 -5 0.313462 0.381207 0.132449 4.04202 22 908 2070 2069 1 0 0 10 
-4.17043 -5 4.32382 -0.122952 0.679238 0.532517 4.04391 22 909 2098 1933 1 2.71361 2.71361 79 
3.90591 -5 2.38912 0.348854 0.522191 2.29004 4.01733 22 910 4455 4061 1 10.9719 10.9719 127 
-4.38765 -3.18746 -5 -0.0389041 0.241972 0.448393 4.00547 22 911 2499 2479 1 1.76743 1.76743 28 
0.649742 -1.70289 -5 3.46695 -0.720806 33.9662 3.98783 22 912 3434 3319 1 64.5172 64.5172 742 
5 -3.86334 -0.758612 -0.258559 0.160619 0.0948329 4.10853 22 913 19423 19422 1 0 0 5 
-2.2421 -5 4.64073 -0.0112586 0.304712 0.110574 4.13215 22 914 2776 1 1 0.830846 0.830846 95 
-0.503835 -1.86322 -5 0.165368 -0.00773328 0.483439 4.03034 22 915 5001 4958 1 5.56375 5.56375 34 
-5 0.17885 2.58348 0.201971 0.416316 0.216814 4.08236 22 916 4108 4107 1 1.81875 1.81875 12 
-3.09741 2.93675 -5 0.139509 0.738648 3.99819 3.99187 22 917 2038 1758 1 5.30349 5.30349 68 
1.58587 -5 -2.20256 0.105233 0.232881 -0.196245 4.07276 22 918 3061 2814 1 1.2964 1.2964 26 
0.904914 -0.623966 -5 0.998988 5.90707 7.09105 4.01008 22 919 1200 1199 1 0.647698 0.647698 44 
-0.342727 -5 0.0148361 0.251368 0.563644 0.525336 4.0427 22 920 12661 12548 1 0 0 3 
2.06506 -1.18962 -5 0.00317569 0.120827 0.175321 4.02737 22 921 3210 3209 1 0.047282 0.047282 10 
0.335223 4.1387 -5 0.394461 0.478834 2.94166 3.98952 22 922 2307 1 1 41.0661 41.0661 614 
-3.1872 0.494982 -5 0.0125688 0.250836 0.223098 4.01329 22 923 5682 5630 1 13.7234 13.7234 174 
-0.94075 -2.956 -5 -0.0459936 0.680894 1.8946 3.99806 22 924 4293 3164 1 0.298774 0.298774 49 
4.27103 2.42784 -5 0.347506 -0.301933 0.221801 4.02224 22 925 1593 1592 1 2.28865 2.28865 55 
-5 -4.03051 3.43172 0.199399 0.178692 0.206572 4.03191 22 926 2208 2161 1 9.55689 9.55689 166 
5 2.7174 0.626663 -0.0671652 0.107791 0.0512918 4.04033 22 927 1225 1224 1 6.93043 6.93043 78 
0.42296 -5 -2.196 1.28074 2.19719 6.89084 4.00363 22 928 1420 1226 1 4.97322 4.97322 112 
2.71623 -1.71581 -5 5.50628 1.74886 6.86815 4.00717 11 929 2294 2179 1 2.16792 2.16792 54 
-0.75177 -5 0.12018 0.381777 0.324494 0.120948 4.02876 22 930 3537 3339 1 0.730266 0.730266 43 
-1.8191 -5 -3.22734 -4.623 8.19924 -1.88995 4.03315 -11 931 3214 3213 1 2.53059 2.53059 42 
2.95124 3.25792 -5 0.0498479 1.17571 4.15245 3.99975 22 932 2235 2058 1 0 0 7 
1.47053 -5 3.11174 0.210348 0.26292 0.733461 4.03793 22 933 1426 1394 1 7.44797 7.44797 127 
-0.102466 -5 -4.86563 -0.02219 0.177257 0.328567 4.01614 22 934 1967 1934 1 16.9139 16.9139 299 
-2.83621 -2.03802 -5 -0.762216 1.24782 2.66326 3.99618 22 935 1354 1318 1 3.10192 3.10192 56 
3.82316 0.594333 -5 0.179152 0.442821 0.181477 4.0813 22 936 1637 1612 1 13.9338 13.9338 92 
3.41382 -2.76642 -5 5.4173 -0.643462 7.70094 4.02921 11 937 10004 9934 1 1.60541 1.60541 27 
-4.06605 1.4955 -5 -0.244361 0.286194 0.755015 3.99797 22 938 2852 2582 1 17.7368 17.7368 91 
5 -1.28539 4.92339 -0.312944 0.264037 0.295608 4.06858 22 939 1213 1194 1 5.18292 5.18292 130 
0.952388 -2.39951 -5 0.457897 12.1105 108.242 3.98828 22 940 1901 1756 1 9.265 9.265 156 
-0.875876 -4.34443 -5 0.169842 0.186978 0.372525 4.00516 22 941 1912 1817 1 0 0 11 
1.80828 -5 3.90568 -0.710311 2.75475 5.45011 4.02456 22 942 3994 3993 1 11.9771 11.9771 99 
1.57987 -4.77901 -5 -0.133413 0.289647 0.382496 4.08279 22 943 4009 3991 1 0 0 3 
-2.96596 0.774965 -5 -0.0099054 0.176921 0.586548 4.00004 22 944 5330 5108 1 15.263 15.263 204 
-5 -4.86615 1.65536 2.36006 1.61201 0.607293 4.01865 -11 945 1870 1869 1 5.42461 5.42461 120 
0.308063 0.784472 -5 -0.368724 0.294207 0.529338 4.00961 22 946 6622 6213 1 0.228932 0.228932 8 
-3.28529 -5 -0.0526669 -0.113889 0.171577 -0.0889121 4.04724 22 947 10595 10523 1 0 0 2 
-1.3132 -5 1.492 -0.0474352 0.249229 0.188127 4.03224 22 948 5658 5585 1 0.333276 0.333276 28 
4.77377 -5 3.61649 3.79494 17.7984 18.3377 4.02398 11 949 2057 1860 1 10.7299 10.7299 154 
4.12672 1.41271 -5 0.14598 0.512205 0.717243 4.00612 22 950 16229 16182 1 0 0 7 
3.42471 1.39195 -5 -0.602471 3.83179 8.79034 4.00323 22 951 1049 1 1 0.736515 0.736515 15 
2.83415 -5 3.32015 0.0225678 0.411257 2.02798 4.01891 22 952 2950 2832 1 4.8273 4.8273 68 
3.7604 -3.96669 -5 -0.199296 -0.122286 0.347252 4.01152 22 953 2737 2379 1 0.678656 0.678656 37 
5 -4.28238 1.14185 -0.497765 0.104996 -0.0482286 4.01482 22 954 3303 3302 1 5.10127 5.10127 105 
3.61984 -4.9089 -5 0.183342 0.196117 0.151562 4.09399 22 955 1996 1963 1 1.86533 1.86533 113 
-0.254417 -4.9594 -5 -0.199528 1.23253 2.04483 4.00909 22 956 7277 7151 1 8.00585 8.00585 112 
-0.622927 -0.437354 -5 -1.72346 3.16101 10.7038 3.9976 22 957 1501 1293 1 11.3056 11.3056 117 
3.64971 -5 -3.5421 -0.23825 0.231985 1.14482 3.99732 22 958 5018 4799 1 3.4679 3.4679 103 
0.15916 0.886013 -5 0.0952559 0.462211 0.796187 4.00384 22 959 1650 1587 1 3.11388 3.11388 53 
-2.5065 -4.81944 -5 0.456515 0.279044 0.794339 3.99512 22 960 1121 1 1 9.82869 9.82869 98 
-0.0897364 -5 4.5815 -0.206842 0.346239 0.718375 4.02285 22 961 1103 1090 1 9.07677 9.07677 195 
-2.19269 -4.93961 -5 0.00229979 0.237443 0.294027 4.01267 22 962 5107 5062 1 1.38697 1.38697 100 
-1.89101 -5 -4.08678 9.78073 5.31267 27.2697 3.99198 -11 963 2250 2249 1 22.0074 22.0074 201 
2.28522 -1.31535 -5 -0.098632 0.75629 5.10534 3.99103 22 964 1774 1605 1 0.0422873 0.0422873 13 
-0.937006 -1.75629 -5 0.0233829 0.295155 0.682297 3.99708 22 965 1285 1 1 2.81529 2.81529 58 
-0.320506 -3.39341 -5 -0.0686529 0.178058 0.474027 4.03351 22 966 31049 31048 1 0.0837372 0.0837372 5 
1.27312 5 -1.98012 -0.0691175 -0.162633 0.0951934 4.13499 22 967 4818 4267 1 1.13653 1.13653 43 
0.0734168 -2.19764 -5 0.58967 1.54268 3.99243 4.00158 22 968 5182 4934 1 0.646118 0.646118 25 
-0.623651 -4.21582 -5 0.0599339 0.345352 0.286793 4.01142 22 969 6494 6447 1 4.50898 4.50898 46 
-5 -3.36951 -2.42913 0.45813 0.0772985 0.212749 4.02778 22 970 7948 7947 1 0.717691 0.717691 42 
-4.84061 -5 -3.81058 -1.36208 2.06029 4.30917 4.00313 22 971 5607 5539 1 18.2138 18.2138 252 
5 -1.75064 2.76283 -4.94165 -0.332922 5.89473 4.02493 22 972 5116 5115 1 12.7101 12.7101 143 
-3.77659 -0.702515 -5 -0.108754 0.529073 1.33381 4.01082 22 973 8992 8882 1 0.51041 0.51041 39 
2.20482 2.36315 -5 0.325507 0.426254 2.14468 3.99821 22 974 3460 3285 1 6.71922 6.71922 102 
-3.41066 -0.806739 -5 -0.180248 0.192184 0.357611 4.00383 22 975 6817 6794 1 0.361261 0.361261 40 
5 -4.07966 -4.48569 -1.00121 -0.969385 -0.247007 4.05428 22 976 5550 5463 1 0 0 8 
-2.49155 -0.607926 -5 -0.031537 0.114626 0.534706 3.99554 22 977 1610 1 1 3.46862 3.46862 32 
-5 -4.96285 -4.48111 0.328544 -0.0375783 0.0562698 4.06908 22 978 7155 6776 1 1.08482 1.08482 90 
-4.80514 -5 -2.68499 -0.349489 1.21885 4.32893 4.00403 22 979 13802 13638 1 0.616821 0.616821 12 
0.156181 -2.18043 -5 -0.77038 0.463618 0.398788 4.04005 22 980 4759 4678 1 8.79422 8.79422 113 
5 2.12778 -2.97937 -0.0832364 0.281585 0.822126 4.00725 22 981 2256 2145 1 0 0 13 
-4.0883 -5 0.726035 -0.140163 0.323562 0.36984 4.04702 22 982 2781 2754 1 5.67181 5.67181 135 
-2.25467 2.51477 -5 3.37162 8.04959 12.8965 3.99561 -11 983 6665 6664 1 8.69396 8.69396 175 
-5 2.1272 -3.72105 0.166007 1.0948 2.26275 4.01408 22 984 8570 8543 1 0.409984 0.409984 17 
-0.700414 -5 -3.21675 0.0140357 0.637323 0.300461 4.03917 22 985 1559 1272 1 1.52078 1.52078 42 
4.1133 -2.97409 -5 -0.0558067 0.898497 0.675577 4.05691 22 986 7135 7134 1 0.726711 0.726711 8 
-0.542751 -5 4.76947 -1.46498 3.25633 5.628 4.02915 22 987 3701 3665 1 0.774332 0.774332 9 
-4.71329 -4.74575 -5 -0.0734721 0.275548 0.424023 4.0089 22 988 4123 4122 1 21.7228 21.7228 193 
1.04643 -5 4.33657 0.10628 0.154893 0.0871477 4.12127 22 989 1347 1 1 2.81803 2.81803 21 
2.01998 -5 -3.3653 0.134242 0.1991 -0.130759 4.06767 22 990 2046 2027 1 7.0485 7.0485 111 
5 0.913037 3.16233 -0.395686 0.810684 0.302615 4.04549 22 991 1004 1003 1 1.25024 1.25024 36 
-0.55226 -5 -4.55698 -0.0753334 0.407765 0.281483 4.03338 22 992 9963 9921 1 6.79617 6.79617 42 
1.77395 -5 -4.86761 -0.0725919 0.26739 -0.211863 4.0665 22 993 2044 2043 1 6.90447 6.90447 110 
4.29954 -3.14529 -5 -0.104232 6.12873 20.4492 3.99529 22 994 4053 3955 1 1.8047 1.8047 21 
1.08489 -5 3.85999 0.105121 0.327518 0.187802 4.07467 22 995 2633 2557 1 3.50758 3.50758 59 
0.265189 -3.96699 -5 0.202237 0.112187 0.375566 4.00865 22 996 13734 13733 1 6.42542 6.42542 11 
-2.50914 1.17135 -5 -0.0119037 0.555216 1.45256 4.00207 22 997 1499 1194 1 3.92399 3.92399 30 
-5 -3.01 1.15835 1.30468 -0.0440442 1.21293 4.01037 11 998 1936 1935 1 1.56665 1.56665 33 
3.07623 3.26491 -5 -0.176916 0.222864 0.424443 4.06424 22 999 21816 21786 1 0.490221 0.490221 15 
-0.562159 -5 0.191231 -4.19502 8.00487 5.17778 4.01774 -11 1000 2315 2314 1 33.4858 33.4858 297 
