# Det5_5_20
#x y z Px Py Pz t PDGid EventID TrackID ParentID Weight Edep VisibleEdep Ntracks
-1.3967 -4.58354 -5 0.533819 -0.667401 19.8524 3.98669 22 1 1744 1 1 25.1283 25.1283 191 
5 1.06351 -3.47715 -35.569 23.8035 160.251 3.9923 -11 2 5060 5059 1 66.7526 66.7526 434 
5 3.70727 -3.31617 -4.17378 2.96747 41.3207 3.99368 -11 3 5632 5631 1 40.0021 40.0021 513 
2.19136 0.694265 -5 -0.213019 -0.0451983 0.386113 3.99061 22 4 2129 1819 1 18.5161 18.5161 163 
-0.0740781 2.63354 -5 0.0665171 0.0938916 1.85548 3.98684 22 5 2152 1923 1 56.4749 56.4749 515 
-4.58047 3.72022 -5 -1.22506 -0.329011 1.83477 4.00612 22 6 1462 1425 1 27.2379 27.2379 383 
5 4.41116 -2.8323 -0.084571 -0.120061 0.367044 4.00078 22 7 3339 3338 1 2.61151 2.61151 76 
4.88084 5 -2.34087 -0.157199 -0.333119 0.20111 4.03493 22 8 2629 2456 1 25.2091 25.2091 237 
-2.1564 -1.5791 -5 -0.173885 0.118375 2.75328 3.98743 22 9 2592 2457 1 94.0561 94.0561 974 
2.56225 5 -2.32004 -0.182252 -0.0934478 -0.199405 4.04286 22 10 1035 1 1 40.5128 40.5128 377 
4.23299 5 3.03003 -0.20557 -0.236058 0.674773 4.02721 22 11 9932 9783 1 11.6256 11.6256 120 
5 4.4825 -3.2755 -0.188498 0.0332085 0.067591 4.10084 22 12 7651 7453 1 142.504 142.504 1094 
3.61008 1.54313 -5 -0.105049 0.313912 0.389286 4.01865 22 13 1678 1677 1 27.9157 27.9157 269 
2.10483 4.62858 -5 -0.519264 -0.179613 1.3514 3.99073 22 14 5901 5758 1 21.5796 21.5796 219 
-4.01143 -2.81465 -5 -0.02571 0.17267 0.97404 3.98997 22 15 2266 2011 1 12.3907 12.3907 94 
3.00872 5 -4.68122 1.32741 -0.777424 4.50724 3.99748 22 16 2715 2353 1 28.2469 28.2469 362 
0.543491 -4.89407 -5 0.0323177 0.0798511 0.57509 3.98773 22 17 2096 1930 1 15.5463 15.5463 264 
-3.40689 -4.32609 -5 -0.225595 -0.108385 0.229199 4.0474 22 18 2238 2237 1 13.538 13.538 281 
1.96442 -1.95278 -5 -0.286376 -11.3167 38.1624 3.9876 -11 19 2827 2826 1 14.2537 14.2537 62 
2.97396 -4.14102 -5 0.948776 -0.787802 6.63699 3.98956 22 20 1254 1192 1 33.2877 33.2877 335 
5 -0.501478 -0.861194 -0.302336 0.0650521 0.183804 4.01958 22 21 1613 1521 1 95.8729 95.8729 539 
0.626502 5 3.00997 -0.0345587 -0.219393 0.533072 4.02626 22 22 3206 3173 1 18.6135 18.6135 249 
5 -0.29625 2.15558 -0.182848 0.155245 0.45194 4.0381 22 23 1849 1739 1 22.7348 22.7348 192 
3.04036 1.60568 -5 0.207973 0.0190757 0.861788 3.99265 22 24 1220 1 1 51.7144 51.7144 441 
-2.48725 -1.26234 -5 15.201 -6.87775 242.777 3.98685 22 25 2084 1834 1 45.6649 45.6649 364 
5 4.94751 -1.13639 -0.905306 2.88166 1.17591 4.00268 -11 26 1123 1122 1 64.8307 64.8307 510 
-4.05194 4.06096 -5 -0.0396147 0.0906624 0.112276 4.01797 22 27 2814 2722 1 55.0888 55.0888 421 
-2.61817 -5 -4.58123 -0.146279 0.135617 0.0504032 4.09591 22 28 2042 1068 1 36.4127 36.4127 316 
4.91771 1.73364 -5 0.143385 0.434204 17.4233 3.98627 22 29 4242 3007 1 80.0654 80.0654 677 
-0.80207 -5 -3.95754 -0.328302 0.298125 -0.253888 4.02363 22 30 2227 2225 1 4.66821 4.66821 42 
-4.58246 0.666102 -5 -0.0619026 -0.0700368 0.744752 3.98874 22 31 1266 1 1 32.0654 32.0654 317 
-5 2.77995 3.97006 1.79886 -0.816711 11.2071 4.01866 -11 32 3109 3108 1 103.742 103.742 1011 
4.94987 -0.44769 -5 0.0123696 -0.131195 0.469117 3.98772 22 33 2172 2118 1 88.3323 88.3323 815 
-0.221302 0.044357 -5 -0.194579 -0.91324 3.99766 3.99872 22 34 1003 1 1 19.9691 19.9691 264 
-0.440186 -5 4.26514 0.153803 0.356975 0.499296 4.01897 22 35 2646 2587 1 22.1256 22.1256 254 
-1.32714 -4.17316 -5 0.318654 -1.34765 35.2866 3.98636 22 36 6038 5285 1 101.516 101.516 662 
-4.37438 1.30725 -5 1.33601 2.15251 21.7593 3.98679 22 37 6248 6136 1 46.3171 46.3171 527 
4.77787 2.0651 -5 0.55833 0.405761 11.3603 3.98657 22 38 1164 1 1 79.121 79.121 951 
-2.36972 -4.94636 -5 -0.0199783 0.0323436 15.4226 3.98669 22 39 1931 1930 1 37.0152 37.0152 255 
-3.64347 -0.00730062 -5 0.124 -0.0991279 0.489228 3.99177 22 40 4459 4338 1 40.0499 40.0499 368 
-5 0.127064 0.580582 0.12534 0.172734 0.248051 4.02584 22 41 2147 1962 1 4.79781 4.79781 177 
-0.683749 -2.89212 -5 -0.0688676 -0.145397 3.48013 3.98656 22 42 1954 1 1 181.582 181.582 1553 
-1.08739 5 4.05541 -1.34491 -0.766382 4.12768 4.06565 22 43 2332 2331 1 7.32123 7.32123 66 
-4.98652 -1.5045 -5 0.00587827 -0.197388 0.488811 3.9896 22 44 2561 2481 1 80.1603 80.1603 583 
3.80525 5 -2.14328 0.564159 -0.187019 0.694826 4.00634 22 45 1278 1 1 108.367 108.367 965 
-2.58292 5 4.32836 0.213389 -0.184978 0.168254 4.1188 22 46 1255 1253 1 0.622573 0.622573 75 
-2.26761 1.26502 -5 -0.425693 0.443661 3.65031 3.98914 22 47 4021 3728 1 64.0249 64.0249 577 
3.33813 -2.21867 -5 3.94537 4.66415 130.985 3.9863 -11 48 1439 1438 1 135.463 135.463 1147 
-5 -2.94268 0.377471 3.71387 -0.500323 3.60612 4.00571 11 49 1570 1569 1 19.2235 19.2235 228 
1.32314 1.96462 -5 -0.632743 0.220269 4.9223 3.98976 22 50 1109 1 1 12.1715 12.1715 189 
-1.35195 -0.13704 -5 0.215955 -0.0317779 15.1557 3.98646 22 51 2320 2187 1 62.6275 62.6275 349 
-4.605 5 1.9116 -1.52789 -1.13346 -2.39777 4.02183 -11 52 1958 1957 1 6.95251 6.95251 109 
-5 -2.21715 3.138 0.0510467 0.160013 0.353488 4.01846 22 53 1074 1 1 28.302 28.302 303 
5 -2.84781 3.17798 -0.125463 -0.23607 3.53941 4.01407 22 54 1755 1601 1 35.5943 35.5943 372 
-4.1914 -3.45712 -5 -6.97661 3.27045 27.2418 3.99047 22 55 4887 4818 1 38.2434 38.2434 261 
-0.496584 4.01439 -5 -6.99496 -5.82448 73.2113 3.98692 22 56 1101 1 1 65.5263 65.5263 627 
-0.741472 2.87281 -5 -0.285286 -0.0155184 0.279886 4.03393 22 57 1262 1241 1 6.35068 6.35068 85 
-3.36478 -5 -2.85956 -0.429927 0.362341 1.48757 3.99805 22 58 2975 2921 1 3.75601 3.75601 68 
-2.22116 0.624773 -5 5.7918 0.274757 10.4098 3.98696 -11 59 1210 1209 1 66.87 66.87 552 
0.431347 0.941613 -5 0.219319 -0.0968511 1.41967 3.98922 22 60 5837 5674 1 7.53507 7.53507 178 
2.22014 1.60802 -5 0.0346229 0.0472372 0.368219 3.98935 22 61 1859 1602 1 32.2305 32.2305 422 
5 -3.47348 -4.93991 -3.95234 0.498056 -0.142251 3.99557 -11 62 2333 2332 1 9.78148 9.78148 205 
-4.25014 -5 -1.7211 -0.764168 1.31177 0.730237 4.01804 22 63 2333 2224 1 148.499 148.499 1228 
5 1.02222 3.63945 -0.546183 -0.111317 0.309041 4.02011 22 64 8686 7479 1 27.4386 27.4386 239 
0.998703 -1.62135 -5 -2.63458 0.656887 18.8326 3.98658 11 65 1267 1047 1 84.6198 84.6198 734 
4.91233 -3.69392 -5 -0.133583 -1.95528 15.1825 3.98757 22 66 1576 1227 1 38.4829 38.4829 346 
1.77099 -4.31482 -5 0.0163198 -0.0143565 0.782602 3.9863 22 67 2477 1 1 56.0823 56.0823 509 
2.8048 5 -1.60956 -0.189492 -0.174758 0.0899744 4.07996 22 68 1248 1247 1 32.3346 32.3346 444 
4.8824 4.58479 -5 -0.380488 -0.232478 2.59898 3.99148 22 69 4322 4172 1 12.1654 12.1654 77 
1.13163 -0.207305 -5 -10.8353 -24.9155 343.535 3.98628 -11 70 2197 2196 1 194.017 194.017 1322 
-0.891389 -1.93146 -5 -0.101169 -0.212817 0.156297 4.02224 22 71 4491 4090 1 7.36223 7.36223 159 
2.73709 1.76102 -5 5.58998 -0.446707 179.579 3.98631 22 72 1223 1 1 77.6399 77.6399 692 
-2.20201 0.543248 -5 -0.0867146 -0.0729716 0.748615 3.98779 22 73 4915 4852 1 105.596 105.596 821 
-4.6089 -4.55204 -5 -0.933828 0.238132 4.55111 3.98841 22 74 1342 1231 1 54.0815 54.0815 400 
-3.57078 4.53754 -5 -10.141 -2.48843 30.1647 3.98923 11 75 1427 1279 1 91.5847 91.5847 820 
2.14191 -5 -0.51429 -0.208631 0.342697 0.316468 4.02918 22 76 10510 10509 1 49.4688 49.4688 533 
1.02771 3.16579 -5 0.678864 -0.558098 0.747152 4.00181 22 77 2325 2302 1 13.6209 13.6209 224 
-1.1941 0.831755 -5 -4.88238 13.4788 33.7582 3.98713 -11 78 1320 1319 1 175.851 175.851 1393 
-0.0577665 -5 -2.99678 0.13996 0.178507 -0.0342279 4.16334 22 79 5307 5180 1 18.3233 18.3233 216 
5 -1.33251 3.91973 -2.47847 1.14367 0.415115 4.01827 11 80 1468 1429 1 34.2238 34.2238 305 
-5 -4.0844 1.74738 0.229936 0.269358 0.561322 4.02393 22 81 2176 1820 1 11.094 11.094 187 
0.535548 4.71515 -5 0.250957 0.424105 1.41308 3.99291 22 82 1708 1331 1 71.5204 71.5204 745 
-4.46545 3.79946 -5 0.513889 22.8983 70.0912 3.98783 -11 83 1183 1182 1 115.776 115.776 946 
1.01859 5 2.80968 3.17231 -3.31608 3.32989 4.01599 -11 84 5214 5213 1 11.8564 11.8564 103 
-0.542995 -3.64405 -5 0.330146 -0.419522 3.62464 3.98974 22 85 1720 1 1 24.8218 24.8218 365 
-5 -1.04176 -4.0575 0.395827 -0.193113 0.25913 4.03392 22 86 3579 3578 1 33.124 33.124 336 
-4.39738 4.6225 -5 0.353086 -0.400965 10.6638 3.98653 22 87 5014 4370 1 32.0974 32.0974 234 
1.60607 -5 -1.88591 -0.0410225 0.249715 0.373539 3.99918 22 88 2482 2455 1 56.6597 56.6597 478 
-2.16571 -1.33451 -5 0.0362132 -0.220765 6.81236 3.98629 22 89 2681 1867 1 97.4272 97.4272 1043 
4.66859 3.87551 -5 -0.0764074 -0.24887 0.439711 4.00198 22 90 6926 6873 1 24.298 24.298 162 
-1.00414 3.70828 -5 -0.0915288 0.194638 0.463528 4.07564 22 91 1831 1830 1 9.56509 9.56509 162 
4.41143 0.155452 -5 0.350854 -0.136598 2.10038 3.98989 22 92 1528 1460 1 57.3075 57.3075 550 
1.47117 -2.84561 -5 -0.0232733 0.0901522 0.510423 3.9898 22 93 2651 2616 1 76.4875 76.4875 797 
1.71509 -4.46848 -5 -0.0161731 -0.0381149 0.455042 3.98812 22 94 4049 3371 1 48.1569 48.1569 415 
-4.16374 -5 -2.76915 -0.185663 0.439347 0.183366 4.08065 22 95 1103 1100 1 2.66291 2.66291 84 
3.7083 1.45794 -5 0.244611 0.638624 5.91847 3.98899 22 96 2460 2000 1 1.3026 1.3026 101 
-2.19055 1.15991 -5 0.0523912 -0.0427916 0.761828 3.98701 22 97 2532 2385 1 106.895 106.895 800 
-4.55966 -0.53198 -5 -1.55689 3.03755 147.224 3.98621 22 98 1727 1 1 54.9039 54.9039 589 
-3.36088 -4.48876 -5 -0.0277026 0.507279 0.054962 4.00409 22 99 1948 1946 1 30.3754 30.3754 325 
-0.310759 -5 -4.15867 0.109815 0.503997 0.229892 4.03507 22 100 1935 1805 1 73.0009 73.0009 708 
-3.89612 3.82381 -5 -3.18041 2.06602 27.8796 3.98642 -11 101 1737 1736 1 86.5711 86.5711 696 
4.32779 -1.54985 -5 0.0283805 0.144126 1.13415 3.99965 22 102 1069 1 1 3.45144 3.45144 44 
3.19075 -4.55448 -5 -0.177544 -0.114104 3.70998 3.98654 22 103 1577 1 1 21.3238 21.3238 300 
-4.53701 -0.764434 -5 2.03073 -2.44981 8.29792 3.99977 22 104 2587 2486 1 60.625 60.625 729 
-2.08921 1.44677 -5 0.678399 -1.56949 13.3468 3.98763 22 105 1914 1736 1 99.9837 99.9837 1115 
-5 -4.5541 3.06795 6.97087 -0.752096 0.448901 4.03145 22 106 2208 2204 1 63.3606 63.3606 379 
-3.65158 -0.24997 -5 -0.770179 0.17135 5.58413 3.989 22 107 3870 3776 1 10.3869 10.3869 120 
-3.72622 -1.53389 -5 -0.0476678 -0.193819 0.0796602 4.00916 22 108 5468 5397 1 8.31489 8.31489 149 
-4.63273 5 -4.15744 0.354398 -0.354962 -0.0975899 4.07251 22 109 1744 1742 1 97.6059 97.6059 763 
3.47163 2.13021 -5 -3.93471 1.7008 46.9778 3.98711 22 110 1660 1525 1 41.0925 41.0925 407 
-5 0.577652 3.13933 -0.316549 0.644447 1.003 4.02495 11 111 2891 2886 1 58.1932 58.1932 534 
-5 -3.28404 0.623106 0.068189 -0.602505 7.843 4.00611 22 112 5707 5359 1 68.9827 68.9827 622 
-0.646835 -1.57301 -5 -0.26073 -0.442488 1.08692 4.00621 22 113 4388 4320 1 2.77956 2.77956 29 
3.86288 5 4.03395 -1.99981 -4.66053 28.1096 4.01674 11 114 1806 1802 1 25.3973 25.3973 250 
-4.345 4.99357 -5 -1.59333 0.0338886 7.87555 3.98969 22 115 1083 1 1 63.9166 63.9166 510 
-3.87434 2.47673 -5 3.87354 0.389448 47.6943 3.98689 22 116 3268 2626 1 10.1468 10.1468 157 
-4.54751 -5 -2.15544 5.39975 2.29846 9.04627 4.00912 -11 117 2342 2341 1 32.2805 32.2805 282 
1.9432 4.89358 -5 -2.98627 3.38883 105.268 3.98635 -11 118 2800 2799 1 97.0676 97.0676 770 
3.35782 -0.948592 -5 -0.17212 0.46905 10.0303 3.98647 22 119 2206 2137 1 134.849 134.849 1156 
4.84125 -5 0.342003 -0.131631 0.492518 0.0349126 4.0292 22 120 5949 5919 1 12.5424 12.5424 204 
-2.74968 -5 0.31509 1.32926 3.92141 43.9122 4.00513 11 121 1513 1301 1 37.9207 37.9207 328 
3.53604 -3.65018 -5 -0.0128134 -0.0705316 1.93018 3.98648 22 122 1546 1 1 90.5201 90.5201 801 
-2.07979 1.60438 -5 -0.592495 -0.0810122 2.63942 3.99033 22 123 4963 4929 1 8.97692 8.97692 152 
-3.57858 -1.71627 -5 0.617614 0.249787 7.8406 3.98773 22 124 1254 1 1 12.3155 12.3155 225 
-2.72683 2.50519 -5 -0.152166 -0.301855 0.237041 4.00361 22 125 1656 1655 1 142.155 142.155 808 
5 4.08553 3.72748 -0.200348 0.324342 3.36757 4.01629 22 126 3103 2961 1 47.7325 47.7325 504 
-2.32074 1.948 -5 0.0157986 0.00805425 1.07192 3.98635 22 127 3103 3054 1 132.502 132.502 952 
0.434325 3.72409 -5 0.645102 0.0120742 2.51135 3.99422 22 128 5556 5464 1 9.13885 9.13885 107 
2.55277 3.92143 -5 0.0131989 0.0268405 1.43908 3.98621 22 129 2741 1 1 184.621 184.621 1174 
-2.86255 -4.37889 -5 -0.030419 0.016259 2.79833 3.98613 22 130 2861 1 1 33.1305 33.1305 353 
-4.17791 -2.55187 -5 -0.132879 -0.0877274 4.85207 3.9863 22 131 1950 1 1 102.438 102.438 840 
-4.68223 -3.11898 -5 0.0050763 0.0206556 0.541625 3.98639 22 132 3354 3010 1 13.8066 13.8066 166 
1.89702 4.90982 -5 -0.00698078 0.159813 4.39769 3.98623 22 133 2003 1585 1 52.342 52.342 532 
-0.130741 -0.26683 -5 0.00198816 -0.163942 13.3506 3.98638 22 134 3292 2550 1 191.79 191.79 1666 
4.5783 2.3148 -5 0.0177325 0.0901803 1.77614 3.98859 22 135 1624 1 1 17.8279 17.8279 281 
-0.865489 -0.190718 -5 -0.0612717 0.00483067 0.507289 3.99836 22 136 1755 1754 1 29.1042 29.1042 234 
1.21223 5 -2.63328 -0.243863 -0.320344 0.27906 4.00302 22 137 2231 2145 1 42.1106 42.1106 357 
0.555572 -0.0874444 -5 -0.205608 0.119613 0.417219 4.00799 22 138 2550 2422 1 106.133 106.133 790 
-3.63206 1.07334 -5 -0.766841 -1.1403 2.81252 3.99737 22 139 4901 4713 1 20.7056 20.7056 253 
-2.40701 0.351026 -5 0.0451639 0.0766663 1.21715 3.98685 22 140 2450 2328 1 68.0336 68.0336 610 
1.79618 3.76785 -5 2.02172 0.544457 13.6298 3.98907 22 141 2205 2039 1 10.8949 10.8949 220 
-5 -4.78871 -2.73591 0.340109 0.137419 0.172514 4.20777 22 142 1306 1305 1 39.1313 39.1313 261 
-1.68396 0.748905 -5 0.103992 0.0182984 3.53873 3.98653 22 143 2949 2272 1 38.3088 38.3088 291 
5 -0.0997445 -3.23646 -0.0626361 -0.0542156 -0.0367633 4.01877 22 144 1770 1769 1 4.00271 4.00271 94 
-2.51123 5 -2.97834 0.0478025 -0.339003 0.151125 4.02478 22 145 3253 3179 1 16.9887 16.9887 158 
-2.66064 3.1445 -5 0.657971 6.68576 81.7398 3.98651 22 146 1147 1002 1 141.201 141.201 999 
-4.10506 -1.57779 -5 0.0151302 0.00590159 0.466893 3.98628 22 147 4856 4781 1 20.6804 20.6804 231 
-0.467739 -4.58737 -5 2.97402 5.32467 98.317 3.9869 22 148 1668 1 1 9.21106 9.21106 197 
-4.11274 -0.000930245 -5 -0.328588 -0.409919 7.75402 3.98674 22 149 1717 1484 1 105.838 105.838 1120 
5 -2.56251 1.18214 -0.116725 0.0301633 0.216738 4.02476 22 150 4025 4024 1 103.335 103.335 833 
5 4.92102 2.31317 -0.273898 0.144971 -0.0524902 4.03101 22 151 1066 1 1 27.6462 27.6462 167 
0.0104147 1.88112 -5 0.875889 1.39157 3.09502 3.98771 22 152 3680 1 1 53.7302 53.7302 448 
-3.11264 -1.12071 -5 -0.0167196 0.0179058 0.573614 3.98702 22 153 5200 5030 1 35.7301 35.7301 421 
5 0.746705 -2.87193 -0.021579 0.0153325 0.167414 3.99895 22 154 1408 1359 1 31.2748 31.2748 295 
-5 1.18677 1.08375 0.876901 -0.149075 0.952744 4.03959 22 155 3568 3532 1 112.688 112.688 1172 
1.63807 4.30102 -5 15.3456 9.99465 46.308 3.98801 11 156 1 0 1 111.067 111.067 1023 
0.0185379 1.45894 -5 -0.0535708 -0.00388596 0.681902 3.98699 22 157 1450 1 1 38.1315 38.1315 320 
4.21417 2.51298 -5 0.047112 -0.123446 0.275454 3.99699 22 158 1375 1264 1 1.18384 1.18384 140 
-2.95121 -3.77085 -5 0.226601 0.103662 0.194866 3.99171 22 159 2793 2792 1 65.0985 65.0985 769 
5 3.191 0.563109 -0.550426 0.0915905 0.252205 4.01341 22 160 2107 2039 1 122.015 122.015 1002 
-3.29174 5 -4.95658 0.00109588 -0.014564 0.0302225 3.98652 22 161 3094 3083 1 15.3061 15.3061 252 
-5 -3.86779 -4.93468 0.464109 -0.0535464 -0.207015 4.01747 22 162 3073 3045 1 4.66026 4.66026 101 
3.15693 1.46245 -5 1.97662 0.57187 22.3923 3.98771 22 163 3009 2565 1 49.2527 49.2527 474 
-5 -2.99222 4.37509 0.234263 -0.200799 0.459583 4.02308 22 164 1190 1161 1 15.9374 15.9374 169 
-1.4242 4.4704 -5 -0.0406393 0.155935 0.33535 3.99184 22 165 10410 10199 1 39.7563 39.7563 359 
5 0.623173 -3.71976 -0.891007 1.26491 3.33716 4.00075 22 166 1855 1 1 1.97732 1.97732 16 
5 -4.58685 4.97744 -2.13103 0.646658 1.15296 4.03818 11 167 6758 6756 1 9.26309 9.26309 122 
5 -1.20948 -4.08654 -0.0982382 0.141051 -0.0785804 5.03899 22 168 4741 4737 1 35.7753 35.7753 220 
3.1216 -1.84647 -5 -1.91379 -0.217287 4.88235 3.99007 -11 169 1511 1510 1 92.7427 92.7427 598 
1.36094 -4.33533 -5 0.0432893 -0.100071 3.5876 3.98637 22 170 2579 1 1 71.4675 71.4675 547 
-2.1674 3.48298 -5 0.414288 0.0592718 1.77644 3.99034 22 171 3343 3082 1 16.3074 16.3074 137 
-2.12487 -4.12536 -5 2.03453 -1.97645 0.912465 3.98887 -11 172 2139 2138 1 22.5597 22.5597 275 
3.58826 -5 1.48894 0.174568 0.310489 0.366391 4.05994 22 173 4875 4874 1 79.1014 79.1014 614 
0.832244 -2.86767 -5 -1.13535 0.0947243 5.44143 3.99037 22 174 2230 2103 1 16.1623 16.1623 98 
-4.56948 2.68484 -5 0.0351046 -0.0126614 1.25677 3.98633 22 175 2543 1 1 39.9037 39.9037 414 
1.84039 -4.93762 -5 0.0484204 -0.577481 0.478801 3.99906 22 176 1941 1863 1 63.6988 63.6988 472 
1.45662 -4.98984 -5 -0.00196359 -0.00958556 0.416102 3.98999 22 177 2341 2061 1 108.337 108.337 787 
5 0.308464 -0.826686 -4.75915 -1.02609 2.19129 4.00299 11 178 6012 5988 1 22.1513 22.1513 312 
-1.76926 4.5673 -5 -0.105785 0.0151362 0.571503 4.02459 22 179 1001 1 1 118.595 118.595 1048 
4.77745 -0.114045 -5 0.00941061 0.00474503 0.498617 3.98614 22 180 2235 2081 1 127.234 127.234 1049 
-0.360315 2.54588 -5 -0.132901 -0.0438494 0.38092 3.99905 22 181 6544 6284 1 1.47776 1.47776 52 
-1.57037 4.92457 -5 -0.0251501 0.0584322 0.0710862 4.00569 22 182 1215 1197 1 11.6279 11.6279 204 
1.10098 2.41602 -5 -15.7206 -7.66139 384.266 3.98614 -11 183 5096 5095 1 119.228 119.228 1077 
-0.683291 -0.576879 -5 0.26978 0.0938366 1.04467 3.99665 22 184 1762 1638 1 55.1278 55.1278 482 
3.06347 1.56924 -5 0.264694 0.326504 1.0908 3.99497 22 185 1843 1725 1 112.868 112.868 846 
-5 4.76061 -1.69122 0.785643 -0.849158 0.542558 4.05281 22 186 4967 4966 1 20.3746 20.3746 265 
5 -0.5365 -2.63662 -0.475252 0.0243953 -0.186172 4.03719 22 187 5857 5848 1 38.8878 38.8878 163 
-3.60249 5 3.34809 -0.482529 -0.0593456 -0.0410405 4.01727 11 188 1639 1616 1 64.5879 64.5879 544 
-0.855258 -4.07474 -5 0.0588717 0.273101 0.157881 4.0459 22 189 1280 1265 1 4.69055 4.69055 137 
1.59434 -5 1.00773 -0.437691 0.076829 0.252278 4.05289 22 190 1561 1559 1 42.8523 42.8523 486 
-1.38951 2.1555 -5 -6.23764 2.32015 46.1015 3.98892 22 191 2003 1834 1 16.1943 16.1943 213 
4.71697 -3.2238 -5 0.340461 0.028937 1.96594 3.98905 22 192 2232 2079 1 94.8578 94.8578 619 
1.2298 -0.38825 -5 0.00193492 -0.0225464 1.88161 3.98611 22 193 1370 1249 1 49.6412 49.6412 381 
-0.870756 -5 1.48966 0.0178414 0.123678 0.495485 4.07839 22 194 1807 1775 1 45.3168 45.3168 421 
-4.85162 3.23542 -5 3.12869 -0.0780156 5.99728 3.98912 -11 195 1827 1826 1 159.241 159.241 886 
-1.33024 -0.194719 -5 -0.13444 -0.483317 2.14846 3.99204 22 196 1580 1 1 20.4107 20.4107 256 
-0.321517 2.30641 -5 -0.0212145 -0.101288 0.288341 3.99617 22 197 1929 1765 1 25.5004 25.5004 325 
2.09356 5 4.14087 -0.934042 -1.41717 -0.0233108 4.0726 22 198 1002 1 1 96.0143 96.0143 1025 
5 -0.109629 -0.631416 -0.0648173 0.0976587 0.217001 4.01865 22 199 2598 2459 1 13.1676 13.1676 169 
-1.29129 2.38691 -5 -0.528083 0.426877 5.51145 3.98813 22 200 1662 1 1 63.3585 63.3585 639 
-2.96757 -4.60063 -5 -0.647472 -0.10976 6.17114 3.98777 22 201 2544 1973 1 35.0499 35.0499 303 
0.636883 -0.430957 -5 -0.262679 0.211284 0.337763 4.1641 22 202 1162 1161 1 35.5436 35.5436 470 
-5 3.19097 2.02151 0.704179 -0.0279945 0.56598 4.03154 22 203 4091 3667 1 12.2713 12.2713 168 
-1.74255 -5 -3.79811 -0.595102 0.895943 1.88692 4.00142 22 204 4811 4581 1 5.70859 5.70859 26 
3.97436 -2.42632 -5 0.269046 0.884505 3.75997 3.98892 22 205 1643 1558 1 17.1779 17.1779 240 
3.63251 -4.53419 -5 -2.4456 -28.1871 189.772 3.98675 22 206 1239 1238 1 138.978 138.978 1045 
-5 -1.86315 -4.88677 0.467298 0.199187 0.0554724 4.09702 22 207 1963 1962 1 39.8878 39.8878 365 
-3.94538 0.755725 -5 -0.152513 -0.0150275 0.84832 3.98944 22 208 7379 7233 1 32.148 32.148 319 
-0.00735938 1.29743 -5 1.65303 -0.0216954 15.9184 3.98772 22 209 1286 1 1 9.37993 9.37993 97 
0.58379 -1.20146 -5 -0.122665 0.0344968 0.377245 3.98803 22 210 1694 1646 1 95.7018 95.7018 766 
2.02246 -3.31009 -5 -0.92953 -0.134173 0.662225 4.00033 22 211 1506 1505 1 12.7444 12.7444 131 
2.30197 -0.816271 -5 -0.066526 -0.385747 0.700138 3.99509 22 212 1576 1574 1 108.69 108.69 1014 
-0.897766 -4.64871 -5 -10.1913 -2.07242 414.494 3.9861 -11 213 5370 5369 1 74.7564 74.7564 774 
0.177547 5 3.25275 0.702716 -0.338796 0.898346 4.01818 22 214 1430 1 1 19.5274 19.5274 199 
-4.49579 5 -0.686281 -0.412755 -1.33871 3.45014 4.00696 22 215 1449 1307 1 34.382 34.382 374 
2.51868 1.19309 -5 0.0956057 0.0277952 0.539101 3.98882 22 216 1173 1 1 74.3394 74.3394 617 
2.35901 -5 -0.945587 -0.322249 0.159361 0.0755168 4.17372 22 217 2123 2090 1 47.552 47.552 441 
-4.34378 -4.96633 -5 -0.206389 -0.108098 4.12994 3.98673 22 218 4596 4075 1 140.731 140.731 1080 
-3.12041 -5 -3.60359 4.02865 2.72514 -1.13698 3.99587 11 219 1792 1719 1 62.3574 62.3574 511 
3.59178 -2.33406 -5 0.11625 0.0617654 0.493752 3.99041 22 220 1094 1093 1 28.0037 28.0037 426 
5 -0.0893113 0.244333 -0.437412 -0.19878 0.174003 4.09036 22 221 3079 3055 1 14.2472 14.2472 110 
-2.60387 -5 0.948226 -0.061775 0.140312 0.382805 4.01534 22 222 7658 7628 1 50.5048 50.5048 366 
2.5211 2.15628 -5 2.82125 -1.91363 33.1997 3.98784 22 223 1394 1 1 16.142 16.142 353 
-2.31977 -5 -4.90064 0.0182058 0.504025 0.0821442 4.00714 22 224 1938 1937 1 45.1534 45.1534 349 
1.31324 5 0.979054 -0.167221 -0.335139 0.185477 4.06599 22 225 1294 1 1 75.806 75.806 803 
-4.45686 4.07922 -5 -0.0239703 -0.0522633 0.380575 3.98838 22 226 3035 2456 1 15.4202 15.4202 236 
2.50402 4.83508 -5 -0.103709 0.551574 0.558341 4.02658 22 227 2872 2379 1 5.1237 5.1237 22 
3.92152 1.72414 -5 0.123191 -0.206485 0.413501 3.99494 22 228 3130 3072 1 82.3563 82.3563 926 
3.9578 -3.15443 -5 2.03734 2.05039 157.136 3.98616 22 229 8184 6404 1 45.4348 45.4348 333 
-0.251329 -3.93484 -5 0.535678 -0.0212921 3.43286 3.98842 22 230 1893 1367 1 20.7757 20.7757 249 
4.56837 -1.24483 -5 0.0148525 0.408072 0.307207 4.02516 22 231 1767 1765 1 11.3691 11.3691 161 
4.89036 -3.10914 -5 0.0237154 -0.0622523 0.31559 4.00097 22 232 3682 3324 1 123.842 123.842 993 
3.36926 0.632977 -5 -0.00511971 0.0364541 0.811007 3.98679 22 233 2655 2415 1 88.7155 88.7155 732 
1.35063 3.02658 -5 -0.173337 -0.231288 0.421403 3.99808 22 234 4256 4255 1 16.9388 16.9388 239 
3.52753 -2.34221 -5 0.486131 -0.0842792 5.38292 3.98765 22 235 3358 3128 1 133.027 133.027 1144 
-0.935513 -4.60841 -5 -5.67068 -4.63283 52.1978 3.98621 -11 236 1449 1448 1 43.6337 43.6337 366 
1.15773 -1.30504 -5 0.464463 0.211097 17.9631 3.98645 22 237 1905 1 1 94.0337 94.0337 485 
3.33563 -0.714301 -5 0.0204095 0.041167 0.700201 3.98715 22 238 3303 1808 1 2.29714 2.29714 39 
4.23157 0.614565 -5 -9.69917 2.5921 51.3332 3.98792 22 239 1645 1593 1 10.0615 10.0615 79 
-5 -4.25279 4.94125 0.422086 -0.122684 0.507919 4.02909 22 240 1028 1 1 63.8618 63.8618 604 
0.956224 -4.10782 -5 1.40652 -1.2012 18.2938 3.98699 22 241 1152 1 1 78.0009 78.0009 578 
2.77036 1.92308 -5 0.1858 -0.187075 1.80652 3.9888 22 242 1620 1263 1 62.1548 62.1548 672 
-3.33631 0.547965 -5 -2.85389 -1.48343 47.9681 3.98651 -11 243 1606 1605 1 119.526 119.526 1041 
3.04972 -2.38908 -5 0.927652 1.3054 1.55971 3.98796 11 244 2673 2646 1 38.2555 38.2555 437 
-5 4.95219 -4.49989 1.88537 0.58169 4.72808 3.99533 -11 245 8607 8606 1 9.50943 9.50943 47 
4.98424 3.29384 -5 -0.343921 -0.0757915 5.43765 3.98657 22 246 2266 2046 1 26.4102 26.4102 202 
4.83643 -1.78565 -5 11.4462 0.474616 85.2036 3.98894 22 247 1283 1 1 49.9979 49.9979 537 
1.75979 1.35399 -5 0.030856 0.0304307 0.435315 3.98793 22 248 1888 1 1 68.9051 68.9051 759 
-5 4.22835 -0.986853 1.70262 -1.93031 -2.65273 4.02899 11 249 6817 6801 1 13.5009 13.5009 120 
3.9106 -4.91885 -5 -0.185945 -8.38948 0.876794 3.99404 -11 250 3829 3828 1 9.93725 9.93725 144 
3.55594 -0.256141 -5 -0.536065 -0.836066 2.78455 3.98762 22 251 1036 1004 1 132.235 132.235 823 
0.0506428 3.67169 -5 0.500876 0.9866 10.1078 3.98846 22 252 1997 1586 1 12.4495 12.4495 102 
5 3.42543 -3.32094 -0.251026 0.0816471 0.128156 4.00652 22 253 1363 1332 1 103.066 103.066 824 
2.90825 -4.5281 -5 -0.211385 -0.299367 0.282286 4.07146 22 254 1725 1724 1 24.7541 24.7541 291 
2.80127 -1.16975 -5 5.22214 7.31254 226.79 3.98625 22 255 2903 2878 1 143.053 143.053 1123 
1.89668 -3.97963 -5 1.35245 -0.398659 19.874 3.9871 22 256 2661 1637 1 45.7076 45.7076 506 
-3.78482 2.80287 -5 -0.631998 0.811626 4.33508 3.99258 22 257 2831 2528 1 14.6364 14.6364 161 
2.55967 -4.5214 -5 -0.198443 -0.039888 0.361752 4.01782 22 258 1136 1093 1 35.7146 35.7146 378 
-2.8242 3.4908 -5 0.373758 -0.264793 0.226515 4.01491 22 259 3939 3937 1 1.79887 1.79887 41 
-0.684029 -5 -1.3202 -2.78127 2.12192 -3.79586 4.00336 11 260 1364 1336 1 6.58197 6.58197 106 
2.19718 2.17598 -5 0.360754 -0.247391 11.8457 3.98639 22 261 1241 1 1 36.7964 36.7964 345 
4.30438 -2.36245 -5 2.87919 4.93883 249.246 3.98622 22 262 3514 2607 1 60.4551 60.4551 712 
1.30393 5 3.46579 -0.595876 -2.64155 2.23465 4.03686 22 263 3188 3186 1 17.1758 17.1758 185 
-5 2.15511 1.11515 0.155765 -0.154636 0.46146 4.07274 22 264 3127 3126 1 14.4256 14.4256 92 
3.35983 3.64995 -5 -0.302175 0.0964364 0.439108 3.99743 22 265 2080 1 1 53.6706 53.6706 520 
3.74311 -4.37917 -5 0.68142 0.800415 1.6209 3.99217 22 266 1358 1 1 88.4007 88.4007 841 
0.204362 -4.41203 -5 0.299834 2.36208 2.76066 3.98968 -11 267 1117 1116 1 79.5004 79.5004 678 
-4.29875 2.0575 -5 -0.386526 -3.67962 44.3005 3.98747 22 268 1014 1 1 21.346 21.346 80 
1.30539 4.06477 -5 -0.142447 0.146091 3.92661 3.98649 22 269 1660 1 1 102.217 102.217 587 
3.89567 4.11568 -5 0.234633 -0.129788 0.177001 4.01521 22 270 2158 2079 1 3.11012 3.11012 93 
-0.0119075 -5 -0.22628 0.388202 0.308443 0.123619 4.03441 22 271 2851 2825 1 9.17175 9.17175 88 
1.1018 -1.77101 -5 -0.606624 -0.19635 1.16621 4.02297 22 272 3313 3193 1 66.3109 66.3109 425 
-0.0263048 -4.30196 -5 11.4099 -11.9471 238.616 3.98703 22 273 1191 1 1 111.375 111.375 936 
3.35609 -1.07134 -5 0.0286615 0.057913 0.422975 3.99127 22 274 1660 1507 1 83.3435 83.3435 881 
5 4.59212 -3.71195 -0.164681 -0.0166267 0.329419 4.00274 22 275 1257 1208 1 176.933 176.933 1474 
0.548345 3.65657 -5 0.17746 0.416732 0.448606 4.00194 22 276 4755 4536 1 8.75881 8.75881 144 
5 -4.72716 -2.45752 -0.216412 0.0335509 0.243278 4.02886 22 277 1491 1381 1 21.8532 21.8532 277 
-3.84344 -5 -4.71052 -0.0581066 0.414721 1.1794 3.9903 22 278 2843 2675 1 73.8261 73.8261 677 
-5 0.893122 0.468811 1.0584 3.07517 14.8775 4.00903 22 279 4803 4773 1 7.02337 7.02337 125 
2.36482 -5 -0.0879855 -1.36577 -2.2572 4.83731 4.03638 11 280 1706 1583 1 44.7841 44.7841 424 
-2.64084 -2.18713 -5 0.0880233 -0.0999028 2.70184 3.98808 22 281 1312 1 1 26.7841 26.7841 420 
-1.47035 1.49664 -5 -0.0388059 0.00648594 0.516221 3.98688 22 282 1954 1422 1 75.3692 75.3692 530 
-2.61687 -0.757041 -5 0.597268 -0.889962 4.03132 3.9903 22 283 3019 2965 1 97.1354 97.1354 519 
5 3.43736 -4.15117 -0.245937 -0.195043 0.0528495 4.0114 22 284 4926 4893 1 13.4652 13.4652 211 
-5 -3.51239 0.526106 0.186824 -0.0854372 0.306098 4.01035 22 285 1619 1561 1 48.9852 48.9852 469 
-4.00593 4.64848 -5 0.375793 0.226421 2.13298 3.99014 22 286 1880 1 1 1.23613 1.23613 70 
-3.79659 4.01303 -5 0.0391869 0.613688 5.03177 3.98816 22 287 2665 2295 1 7.21894 7.21894 57 
-0.24089 -0.0760289 -5 -0.0963015 0.304502 4.2811 3.98713 22 288 1343 1 1 3.1649 3.1649 42 
2.45676 -0.0668718 -5 0.0545476 0.025268 1.51376 3.98655 22 289 3304 2582 1 97.4015 97.4015 789 
-4.67837 -3.6027 -5 0.00634445 -7.35128e-05 0.390787 3.98616 22 290 4245 3379 1 34.8658 34.8658 247 
1.49145 -2.7415 -5 0.124884 0.0952361 0.141946 3.99957 22 291 1208 1092 1 117.706 117.706 1179 
-4.95322 2.37508 -5 -0.231851 0.0635774 0.57398 3.99408 22 292 1939 1810 1 77.902 77.902 557 
-4.84329 -5 4.04036 -0.354295 0.411074 1.30972 4.02161 22 293 1314 1092 1 88.6809 88.6809 751 
3.62422 -1.59167 -5 0.698936 -0.697628 2.98722 3.99786 22 294 2637 2492 1 21.336 21.336 197 
2.04394 -0.23566 -5 -0.843527 1.23125 6.28358 3.99195 22 295 1965 1962 1 29.2531 29.2531 241 
-0.407252 -4.14005 -5 0.0618092 -0.23276 5.60012 3.9867 22 296 2251 1 1 92.9095 92.9095 896 
3.4526 -3.63698 -5 -0.954417 -0.541211 2.15821 3.98886 22 297 1414 1274 1 64.1071 64.1071 580 
1.20361 5 2.85629 0.391823 -0.277848 0.148519 4.03445 22 298 1560 1 1 67.3277 67.3277 648 
2.22095 2.2199 -5 -0.0805973 0.0394589 1.15038 3.98673 22 299 2846 2560 1 19.831 19.831 251 
4.00977 -5 -0.841057 0.132757 0.355445 0.342278 4.0137 22 300 1458 1456 1 112.86 112.86 992 
2.5837 2.32046 -5 -0.182212 -0.0281506 4.46637 3.98637 22 301 3138 2813 1 38.4936 38.4936 332 
-0.0831799 1.61512 -5 0.933127 2.83748 59.6526 3.98673 22 302 1314 1 1 89.9868 89.9868 744 
-0.596248 1.64279 -5 -0.36695 -0.12663 0.910957 3.9971 22 303 2986 2984 1 76.4807 76.4807 681 
-5 -1.43317 -2.06497 0.436391 0.31291 0.183537 4.00501 22 304 5223 3316 1 12.4994 12.4994 143 
5 1.1568 -2.07471 -0.151717 0.00269971 0.0289446 4.0406 22 305 1222 1160 1 19.5133 19.5133 262 
4.85349 -3.34198 -5 -0.740782 -0.403578 1.77655 3.99118 22 306 4210 3910 1 55.1108 55.1108 499 
3.28209 4.62513 -5 -0.0729003 -0.165988 0.568903 3.99236 22 307 1194 1 1 20.9525 20.9525 302 
0.391023 -5 3.18742 0.148735 0.396995 -0.0568165 4.0454 22 308 3738 3614 1 51.3939 51.3939 638 
2.32113 -1.42018 -5 0.101364 -0.18252 7.93136 3.98631 22 309 2531 1929 1 59.9901 59.9901 574 
2.7039 0.988876 -5 -0.158333 0.404862 4.77983 3.98717 22 310 2414 2334 1 76.3848 76.3848 651 
-4.60756 0.777987 -5 -0.0896098 0.310216 0.800292 4.03348 22 311 4412 4411 1 37.3437 37.3437 390 
-0.203539 2.86597 -5 -1.00595 1.55587 30.8671 3.98692 22 312 4095 2998 1 43.2513 43.2513 441 
0.539207 2.92023 -5 0.253033 -0.0225772 0.884876 3.99041 22 313 2723 2571 1 2.36 2.36 13 
-0.999451 -5 -0.713824 0.22204 0.379448 0.260455 4.04589 22 314 6105 6104 1 3.10233 3.10233 95 
1.41593 4.49076 -5 -2.12313 -1.1859 53.9534 3.98653 -11 315 1775 1774 1 109.355 109.355 832 
0.403222 2.356 -5 -0.416517 -0.363919 2.92662 3.99027 22 316 3965 3855 1 3.4103 3.4103 93 
-0.310499 3.60356 -5 -0.070477 -0.0406373 2.95434 3.98628 22 317 7534 6571 1 40.4312 40.4312 301 
-0.304498 -3.7298 -5 0.158443 0.155221 0.168586 4.01936 22 318 2935 2869 1 70.8107 70.8107 642 
2.04153 -1.79517 -5 -0.145919 0.204337 5.50267 3.98668 22 319 1340 1 1 54.9057 54.9057 471 
-3.03988 -3.97929 -5 -1.55706 -6.27952 8.74958 3.99359 -11 320 1197 1196 1 73.0276 73.0276 573 
-1.75478 -0.083652 -5 0.148983 -0.125173 0.142684 4.03672 22 321 4639 4453 1 60.8134 60.8134 525 
2.76222 -1.21781 -5 1.08407 0.863791 7.17927 3.99145 -11 322 1079 1078 1 13.3112 13.3112 189 
-3.20038 3.91609 -5 0.0290988 0.112069 3.90104 3.98628 22 323 1456 1 1 86.6622 86.6622 626 
-3.25836 -4.35145 -5 0.409063 -0.00212433 6.96761 3.98649 22 324 2261 2107 1 19.293 19.293 256 
4.47807 -1.65333 -5 0.896674 0.429508 3.14509 3.99122 22 325 1207 1 1 75.9621 75.9621 770 
-3.02272 5 2.43245 2.59355 -5.41238 33.7563 4.01425 22 326 5578 5577 1 3.8237 3.8237 80 
-0.254234 4.22981 -5 0.0483431 0.128594 1.832 3.98712 22 327 1869 1432 1 23.8584 23.8584 340 
1.6429 -0.670171 -5 -0.726809 -0.936709 1.15777 4.00748 22 328 1229 1176 1 11.3136 11.3136 116 
-2.77426 -2.83795 -5 -0.222973 -0.0675104 0.482168 3.99884 22 329 6020 5006 1 12.9044 12.9044 119 
-2.88697 4.42558 -5 -8.07503 -10.5087 13.0055 3.98911 -11 330 1134 1133 1 64.3668 64.3668 792 
-3.82182 3.9425 -5 -1.67839 2.27552 10.998 3.99045 22 331 6759 6695 1 55.9563 55.9563 556 
3.54916 5 -0.916651 0.483909 -0.155782 -0.0518078 4.17939 22 332 4217 4216 1 3.69369 3.69369 78 
1.68839 -0.511391 -5 0.182733 0.0208724 0.753428 4.98919 22 333 3634 3621 1 84.2118 84.2118 798 
-3.70255 -3.24975 -5 0.339173 0.092417 0.243045 4.02094 22 334 1787 1705 1 43.4194 43.4194 376 
-0.282341 -4.88549 -5 -0.207602 -0.16237 1.92294 3.99187 22 335 1192 1085 1 20.3303 20.3303 315 
-0.281024 5 2.41541 0.180983 -0.49521 0.486083 4.02507 22 336 3714 3673 1 10.1314 10.1314 136 
4.1411 1.61086 -5 -0.00679628 0.0353223 0.821103 3.98747 22 337 1400 1293 1 39.5056 39.5056 549 
-1.50298 5 0.389608 -1.29069 -2.23577 2.02889 4.00981 -11 338 3859 3858 1 28.7473 28.7473 254 
2.08403 3.51598 -5 0.00825544 0.0420284 0.5676 3.98643 22 339 1788 1601 1 67.215 67.215 678 
-3.18137 -4.89905 -5 0.114774 0.531228 1.5137 3.99238 22 340 1718 1660 1 46.0836 46.0836 327 
-4.10982 -3.13465 -5 -3.13866 0.258392 102.939 3.98634 22 341 2194 1 1 58.1098 58.1098 581 
-1.30976 -1.13478 -5 0.337955 -0.0861448 0.373477 4.0071 22 342 4012 3993 1 14.1122 14.1122 189 
3.82757 -1.36893 -5 -0.486793 0.604033 3.07674 3.99435 22 343 2155 2154 1 3.17632 3.17632 44 
5 0.191805 3.48552 -0.0924737 0.00185254 0.530856 4.0159 22 344 2664 2610 1 8.09953 8.09953 131 
-5 4.01759 -2.51925 0.165925 -0.0576267 0.357353 4.0226 22 345 4683 4106 1 47.6116 47.6116 474 
-5 3.16375 -1.54793 0.444671 0.237851 -0.0825517 4.01684 22 346 2583 2581 1 15.4472 15.4472 174 
1.40151 4.23459 -5 0.111604 0.0985848 1.51403 3.9875 22 347 2764 2031 1 46.2255 46.2255 291 
2.90223 -2.14612 -5 -7.91754 -0.485039 37.2517 3.98722 11 348 1 0 1 100.132 100.132 1128 
-1.77056 -0.496158 -5 0.0477566 -0.1378 1.51526 3.98842 22 349 1906 1704 1 36.8917 36.8917 356 
-3.82288 -1.99001 -5 3.17009 -3.4392 566.521 3.98609 -11 350 1329 1328 1 128.089 128.089 963 
-1.36041 3.29249 -5 0.0749652 -0.216281 2.64226 3.98898 22 351 1650 1379 1 10.7901 10.7901 177 
-4.59404 -2.56571 -5 -1.40422 -0.0176086 2.11462 4.00453 22 352 2482 2464 1 51.5743 51.5743 362 
4.18859 -3.44481 -5 0.40755 -0.228107 0.20734 4.00065 22 353 2529 2528 1 90.137 90.137 743 
3.87843 -0.722044 -5 0.080071 0.0237153 0.876213 3.98871 22 354 1988 1822 1 18.8067 18.8067 156 
-4.24896 -1.36335 -5 -5.08666 -0.555285 32.1349 3.98836 22 355 4476 4449 1 102.264 102.264 797 
-1.82686 1.60108 -5 4.38837 -11.7656 216.217 3.98635 -11 356 1530 1529 1 114.767 114.767 899 
-2.65958 -2.31952 -5 -7.30515 -4.99699 8.29807 4.00174 22 357 2292 2239 1 8.40623 8.40623 193 
4.39819 4.43329 -5 0.313696 -0.061721 0.325975 4.00251 22 358 5106 5058 1 76.3332 76.3332 752 
5 3.72067 -2.80392 -0.508826 -0.00747339 0.0464811 4.02435 22 359 1763 1762 1 46.5522 46.5522 520 
2.31083 -4.9515 -5 7.56258 -3.47517 80.2994 3.98667 22 360 1494 1227 1 97.7965 97.7965 620 
4.60562 4.73913 -5 0.680174 -0.688811 4.41858 3.99091 22 361 2462 2278 1 25.3515 25.3515 217 
-3.94827 5 -3.63464 -0.401612 -0.305154 0.0819073 4.0987 22 362 1246 1245 1 126.47 126.47 1056 
3.42259 1.14471 -5 0.0664251 0.0584139 1.02561 3.98693 22 363 1700 1394 1 160.568 160.568 1345 
-3.8339 2.73322 -5 3.87811 1.0153 5.15341 3.98756 11 364 1 0 1 148.468 148.468 1236 
-0.856678 0.240061 -5 0.122424 0.18976 0.19085 4.03592 22 365 1969 1903 1 99.2363 99.2363 877 
2.81428 0.256138 -5 -1.478 -7.48124 54.8874 3.98754 11 366 1 0 1 45.7021 45.7021 366 
-2.68633 -1.35238 -5 -13.2125 -0.828859 16.6978 3.99463 11 367 4034 3430 1 61.1612 61.1612 584 
4.23158 -0.451432 -5 0.842692 0.313925 35.7882 3.98624 22 368 1649 1 1 105.022 105.022 991 
0.382095 -3.01647 -5 -0.0197858 0.267008 0.435241 3.99541 22 369 1180 1161 1 75.7155 75.7155 647 
3.79027 4.66524 -5 -0.373171 0.618091 6.46644 3.98835 22 370 4256 2532 1 20.6841 20.6841 209 
-3.58959 -1.33633 -5 0.250237 -1.46421 73.6156 3.98618 22 371 2906 1 1 157.571 157.571 1250 
2.2641 0.255663 -5 11.0194 2.04316 146.607 3.98701 22 372 2161 1 1 57.4366 57.4366 540 
-5 -2.71689 -1.98179 0.986675 0.249237 0.103279 4.02676 22 373 2983 2954 1 8.27046 8.27046 194 
5 3.13071 2.6952 -0.41262 0.223555 -0.202207 4.056 22 374 1903 1902 1 47.9351 47.9351 509 
2.98694 -1.41068 -5 0.0106257 -0.0148031 3.00455 3.98611 22 375 1208 1 1 94.7392 94.7392 1002 
-4.1816 -1.44021 -5 0.0254596 -0.00468513 1.32136 3.98618 22 376 4082 3548 1 48.2544 48.2544 392 
-0.756028 -0.570076 -5 0.900502 1.23102 3.07443 3.99795 22 377 2014 1991 1 18.8742 18.8742 150 
4.96019 -0.136845 -5 -0.295202 0.422849 0.356333 4.06193 22 378 4784 4437 1 60.0152 60.0152 622 
-1.96488 2.31636 -5 0.0287462 -0.184661 4.29148 3.98638 22 379 3998 3374 1 56.3809 56.3809 420 
4.49772 2.28693 -5 -0.0694464 0.12399 0.450837 3.99301 22 380 2258 1927 1 19.927 19.927 311 
-1.01859 2.75418 -5 0.169987 -0.139728 0.393337 3.99976 22 381 1268 1196 1 6.59775 6.59775 127 
-2.29044 4.85878 -5 -0.0809964 1.90857 31.0884 3.98625 -11 382 1002 1001 1 97.0008 97.0008 622 
-3.56798 5 -4.06349 -0.0311886 -0.136423 0.227088 4.04793 22 383 1650 1649 1 120.854 120.854 1186 
3.62098 -1.87936 -5 -0.31823 -0.650331 1.66885 4.01391 22 384 4040 4038 1 116.907 116.907 1073 
4.05335 -1.52132 -5 0.342302 0.408468 2.8978 3.9915 22 385 3380 3060 1 12.0669 12.0669 47 
1.30097 4.14289 -5 26.6727 -6.3358 114.322 3.98676 -11 386 2515 2514 1 103.76 103.76 1086 
-4.03012 3.36927 -5 0.117183 0.206848 2.71652 3.98688 22 387 1134 1 1 55.5041 55.5041 479 
-2.79012 5 -2.04761 -0.179689 -0.233415 -0.015932 4.04821 22 388 1676 1441 1 1.31621 1.31621 79 
-5 0.131287 -0.341886 0.396588 -0.0865173 0.222002 4.05356 22 389 1973 1972 1 110.391 110.391 869 
3.89892 -0.618502 -5 -0.147767 0.334457 4.87377 3.98722 22 390 1037 1 1 45.3795 45.3795 490 
3.63437 1.27959 -5 0.131197 0.310822 6.12884 3.98649 22 391 1237 1 1 117.047 117.047 989 
0.977438 -4.23085 -5 0.0341599 -0.00839055 2.7421 3.98631 22 392 3780 2965 1 100.821 100.821 918 
-4.07098 -5 -3.54498 -1.94412 0.559277 2.05887 4.01469 22 393 3315 3293 1 9.70955 9.70955 66 
4.02864 -2.43179 -5 0.796911 -0.177379 3.08703 3.99173 22 394 1074 1 1 29.3917 29.3917 305 
-4.2879 4.75644 -5 0.246699 0.190284 0.328497 3.99389 22 395 4052 1 1 15.1687 15.1687 206 
-3.69338 -5 -0.0277656 -0.328118 0.133922 0.142814 4.0329 22 396 1849 1824 1 21.3827 21.3827 207 
3.14717 4.41443 -5 0.168262 0.517251 8.97879 3.98645 22 397 1180 1 1 126.752 126.752 1331 
0.210837 0.448823 -5 -2.27344 -3.81786 57.8235 3.98673 22 398 1163 1 1 77.4649 77.4649 687 
-5 -0.780048 2.95989 0.185924 0.0671995 -0.0380326 4.13605 22 399 2340 2339 1 11.5835 11.5835 103 
2.37345 5 -3.23936 0.0286693 -0.426123 -0.0446733 4.00384 22 400 2340 2335 1 22.3188 22.3188 269 
3.96294 4.45256 -5 0.217184 -3.25941 19.4319 3.99213 11 401 1 0 1 73.6279 73.6279 669 
-4.09651 -1.02443 -5 -1.85988 0.124759 38.46 3.9865 22 402 1833 1538 1 101.167 101.167 834 
-2.9205 4.90211 -5 8.59833 0.168828 9.28198 3.99175 11 403 1 0 1 64.6377 64.6377 479 
-1.15055 2.34983 -5 0.148129 0.430701 4.33092 3.98752 22 404 1209 1 1 19.9469 19.9469 221 
-4.41277 -4.07697 -5 -0.0388903 0.0173275 0.648327 3.98704 22 405 1883 1228 1 54.6666 54.6666 329 
3.97769 -3.54932 -5 0.0107929 -0.0100906 0.418131 3.98622 22 406 4953 4802 1 110.029 110.029 957 
5 1.56335 -2.32866 -0.21775 -0.460746 0.0376545 4.05072 22 407 3322 3321 1 38.1737 38.1737 311 
0.417897 -0.783641 -5 0.0348151 -0.045537 0.239999 3.98862 22 408 2888 2878 1 58.1585 58.1585 597 
0.616278 5 -2.23502 6.04711 -3.8642 3.61832 4.00749 11 409 1588 1551 1 25.618 25.618 223 
0.660223 3.78218 -5 8.35527 -10.771 93.8282 3.98633 -11 410 2900 2899 1 115.682 115.682 1136 
4.88129 -4.21239 -5 0.671138 -0.312331 1.7396 3.99105 22 411 1269 1 1 36.3339 36.3339 545 
-1.82042 5 -4.42336 -0.127354 -0.0612757 -0.111477 4.06928 22 412 1213 1212 1 18.8855 18.8855 292 
-0.642727 3.851 -5 0.019282 -0.14883 0.71358 3.98776 22 413 1378 1 1 55.7379 55.7379 550 
-0.541647 2.20702 -5 -0.0118748 0.00426682 0.98877 3.9863 22 414 7964 6345 1 149.897 149.897 900 
0.837269 -5 0.28928 1.76909 2.62493 -3.13085 4.0224 -11 415 3592 3591 1 56.3863 56.3863 611 
5 2.11394 -4.39852 -0.486339 -0.0817976 0.133803 4.00446 22 416 2251 2248 1 0.726961 0.726961 37 
-4.85935 -2.05819 -5 0.167401 -0.00724739 0.414313 4.00041 22 417 2248 1931 1 32.375 32.375 321 
-3.43467 5 1.36807 0.0601905 -0.237295 0.058918 4.13957 22 418 2802 2775 1 9.51042 9.51042 105 
-0.231347 -2.70491 -5 -1.32305 12.0294 14.619 4.00376 22 419 1381 1331 1 30.7092 30.7092 199 
-2.2885 3.61579 -5 0.0597317 -0.0612702 0.945622 3.98965 22 420 3466 3465 1 61.0597 61.0597 734 
-4.21764 1.76602 -5 0.135142 0.0586133 0.205742 4.06285 22 421 1188 1 1 49.1182 49.1182 581 
5 -2.10883 -1.54186 -12.2077 5.02163 42.1272 3.99918 11 422 1 0 1 31.5242 31.5242 272 
5 1.92305 3.08429 -0.180336 0.343437 0.119546 4.03425 22 423 1111 1087 1 29.3237 29.3237 312 
3.60195 -2.6885 -5 -1.88074 1.51233 6.32037 3.98788 22 424 1001 1 1 79.7127 79.7127 652 
-0.496382 1.63957 -5 2.53273 -5.96015 31.6035 3.98715 11 425 1 0 1 163.634 163.634 1637 
1.76522 -4.21507 -5 -0.153158 -0.681027 8.75375 3.98756 22 426 9727 9066 1 50.3555 50.3555 530 
1.82667 -4.50101 -5 -0.625753 0.98818 8.54649 3.98981 22 427 1128 1075 1 90.5309 90.5309 775 
2.23817 -5 -1.04903 -7.69796 8.07973 6.66982 4.0257 11 428 1191 1117 1 18.0118 18.0118 171 
-2.3446 5 -0.585208 0.0476388 -0.230785 1.15128 4.00951 22 429 1989 1909 1 27.7636 27.7636 325 
0.8027 0.400936 -5 -0.249847 0.077278 0.629148 3.99956 22 430 1432 1357 1 10.5756 10.5756 100 
4.51178 0.131976 -5 14.0926 -0.841912 311.33 3.98644 22 431 1110 1 1 122.321 122.321 1085 
-2.38703 2.88476 -5 -3.98283 4.66494 11.4181 3.99491 22 432 2668 2666 1 56.2332 56.2332 475 
1.44394 3.42493 -5 0.119003 0.0369339 0.325758 4.0136 22 433 5947 5946 1 17.243 17.243 130 
-0.928787 -1.48447 -5 -0.00583053 0.0104262 0.955616 3.98618 22 434 1980 1 1 164.692 164.692 1216 
3.78605 3.84191 -5 0.634878 -0.19413 3.5376 3.98897 22 435 3244 2996 1 66.7775 66.7775 686 
-5 -0.856456 2.86832 4.70724 -3.6535 6.61712 4.01553 11 436 1 0 1 82.3605 82.3605 584 
-4.17854 -1.64182 -5 2.59006 6.2568 12.2517 3.98797 11 437 1 0 1 162.807 162.807 1434 
-1.73067 2.40506 -5 -37.746 -13.3806 130.258 3.98829 11 438 1614 1221 1 99.272 99.272 804 
-4.1449 -4.0551 -5 -0.35732 -0.136223 1.50044 3.99195 22 439 4856 4202 1 14.4154 14.4154 132 
-2.05209 1.85674 -5 -0.51878 0.067051 4.58839 3.98813 22 440 3233 2354 1 50.08 50.08 488 
0.390599 2.70625 -5 -2.47537 15.2994 64.3532 3.98705 11 441 1 0 1 145.367 145.367 842 
1.98076 -2.66423 -5 -5.40911 1.34284 10.2204 3.99188 22 442 2795 2786 1 30.2945 30.2945 326 
-2.83336 -5 2.06855 0.0991767 0.0926439 0.147426 4.05739 22 443 6707 6661 1 34.9337 34.9337 368 
2.43011 -5 3.67009 1.84366 1.11326 3.05737 4.01833 -11 444 2784 2783 1 22.2019 22.2019 284 
-2.0478 -3.86513 -5 0.238353 0.0362962 0.429174 4.01712 22 445 6413 6127 1 15.1592 15.1592 138 
0.766893 -2.17424 -5 -0.749 0.656651 1.61977 3.9924 22 446 3907 3871 1 26.5975 26.5975 340 
-3.3808 1.4827 -5 1.63968 -1.06804 21.8245 3.98773 22 447 5271 5248 1 17.6861 17.6861 196 
0.417974 -2.3564 -5 5.87749 2.26007 17.2862 3.98679 -11 448 1409 1408 1 140.033 140.033 1258 
0.229657 -2.10552 -5 0.365821 -0.0259897 8.77399 3.98655 22 449 1887 1 1 34.8573 34.8573 451 
-3.98479 4.14998 -5 -0.106279 0.0545894 0.409766 4.02279 22 450 2387 2356 1 36.5088 36.5088 462 
2.62982 -0.428173 -5 0.10674 -0.00514906 0.770122 3.98846 22 451 1979 1810 1 36.5555 36.5555 327 
2.8051 1.40762 -5 0.0802533 -0.113548 0.788512 3.98848 22 452 4693 4489 1 26.8309 26.8309 338 
-4.65013 -4.40724 -5 -0.564979 -0.125443 2.11026 3.99072 22 453 1365 1326 1 13.1137 13.1137 181 
-1.22202 0.415021 -5 -0.467229 -1.71874 6.62527 3.99089 22 454 1079 1 1 38.3485 38.3485 386 
4.161 -0.855363 -5 -0.0186667 -1.33876 33.2773 3.98631 22 455 2131 1618 1 52.5306 52.5306 459 
-4.81601 -0.991451 -5 -0.295221 0.0228698 0.416463 3.99699 22 456 4960 4959 1 89.7031 89.7031 888 
4.24561 -2.49943 -5 -0.024919 -0.0753568 0.44822 3.98966 22 457 7804 7544 1 25.4458 25.4458 255 
-0.136533 -1.17444 -5 -0.256713 0.124903 5.83298 3.98647 22 458 3279 3018 1 52.5873 52.5873 534 
-0.835635 5 2.59563 -0.061576 -0.122261 0.866555 4.01282 22 459 2907 2888 1 55.4422 55.4422 504 
-3.40132 1.15355 -5 0.258094 -0.249152 0.385516 3.99392 22 460 6654 5866 1 15.0411 15.0411 100 
-3.45997 2.44897 -5 -1.32896 0.647654 78.4585 3.98619 22 461 2359 1 1 92.1502 92.1502 972 
-5 1.09286 -1.17069 0.0533102 -0.0051348 0.487359 4.0032 22 462 1879 1670 1 29.5873 29.5873 311 
4.03929 0.143103 -5 0.0767203 0.0178963 1.02303 3.98765 22 463 6612 5696 1 17.7983 17.7983 257 
-3.78313 -5 -0.366019 0.00736229 0.441589 0.48077 4.01239 22 464 1404 1165 1 31.9923 31.9923 425 
5 2.89791 -4.93048 -0.0908583 -0.502443 -0.0203934 4.04877 22 465 2243 2242 1 20.3741 20.3741 156 
-5 1.65418 -3.9959 0.584875 -0.193013 4.21878 3.99139 22 466 1591 1 1 42.5821 42.5821 563 
-5 -4.90977 -0.287419 -0.0374724 -3.57432 8.15913 4.0051 -11 467 6688 6687 1 17.7657 17.7657 290 
-1.70681 2.07553 -5 -0.0215956 0.0342422 4.03439 3.98615 22 468 1916 1476 1 138.002 138.002 1028 
-5 4.39237 -3.59981 0.284211 0.112231 0.101885 4.0005 22 469 1246 1186 1 69.6486 69.6486 565 
-0.635331 -5 -3.0994 0.248648 0.207845 0.395088 4.01125 22 470 1551 1550 1 47.428 47.428 482 
-2.14581 0.00754797 -5 0.177621 -0.412288 3.00409 3.98983 22 471 5782 3464 1 28.9759 28.9759 407 
-1.05609 0.354229 -5 0.200948 -2.96194 24.164 3.98759 22 472 4615 4578 1 35.3128 35.3128 408 
2.71846 0.750765 -5 -0.415585 0.432529 2.62379 3.99096 22 473 2946 1 1 78.7545 78.7545 662 
-3.92911 5 -4.80062 -0.21847 -0.197427 0.24831 4.027 22 474 2565 2243 1 61.5409 61.5409 508 
-1.94804 -0.698321 -5 0.10593 -0.0947471 0.257558 4.0093 22 475 31243 31242 1 0.273738 0.273738 12 
2.83608 -3.72456 -5 -0.239724 0.419066 14.7886 3.9864 22 476 1942 1645 1 83.236 83.236 627 
-4.1818 5 3.03826 -0.96487 -0.39609 1.32529 4.01673 22 477 2755 2727 1 77.1061 77.1061 542 
5 4.81996 0.440959 -0.40908 -0.216067 0.163253 4.02797 22 478 2681 2606 1 36.3555 36.3555 453 
-1.53533 -5 -2.44218 -0.00755979 0.271258 0.0288854 4.02251 22 479 1713 1712 1 3.36742 3.36742 111 
5 -2.43073 3.59315 -1.29288 -1.07978 5.59063 4.01779 22 480 1474 1442 1 132.375 132.375 1361 
4.5952 1.63871 -5 0.460887 0.192568 7.36886 3.98718 22 481 1570 1112 1 99.4279 99.4279 889 
5 0.172639 -1.95994 -0.271861 0.0519028 0.429555 4.01937 22 482 1005 1004 1 21.3265 21.3265 220 
-1.83639 -4.8032 -5 -0.347563 0.444295 7.24238 3.98772 22 483 2348 2011 1 9.73066 9.73066 133 
-1.74249 2.99698 -5 -0.0146246 0.198214 0.218876 4.04041 22 484 1082 1051 1 54.677 54.677 498 
-1.96066 -3.18141 -5 0.0202803 -0.000152909 3.01007 3.98611 22 485 4357 1 1 38.5796 38.5796 376 
0.22428 5 4.08581 0.10294 -0.150116 0.340796 4.02457 22 486 5208 5152 1 2.52242 2.52242 14 
1.43051 -3.9351 -5 -0.331922 0.101399 3.54207 3.98749 22 487 2888 2308 1 29.3708 29.3708 274 
2.63269 0.655926 -5 -0.0437526 0.0298892 0.269956 3.99334 22 488 1534 1502 1 99.7697 99.7697 812 
5 4.19279 -4.47385 -1.74483 -1.53553 0.546993 3.98923 -11 489 4704 4703 1 44.4268 44.4268 318 
-4.31543 -3.30445 -5 -1.76166 5.68546 166.362 3.98636 -11 490 2924 2923 1 26.2209 26.2209 230 
-1.04429 2.98847 -5 0.123871 0.672558 2.96956 3.99129 22 491 2285 2251 1 15.2732 15.2732 103 
-1.95763 -1.08504 -5 -0.268568 -0.30139 0.393638 4.0536 22 492 1965 1871 1 18.6535 18.6535 172 
2.84877 -2.56028 -5 -0.126808 0.0519649 0.420967 4.14084 22 493 2734 2733 1 105.463 105.463 811 
0.752725 0.526814 -5 -0.042383 0.40496 0.177121 4.00629 22 494 3020 2819 1 100.874 100.874 673 
-0.0503237 -1.65755 -5 0.231989 -0.067864 0.307553 4.02171 22 495 3132 3016 1 94.5672 94.5672 952 
1.76399 -2.90851 -5 -0.779293 -0.0250755 6.28048 3.98749 22 496 1154 1132 1 37.0845 37.0845 366 
-1.73246 -1.73949 -5 -0.1583 -2.65255 15.905 3.99174 22 497 2565 1884 1 0.6249 0.6249 53 
0.750603 -2.21649 -5 0.00922188 0.229371 0.404916 4.01002 22 498 1995 1994 1 39.8321 39.8321 515 
5 -4.60553 2.85439 -0.150129 -0.268389 0.417075 4.02455 22 499 3705 3598 1 8.96678 8.96678 25 
-1.86701 -4.34793 -5 0.356175 -0.157621 0.275084 4.0339 22 500 1880 1805 1 18.8415 18.8415 100 
-1.22374 -0.5087 -5 -0.140508 -0.284146 4.63551 3.98716 22 501 4629 3854 1 22.6525 22.6525 226 
-2.77283 2.62313 -5 -0.189607 0.593598 12.3096 3.98669 22 502 1257 1 1 26.32 26.32 252 
2.25434 -4.56109 -5 -0.33026 -0.48912 12.2218 3.98671 22 503 2388 1 1 54.856 54.856 513 
-2.65876 -0.206795 -5 0.0893995 0.0710523 6.65926 3.98835 22 504 1105 1 1 88.3891 88.3891 785 
-2.68729 5 3.15085 -0.292359 -0.235349 0.220328 4.05695 22 505 7399 6988 1 11.1469 11.1469 218 
4.68977 -4.76815 -5 5.97667 0.739422 140.686 3.98631 11 506 1399 1275 1 44.9135 44.9135 458 
-1.0284 -5 -0.807056 1.44225 2.90257 -7.20478 4.03519 11 507 1271 1270 1 61.8161 61.8161 459 
4.75429 1.30844 -5 0.225163 0.306871 10.7405 3.98643 22 508 2413 1 1 63.0875 63.0875 397 
0.43976 4.54648 -5 14.0983 -1.71546 41.2533 3.98851 11 509 1 0 1 162.522 162.522 1056 
-4.73628 -3.16256 -5 2.55066 1.43185 70.1194 3.98732 11 510 1616 1497 1 91.896 91.896 830 
5 3.65547 -0.538249 -0.23064 0.260471 0.115922 4.02339 22 511 1314 1 1 15.0649 15.0649 124 
2.16446 -5 -4.77167 0.0770924 0.31592 -0.0982787 4.07842 22 512 5420 5418 1 5.336 5.336 29 
-0.845937 -3.06845 -5 0.0908388 -0.0484416 0.337732 3.99561 22 513 1155 1 1 54.9952 54.9952 532 
-1.41866 -0.734303 -5 -0.26029 0.11498 0.272176 4.01105 22 514 2399 2398 1 88.9743 88.9743 557 
2.23885 3.32445 -5 -0.109935 0.015243 0.4988 3.99191 22 515 1502 1501 1 88.491 88.491 695 
2.61409 4.43593 -5 -0.115785 -0.298306 0.975448 3.99855 22 516 4819 4792 1 12.586 12.586 177 
5 3.60285 -4.78075 -0.0138264 -0.0298054 -0.00716968 4.00629 22 517 1555 1546 1 21.4282 21.4282 245 
-5 -3.20683 -0.758905 0.477905 0.0717902 0.348378 4.01569 22 518 1197 1160 1 12.918 12.918 194 
1.138 -1.64713 -5 0.0648147 -0.316587 0.349043 4.00437 22 519 2599 2520 1 28.2401 28.2401 285 
0.219488 -1.88863 -5 7.74887 -3.09071 1336.12 3.9861 22 520 1715 1 1 82.7357 82.7357 586 
3.77656 1.3045 -5 0.114301 0.525855 4.08274 3.98812 22 521 2600 2174 1 30.7403 30.7403 321 
-4.43029 5 -0.509826 -0.291457 -1.08666 -0.674498 4.01455 11 522 1720 1401 1 43.1525 43.1525 467 
-5 -2.73676 -2.6667 0.183768 0.13675 -0.117006 4.02278 22 523 2364 2363 1 25.5274 25.5274 172 
-4.723 4.81806 -5 -1.8561 -1.80806 20.9807 3.98753 11 524 3258 2135 1 28.2971 28.2971 277 
4.3648 2.6688 -5 -1.17526 1.10513 18.3052 3.98762 22 525 3311 3252 1 53.4803 53.4803 660 
1.63981 -1.12674 -5 -0.186428 -0.0547884 0.472613 4.03038 22 526 1075 1034 1 88.9795 88.9795 880 
-2.83049 3.39424 -5 -0.067126 0.10395 0.358875 4.03202 22 527 1603 1600 1 25.6356 25.6356 223 
-1.61614 1.42175 -5 0.0483497 0.198167 0.308812 4.03593 22 528 11577 11576 1 8.76314 8.76314 179 
5 -3.30021 0.215276 -0.19234 0.0148824 1.76718 4.00398 22 529 1234 1197 1 33.1895 33.1895 344 
-5 -3.87734 -2.18597 0.218971 0.428477 0.171986 4.02882 22 530 2714 2713 1 27.3363 27.3363 266 
5 -4.35736 -1.22107 -0.137488 0.0961373 0.0559004 4.23667 22 531 1218 1215 1 52.3262 52.3262 447 
5 -0.318074 -1.10269 -4.76806 0.440105 6.40945 4.00968 11 532 1427 1402 1 28.2733 28.2733 282 
0.154962 -1.17274 -5 0.00988042 -0.0738595 1.15682 3.98682 22 533 3121 2314 1 36.1195 36.1195 504 
1.27231 -0.675627 -5 -0.00541005 0.0147408 2.01519 3.98612 22 534 4933 3588 1 137.725 137.725 1251 
-3.74043 5 -2.69138 -0.0683453 -0.0586782 0.0830259 4.00562 22 535 1004 1 1 61.8246 61.8246 700 
-4.39585 -1.899 -5 -0.282203 0.758443 11.8054 3.98665 22 536 1788 1585 1 94.4069 94.4069 622 
-4.38982 -0.294286 -5 -0.377537 0.257165 2.91945 3.9889 22 537 2913 2509 1 32.32 32.32 390 
-4.11346 -0.87379 -5 0.243274 -0.0168523 0.94262 3.98876 22 538 3511 3309 1 11.62 11.62 191 
-0.841077 -5 -3.65584 -0.0824745 0.190838 0.0356859 4.04522 22 539 1638 1582 1 38.0126 38.0126 335 
-5 4.31137 3.3964 0.420276 -0.241662 0.161516 4.04219 22 540 2455 2454 1 106.932 106.932 1046 
1.564 2.31394 -5 -0.0781863 -0.565175 0.320755 4.02619 22 541 2902 2798 1 116.832 116.832 829 
0.794089 2.62551 -5 0.0139453 0.0104011 1.28435 3.98613 22 542 2519 1 1 83.39 83.39 796 
-4.62453 3.47654 -5 -0.00636115 -0.0143973 0.992693 3.98614 22 543 2727 1 1 65.2906 65.2906 642 
-2.17663 -5 -3.10614 -0.179823 0.45837 0.136677 4.01724 22 544 1428 1426 1 33.1568 33.1568 205 
3.33522 4.95667 -5 0.975434 0.693958 2.67968 3.99166 22 545 1810 1782 1 77.398 77.398 844 
-4.05827 4.40868 -5 0.402551 -0.209413 0.531106 4.01515 22 546 7282 7259 1 15.1343 15.1343 190 
-5 -4.61709 1.03668 0.46035 0.156359 -0.157321 4.0775 22 547 1966 1964 1 55.9634 55.9634 404 
1.30735 3.5906 -5 0.0182626 0.119003 1.61968 3.98706 22 548 1305 1251 1 68.4836 68.4836 748 
4.69283 -2.87812 -5 -0.203894 -0.367241 0.291 4.05306 22 549 1260 1236 1 14.6808 14.6808 263 
-0.0837333 -5 3.21539 -0.177667 0.464351 0.118036 4.02546 22 550 1933 1932 1 82.0764 82.0764 601 
-0.158629 -3.26484 -5 -1.3544 -0.489352 18.6097 3.98715 22 551 2903 2796 1 32.8074 32.8074 426 
-4.40983 2.36983 -5 -0.0823482 -0.0438395 3.73465 3.98654 22 552 3088 2669 1 92.8374 92.8374 575 
1.93816 5 0.388215 -2.45244 -3.34773 -0.892403 4.00635 -11 553 1432 1431 1 40.8431 40.8431 333 
-2.05644 -5 3.46874 0.378701 0.333094 -0.082182 4.0426 22 554 9514 9513 1 0 0 3 
2.69791 2.3632 -5 0.0325384 0.0883959 0.568409 3.98926 22 555 1831 1808 1 57.4279 57.4279 478 
1.45264 5 1.21002 0.154616 -0.522812 -0.102834 4.04213 22 556 1280 1277 1 102.384 102.384 981 
-5 4.24357 2.57482 0.0949552 0.262012 0.698365 4.01699 22 557 3335 3329 1 35.5781 35.5781 244 
1.77305 0.621488 -5 -0.0542772 -0.110319 0.658653 3.9905 22 558 4442 4147 1 0.234287 0.234287 24 
-0.832051 4.23116 -5 -0.453372 0.472822 2.00233 3.99163 22 559 1054 1 1 69.4404 69.4404 810 
2.49405 -4.99491 -5 -1.24998 1.6342 6.92475 3.98833 11 560 1 0 1 90.2144 90.2144 1012 
-5 -2.10489 -4.8984 0.14635 0.190966 0.0464579 3.99231 22 561 3038 3011 1 39.7063 39.7063 422 
-5 -2.73188 1.01136 0.362328 -0.0477044 -0.357159 4.03925 22 562 1491 1489 1 52.2573 52.2573 521 
-0.0823648 1.00637 -5 -0.0457849 0.0502456 5.93706 3.98613 22 563 2677 1 1 109.496 109.496 705 
0.0931599 -1.89483 -5 -3.31448 -7.29227 19.3127 3.98707 -11 564 1064 1063 1 143.039 143.039 1235 
-1.47773 2.4832 -5 9.30779 2.58423 19.6894 3.98691 11 565 2254 2173 1 56.0347 56.0347 500 
-4.89699 -1.05333 -5 0.33754 -0.0641076 10.1417 3.98636 22 566 2975 1 1 8.24016 8.24016 132 
3.5996 3.31623 -5 0.507709 4.61533 6.87145 3.99186 -11 567 2380 2379 1 57.4593 57.4593 759 
1.05583 -2.91801 -5 0.297502 9.02281 446.207 3.98611 -11 568 1274 1273 1 112.675 112.675 848 
-5 4.43666 0.180663 0.0785529 0.357219 0.107139 4.02669 22 569 2014 1 1 6.98892 6.98892 84 
5 -1.44836 1.58933 -0.195813 -0.0355589 0.194237 4.01144 22 570 1692 1681 1 16.2997 16.2997 103 
5 -4.12341 -1.13559 -0.281366 -0.0826421 -0.512027 4.00187 11 571 1899 1895 1 65.0293 65.0293 571 
0.272319 0.347298 -5 4.66793 -5.21622 38.5201 3.98697 -11 572 3265 3264 1 80.4514 80.4514 610 
-0.475965 -5 -0.978231 -0.237486 0.320465 0.31941 4.02701 22 573 1957 1928 1 20.9132 20.9132 249 
-0.911717 3.29093 -5 -0.803458 0.172 5.69817 3.98991 22 574 2401 2096 1 11.7497 11.7497 207 
-2.0922 1.06217 -5 0.15843 0.124762 0.818169 3.99329 22 575 1034 1 1 0.000385166 0.000385166 13 
-1.64731 4.82946 -5 0.0196784 0.0986666 0.774679 3.98997 22 576 1471 1412 1 24.3612 24.3612 359 
-4.66476 4.8465 -5 -0.197398 -0.106938 1.92699 3.9884 22 577 2317 2132 1 13.8388 13.8388 251 
3.73053 4.94332 -5 1.04924 -0.121643 17.5484 3.98689 22 578 4054 3935 1 31.4169 31.4169 217 
4.63362 -3.58759 -5 0.0687872 0.245611 0.383184 3.99457 22 579 1665 1 1 74.4006 74.4006 565 
5 -3.57714 4.317 -0.863066 0.0848031 0.179482 4.0459 22 580 5595 5594 1 102.583 102.583 780 
4.58858 5 -4.77569 -0.472236 -0.252239 11.8879 3.98767 22 581 1979 1758 1 26.2166 26.2166 319 
1.14806 -2.84261 -5 -0.106043 -0.218241 0.449717 4.00066 22 582 1896 1895 1 7.97502 7.97502 70 
5 -4.89436 -0.718274 -1.1376 -0.500926 0.507349 4.0153 -11 583 2447 2446 1 30.193 30.193 467 
-5 -0.697271 -3.47004 10.4364 -4.60227 13.9613 4.00167 -11 584 6419 6418 1 33.1056 33.1056 320 
4.45035 4.14987 -5 0.464888 0.0259941 0.796847 3.99832 22 585 2092 1850 1 26.0791 26.0791 348 
4.66549 4.19199 -5 0.0987107 -0.0110761 1.16747 3.98673 22 586 1326 1 1 57.5139 57.5139 608 
-5 1.36685 -1.53958 0.135529 -0.0912273 0.0606662 4.03688 22 587 4268 4240 1 22.264 22.264 217 
-1.81512 -1.7225 -5 0.89156 0.274471 12.7333 3.98695 22 588 1340 1 1 39.5867 39.5867 442 
3.56327 -4.32435 -5 0.153854 -0.0758349 0.381685 4.00907 22 589 3539 3416 1 28.203 28.203 267 
-1.43627 4.30839 -5 21.0454 -0.56068 52.2353 3.98743 -11 590 1146 1145 1 31.3293 31.3293 350 
0.688883 -0.376275 -5 -10.4105 1.18003 -1.51723 3.9995 11 591 1 0 1 151.294 151.294 1515 
3.28708 -2.82446 -5 -0.142286 -0.274727 4.29407 3.98719 22 592 2318 1810 1 36.4769 36.4769 522 
2.10013 -2.38266 -5 0.0236087 0.0129445 0.319798 3.99091 22 593 4782 4664 1 20.9692 20.9692 217 
3.34718 3.41541 -5 14.6935 5.19638 470.755 3.98618 -11 594 4558 4557 1 102.464 102.464 947 
-4.2582 -4.68672 -5 -0.0526936 -0.0381442 0.225352 3.99062 22 595 3288 3049 1 24.4327 24.4327 174 
3.57332 -3.90836 -5 0.179819 -0.181298 2.91955 3.98798 22 596 1818 1817 1 89.82 89.82 850 
4.11968 -5 -3.93443 -0.0309554 0.201799 0.0135586 4.02282 22 597 5737 5700 1 12.5206 12.5206 160 
3.93448 -4.03534 -5 -1.01099 0.695814 8.41323 3.98701 22 598 5143 4986 1 23.4163 23.4163 183 
4.45428 5 -4.59597 -1.23446 -1.69562 2.66089 3.9889 -11 599 3845 3844 1 28.7641 28.7641 317 
-0.132307 -5 -3.61456 -0.260549 0.173471 0.403908 4.02864 22 600 8825 8824 1 9.16423 9.16423 99 
-1.57161 -0.00382984 -5 0.296224 0.235193 1.09985 3.99369 22 601 1491 1490 1 13.5334 13.5334 187 
5 1.98448 -1.03129 -0.258025 0.195373 1.12981 4.00651 22 602 3135 3132 1 29.1409 29.1409 324 
0.894098 1.65831 -5 -0.0897802 0.0156706 3.04559 3.98626 22 603 1398 1084 1 116.626 116.626 1115 
-4.85447 2.95291 -5 -0.101081 0.156265 0.523009 3.98994 22 604 2338 2221 1 14.9401 14.9401 148 
-0.0593925 -3.56215 -5 0.298519 -0.203982 2.95243 3.98808 22 605 2384 2284 1 17.1885 17.1885 234 
5 0.456914 -3.01246 -0.0486639 0.399654 1.0307 3.99605 22 606 1379 1 1 28.3102 28.3102 345 
-4.51234 4.0518 -5 0.0111808 0.0557803 0.492242 3.98869 22 607 2167 2010 1 24.8624 24.8624 255 
5 -0.731336 -3.25155 -2.23361 -0.395088 -2.05322 4.00825 11 608 3900 3818 1 21.89 21.89 288 
3.71522 5 0.699458 2.20852 -3.47253 -1.27431 4.01963 -11 609 2456 2455 1 10.0093 10.0093 113 
3.3984 1.197 -5 0.253342 -0.33005 3.61363 3.98808 22 610 2810 2678 1 30.3174 30.3174 301 
5 -2.51705 3.09701 -0.0330854 0.197482 0.470134 4.06452 22 611 4424 4390 1 8.76417 8.76417 78 
5 -2.25884 -4.87628 -2.8098 -0.0655405 2.39412 3.99694 -11 612 1034 1033 1 36.9469 36.9469 466 
-2.69804 4.9868 -5 -0.226963 -0.220689 2.09497 3.98761 22 613 2600 2506 1 4.42448 4.42448 123 
-4.6941 4.53968 -5 -0.375912 -2.29778 36.3275 3.98652 22 614 2636 2502 1 13.4579 13.4579 207 
5 2.07714 -2.69751 -0.220068 0.194226 0.0459728 4.02393 22 615 2404 2359 1 0.284459 0.284459 29 
-2.98764 -1.17161 -5 -0.214624 -0.0352897 0.462397 3.98991 22 616 1484 1469 1 38.6718 38.6718 358 
-3.5808 0.744369 -5 0.213152 -0.693991 1.42092 3.99011 -11 617 2324 2323 1 75.1828 75.1828 739 
2.27013 5 4.34571 0.365683 -0.287771 0.290698 4.02731 22 618 3258 2886 1 92.5593 92.5593 710 
-0.801154 -4.20341 -5 0.0255979 0.160992 2.4862 3.98666 22 619 1862 1426 1 21.5901 21.5901 225 
-2.81759 -1.76727 -5 -9.05752 6.68745 98.0307 3.98827 22 620 1769 1 1 22.0453 22.0453 264 
-5 2.75826 1.95918 0.491187 -1.05672 0.257166 4.06112 22 621 2500 2478 1 63.7657 63.7657 335 
0.95096 2.9183 -5 3.54639 -1.9071 7.86539 3.99168 -11 622 1163 1162 1 67.4342 67.4342 604 
0.0964059 4.13905 -5 0.0530558 -0.105836 0.435622 3.9911 22 623 1843 1812 1 79.8233 79.8233 647 
-4.48458 3.46807 -5 0.619037 1.16741 6.95761 3.99032 22 624 7564 7505 1 8.15679 8.15679 94 
2.29015 -1.9315 -5 -0.624516 -0.76109 5.32707 3.98973 22 625 2084 2066 1 41.3404 41.3404 380 
4.29696 -2.67756 -5 0.0418975 -0.120753 2.64391 3.98655 22 626 2959 1731 1 124.735 124.735 914 
3.12201 0.652075 -5 6.9085 -6.08703 13.7718 3.98769 -11 627 2188 2187 1 7.13314 7.13314 162 
0.0985485 5 3.58427 -0.198796 -1.62341 9.35241 4.02612 11 628 2962 2961 1 19.3966 19.3966 278 
-0.0785943 5 0.469995 0.120803 -0.39398 0.275563 4.02896 22 629 4855 4799 1 4.96332 4.96332 103 
0.647573 5 -2.58089 -2.43839 -4.15267 0.893879 4.01705 -11 630 1838 1837 1 27.225 27.225 163 
1.62151 5 2.99722 -0.106701 -0.491065 0.0926808 4.04328 22 631 2508 2507 1 30.9311 30.9311 404 
-3.06204 -3.0374 -5 5.02247 -4.08997 1.33643 3.99331 11 632 1652 1575 1 26.9821 26.9821 252 
-1.77519 4.02521 -5 -4.58364 -3.29521 12.1986 3.99192 22 633 2086 2085 1 2.62206 2.62206 35 
5 -1.43167 -2.78713 -0.226353 0.114892 -0.0190078 4.09102 22 634 2556 2554 1 29.7663 29.7663 422 
3.72777 4.30241 -5 -0.00322902 0.114239 2.59441 3.98674 22 635 1328 1 1 34.0334 34.0334 310 
0.795748 1.36449 -5 0.10109 -0.143681 1.39864 3.98721 22 636 7000 6795 1 67.1072 67.1072 680 
2.47646 -1.37818 -5 0.235699 0.0640318 3.17555 3.9868 22 637 2980 2674 1 58.916 58.916 557 
-1.10849 3.33568 -5 0.546113 0.781015 15.9117 3.98669 22 638 2624 2032 1 78.7305 78.7305 874 
4.48615 3.47122 -5 7.88499 1.74645 34.7964 3.99325 22 639 3846 3795 1 4.87189 4.87189 57 
-5 3.62602 3.4144 0.374795 -0.115846 0.921796 4.0202 22 640 1694 1625 1 15.8207 15.8207 195 
-2.67425 -4.04359 -5 1.22466 1.26818 1.18638 3.99909 -11 641 5155 5154 1 81.0372 81.0372 700 
-0.306293 -1.05174 -5 -14.1859 4.94598 65.2656 3.98894 11 642 1378 1314 1 63.5437 63.5437 524 
-0.341393 5 3.22237 0.24115 -0.224051 0.390855 4.0518 22 643 1130 1129 1 41.0296 41.0296 329 
-1.85734 -1.9459 -5 -0.191291 -0.452288 3.11066 3.99004 22 644 3501 2825 1 9.58027 9.58027 75 
-0.525175 -3.64603 -5 -0.0935072 -0.101529 0.59862 3.9929 22 645 8622 8545 1 3.38963 3.38963 104 
1.61615 -0.400505 -5 -0.0376918 0.0830274 0.769025 3.989 22 646 1446 1278 1 13.9867 13.9867 193 
2.96999 -5 3.70163 -0.249329 0.10479 0.0371258 4.04423 22 647 4472 4471 1 46.8822 46.8822 363 
-3.15838 -3.64358 -5 -0.00809725 -0.00252769 0.33748 3.98755 22 648 1211 1 1 60.9833 60.9833 473 
-2.56483 4.65843 -5 0.131426 -0.0542521 0.49082 4.02271 22 649 5900 5899 1 36.6963 36.6963 333 
-4.88523 0.13744 -5 -0.965265 1.95257 10.1956 3.98823 22 650 3367 3137 1 49.1687 49.1687 521 
-1.36804 -0.545337 -5 0.137615 -0.00247415 0.312421 3.99347 22 651 1805 1503 1 35.6615 35.6615 328 
-3.40279 -4.13359 -5 8.3801 -3.22035 39.0379 3.99009 22 652 5471 5390 1 8.3544 8.3544 65 
-4.98201 -5 -4.93007 -4.20038 0.476492 3.78069 3.98752 11 653 4353 4272 1 73.341 73.341 532 
-5 -3.38412 3.49076 1.06685 -0.888466 0.168202 4.02936 11 654 3303 3284 1 14.0174 14.0174 127 
-4.783 1.9577 -5 -0.135468 0.435475 1.02843 3.99727 22 655 2564 2477 1 67.4271 67.4271 603 
-5 3.04939 -2.31688 0.690072 -0.282722 1.36988 4.01194 22 656 1693 1386 1 34.4589 34.4589 320 
5 -2.39822 -0.984486 -0.0538076 0.0737644 0.681601 4.00102 22 657 1184 1 1 41.7984 41.7984 342 
2.06799 3.93123 -5 -0.145429 0.0997822 9.27014 3.987 22 658 1293 1267 1 85.0558 85.0558 887 
1.2356 5 4.75488 -0.0613043 -0.236095 0.401447 4.02935 22 659 8269 8249 1 4.03452 4.03452 22 
3.15095 -5 0.970606 0.188582 0.167811 2.00206 4.00834 22 660 1292 1174 1 42.3146 42.3146 418 
1.22833 -5 -1.80774 -0.0754605 0.411176 -0.0511567 4.00872 22 661 1601 1600 1 25.3865 25.3865 275 
-4.06376 -3.36214 -5 -5.544 -9.42949 315.767 3.9862 11 662 1 0 1 56.3281 56.3281 370 
-1.91799 2.53693 -5 -2.60875 0.869269 26.3568 3.98745 22 663 1586 1 1 39.5021 39.5021 262 
2.50679 -5 4.83449 0.368584 0.325992 0.283831 4.06197 22 664 1609 1594 1 10.6283 10.6283 181 
0.925101 4.18261 -5 -0.0621254 0.0521834 1.27869 3.98686 22 665 1368 1 1 67.3949 67.3949 493 
4.41694 1.63282 -5 0.0728595 -0.05212 1.46729 3.98671 22 666 1313 1048 1 45.1581 45.1581 358 
1.30495 -3.54328 -5 -0.8753 -1.6127 1.2776 4.00181 11 667 3333 3332 1 37.1215 37.1215 331 
-1.09586 -5 -3.37723 0.00135893 0.396717 0.537813 4.00138 22 668 5024 5023 1 8.1538 8.1538 47 
4.50873 2.67944 -5 0.460035 0.710431 3.42531 3.99072 22 669 2121 1973 1 24.2438 24.2438 222 
-5 1.61466 -2.45359 0.129313 0.242362 0.258308 4.0259 22 670 5196 5029 1 9.53164 9.53164 95 
-0.948877 2.51222 -5 18.545 2.80845 96.7874 3.98708 11 671 1 0 1 80.984 80.984 833 
4.36938 1.33469 -5 0.0192447 0.0938665 1.47795 3.987 22 672 2144 1 1 27.9942 27.9942 431 
1.06288 3.01306 -5 0.298246 -0.152041 0.892708 3.99384 22 673 3827 3766 1 43.1348 43.1348 372 
3.0998 3.56033 -5 -0.482338 0.697605 7.35449 3.98924 22 674 1416 1 1 1.99578 1.99578 66 
-4.93873 -3.05698 -5 0.288723 -0.0300634 0.945199 3.98984 22 675 1976 1 1 33.9744 33.9744 407 
4.49737 0.133535 -5 0.0608797 -0.0749047 1.74179 3.9869 22 676 2068 1 1 47.3767 47.3767 468 
-3.07687 -5 -4.35762 0.206886 0.177901 0.432052 4.02737 22 677 1747 1734 1 56.2263 56.2263 511 
3.07425 2.32034 -5 0.0729281 0.095001 0.712655 3.98982 22 678 1465 1274 1 47.929 47.929 350 
3.94193 1.72245 -5 3.58422 -14.319 19.9526 3.98826 11 679 3221 3179 1 40.7637 40.7637 452 
4.63361 -4.23769 -5 -0.231631 -0.0164236 0.455189 4.03426 22 680 1319 1318 1 24.1905 24.1905 443 
-5 -1.72959 -4.73989 0.124135 0.0477312 0.047695 4.02929 22 681 2090 2068 1 6.7646 6.7646 73 
-5 -1.69926 4.42253 0.285035 -0.143762 0.228774 4.05241 22 682 1795 1792 1 96.7473 96.7473 874 
-2.87547 4.82971 -5 -0.147202 0.352847 0.779266 3.99698 22 683 3415 3229 1 9.34318 9.34318 152 
3.59051 5 -4.06739 -0.456813 -0.208305 -0.095137 4.00148 22 684 1335 1304 1 39.3313 39.3313 452 
-3.09531 4.39749 -5 -3.06694 1.23309 8.90516 3.98851 -11 685 1798 1797 1 106.591 106.591 1052 
-1.59941 -2.33915 -5 0.000298236 0.00017288 0.601042 3.9861 22 686 3063 1 1 102.703 102.703 833 
1.36874 1.85137 -5 -3.51342 2.45732 51.6801 3.98688 22 687 1201 1 1 83.1858 83.1858 596 
2.84218 3.44404 -5 0.0402729 -0.0263657 1.17772 3.98633 22 688 4374 4040 1 64.0731 64.0731 742 
-4.06783 -0.15322 -5 -0.396486 -0.257804 7.18033 3.98672 22 689 3283 2816 1 73.6151 73.6151 754 
-5 0.0719934 -0.820912 0.359899 -0.360392 0.0413556 4.05082 22 690 1957 1956 1 17.4489 17.4489 222 
0.0648801 -1.97206 -5 0.0108134 -1.3238 0.398092 4.00514 22 691 1763 1745 1 82.9435 82.9435 933 
-4.51855 -2.47059 -5 0.0724692 0.602991 0.728035 4.00341 22 692 1001 1 1 28.371 28.371 416 
-3.28429 -2.64816 -5 0.132204 0.14787 0.470931 4.00629 22 693 1929 1928 1 22.9006 22.9006 260 
2.26142 5 -1.68618 -11.0873 -42.5691 -23.7327 6.00463 2112 694 1209 1181 1 21.7396 21.7396 153 
3.45161 -3.5505 -5 -1.96989 11.5196 16.5649 3.99157 11 695 1567 1434 1 64.0251 64.0251 587 
-0.595482 -0.799805 -5 6.24171 -4.83416 5.25207 3.98853 -11 696 1585 1584 1 132.448 132.448 1012 
4.83442 -5 -0.920334 0.326458 0.181695 0.00342762 4.04277 22 697 1160 1130 1 14.9471 14.9471 130 
4.20448 2.10593 -5 -0.0655677 0.281483 1.68832 3.99849 22 698 1345 1227 1 42.2048 42.2048 440 
-3.28432 -2.74366 -5 -0.414043 -0.468068 6.18948 3.98787 22 699 1898 1791 1 93.4776 93.4776 672 
3.43516 2.70707 -5 -0.00922062 -0.063443 1.64416 3.98635 22 700 5874 5177 1 31.5687 31.5687 368 
1.44919 0.578441 -5 -0.149013 -0.245202 1.93736 3.98797 22 701 3797 3367 1 12.4226 12.4226 111 
-0.460118 4.13145 -5 -0.0327879 -0.0311686 2.231 3.98622 22 702 4386 3835 1 42.6756 42.6756 606 
2.08129 -1.67986 -5 -0.0174188 0.453607 0.646973 3.99274 22 703 1650 1536 1 53.6151 53.6151 700 
-3.47422 0.0309828 -5 0.0987309 -0.267129 0.424281 3.99942 22 704 2913 2912 1 26.8739 26.8739 279 
2.28992 5 -2.40527 0.100237 -0.0460828 0.896963 3.9967 22 705 7398 7115 1 11.25 11.25 170 
2.95668 -3.10212 -5 0.137082 -0.157968 3.88041 3.9868 22 706 1870 1 1 116.705 116.705 875 
3.4384 5 0.36431 -0.0852155 -0.385359 0.324587 4.04138 22 707 2668 2667 1 67.4926 67.4926 609 
1.46954 5 -4.06854 -0.139032 -1.33967 0.939047 4.00494 22 708 1340 1321 1 32.1916 32.1916 365 
2.49613 -3.28279 -5 0.310024 0.0300714 8.96581 3.98634 22 709 1775 1 1 106.743 106.743 1023 
0.133643 0.366961 -5 -0.00745991 0.619833 7.42506 3.98711 22 710 3075 2785 1 47.9857 47.9857 471 
-2.27094 -5 -3.0781 -0.376761 4.12015 6.91291 3.99271 11 711 1843 1822 1 132.377 132.377 1319 
5 -4.35704 -1.12134 -0.611808 -0.378319 0.54273 4.0105 22 712 1786 1552 1 51.2236 51.2236 368 
-5 -4.85147 4.87766 0.358595 -0.43057 0.790969 4.03465 22 713 6032 4566 1 9.70024 9.70024 115 
-1.6582 -5 -0.612855 1.40935 4.85962 7.28416 4.01497 -11 714 5038 5037 1 53.6315 53.6315 410 
-1.84656 3.00477 -5 0.178235 -0.116454 2.45072 3.98764 22 715 2842 2293 1 7.46434 7.46434 129 
1.85304 -4.46241 -5 0.23968 2.78892 23.9681 3.99163 22 716 1326 1208 1 11.3985 11.3985 174 
5 1.75862 -2.02153 -0.428871 -0.285601 2.71097 3.99782 22 717 3200 3092 1 39.0668 39.0668 325 
3.34763 -3.53012 -5 0.0120978 -0.00341325 0.401678 3.98627 22 718 2303 1 1 148.313 148.313 1173 
1.78075 -5 -4.70328 -0.167861 0.606038 1.2412 4.00829 22 719 4082 4081 1 16.5611 16.5611 126 
3.66773 1.33738 -5 0.928384 0.439368 5.27217 3.99361 22 720 3238 3188 1 16.5767 16.5767 242 
-2.3521 -1.42338 -5 -0.0751253 -0.0595017 1.40047 3.98727 22 721 1391 1 1 14.0479 14.0479 240 
-3.45316 1.77342 -5 0.198306 -0.616251 1.12826 3.99289 22 722 1785 1718 1 1.17374 1.17374 76 
-5 0.249493 -4.6101 1.18562 3.31521 0.46032 4.04694 22 723 2174 2173 1 17.8067 17.8067 130 
1.5998 5 -3.73916 0.108032 -0.157114 0.136448 4.21747 22 724 8335 8314 1 27.098 27.098 343 
5 -3.22777 -3.67728 -0.33967 -0.185456 0.333691 4.02243 22 725 2691 2690 1 49.3415 49.3415 529 
0.883434 4.37728 -5 0.162704 0.125956 0.467742 4.01819 22 726 1003 1002 1 65.7742 65.7742 688 
-0.194438 -1.2449 -5 -0.385982 -0.0324976 0.333289 4.04163 22 727 7060 7006 1 38.1804 38.1804 294 
-2.68742 -3.71451 -5 -0.260097 -0.165569 0.4075 3.99979 22 728 2525 2524 1 58.2215 58.2215 464 
4.18856 2.44617 -5 0.898631 -0.569629 3.54218 3.99563 22 729 2031 1 1 23.6576 23.6576 268 
-4.51089 0.759512 -5 -0.0774319 0.0838817 0.145858 4.01232 22 730 1226 1086 1 25.3142 25.3142 310 
3.72962 -3.21575 -5 3.42803 -3.80549 30.0066 3.99112 22 731 1347 1 1 4.94481 4.94481 96 
-0.285127 -5 -3.64799 0.55347 0.522454 20.1379 3.99082 22 732 1370 1 1 49.7747 49.7747 638 
5 -1.28012 -4.62598 -0.472123 0.18523 -0.0625237 4.10728 22 733 1173 1171 1 69.7529 69.7529 594 
0.839695 -0.152863 -5 2.62933 3.04541 11.0318 3.99306 22 734 1563 1509 1 10.84 10.84 167 
3.8583 -3.72186 -5 3.26684 -4.25612 65.5778 3.98699 22 735 2348 1910 1 102.565 102.565 809 
0.377383 -4.16363 -5 1.54887 -0.506296 3.14791 3.99223 22 736 2300 1183 1 56.5641 56.5641 588 
-3.50212 -5 -4.92506 4.83252 7.40823 6.98853 4.01081 11 737 5078 5040 1 130.861 130.861 1278 
4.39708 2.91224 -5 0.064992 0.0602032 6.71581 3.98619 22 738 1414 1 1 125.12 125.12 690 
5 0.316399 -3.55456 -0.420817 -0.200309 0.209546 4.05675 22 739 4078 4077 1 11.755 11.755 166 
3.15833 -0.447092 -5 -12.8611 -2.64825 63.3581 3.98642 -11 740 1325 1324 1 120.474 120.474 932 
1.60034 -4.52979 -5 -0.00153676 -0.0616004 0.360183 4.01659 22 741 1187 1151 1 104.277 104.277 929 
1.08615 2.11923 -5 -0.112194 -0.314426 1.06305 3.99403 22 742 2539 2391 1 71.6321 71.6321 790 
2.92647 -1.76636 -5 14.7681 -14.7495 267.368 3.98646 -11 743 1091 1090 1 111.409 111.409 992 
1.94184 4.82973 -5 0.177306 0.124615 3.85438 3.98704 22 744 1165 1 1 146.02 146.02 1417 
4.38279 2.14009 -5 -7.30039 30.0208 53.2867 3.98982 -11 745 1172 1171 1 41.7883 41.7883 464 
3.23275 -0.860905 -5 0.08912 0.52623 0.328508 4.04234 22 746 3609 3608 1 2.58697 2.58697 46 
-4.42667 -5 -3.58837 0.333091 0.433213 0.15445 4.02034 22 747 1485 1317 1 35.8556 35.8556 235 
-2.47015 4.10409 -5 -3.57938 3.01152 69.7334 3.98636 -11 748 2229 2228 1 114.773 114.773 904 
-2.84829 -0.106917 -5 -0.175416 -0.00328308 0.479936 3.99401 22 749 3039 3038 1 125.574 125.574 794 
-3.19637 -3.89954 -5 -0.0137734 0.06356 0.691107 3.98808 22 750 2442 2247 1 9.4588 9.4588 72 
-3.32599 5 4.33042 0.182922 -0.627346 0.425834 4.04537 22 751 3926 3914 1 50.0744 50.0744 557 
-4.87455 4.12367 -5 -0.669107 0.0948151 18.4506 3.98631 22 752 1377 1115 1 52.8718 52.8718 576 
-4.62255 1.15372 -5 0.11904 -0.207921 1.20915 3.98792 22 753 5377 5305 1 73.0808 73.0808 454 
2.67858 0.581904 -5 -3.70346 -11.5914 11.7215 3.98851 -11 754 1258 1257 1 80.2945 80.2945 633 
1.03551 2.67141 -5 0.0328064 -0.0812241 0.541479 3.98762 22 755 2177 2152 1 38.3637 38.3637 285 
1.35767 4.2711 -5 9.06607 3.2905 7.33566 3.99334 11 756 6385 6384 1 56.5891 56.5891 503 
2.79455 -4.65363 -5 11.6433 9.26768 42.9067 3.98951 11 757 1 0 1 114.474 114.474 827 
2.45257 -2.55161 -5 0.144833 -0.0254428 1.86525 3.98779 22 758 2615 2108 1 39.3232 39.3232 409 
3.41793 4.64887 -5 0.125531 0.439463 2.23736 3.99175 22 759 1371 1 1 7.45023 7.45023 158 
4.86697 -4.4753 -5 2.92696 -1.83634 1.81685 3.99003 -11 760 2532 2531 1 35.4728 35.4728 373 
-0.501996 1.10179 -5 0.0829064 0.128263 2.42318 3.98701 22 761 2596 1 1 48.68 48.68 498 
-0.186504 2.08321 -5 -1.33835 -0.665379 11.3825 3.98916 22 763 2954 2902 1 38.8713 38.8713 320 
-4.32895 2.47017 -5 -0.315354 0.457851 2.75102 3.98877 22 764 1698 1610 1 29.4865 29.4865 505 
-2.08099 -2.26804 -5 -0.651389 16.6896 45.1854 3.98949 11 765 1466 1144 1 24.471 24.471 320 
5 -3.17185 4.43021 -0.337382 -0.00978344 0.232459 4.02443 22 766 1233 1209 1 30.9244 30.9244 385 
-1.41234 -0.067677 -5 -0.129555 0.147087 3.11046 3.98682 22 767 2691 2427 1 141.602 141.602 1271 
-3.87359 5 -2.68339 -0.40436 -0.336184 2.01124 3.99601 22 768 4031 3180 1 12.8933 12.8933 203 
-0.57869 2.93545 -5 -0.182642 0.0611941 2.00143 3.9874 22 769 3571 2992 1 46.9721 46.9721 407 
4.35918 -2.98686 -5 0.0719271 0.0266927 3.42288 3.99449 22 770 13778 13724 1 25.1229 25.1229 239 
-2.54842 0.749664 -5 0.351117 -0.268313 0.256603 4.02559 22 771 1306 1305 1 43.9575 43.9575 379 
-5 2.53595 -3.19594 0.0549909 0.0605116 0.131799 4.00938 22 772 3183 3122 1 46.8691 46.8691 432 
-0.0235282 -4.61836 -5 -0.209344 -0.899375 4.98268 3.99041 22 773 1987 1598 1 8.62239 8.62239 136 
0.451027 4.33991 -5 -0.19968 0.162389 0.403017 4.00274 22 774 2127 1522 1 24.9066 24.9066 320 
5 3.72086 -2.2991 -0.219684 0.120883 0.0418788 4.05286 22 775 4257 4158 1 23.7352 23.7352 332 
1.85828 -3.80603 -5 0.0426505 -0.0185737 0.853772 3.98668 22 776 1789 1 1 87.5359 87.5359 517 
-4.50778 5 -4.94386 -2.01439 -3.06912 3.83904 3.99361 -11 777 1090 1089 1 96.3742 96.3742 785 
4.01329 1.31776 -5 0.0986097 -0.207949 0.0653079 4.00226 22 778 1458 1457 1 67.6617 67.6617 644 
-5 -0.0464477 0.869256 1.95412 3.45277 1.38644 4.01265 11 779 1816 1719 1 25.2451 25.2451 233 
-4.30754 4.17574 -5 -1.06252 0.56468 10.9546 3.98753 22 780 1334 1 1 148.248 148.248 1227 
-4.44266 0.25493 -5 0.874367 -2.3244 4.86352 3.99862 22 781 1842 1725 1 104.976 104.976 1093 
-4.71947 0.219619 -5 -0.0153234 -0.00513106 11.6155 3.98609 22 782 3427 1 1 67.4685 67.4685 690 
-4.23306 4.97363 -5 -3.1842 -2.51922 15.9324 3.98899 11 783 1186 1121 1 16.407 16.407 158 
3.63417 1.85259 -5 -1.47838 -0.283222 15.351 3.9882 22 784 1157 1 1 18.8915 18.8915 194 
-4.84305 -2.82808 -5 -1.56814 0.738829 39.0247 3.98625 22 785 1852 1772 1 77.9461 77.9461 816 
-3.2354 5 -0.715456 -0.27342 -0.263409 0.0499062 4.02629 22 786 6084 6020 1 137.803 137.803 1030 
1.10188 -1.06045 -5 2.63137 1.44883 86.9461 3.98632 22 787 2278 1 1 62.2508 62.2508 615 
3.51189 3.73167 -5 -0.0405243 0.216065 4.86186 3.98637 22 788 1554 1295 1 80.7594 80.7594 729 
5 2.72065 4.77546 -0.113887 0.0237436 2.08616 4.01912 22 789 2390 2195 1 26.6538 26.6538 178 
-2.52627 0.290559 -5 -15.5169 -9.84298 177.421 3.98648 -11 790 3112 3111 1 120.26 120.26 1341 
3.18066 -1.71248 -5 0.0202522 -0.0341108 0.314963 3.98777 22 791 2212 2172 1 137.688 137.688 1096 
1.66342 1.79655 -5 0.0911907 0.146546 4.5412 3.98646 22 792 3297 2595 1 141.1 141.1 1076 
-2.0777 4.07706 -5 0.1993 0.417417 24.6255 3.98643 22 793 3200 2913 1 244.558 244.558 1672 
-3.6907 -1.65702 -5 0.0732199 -0.040128 0.375441 3.98827 22 794 2085 2037 1 8.77253 8.77253 124 
4.42889 5 -0.888077 -0.449341 -0.551174 0.0728122 4.01997 22 795 2632 2596 1 6.00005 6.00005 125 
-3.56183 -2.26643 -5 -0.787271 0.719571 3.04133 3.99234 22 796 5153 5078 1 5.10456 5.10456 54 
1.52596 -2.36124 -5 -0.386216 0.286191 0.414971 4.00811 22 797 1235 1 1 44.2628 44.2628 539 
0.683325 -3.38394 -5 0.253361 0.764462 3.25498 3.98887 22 798 1987 1876 1 48.2497 48.2497 497 
2.06419 -2.40228 -5 0.332728 -0.0921702 1.2293 3.98926 22 799 2918 2720 1 68.4155 68.4155 632 
4.12139 -3.26685 -5 -0.155303 0.187474 7.34629 3.98641 22 800 4047 1995 1 20.7894 20.7894 209 
5 4.79603 -1.73286 -1.48571 4.9142 0.446141 4.01875 -11 801 1575 1574 1 16.5658 16.5658 184 
-5 4.29139 1.13376 0.251255 0.186904 0.10414 4.04573 22 802 1055 1 1 6.11914 6.11914 91 
1.67157 -5 3.59751 -0.456758 1.0009 -0.0338017 4.06561 22 803 1299 1295 1 23.4854 23.4854 215 
-2.77775 -2.28447 -5 -0.00406169 -0.0153426 0.600467 3.98627 22 804 3969 3840 1 123.844 123.844 923 
1.47336 5 -1.5331 -0.00113296 -0.115511 0.17582 4.0694 22 805 1687 1686 1 20.1077 20.1077 177 
4.95154 -1.94161 -5 2.39416 -4.6287 4.93416 4.00324 -11 806 2028 2027 1 4.31131 4.31131 46 
-0.0356425 -0.636529 -5 -0.251195 -0.0835496 5.40531 3.98668 22 807 2512 1 1 44.3442 44.3442 560 
0.365244 5 -4.81087 -0.163044 -0.156491 0.405151 4.00806 22 808 4969 4968 1 0.22063 0.22063 31 
-2.93612 4.98809 -5 -3.88805 -0.464176 56.6237 3.98674 -11 809 1019 1018 1 62.6858 62.6858 557 
-4.64321 -0.354866 -5 0.00996554 -0.480678 4.75529 3.98851 22 810 4848 4202 1 26.4564 26.4564 290 
1.00523 -3.73 -5 -0.783891 0.250959 2.29341 3.9909 22 811 6036 5896 1 9.83038 9.83038 75 
-0.760824 3.31271 -5 -0.052613 0.33732 0.476943 3.99311 22 812 4778 4486 1 22.4174 22.4174 315 
0.82359 3.65326 -5 -0.00989536 -0.0093133 1.21797 3.99111 22 813 4342 4334 1 137.913 137.913 920 
-0.840724 0.354582 -5 4.67479 5.38041 35.4525 3.98861 22 814 1001 1 1 46.9565 46.9565 503 
1.66829 3.51369 -5 -0.00648362 0.188536 0.279611 3.99865 22 815 1125 1 1 8.56645 8.56645 156 
0.712391 4.33805 -5 -0.00306983 -0.0609896 1.21814 3.98667 22 816 1599 1 1 11.3015 11.3015 228 
3.77955 -4.91947 -5 0.119471 -0.149288 0.129777 4.02935 22 817 1980 1947 1 5.62957 5.62957 112 
0.127371 -5 -2.0609 -0.705678 0.571268 1.05567 4.00495 22 818 3339 3273 1 39.5088 39.5088 618 
-1.12681 0.415628 -5 0.00799844 -0.026184 0.663094 3.98664 22 819 1625 1 1 31.5799 31.5799 244 
-3.56324 -2.63058 -5 0.0788248 -0.368606 0.676368 4.01123 22 820 2017 1894 1 105.556 105.556 692 
1.43352 -1.45066 -5 0.0239335 -0.295893 0.415926 4.01955 22 821 1939 1938 1 71.4309 71.4309 702 
1.62484 -2.92133 -5 -0.0339737 -0.506731 1.38755 3.99466 22 822 2444 1478 1 14.5388 14.5388 173 
3.80816 -1.49716 -5 -1.23586 -0.127354 6.69637 3.98926 22 823 1287 1094 1 12.414 12.414 157 
-5 -0.602361 2.11704 0.327413 -0.147091 0.361701 4.03711 22 824 6466 6205 1 28.5754 28.5754 317 
4.60141 1.74605 -5 1.14094 0.525734 7.69533 3.98957 22 825 1773 1467 1 20.6348 20.6348 217 
-1.04615 -1.22183 -5 -0.101172 0.146675 1.26106 3.98645 -11 826 1958 1957 1 48.8471 48.8471 464 
-4.74242 -1.58238 -5 -0.140665 0.204186 1.98422 3.98675 22 827 1445 1289 1 76.5471 76.5471 698 
-4.69647 -2.31936 -5 0.182094 -0.275428 6.45144 3.98648 22 828 1491 1 1 22.4004 22.4004 259 
0.524008 1.35982 -5 -1.98622 -0.136746 5.82514 3.98706 -11 829 1203 1202 1 118.14 118.14 1058 
1.28179 -5 -2.18437 -0.914301 1.35087 0.182356 4.00419 11 830 1110 1104 1 73.4113 73.4113 721 
4.83844 -2.54985 -5 -0.179371 -0.308074 2.65152 3.98819 22 831 1504 1 1 143.053 143.053 961 
-4.08237 -0.746096 -5 -0.261122 -0.425882 7.70129 3.98703 22 832 3032 2128 1 23.0787 23.0787 197 
-1.7129 0.363099 -5 0.0185694 0.193244 5.05549 3.9865 22 833 2898 1385 1 17.6015 17.6015 265 
1.28263 4.50851 -5 0.847178 1.86475 3.85862 3.99832 22 834 2028 1905 1 20.1876 20.1876 284 
1.82859 4.11102 -5 0.0257186 -0.0480913 0.642247 3.98843 22 835 1176 1 1 81.621 81.621 804 
2.6849 -5 3.68431 0.329263 0.683967 0.498541 4.02908 22 836 8552 8551 1 6.34548 6.34548 145 
-4.58158 2.74484 -5 -1.59931 -0.234093 19.0723 3.98659 22 837 1478 1369 1 93.3937 93.3937 945 
2.341 4.49627 -5 0.0900114 -0.0211266 0.879993 3.9872 22 838 5941 5573 1 37.0141 37.0141 488 
3.40165 -2.37408 -5 0.869709 -0.40329 11.6736 3.98819 22 839 1377 1 1 121.968 121.968 1029 
-0.711777 5 1.6679 0.250539 -0.400663 0.194473 4.04777 22 840 2253 2250 1 12.8727 12.8727 176 
-5 -1.98221 -4.32069 0.13288 -0.0231502 0.250309 4.00606 22 841 1493 1130 1 44.5297 44.5297 467 
-4.86929 2.76703 -5 9.42871 1.79413 58.8259 3.98668 11 842 2540 2086 1 74.6181 74.6181 541 
-0.639017 4.34713 -5 7.8812 -0.21186 32.1612 3.98682 11 843 1411 1272 1 98.0838 98.0838 714 
-0.678061 5 -4.84433 -0.844608 -0.0724748 1.08801 4.00342 22 844 4627 4613 1 8.96707 8.96707 109 
2.24842 -4.6179 -5 0.0127452 -1.06436 1.23111 4.00578 22 845 3392 3272 1 4.7226 4.7226 67 
-4.7048 -1.3952 -5 -1.02134 0.364564 50.7086 3.98647 22 846 2417 2247 1 96.6001 96.6001 870 
-4.39594 -3.5999 -5 0.206091 0.128512 0.52382 3.99713 22 847 1187 1 1 8.43014 8.43014 56 
5 -2.63083 -2.48733 -2.30891 3.65453 53.5268 3.99571 22 848 1529 1 1 9.42918 9.42918 215 
3.40666 1.37812 -5 0.471948 0.905536 8.09328 3.98998 22 849 2164 1 1 19.3678 19.3678 235 
-2.05983 1.55303 -5 0.0238141 0.179647 0.477786 3.99064 22 850 2550 2549 1 69.4477 69.4477 549 
-2.71101 -0.241675 -5 0.428477 -0.455532 1.35342 3.98877 11 851 1251 1227 1 61.8637 61.8637 534 
-2.73294 0.121726 -5 -0.322778 0.0512852 0.429567 4.03945 22 852 1367 1338 1 24.007 24.007 324 
5 2.33404 1.53178 -0.861867 -0.015242 5.4037 4.01432 22 853 8893 8647 1 27.4956 27.4956 191 
-1.27971 -2.61298 -5 0.171241 0.297608 2.65162 3.98914 22 854 1730 1701 1 33.7723 33.7723 285 
-2.64562 5 -3.83603 -0.191604 -0.0887483 0.465329 3.99984 22 855 1998 1997 1 38.3162 38.3162 436 
2.26275 0.750173 -5 0.203698 -0.109221 0.597998 3.99199 22 856 1805 1485 1 3.13405 3.13405 28 
-0.995933 1.96676 -5 9.46201 4.66324 317.633 3.98625 22 857 1132 1 1 117.832 117.832 1152 
3.75026 5 -3.90207 0.613808 -15.0743 20.9316 3.99264 11 858 1685 1406 1 13.7991 13.7991 180 
3.99966 5 4.20679 -0.812838 -4.33102 -1.19986 4.054 11 859 3702 3671 1 6.30481 6.30481 41 
1.29031 -2.48164 -5 -0.0572222 -0.0958154 0.24937 4.05143 22 860 1763 1737 1 162.381 162.381 1302 
0.48855 0.950447 -5 0.124105 -0.31271 9.54891 3.98637 22 861 2485 1 1 77.1614 77.1614 559 
-4.21103 -1.45038 -5 0.212132 -0.043876 0.565969 4.00892 22 862 1845 1772 1 36.8878 36.8878 620 
5 4.26517 -2.28319 -0.301358 -0.0785334 0.0363406 4.06859 22 863 2580 2516 1 94.0545 94.0545 965 
3.43587 -2.95089 -5 23.1765 -9.07725 229.757 3.98658 -11 864 1365 1364 1 167.781 167.781 961 
-0.688507 5 3.50109 -0.00674418 -0.0287474 0.00387652 4.01847 22 865 6433 6423 1 103.646 103.646 1045 
-4.21424 -4.59324 -5 16.2561 -2.27985 27.9271 3.99085 -11 866 5304 5303 1 23.5852 23.5852 286 
-4.57217 -2.34257 -5 -0.637097 0.725074 7.42916 3.98915 22 867 1765 1660 1 19.9074 19.9074 205 
1.24868 -2.27011 -5 0.300707 2.94571 11.484 3.98794 -11 868 1603 1602 1 74.0622 74.0622 561 
0.928285 -4.0881 -5 -7.74037 -8.12414 8.08221 3.99002 -11 869 1265 1264 1 102.055 102.055 837 
-1.36865 -4.58271 -5 -16.1858 10.219 63.5901 3.987 -11 870 2562 2561 1 78.5097 78.5097 617 
0.999714 -5 2.71902 0.133294 0.16378 1.45024 4.01334 22 871 1231 1 1 14.085 14.085 166 
5 -1.7951 2.24246 -0.72418 -0.192995 3.27816 4.0118 22 872 2792 2689 1 19.9452 19.9452 188 
4.55831 -5 -4.12052 -0.0125084 0.101779 -0.137029 4.02347 22 873 1449 1448 1 55.228 55.228 588 
-1.71668 -1.12567 -5 0.13395 0.070688 4.07465 3.98669 22 874 1869 1524 1 36.4326 36.4326 248 
5 0.914314 -4.98681 -0.487735 0.15077 -0.0224327 4.01427 22 875 3492 3489 1 10.8717 10.8717 144 
5 4.42494 -2.26997 -0.60078 -0.297927 0.457009 4.00193 22 876 1701 1527 1 51.4305 51.4305 594 
-4.57571 5 2.00124 -0.144915 -0.23132 -0.0364638 4.08229 22 877 1335 1334 1 109.523 109.523 1098 
-3.643 -3.23392 -5 -0.117632 -0.329239 0.625383 4.00984 22 878 3265 3183 1 1.93668 1.93668 17 
4.33243 -2.33844 -5 -0.223896 0.697821 13.0752 3.98677 22 879 2989 1 1 22.3872 22.3872 280 
2.2407 -4.11672 -5 0.54415 -0.337292 1.83295 4.0056 22 880 1253 1140 1 22.8437 22.8437 189 
-4.1438 1.08935 -5 -0.508122 1.03422 3.71904 3.99343 22 881 2497 2496 1 101.841 101.841 888 
-0.339668 0.998939 -5 -2.54319 -0.3682 5.79501 3.99021 11 882 1 0 1 24.7165 24.7165 411 
3.27986 -1.33412 -5 -17.6416 -1.2762 94.6747 3.98816 11 883 3967 3940 1 32.026 32.026 300 
3.01029 3.39814 -5 1.38341 5.80941 123.325 3.98652 22 884 1878 1702 1 114.607 114.607 1004 
3.41314 -0.456645 -5 0.170337 0.29197 0.23103 4.00807 22 885 2390 2389 1 151.409 151.409 1348 
5 3.8297 4.90985 -1.37478 -0.192243 5.36619 4.02239 22 886 5050 4887 1 5.09917 5.09917 123 
-5 -4.23091 -1.19301 0.295206 -0.393165 0.449302 4.02649 22 887 1158 1 1 22.6313 22.6313 258 
-0.676203 -4.28784 -5 0.492258 -0.577109 0.583135 4.00947 22 888 1581 1454 1 5.4244 5.4244 54 
4.31 4.75234 -5 0.0330731 0.04815 2.14778 3.98629 22 889 1311 1077 1 88.3244 88.3244 815 
-2.07129 0.687908 -5 -0.464719 0.588091 14.2817 3.98656 22 890 2186 1870 1 62.2505 62.2505 467 
0.131237 2.49177 -5 0.193112 -0.262779 1.68663 3.98823 22 891 1835 1 1 64.2543 64.2543 594 
-2.36775 0.970385 -5 0.0461307 0.0709174 0.560773 4.00226 22 892 2651 1 1 66.2724 66.2724 450 
0.127354 5 4.83091 -0.102754 -0.0679155 0.448554 4.02203 22 893 2653 2626 1 24.2934 24.2934 297 
-5 -4.42946 1.63773 0.144963 0.197313 -0.0327499 4.04035 22 894 2630 2615 1 146.374 146.374 1180 
-1.664 1.09851 -5 0.0461111 -0.0305815 0.363149 3.98862 22 895 1726 1633 1 84.8149 84.8149 688 
-0.949871 4.01488 -5 0.0696187 0.4651 0.486117 3.9978 22 896 1002 1 1 26.5543 26.5543 212 
-0.142302 -5 -2.11742 0.0524565 0.201616 1.39221 4.0122 22 897 1180 1091 1 17.1541 17.1541 240 
4.26371 0.339669 -5 -0.146709 0.18909 0.451488 4.01514 22 898 4995 4994 1 6.19787 6.19787 83 
1.55468 -2.1684 -5 -0.781054 -2.96303 38.8065 3.98737 22 899 1326 1 1 54.139 54.139 412 
-0.330783 -3.37502 -5 -0.160003 0.109849 1.37442 3.98802 22 900 1745 1699 1 8.38046 8.38046 163 
4.36662 -5 -3.6682 -5.24196 2.68956 -2.996 4.01926 -11 901 10997 10996 1 3.99115 3.99115 119 
4.93369 3.95295 -5 0.372558 0.0444485 0.298552 3.9991 22 902 1734 1733 1 74.2128 74.2128 1058 
0.51183 0.523462 -5 -2.40847 16.857 223.27 3.98622 -11 903 1942 1941 1 84.5028 84.5028 614 
-5 0.83301 -1.75315 0.351423 0.650207 0.807888 4.01399 22 904 1113 1112 1 12.4445 12.4445 149 
4.81078 1.89706 -5 -0.0490545 0.110515 1.83425 3.98692 22 905 3255 3071 1 20.0992 20.0992 228 
1.79409 2.98063 -5 -0.0858147 0.288425 0.412997 3.99121 22 906 6221 6183 1 25.6684 25.6684 140 
4.82757 4.23383 -5 0.938979 0.495483 8.0924 3.98907 22 907 3315 2879 1 44.7113 44.7113 448 
2.76293 1.8456 -5 0.16736 0.0259518 0.709538 3.98822 22 908 2401 2284 1 75.8513 75.8513 612 
-3.16086 0.623591 -5 -2.18602 1.28611 35.0996 3.98749 -11 909 1121 1120 1 148.114 148.114 1115 
4.38274 -2.01938 -5 2.62306 -0.837811 16.8479 3.98895 22 910 1371 1 1 63.8374 63.8374 689 
-5 3.83244 2.14657 0.414894 0.206098 1.9854 4.0123 22 911 1966 1883 1 73.6635 73.6635 625 
-2.54702 5 4.5539 0.723016 -0.860544 3.08042 4.02347 22 912 4999 4973 1 11.0538 11.0538 102 
5 -1.69665 0.336566 -0.684595 0.244891 1.59045 4.01248 22 913 3778 3479 1 3.5832 3.5832 65 
4.08295 2.89117 -5 0.0218841 0.0962435 0.374718 3.99018 22 914 2167 1663 1 24.2238 24.2238 280 
2.35793 -3.60793 -5 0.0930466 0.108208 0.787102 3.99612 22 915 1227 1 1 69.2666 69.2666 675 
0.133841 -0.719063 -5 0.28742 0.0485742 0.400015 4.00156 22 916 2433 2415 1 29.1099 29.1099 346 
0.743397 -1.08731 -5 0.158587 -0.124002 2.33587 3.9873 22 917 3739 2637 1 28.5168 28.5168 350 
0.684455 3.43235 -5 -0.43679 0.773036 1.62841 4.00496 22 918 3061 2814 1 67.7595 67.7595 541 
2.8512 -3.02535 -5 1.28177 1.57208 10.4216 3.9927 11 919 1 0 1 76.9093 76.9093 507 
-4.66087 -5 3.82473 0.0987839 0.0961352 0.3731 4.01709 22 920 2480 2476 1 49.4658 49.4658 576 
-0.955646 -3.60988 -5 -0.579555 -0.373362 0.427546 3.99888 22 921 1145 1 1 64.2567 64.2567 550 
-1.07244 5 -1.15727 -1.58282 -5.43733 -0.6237 4.00471 -11 922 1169 1168 1 15.3893 15.3893 83 
-5 -2.39127 -1.80847 0.508402 -0.0499666 0.0122739 4.02174 22 923 1473 1472 1 15.7983 15.7983 217 
1.41489 2.1613 -5 0.124979 0.159035 3.14978 3.98711 22 924 4292 3164 1 24.2337 24.2337 256 
-0.844631 -4.59598 -5 -0.0212209 -0.198821 12.8135 3.98616 22 925 2556 1 1 108.024 108.024 828 
-5 3.03686 -4.82651 0.0946734 -0.102607 -0.205383 4.01525 22 926 1911 1910 1 40.2336 40.2336 513 
1.44035 2.10334 -5 -1.48429 -0.446077 9.60875 3.98783 22 927 1890 1853 1 36.6895 36.6895 464 
-4.86487 0.0383359 -5 1.73533 -5.14483 60.6029 3.98691 22 928 1046 1 1 46.8164 46.8164 286 
1.43463 2.46188 -5 -0.798293 0.0348734 9.20951 3.9879 22 929 2517 2294 1 55.6654 55.6654 417 
4.17121 -1.95651 -5 -0.116314 -0.0659077 4.37343 3.9863 22 930 1741 1 1 100.141 100.141 764 
-2.6828 2.49307 -5 0.0540946 0.0790812 1.12159 3.98696 22 931 1240 1 1 50.6067 50.6067 717 
0.16055 -5 0.892109 -0.00970252 0.201046 0.859416 4.0073 22 932 3721 3717 1 49.456 49.456 368 
-1.24623 0.61973 -5 3.52324 -1.47693 14.2884 3.99044 22 933 1938 1694 1 20.8499 20.8499 152 
2.4373 5 -1.34762 -0.273213 -0.370039 3.66979 3.99931 22 934 2076 1284 1 13.0863 13.0863 168 
0.632857 4.71263 -5 -0.0658369 -0.078454 0.50063 3.99675 22 935 1544 1519 1 10.1803 10.1803 144 
0.275992 2.19112 -5 -0.033781 0.127268 5.9342 3.98618 22 936 1608 1 1 91.73 91.73 1091 
3.30662 4.95176 -5 1.10633 2.73945 18.8927 3.9902 22 937 3940 3939 1 11.5417 11.5417 85 
-1.67243 1.91319 -5 -0.262147 -0.34635 4.36357 3.98824 22 938 3102 2855 1 24.8001 24.8001 373 
5 -2.02379 1.83012 -0.172965 -0.0857899 -0.00956866 4.07172 22 939 2181 2162 1 5.50475 5.50475 85 
-3.89699 -0.850222 -5 -12.8313 -13.4608 79.081 3.98808 11 940 2188 2101 1 35.211 35.211 341 
-0.846104 -3.58263 -5 3.63006 0.471564 9.26775 3.99326 22 941 2724 2137 1 13.8404 13.8404 154 
2.27345 3.64316 -5 1.16745 -2.38917 4.21814 3.99107 22 942 3111 3048 1 60.7744 60.7744 565 
2.35887 -3.38205 -5 -8.42801 19.0165 23.0315 4.00011 11 943 2974 2973 1 5.64947 5.64947 49 
-0.68432 -5 4.20198 0.0116325 0.202939 0.412316 4.04111 22 944 1962 1939 1 78.7855 78.7855 859 
-3.17477 -4.88649 -5 -0.090888 0.0399963 0.654552 3.98639 22 945 1867 1 1 146.507 146.507 964 
5 -4.8337 3.15339 -0.265349 -0.0390389 0.247681 4.15471 22 946 1003 1002 1 0.15467 0.15467 15 
1.53623 -3.9389 -5 -0.175355 0.094237 0.470627 4.01714 22 947 14363 14334 1 5.34873 5.34873 138 
4.49364 5 -0.303969 -0.805017 -1.41446 3.30117 4.01662 22 948 1338 1229 1 89.6792 89.6792 708 
1.67124 5 0.11602 0.153858 -0.18415 -0.161202 4.02162 22 949 4320 3079 1 95.3754 95.3754 812 
-2.04015 1.26388 -5 -0.513873 -0.0521212 3.42115 3.99543 22 950 1127 1 1 38.6695 38.6695 261 
4.94833 0.611201 -5 0.497268 0.179478 11.0975 3.98652 22 951 1461 1 1 42.5128 42.5128 447 
2.8281 5 0.652532 -0.220552 -0.687826 0.643136 4.0133 22 952 1189 1 1 41.228 41.228 508 
-4.54262 -3.8309 -5 -0.964735 3.45779 5.0663 3.99496 11 953 1 0 1 116.176 116.176 925 
5 -1.5868 4.28309 -0.451488 -0.158688 0.179157 4.03074 22 954 2034 2002 1 22.9973 22.9973 230 
-0.514583 -3.5598 -5 -0.0180046 0.0263973 0.282518 3.98636 22 955 6041 5911 1 84.1628 84.1628 768 
5 4.45041 -0.218193 -0.274857 0.084203 0.416379 4.01286 22 956 1370 1308 1 21.9776 21.9776 248 
5 -0.50955 -3.82829 -0.505144 -0.0765942 -0.00911782 4.00175 22 957 1183 1182 1 129.745 129.745 1044 
-1.6496 0.896974 -5 0.508971 -0.148819 0.802611 4.02833 22 958 9839 9663 1 2.64978 2.64978 54 
1.89627 -1.09265 -5 -0.26574 0.303627 0.313549 4.01717 22 959 7781 7778 1 37.9371 37.9371 482 
2.9247 3.40806 -5 0.0261511 -0.0732726 2.87759 3.98654 22 960 1357 1 1 71.5853 71.5853 667 
3.23165 0.472667 -5 -0.146449 0.253911 0.260551 4.00794 22 961 8549 8414 1 6.08746 6.08746 99 
0.0527949 -5 -3.8147 -0.0677313 0.154105 0.154958 4.01866 22 962 3588 3498 1 23.1123 23.1123 218 
-2.14585 -1.97225 -5 -0.0490884 -0.24883 1.70276 3.98815 22 963 1243 1 1 21.8826 21.8826 290 
-2.59212 -3.38638 -5 -0.0585274 -0.0988932 0.256923 3.9949 22 964 4445 4328 1 94.1329 94.1329 793 
4.08354 -4.19097 -5 4.11038 -4.40929 24.2217 3.99046 22 965 1043 1 1 82.8836 82.8836 785 
3.85012 1.21264 -5 -0.0337093 0.023873 3.60466 3.98613 22 966 5198 4127 1 56.5214 56.5214 437 
-5 2.37039 -3.09394 0.212064 -0.185525 -0.34489 4.05445 22 967 1090 1089 1 19.9284 19.9284 299 
1.41 1.30322 -5 0.177741 0.221496 4.27484 3.99032 22 968 1418 1 1 15.6599 15.6599 151 
0.521021 -3.0783 -5 -0.227177 -0.0850168 0.602279 3.99604 22 969 1207 1179 1 10.2903 10.2903 134 
-4.05496 2.54555 -5 0.0607093 -0.155615 0.540039 3.98904 22 970 1868 1779 1 64.9298 64.9298 610 
-3.3071 -3.92169 -5 -0.0176382 -0.200192 2.92282 3.98754 22 971 1468 1248 1 135.032 135.032 1259 
3.03291 -2.98517 -5 0.536833 -1.05524 3.2006 3.98948 22 972 2133 2104 1 11.6176 11.6176 205 
-2.85753 0.354919 -5 -0.24095 0.51083 0.619981 4.01245 22 973 11822 11820 1 6.37315 6.37315 100 
-4.29649 -0.0253367 -5 1.35746 -1.11334 11.0438 3.98791 22 974 2463 2298 1 17.9296 17.9296 128 
-4.66755 -1.68287 -5 -0.0214075 -0.0181491 0.831666 3.98639 22 975 1609 1457 1 65.4236 65.4236 525 
2.18291 2.43769 -5 0.0292424 0.0387518 0.253548 3.98916 22 976 1306 1 1 95.3769 95.3769 823 
0.404295 -4.19206 -5 0.185563 -0.0854038 9.43399 3.98627 22 977 2020 1856 1 96.2491 96.2491 984 
4.98681 -1.11474 -5 -0.287887 0.285061 13.4663 3.98632 22 978 3843 3480 1 33.0968 33.0968 381 
0.356594 0.656045 -5 -0.153046 0.488658 9.52489 3.98742 22 979 1585 1584 1 37.3877 37.3877 384 
2.06768 -1.17298 -5 -0.190025 -0.381421 0.282007 4.02651 22 980 5212 5211 1 34.7606 34.7606 430 
5 -2.75819 -1.63263 -0.616599 -0.341564 3.0448 3.99842 22 981 1056 1 1 9.67399 9.67399 173 
-3.61794 2.56571 -5 8.85293 -4.9095 36.6159 3.98759 -11 982 2633 2632 1 56.5861 56.5861 449 
1.85864 -3.06974 -5 -0.394984 -0.242596 0.383095 4.04688 22 983 9524 9487 1 98.301 98.301 867 
-1.86881 1.84246 -5 0.129606 0.240896 3.81417 3.98729 22 984 1994 1634 1 8.76975 8.76975 144 
-4.16503 -5 2.66927 -0.725468 0.239675 7.06402 4.01312 22 985 1575 1272 1 104.289 104.289 898 
5 -1.29097 -4.95487 -2.47901 5.58261 120.761 3.98657 -11 986 2922 2921 1 108.207 108.207 700 
-0.377489 3.37873 -5 -0.0708071 -0.0990495 0.250724 3.99495 22 987 3624 3606 1 14.5351 14.5351 167 
-5 -1.84983 2.7315 0.128884 0.0741739 0.329295 4.03243 22 988 8799 7263 1 5.18769 5.18769 145 
0.00713864 -0.339529 -5 -0.146312 -0.2624 0.124796 4.03175 22 989 1895 1837 1 77.7409 77.7409 579 
1.45223 -1.58611 -5 0.0646791 -0.0396359 0.441022 3.98874 22 990 1378 1089 1 29.9697 29.9697 265 
5 2.62159 -0.186841 -0.388246 0.594689 5.33825 4.00698 22 991 1143 1105 1 38.4204 38.4204 417 
-2.1352 0.377864 -5 0.705039 0.54498 2.21956 3.99467 22 992 1866 1598 1 40.2899 40.2899 317 
-2.29418 0.894637 -5 -20.9119 -8.83228 248.405 3.9865 -11 993 1249 1248 1 65.7194 65.7194 773 
5 2.93209 -0.715113 -0.262128 -0.211231 -0.153472 4.06757 22 994 1061 1058 1 77.4768 77.4768 671 
-4.64264 1.76324 -5 0.196047 1.03899 1.85141 3.99082 22 995 2373 1874 1 52.1838 52.1838 452 
-5 0.484232 -0.0921368 0.478737 0.441867 1.57124 4.0074 22 996 3157 3042 1 34.5388 34.5388 272 
-4.23232 -2.7116 -5 -0.149831 0.0225569 1.84672 3.98712 22 997 1688 1194 1 79.3128 79.3128 630 
2.63362 -0.969871 -5 0.398826 -0.0945633 0.411846 4.00236 22 998 5059 5025 1 20.3737 20.3737 342 
-2.97042 -2.4056 -5 0.065067 0.0997054 8.89527 3.98613 22 999 2604 1 1 68.6535 68.6535 594 
-5 -4.90345 -3.10195 0.143573 0.348488 0.16579 4.02343 22 1000 3895 3810 1 53.3206 53.3206 503 
