# Det6_3_13
#x y z Px Py Pz t PDGid EventID TrackID ParentID Weight Edep VisibleEdep Ntracks
-5 -3.58819 3.87276 0.191342 -0.291786 -0.373321 4.05671 22 1 8247 8246 1 0.895023 0.895023 8 
-4.26018 5 1.43814 -0.101567 -0.438405 0.242085 3.82096 22 2 9612 9611 1 0 0 3 
-3.59004 -1.72762 -5 0.258689 -0.724272 0.781145 3.78896 22 3 1604 1356 1 1.55673 1.55673 78 
3.01086 -0.727901 -5 0.0939296 -1.00147 0.984859 3.78725 22 4 3542 1 1 0 0 7 
3.27019 5 -1.9712 0.377334 -0.278042 0.614241 3.79322 22 5 15911 15826 1 2.59657 2.59657 15 
-5 -2.4664 2.46996 0.217395 -0.189344 -0.0972397 4.05903 22 6 8096 8073 1 0 0 3 
-3.9418 5 4.97674 -0.0299705 -0.713121 0.880948 3.82193 22 7 13535 13505 1 0 0 6 
-4.85328 5 4.33698 -0.32707 -0.349043 -0.179761 3.83264 22 8 17443 17418 1 5.18796 5.18796 51 
-5 4.95185 0.539699 0.275507 -0.36923 -0.2211 3.85573 22 9 11305 11304 1 2.07824 2.07824 58 
5 4.47426 -3.88848 -0.220779 -0.202449 0.391916 3.7794 22 10 12711 12686 1 0.747479 0.747479 42 
-0.328586 5 -1.66273 -0.269468 -0.810172 0.453883 3.80665 22 11 10081 9156 1 0.43056 0.43056 35 
-1.39466 -3.52454 -5 0.228728 -0.526777 1.71354 3.76792 22 12 3090 2910 1 0 0 4 
0.0899478 5 3.41761 -0.0679316 -0.341406 -0.374095 3.85626 22 13 5196 5161 1 4.25731 4.25731 54 
-2.04948 2.81054 -5 -0.155754 -0.361142 0.326247 3.80079 22 14 1675 1652 1 0.186786 0.186786 36 
-2.77879 -3.72424 5 3.08265 -0.265149 -3.7612 3.99512 22 15 3659 3612 1 8.87283 8.87283 114 
5 2.84196 0.0290767 -0.146098 -0.212362 -0.221915 4.24897 22 16 8178 8177 1 0.319187 0.319187 30 
-5 4.99884 -4.33743 0.282344 0.0232962 -0.240762 3.99327 22 17 4746 4635 1 2.06041 2.06041 98 
3.65721 1.2234 -5 0.229224 -0.058167 0.177733 3.86094 22 18 11917 11916 1 0.292878 0.292878 20 
-3.7547 5 2.10375 0.0273324 -0.08371 0.291787 3.77985 22 19 8670 8621 1 0.661247 0.661247 69 
-0.181985 4.31853 5 0.46811 -0.0312629 -0.202523 3.94195 22 20 3748 3747 1 0 0 4 
-0.291251 -3.92721 -5 0.192117 -0.206928 0.642626 3.76858 22 21 12434 12182 1 5.13762 5.13762 86 
-5 -2.05047 -1.32892 0.118349 -0.127433 -0.0063434 3.92248 22 22 23134 23122 1 0 0 3 
-4.15764 5 -2.28004 0.287218 -0.938692 2.29142 3.77296 22 23 1215 1076 1 1.8591 1.8591 63 
3.31684 2.62589 -5 0.217615 -0.259208 0.382851 3.79434 22 24 9285 9282 1 0.222567 0.222567 13 
-5 4.19166 0.952906 0.449376 -0.330013 0.130805 3.82804 22 25 3723 3704 1 3.63052 3.63052 107 
0.701529 5 1.2368 0.0825746 -0.110136 0.22275 3.78579 22 26 3007 2704 1 1.25084 1.25084 48 
0.596442 4.96897 -5 1.99417 -0.601793 3.63268 3.77516 11 27 3994 3962 1 2.15753 2.15753 7 
-5 4.69838 0.515371 0.345677 -0.492375 0.365517 3.81369 22 28 5402 5401 1 6.8946 6.8946 116 
-1.73336 4.35447 5 0.227227 -0.452817 -0.0666685 3.86647 22 29 20138 20137 1 3.34144 3.34144 76 
-5 4.60976 -4.81781 0.219577 -0.100939 2.19265 3.75462 22 30 5124 5022 1 3.20494 3.20494 162 
4.38556 -2.68735 5 0.0630242 -0.357456 -0.22812 3.94 22 31 22756 22754 1 2.16936 2.16936 13 
-5 -2.01088 -1.79338 0.0739976 -0.287379 0.335984 3.7931 22 32 2375 2178 1 0 0 5 
1.49341 -0.0756747 -5 0.060613 -0.102622 0.250722 3.77589 22 33 10503 10385 1 0.813897 0.813897 45 
-2.62584 1.35419 5 0.189238 0.0136767 -0.135046 3.99891 22 34 7888 7834 1 0.0695415 0.0695415 10 
-5 2.14044 3.49306 0.560332 -0.438426 0.422767 3.80481 22 35 4013 1 1 11.4505 11.4505 67 
-3.61359 -0.404427 -5 0.168331 -0.340928 0.341398 3.79386 22 36 8999 8963 1 0 0 6 
-0.631742 5 1.6716 0.13589 -0.181462 0.0493777 3.8575 22 37 19365 19364 1 0.2451 0.2451 8 
2.62874 -1.24515 5 0.0747925 -0.175272 -0.126366 3.97445 22 38 7755 7588 1 0.227681 0.227681 33 
-2.86895 5 -1.36489 -0.224966 -0.209003 0.408445 3.77684 22 39 1122 1121 1 4.03946 4.03946 41 
0.799254 -0.123757 -5 0.45561 -0.59153 0.69271 3.7963 22 40 10230 9615 1 0.799834 0.799834 57 
-1.16624 5 -0.531922 -0.320704 -0.600314 -0.674575 3.81134 22 41 2418 2416 1 2.99868 2.99868 83 
-3.72289 -2.5655 5 0.292025 -0.802878 -0.270661 3.8867 22 42 1839 1838 1 0 0 10 
4.88602 4.93673 -5 -0.0727906 -0.357084 0.176195 3.79538 22 43 2692 2579 1 2.08953 2.08953 24 
1.29199 1.48584 -5 0.197823 -0.2832 0.83919 3.77186 22 44 1600 1 1 0 0 3 
-3.4908 -1.70228 -5 0.169564 -0.794228 2.37735 3.76291 22 45 5909 5880 1 0.430406 0.430406 24 
1.02452 5 1.02742 -0.115225 -0.360471 0.343371 3.82216 22 46 2954 2953 1 3.04516 3.04516 12 
1.17362 -2.70928 5 -0.0824418 -0.056505 -0.231691 3.84118 22 47 1114 1038 1 5.42081 5.42081 107 
1.43202 1.44178 5 0.0503713 -0.389621 -0.158843 3.96507 22 48 19155 19073 1 0.793186 0.793186 66 
-5 4.01928 -3.71658 0.758794 -0.567773 0.971742 3.77952 22 49 12586 8092 1 0 0 5 
-1.6881 5 -2.13986 0.003968 -0.403036 -0.284276 3.87805 22 50 4639 4634 1 1.71917 1.71917 67 
0.0853095 5 -4.79319 1.88502 -2.26905 5.00088 3.77041 22 51 2266 2187 1 0.795433 0.795433 74 
-4.26638 0.317912 -5 0.255595 -1.19637 1.17747 3.80052 22 52 3502 3411 1 0 0 4 
-5 2.24277 3.29555 0.345731 -0.314498 -0.206594 3.91706 22 53 1663 1638 1 1.41308 1.41308 39 
-4.04379 5 -4.54263 0.0271969 -0.261032 0.311463 3.77261 22 54 16046 14786 1 6.36299 6.36299 75 
-1.67096 3.81647 -5 -0.0452774 -0.2006 0.722807 3.75793 22 55 1187 1 1 4.09536 4.09536 46 
-1.42118 -4.42253 -5 0.103555 -0.72546 0.579329 3.81503 22 56 13771 13770 1 0 0 2 
-0.591269 5 0.00704787 -0.092768 -0.24331 -0.170486 3.93745 22 57 19642 19638 1 0 0 6 
-1.6395 4.67558 -5 -2.73844 -3.77896 8.88752 3.76174 22 58 3303 3264 1 12.9662 12.9662 103 
1.09227 5 1.03084 0.0958361 -0.291714 -0.0691049 3.83385 22 59 25171 25022 1 0.314232 0.314232 31 
1.07214 5 2.28336 0.036423 -0.202401 -0.113434 3.83332 22 61 15762 15761 1 4.75154 4.75154 106 
3.84926 2.99629 -5 0.825529 -0.545779 1.75878 3.7612 22 62 3290 1 1 26.9585 26.9585 183 
-4.66528 5 3.16915 -0.141279 -1.63095 8.11398 3.78453 22 63 4822 4611 1 13.9384 13.9384 121 
-0.0600826 4.8769 -5 0.434353 -0.130703 0.622926 3.76179 22 64 2148 1644 1 7.42853 7.42853 118 
2.57367 1.90218 5 -0.096754 -0.0141207 -0.311288 3.87018 22 65 3439 3438 1 1.54008 1.54008 51 
1.57242 0.561673 5 -0.411941 -0.167446 -0.251767 3.92656 22 66 5680 5678 1 2.0725 2.0725 98 
5 4.53766 -4.7838 -0.13275 -0.106383 -0.111429 3.8626 22 67 1181 1180 1 3.8025 3.8025 48 
-0.61332 3.16125 -5 0.066874 0.017125 0.220126 3.8119 22 68 6679 6678 1 9.44323 9.44323 132 
3.89906 5 -1.66949 -0.192952 -0.04684 0.0691075 3.88601 22 69 6747 6719 1 0.305509 0.305509 48 
-5 3.74126 4.10297 0.107082 -0.531712 -0.484687 3.93666 22 70 7553 7552 1 0.058677 0.058677 5 
0.90997 5 -0.629776 0.286139 -1.5059 1.30429 3.83182 22 71 21273 21183 1 0 0 3 
-2.65055 5 -2.61282 -0.70031 -0.402178 -1.00729 3.9537 22 72 1441 1393 1 3.82008 3.82008 18 
0.0550165 5 -0.537691 -0.094455 0.585843 -2.24571 3.77904 11 73 1743 1732 1 1.42557 1.42557 79 
-4.23642 5 -1.98493 -0.0785871 -0.167434 0.00123421 3.94353 22 74 3509 3507 1 0.134018 0.134018 32 
-1.45553 4.44286 5 0.0641774 -0.317165 -0.164788 3.8172 22 75 4004 3909 1 1.54398 1.54398 96 
-2.14243 5 -1.21563 0.117847 -0.510999 0.568936 3.7882 22 76 7034 6169 1 0.32854 0.32854 27 
2.83027 -3.83502 5 -0.0114695 -0.288826 -0.421388 4.09364 22 77 2409 2408 1 0 0 10 
-3.15376 5 4.65679 0.335259 -0.475524 0.964923 3.79913 22 78 3567 3565 1 4.92177 4.92177 55 
-5 3.62636 3.47338 0.315734 -0.535537 0.880362 3.79828 22 79 3526 3469 1 3.28171 3.28171 53 
3.25696 5 2.05223 0.0682497 -0.292977 0.738576 3.78812 22 80 7765 7693 1 2.8028 2.8028 134 
-3.85993 0.89098 -5 0.119177 -0.234501 0.0551436 3.82303 22 81 3530 3487 1 0.20602 0.20602 38 
-5 -2.60916 4.84146 0.204186 -0.445091 0.222491 3.82754 22 82 1994 1738 1 2.76443 2.76443 72 
-3.84933 5 4.28022 0.0768484 -0.0708925 0.239436 3.8323 22 83 6615 6574 1 0.108691 0.108691 10 
-3.33956 5 2.86041 -0.0711903 -0.179575 0.315001 3.79097 22 84 2046 1720 1 4.64052 4.64052 35 
-5 2.15846 4.55998 2.4271 -1.17913 6.83753 3.79862 22 85 31217 31181 1 0.433735 0.433735 26 
-4.65368 5 3.76502 0.0951898 -0.251718 -0.0735927 3.89035 22 86 4309 3861 1 0 0 5 
-3.33177 1.37463 -5 0.345966 -0.0791842 0.384154 3.78097 22 87 34874 34711 1 0 0 4 
4.44218 5 -0.657613 0.65875 -0.8391 1.43532 3.78108 22 88 7376 7349 1 6.68477 6.68477 44 
2.333 5 3.57963 0.761571 -1.21509 4.27576 3.79249 22 89 24903 24458 1 0.333805 0.333805 28 
-5 -1.54535 -2.55504 0.0350573 -0.344699 -0.103991 3.89705 22 90 2379 2309 1 5.95733 5.95733 124 
-0.855306 -2.6174 5 -0.324731 1.05695 -2.23737 3.83423 -11 91 1830 1829 1 6.13696 6.13696 188 
-5 1.52011 3.50484 0.254524 -0.0707125 0.123853 3.89246 22 92 8178 5984 1 0.291337 0.291337 31 
-5 3.38386 2.7559 0.293229 -0.426944 0.564 3.80363 22 93 2154 2116 1 0 0 8 
5 4.44411 0.512174 -0.194685 -0.187529 -0.0803806 3.92144 22 94 17768 17743 1 0.545781 0.545781 46 
-5 -3.67172 -4.43639 0.577126 0.0646385 0.37204 3.77017 22 95 6184 6174 1 2.74564 2.74564 80 
1.75614 2.87054 -5 2.13541 -0.587556 11.1178 3.75712 22 96 2782 2575 1 30.4689 30.4689 270 
-5 0.893407 2.35524 0.253137 -0.140567 0.421049 3.86199 22 97 20973 20972 1 1.37789 1.37789 39 
-4.67182 4.1618 -5 0.234705 -0.333627 0.358604 3.777 22 98 1840 1782 1 10.7122 10.7122 131 
-1.50001 0.690446 -5 0.374016 -0.487191 0.304099 3.77906 22 99 5827 5044 1 19.5077 19.5077 252 
-4.71631 5 0.163466 0.0139924 -0.181621 0.0801306 3.79041 22 100 2173 2088 1 1.06172 1.06172 63 
-3.36728 5 -0.136357 0.260594 -1.50984 -0.22109 3.83866 22 101 9034 8921 1 6.33071 6.33071 124 
-1.23847 -3.89079 -5 -0.614133 -3.90867 7.37326 3.77624 22 102 15037 14944 1 0.155416 0.155416 22 
-0.676646 5 4.82081 4.04738 -5.48966 3.10739 3.80884 11 103 19431 17297 1 0.230696 0.230696 14 
-0.471272 5 -1.87806 0.967859 -1.37541 3.49098 3.77695 22 104 7820 7591 1 0.942539 0.942539 60 
2.03307 5 -4.30711 0.0837553 -0.142843 0.405689 3.76854 22 105 1057 1 1 0.721796 0.721796 57 
-5 4.67021 -3.68657 0.213617 -0.203017 0.397154 3.78844 22 106 1751 1712 1 0.711316 0.711316 5 
-4.54684 4.54193 -5 -0.143935 -0.187238 0.511064 3.76433 22 107 2800 2384 1 0.254592 0.254592 6 
-2.14663 -0.204 -5 1.74355 -4.69192 3.81102 3.79845 22 108 13798 13796 1 0 0 3 
-5 3.44201 -2.46362 0.103683 -0.223867 -0.0505738 3.80039 22 109 9039 8593 1 1.21377 1.21377 65 
1.67362 1.63894 -5 0.131751 -1.47958 3.95388 3.76265 22 110 5092 4943 1 3.71857 3.71857 106 
0.940031 5 -2.37846 0.195337 -0.353408 0.313155 3.79808 22 111 1687 1686 1 4.42229 4.42229 54 
-5 4.26575 2.82303 0.310738 0.386417 -0.123465 3.85562 22 112 3096 3095 1 0.186792 0.186792 37 
4.54159 2.49164 5 0.19701 -0.314974 -0.350854 4.00005 22 113 28488 28476 1 0 0 4 
3.1328 2.49746 -5 0.0730807 -0.493987 0.108426 3.7921 22 114 3833 3825 1 0.21644 0.21644 41 
-1.399 5 -2.70251 0.192459 -1.42564 -1.04036 3.83315 22 115 2938 2937 1 1.82515 1.82515 45 
-5 3.12192 -0.166359 0.168594 -0.497605 0.0806572 3.84189 22 116 2014 1971 1 0 0 1 
1.69364 1.80247 5 0.0477312 -0.0223924 -0.315367 4.21839 22 117 1938 1937 1 1.11518 1.11518 18 
-1.08256 5 0.882258 0.114979 -0.496562 -0.0364083 3.82647 22 118 6946 6943 1 0.86468 0.86468 42 
4.25932 5 -0.846756 0.00524132 -0.295224 -0.417055 3.94781 22 119 3464 3463 1 1.03753 1.03753 48 
1.39836 5 4.16037 9.54687 -12.1556 101.171 3.78604 22 120 2446 2168 1 8.26991 8.26991 86 
2.31923 5 0.601268 0.883813 -0.264417 0.86922 3.7926 22 121 4801 4656 1 0.297067 0.297067 28 
0.441719 5 2.07865 0.214539 -0.384377 0.259513 3.82074 22 122 9026 9022 1 0 0 3 
-2.24458 5 -3.41389 -0.259828 -0.367717 -0.241647 3.88315 22 123 3864 3863 1 0.0112834 0.0112834 17 
-1.99336 5 2.18837 0.291518 -0.377238 0.00253267 4.93946 22 124 3023 2962 1 0 0 6 
2.21457 5 4.78872 0.143792 -0.253252 -0.134119 3.8694 22 125 14339 14228 1 0.467 0.467 62 
0.877991 2.42381 -5 0.131587 -0.269752 0.221306 3.78419 22 126 4368 4316 1 0.621824 0.621824 53 
-3.32691 3.59425 -5 0.180726 0.0320571 0.237049 3.77801 22 127 15148 15084 1 0.22331 0.22331 38 
-5 -3.31981 3.59817 1.01607 -1.04459 -0.676994 3.88546 22 128 14909 14857 1 0.343137 0.343137 5 
-4.74258 -0.391955 5 -0.00168774 -0.148705 -0.166247 3.93691 22 129 6826 6803 1 0.278767 0.278767 10 
-1.84706 2.41275 -5 1.14825 -1.00992 1.43281 3.76869 11 130 1 0 1 12.9248 12.9248 68 
-3.73599 5 3.041 0.0603875 -0.189196 0.434425 3.79034 22 131 9422 9248 1 0.548905 0.548905 16 
-5 3.50153 3.01009 0.26801 -0.336621 -0.140048 3.82628 22 132 1989 1987 1 4.66145 4.66145 92 
-0.611305 0.204657 -5 0.388792 -1.64743 0.786658 3.80714 22 133 1296 1241 1 0.959978 0.959978 53 
-1.04435 5 -0.358854 0.0206486 -0.219653 0.157407 3.80048 22 134 17660 17482 1 0.463948 0.463948 30 
-1.13457 -1.80689 -5 0.283909 -1.23606 2.6094 3.77267 22 135 4779 1 1 7.03874 7.03874 63 
-3.84449 3.98407 5 0.0110857 -0.161188 -0.484784 4.04023 22 136 14581 14548 1 0.322077 0.322077 37 
-0.982993 5 0.369884 0.656109 -1.62743 4.48646 3.78564 22 137 15123 13268 1 0 0 5 
-1.88834 2.71734 -5 1.02465 -1.52056 2.85016 3.76993 22 138 15468 15388 1 4.09064 4.09064 19 
2.6835 5 -2.70932 0.880053 -1.35311 1.95827 3.79443 22 139 11140 11112 1 0 0 5 
-1.23732 5 -1.4997 0.316294 -0.16184 0.367268 3.84453 22 140 1942 1941 1 0.698138 0.698138 65 
-5 -1.54097 -1.84991 0.245738 0.0599977 -0.0217208 3.9971 22 141 4446 4393 1 0 0 3 
3.61114 5 -4.97669 -0.171214 -0.460879 -0.139271 3.88058 22 142 4115 4114 1 3.14093 3.14093 21 
-5 2.53165 -4.6471 0.0981319 -0.388355 -0.317287 3.88106 22 143 3896 3866 1 0.444447 0.444447 42 
-3.17518 5 2.66218 -0.212391 -0.156845 -0.0220875 3.83347 22 144 2648 2564 1 3.11226 3.11226 131 
2.2249 -3.20407 5 0.0373437 -0.185709 -0.474592 4.0749 22 146 11740 11738 1 0.5553 0.5553 28 
-1.42077 4.029 5 0.296552 -0.0220487 -0.415561 3.96303 22 147 2937 2936 1 0.213347 0.213347 3 
4.13945 3.56854 -5 0.249783 0.0357698 0.484332 3.77796 22 148 5742 5635 1 0.55563 0.55563 51 
-1.24639 5 3.79732 0.156021 -0.293604 -0.388038 3.92745 22 149 2711 2686 1 1.19534 1.19534 77 
-1.13518 3.62959 -5 0.0591702 -0.148016 0.369859 3.76438 22 150 1775 1661 1 6.79733 6.79733 120 
2.11301 3.48678 5 0.0636994 0.00548348 -0.191278 3.89051 22 151 2880 2877 1 4.59988 4.59988 74 
2.2047 5 -3.85498 0.324145 -0.355937 0.171345 3.80653 22 152 5896 5862 1 2.46561 2.46561 73 
-0.556126 0.988956 -5 0.757598 -0.745894 2.92525 3.76254 22 153 3086 2822 1 13.8266 13.8266 180 
-4.17488 2.22411 -5 0.130113 -0.301412 0.278818 3.7924 22 154 5910 5769 1 0.272516 0.272516 8 
-0.819658 5 2.47385 0.198819 -0.218778 0.00838756 3.82416 22 155 19479 19478 1 0.548063 0.548063 35 
0.797325 5 -3.22721 0.182363 -0.0995002 -0.124727 3.94427 22 156 11051 11002 1 0.786848 0.786848 42 
2.6781 4.42317 5 0.328527 -0.185661 -0.331842 3.91541 22 157 9648 9647 1 0 0 13 
3.69553 5 -2.28246 0.0863228 -0.503649 -0.00243404 3.84967 22 158 17888 17879 1 0 0 6 
-4.02451 5 -4.46786 7.55099 -3.45842 3.95065 3.77196 -11 159 4365 4364 1 4.72288 4.72288 103 
-3.62616 5 0.721265 0.170579 -0.484789 0.167726 3.79482 22 160 7601 6493 1 0 0 5 
2.27677 2.60172 -5 0.172639 -0.0932086 0.431369 3.81872 22 161 5547 5529 1 2.40401 2.40401 50 
-2.12188 5 0.353425 5.1585 -5.4859 26.2971 3.77897 11 162 1 0 1 3.60043 3.60043 28 
3.84369 0.260446 -5 0.252265 -0.29951 0.328293 3.93426 22 163 7836 7835 1 0.294691 0.294691 32 
-5 3.9947 3.11081 0.265616 -0.215151 -0.379839 4.01169 22 164 13735 13734 1 0.0870144 0.0870144 12 
-4.32629 4.88648 -5 0.301054 -0.420805 3.91105 3.75549 22 165 2414 2287 1 1.09837 1.09837 51 
0.164134 5 4.70014 -0.331113 -0.386648 0.044582 3.80438 22 166 1389 1387 1 30.0261 30.0261 357 
2.54163 -4.49024 -5 0.0978151 -0.706444 0.853096 3.767 22 167 1454 1 1 40.0428 40.0428 470 
0.146247 -1.00413 -5 0.130315 -0.359334 0.306924 3.8028 22 168 9679 9242 1 0 0 2 
-5 3.42666 -2.21537 0.266597 -1.69871 1.04946 3.78346 22 169 4667 4617 1 25.1428 25.1428 163 
1.12503 -5 -3.25668 0.188311 0.0874313 0.149013 3.83321 22 170 1688 1687 1 6.74721 6.74721 50 
-4.53833 -1.77456 -5 0.234266 -0.400035 0.161954 3.7906 22 171 2605 1684 1 12.1733 12.1733 317 
-5 -4.97368 -3.74039 0.0492086 -0.0624584 -0.302462 3.90673 22 172 33997 33948 1 0.245048 0.245048 27 
3.14625 5 -3.81743 -0.133498 -0.367568 0.0314471 3.85395 22 173 3066 3065 1 8.15613 8.15613 103 
-2.64057 5 0.87065 -0.14093 -0.490815 0.0189471 3.83128 22 174 3550 3534 1 1.67254 1.67254 65 
-2.80709 5 -4.10468 1.02064 -0.750973 -0.562729 3.86238 22 175 8539 8538 1 0 0 2 
-3.32419 5 -3.80408 0.27396 -0.429122 -0.0438253 3.79839 22 176 6409 6408 1 0.790095 0.790095 47 
-5 4.18639 -0.716452 0.28582 -0.391665 0.161323 3.79343 22 177 4252 4251 1 0 0 11 
5 4.75104 0.29695 -0.0930455 -0.0693016 0.209029 3.78943 22 178 1833 1786 1 0.849061 0.849061 11 
-1.01436 5 1.31555 0.13371 -0.45131 0.143146 3.80685 22 179 12287 12066 1 0.0140128 0.0140128 9 
-0.329736 5 4.35077 0.0237152 -0.293536 0.181185 3.84211 22 180 10062 10061 1 0.217432 0.217432 41 
-0.881592 5 4.53065 -0.0918045 -0.484604 0.0649112 3.85484 22 181 2108 1 1 0 0 7 
2.89953 -0.13575 -5 2.30259 -3.02564 15.688 3.75821 22 182 5657 1 1 15.1704 15.1704 183 
2.14499 -5 -0.379045 0.0330611 0.478368 0.17661 3.97249 22 183 2093 2091 1 2.99177 2.99177 60 
-2.26374 5 1.65594 0.676681 -2.40821 2.64671 3.79754 22 184 8383 8323 1 3.11822 3.11822 89 
-5 0.0769307 -3.48648 0.35699 -0.155854 -0.330738 3.85168 22 185 14135 14120 1 1.14044 1.14044 18 
-2.47891 5 -3.47121 0.058921 -0.743747 1.40803 3.77693 22 186 28664 20134 1 0 0 1 
3.07442 3.03201 -5 0.0858771 -0.0916009 0.781387 3.75518 22 187 2398 1694 1 8.8962 8.8962 128 
-0.773301 5 -2.02529 0.153297 -0.510946 0.0694868 3.83491 22 188 1014 1 1 0.187236 0.187236 23 
-3.33284 2.82363 5 0.0489904 -0.0221564 -0.508162 3.99546 22 189 6285 6284 1 21.2312 21.2312 300 
-1.4026 5 3.15211 0.239169 -0.156535 0.140288 3.80821 22 190 9637 9581 1 6.37803 6.37803 35 
1.57072 -4.10459 -5 3.30535 -7.90976 7.8234 3.78376 22 191 3558 3481 1 1.213 1.213 54 
-4.66025 1.13172 -5 0.0877372 -0.273902 0.28582 3.81175 22 192 6399 6398 1 3.77658 3.77658 31 
-1.45962 5 4.25149 0.175696 -0.365055 -0.311425 3.92018 22 193 6888 6886 1 3.75642 3.75642 44 
-1.15443 5 3.79596 0.0240523 -0.454003 0.0981889 3.80697 22 194 2112 1356 1 8.55536 8.55536 193 
-3.48706 5 0.167244 0.222142 -0.377981 -0.0778764 3.78673 22 195 1464 1 1 5.90604 5.90604 37 
1.92078 -0.558425 -5 0.255846 -3.85604 6.04772 3.78073 22 196 5835 5532 1 0 0 5 
-0.597659 5 -2.30219 0.154591 -0.359035 -0.329113 3.95715 22 197 22817 22816 1 1.12365 1.12365 5 
3.62481 5 -4.42129 0.278344 -0.370264 0.353085 3.80021 22 198 7075 1 1 2.08833 2.08833 8 
-3.67714 4.35095 -5 0.74601 -0.951434 10.0646 3.75425 22 199 2190 1311 1 0.303373 0.303373 42 
-4.53555 0.217548 5 1.74584 -1.12538 -1.35831 3.96669 22 200 5056 4986 1 2.19532 2.19532 72 
-0.378628 5 -4.30426 0.234827 -0.430408 0.143962 3.7882 22 201 2360 2358 1 0.0246879 0.0246879 15 
2.58044 3.49406 -5 0.128752 -0.216714 0.368606 3.78159 22 202 15076 15005 1 0.20444 0.20444 5 
-5 1.80779 4.32955 0.155125 -0.140577 -0.120824 3.9323 22 203 8305 8212 1 1.13456 1.13456 52 
-5 2.92007 -1.73599 5.52939 1.22945 4.96984 3.76455 -11 204 1306 1305 1 140.026 140.026 1199 
-0.630146 5 -3.7277 0.398582 -0.36552 4.96775 3.75863 22 205 9101 8865 1 3.86187 3.86187 125 
-0.388056 5 -2.10899 0.0504576 -0.107078 -0.105241 3.8308 22 206 23704 23632 1 3.59709 3.59709 8 
-1.60067 5 2.01612 0.383694 -0.280049 0.0902886 3.828 22 207 9502 9237 1 0.296108 0.296108 9 
-2.92091 0.732932 -5 0.351948 -12.2816 8.06121 3.76758 -11 208 9967 9966 1 10.1509 10.1509 121 
-4.71719 5 4.41065 0.332257 -0.378881 0.0846996 3.8722 22 209 30564 30563 1 0 0 4 
0.813771 5 -2.61686 0.371953 -2.61841 1.37445 3.78929 22 210 21022 21000 1 0 0 8 
0.867809 5 -2.37527 -0.0285227 -0.17586 0.0559302 3.8232 22 211 3916 3915 1 5.39202 5.39202 44 
-2.83079 5 -4.08959 6.12984 -11.0198 -0.730605 3.78097 11 212 1 0 1 12.2164 12.2164 253 
-4.21249 5 3.43657 0.46391 -0.766306 0.810296 3.79873 22 213 11162 11068 1 1.64175 1.64175 91 
-0.738955 5 -3.77368 1.12125 -1.48112 3.18631 3.78139 22 214 12554 12348 1 0.0248181 0.0248181 4 
3.187 5 -0.247396 -0.249741 -0.217467 -0.389175 3.88258 22 215 6510 6481 1 0 0 3 
2.51949 -0.258724 -5 1.43749 -1.89568 5.46762 3.77218 22 216 23242 23006 1 0 0 7 
2.21619 5 -2.9092 -0.156171 -0.295158 0.386797 3.78364 22 217 1452 1422 1 0.303733 0.303733 11 
-1.6494 -3.44751 -5 0.156968 -0.373711 0.311161 3.79151 22 218 6423 6400 1 4.67747 4.67747 47 
-5 2.11456 -3.60831 4.21224 4.60543 4.82472 3.78929 -11 219 14341 14340 1 3.90936 3.90936 48 
4.3912 5 -4.40051 0.0799477 -0.909893 1.22388 3.78885 22 220 12286 12283 1 6.5123 6.5123 54 
-0.471401 4.51418 -5 0.130169 -0.535934 1.37657 3.77275 22 221 19747 19650 1 0.397632 0.397632 20 
1.4989 -1.85651 5 0.183928 -0.351478 -0.322108 4.01785 22 222 7861 7860 1 0 0 4 
-1.08972 5 3.07885 0.00408152 -9.19017 3.55768 3.80463 11 223 10514 10360 1 4.68093 4.68093 39 
-3.12453 -1.94224 5 0.23273 -0.428814 -0.151905 3.90108 22 224 10085 10080 1 0.432131 0.432131 51 
-5 2.96441 -0.912644 0.88596 -0.817902 0.134355 3.84499 11 225 11571 11544 1 0.613844 0.613844 4 
3.40935 5 1.70907 0.221152 -0.39981 0.228831 3.84127 22 226 12430 12429 1 0 0 4 
3.53675 4.89212 -5 0.673036 0.0500252 3.56706 3.75535 22 227 2215 1 1 83.9082 83.9082 814 
1.06659 5 -2.91889 0.269274 -0.338764 -0.271755 3.91202 22 228 1515 1512 1 1.85029 1.85029 23 
-2.2736 5 -2.69674 0.317881 -0.382515 -0.117278 3.81723 22 229 5007 5006 1 9.44611 9.44611 166 
-5 -0.408121 -0.656191 0.298681 -0.518625 0.510065 3.79747 22 230 4927 4883 1 0.298484 0.298484 16 
0.776296 3.96422 -5 0.330449 -0.251941 2.22278 3.75723 22 231 1091 1 1 29.9235 29.9235 251 
-4.77537 -1.28828 -5 0.0456306 -0.110675 0.435776 3.76232 22 232 3148 3009 1 0.558606 0.558606 20 
3.18926 5 -0.171582 -0.0356248 -0.390414 -0.327761 3.9116 22 233 1306 1305 1 0.506063 0.506063 23 
0.468154 -0.0802171 -5 -0.080483 -0.655201 0.802065 3.78924 22 234 2501 2458 1 1.23669 1.23669 23 
-5 0.132189 2.98937 0.0842217 -0.169171 0.531027 3.79231 22 235 1192 1 1 1.66475 1.66475 13 
-1.28535 5 0.789317 0.171071 -0.214112 -0.0292817 3.81646 22 236 2489 2245 1 7.90745 7.90745 89 
-1.60871 3.66857 -5 8.21967 -10.8553 36.3618 3.7635 22 237 18519 18518 1 0.855736 0.855736 73 
-0.235844 1.24552 -5 -0.0131175 -0.440844 1.03644 3.76127 22 238 11927 11789 1 1.72194 1.72194 37 
0.630609 5 -0.381174 -0.159412 -2.45905 0.163024 3.80542 22 239 3289 3260 1 7.0929 7.0929 96 
-5 3.90227 2.92421 0.0678214 -0.297573 -0.409842 3.98676 22 240 23030 23008 1 0.0250119 0.0250119 5 
0.395772 1.55926 5 0.0623618 -0.0320572 -0.506165 4.00709 22 241 2643 2642 1 2.79094 2.79094 66 
5 4.67928 2.66554 -0.0529539 0.0829784 -0.296189 4.10692 22 242 1266 1263 1 2.67933 2.67933 70 
-0.17374 5 -1.10507 0.26079 -0.286893 -0.332867 4.03058 22 243 5795 5794 1 0 0 6 
-5 1.72008 2.89237 0.488224 -0.150309 0.012813 3.91012 22 244 1381 1380 1 10.059 10.059 101 
-0.547003 5 4.47712 0.375506 -0.234816 0.328427 3.86468 22 245 25607 25606 1 0.000950724 0.000950724 3 
-0.561232 -0.91678 5 0.167957 0.0395104 -0.118833 4.20704 22 246 1449 1355 1 0 0 6 
0.250132 5 0.574111 0.17516 -0.370327 0.262174 3.82623 22 247 6135 5998 1 0.181662 0.181662 17 
-5 4.70364 4.14015 0.168234 -0.246388 0.0390077 3.89374 22 248 2138 2060 1 4.78675 4.78675 141 
0.391198 -3.97114 -5 0.331496 -0.254247 0.720878 3.7937 22 249 5595 5594 1 0.510645 0.510645 29 
0.664535 5 -2.03492 0.275165 -0.104234 0.133625 3.7773 22 250 2906 2723 1 36.7793 36.7793 364 
-5 3.31054 -1.20419 -0.985809 -11.1737 -5.18517 3.82234 11 251 2470 2388 1 10.1178 10.1178 82 
-1.80405 -3.10367 5 -0.338043 -0.337285 -0.322394 3.97147 22 252 1622 1586 1 5.48514 5.48514 146 
-2.14092 1.92098 -5 0.395699 -4.82984 11.4098 3.76441 22 253 9545 9440 1 0 0 14 
2.02786 5 -0.780898 0.56421 -2.49301 3.62225 3.7809 22 254 2816 2744 1 0.331852 0.331852 32 
-0.505238 3.91378 -5 1.4493 -1.12441 3.84381 3.76178 22 255 2348 2283 1 5.52688 5.52688 10 
0.802801 -2.39867 -5 0.894863 -1.15258 0.421351 3.8197 22 256 2378 2216 1 1.48282 1.48282 102 
0.625296 4.46579 -5 -0.0302978 -0.158199 0.0658318 4.16242 22 257 3885 3846 1 17.2226 17.2226 353 
-4.73816 5 1.63388 0.128464 -0.286178 0.0760114 3.82824 22 258 1349 1232 1 0.376721 0.376721 27 
-5 -1.33471 2.92727 0.0931256 -0.125577 0.160655 3.84987 22 259 15467 15417 1 0.122738 0.122738 22 
5 1.00856 -0.786361 -0.189944 -0.227578 0.0648149 3.96263 22 260 14560 14559 1 0.303034 0.303034 32 
-0.191551 5 -0.719757 0.232556 -0.284766 0.25195 3.82526 22 261 3779 3691 1 0.30963 0.30963 38 
1.46238 5 -1.92901 7.85385 -28.9231 12.9729 3.77136 11 262 1 0 1 22.8863 22.8863 198 
-1.23999 5 3.38455 0.0608804 -0.494533 0.11336 3.9202 22 263 10793 10757 1 0 0 3 
3.76549 4.14091 5 -0.0345718 0.0803337 -0.146865 3.86193 22 264 2691 2374 1 1.97678 1.97678 37 
-4.55367 -4.25354 5 0.00967341 -0.147645 -0.301783 3.92722 22 265 20435 20412 1 2.3982 2.3982 10 
-5 3.73723 -3.10077 0.87433 -0.530421 -0.898164 3.89255 22 266 2099 2077 1 0.418015 0.418015 12 
-2.34789 2.37215 -5 1.5731 -2.62886 12.6835 3.75888 22 267 11536 11343 1 0.202534 0.202534 9 
-5 -3.52512 1.40546 0.411394 0.0621154 -0.0965993 3.8399 22 268 11282 11280 1 0.736704 0.736704 55 
-0.958322 5 -2.72948 0.055604 -0.388018 -0.327826 3.89495 22 269 3652 3616 1 0.427599 0.427599 11 
-3.59604 5 -3.48268 1.29054 -2.45379 -2.22686 3.94348 22 270 23140 23138 1 0 0 3 
-5 -3.59651 1.25071 0.218449 0.0442545 -0.0105874 3.82868 22 271 3965 3911 1 0.634745 0.634745 93 
-2.16566 -0.701276 -5 -0.445577 -0.413987 1.23382 3.79271 22 272 10321 10254 1 0.241829 0.241829 8 
-5 -1.75316 -1.88507 0.189917 0.146215 -0.0426807 4.04457 22 273 2169 2168 1 0.0104333 0.0104333 12 
1.04312 2.39152 -5 1.28318 -1.27713 2.63626 3.77024 22 274 1399 1373 1 2.59134 2.59134 70 
-1.35999 -1.17628 5 0.0886515 -0.343087 -0.368174 4.06732 22 275 12891 12890 1 0.149445 0.149445 34 
0.0998798 -0.861374 -5 -0.139817 -2.68377 4.24809 3.77529 22 276 6062 6029 1 4.79896 4.79896 74 
-5 -4.65399 3.78471 0.231459 -0.000886696 -0.0133222 3.84744 22 277 7536 7442 1 5.80873 5.80873 104 
-4.59303 5 4.73003 0.158976 -0.191665 0.0906027 3.80564 22 278 3215 2849 1 0.840948 0.840948 54 
-3.41431 -0.726729 -5 0.285937 -0.147511 0.396989 3.78476 22 279 2520 2488 1 9.38337 9.38337 113 
-0.780869 -3.34127 -5 0.280819 -0.0887597 0.174728 3.82663 22 280 10574 10573 1 1.16019 1.16019 10 
-2.80354 1.56665 5 0.15155 -0.0796022 -0.481473 4.11042 22 281 8867 8866 1 0.410728 0.410728 20 
-2.26142 5 -2.44279 0.730545 -2.19579 0.610219 3.81333 22 282 1227 1 1 0.510597 0.510597 31 
4.49341 3.91555 -5 -4.70016 4.55502 5.05493 3.78155 11 283 1341 1260 1 1.8047 1.8047 9 
-5 3.93601 -4.07631 1.55109 -2.15048 4.25518 3.76241 22 284 1372 1300 1 3.14919 3.14919 118 
1.46186 5 3.14555 0.0725949 -0.134808 0.487521 3.84053 22 285 8490 8489 1 5.82643 5.82643 132 
-4.80026 3.45185 -5 1.16451 -1.15504 4.04379 3.76721 22 286 1210 1109 1 4.09281 4.09281 60 
1.55925 -4.36585 -5 0.256981 -0.204324 0.181066 3.79703 22 287 3122 2956 1 0.201956 0.201956 9 
2.11528 5 -3.21347 0.329908 -0.242412 -0.0476992 3.80318 22 288 7668 6581 1 0.88606 0.88606 56 
2.88207 3.48686 -5 0.126167 -0.173068 0.846159 3.76209 22 289 2315 2089 1 9.94555 9.94555 20 
-4.13424 5 1.50933 0.285467 -0.244446 0.387415 3.79423 22 290 6955 3379 1 1.81488 1.81488 66 
2.03732 2.76263 -5 0.761451 -0.608488 2.11406 3.76651 22 291 7801 7661 1 0.795158 0.795158 48 
4.93987 4.63828 5 -0.102586 -0.167513 -0.241298 4.06114 22 292 6683 6678 1 0.428485 0.428485 33 
-1.89298 -3.88873 -5 1.43813 -3.06569 6.77734 3.76894 22 293 1203 1092 1 0.437171 0.437171 48 
4.31997 5 -0.433645 1.21619 -1.48776 1.21096 3.82179 22 294 6917 6835 1 0.795381 0.795381 31 
4.94368 5 -1.28995 -0.41769 -1.09241 1.51788 3.8256 22 295 4310 4285 1 3.61857 3.61857 75 
2.74077 2.5446 -5 -0.0881245 -0.22824 0.650218 3.78781 22 296 4725 4672 1 1.18562 1.18562 33 
0.210305 -4.35978 -5 -0.0601898 -0.201988 0.305258 3.79358 22 297 3189 3142 1 1.59749 1.59749 25 
3.26995 3.90509 -5 0.04101 -0.147386 0.227321 3.78932 22 298 4759 4118 1 6.22704 6.22704 54 
-2.38478 4.97202 -5 0.189634 -0.263204 0.14062 3.86287 22 299 3527 3526 1 0.573962 0.573962 35 
0.156407 -4.63911 -5 0.134189 -0.329348 0.24392 3.84116 22 300 1265 1264 1 4.7701 4.7701 57 
0.225118 -1.48073 -5 -0.297703 -2.75325 2.89093 3.7891 22 301 1364 1333 1 0.115086 0.115086 11 
0.10235 -2.93789 -5 0.339996 -0.59791 1.5479 3.76872 22 302 1216 1 1 3.36765 3.36765 55 
1.44719 -1.7467 5 0.236836 -0.307006 -0.139221 3.95339 22 303 3479 3478 1 4.87569 4.87569 101 
-5 2.45354 -4.51148 0.215402 -0.245441 -0.171341 3.81755 22 304 8066 8064 1 0.35267 0.35267 57 
-0.737556 0.160893 -5 -0.0639549 -1.01784 0.251728 3.80728 22 305 5441 5440 1 0.055602 0.055602 15 
1.58351 5 -3.11725 0.0500288 -0.239436 0.25309 3.77945 22 306 3275 3110 1 1.09456 1.09456 12 
4.51088 5 -1.83632 -0.0599686 -0.303573 0.284868 3.85132 22 307 1345 1343 1 2.84869 2.84869 94 
2.26151 5 3.37536 0.209194 -0.181209 0.35659 3.80074 22 308 5276 4183 1 4.61368 4.61368 14 
-0.741167 0.900671 -5 1.17588 -2.04427 2.54517 3.78242 22 309 6820 6749 1 2.63291 2.63291 22 
0.471444 5 -2.8568 0.312234 -0.517827 0.265943 3.78586 22 310 5385 4925 1 0.251765 0.251765 35 
-3.54478 5 0.204784 -0.0733853 -0.36009 0.414605 3.779 22 311 5249 5194 1 11.999 11.999 87 
-1.15448 5 3.0855 0.222155 -0.460118 0.00763069 3.82599 22 312 13419 13418 1 9.80462 9.80462 107 
5 -1.249 2.32608 -0.161713 0.0374255 -0.0766641 4.0329 22 313 9557 9555 1 0.182382 0.182382 32 
-5 1.33816 -0.14416 0.107421 -0.35351 -0.353003 3.81076 22 314 2103 2072 1 40.7789 40.7789 452 
-0.950156 5 -1.36889 -0.0766507 -0.141002 -0.0207388 3.90607 22 315 27492 27491 1 0.161497 0.161497 21 
2.75472 2.43508 5 -0.0516925 -0.367207 -0.314542 3.92136 22 316 3856 3855 1 0 0 3 
-2.66254 5 0.23283 0.0851552 -0.364846 0.700273 3.78641 22 317 14727 14726 1 0.395718 0.395718 37 
-4.70788 5 -4.30388 0.0179091 -0.096472 0.0881737 3.76607 22 318 4904 4753 1 12.6384 12.6384 132 
-3.53347 -2.25793 5 0.21937 -0.103706 -0.0257706 3.89284 22 319 2343 2342 1 3.97271 3.97271 124 
5 1.66161 -4.11501 -0.532386 0.12315 -0.523944 5.13272 22 320 2956 2954 1 0.378873 0.378873 31 
5 -3.7112 -3.41719 -0.177391 -0.441365 0.18668 3.89248 22 321 3937 3936 1 0 0 2 
2.39391 -0.432342 -5 0.12583 -0.430019 1.39075 3.76191 22 322 7389 7226 1 13.3599 13.3599 106 
-1.12372 5 -2.78839 0.138017 -0.239667 -0.390913 4.22153 22 323 8281 8280 1 2.0976 2.0976 31 
-0.412653 5 1.90022 0.332742 -0.249332 -0.297046 3.90007 22 324 3512 3487 1 6.29038 6.29038 65 
-5 -3.69545 0.0281451 0.121551 -0.208111 -0.450594 4.06573 22 325 11517 11513 1 0.242846 0.242846 28 
-5 -0.277926 2.55315 -7.06199 -13.5555 1.03158 3.80874 11 327 12974 12783 1 2.14323 2.14323 106 
-0.131492 5 -1.20693 -0.034258 -0.496546 0.115707 3.88976 22 328 16281 16262 1 2.50836 2.50836 36 
3.79907 5 -3.36907 -3.40649 -6.03262 7.77647 3.76396 -11 329 1356 1355 1 34.3145 34.3145 269 
-2.72671 5 3.95154 0.199576 -0.354593 0.245905 3.87439 22 330 16177 16152 1 0 0 6 
-3.52304 -0.229051 -5 0.261022 -1.56636 4.15386 3.76565 22 331 1650 1466 1 10.1772 10.1772 132 
1.86403 5 -0.8948 0.271767 -0.321859 -0.0756364 3.97696 22 332 2920 2919 1 0 0 10 
-5 0.358205 3.98457 0.216038 0.142781 0.157611 3.85825 22 333 1045 1 1 0 0 8 
0.716675 5 0.555516 0.0111662 -0.271772 -0.103378 3.84193 22 334 3619 3618 1 1.29461 1.29461 40 
-3.81883 5 3.97373 0.0685537 -0.12996 -0.489419 3.84058 22 335 7927 7903 1 0.481562 0.481562 10 
-2.55773 5 1.23305 5.95215 -20.4831 -1.1952 3.88514 22 336 9741 9592 1 0 0 4 
0.620962 1.76409 -5 0.0965979 -0.355783 0.353847 3.78168 22 337 3774 3773 1 0.5609 0.5609 34 
-4.36164 1.87596 -5 0.585589 -2.0365 7.20563 3.76403 22 338 1660 1553 1 2.02082 2.02082 10 
-2.35661 -0.736411 -5 0.148147 -0.324524 0.365864 3.79512 22 339 2696 2677 1 0.83286 0.83286 59 
-2.50594 0.388672 -5 0.233651 -0.674548 2.42229 3.76609 22 340 17993 17941 1 0.510751 0.510751 23 
0.22096 3.24288 -5 0.935726 -1.23753 6.90252 3.75828 22 341 3996 3937 1 13.1026 13.1026 226 
-4.55611 5 -4.15703 0.0771045 -0.14764 -0.118138 3.85192 22 342 16033 15929 1 2.04377 2.04377 25 
-0.663289 -2.97299 5 -0.0158792 0.0276769 -0.161276 3.91488 22 343 1916 1856 1 12.0256 12.0256 143 
-1.48121 -0.166896 -5 -0.572185 -3.33459 8.95885 3.7637 22 344 5272 5208 1 8.27692 8.27692 80 
5 0.540572 -3.76113 -0.109087 0.00739577 -0.115594 3.81467 22 345 1544 1532 1 18.7063 18.7063 268 
-0.882743 5 -2.60888 1.63768 -0.2295 0.63711 3.79658 22 346 10666 10665 1 0 0 8 
4.77452 -4.49937 5 0.1252 -0.517151 -0.448529 4.02623 22 347 6027 6024 1 5.16084 5.16084 17 
3.95078 -2.01976 -5 0.148635 -0.230697 0.259424 3.78179 22 348 14904 14874 1 0.0711544 0.0711544 8 
-1.45064 1.46083 5 -0.0138108 0.115064 -0.17449 3.95593 22 349 1099 1 1 3.63376 3.63376 55 
-5 1.48752 -2.79671 0.279717 -0.219411 -0.367065 3.9837 22 351 9770 9769 1 0 0 6 
-2.07161 5 2.8524 -0.0812953 -0.170121 0.0478285 3.85264 22 352 1250 1194 1 0.194308 0.194308 21 
-1.24401 3.40516 -5 0.0766746 -0.0774591 0.356117 3.7614 22 353 4552 4549 1 0.0401559 0.0401559 9 
1.62901 5 -2.72575 2.69651 -17.2869 23.5734 3.76934 11 354 3886 3840 1 7.0214 7.0214 73 
-5 4.57989 2.95764 0.419435 -0.256641 0.113005 3.8172 22 355 9542 9489 1 0.449431 0.449431 26 
-5 0.823854 1.99378 0.254303 -0.2361 -0.262335 3.87025 22 357 1051 1050 1 7.91521 7.91521 177 
-1.84362 5 -1.53091 -0.619696 -0.464813 -0.690709 3.83397 22 358 3122 3121 1 0 0 4 
2.77643 -4.06918 -5 0.547346 -1.01999 1.32392 3.78489 22 359 1914 1 1 0.611964 0.611964 31 
0.546219 0.619167 5 0.0390268 0.0127147 -0.216198 3.87944 22 360 7468 7402 1 2.46408 2.46408 69 
1.29477 5 4.47566 0.258885 -0.352652 0.264074 3.8542 22 361 11935 11934 1 0 0 5 
1.00399 5 0.364852 0.0545401 -0.128283 -0.137157 3.90759 22 362 1517 1433 1 0.00766127 0.00766127 14 
-3.20396 5 1.37083 0.676814 -1.01814 2.3353 3.78482 22 363 2279 1 1 0 0 4 
-5 3.82198 -0.841987 0.131379 -0.322803 0.173743 3.80887 22 364 14278 14168 1 0.56998 0.56998 50 
-4.19659 5 -4.26606 0.368201 -0.643317 0.284234 3.79823 22 365 7417 7363 1 0.907334 0.907334 38 
-2.18487 5 -4.27656 0.026306 -0.282852 0.00544567 3.81334 22 366 4355 4202 1 0.836971 0.836971 30 
2.65038 5 2.40956 2.35584 -8.88939 -0.518223 3.82298 11 367 2676 2568 1 4.67488 4.67488 81 
1.36903 5 -1.16874 -0.132412 -0.663561 0.534033 3.79074 22 368 4138 4137 1 11.3728 11.3728 116 
-0.698217 3.55037 -5 0.21714 -0.356991 0.60772 3.7655 22 369 7690 7661 1 2.2489 2.2489 55 
4.93976 3.54138 -5 0.00171861 -0.356542 0.780969 3.76302 22 370 1962 1 1 7.72644 7.72644 168 
4.80736 5 -1.85295 0.174415 -0.197461 -0.0494547 3.86767 22 371 6427 6405 1 0.218112 0.218112 7 
-0.329261 2.62713 -5 1.69792 -1.52065 8.88749 3.76199 22 372 9671 9578 1 4.97382 4.97382 48 
-5 -1.60626 -1.655 0.492718 -0.27828 -0.361809 3.9938 22 373 16427 16426 1 0.483166 0.483166 27 
-3.54975 0.0725752 -5 0.0221929 -0.179281 0.340356 3.77272 22 374 14296 14218 1 1.08041 1.08041 8 
1.52547 5 2.67303 1.29759 -1.99719 2.64143 3.79952 22 375 3753 3703 1 6.07409 6.07409 80 
-4.55104 5 0.505562 0.241413 -0.314126 0.065771 3.8173 22 376 3967 3548 1 1.76792 1.76792 31 
-0.813465 5 0.757073 0.697243 -0.300617 0.308197 3.80655 22 377 7147 7112 1 0 0 5 
-1.13702 -4.55852 -5 -0.32103 -0.334195 0.215344 3.98114 22 378 2690 2687 1 2.1055 2.1055 57 
-4.77878 3.62356 -5 0.493181 -1.38613 0.812661 3.8144 22 379 1001 1 1 0 0 5 
-2.22308 5 2.8487 -52.3712 -4.29708 48.4302 3.77987 11 380 1 0 1 29.114 29.114 321 
-2.91317 -5 -2.18795 0.0406494 0.262021 0.193755 3.83553 22 381 34271 34270 1 2.50527 2.50527 58 
-4.79051 4.44798 5 0.110151 -0.265357 -0.396086 3.9421 22 382 17218 17217 1 2.32682 2.32682 25 
-2.02467 5 2.32973 -0.101777 -0.366445 -0.341291 3.85999 22 383 5093 5061 1 0.814518 0.814518 67 
-5 -0.594966 4.69921 0.401352 -0.77122 1.99383 3.80011 22 384 1648 1 1 0 0 1 
-0.359086 5 4.22264 4.27805 -8.68332 12.3421 3.79863 -11 385 4850 4849 1 0.326238 0.326238 7 
4.26391 5 4.65184 0.171782 -0.333947 0.358013 3.91781 22 386 12712 12647 1 0.109303 0.109303 22 
-2.08528 5 -1.28355 0.688049 -0.958342 0.526707 3.81432 22 387 10004 10003 1 0.0565111 0.0565111 8 
-2.16454 -0.0506186 -5 5.00066 -0.137773 4.99808 3.84775 -11 388 26872 26871 1 6.11061 6.11061 18 
3.37543 3.65353 -5 0.430533 -0.272214 0.2982 3.8485 22 389 4668 4664 1 1.42617 1.42617 40 
-3.39367 -2.76325 -5 0.00739244 -0.400404 0.994201 3.76254 22 390 9054 8847 1 0.472527 0.472527 41 
4.22233 5 3.86089 0.189491 -0.181153 0.534744 3.79576 22 391 13445 13413 1 2.2242 2.2242 31 
-4.99331 3.7736 -5 0.143863 -0.455237 0.506965 3.77055 22 392 4818 2965 1 1.55755 1.55755 12 
-5 -3.95317 -1.60349 0.136141 -0.0619494 -0.110518 3.81587 22 393 1512 1484 1 43.2435 43.2435 450 
-0.182594 0.445367 5 1.36944 0.195377 -2.8823 4.07903 22 394 1619 1618 1 1.17318 1.17318 55 
-4.17089 5 -0.605479 -0.3724 -0.00908063 -0.091351 3.89771 11 395 2458 2448 1 1.29694 1.29694 10 
-5 0.845132 -1.8918 1.30357 -2.98562 3.35138 3.76795 22 396 1663 1601 1 5.77723 5.77723 110 
-3.99517 1.78486 -5 6.07542 -14.7001 36.2461 3.76599 22 397 11395 11333 1 0 0 8 
-5 -4.59301 -1.65022 0.28036 -0.182334 0.123485 3.83635 22 398 21969 21950 1 0 0 2 
-5 0.7825 -3.5042 0.164743 -0.219105 0.0927028 3.85823 22 399 5287 5244 1 3.83448 3.83448 170 
-4.88652 -3.0264 -5 -0.249488 -0.0490836 0.443245 3.79787 22 400 7852 7851 1 0.208212 0.208212 34 
-1.39304 5 -2.29786 0.890422 -1.48432 3.47559 3.77782 22 401 4061 4005 1 2.62434 2.62434 79 
-5 4.3217 -4.11351 0.605708 -0.485595 0.493603 3.77236 22 402 22892 22796 1 0.386576 0.386576 13 
4.65751 5 1.13499 0.163621 -0.368177 0.495506 3.79213 22 403 8242 7891 1 2.90538 2.90538 110 
2.71863 5 -1.76186 0.418248 -0.207364 -0.207818 3.88969 22 404 8572 8536 1 1.97464 1.97464 58 
-1.97155 -1.63889 5 0.310234 -0.210542 -0.101237 3.89007 22 405 1252 1228 1 16.2427 16.2427 191 
1.61784 5 0.725878 0.0527766 -3.58058 -0.778488 3.78825 11 406 3349 3123 1 3.64825 3.64825 63 
-5 -2.19157 -2.23986 0.134734 -0.0390704 0.185147 3.82963 22 407 1001 1 1 7.08769 7.08769 165 
-0.102985 5 -2.06783 0.119587 -0.17443 -0.45498 4.06344 22 408 6781 6760 1 0.415764 0.415764 30 
-5 2.49032 -0.841988 3.39356 -7.11054 -0.72571 3.81774 -11 409 11880 11879 1 2.87138 2.87138 52 
-3.57234 4.52946 -5 0.43743 -0.0918296 0.247674 3.90302 22 410 20619 20618 1 0 0 2 
-0.685838 5 2.94068 0.331297 -0.316816 0.225809 3.81618 22 411 4134 4107 1 1.21764 1.21764 39 
3.39985 5 -2.45984 0.21734 -0.160019 -0.0773808 3.8453 22 412 11140 10883 1 0.149971 0.149971 12 
-3.84595 5 0.677811 0.197821 -0.465956 0.432966 3.8004 22 413 7502 7179 1 0.121289 0.121289 4 
1.62316 5 1.05605 0.233382 -0.179013 -0.41786 4.05203 22 414 5196 5195 1 0 0 2 
-4.77575 1.58041 5 0.511222 -0.563835 -0.553712 3.82918 22 415 2680 2679 1 9.31285 9.31285 96 
1.85217 4.87197 -5 -0.102817 -0.460255 0.429458 3.76309 22 416 1288 1 1 18.0384 18.0384 253 
-2.1675 5 -1.71742 0.169503 -0.248758 0.412926 3.78207 22 417 3418 3417 1 0.0608411 0.0608411 13 
0.233261 3.84939 5 -0.108172 -0.108299 -0.081529 4.08851 22 418 27141 26421 1 0 0 4 
-0.753413 0.969161 5 0.0393906 -0.268329 -0.0333341 3.87765 22 419 1001 1 1 0.738346 0.738346 71 
-5 1.84137 -3.13712 0.248256 -0.691077 -1.24627 4.01308 22 420 22368 22341 1 0.0295697 0.0295697 23 
-2.17145 5 -0.889452 0.186541 -0.465639 0.0974824 3.8138 22 421 7373 7347 1 9.01801 9.01801 140 
3.90322 5 1.84724 -0.0929806 -0.42512 -0.202336 3.90024 22 422 2199 2173 1 0.178679 0.178679 11 
3.46057 -0.235972 -5 -0.0867879 -0.0712782 0.10814 3.83043 22 423 6278 6277 1 9.09826 9.09826 123 
3.56475 5 3.91414 0.236113 -0.0729382 -0.121038 3.87578 22 424 10155 10129 1 9.43898 9.43898 81 
4.91492 0.3818 5 -0.387198 0.136308 -0.304331 4.28008 22 425 5421 5420 1 0.370041 0.370041 16 
-2.55874 3.01976 -5 -0.0363207 -0.420814 0.78164 3.7733 22 426 5571 5046 1 0.969283 0.969283 44 
-5 2.56427 4.88408 0.062353 -0.315448 -0.0467729 3.83845 22 427 8229 8170 1 11.9171 11.9171 48 
-4.95292 1.11011 5 0.103425 -0.326368 -0.379351 3.85843 22 428 3868 3865 1 3.06398 3.06398 64 
1.66839 5 -3.78268 1.28813 -1.11849 1.96467 3.78185 22 429 16443 16334 1 0.483416 0.483416 7 
-0.644818 4.54322 -5 -1.03391 -3.80869 21.7894 3.75703 -11 430 4014 4013 1 8.48369 8.48369 175 
-0.73878 5 2.18895 0.106749 -0.474592 -0.156484 3.88348 22 431 10118 10117 1 0.361284 0.361284 34 
2.71037 -4.81845 -5 0.190224 -0.43587 0.186954 3.80676 22 432 1370 1341 1 0 0 12 
-5 2.71935 4.04233 0.448661 -0.205863 -0.132074 3.87197 22 433 8910 8909 1 2.2874 2.2874 40 
-1.49549 5 -0.2941 3.93594 -8.15325 6.11588 3.78659 11 434 1 0 1 4.83896 4.83896 56 
-5 -0.233645 3.4214 0.306988 -0.0869016 0.00343553 3.85037 22 435 2658 2624 1 0 0 10 
-5 -1.03179 -1.09919 0.136238 -0.319499 -0.135761 3.85293 22 436 11886 10828 1 0.303163 0.303163 35 
-5 -0.559998 -2.69553 0.230416 -0.119739 0.440104 3.78101 22 437 24840 24839 1 0 0 3 
-1.85996 5 3.9278 0.428755 -0.64867 -0.509484 3.95216 22 438 4615 4611 1 0.784457 0.784457 91 
1.4694 5 -1.54516 0.120793 -1.08247 1.64495 3.78119 22 439 1813 1812 1 0.85227 0.85227 81 
-4.9393 -0.476868 5 -0.0482895 -0.374255 -0.614356 3.91564 22 440 3236 3235 1 0 0 13 
-3.76147 5 -0.425218 0.467047 -0.728198 0.332186 3.81458 22 441 2896 2895 1 0.224881 0.224881 39 
0.93299 2.50207 5 0.200934 -0.453208 -0.123886 3.85853 22 442 12187 12160 1 8.6123 8.6123 72 
-5 -2.40371 2.38627 0.147942 -0.151207 0.0943116 3.85988 22 443 1524 1 1 0.865565 0.865565 13 
-5 -2.18717 0.83964 0.0888767 0.231667 0.0653285 3.81829 22 444 1842 1814 1 5.51184 5.51184 222 
-5 3.60339 -4.19739 0.300372 -0.287248 0.429543 3.77713 22 445 15406 15331 1 1.12349 1.12349 23 
-2.96143 4.08549 5 0.223321 0.0172016 -0.459295 3.864 22 446 7296 7274 1 12.7154 12.7154 158 
-4.87955 0.204005 5 -0.365878 -0.124061 -0.334457 3.97803 22 447 18350 18349 1 0 0 3 
-3.84594 5 1.40463 0.158831 -0.394124 0.283829 3.80298 22 448 3380 3379 1 1.18295 1.18295 66 
-5 3.95626 -1.53924 0.240202 -0.277862 0.355268 3.83633 22 449 16417 16416 1 0.401031 0.401031 36 
-0.651106 5 4.3511 0.204577 -0.155122 0.0585821 3.81247 22 450 6164 6152 1 17.4552 17.4552 155 
2.2632 5 2.52122 0.23755 -0.448652 0.0583173 3.87616 22 451 14247 14244 1 0 0 11 
3.56712 5 1.54183 0.0656926 -0.289381 -0.0937645 3.87234 22 452 3399 3380 1 0.310914 0.310914 24 
3.02147 3.64085 -5 7.43321 -4.10881 26.3827 3.758 22 453 3138 3110 1 14.7269 14.7269 152 
0.695208 -1.06813 5 0.0301508 -0.192271 -0.35019 3.91924 22 454 4487 4486 1 0.852403 0.852403 16 
4.21332 5 -3.08479 0.172892 -0.480292 -0.0233933 3.84085 22 455 1442 1418 1 2.12547 2.12547 32 
-4.29407 5 -0.348638 0.270513 -0.578045 0.048113 3.80551 22 456 8714 8551 1 2.93221 2.93221 13 
3.54722 5 4.89475 0.00789878 -0.479493 -0.176476 3.9711 22 457 1938 1937 1 3.37291 3.37291 61 
-4.17731 4.85268 -5 0.0877322 -0.189997 0.589023 3.75896 22 458 1628 1521 1 9.79687 9.79687 108 
2.50073 5 4.54607 0.433431 -0.228734 -0.144701 3.98809 22 459 4839 4838 1 0.0496122 0.0496122 9 
-3.07919 5 -1.7784 0.0470668 -0.290013 0.0144679 3.97851 22 460 1632 1578 1 0.502391 0.502391 50 
1.99323 -3.84975 -5 0.482185 -0.803789 0.964944 3.78993 22 461 2578 1 1 0.77539 0.77539 70 
-5 2.40224 -3.94381 0.292909 -0.221171 -0.141147 3.95717 22 462 4165 4164 1 0 0 3 
-0.95288 4.75037 -5 0.113876 -0.268583 0.419541 3.79848 22 463 6400 6361 1 5.60243 5.60243 79 
-5 3.5386 -2.90448 0.418286 -0.409309 0.781618 3.77174 22 464 13142 12941 1 10.4978 10.4978 203 
4.78573 1.41624 -5 0.0896979 -0.48632 0.371031 3.8251 22 465 12606 12605 1 0 0 3 
-2.63444 5 2.41428 0.228891 -0.423767 0.109336 3.83673 22 466 8349 8275 1 0.788927 0.788927 18 
-5 -4.85359 0.778309 0.87901 -2.54899 0.116551 3.85687 -11 467 4873 4872 1 0.328193 0.328193 38 
0.674195 5 4.81107 0.340551 -0.288197 0.0360752 3.8347 22 468 1145 1118 1 0.413302 0.413302 29 
-5 -2.46058 0.132315 0.355223 -0.344246 0.128184 3.85892 22 469 1187 1186 1 4.13223 4.13223 62 
-3.20838 3.56507 5 0.366033 -0.026416 -0.545371 4.04311 22 470 1001 1 1 4.18974 4.18974 95 
-3.77004 5 -2.08546 0.450294 -0.24084 -0.0187331 3.90489 22 471 3355 3328 1 0 0 7 
-5 4.65707 -0.818925 0.137532 -0.151106 0.179716 3.7878 22 472 1743 1680 1 6.70444 6.70444 29 
-0.138105 -1.32512 -5 -0.297598 -5.65688 16.1714 3.76687 11 473 1 0 1 3.65383 3.65383 30 
-2.65817 3.0896 -5 0.260725 -0.374157 0.498701 3.77545 22 474 2960 1 1 1.54616 1.54616 67 
-0.0633867 5 1.66452 0.273657 -0.358945 0.0623068 4.00197 22 475 30702 30701 1 0.222639 0.222639 33 
-1.26348 5 -4.15803 -3.04901 -7.3623 1.50153 3.78534 11 476 1 0 1 10.5186 10.5186 166 
-2.64832 5 1.24079 -0.611952 -5.61136 -3.55132 3.90336 22 477 6528 6453 1 3.9752 3.9752 18 
3.56436 5 4.31719 0.0713873 -0.0885293 -0.165159 3.85691 22 478 19111 18801 1 0.137563 0.137563 7 
-5 -1.71779 -0.579289 0.387306 -0.124257 0.309312 3.82245 22 479 16210 16180 1 2.49361 2.49361 50 
3.65718 5 4.36237 2.19244 -2.61325 -1.65153 3.88702 22 480 4837 4836 1 7.94617 7.94617 60 
-5 -4.84304 -1.75586 0.121611 0.0989468 0.257414 3.86948 22 481 6524 6523 1 3.57155 3.57155 30 
4.76932 2.7748 -5 0.564096 -1.39542 0.650702 3.82355 22 482 5857 5856 1 0 0 6 
-3.31562 1.75457 5 -0.347013 -0.175414 -0.33156 3.91499 22 483 3168 3167 1 4.4487 4.4487 40 
-5 2.73091 3.66134 0.292896 -0.0270806 -0.0907545 3.87548 22 484 2722 2679 1 0.279318 0.279318 21 
4.63495 -3.66226 -5 0.199826 0.0104153 0.119504 3.88899 22 485 1581 1564 1 0.510562 0.510562 41 
-2.72597 -1.68809 5 0.0524362 -0.0754513 -0.135252 3.96374 22 486 4314 4313 1 0 0 5 
2.39481 0.326697 5 -0.265324 -0.121208 -0.657403 3.99648 22 487 1469 1425 1 9.54986 9.54986 168 
4.8885 3.92145 5 0.0119906 -0.128427 -0.494452 4.2907 22 488 12598 12597 1 0.753086 0.753086 14 
-5 -1.94227 3.33985 0.0639308 -0.303748 0.104902 3.82708 22 489 5483 5405 1 2.83656 2.83656 59 
-0.911275 1.23123 -5 0.113911 -0.134332 0.234858 3.83287 22 491 9993 9992 1 8.81806 8.81806 48 
-0.305669 3.90061 -5 1.25122 -1.13839 9.06022 3.75573 22 492 2819 2675 1 0.701147 0.701147 11 
-1.35049 5 -3.09201 2.10494 -3.22953 2.02007 3.78501 22 493 11987 11966 1 4.69668 4.69668 29 
-2.49619 5 -1.94276 0.0835049 -0.440589 -0.0468506 3.83411 22 494 2791 1 1 0.736906 0.736906 15 
5 0.863275 -3.32854 -0.0992885 -0.133894 -0.128747 3.86978 22 495 1152 1124 1 0 0 5 
-5 2.33792 -3.84511 0.160685 -0.375406 -0.150192 3.93228 11 496 1025 1001 1 22.901 22.901 281 
-0.055151 4.56444 -5 0.06413 -0.116349 0.493427 3.8253 22 497 1596 1593 1 0 0 3 
1.79663 -2.44994 -5 0.0833318 0.253607 0.435728 3.77376 22 498 1100 1099 1 10.7435 10.7435 194 
-1.17396 5 -1.72774 0.141056 -0.385038 -0.304908 3.89314 22 499 10076 10075 1 0.103289 0.103289 5 
1.5997 5 -3.47302 0.218425 -0.112654 0.74977 3.7824 22 501 6284 6081 1 0.0844917 0.0844917 41 
3.52536 5 1.92516 0.100022 -0.247628 0.146359 3.81215 22 502 1664 1356 1 2.68174 2.68174 22 
-1.72403 5 -2.9955 0.694856 -7.30777 19.7869 3.76775 22 503 2557 2493 1 2.38038 2.38038 18 
-5 1.47974 0.229867 0.277214 -0.0489862 -0.147026 3.86654 22 504 6864 6844 1 0.759844 0.759844 40 
1.40011 5 -4.66237 -0.0162442 -0.154784 -0.171163 3.8651 22 505 12130 12068 1 0.00673537 0.00673537 13 
-3.67257 5 -0.716213 0.0623107 -0.164743 0.201844 3.79092 22 506 4157 4105 1 8.36827 8.36827 48 
-4.52018 4.45755 -5 0.063849 -0.291585 1.0301 3.75982 22 507 2447 2445 1 3.13322 3.13322 48 
-1.2792 5 4.21522 -0.128871 -0.247687 -0.380088 3.81013 22 508 3040 3037 1 4.33784 4.33784 118 
-5 4.80806 -0.151476 1.39736 -0.776396 -0.160799 3.84881 22 509 2527 2394 1 0.217507 0.217507 14 
4.99951 5 1.43752 -0.132287 -0.42843 -0.245087 4.09436 22 510 4685 4651 1 3.56793 3.56793 70 
1.98569 5 2.85049 0.190442 -0.874332 1.08369 3.79608 22 511 17880 17830 1 0 0 6 
3.81723 1.30988 5 0.403613 -0.122446 -0.288485 3.97585 22 512 2613 2561 1 4.21931 4.21931 23 
5 0.107353 -0.435731 -0.319362 -0.167481 0.0232429 3.83117 22 513 8945 8765 1 1.38412 1.38412 11 
-5 0.307617 -0.394876 0.317996 -0.778929 0.523729 3.79888 22 514 4865 4784 1 0 0 4 
-1.71833 5 4.98893 -0.188591 -0.472121 -0.0515297 3.90495 22 515 3747 3718 1 4.37374 4.37374 42 
-0.760468 5 -3.81546 -0.660916 -7.67694 5.64256 3.78265 -11 516 1218 1217 1 4.4271 4.4271 72 
0.154907 5 1.09693 2.31989 -4.67384 0.17654 3.82066 11 517 9169 8191 1 2.59385 2.59385 18 
-0.908758 -1.90355 5 0.095504 -0.624823 -0.298122 3.90751 22 518 2556 2530 1 0.309629 0.309629 18 
-0.581054 5 3.98249 0.116281 -0.293706 0.354615 3.81906 22 519 7908 7842 1 0 0 3 
-3.10246 -0.422407 5 0.0503249 -0.186537 -0.634759 3.96586 22 520 10101 9879 1 0 0 13 
-2.61159 3.75184 5 0.177742 -0.434521 -0.766321 4.0062 22 521 2175 2174 1 3.26177 3.26177 79 
-0.32326 1.67978 5 -0.0239037 0.0486986 -0.179521 3.89814 22 522 5580 5530 1 1.13984 1.13984 72 
-4.66512 4.02327 -5 0.972967 -0.836391 1.7471 3.77014 22 523 1578 1394 1 5.14072 5.14072 54 
-5 1.77571 3.00763 0.0941558 0.140303 0.0539724 4.02732 22 524 2834 2768 1 0.020021 0.020021 6 
0.600226 -2.41089 -5 0.0723511 -4.89671 13.5822 3.76467 22 525 1657 1656 1 0.718021 0.718021 33 
-1.69182 5 3.9906 0.361033 -0.618684 -0.369973 3.86452 22 526 8580 8579 1 0.347244 0.347244 18 
1.57594 4.73689 5 -0.143753 -0.131661 -0.29598 4.21073 22 527 15894 15893 1 0.396516 0.396516 8 
-0.801591 5 -4.85511 0.0837685 -0.25231 -0.436397 3.82147 22 528 5142 5141 1 9.33204 9.33204 139 
-1.17585 5 3.6741 0.0127977 -0.240227 0.127612 3.81742 22 529 4593 4566 1 0.312868 0.312868 29 
1.66413 4.62393 -5 0.0952286 -0.17865 0.0759829 3.7714 22 530 2048 1801 1 0.327796 0.327796 26 
-5 1.05607 4.65667 6.15497 0.991132 3.43097 3.82315 11 531 6555 6520 1 0.178049 0.178049 8 
0.0646112 5 3.23211 -0.071121 -0.404767 0.247851 3.79913 22 532 14244 12706 1 11.0218 11.0218 87 
-2.01775 5 -4.46053 0.119891 -0.298686 -0.0869886 3.8389 22 533 4137 4109 1 0 0 4 
-1.65891 3.12648 -5 -0.118168 -2.81163 2.98962 3.77597 22 534 4467 4464 1 3.1101 3.1101 48 
-3.89692 5 -3.94258 0.0620055 -0.505163 0.0456719 3.81671 22 535 2485 2484 1 0 0 6 
-2.95767 5 1.41604 4.84377 -4.99281 9.09706 3.78831 22 536 10714 10599 1 0.577195 0.577195 57 
-5 3.70623 -0.752949 1.35812 -1.71953 2.47109 3.7945 22 537 13193 13043 1 0.423237 0.423237 4 
-2.98391 0.139625 5 0.311341 -0.0761608 -0.397978 3.99958 22 538 6687 6684 1 2.63303 2.63303 53 
-5 2.05622 3.9731 0.102801 -0.103608 0.107453 3.80249 22 539 3806 3697 1 0.158764 0.158764 35 
-2.32647 5 1.42655 0.0337048 -0.506558 -0.232098 3.97884 22 540 1356 1332 1 5.95718 5.95718 37 
2.18816 5 1.03545 0.401906 -0.26901 -0.165001 3.93119 22 541 2607 2604 1 0.7932 0.7932 9 
2.04476 5 -0.731886 -0.0891481 -0.347868 -0.192429 3.93574 22 542 16336 16335 1 0.0528877 0.0528877 10 
1.21513 -2.74738 -5 0.136227 -0.384982 0.307166 3.83316 22 543 15555 15554 1 0.0685325 0.0685325 5 
-0.915176 5 -2.12974 0.890187 -0.704815 0.235694 3.81035 22 544 3529 3427 1 4.9114 4.9114 108 
-5 -2.42819 1.40807 1.89278 -3.0291 -0.749877 3.87622 22 545 4281 4280 1 1.55069 1.55069 27 
1.97936 0.565437 5 0.0693135 -0.25527 -0.207378 4.07331 22 546 18863 18859 1 0.18366 0.18366 21 
-4.93907 4.59007 -5 0.206828 -0.194605 1.93446 3.75567 22 547 1740 1 1 2.67313 2.67313 131 
-4.08437 5 1.49642 0.38126 -0.868673 1.09966 3.78832 22 548 1277 1251 1 5.58198 5.58198 42 
1.18127 3.09727 5 0.160853 -0.476416 -0.488063 3.95963 22 549 1001 1 1 1.21103 1.21103 59 
0.124215 5 -4.17412 0.510528 -0.53518 0.310335 3.79419 22 550 6391 6345 1 0.700407 0.700407 48 
-5 -0.691924 -3.22811 0.152867 -0.0806107 -0.0896876 3.78798 22 551 12027 12016 1 3.01565 3.01565 69 
-5 1.36492 0.942563 0.204887 -0.340642 -0.0160725 3.87015 22 552 7462 7461 1 2.01961 2.01961 31 
0.736018 5 3.91684 0.0555951 -0.188318 0.12794 3.82121 22 553 2709 2641 1 0.319685 0.319685 38 
-5 1.80212 0.264696 0.294477 -0.188185 -0.166173 3.86588 22 555 6782 6781 1 0.345843 0.345843 28 
1.56773 -3.87284 5 0.17032 -0.337003 -0.344297 4.05847 22 556 3481 3480 1 0.215496 0.215496 26 
-4.65585 3.95481 -5 0.35215 -0.163439 0.332262 3.78948 22 557 2497 2494 1 0.510741 0.510741 17 
-4.64547 5 -2.70156 -0.0736551 -0.371309 0.277432 3.81684 22 558 7358 7293 1 0 0 6 
-4.261 2.55107 5 0.0247851 -0.156822 -0.161599 4.04031 22 559 4145 4144 1 9.93206 9.93206 120 
-1.56178 -4.22598 5 0.0663672 -0.233448 -0.449686 4.03261 22 560 10437 10435 1 1.26778 1.26778 35 
-4.54276 5 -4.7892 2.62324 -6.10793 53.597 3.75498 22 561 1249 1 1 8.3063 8.3063 78 
-5 -1.88645 -2.85969 0.173344 -0.186616 0.0293274 3.80178 22 562 1393 1357 1 4.58039 4.58039 90 
-5 1.04868 -1.04548 0.0555071 -0.14847 0.485794 3.77356 22 563 8190 8189 1 0.00852042 0.00852042 9 
3.60362 0.509092 5 0.104713 -0.161686 -0.135073 3.94628 22 564 1513 1 1 2.64043 2.64043 32 
4.45025 5 -4.25763 0.308092 -0.250548 0.0271934 3.84948 22 565 3686 3684 1 7.3002 7.3002 211 
-5 -0.51062 3.40751 0.148118 0.0995055 -0.0681804 3.89316 22 566 3386 3284 1 0.264425 0.264425 37 
-1.81458 4.41461 -5 0.107955 -0.324516 0.705947 3.771 22 567 20263 7964 1 0 0 5 
0.169116 2.1138 -5 0.172391 -0.23923 0.529738 3.767 22 568 7658 7418 1 2.34269 2.34269 11 
-1.95046 -4.45085 -5 0.0139239 -0.108898 0.237075 3.76074 22 569 4735 4627 1 15.8046 15.8046 287 
-3.05618 5 2.13066 -0.18451 -0.453975 0.144856 3.8442 22 570 8951 8912 1 0.0294512 0.0294512 28 
0.313775 5 3.67449 0.16754 -0.552367 0.745857 3.79821 22 571 4833 4678 1 5.89383 5.89383 96 
-2.4151 1.71425 5 0.138022 -0.127065 -0.475315 4.0944 22 572 4746 4745 1 0.816804 0.816804 39 
0.821813 -0.0635874 -5 0.102794 -0.55985 0.159136 3.78045 22 573 1410 1389 1 2.40338 2.40338 87 
0.214171 -0.0723847 -5 0.235437 -0.684616 0.367435 3.78316 22 574 8146 8116 1 0.19637 0.19637 11 
-5 -3.44336 3.3948 0.472199 0.0233021 -0.330246 4.04038 22 575 5094 5093 1 0.132654 0.132654 11 
2.18877 -2.4698 -5 -0.00308178 -0.264837 0.324448 3.84162 22 576 1035 1 1 0.688523 0.688523 67 
2.43235 -0.315641 -5 5.68507 -5.142 5.55893 3.87761 22 577 28524 28478 1 0.274798 0.274798 28 
-0.0646798 5 -1.50307 0.729906 -1.07514 2.95307 3.78133 22 578 7512 6831 1 0.143784 0.143784 18 
-3.18737 5 -2.95409 0.0804144 -0.339392 -0.0655238 3.83307 22 579 1716 1 1 13.1838 13.1838 101 
5 -0.494511 -2.30228 -0.151938 -0.0280263 -0.0524118 3.88239 22 580 1386 1 1 0 0 4 
-5 -1.30233 0.0497386 0.136277 -0.468743 -0.00789749 3.88648 22 581 20480 20479 1 0.335084 0.335084 36 
-2.36557 5 -3.97036 -0.142583 -0.490066 0.0250092 3.79641 22 582 2085 2063 1 5.63942 5.63942 95 
-4.7898 -4.9353 -5 -0.212225 -0.72601 0.146855 3.80388 22 583 3571 3546 1 1.22491 1.22491 64 
-5 -0.535541 -3.41466 0.148619 0.203958 0.131379 3.78204 22 584 1663 1407 1 6.16731 6.16731 94 
-2.75135 5 -1.84886 -0.331006 -0.715149 -0.275164 3.85349 22 585 26409 26388 1 0.834249 0.834249 27 
4.20548 5 2.1416 -0.178558 -0.0829843 -0.0966058 3.95633 22 586 7090 7089 1 0.066719 0.066719 8 
-3.63155 5 3.78719 0.23408 -0.326161 0.502462 3.81313 22 587 6080 5863 1 0.75178 0.75178 47 
-0.407489 0.530957 -5 0.425228 -0.375632 0.834684 3.77652 22 588 5104 1 1 1.73166 1.73166 33 
-2.99277 -0.63203 5 0.0806547 0.123295 -0.489299 4.15527 22 589 7331 7329 1 0.881693 0.881693 57 
1.12646 5 1.93951 0.433646 -0.777045 0.929488 3.82933 22 590 23673 23618 1 0.186521 0.186521 27 
1.30465 3.6615 5 -0.0577682 -0.0482166 -0.350165 4.07537 22 591 3586 3584 1 1.09024 1.09024 37 
5 -3.9391 4.29305 -0.46582 -0.729323 -0.213189 3.98493 22 592 1912 1810 1 6.64359 6.64359 118 
5 -0.298693 -0.177781 -0.311402 -0.275278 -0.297272 3.96993 22 593 1289 1257 1 20.8976 20.8976 271 
-5 4.79545 3.9887 0.713072 -1.12364 1.35576 3.80375 22 594 10669 10555 1 1.64962 1.64962 20 
4.44855 5 0.650475 0.202518 -0.102847 0.122327 3.85315 22 595 9206 9203 1 0 0 7 
-4.10814 -3.74955 5 0.20887 0.490502 -1.54634 4.06742 22 596 6922 6865 1 7.00595 7.00595 166 
-5 -2.07701 -4.83869 0.210611 -0.182914 -0.113031 3.89488 22 597 16809 16678 1 0.442961 0.442961 30 
1.02312 2.02076 -5 0.0818474 -0.265462 1.74131 3.75592 22 598 3743 3437 1 4.30145 4.30145 33 
-0.0959091 5 -1.64153 0.0341338 -0.16445 0.0890923 3.8098 22 599 1777 1574 1 5.1206 5.1206 46 
1.63238 4.31493 -5 0.552056 0.169898 1.25419 3.75965 22 600 1597 1434 1 4.43417 4.43417 70 
-0.2761 5 -4.95065 2.76968 -6.18647 6.27648 3.7824 22 601 11904 11707 1 3.27309 3.27309 43 
3.44935 5 4.48827 0.66896 -1.39907 1.01434 3.84246 22 602 17402 17243 1 0.241088 0.241088 20 
-2.79537 1.49487 5 0.0108624 -0.628799 -0.783558 3.97054 22 603 15072 14954 1 1.86754 1.86754 83 
-3.18041 4.53236 -5 0.181743 -0.141251 0.456221 3.81139 22 604 5245 5216 1 3.99655 3.99655 40 
-4.18266 1.40567 5 -0.40443 -0.44973 -0.812945 3.97757 22 606 6253 6252 1 0.093856 0.093856 10 
-5 -2.941 0.709135 0.0778189 -0.140218 -0.203031 3.95684 22 607 4407 4160 1 10.5374 10.5374 176 
-3.39923 -4.84099 5 -0.167765 -0.157273 -0.138626 4.1198 22 608 14914 14913 1 0 0 3 
-5 2.41071 0.247525 0.101167 -0.229606 0.12778 3.84672 22 609 2752 2722 1 0.780837 0.780837 31 
-3.65539 5 4.45652 -0.174192 -0.621615 0.268752 3.83841 22 610 9456 9455 1 1.43412 1.43412 31 
-3.49816 -5 -2.23673 -0.24046 0.110456 -0.00818003 3.80316 22 611 2008 1929 1 0.409972 0.409972 42 
4.49968 -3.10335 -5 -0.125263 -1.03344 0.522079 3.77908 22 612 4096 1 1 2.98475 2.98475 137 
4.04646 5 0.926272 0.814479 -1.31859 4.00845 3.78916 22 613 1001 1 1 0 0 5 
-4.26491 -0.236517 -5 0.0747601 -0.415252 0.241273 3.80958 22 614 11923 11889 1 0.307194 0.307194 27 
3.72166 5 1.32824 -0.0888943 -0.348023 0.294805 3.79196 22 615 10383 10344 1 7.60315 7.60315 99 
-3.70635 5 -3.18445 0.00713898 -0.166603 -0.137971 3.83318 22 616 6222 5803 1 11.606 11.606 135 
-5 1.3205 -2.73985 0.206527 -0.467209 0.0135155 3.85796 22 617 8880 8879 1 0.199406 0.199406 30 
-5 3.79215 4.79191 0.368638 -0.0012295 -0.0321678 4.09985 22 618 3378 3377 1 3.76462 3.76462 81 
-4.39084 3.52064 -5 0.424288 0.128447 0.254168 3.77673 22 619 6019 6018 1 3.68423 3.68423 77 
-3.05387 2.78378 -5 0.0332672 -0.337944 1.18304 3.75651 22 620 3037 2941 1 16.5488 16.5488 246 
-4.77274 5 0.579124 -0.200011 -2.50315 -0.386519 3.90094 22 621 32381 32380 1 0.570107 0.570107 36 
-4.20789 -5 3.57059 -0.0848324 0.115248 -0.0474041 3.93771 22 622 2579 2578 1 1.19979 1.19979 85 
-4.63808 -4.2275 5 0.0563836 -0.381389 -0.335386 3.90945 22 623 6175 6172 1 0.207667 0.207667 45 
2.39329 5 3.40568 -0.14711 -0.0565992 -0.177716 3.93205 22 625 6811 6795 1 16.2366 16.2366 177 
-3.76164 3.58926 -5 1.95771 -9.23787 30.324 3.7616 22 626 5043 4891 1 0.426795 0.426795 27 
2.63641 5 -0.734808 0.316813 -0.628622 0.216851 3.80854 22 627 5213 5055 1 0.251456 0.251456 34 
-5 -1.06206 -0.871213 0.0326466 -0.178877 -0.0089376 3.92275 22 628 13587 13586 1 0.181889 0.181889 12 
-1.34032 5 -2.74104 0.792993 -0.790682 -0.345279 3.865 22 629 8217 8216 1 0.51053 0.51053 34 
4.86284 5 3.82979 0.175197 -0.228327 -0.422247 4.11583 22 630 9789 9788 1 0 0 5 
-0.778316 5 0.0498087 0.0452934 -0.195577 0.702243 3.77472 22 631 3062 3042 1 1.97278 1.97278 33 
-4.29052 5 4.69433 0.200892 -0.129301 0.0471616 3.83109 22 632 6781 6435 1 1.51956 1.51956 9 
2.63398 3.77184 -5 -0.154427 -0.290527 0.244305 3.92943 22 633 5101 5099 1 0.0928741 0.0928741 9 
-1.18501 -4.80515 5 -0.0882648 -0.372847 -0.338104 3.99624 22 634 1765 1764 1 1.12527 1.12527 10 
-2.06355 4.13901 -5 -2.92979 -7.9465 8.01681 3.76575 -11 635 8482 8481 1 2.55046 2.55046 31 
-3.96106 5 2.30899 -0.00567273 -0.308671 0.264605 3.79535 22 636 5332 5095 1 0.692935 0.692935 28 
0.154012 5 -4.6521 3.12779 -1.43841 -3.03778 3.81261 11 637 4639 4638 1 11.8011 11.8011 126 
-3.10666 5 -1.47381 0.118392 -0.314494 0.174848 3.83425 22 638 5729 5707 1 0.0755637 0.0755637 3 
-3.30756 5 1.19911 0.325624 -0.216087 0.571587 3.84747 22 639 3878 3875 1 0.0310226 0.0310226 6 
4.46971 -4.06829 -5 0.316836 -0.152535 0.0561665 3.89718 22 640 6515 6489 1 0.114965 0.114965 40 
2.11593 3.37402 5 -0.0141596 -0.141603 -0.048799 4.03246 22 641 1897 1896 1 0.29247 0.29247 39 
5 3.72689 -1.44076 -0.164736 0.0764206 0.00420102 3.9076 22 642 12455 12453 1 0.510776 0.510776 18 
-5 2.97656 -4.09373 0.33344 -0.178737 0.0525524 3.82435 22 643 8350 8290 1 0.228116 0.228116 21 
-4.57692 5 -1.03843 -0.00871221 -0.414754 0.585764 3.79604 22 644 2043 2033 1 0.141946 0.141946 6 
1.03143 5 -4.26862 0.795335 -3.43685 0.928496 3.79832 22 645 3091 2965 1 0.674401 0.674401 10 
4.02293 4.45671 5 0.0786585 -0.327717 -0.384102 3.92776 22 646 1294 1278 1 11.8358 11.8358 177 
-3.91946 5 -3.27544 0.0663339 -0.176263 -0.350191 4.05328 22 647 6799 6727 1 2.50497 2.50497 54 
2.02064 5 1.75285 0.6049 -0.405161 0.933646 3.79961 22 648 3231 3005 1 2.99892 2.99892 63 
-2.86557 -0.856089 -5 -0.0220949 -0.403592 0.169908 3.80566 22 649 42074 42004 1 0 0 1 
-4.74703 5 -2.08933 0.0544022 -0.2067 -0.0938588 3.82651 22 650 14963 14508 1 8.76965 8.76965 56 
-3.81161 5 -0.36395 0.298714 -0.385244 -0.609 3.93935 22 651 15201 15184 1 0 0 7 
-5 1.70327 1.32014 4.73386 -3.57552 2.28148 3.82358 22 652 2125 2036 1 4.87947 4.87947 67 
-2.234 5 -1.31147 0.438713 -0.335422 0.632068 3.78541 22 653 20528 17758 1 8.40464 8.40464 93 
4.18026 5 0.189737 2.45572 -2.13894 -1.51685 4.00595 22 654 19327 19326 1 0 0 2 
-4.65077 5 3.40983 0.216964 -0.388301 -0.251533 3.88644 22 655 1340 1339 1 2.34926 2.34926 57 
-4.16609 2.88536 -5 0.1246 -0.159326 0.386294 3.7954 22 656 14606 14605 1 0 0 4 
-5 4.64292 -2.72156 0.143165 -0.143536 0.62365 5.39977 22 657 3938 3935 1 4.71252 4.71252 80 
3.91806 -0.93599 -5 0.586663 -0.921005 1.03717 3.80293 22 658 1032 1 1 4.9726 4.9726 36 
2.23776 -0.869082 -5 0.0470852 0.380429 0.337901 3.87716 22 659 17294 17292 1 1.32954 1.32954 9 
-4.52138 5 -0.352176 0.0589471 -0.162679 -0.475358 4.16992 22 660 4660 4658 1 7.26275 7.26275 118 
0.986626 5 4.87695 3.53153 -1.45289 4.47818 3.79094 -11 661 5309 5308 1 8.0453 8.0453 115 
-1.18638 5 0.386887 0.211805 -0.210807 1.12067 3.77823 22 662 17428 17187 1 1.79617 1.79617 58 
-4.95311 5 3.53073 -0.541468 -0.721738 0.496514 3.80763 22 663 4669 4566 1 0 0 6 
-5 -0.891765 -4.38445 0.351831 -0.132277 0.107419 3.80931 22 664 9358 9328 1 0.883824 0.883824 18 
3.5869 5 -4.85481 0.639918 -0.899711 -0.127017 3.81424 22 665 1357 1251 1 3.48656 3.48656 55 
-1.05475 5 -0.180024 0.195915 -0.471465 0.0213945 3.83993 22 666 1638 1637 1 0 0 8 
1.58541 5 -1.45713 0.158589 -0.340887 0.0168107 3.8535 22 667 16269 16194 1 0.145806 0.145806 7 
4.80453 1.3538 5 0.446599 -0.0205746 -0.61321 4.07819 22 668 2542 2541 1 2.95318 2.95318 68 
4.35868 -0.315726 5 0.0198964 -0.274075 -0.348911 4.11 22 669 4134 4133 1 13.587 13.587 183 
-5 -2.67509 -2.94392 0.283294 -0.0789753 -0.204228 3.89783 22 670 8049 8048 1 0 0 3 
-1.71628 4.55799 5 0.448951 -0.480271 -0.796231 4.03961 22 671 7380 7345 1 2.25532 2.25532 35 
0.521503 -1.74824 -5 0.233647 -0.43025 0.309586 3.79322 22 672 2850 2741 1 1.2422 1.2422 74 
0.583034 5 -1.12475 0.290378 -0.170219 0.025071 3.94994 22 673 23469 23437 1 0.510408 0.510408 35 
1.25731 2.04099 -5 0.00273048 -0.117305 0.268899 3.76131 22 674 1638 1637 1 0.929222 0.929222 64 
2.31782 3.99438 -5 -0.0678519 -0.361438 0.375175 3.76855 22 675 5780 5567 1 9.76657 9.76657 54 
0.0563644 -4.00661 -5 0.243209 -0.839557 0.477063 3.80633 22 676 3153 2701 1 0.153222 0.153222 6 
5 -3.36688 -2.69335 -0.124261 -0.0732519 0.146109 4.10956 22 677 5109 5108 1 0.114599 0.114599 33 
3.2516 5 -1.15983 1.06179 -0.905091 4.31496 3.77774 22 678 18970 18924 1 0.939927 0.939927 35 
-0.378762 5 2.95554 0.108233 -0.189026 -0.0620187 3.86954 22 679 2518 2517 1 0.893817 0.893817 66 
3.88233 5 4.7934 0.152932 -0.355753 0.169935 3.82336 22 680 6914 6913 1 14.253 14.253 172 
-5 4.21656 2.16366 1.52571 -0.101172 0.894156 3.82084 22 681 15533 15532 1 2.86632 2.86632 44 
-3.93057 5 -1.02904 0.16168 -0.504702 0.0919059 3.81246 22 682 7510 7256 1 0 0 7 
3.45766 0.79957 -5 0.234512 -0.259973 0.372207 3.78489 22 683 1494 1493 1 4.76265 4.76265 74 
-5 1.67823 -0.136282 0.109499 0.19158 0.00360857 3.91357 22 684 6394 6370 1 0.443794 0.443794 11 
0.237635 5 -2.48471 0.180661 -0.454359 0.0167154 3.80326 22 685 1507 1495 1 0.687028 0.687028 39 
-3.76013 5 -4.36144 -4.64093 -1.16306 16.7921 3.76615 11 686 5089 4708 1 7.96454 7.96454 102 
-4.21919 5 -0.30541 0.0370079 -0.17005 0.069706 3.80783 22 687 14739 14738 1 0.186968 0.186968 37 
5 3.44802 -2.41331 -0.0679125 0.0435836 0.220935 3.83416 22 688 1110 1087 1 0.205583 0.205583 25 
-4.51874 2.41251 -5 0.736955 -1.00916 1.94536 3.77315 22 689 1087 1 1 1.41472 1.41472 7 
4.7753 3.04437 -5 0.122518 -0.529834 0.586883 3.78146 22 690 3394 1 1 2.22957 2.22957 13 
-4.82 0.804727 5 -0.280338 0.101249 -0.415065 3.86588 22 691 2035 2034 1 1.52763 1.52763 20 
-5 4.92232 -0.0149833 0.407952 -0.104503 0.144941 3.82586 22 692 2776 2725 1 0 0 6 
-0.0717183 4.9845 -5 1.05982 -0.572755 3.83795 3.76188 22 693 4281 4175 1 0 0 3 
-1.97254 5 -2.11754 -0.108696 -0.848317 0.454926 3.7902 22 694 23382 23354 1 0.584523 0.584523 11 
-0.637872 3.94517 -5 -0.0696693 -0.373736 0.341449 3.7903 22 695 4389 4388 1 6.35343 6.35343 92 
5 3.68002 -2.65882 -0.124178 -0.104275 0.156507 4.25473 22 696 12376 12341 1 1.08468 1.08468 25 
-4.96099 0.381382 -5 0.944103 -0.402742 0.838721 3.77231 22 697 4813 3760 1 1.31564 1.31564 34 
-2.8074 5 -4.72133 0.019439 -0.55154 0.981207 3.76784 22 698 4974 1 1 0.948174 0.948174 26 
1.81936 5 4.69387 0.611921 -0.633213 -0.527539 3.94346 22 699 13608 13568 1 5.17832 5.17832 40 
1.7093 5 -1.56119 0.275971 -0.325703 0.407873 3.79589 22 700 3555 3554 1 4.46707 4.46707 46 
-3.31684 0.174904 5 0.00326676 -0.439313 -0.260985 3.97326 22 701 12630 12626 1 0.429661 0.429661 29 
1.95739 -4.40366 5 0.0485884 -0.268945 -0.431772 4.07958 22 702 4431 4430 1 1.70764 1.70764 17 
3.6514 -3.33311 -5 0.256936 -0.252846 1.23198 3.77601 22 703 7600 1 1 1.24334 1.24334 56 
-5 -4.00576 -4.18302 0.119486 -0.130937 -0.166803 3.93324 22 704 3103 3073 1 0.835081 0.835081 38 
-4.74622 5 3.51791 0.40739 -1.00618 1.53606 3.80078 22 706 5520 5519 1 0.296243 0.296243 14 
-3.74158 -3.53721 -5 -0.136774 -0.142573 0.47126 3.82872 22 707 1258 1257 1 5.30657 5.30657 111 
2.26092 -4.45619 5 -0.00795464 -0.339212 -0.144079 3.92614 22 708 6311 6164 1 0.510744 0.510744 24 
-4.99049 2.22567 -5 0.637095 -0.917414 0.556542 3.77424 22 709 2362 2288 1 4.4188 4.4188 84 
-5 3.8228 -4.95773 2.06165 -0.721902 2.29154 3.76022 22 710 2045 2044 1 5.59404 5.59404 82 
1.16068 4.59133 -5 0.470376 -0.115393 0.162944 3.79874 22 711 4968 4949 1 8.16241 8.16241 125 
-1.10948 5 2.54077 4.67764 -28.2248 31.3631 3.80011 11 712 1 0 1 6.81514 6.81514 134 
-5 0.105192 -4.37307 0.23984 -0.609208 0.204895 3.82416 22 713 5807 5678 1 0 0 4 
2.32604 5 0.0552168 0.166091 -0.18065 0.106205 3.80174 22 714 2878 2791 1 11.8184 11.8184 247 
-1.92016 5 -2.01819 0.361711 -0.433969 0.31354 3.81681 22 715 3683 2293 1 0.35254 0.35254 32 
-3.81467 1.97448 -5 0.258426 -0.129906 1.3853 3.75814 22 716 1327 1208 1 7.75927 7.75927 100 
-5 4.96943 -2.38787 0.00402848 -0.0279027 0.00959867 3.84391 22 717 8334 8324 1 0.96137 0.96137 63 
1.72244 5 -1.90771 0.260323 -0.370688 0.144316 3.80173 22 718 3814 3140 1 1.11114 1.11114 71 
-0.331248 4.52861 -5 0.111325 -0.797832 6.86341 3.75392 22 719 2026 1397 1 14.5313 14.5313 241 
-1.26269 5 -4.81499 0.15776 -0.280115 0.297219 3.7848 22 720 6201 6200 1 6.02835 6.02835 73 
3.32136 5 4.36617 0.243904 -0.481385 1.44919 3.79589 22 721 1111 1 1 0.052427 0.052427 27 
-0.709951 5 4.58675 0.724549 -1.01046 0.684283 3.85354 22 722 6122 6090 1 0 0 5 
-5 1.68213 -4.23345 0.29966 -0.141649 -0.388921 3.83263 22 723 3168 3165 1 2.83203 2.83203 98 
3.86941 5 2.361 -0.239517 -1.33934 0.331188 3.83833 22 724 2629 2628 1 8.04556 8.04556 105 
-2.51105 5 0.242868 0.114003 -2.8916 7.42996 3.77942 22 725 7092 7037 1 2.89597 2.89597 33 
-4.1422 1.36363 5 -0.0241281 0.0601674 -0.2613 3.8979 22 726 24224 24102 1 1.01127 1.01127 6 
3.97895 5 -0.427544 1.40659 -0.566141 0.476753 3.84476 22 727 13094 13022 1 0 0 5 
-2.29323 2.96608 5 0.103285 -0.0525297 -0.458624 4.10733 22 728 7096 7094 1 4.98356 4.98356 41 
-1.57278 1.19654 -5 0.150846 -0.203406 0.634004 3.77311 22 729 6130 1 1 0.293477 0.293477 6 
1.35316 -2.297 5 3.44192 -2.46243 -4.30858 4.0524 22 730 6595 6570 1 0 0 3 
-4.24919 -5 -0.494022 0.110933 0.0966345 0.0351355 4.40809 22 731 5757 5756 1 0.400375 0.400375 40 
-5 -1.3906 -3.1991 0.126108 -0.24224 0.0226334 3.83094 22 732 8812 8788 1 0.929818 0.929818 58 
-3.50877 5 3.79315 -0.174889 0.439628 3.2354 3.78368 -11 733 2111 2110 1 14.0018 14.0018 67 
-2.00556 5 4.4568 0.485845 -0.24396 -0.0848526 3.86487 22 734 2168 2167 1 1.22508 1.22508 61 
1.29296 2.98851 -5 0.0597549 -0.275984 0.455088 3.81327 22 735 23410 23409 1 1.60979 1.60979 18 
-5 3.25978 2.02235 0.177076 -0.361283 0.315022 3.8172 22 736 5559 5557 1 2.35946 2.35946 9 
1.64995 5 3.98636 0.149239 -0.283508 0.158653 3.81863 22 737 7074 2920 1 0.677659 0.677659 15 
-4.71162 -1.6013 -5 -0.00744296 -0.355478 0.731494 3.77497 22 738 9400 9315 1 0 0 3 
4.72904 0.100721 -5 0.832743 -1.38153 0.501565 3.82423 22 739 1972 1954 1 12.5555 12.5555 100 
0.643313 5 4.57004 0.30268 -0.316272 0.263584 3.92594 22 740 9928 9926 1 0.513098 0.513098 64 
-3.80063 5 3.28779 -0.00940071 -0.19588 -0.471871 3.93704 22 741 3946 3945 1 4.67498 4.67498 82 
-5 2.93548 2.57491 0.24257 -0.383805 -0.234464 3.86206 22 742 1831 1830 1 0.528619 0.528619 30 
-1.99478 5 0.216863 -0.0176696 -0.226952 -0.103563 3.87132 22 743 4644 4606 1 0.065777 0.065777 13 
-5 2.47485 -3.86992 0.149619 -0.320307 0.310055 3.89598 22 744 8310 8276 1 0.62876 0.62876 7 
1.35374 5 1.97234 0.0557577 -0.233619 -0.0253626 3.94217 22 745 8412 8411 1 0.200441 0.200441 42 
2.69318 5 -2.00583 0.142434 -0.214984 0.441151 3.80136 22 746 5692 5663 1 10.5625 10.5625 151 
4.88276 -2.7711 -5 0.979461 -0.355313 1.5801 3.77498 22 747 1242 1241 1 1.8178 1.8178 25 
1.31643 5 -4.58977 0.216458 -0.282008 0.367066 3.82459 22 748 5496 5467 1 3.94542 3.94542 33 
-3.60632 5 -2.9399 1.17993 -1.94528 -0.851186 3.82164 22 749 2570 2504 1 0.494732 0.494732 12 
-5 0.705219 4.19574 0.169793 -0.250201 0.602562 3.7914 22 750 3717 3607 1 0.180737 0.180737 9 
-4.36394 5 -4.08891 -0.049063 -0.498791 -0.0996014 3.80411 22 751 14240 14236 1 1.25352 1.25352 34 
2.91259 5 0.530235 -0.190052 -0.312329 -0.0527253 3.89424 22 752 13146 13144 1 0 0 8 
-2.55599 0.591676 -5 0.117218 0.469425 0.164376 3.86583 22 753 1111 1108 1 0.41097 0.41097 32 
-1.75022 5 -4.86839 0.0789538 -0.386904 -0.0902281 4.0875 22 754 13745 13713 1 0.0110172 0.0110172 5 
-1.4431 -0.963446 -5 0.790586 -5.75435 3.53996 3.85009 22 755 2695 2691 1 3.47147 3.47147 113 
-5 -2.45263 0.610056 0.36646 -0.746227 0.579893 3.80492 22 756 1582 1468 1 0.684083 0.684083 12 
-2.7168 5 0.337345 0.502895 -0.0857323 0.0294347 3.83448 22 757 17034 17015 1 0.597015 0.597015 25 
2.91791 2.62389 -5 0.0566466 -0.182452 0.0997248 3.81837 22 758 5055 4940 1 6.5061 6.5061 83 
-3.40942 5 2.40012 0.241354 -0.303056 0.333204 3.81782 22 759 1556 1554 1 5.85936 5.85936 152 
-5 1.1423 -3.40811 0.0712392 -0.653145 0.523193 3.7811 22 760 5947 5872 1 8.86031 8.86031 226 
-5 0.822199 -3.00495 0.281753 -0.148961 -0.399432 3.87148 22 761 1240 1237 1 0.364571 0.364571 33 
-5 2.25081 -4.82129 4.35139 -1.10812 0.477721 3.87877 22 762 1211 1175 1 3.84849 3.84849 13 
1.8552 3.27166 -5 0.566788 -0.650191 2.24026 3.7666 22 763 3503 3314 1 0.54151 0.54151 45 
-5 0.618087 1.57854 0.3085 0.161429 0.0296468 3.82547 22 764 4548 4547 1 0.0935991 0.0935991 11 
-5 -0.134158 -1.08541 0.50225 0.0149606 -0.0929562 3.80899 22 765 8170 8169 1 0.524725 0.524725 17 
-1.06749 5 -3.77659 -2.4437 -2.04484 0.414077 3.77817 11 766 7183 7035 1 1.91348 1.91348 86 
-1.35901 3.73105 -5 1.76421 -1.82408 3.63898 3.76799 22 767 6146 5879 1 0 0 10 
2.06777 5 -1.2231 16.8812 -12.3641 24.2031 3.79752 22 768 24389 24388 1 0.215731 0.215731 27 
4.99958 3.42654 5 -0.127125 -0.0770158 -0.191785 4.17978 22 769 1674 1673 1 0.0293219 0.0293219 37 
0.526686 -0.328767 -5 0.432682 -0.0810369 0.814832 3.76785 22 770 3581 3530 1 7.39847 7.39847 139 
2.63839 4.74425 -5 0.446144 -0.498214 1.21571 3.77388 22 771 5582 5581 1 0 0 4 
-5 -3.10829 -2.6634 0.378454 -0.218446 -0.0524388 3.86852 22 772 16483 16479 1 2.29082 2.29082 28 
-2.71088 3.63303 -5 0.480239 -2.66034 4.32021 3.77906 22 773 14943 14918 1 0 0 3 
-5 1.95156 -1.72031 5.18322 -6.83368 6.8635 3.78807 22 774 5380 5300 1 1.75076 1.75076 118 
-0.790646 5 -2.05964 0.153375 -0.39511 0.285453 3.80436 22 775 5203 5202 1 0.691214 0.691214 37 
4.80314 -0.590987 -5 3.68317 -3.10558 2.97267 3.79104 22 776 4014 3943 1 4.85233 4.85233 40 
-1.46344 5 -2.00732 0.127145 -1.43916 1.82099 3.77839 22 777 42671 42606 1 0.428256 0.428256 13 
-3.38281 5 1.75937 0.113703 -0.1436 0.0900803 3.82089 22 778 14751 14749 1 7.25224 7.25224 38 
-4.01942 5 0.934321 0.35287 -0.323164 0.454723 3.80252 22 779 3733 3717 1 0.862091 0.862091 4 
-3.55289 5 -1.34541 3.73882 -4.76878 3.0328 3.79528 11 780 7086 6879 1 5.85114 5.85114 51 
-3.95223 5 -3.80978 0.290808 -0.333236 0.282701 3.79202 22 781 19676 19065 1 0.677379 0.677379 41 
2.49435 2.71584 -5 0.218284 -0.433253 0.16051 3.80304 22 782 1525 1524 1 0.24766 0.24766 40 
-2.71804 0.249947 -5 1.25387 -3.43801 9.65022 3.7724 22 783 21945 21708 1 0 0 3 
4.91066 5 -1.97576 0.235138 -2.40854 2.06524 3.78753 22 784 13727 13663 1 0.717222 0.717222 85 
2.57434 2.82306 -5 0.245345 -0.140879 0.159432 3.80161 22 785 9218 8843 1 0.802428 0.802428 58 
-5 1.75759 3.80014 0.431791 -0.118603 -0.094667 3.90874 22 786 26689 26688 1 0 0 2 
3.62405 5 4.30525 0.261839 -0.222439 0.383597 3.81345 22 787 4759 4622 1 4.61491 4.61491 50 
-2.16253 5 0.0828964 0.139504 -2.94499 2.05062 3.79568 22 788 15843 15739 1 0.510576 0.510576 36 
4.80026 5 -1.84087 -0.0645255 -0.102798 -0.116713 3.85872 22 789 14852 14851 1 1.72147 1.72147 50 
-2.89544 0.497421 -5 1.00091 -8.93959 7.6929 3.7905 22 790 9862 9810 1 0.209879 0.209879 38 
-2.18676 5 -3.12133 1.29114 -3.0864 0.573013 3.80945 22 791 4186 4138 1 1.17247 1.17247 47 
-0.955837 5 3.51694 0.0809908 -0.309795 0.39823 3.81559 22 792 3824 3821 1 1.24444 1.24444 36 
-2.30181 5 1.27993 0.252609 -0.359316 0.252612 3.80928 22 793 4683 4682 1 0.209087 0.209087 19 
-1.62225 1.73839 5 2.23759 -1.96129 -6.3614 4.19035 22 794 15622 15599 1 0 0 2 
1.66974 3.72765 5 -0.018052 0.123082 -0.245614 3.97903 22 795 1063 1062 1 0.171201 0.171201 20 
1.71544 5 4.52152 0.248912 -0.445726 0.111625 3.81048 22 796 8073 7864 1 1.36293 1.36293 76 
4.43999 5 -0.487408 -0.0924909 -0.100266 -0.149858 3.82673 22 797 2663 2662 1 5.90147 5.90147 154 
-0.62832 -2.42547 -5 -0.0254709 -0.699343 0.207836 3.79389 22 798 1172 1 1 6.6196 6.6196 77 
-5 -2.10078 0.578923 0.442422 0.172914 0.315082 3.81183 22 799 3743 3637 1 0.314504 0.314504 35 
-2.02068 5 3.0025 0.0495483 -0.245874 0.0196124 3.82227 22 800 4404 4049 1 8.15439 8.15439 171 
-1.37658 5 -3.01483 0.066237 -0.410345 0.400194 3.77302 22 801 4368 4367 1 0.245544 0.245544 33 
1.7139 -4.7569 5 0.317965 -0.320489 -0.239385 3.97403 22 802 1503 1502 1 5.80346 5.80346 102 
2.67582 5 4.15799 0.112731 -0.158005 -0.011694 3.84583 22 803 3392 3237 1 20.3705 20.3705 194 
2.13724 4.8679 -5 0.596716 -0.644937 1.74175 3.76988 22 804 5604 4299 1 0.0161737 0.0161737 4 
0.417567 -3.70017 5 0.280999 -0.733607 -1.10745 4.08844 22 805 4741 4740 1 0 0 5 
-0.560636 5 0.999821 0.218373 -0.209602 0.0180427 3.89756 22 806 1889 1 1 0 0 4 
-4.13248 5 4.57569 0.193192 -0.251289 -0.0585435 3.86492 22 807 6461 6459 1 1.16898 1.16898 88 
5 0.168908 1.15915 -0.114066 -1.06076 1.68373 3.79678 22 808 26264 23230 1 0 0 5 
-5 3.07491 4.16296 0.138669 -0.064572 0.0781364 3.92477 22 809 4976 4939 1 0.177047 0.177047 25 
-2.84994 5 -0.544414 0.0481809 -0.466958 0.384812 3.81342 22 810 2259 1 1 0 0 1 
3.2818 5 2.52684 0.299202 -0.386822 0.148212 3.82125 22 811 3062 3061 1 5.778 5.778 62 
-4.85605 2.41968 -5 0.0620359 -0.0524891 0.182761 3.75791 22 812 3919 3777 1 3.61428 3.61428 54 
-5 3.93089 0.508148 0.356343 -0.164291 -0.327334 3.97278 22 814 20132 20099 1 0.323812 0.323812 28 
-4.7997 -3.22481 -5 0.189281 -0.504286 1.74827 3.75986 22 815 3833 3831 1 7.79126 7.79126 103 
1.23097 5 2.10599 0.153257 -0.424138 0.330161 3.81823 22 816 12411 12301 1 5.46346 5.46346 73 
4.85815 -3.42359 5 0.107012 -0.233351 -0.441832 3.88743 22 817 7141 7122 1 0.341434 0.341434 49 
2.67241 -3.15001 5 0.143797 -0.305188 -0.385416 4.90733 22 818 3052 2971 1 0.16103 0.16103 8 
0.444476 1.59516 -5 0.451684 -0.146576 0.188725 3.82744 22 819 2462 2461 1 0.475735 0.475735 28 
-1.636 2.5013 -5 0.0832325 -0.588016 1.09496 3.77286 22 820 16629 16359 1 0.0108708 0.0108708 10 
4.30277 5 -4.05326 -0.132143 -0.178062 -0.0551274 4.20695 22 821 4819 4818 1 3.57531 3.57531 89 
1.53914 -0.55907 -5 -0.14927 -0.324603 0.14249 3.85728 22 822 14423 14422 1 1.70151 1.70151 34 
-4.17227 5 3.74626 -0.149382 -0.417866 -0.253364 3.92935 22 823 3161 3126 1 5.3878 5.3878 32 
-5 0.603139 4.61345 0.173278 -0.0842458 -0.0821595 3.87079 22 824 10734 10733 1 0.0503459 0.0503459 2 
-2.47902 5 -2.15941 -0.0397385 -0.458747 -0.221566 3.98812 22 825 4202 4201 1 1.18617 1.18617 71 
0.86106 -3.70581 -5 0.0701165 -0.128939 0.419816 3.76319 22 826 2838 2609 1 0 0 5 
-1.58887 5 -1.87039 0.213795 -0.177991 -0.13347 4.04577 22 827 19500 19497 1 0.8393 0.8393 49 
1.44417 5 -1.34493 3.00723 -1.99939 0.548087 3.8339 22 828 10955 10954 1 0 0 3 
-1.01194 1.42361 -5 0.0833676 -0.332407 0.860142 3.76503 22 829 10856 10675 1 0.752624 0.752624 8 
4.23164 5 -2.44955 0.32683 -0.33112 -0.211334 3.96325 22 830 5550 5548 1 0.353907 0.353907 26 
3.08246 -1.78032 5 0.255094 -0.115374 -0.102664 3.94448 22 831 19902 18517 1 0 0 5 
-2.03286 5 3.29588 0.0537447 -0.646459 0.558959 3.80458 22 832 52161 51711 1 0.180689 0.180689 5 
-5 2.48649 3.71756 0.0777179 -0.114748 -0.201908 3.80166 22 833 8591 8512 1 0 0 9 
-4.22876 -3.88833 5 -0.121517 -0.270736 -0.416 3.95809 22 834 10351 10318 1 7.9375 7.9375 112 
3.66262 5 4.10643 0.320525 -0.380736 0.11586 3.87181 22 835 9376 9375 1 0.302137 0.302137 46 
-2.70504 3.15411 -5 -0.0894448 -0.82971 5.58276 3.75468 22 836 3143 2935 1 17.838 17.838 217 
3.78198 5 3.09486 1.18149 -0.98166 -1.85124 4.08973 22 837 4170 4169 1 0.808329 0.808329 87 
4.14213 0.0240054 -5 0.102286 -0.153063 0.260874 3.78634 22 838 2534 2411 1 0 0 2 
4.62872 4.6618 5 -0.0420744 -0.303678 -0.115756 3.96161 22 839 14373 14182 1 0.0668342 0.0668342 2 
4.29234 5 -1.53992 0.542433 -0.829314 0.178275 3.82773 22 840 15386 15368 1 0 0 2 
-5 -0.0566509 2.85986 0.301953 -0.239509 0.335529 3.8372 22 841 1158 1130 1 2.34252 2.34252 36 
2.10532 5 -0.487314 -0.615305 -0.288985 0.430337 3.82304 22 842 6566 6540 1 0 0 4 
-1.90665 -0.427579 -5 0.53632 -1.67506 2.2456 3.78029 22 843 11694 10881 1 3.26821 3.26821 71 
-2.63431 3.10021 5 0.116661 -0.441482 -0.229355 3.88543 22 844 2497 2495 1 0 0 7 
1.86171 5 -2.9626 0.0254969 -2.32561 3.91285 3.78723 22 845 6947 6802 1 0 0 6 
1.23467 -0.910516 -5 0.341918 -0.224888 0.662184 3.76801 22 846 7729 7687 1 2.14431 2.14431 61 
-5 -4.93752 0.15544 0.269447 -0.252719 0.161854 3.82067 22 847 6002 5321 1 1.48657 1.48657 50 
-2.00443 2.90681 -5 -0.0483527 -0.205352 0.863907 3.75568 22 848 3017 2854 1 13.119 13.119 114 
-0.175166 -2.47528 5 2.54523 0.181077 -2.16426 3.90623 11 849 4917 4721 1 5.30515 5.30515 92 
3.5489 5 -0.140803 0.0446475 -0.234725 -0.174167 3.9224 22 850 2620 2617 1 0.388782 0.388782 10 
-5 1.1213 3.38596 0.104399 -0.347035 -0.36026 4.04732 22 851 29454 29453 1 0 0 1 
-2.01297 5 -2.11208 0.0455441 -0.223445 -0.457294 3.83242 22 852 4007 4006 1 33.3001 33.3001 434 
1.30537 -0.983992 -5 -2.05568 4.22868 12.8587 3.77451 11 853 1 0 1 21.6988 21.6988 127 
-1.24602 5 -2.44377 0.262274 -0.433185 0.0684302 3.80625 22 854 3747 3720 1 1.5055 1.5055 55 
-4.1178 5 1.67921 1.14763 -10.5108 35.5349 3.78641 22 855 27291 27269 1 0 0 5 
1.70805 5 2.5664 1.94443 -3.08378 1.67914 3.80516 22 856 6481 6480 1 0 0 2 
-4.96889 2.57838 5 -0.12144 -0.238822 -0.120923 3.91012 22 857 1003 1002 1 1.60044 1.60044 14 
-3.20604 2.21313 -5 0.502556 -0.837454 0.464879 3.78627 22 858 27227 27150 1 0 0 2 
-4.84865 2.06762 5 0.0324694 -0.291041 -0.575105 4.23867 22 859 5418 5399 1 0.322194 0.322194 3 
3.30836 5 -4.04428 0.0492253 -0.30192 -0.409318 4.07118 22 860 1738 1737 1 1.49982 1.49982 57 
-3.17418 3.77627 -5 0.41173 -1.41566 1.7839 3.77736 22 861 2692 2523 1 0 0 6 
1.04132 5 -0.465981 0.134903 -0.261155 0.497369 3.79181 22 862 7385 7212 1 0 0 4 
-2.47841 2.01125 5 0.218286 0.061514 -0.272993 3.98596 22 863 5597 5565 1 0.0133598 0.0133598 11 
-5 -1.20246 -0.236649 0.042385 -0.230955 -0.0802709 3.84777 22 864 7200 7177 1 0 0 2 
4.67341 5 -2.72228 0.953263 -0.62319 1.10331 3.78477 22 865 14837 10990 1 0.283781 0.283781 25 
-5 1.12572 0.185877 1.26866 -1.4624 1.30591 3.84891 22 866 1105 1 1 1.30383 1.30383 94 
-4.54066 3.47666 -5 5.72016 -26.6455 159.599 3.75359 -11 867 2111 2110 1 19.6357 19.6357 259 
-2.50829 5 4.86022 4.89135 -4.40046 9.03151 3.79761 22 868 2256 2200 1 3.26731 3.26731 89 
-4.25285 5 -0.100743 0.0297761 -0.12132 -0.223771 3.89072 22 869 8499 8452 1 1.79886 1.79886 58 
-0.111726 4.76208 5 0.712446 -0.504679 -0.876166 3.93436 22 870 5644 5622 1 3.86627 3.86627 85 
4.88715 -4.91819 5 0.305769 -0.165621 -0.374426 3.91248 22 871 2312 2311 1 8.01477 8.01477 104 
2.16388 5 -0.734481 0.238005 -0.434489 0.125269 3.81509 22 872 8004 8003 1 0 0 11 
-0.096829 5 3.81647 0.1572 -0.313815 0.0754866 3.8129 22 873 2385 2358 1 0 0 11 
1.36759 3.9986 -5 0.630093 -0.254341 0.205885 3.83021 22 874 13511 13510 1 0.164711 0.164711 31 
-5 3.66035 3.25941 0.985454 -0.825521 0.912668 3.80619 22 875 3393 3392 1 0.745224 0.745224 31 
-5 3.1791 1.65669 5.29264 -5.88983 1.74892 3.82021 11 876 2345 1894 1 1.64465 1.64465 30 
-3.72272 -3.32374 5 0.0769085 -0.537877 -0.891872 4.07838 22 877 3847 3781 1 0.646212 0.646212 34 
4.50639 5 3.08354 -0.0606738 -0.230104 -0.052815 3.92139 22 878 18275 18273 1 0.190931 0.190931 9 
2.08467 -2.97108 -5 -0.0400158 0.152826 0.807784 3.77155 22 879 3017 1 1 38.5807 38.5807 458 
3.96975 4.86533 -5 0.359016 -0.498666 1.35939 3.7729 22 880 14823 14473 1 0.198286 0.198286 34 
1.25073 5 -2.77781 0.392521 -0.48366 -0.155573 4.81771 22 881 3850 3848 1 9.46796 9.46796 117 
-2.85134 5 2.44434 0.152237 -0.174199 -0.0084757 3.81815 22 882 4351 4180 1 2.76302 2.76302 90 
3.40092 2.2573 5 -7.39401e-06 -0.142733 -0.49066 4.03988 22 883 20687 20685 1 0 0 4 
0.626795 5 -0.696787 0.408741 -0.428368 1.24093 3.77765 22 884 6592 6420 1 4.83687 4.83687 41 
-5 -2.08145 -2.68102 12.8747 -15.2043 11.3937 3.77927 11 885 1758 1679 1 5.90943 5.90943 74 
-2.43807 5 2.87315 -0.174306 -0.418199 0.0952333 3.83029 22 886 4649 4622 1 0 0 3 
3.10669 5 3.40615 -0.031957 -0.380615 0.339456 3.85866 22 887 3152 3151 1 5.07193 5.07193 49 
-5 1.88695 4.45618 0.316748 -0.366465 -0.16277 3.90167 22 888 7661 7627 1 0.271014 0.271014 27 
-3.80106 4.70899 5 0.265108 -0.168116 -0.340371 4.22449 22 889 7323 7322 1 0.510708 0.510708 25 
3.69905 -0.43647 -5 0.125183 -0.191601 0.429579 3.7755 22 890 6402 6315 1 2.77975 2.77975 39 
5 0.457812 -3.82952 -0.0905611 0.156681 -0.10853 3.9014 22 891 5107 4919 1 4.90468 4.90468 11 
4.07355 5 -0.338665 0.286999 -0.922152 -1.0276 3.84001 22 892 1379 1294 1 4.06238 4.06238 131 
-2.49922 -2.18614 -5 -0.00796419 -0.299678 0.198748 3.88022 22 893 2321 2267 1 0.0934064 0.0934064 15 
-2.08946 4.87037 -5 0.0813376 -0.208529 0.459369 3.77191 22 894 6610 6609 1 5.92333 5.92333 41 
-5 4.16324 -4.82814 0.028127 -0.411956 -0.301033 3.84465 22 895 8852 8833 1 7.27189 7.27189 33 
-5 2.88471 -1.63902 0.104869 -0.0479249 -0.0420697 3.82362 22 896 4332 4306 1 0.352335 0.352335 51 
-4.46047 -3.63998 -5 0.133908 -0.206904 0.402283 3.7734 22 897 4097 4096 1 0.485633 0.485633 48 
-4.96632 5 4.41212 0.197167 -0.116077 1.45541 3.78579 22 898 2662 1 1 0.0678928 0.0678928 8 
-4.97041 5 -0.901959 2.18692 -8.01278 5.87568 3.80229 22 899 5076 5004 1 0.173641 0.173641 24 
0.219179 5 -3.71151 0.109694 -0.192263 0.29254 3.76246 22 900 1323 1205 1 17.3869 17.3869 272 
0.382453 1.0407 -5 -0.171893 -0.14875 1.06269 3.75588 22 901 1440 1073 1 19.1705 19.1705 341 
-5 3.28102 0.398062 0.21417 -0.0133085 0.095846 3.84536 22 902 6248 5665 1 1.2715 1.2715 38 
-1.62132 5 -2.68907 -0.121612 -0.22649 -0.224706 3.87886 22 903 5609 5529 1 2.92437 2.92437 63 
-4.60962 -3.2029 5 0.196271 -0.217872 -0.0253187 3.87925 22 904 3152 3151 1 0.801097 0.801097 48 
-3.36874 3.00643 5 -0.146716 0.0800264 -0.482898 4.02077 22 905 2811 2810 1 7.84729 7.84729 66 
-5 -0.828137 4.71682 0.116734 -0.119224 0.06461 3.82984 22 906 2639 2404 1 1.85112 1.85112 55 
-2.77062 5 -0.436713 -0.228793 -0.445209 -0.102773 3.82005 22 907 8474 8471 1 0.510551 0.510551 37 
3.3968 -4.47875 -5 0.574902 -1.08102 3.22477 3.77861 22 908 14335 14301 1 0.401247 0.401247 7 
-5 -1.38499 -1.50863 0.10001 -0.380262 0.283856 3.79566 22 909 2313 1 1 0.504987 0.504987 34 
-5 4.48319 3.08328 0.317239 -0.915297 0.995633 3.81124 22 910 2052 2041 1 1.21844 1.21844 55 
3.43955 -1.2891 -5 0.78717 -0.454762 1.6384 3.78518 22 911 18457 18192 1 0.820932 0.820932 7 
-4.98869 3.12463 5 -0.0511313 -0.336859 -0.292414 4.01474 22 912 12088 12055 1 0 0 4 
3.13339 5 -0.106436 -0.0111702 -0.300286 -0.0610309 3.79295 22 913 2621 2479 1 17.9773 17.9773 281 
-5 3.50275 -3.48684 0.440509 0.0588455 0.252208 3.81435 22 914 2224 2223 1 18.612 18.612 216 
1.52509 2.0669 5 0.0239012 -0.0220122 -0.235329 4.2639 22 915 4571 4445 1 1.67346 1.67346 65 
-2.32898 2.15044 5 0.314601 -0.140867 -0.37723 3.99805 22 916 1572 1571 1 5.30735 5.30735 34 
-5 4.94238 -3.58464 0.22666 -0.0704413 0.369673 3.87387 22 917 8605 8604 1 4.05768 4.05768 12 
4.14634 4.54536 -5 0.494943 -4.28539 13.5019 3.75669 -11 918 1206 1205 1 9.63732 9.63732 119 
-4.64919 -3.36143 5 0.23823 -0.89475 -1.60245 4.04266 22 919 2751 2728 1 10.2033 10.2033 99 
-4.27227 5 3.49304 -0.154132 -0.07896 -0.0855609 3.79623 22 920 7610 7590 1 0 0 8 
-5 1.67649 -4.33906 0.13868 -0.456899 -0.176476 3.84987 22 921 9591 9556 1 0.474453 0.474453 32 
-0.280587 5 3.27657 0.139475 -0.918854 0.707155 3.83802 22 922 9219 9218 1 0.230433 0.230433 22 
-5 3.41722 4.31083 0.347624 -0.508102 0.438179 3.82034 22 923 22139 22077 1 0 0 6 
-0.460217 0.919954 5 0.0142758 -0.237761 -0.168813 3.89046 22 924 6068 5772 1 3.73635 3.73635 111 
-5 2.71239 4.91451 0.161515 0.030819 -0.108848 3.99897 22 925 1635 1634 1 3.17304 3.17304 42 
-1.72409 5 2.65803 0.110262 -0.216848 0.310696 3.879 22 926 3971 3938 1 0.347148 0.347148 44 
0.21211 -2.38237 5 -0.289867 -0.483219 -0.105008 3.96065 22 927 2305 2304 1 1.04844 1.04844 10 
-5 2.82404 -0.945529 0.187571 -0.614934 0.497884 3.79941 22 928 13511 12888 1 0.293807 0.293807 25 
4.79101 5 -3.60357 -0.304757 -0.161776 -0.0694683 3.80972 22 929 7562 7561 1 11.8254 11.8254 218 
-2.361 5 2.39031 0.217746 -0.485977 -0.0208256 3.81952 22 930 5424 5423 1 1.63866 1.63866 81 
-4.10215 5 2.34322 0.114085 -0.386849 0.123894 3.85696 22 931 13271 13269 1 0.18955 0.18955 32 
-0.706136 1.76634 5 0.0343896 -0.243478 -0.447946 3.85656 22 932 1283 1282 1 5.28946 5.28946 99 
-5 0.558821 1.06046 0.14283 -0.233315 0.634139 3.79686 22 933 5269 5200 1 0 0 6 
0.346407 5 3.15466 0.236745 -0.419491 -0.170584 3.93921 22 934 5643 5620 1 0.532762 0.532762 31 
4.77494 -1.73271 5 0.156977 -0.555096 -1.20887 4.12905 22 935 9517 9474 1 5.88846 5.88846 89 
-3.94426 5 1.95994 0.353469 -1.02714 0.90412 3.80092 22 936 2354 2353 1 0.452114 0.452114 45 
2.41158 5 -0.811097 0.467017 -0.102779 0.180142 3.82704 22 937 5269 5268 1 1.03234 1.03234 56 
-2.45669 4.27263 -5 0.00636587 -0.0385144 0.25548 3.83329 22 938 2429 2409 1 0.768533 0.768533 64 
1.57276 5 0.764378 0.0384582 -0.941242 0.834815 3.80957 22 939 16517 15638 1 0.636048 0.636048 41 
-1.43767 -3.57667 -5 -0.0505673 0.106641 0.176973 3.80934 22 940 1020 1 1 0 0 8 
-5 0.206533 4.28311 0.530331 -0.48412 0.365403 3.82314 22 941 8349 8027 1 2.14709 2.14709 22 
-0.224008 2.25387 5 0.060655 -0.504233 -0.0564839 3.89095 22 942 4891 4853 1 1.19115 1.19115 53 
1.92253 2.68797 -5 -14.8681 -23.2481 37.2216 3.75309 11 943 1730 1433 1 143.33 143.33 1163 
5 0.230562 -2.02177 -0.443183 -0.231524 -0.105382 3.93527 22 944 1170 1168 1 0.395734 0.395734 12 
-5 4.76386 4.46296 3.1784 -1.27617 -0.590598 3.82434 11 945 14047 13866 1 0.919544 0.919544 5 
4.85721 5 -2.52794 2.59154 -6.76317 7.45336 3.77509 22 946 16889 16862 1 0 0 7 
-5 3.25395 1.89034 0.390855 0.163195 0.841688 3.77892 22 947 1001 1 1 7.18548 7.18548 67 
0.184613 4.8267 5 -0.209813 -0.0919023 -0.0628566 3.84015 22 948 5108 3939 1 0.11304 0.11304 12 
-3.20158 2.1586 -5 0.244413 -0.266024 0.103788 3.79117 22 949 9982 8393 1 0.649659 0.649659 38 
-3.59443 -0.954142 -5 0.302494 -0.374526 0.171312 3.78847 22 950 4972 4971 1 1.62682 1.62682 81 
-1.71453 5 -1.94363 0.225149 -0.358006 0.411088 3.78591 22 951 2873 2820 1 6.14057 6.14057 56 
1.88625 2.28402 -5 0.112657 -0.364303 0.340164 3.80076 22 952 1623 1622 1 10.5906 10.5906 128 
-3.68843 2.72477 -5 0.373805 0.212043 0.21606 3.9396 22 953 2432 2379 1 2.95734 2.95734 46 
1.30647 5 2.13465 0.0398215 -0.21796 0.194332 3.82265 22 954 11383 11382 1 1.72557 1.72557 27 
-2.01972 4.72883 -5 -4.27103 0.686214 5.83316 3.78671 11 955 1 0 1 1.12858 1.12858 20 
4.90659 -1.80597 -5 -0.0011205 -0.146181 0.14818 3.80049 22 956 6127 6126 1 27.4663 27.4663 243 
-1.82564 4.26774 5 0.0708306 -0.221897 -0.258875 3.87922 22 957 3725 3724 1 0.808972 0.808972 48 
0.381458 5 1.78691 -0.177471 -0.393113 0.736481 3.79715 22 958 6953 6848 1 1.1609 1.1609 75 
2.66371 5 -1.7961 0.251214 -0.340738 0.424274 3.77993 22 959 5218 3271 1 3.90873 3.90873 61 
-5 -4.28374 -0.612461 0.0376006 -0.497858 -0.108829 3.91349 22 960 1551 1550 1 0 0 7 
2.53671 5 -3.10127 0.664914 -0.651631 -1.14087 4.06671 22 961 1214 1178 1 0.916668 0.916668 72 
-3.60103 2.43459 5 0.363466 0.14301 -0.329486 3.84011 22 962 10370 10369 1 0.549356 0.549356 22 
-0.915681 5 -1.58023 0.028187 -0.179904 -0.0941132 4.08344 22 963 12162 12161 1 0.204749 0.204749 18 
3.62801 -1.86687 -5 0.186398 -0.379158 0.760959 3.77386 22 964 2618 2500 1 0.737887 0.737887 25 
-4.69095 -3.47544 5 0.14034 -1.14378 -0.740881 3.89446 22 965 26494 26394 1 0 0 2 
-5 -4.5931 4.36838 8.75007 -5.5944 3.72085 3.82668 11 966 1 0 1 0.366287 0.366287 38 
0.749281 4.24973 -5 0.272783 -0.201262 0.447978 3.78892 22 967 13562 13532 1 0.202054 0.202054 10 
0.419384 5 -4.40877 0.253747 -0.242111 -0.214271 3.88164 22 968 16215 16161 1 0 0 7 
-4.71517 2.75835 -5 -0.236222 -0.66061 1.17148 3.77434 22 969 2545 2524 1 0 0 7 
-5 -1.5777 4.64914 0.260694 0.0178205 -0.0967779 3.8205 22 970 7865 7833 1 0.296095 0.296095 36 
-5 3.04536 4.77172 0.618274 -0.135395 0.457836 3.80187 22 971 1244 1 1 0.904424 0.904424 31 
-0.561898 5 1.88656 2.40233 -5.77963 12.7145 3.7931 22 972 1466 1449 1 3.00087 3.00087 75 
2.85592 4.41851 -5 0.224879 -0.105687 1.29781 3.75665 22 973 1964 1517 1 31.424 31.424 426 
-2.7517 -0.418327 -5 1.54214 -0.576444 1.23355 3.82416 -11 974 5244 5243 1 1.90334 1.90334 5 
-4.70381 5 -4.10489 0.183418 -0.295409 -0.374448 3.91056 22 975 1401 1400 1 5.36808 5.36808 99 
3.99195 -1.51144 5 0.146678 -0.230701 -0.391393 4.2112 22 976 8459 8458 1 6.40243 6.40243 47 
-5 2.3258 -1.44057 2.68504 0.0966208 1.93249 3.81892 11 977 13272 13230 1 9.69847 9.69847 109 
2.66646 1.63605 5 -1.01818 -1.47318 -1.34946 3.85089 22 978 4079 4055 1 0.900947 0.900947 92 
4.14327 -0.377941 5 1.07518 -0.196858 -1.07085 4.03911 22 979 1193 1144 1 6.13572 6.13572 84 
0.33214 5 -3.60778 0.102784 -0.493678 0.00756419 3.82913 22 980 14987 12254 1 0 0 5 
2.63127 5 2.50119 -0.0352343 -0.181605 -0.392751 4.12922 22 981 1323 1322 1 15.0016 15.0016 205 
-5 1.15111 -0.346475 0.190513 -0.348711 0.254287 3.82169 22 982 8001 8000 1 0 0 4 
-5 0.147458 2.29074 0.0913072 -0.105573 0.102956 3.87371 22 983 3144 3120 1 6.81686 6.81686 128 
3.25947 5 -3.85862 0.263207 -0.423556 -0.208724 3.85088 22 984 1480 1424 1 0.680046 0.680046 60 
3.24467 -3.75339 -5 3.40159 -7.19211 9.49367 3.78349 22 985 33678 33649 1 0.352837 0.352837 34 
-0.0600444 -2.54507 -5 0.236783 -0.58905 2.85601 3.75972 22 986 1373 1 1 3.01957 3.01957 7 
-3.76878 2.77107 -5 -0.187558 -0.561426 1.11183 3.76339 22 987 8323 8270 1 10.4131 10.4131 49 
5 -1.79224 2.1859 -0.247659 -0.324922 0.564643 3.8272 22 988 2110 2032 1 0.0451791 0.0451791 13 
5 1.52881 -4.36068 -0.246337 -0.0590603 0.133571 3.82592 22 989 6143 6070 1 0.65682 0.65682 47 
-3.2202 -4.29013 5 0.178512 0.0870604 -0.278773 4.01972 22 990 3763 3760 1 0.611356 0.611356 58 
-0.598566 5 1.93594 7.29136 -28.2216 76.7911 3.77796 -11 991 4916 4915 1 6.46092 6.46092 90 
-2.19038 5 1.68269 0.227938 -0.0305303 0.275365 3.79783 22 992 7663 7635 1 0.147818 0.147818 35 
2.01691 -3.7185 5 -0.473866 0.0532294 -0.183678 4.03707 22 993 10578 10577 1 0 0 11 
-0.507535 5 -0.666696 1.53351 -3.57021 7.87231 3.7781 22 994 2806 2683 1 19.5803 19.5803 354 
2.00742 -2.02196 -5 3.56661 -4.27026 13.6635 3.77038 22 995 1227 1 1 0.485492 0.485492 28 
-3.85605 3.70603 -5 0.521898 -0.640273 2.30102 3.76405 22 996 3768 3690 1 0.412827 0.412827 16 
1.69576 -3.80681 -5 0.0910831 -0.0904891 0.205776 3.78299 22 997 2706 1194 1 0.473545 0.473545 73 
-5 -0.117022 4.64957 0.205336 -0.317511 -0.295546 4.0135 22 998 33266 33265 1 0 0 2 
0.35446 -0.874771 5 0.0313921 -0.253476 -0.442588 4.11999 22 999 4371 4370 1 0.221858 0.221858 17 
-2.93588 5 -2.09889 4.09392 -14.534 16.1566 3.7935 22 1000 2578 2432 1 0.0276374 0.0276374 9 
