# Det6_8_16
#x y z Px Py Pz t PDGid EventID TrackID ParentID Weight Edep VisibleEdep Ntracks
0.825356 4.46617 -5 0.136632 0.446908 0.248694 3.93102 22 1 2591 1 1 0.602238 0.602238 16 
-4.79469 -3.79827 5 0.233096 -0.0613142 -0.151974 3.94742 22 2 15640 15538 1 5.40495 5.40495 82 
-5 4.70745 2.58011 0.113316 0.0337537 0.216593 4.01326 22 3 3152 3151 1 0.00519085 0.00519085 7 
-0.896887 -5 1.12063 -0.0820441 0.92114 0.237528 3.96648 22 4 14377 14353 1 0.184269 0.184269 10 
-3.38682 3.9552 -5 0.242771 0.439646 1.445 3.88996 22 5 15857 15826 1 0.291272 0.291272 25 
-5 -3.66835 -3.61676 1.88355 0.0577429 0.164806 3.91677 22 6 3050 3049 1 0.791971 0.791971 98 
0.159566 -5 2.6696 0.324905 0.190391 0.0710352 3.95215 22 7 2509 2406 1 1.32037 1.32037 73 
3.59327 3.59262 -5 0.04497 0.662024 0.581502 3.90315 22 8 2737 2456 1 0.138338 0.138338 48 
0.64449 -5 1.29708 0.273312 0.505438 0.351525 3.93344 22 9 23236 23005 1 0.426621 0.426621 38 
3.01742 -2.49886 -5 0.428561 1.95175 1.20167 3.91221 22 10 4814 4813 1 0.53482 0.53482 9 
-0.43812 -5 -1.11048 -0.0631947 0.137017 0.0191678 3.92674 22 11 3329 3230 1 6.89949 6.89949 93 
-1.50223 -5 -3.00457 0.0385634 0.303253 0.0326568 3.93578 22 12 19192 19187 1 0 0 2 
4.50773 4.49041 -5 0.038882 0.318341 0.65473 3.87836 22 13 3408 3230 1 2.16256 2.16256 80 
-0.914593 3.35551 -5 -0.0992367 -0.0121464 0.333835 3.87484 22 14 21623 21561 1 2.50581 2.50581 69 
-1.01608 -3.88664 5 0.101818 0.268215 -0.404502 4.17455 22 15 5243 5161 1 0.545387 0.545387 6 
-3.2188 -5 1.6309 0.0500199 0.239663 0.510436 3.8893 22 16 5592 3394 1 0 0 4 
0.853766 -5 2.20151 0.217129 0.363908 -0.0996449 4.05037 22 17 18247 18217 1 0.115606 0.115606 4 
-5 4.73056 1.58831 0.674354 3.07929 9.13417 3.88614 22 18 2399 2398 1 0.571108 0.571108 16 
-4.98831 -5 2.57078 -0.313289 0.388893 0.0944208 3.95548 22 19 19571 19492 1 0 0 3 
-0.403225 -5 -1.07597 0.324858 0.392686 0.03722 3.96054 22 20 16018 15997 1 0 0 1 
-5 -4.78314 3.21708 0.200257 0.768961 -0.102321 4.0196 22 21 17452 17392 1 0 0 2 
-0.560066 -5 4.56047 0.198445 0.21854 0.482615 3.90471 22 22 6284 6282 1 0.528472 0.528472 31 
1.86858 4.48673 -5 0.178763 0.84537 2.38635 3.87056 22 23 10753 10335 1 0.474382 0.474382 22 
-0.926822 -1.73585 5 -0.553171 0.819812 -0.240997 4.06097 22 24 3396 3337 1 0.214164 0.214164 36 
-5 1.397 -4.38747 0.388166 0.0690124 -0.282576 4.09248 22 25 12445 12369 1 0.51072 0.51072 22 
3.01985 -5 4.55531 0.0366241 0.408189 -0.0857185 4.1074 22 26 7164 7163 1 1.93277 1.93277 61 
-0.560339 -5 4.79196 0.224339 0.308723 -0.303889 4.0791 22 27 15315 15313 1 0 0 1 
0.989756 -5 -4.60905 0.177922 0.0835532 -0.134928 3.99147 22 28 1711 1646 1 0.558779 0.558779 34 
2.22765 -5 -2.06296 0.257544 0.332137 -0.290647 3.998 22 29 7667 7664 1 0.0903407 0.0903407 8 
5 -0.596671 3.82211 -0.159055 0.116318 0.0779563 4.17099 22 30 26098 26096 1 0 0 2 
-1.97766 -5 -3.73834 0.0546125 0.507066 0.915684 3.86865 22 31 4531 4330 1 0.469356 0.469356 69 
2.67641 -3.22333 -5 0.420067 0.638706 2.17287 3.86993 22 32 2349 2178 1 4.20344 4.20344 25 
3.01773 0.505005 -5 0.270415 0.398974 0.169751 3.911 22 33 1497 1477 1 0.288545 0.288545 58 
5 -3.09818 -3.07773 -0.0686967 -0.0932439 0.672542 3.88317 22 34 2499 2363 1 0.228405 0.228405 39 
4.88577 -5 -2.90923 0.468529 0.866173 -0.552748 4.07478 22 35 2887 2826 1 0.307804 0.307804 29 
4.56265 2.17144 -5 0.142872 0.0388056 0.446274 3.88249 22 36 2818 2817 1 0 0 8 
-5 -4.07949 -1.82497 8.80915 -4.07274 7.91346 3.93939 22 37 8062 8061 1 0 0 1 
-4.4666 -5 3.01966 0.0255532 0.381776 -0.178681 3.97248 22 38 11045 11044 1 0.095024 0.095024 9 
-5 -4.31111 -1.22776 0.0655418 0.450771 0.276447 3.92002 22 39 15575 15256 1 1.04577 1.04577 26 
-4.23945 -5 -1.11118 0.188942 0.167084 0.444414 3.90291 22 40 3506 3503 1 1.15785 1.15785 28 
1.86839 -5 -2.18182 0.0301182 0.254184 -0.132746 3.98814 22 41 21201 21121 1 1.49175 1.49175 7 
2.4425 3.66758 -5 0.612439 1.84506 4.91274 3.87415 22 42 6263 6137 1 0.752897 0.752897 68 
-1.15055 -5 2.95118 -0.241671 0.413127 0.178999 3.92873 22 43 3979 3955 1 0.086067 0.086067 10 
0.0228044 -5 -3.47133 0.180332 0.401756 -0.259215 4.04075 22 44 16549 16547 1 0 0 1 
4.06229 -0.771888 -5 0.081336 0.401076 0.833776 3.88132 22 45 7049 6683 1 0 0 6 
4.68614 -3.88201 -5 -0.143735 1.99986 4.00757 3.86629 22 46 1416 1 1 0.577488 0.577488 33 
-4.06919 -5 -2.74388 -0.192941 0.463853 0.386251 3.91057 22 47 4515 4456 1 3.96422 3.96422 91 
-1.15061 -5 0.282522 -0.358092 0.225646 -0.102404 3.99781 22 48 12065 12032 1 1.01296 1.01296 36 
-4.84016 -5 -4.55891 0.237041 0.472649 0.451382 3.90424 22 49 6682 6146 1 0 0 3 
1.88081 -5 3.20393 -0.0671743 0.187689 0.121693 3.9773 22 50 8064 8062 1 1.11645 1.11645 15 
-1.05777 3.09078 5 0.146862 0.30775 -0.38058 4.16729 22 51 4795 4793 1 0.142582 0.142582 41 
2.05354 -0.61536 -5 6.01523 7.0685 10.5426 3.87815 22 52 2687 2609 1 2.1404 2.1404 14 
0.37097 -3.86289 5 0.159087 0.169846 -0.454932 4.03123 22 53 4222 4220 1 0.296915 0.296915 5 
-3.21674 -5 0.610853 -0.584953 0.157577 0.234855 3.90671 22 54 3116 3083 1 0.47969 0.47969 86 
-2.83934 -5 -4.84848 -0.104835 0.411383 0.284418 3.97141 22 55 22896 22895 1 0 0 2 
1.42375 -5 1.27859 -0.0382891 0.0995472 0.102448 4.18963 22 56 2863 2860 1 0.441498 0.441498 31 
-2.31526 -5 -3.07557 -4.30944 0.375023 -0.489213 3.89374 11 57 2513 2037 1 3.56365 3.56365 41 
0.934991 -5 2.80512 0.00416835 0.426063 -0.282086 4.08214 22 58 4853 4852 1 0 0 2 
-3.3957 -3.99051 5 0.10679 0.164687 -0.471799 4.08465 22 59 13009 13007 1 0.230274 0.230274 27 
-5 -4.9607 3.22401 4.13905 1.62314 7.07615 3.92232 22 60 25737 25736 1 0 0 1 
5 -1.12681 1.39172 -0.477845 0.315569 0.305503 3.927 22 61 20490 20489 1 0 0 3 
3.53446 -5 -1.48155 0.113178 0.423459 0.191221 3.93609 22 62 21554 21542 1 3.49003 3.49003 50 
2.40551 -5 -2.31669 -0.0105043 0.205726 -0.102456 3.94853 22 63 3886 3792 1 0.175622 0.175622 8 
-0.0754779 -5 0.179472 0.347633 1.73139 0.862391 3.91715 22 64 8563 8414 1 0.259262 0.259262 10 
2.44635 -5 2.21526 0.113304 0.130816 -0.231394 3.99483 22 65 9075 8933 1 0.675874 0.675874 33 
1.95941 -5 3.37841 -0.182909 0.471387 0.0738792 3.94162 22 66 6016 5979 1 0.179516 0.179516 47 
4.5063 -0.521725 5 1.54642 0.901671 -1.5471 4.09677 22 67 1582 1539 1 1.71503 1.71503 26 
-5 2.18806 4.48715 0.796432 2.78796 -0.188093 4.00126 22 68 8545 8516 1 0.738354 0.738354 56 
-5 1.82848 -0.720441 0.245323 0.395588 0.801845 3.88984 22 69 2435 2428 1 0 0 14 
-2.31252 -4.762 -5 0.150651 0.420974 0.0764477 3.92928 22 70 3040 3039 1 0.271707 0.271707 10 
-4.79885 -5 -1.7454 -0.114549 0.377554 0.29619 3.8807 22 71 2959 2440 1 3.36583 3.36583 169 
4.37554 -3.84325 -5 0.169376 0.370899 0.308003 3.89735 22 72 1742 1710 1 0.024727 0.024727 11 
3.90692 2.7389 -5 0.241607 -0.00621035 0.296572 3.93804 22 73 20090 20089 1 0 0 6 
-5 -0.491432 2.93566 0.411428 1.1884 3.87616 3.89386 22 74 19165 19033 1 0 0 9 
-3.17726 -5 -3.61989 0.16964 3.37075 6.48835 3.87495 22 75 16761 16691 1 8.40382 8.40382 128 
1.9939 -5 -1.0563 0.269647 0.669108 0.709342 3.87802 22 76 4204 3920 1 7.95621 7.95621 273 
-0.206169 -0.919092 -5 0.0290983 0.0724935 0.298076 3.86438 22 77 1442 1241 1 1.16518 1.16518 64 
-4.19357 -5 0.741618 0.136881 0.481896 0.100793 3.94891 22 78 11025 11024 1 2.27784 2.27784 92 
-4.77554 -5 3.70267 0.142028 0.237289 0.33917 3.92821 22 79 3524 3469 1 0 0 4 
-4.82195 -5 3.68111 -7.16381 23.9661 9.11287 3.91384 11 80 6217 6068 1 2.12624 2.12624 68 
-4.70189 -5 -4.60118 0.916726 1.06821 0.636424 3.89303 22 81 3760 3698 1 9.5006 9.5006 113 
1.18789 -3.7211 -5 0.413926 0.666817 0.997731 3.89496 22 82 2099 2081 1 0.525122 0.525122 27 
-5 -1.01179 -1.00917 0.328173 -0.318597 -0.227856 3.976 22 83 1026 1025 1 0.556641 0.556641 13 
5 -2.71989 3.76992 -0.105661 0.472237 0.164158 3.98469 22 84 3547 3525 1 4.14012 4.14012 9 
0.14316 -5 -3.10627 0.0966334 0.294121 -0.40654 4.14872 22 85 2928 2927 1 0.705155 0.705155 42 
-4.50152 -3.15997 -5 0.566464 1.23148 3.12094 3.87146 22 86 14419 14259 1 0 0 5 
1.33746 -0.943142 5 22.8409 10.0813 -14.6712 9.73531 2112 87 2120 2056 1 0.379737 0.379737 28 
2.57585 -5 0.00708883 0.100629 0.213431 0.165366 3.94235 22 88 5579 5516 1 0.283258 0.283258 14 
-5 -0.566537 -3.27202 0.169208 0.109102 -0.250752 4.02509 22 89 3999 3970 1 1.0214 1.0214 9 
5 0.757348 3.43126 -0.349049 0.197619 0.0209152 3.93284 22 90 1034 1 1 0.969203 0.969203 113 
-5 -0.868762 1.01252 0.428494 0.277622 -0.0209555 4.01273 22 92 6947 6915 1 0.713904 0.713904 57 
2.47348 -5 4.46423 0.455083 0.794908 0.14488 3.98608 22 93 2720 2654 1 0 0 4 
1.13857 -1.35858 -5 -0.182934 0.176029 0.443474 3.87768 22 94 1210 1190 1 9.75091 9.75091 61 
-2.78581 -5 -1.56202 0.24889 0.967004 -0.532483 4.00822 22 95 6764 6763 1 0 0 1 
5 4.69413 -1.65736 -0.160501 -0.0715488 -0.0601354 4.15125 22 96 13779 13673 1 0.393607 0.393607 35 
1.15449 -5 -1.51472 0.346043 0.252705 0.278415 3.93664 22 97 4952 4951 1 0 0 5 
-1.39765 0.214964 -5 0.21375 0.89811 2.12308 3.8774 22 98 11896 11597 1 4.17725 4.17725 39 
-3.05593 4.42802 -5 0.250217 2.3585 2.53776 3.90555 22 99 13968 13929 1 0.163641 0.163641 29 
-1.3987 -5 -3.11586 0.125614 0.0532744 0.150804 4.16617 22 100 27437 27436 1 3.18317 3.18317 38 
-5 4.58746 1.20776 0.0444917 0.43138 0.0441866 3.94969 22 101 10481 10353 1 0.87158 0.87158 52 
4.26929 -5 4.55792 0.101052 0.535433 0.340827 3.91713 22 102 3733 3647 1 0.990723 0.990723 30 
-0.754154 -5 -2.09741 -0.0803554 0.274668 0.117477 3.91485 22 103 3103 3053 1 0 0 6 
-2.96015 -5 -4.66103 0.836717 0.247788 0.261987 3.90416 22 104 4609 4373 1 0 0 3 
2.73135 2.78871 -5 0.231776 0.430457 1.27462 3.87275 22 105 4218 4007 1 0.833888 0.833888 85 
4.24036 -5 -3.92982 0.0281752 0.474739 -0.186945 3.90526 22 106 19674 19673 1 0 0 3 
2.01658 -5 -4.22204 0.410352 0.347407 0.0975276 3.90737 22 107 11865 11864 1 0.187832 0.187832 3 
-1.34655 -2.42412 -5 0.201777 -0.0410731 0.57629 3.86127 22 108 1140 1 1 2.14536 2.14536 57 
-0.208692 -5 -0.0948998 0.22179 0.555362 2.00511 3.88357 22 109 1187 1 1 0.331683 0.331683 23 
3.38806 -4.84991 -5 0.155725 0.533307 0.520426 3.87823 22 110 5196 4943 1 1.04 1.04 48 
1.55909 -5 3.89697 0.066652 0.521402 0.520641 4.03329 22 111 14867 14767 1 0.981452 0.981452 28 
4.06765 -3.55875 -5 0.281248 0.0919666 0.549664 3.87717 22 112 18443 18245 1 0.485179 0.485179 44 
-2.57139 5 1.94417 -3.63762 -1.82783 -2.41576 3.90135 -11 113 2400 2399 1 15.0735 15.0735 204 
-4.60126 -5 3.26859 -0.211121 0.462014 0.0265505 3.93809 22 114 3933 3932 1 2.91232 2.91232 50 
-0.628411 -5 2.88696 0.0389956 0.337913 0.408924 3.90899 22 115 2124 2074 1 0.367089 0.367089 24 
-3.55809 -5 -1.51297 0.25415 0.344228 0.322603 3.91456 22 116 7077 6823 1 0 0 4 
4.79648 -5 2.53554 0.25403 0.718219 -0.541771 4.11411 22 117 42139 42138 1 0.327364 0.327364 38 
-2.52964 -0.659678 5 -0.0499256 0.422828 -0.282566 4.05123 22 118 24800 24799 1 0.789637 0.789637 64 
-0.977887 -5 0.652514 0.0288737 1.15807 0.7435 3.92802 22 119 2138 2137 1 4.17967 4.17967 75 
2.28988 -5 2.16251 0.169302 0.631414 2.50196 3.88997 22 120 2064 1885 1 0 0 6 
-3.68666 -5 2.39473 0.334037 0.595605 -0.104704 4.96761 22 121 3051 2980 1 0 0 2 
4.0919 0.61554 -5 0.171488 0.188166 0.0173178 3.92028 22 122 9369 9341 1 0 0 1 
-2.55933 1.11952 -5 -0.254387 0.28184 0.548793 3.89044 22 123 3320 3125 1 0 0 6 
-5 -1.78987 -1.74653 0.685257 1.83685 -0.736067 4.04833 22 124 1633 1585 1 0 0 6 
-3.89322 -5 3.15725 0.0131771 0.442256 0.255647 3.93835 22 125 3027 3001 1 0.259778 0.259778 38 
2.01569 -4.96446 -5 0.227661 1.06281 1.42247 3.88137 22 126 14943 14401 1 1.63246 1.63246 12 
-3.38545 -1.43403 -5 0.4568 1.20282 1.33037 3.88897 22 127 2768 2753 1 0.295747 0.295747 7 
1.41102 -4.09218 -5 0.259734 0.358637 0.255025 3.92851 22 128 43583 43582 1 0.299366 0.299366 5 
2.39525 -5 3.62693 -0.00575055 0.133926 0.0279862 3.91723 22 129 1081 1 1 0.484195 0.484195 46 
1.37099 0.122776 5 0.0691547 0.424487 -0.275949 4.09393 22 130 21117 21116 1 0 0 2 
-1.59161 -5 2.63189 0.17369 0.204217 -0.194572 3.98877 22 131 10663 10265 1 0 0 4 
-2.92827 -2.2004 -5 0.18696 0.462698 0.698424 3.89323 22 132 2464 1843 1 0.20589 0.20589 6 
-4.1682 -3.07131 -5 0.0637964 0.243434 0.372534 3.87708 22 133 8514 8229 1 0.4309 0.4309 21 
4.68683 -3.68107 -5 0.253088 0.321238 0.702448 3.87716 22 134 16690 16489 1 0.0438813 0.0438813 6 
4.36692 -5 3.04618 0.318732 0.900027 1.44509 3.90093 22 135 1974 1857 1 0.573515 0.573515 70 
-5 -2.96249 -0.353818 0.30135 1.30007 1.34377 3.91256 22 136 4201 4114 1 0 0 6 
1.31426 -5 4.00321 0.0796472 0.286476 -0.0930486 3.95645 22 137 1855 1789 1 3.69519 3.69519 14 
-2.68654 -5 -3.51856 0.209199 0.686355 0.864312 3.88482 22 138 2159 1820 1 0 0 4 
-0.68602 0.0768681 -5 0.102832 0.211412 0.052686 3.90575 22 139 7806 7672 1 0.952173 0.952173 91 
-5 -0.63433 -0.109205 0.161267 0.661453 -0.0511 3.94139 22 140 1146 1 1 0 0 5 
-5 4.09984 3.21962 0.134997 0.176125 0.0788597 3.98319 22 141 5873 5781 1 0 0 3 
-5 -4.01258 3.78392 0.105556 0.233782 0.0133798 3.96089 22 142 14920 14443 1 0 0 5 
5 0.851026 1.9412 -0.182886 0.322333 -0.104756 3.98581 22 143 7035 3866 1 0 0 5 
-3.55779 -5 -4.02631 -0.310089 0.454278 0.297131 3.90852 22 144 4446 1 1 0.616997 0.616997 6 
1.02329 -2.60175 -5 0.888061 0.979624 4.35568 3.866 22 145 11602 11601 1 0 0 1 
2.22272 -5 4.5992 0.394593 0.257126 0.092217 3.98056 22 146 4116 4085 1 0 0 4 
-4.53901 -0.279462 -5 0.349758 0.68403 0.418511 3.92043 22 147 30011 30007 1 0 0 1 
-3.71163 -0.36872 -5 0.0741555 -0.16973 0.476249 3.91895 22 148 1467 1449 1 0.506998 0.506998 67 
3.98041 -5 -4.75296 0.0233975 0.307795 -0.407228 4.0863 22 149 5844 5842 1 0 0 8 
5 4.47831 -4.10875 -0.445884 0.471841 0.531017 3.92709 22 150 2552 2551 1 0 0 4 
5 -2.84672 -4.59315 -2.35653 -0.523958 1.66511 3.95422 -11 151 2439 2438 1 2.46862 2.46862 12 
2.87615 -5 -4.72845 0.0321325 0.417784 0.0117421 3.96689 22 152 5427 5395 1 10.9824 10.9824 131 
-2.57361 -2.73179 -5 0.0731277 0.339731 1.06377 3.87015 22 153 50021 49664 1 0 0 2 
-5 3.04881 4.94052 0.848621 0.469782 -0.256429 3.98599 22 154 2960 2923 1 2.94279 2.94279 70 
-0.0724932 -1.72816 5 -0.0580949 0.258578 -0.236952 4.09876 22 156 1983 1982 1 0.0429937 0.0429937 9 
4.35396 -2.5442 -5 0.0909601 0.308656 0.39696 3.88476 22 157 4083 4061 1 0.303789 0.303789 11 
3.41643 -4.29441 5 0.102884 0.339351 -0.0573704 3.92507 22 158 2885 2432 1 0.594697 0.594697 28 
3.35751 -5 3.26985 0.0659483 0.430699 0.157543 3.9609 22 159 7583 7500 1 0.479382 0.479382 38 
1.74042 -5 0.890949 0.177868 0.467452 -0.0251047 3.95466 22 160 2654 2653 1 0.817873 0.817873 47 
-0.336723 -3.66194 -5 -0.320756 0.201407 2.83345 3.86583 22 161 1938 1772 1 0 0 3 
-5 1.52112 -1.55849 0.0997439 0.755104 -0.0890627 4.01324 22 162 8713 8677 1 0.294048 0.294048 34 
-0.359149 -5 1.80668 -0.0636323 0.27279 0.310029 3.94361 22 163 14722 14721 1 0 0 5 
-5 -4.47451 -3.51926 0.514039 0.684687 0.0283055 3.95831 22 164 13836 13797 1 0 0 3 
-0.135166 -2.51964 -5 -0.102806 0.244948 0.293718 3.87548 22 165 3923 3533 1 0.112478 0.112478 7 
2.36524 -5 -4.07792 0.0190045 0.111677 0.148532 3.92423 22 166 27326 26263 1 0 0 3 
-0.914865 -5 -0.0839612 -0.315921 0.346164 0.203677 3.98665 22 167 3405 3404 1 0.183942 0.183942 3 
-2.94945 -5 3.6817 0.0255307 0.225383 0.457898 3.92319 22 168 4495 4494 1 1.45555 1.45555 44 
-0.166928 -2.36156 -5 0.454577 0.245615 0.588075 3.90822 22 169 5594 5537 1 0.646299 0.646299 68 
-0.675525 -5 -2.42815 0.743268 2.39299 1.1084 3.94747 22 170 1566 1486 1 0.510579 0.510579 29 
-5 3.47937 -1.20965 0.0714899 1.00456 1.1737 3.90738 22 171 7630 7523 1 0 0 6 
2.69981 -4.82511 -5 -0.0585788 0.0173343 0.386218 3.91089 22 172 28212 28211 1 0.760914 0.760914 38 
-2.70697 0.759836 -5 0.0281479 0.131474 0.52244 3.87085 22 173 1231 1 1 0 0 9 
-3.54096 -2.10015 5 0.0135504 0.0705248 -0.21919 4.02859 22 174 8768 8416 1 0.230269 0.230269 28 
-0.798814 -1.6225 5 -0.175689 -0.0790757 -0.113434 4.01438 22 175 13073 13047 1 2.02893 2.02893 69 
-2.17833 2.36306 -5 0.0154742 0.195133 0.21061 3.90269 22 176 23794 23649 1 0.134557 0.134557 36 
5 3.05391 2.69099 -0.467566 -0.191147 0.0772343 4.18107 22 177 20433 20432 1 0 0 5 
5 0.28983 4.15527 -0.0966988 -0.0562095 0.136995 4.16558 22 178 5520 5519 1 0 0 7 
5 -4.76478 -2.40655 -0.0843601 0.214729 0.392193 3.9155 22 179 39056 39002 1 0.0649802 0.0649802 3 
-3.6737 -5 4.77682 -1.45643 2.48815 0.525124 3.9418 22 180 1277 1200 1 0.67572 0.67572 65 
-3.86289 4.86316 -5 -2.01725 1.62662 14.0553 3.87738 11 181 4594 4528 1 0.707861 0.707861 39 
2.45522 -5 4.84829 0.830886 2.35594 0.470259 3.9741 22 182 14873 14868 1 0 0 8 
2.28013 -3.95441 -5 0.134372 0.21102 0.266298 3.89139 22 183 3350 3301 1 0.156483 0.156483 8 
0.954811 -1.57142 -5 0.230675 0.548096 2.17701 3.86517 22 184 6535 6328 1 1.0963 1.0963 51 
-5 -2.03846 1.09318 0.211441 0.0861944 -0.0586069 3.99768 22 185 11207 11185 1 0.235329 0.235329 28 
4.79393 -2.89096 5 0.0175029 0.567965 -1.89772 4.0027 22 186 3929 3900 1 0.324267 0.324267 17 
1.09379 -1.43731 -5 0.0308559 0.873015 0.100741 4.01891 22 187 4765 4669 1 0.322376 0.322376 39 
-4.06679 -0.56024 -5 0.262605 0.0439881 0.0327437 3.99414 22 188 5505 5504 1 3.17697 3.17697 47 
-3.20181 -5 -2.12282 0.155902 0.486138 0.0220054 4.01873 22 189 24592 24591 1 0.0932554 0.0932554 4 
5 0.81844 -1.13773 -0.427155 -0.227447 0.164093 3.98766 22 190 11279 11278 1 0 0 10 
-1.09455 -5 -2.40111 0.097799 0.16007 -0.0472986 3.92331 22 191 5691 5636 1 0.237709 0.237709 30 
1.01665 -5 0.389313 0.245535 0.233781 0.272784 3.9119 22 192 1445 1399 1 0.117582 0.117582 10 
2.23264 -5 4.54157 0.144735 0.257711 0.202673 3.91541 22 193 2736 2685 1 0.0684286 0.0684286 5 
0.22092 -5 -4.80406 0.172315 0.376046 0.153862 3.91609 22 194 4020 3839 1 1.7575 1.7575 69 
-0.809004 1.41769 5 -0.0153206 0.220172 -0.0631229 4.09796 22 195 13071 13070 1 0 0 3 
4.30625 -5 -4.52839 -0.126815 0.737121 0.771364 3.90391 22 196 3672 3543 1 0.0700224 0.0700224 12 
4.06082 -2.79883 -5 0.189895 0.301382 0.493738 3.8873 22 197 1725 1515 1 1.51272 1.51272 88 
-0.493872 -5 1.31741 -0.114997 0.273994 0.0227893 3.92697 22 198 2528 2527 1 1.76259 1.76259 12 
-1.00989 -5 -3.70257 0.220703 0.349699 -0.300201 4.01057 22 199 10057 10056 1 0 0 1 
-0.0399031 1.16172 -5 0.168164 1.15905 3.61153 3.87131 22 200 23974 23661 1 0 0 3 
3.86763 -5 -2.0745 0.10018 0.168867 0.194542 3.90498 22 201 8889 8823 1 0.474689 0.474689 10 
4.97146 3.87541 -5 1.333 3.11288 1.66943 3.91534 22 202 11947 11946 1 0.954903 0.954903 16 
-4.74721 -3.88263 -5 0.195875 0.296158 0.234458 3.91711 22 203 4603 4595 1 1.28285 1.28285 51 
-4.70031 -5 3.83464 0.213442 0.302836 0.102711 4.06922 22 204 3854 3544 1 0.841186 0.841186 3 
3.99552 -5 -1.49647 -0.0658309 0.383493 0.33124 3.97244 22 205 27494 27493 1 0 0 3 
-2.75022 -5 -0.32483 0.0593857 0.489594 0.133758 3.94088 22 206 3370 3365 1 0.685516 0.685516 40 
-5 -1.3851 0.546809 0.671706 0.107687 0.0319517 3.97286 22 207 13829 13805 1 0 0 4 
4.83738 3.57904 -5 -0.100576 0.24098 0.664098 3.88237 22 208 6153 5913 1 0 0 7 
-5 -4.11912 -2.49989 0.491227 0.723315 0.843426 3.89731 22 209 5045 4949 1 1.21473 1.21473 10 
4.38277 -5 3.56797 0.317575 1.29951 2.43442 3.90051 22 210 1578 1 1 0 0 5 
3.11574 -1.29554 -5 0.0690056 0.343938 0.37157 3.89472 22 211 1126 1125 1 0.645086 0.645086 71 
-0.0945299 -5 -2.70091 0.171093 0.331463 0.208347 3.91187 22 212 2091 1574 1 0.550692 0.550692 66 
3.37 -1.18222 -5 0.20398 0.487741 0.36761 3.91815 22 213 4690 4027 1 0 0 6 
-1.84339 -1.52673 5 0.13796 0.139522 -0.0691339 3.97856 22 214 9526 9407 1 0.277194 0.277194 7 
2.50655 -1.3317 5 -0.0962947 0.34536 -0.364107 4.10435 22 215 2554 2551 1 0.03349 0.03349 17 
-1.40337 -5 1.94177 0.229363 0.663309 0.165566 3.97138 22 216 6733 6732 1 0.170125 0.170125 8 
-3.22815 -5 -1.52633 0.00119328 0.193905 0.42592 3.88208 22 217 26141 25935 1 0 0 2 
0.109818 0.591115 5 0.198475 1.29793 -0.256275 4.00301 22 218 5295 5294 1 0.26883 0.26883 15 
-5 0.632795 -1.09914 0.376212 0.341329 0.0554871 4.02039 22 219 4296 4294 1 0 0 7 
1.40079 -5 0.669748 0.0555293 0.465203 0.397519 3.91354 22 220 5995 5840 1 0 0 2 
0.627802 -3.84668 -5 0.222135 2.87427 10.6797 3.86324 22 221 9038 8956 1 1.57602 1.57602 10 
5 2.47652 -3.20455 -0.0931356 0.265391 0.498921 3.89291 22 222 1110 1074 1 1.02064 1.02064 74 
2.71694 -5 2.48584 0.775316 0.878631 0.0664173 3.93901 22 223 1762 1705 1 0.366862 0.366862 13 
1.62828 -4.4676 5 0.265698 0.279049 -0.335643 4.08823 22 224 2806 2776 1 0.376522 0.376522 52 
-5 1.89703 -3.40352 0.0804486 -0.0136395 -0.158351 3.99611 22 225 12693 12541 1 0 0 2 
-3.6606 0.994303 5 0.0801899 0.274566 -0.290598 3.98076 22 226 14375 14374 1 3.96208 3.96208 78 
-3.08426 -5 2.16081 -0.0490492 2.93168 -1.26861 4.1364 22 227 17411 17410 1 0.0114183 0.0114183 4 
-5 2.46153 -3.04233 0.34917 0.354066 0.117633 3.9612 22 228 5352 5351 1 5.63069 5.63069 39 
-1.00932 -0.857713 -5 0.0419045 0.716322 0.92008 3.89621 22 229 10575 10483 1 0 0 1 
-5 2.74143 4.45785 0.613097 1.46391 2.30938 3.92342 22 230 6095 5784 1 0 0 1 
-4.42343 -1.84563 -5 0.0363823 0.938214 0.970635 3.90298 22 231 18871 18843 1 0.327931 0.327931 34 
0.0234363 -5 -4.12636 0.0552236 0.241918 -0.0895078 4.06457 22 232 8795 8793 1 0 0 4 
2.19802 -5 0.175438 0.245583 0.319537 0.307767 3.89388 22 233 1982 1839 1 0.142244 0.142244 8 
1.8369 -2.92586 -5 0.0444652 0.187746 1.10746 3.85866 22 234 1798 1 1 0.473176 0.473176 18 
-5 0.644777 -3.94968 0.439652 0.0491507 0.255754 3.8891 22 235 6745 6744 1 0 0 4 
1.2859 -0.173035 -5 0.042333 0.236532 0.372042 4.89134 22 236 18968 18967 1 0.450612 0.450612 33 
-5 3.84833 3.09765 0.782398 4.09187 5.49119 3.91259 22 237 3852 3712 1 0.225732 0.225732 23 
2.94342 5 3.61095 0.145534 -0.273743 0.406208 4.00618 22 238 1125 1124 1 0 0 4 
-2.78983 -3.37769 5 0.00321547 0.321118 -0.397483 4.09669 22 239 2290 2288 1 0.880565 0.880565 24 
3.67811 -5 3.57446 0.0974882 0.271745 -0.421628 4.13925 22 240 12451 12450 1 0.0381035 0.0381035 9 
4.07617 -4.11161 -5 0.114932 0.254007 0.233792 3.91011 22 241 22652 22651 1 0 0 3 
4.00472 -5 4.22167 0.437445 0.472932 -0.261577 4.94019 22 242 5424 5422 1 5.70493 5.70493 113 
1.19951 1.85773 -5 0.103386 0.421131 0.270333 3.97778 22 243 10360 10337 1 0.796874 0.796874 37 
1.47485 -5 -2.77729 0.318685 0.684069 0.911655 3.89268 22 244 4064 3854 1 0 0 8 
-4.63932 -0.123437 -5 0.283827 0.338837 0.77604 3.88243 22 245 5491 5445 1 0.584914 0.584914 28 
-1.0314 -5 -2.76623 -0.0543578 0.248563 -0.44315 4.16668 22 246 4072 4070 1 15.73 15.73 116 
-1.72367 -5 2.66346 -0.027429 0.253285 -0.0176816 3.98754 22 247 1284 1 1 0.255019 0.255019 30 
3.63046 -1.03234 5 0.209263 0.15485 -0.246923 4.04132 22 248 10151 10149 1 0.0961008 0.0961008 4 
-2.18542 -5 1.40057 -3.64712 4.09048 2.87064 3.88785 11 249 1685 1220 1 14.6211 14.6211 324 
0.910476 -0.425252 -5 0.132769 0.325004 0.478021 3.91341 22 250 19059 18899 1 0.508662 0.508662 25 
-4.41843 -5 2.1814 0.0979796 0.411863 -0.286162 4.05662 22 251 3354 3326 1 1.02892 1.02892 44 
1.73156 -5 -3.72526 0.197888 0.364848 0.625303 3.89335 22 252 4946 4767 1 0.33991 0.33991 30 
2.6597 -2.22387 -5 -2.11468 0.998724 2.89321 3.86625 11 253 11212 11211 1 8.1434 8.1434 47 
0.863281 -2.84876 -5 0.325955 3.98424 6.13762 3.87596 22 254 2165 2105 1 2.59941 2.59941 10 
1.70295 1.23441 5 0.287333 0.202014 -0.371147 3.94884 22 255 1415 1414 1 0 0 6 
0.502372 5 -0.853098 0.165991 -0.152617 -0.0596021 3.99108 22 256 1474 1362 1 0.735624 0.735624 28 
-4.27751 -5 2.44279 0.0635478 0.631849 0.00797147 3.94248 22 257 9857 9706 1 0.190203 0.190203 7 
-2.99907 -5 -1.01392 -0.267497 0.475317 -0.164979 4.00216 22 258 15954 15900 1 1.06603 1.06603 70 
-5 -3.81356 -2.71791 0.336391 0.237466 -0.121243 4.00468 22 259 10590 10589 1 2.69731 2.69731 53 
-0.954817 -5 2.73006 0.868879 2.661 -0.099549 4.00992 22 260 11505 11454 1 0 0 5 
1.39558 -2.95322 -5 0.0456767 0.243509 0.349588 3.90119 22 261 6244 6224 1 0.850362 0.850362 53 
2.11642 -5 -1.56718 -0.529427 1.64211 2.22548 3.88874 22 262 2927 2607 1 0 0 9 
3.52627 -4.47591 -5 0.407286 0.0689853 0.300798 3.88066 22 263 5644 5621 1 6.94323 6.94323 184 
2.10444 -5 -0.0740135 -0.000370497 0.355485 -0.122788 3.97282 22 264 2944 2902 1 0.529222 0.529222 29 
3.97804 -0.278915 5 0.0356403 0.415827 -0.299429 4.18853 22 265 7457 7456 1 0.824187 0.824187 23 
2.57061 0.148011 -5 0.182165 0.385239 0.278266 3.90164 22 266 1770 1739 1 0 0 4 
-1.50208 5 0.661466 0.0525277 -0.131823 0.234458 3.93377 22 267 3789 3772 1 0.388272 0.388272 45 
-1.10626 4.54988 5 -0.0210848 0.0893752 -0.217218 4.08305 22 268 1173 1078 1 1.00584 1.00584 86 
3.21646 -5 3.90355 0.0232954 0.442001 -0.0215112 3.97636 22 269 1258 1257 1 0.427176 0.427176 7 
-4.65924 -5 -2.81958 0.178551 0.221201 -0.364254 4.08369 22 270 8347 8340 1 0 0 3 
-4.7879 -4.33125 -5 -0.077694 0.0352239 0.31115 3.98982 22 271 10842 10817 1 3.59368 3.59368 29 
-4.23435 -5 -1.75408 0.178117 0.296023 -0.376516 3.92424 22 272 4041 4040 1 2.09511 2.09511 59 
-5 -1.49342 -2.46751 2.9055 1.38854 1.12278 3.93936 22 273 6217 6216 1 1.17201 1.17201 12 
0.899173 -5 3.98211 -0.118149 0.196574 -0.140936 3.94358 22 274 4235 3989 1 2.90569 2.90569 86 
1.23003 -5 -3.98272 -0.0922774 0.479272 0.151338 3.95114 22 275 1209 1208 1 0 0 4 
4.10004 2.85065 5 0.334683 0.257523 -0.287731 4.2896 22 276 4020 4019 1 0 0 6 
-1.34842 4.5578 -5 -0.218612 7.01253 14.1826 3.8767 22 277 4953 4847 1 1.25131 1.25131 48 
-3.94939 -4.10464 5 -0.177249 -0.0418429 -0.477443 4.21729 22 278 9620 9619 1 4.91855 4.91855 121 
-2.2764 -5 -1.67255 0.606335 1.32549 1.5067 3.91426 22 279 1821 1819 1 2.64811 2.64811 49 
-2.55131 -5 -0.79536 -0.06283 0.946785 0.513616 3.91047 22 280 50577 50120 1 0.213176 0.213176 27 
0.470309 -5 -1.80747 0.76332 0.566176 0.885534 3.90595 22 281 9665 9504 1 3.70341 3.70341 14 
-2.48887 -5 1.53376 0.710808 0.976417 1.09415 3.89296 22 282 4506 4282 1 3.68862 3.68862 76 
-5 -3.86951 1.3502 33.2047 46.7276 -6.30493 3.97223 11 284 10781 10380 1 5.5176 5.5176 43 
4.33229 -1.44722 5 0.310861 0.0466328 -0.187186 4.19533 22 285 12745 12743 1 5.385 5.385 49 
-0.0982356 -1.34386 -5 0.769034 0.391682 1.83232 3.88614 22 286 18388 18357 1 0.0296981 0.0296981 12 
-0.679307 -2.38534 -5 0.159754 0.300518 0.66163 3.88071 22 287 5749 5618 1 0.414184 0.414184 2 
3.48405 2.31977 -5 0.142487 0.374805 0.858411 3.88065 22 288 26425 25920 1 0 0 1 
4.99932 1.68663 5 1.14325 2.17737 -1.499 4.12534 22 289 13884 13883 1 2.9294 2.9294 23 
-0.835709 -5 4.48049 0.277216 0.231365 -0.0141023 4.0565 22 290 3112 3110 1 0.360885 0.360885 34 
-2.87456 -5 4.79553 0.19797 0.431598 0.522452 3.9203 22 291 14262 14192 1 0 0 3 
3.16192 -5 -1.75836 0.0522812 0.290441 -0.0198544 3.99098 22 292 5068 5066 1 1.39185 1.39185 14 
-3.66852 -5 -3.47773 -0.245983 0.154552 0.208116 3.98253 22 293 6528 6527 1 2.36855 2.36855 13 
-5 -0.889908 -0.138729 0.834571 1.28114 1.70817 3.90472 22 294 2627 2492 1 0.570704 0.570704 14 
5 -3.27176 -4.47697 -0.399231 0.0620788 0.312859 3.95083 22 295 4383 4381 1 0.411801 0.411801 10 
-5 -4.60915 2.50295 0.231379 0.496305 0.166168 3.92754 22 296 6368 6267 1 8.10702 8.10702 92 
-0.658616 -5 4.77873 0.0191623 3.04353 2.27894 3.93757 22 297 4699 4543 1 0 0 10 
-2.70107 -1.4348 -5 0.232227 0.723033 2.53733 3.86647 22 298 9962 9693 1 0 0 8 
4.87855 2.54554 5 0.147118 0.299463 -0.432934 3.9645 22 299 1030 1 1 1.02205 1.02205 56 
-3.64454 -0.50466 -5 0.357399 0.305469 0.651335 3.89924 22 300 12843 12840 1 0 0 3 
-3.48621 -5 1.2207 -0.0745692 0.152963 0.477169 3.89489 22 301 3883 3737 1 3.85614 3.85614 62 
4.43757 -5 -0.790978 1.17853 2.98111 2.33771 3.92699 22 302 1806 1805 1 0 0 4 
2.99846 -5 -0.18841 0.107523 0.18996 0.0812468 3.92058 22 303 11208 10665 1 1.7057 1.7057 18 
5 -1.94572 4.40399 -0.0789668 -0.130298 -0.0524951 4.04937 22 304 2559 2520 1 1.90594 1.90594 55 
1.66415 -1.71011 -5 -0.00805809 0.343309 0.588776 3.87177 22 305 7321 7320 1 0 0 3 
2.24538 -5 3.24335 0.140895 0.269795 0.825718 3.89532 22 306 9733 9588 1 0.292485 0.292485 28 
-4.19858 -5 2.0973 1.07147 4.76122 4.18794 3.90238 11 307 17751 17722 1 5.59721 5.59721 51 
-0.450481 -5 3.96382 -0.0542081 0.496591 -0.0956736 4.12506 22 308 19791 19758 1 0.0240404 0.0240404 5 
2.70371 -5 -1.24901 0.484798 1.40177 0.34585 3.93792 22 309 18617 18616 1 0.125419 0.125419 13 
4.02939 -4.70352 5 0.18177 0.407262 -0.249433 4.04783 22 311 7858 7857 1 0.149911 0.149911 7 
-1.94724 1.50456 -5 0.150324 1.09437 2.38735 3.87808 22 312 8407 8347 1 0.0122338 0.0122338 13 
-5 -4.12924 -1.64582 0.279468 0.382407 0.0620204 3.90501 22 313 7493 7322 1 5.93389 5.93389 66 
2.11279 -5 0.892188 0.348226 0.750262 -0.301013 4.14992 22 314 1318 1304 1 0.235876 0.235876 28 
-0.00206766 -3.12716 -5 0.577851 0.437079 0.598835 3.88803 22 315 1750 1452 1 2.46306 2.46306 28 
-4.34926 -1.80026 -5 -0.252694 0.759813 0.716382 3.88067 22 316 8527 8437 1 0.488262 0.488262 41 
-4.64734 -1.10832 -5 -0.0937647 1.34656 4.80085 3.86166 22 317 1993 1918 1 0 0 8 
1.9957 -5 -0.513925 0.160671 0.778917 0.614481 3.92423 22 318 5520 5118 1 0.996267 0.996267 21 
-5 3.09601 2.13819 0.365023 0.0349965 0.423775 3.90913 22 319 38210 38162 1 0.245388 0.245388 4 
2.09262 1.17475 -5 -0.0839694 0.0220758 0.150606 4.17785 22 320 5662 5660 1 2.12878 2.12878 61 
0.381311 -5 1.25396 0.135269 0.442555 0.216718 3.93011 22 321 4294 4293 1 0 0 1 
-2.47998 2.60379 5 0.00516231 0.285826 -0.285899 4.21105 22 322 1324 1323 1 0.379113 0.379113 32 
0.494992 -5 4.98469 -0.0500958 0.185963 0.149802 3.99136 22 323 21936 21903 1 0.0043267 0.0043267 5 
-3.52788 -2.47543 5 0.5568 1.16139 -0.864079 4.06447 22 324 7746 7742 1 0 0 4 
0.12514 -5 1.83139 0.292498 0.637157 0.533419 3.92987 22 325 5027 4156 1 1.03152 1.03152 37 
-2.31082 -5 -2.69098 0.17998 0.330121 0.900055 3.86985 22 326 4287 3926 1 9.67304 9.67304 47 
4.44987 -5 -3.93855 -0.101408 0.144512 -0.00972681 4.16525 22 327 5347 5345 1 0.297662 0.297662 40 
-3.41608 -5 -0.749502 -0.595459 5.30809 0.54252 3.94803 22 328 2320 2319 1 0.164746 0.164746 20 
-3.94573 2.49379 -5 -0.353467 0.93372 1.10917 3.89687 22 329 3051 2975 1 0.181887 0.181887 42 
-5 -2.48756 -4.27517 0.356443 0.00628839 0.366099 3.90889 22 330 11267 11266 1 0.33303 0.33303 26 
-0.339521 2.95525 -5 -0.0503098 -0.111719 0.109158 4.25088 22 331 15706 15673 1 1.8234 1.8234 44 
0.984313 4.53852 -5 0.611089 0.964401 2.48839 3.86981 22 332 5855 5691 1 3.29408 3.29408 101 
0.435519 -5 2.32334 0.35846 0.795669 0.0039873 3.9607 22 333 1414 1367 1 1.18472 1.18472 49 
0.659872 -5 -4.50207 0.0755141 0.150141 0.29467 3.8823 22 334 3487 3435 1 1.46152 1.46152 15 
-1.32929 -5 4.17171 -0.361837 1.44158 6.24676 3.89196 22 335 1930 1754 1 0.659962 0.659962 67 
-5 -2.77447 -4.82906 0.383387 0.411493 0.0415452 3.87406 22 336 3814 3785 1 6.73762 6.73762 74 
0.860101 3.6573 5 -0.0203824 0.45099 -0.239401 4.06186 22 337 1294 1293 1 0 0 7 
2.78891 -5 -0.285739 0.358813 0.363783 -0.00592316 3.95785 22 338 33622 33591 1 0 0 2 
-1.52458 -2.12377 -5 0.087863 0.342307 0.397842 3.8856 22 339 6156 5104 1 0.18432 0.18432 6 
-5 0.0910333 4.70092 0.30547 1.11161 2.94813 3.90647 22 340 6601 1 1 0.184723 0.184723 32 
-5 -3.61633 -1.14666 0.320661 0.393067 -0.0616044 4.01301 22 341 7216 7215 1 0 0 1 
-5 -0.25157 -1.28896 1.28454 1.77487 2.57251 3.90627 22 342 2286 2229 1 0.151701 0.151701 6 
-2.50472 -5 -4.84817 0.0190755 0.678224 0.499949 3.91165 22 343 32471 32394 1 0 0 1 
-1.25898 -5 -0.438515 -0.0373203 0.309296 -0.334219 4.10701 22 344 16194 16192 1 0.0159281 0.0159281 5 
0.910207 -5 3.27879 0.210475 0.175096 0.175597 3.94673 22 345 19331 18937 1 0.82844 0.82844 21 
1.21128 -5 3.25842 0.168781 0.299745 0.671469 3.9238 22 346 12673 12580 1 0 0 4 
-1.80938 -5 3.33204 0.511699 0.906348 0.550999 3.94405 22 347 2083 2031 1 0.507778 0.507778 12 
-5 1.08683 0.639942 0.165994 0.399378 -0.272146 3.98059 22 348 8949 8918 1 2.38285 2.38285 17 
-0.278603 -4.65735 -5 11.5689 9.00786 38.8431 3.85955 11 349 6585 6570 1 5.34584 5.34584 31 
-3.78973 -5 2.7894 0.0702254 0.21812 0.0154718 3.99508 22 350 10996 10925 1 0.229362 0.229362 23 
-2.71179 -5 -0.628363 0.111196 0.166012 -0.0218538 3.97631 22 351 5205 5203 1 0.66114 0.66114 53 
-3.74244 -4.21265 5 -0.120338 0.121689 -0.280029 4.07578 22 352 4438 4437 1 0.51086 0.51086 18 
-3.05388 -5 -4.76606 -0.00237094 0.664726 0.448252 3.90619 22 353 1423 1321 1 0.413449 0.413449 37 
3.04617 -5 3.81475 -0.0188839 0.23673 -0.0783534 4.09162 22 354 10327 10326 1 0.249511 0.249511 36 
-2.64716 -5 2.92672 0.163059 0.515245 0.131124 3.9497 22 355 17593 17060 1 0.0330199 0.0330199 4 
-3.0335 -5 2.08863 -0.154602 0.342722 0.030427 3.94858 22 357 11435 11432 1 8.07659 8.07659 44 
3.55205 -5 3.72938 -0.0784903 0.504685 0.0158877 3.94588 22 358 10902 10885 1 5.44607 5.44607 27 
-2.63757 -5 3.40483 -0.0893416 0.35907 0.430947 3.92378 22 359 4113 4111 1 1.34667 1.34667 53 
-2.42224 -4.6215 -5 0.209631 0.72256 1.13541 3.88244 22 360 8296 8065 1 7.78296 7.78296 89 
-5 2.15841 -0.568499 0.205321 0.451808 -0.121791 3.96909 22 361 3512 3491 1 1.6278 1.6278 53 
-3.45844 -5 -2.88314 0.143309 0.453563 -0.186715 4.06007 22 362 8364 8363 1 0.381841 0.381841 39 
-3.65907 -5 3.24109 0.479445 2.1114 1.64382 3.91809 22 363 1108 1 1 0 0 3 
5 4.19593 4.55808 -0.0862777 -0.0101935 0.215531 3.98077 22 364 9689 9688 1 0.453457 0.453457 26 
-5 3.78378 -1.36768 0.240388 0.00197914 0.10746 4.29379 22 365 2874 2873 1 3.34442 3.34442 25 
2.02892 -5 -3.05676 0.198907 0.900312 0.229756 3.92096 22 366 1730 1 1 7.93884 7.93884 79 
-4.00035 -5 0.860706 0.00208174 0.306545 0.408834 3.91479 22 367 1959 1958 1 0.8348 0.8348 12 
1.59363 -5 -2.21814 0.126759 0.176665 0.0816875 3.96254 22 368 7161 7160 1 0.23196 0.23196 22 
-3.70311 -5 -4.98491 0.133329 0.131068 0.10006 4.0325 22 369 1835 1834 1 0.436572 0.436572 22 
-3.55533 -5 -2.34393 0.137346 0.367036 -0.0534671 3.95725 22 370 2765 2735 1 0.308134 0.308134 33 
4.80898 -5 2.9184 0.408484 0.300299 -0.0638833 4.00239 22 371 10173 10172 1 0 0 8 
-5 -4.85071 -0.543499 0.318565 -0.104902 -0.101608 3.91371 22 372 4506 4191 1 0 0 4 
4.58805 -5 4.76419 1.28679 1.15786 -1.13296 4.08585 22 373 7520 7516 1 0 0 6 
-5 -4.91504 4.94806 0.184142 0.198488 -0.433376 4.08074 22 374 3016 2981 1 0.637553 0.637553 51 
-3.91667 -5 0.366234 0.129677 4.05112 7.82812 3.89245 22 375 1109 1 1 1.93442 1.93442 52 
-1.64209 -5 -1.31456 0.204149 0.398104 -0.246893 4.04115 22 376 9393 9392 1 0.34994 0.34994 43 
-5 -1.80958 1.83739 0.360652 0.11733 0.778777 3.89671 22 378 23233 23109 1 0 0 7 
-5 -4.37103 -4.9382 0.0325413 0.10004 0.179957 3.8674 22 379 2486 2346 1 0 0 10 
2.11016 -0.760444 -5 -0.203709 2.36171 1.58465 3.91606 22 380 4683 4537 1 0 0 5 
5 4.25734 3.97923 -0.032631 -0.205433 -0.0702858 3.96871 22 381 5519 5468 1 4.65185 4.65185 45 
-3.84778 -5 -1.2088 0.224819 0.54237 0.194802 3.92232 22 382 2815 2745 1 1.43889 1.43889 55 
-1.00474 -5 3.87081 0.192249 0.353761 0.314664 3.92447 22 383 1109 1108 1 1.56698 1.56698 22 
0.491649 -5 4.3849 0.250477 0.202297 -0.0725084 4.03268 22 384 10992 10799 1 0 0 1 
3.13822 -5 4.16884 0.425944 0.934931 0.817912 3.95269 22 385 15917 15866 1 0 0 4 
0.169151 -5 3.80105 0.303982 0.406595 -0.0927476 3.97693 22 386 9611 9580 1 0.665647 0.665647 62 
-2.42272 -5 -2.25648 -0.00480127 0.178903 0.214137 3.89787 22 387 4679 4629 1 0.687085 0.687085 36 
-5 1.19002 -0.963599 0.191419 0.327384 0.342488 3.91875 22 388 2027 2026 1 0.303242 0.303242 28 
3.02351 -5 4.08859 -0.245418 0.176427 0.119872 3.99307 22 389 1540 1508 1 0.576616 0.576616 37 
-4.22886 -5 0.634202 0.0578664 0.35975 -0.229622 4.09087 22 391 2970 2967 1 1.0978 1.0978 68 
-5 -3.30639 -1.87629 0.439511 1.77442 6.5245 3.87725 22 392 2376 2197 1 0.26458 0.26458 38 
-0.845744 -3.25268 -5 0.300112 1.72666 3.40809 3.88631 22 393 13478 13417 1 3.24769 3.24769 3 
-0.764047 -5 4.67663 0.24379 0.479501 0.53506 3.92595 22 394 2555 2436 1 0 0 1 
-5 -3.94918 1.62342 0.263944 0.355488 0.663914 3.90776 22 395 3079 3060 1 0.433216 0.433216 47 
-5 -1.96022 4.98191 0.254033 -0.0520678 -0.029886 4.01634 22 396 5963 5831 1 0.352061 0.352061 33 
-5 1.32077 -0.150516 0.0406656 0.345264 0.216031 3.92588 22 397 1511 1 1 0.282239 0.282239 18 
-1.88999 -5 3.88369 -0.0304643 0.235174 -0.00684233 4.0896 22 398 2970 2969 1 4.99628 4.99628 96 
-1.41077 -3.60158 -5 0.172182 0.105757 0.853615 3.89432 22 400 2118 2094 1 0.201481 0.201481 32 
1.06914 -5 -0.548836 0.288293 0.539956 -0.26475 4.10722 22 401 2067 1965 1 0.186038 0.186038 31 
2.23604 -5 0.53593 -0.0600198 0.157918 0.371544 3.90238 22 402 12536 12535 1 0 0 4 
-0.449515 -5 2.35257 0.326546 4.3766 12.3243 3.8915 22 403 8757 8696 1 0 0 5 
1.74787 -5 3.89743 0.24998 0.142889 0.0528678 3.98549 22 404 12933 12929 1 0 0 8 
-3.49116 2.98417 -5 0.192194 0.122369 0.261973 4.00207 22 405 24190 24189 1 0 0 2 
0.1213 -0.494335 5 0.15436 0.367632 -0.267974 4.11633 22 406 6063 6040 1 0.173951 0.173951 4 
-3.3903 -1.63377 -5 -0.0427794 0.574737 0.452612 3.90246 22 407 1968 1967 1 0.255332 0.255332 12 
4.14077 -5 -1.18771 0.370118 0.243401 -0.146264 4.08743 22 408 9260 9228 1 0 0 2 
-4.38918 3.93004 5 0.166309 0.0837219 -0.445151 4.17414 22 409 18177 18175 1 0.290224 0.290224 25 
0.570676 -5 -3.30869 1.17227 1.37413 -0.138308 3.92844 22 410 7487 7446 1 0.0534492 0.0534492 3 
-3.21614 -4.09112 5 -0.0291676 0.087952 -0.407698 4.08284 22 411 45584 45583 1 0.0277506 0.0277506 3 
2.19343 -5 -3.74281 1.11343 0.960122 1.88656 3.90086 22 412 1336 1309 1 0.264817 0.264817 21 
1.43058 -5 -0.693183 1.08919 2.64529 -3.21398 4.00132 22 413 5137 5136 1 0 0 7 
-5 4.50678 4.85865 0.184917 0.469134 -0.0826994 4.06104 22 414 5312 5311 1 0 0 4 
-4.11768 -1.75249 5 -0.154464 0.0723436 -0.156699 4.31968 22 415 2951 2950 1 0.252172 0.252172 10 
3.46322 -5 3.54421 0.0849675 0.501012 -0.053737 3.99924 22 416 14726 14698 1 0.891984 0.891984 38 
-2.59629 5 0.599825 0.0150251 -0.110093 -0.0187315 3.90822 22 417 1487 1472 1 0.892937 0.892937 56 
-4.55063 -5 -4.134 0.23944 0.236556 0.384486 3.90129 22 418 4292 4291 1 3.84067 3.84067 127 
-4.58241 -5 -3.10555 0.0613529 0.324873 -0.0609699 4.00125 22 419 6015 6000 1 0 0 3 
-1.99354 -5 2.00288 0.188229 0.410082 0.317018 3.91488 22 420 9716 9667 1 0.250764 0.250764 9 
-3.32028 4.4816 -5 0.171198 0.140533 0.313087 3.93897 22 421 11162 11161 1 1.37834 1.37834 34 
-3.08864 3.26101 -5 0.0777339 0.0815233 0.276792 3.94552 22 422 7611 7610 1 3.27737 3.27737 11 
-3.93596 -5 -3.58169 0.0337978 0.472193 -0.192384 4.01221 22 423 3897 3896 1 0 0 4 
-2.85825 -5 -2.93695 -0.0234397 0.507944 -0.0506263 4.03673 22 424 22526 22525 1 0.0914113 0.0914113 5 
-0.638543 -4.38955 -5 0.508059 1.21067 1.14797 3.89597 22 425 27172 27096 1 0 0 1 
-3.21205 -5 -1.03189 0.0445923 0.663443 2.01682 3.87515 22 426 18110 17907 1 0 0 7 
2.10586 5 -0.795905 -0.102603 -0.153858 -0.0584493 4.08377 22 427 10927 10926 1 0.193758 0.193758 15 
3.02636 -5 1.80176 0.155204 0.607726 0.406623 3.9474 22 428 1597 1 1 0 0 4 
1.98468 -0.711614 -5 0.41679 0.553562 1.30212 3.88011 22 429 5161 5023 1 0.494873 0.494873 10 
3.28796 0.728759 -5 0.0711036 0.659621 0.747761 3.9027 22 430 6675 5829 1 0 0 2 
1.93125 -5 -1.3707 0.215128 0.591962 0.233596 3.89936 22 431 9085 8840 1 1.63234 1.63234 63 
-3.35563 -3.08229 -5 0.0436022 0.203808 0.353776 3.88287 22 432 18259 18125 1 0 0 5 
-4.78986 -5 -0.955732 0.102288 0.0934185 0.120654 3.93764 22 433 9975 3635 1 0.460207 0.460207 23 
-5 -2.89095 0.396562 0.231685 0.36359 0.306345 3.93967 22 434 11863 11835 1 0 0 3 
0.162116 -1.0952 -5 0.943633 1.66653 4.53471 3.87336 22 435 3851 3668 1 0 0 5 
-5 -3.44633 -3.99668 0.242463 0.220664 -0.391968 4.05273 22 436 1222 1221 1 0.179862 0.179862 18 
0.678045 -0.713981 -5 1.52109 5.81943 5.73173 3.8931 22 437 14299 14245 1 0.0984796 0.0984796 5 
-1.04932 -5 -2.92137 0.0657472 0.29449 0.296427 3.88856 22 438 12380 12243 1 1.75325 1.75325 23 
-2.89446 -0.651898 -5 0.0937127 1.99699 0.760163 3.9053 22 439 12194 12193 1 0.870686 0.870686 41 
1.49847 -5 4.69712 -0.0482028 0.244583 -0.140589 4.02297 22 440 1639 1638 1 0.947289 0.947289 82 
2.61397 -5 4.34835 0.038052 0.54484 0.261586 3.94308 11 441 2861 2827 1 0.5197 0.5197 22 
-2.72355 -5 2.9361 -0.0911992 0.341783 -0.425642 5.10838 22 442 1851 1821 1 2.22396 2.22396 53 
-1.37802 2.84294 -5 0.440973 0.675025 1.85524 3.88012 22 443 3253 3071 1 0.676777 0.676777 31 
2.89593 -5 -2.15791 -0.00366976 0.484933 0.161079 3.95845 22 444 24289 24288 1 0.73901 0.73901 31 
-5 -0.309747 -1.01158 0.203097 0.283603 -0.0220703 4.05202 22 445 1077 1 1 0 0 5 
1.55668 -5 4.85913 -0.0129204 0.011363 -0.0243079 3.99183 22 446 8854 8842 1 0.0296068 0.0296068 16 
4.25468 -5 4.64647 0.324385 0.376389 -0.119272 4.05394 22 447 1629 1628 1 0 0 8 
-4.79158 -1.55665 5 0.0416221 0.336575 -0.197225 4.02968 22 448 4377 4353 1 0.0332114 0.0332114 6 
2.23922 -5 -0.255668 0.337347 0.383192 -0.0219208 4.16899 22 449 1191 1189 1 2.88982 2.88982 49 
-5 -4.5641 -3.09382 0.257326 0.0811916 -0.144629 4.08945 22 450 24536 24504 1 0.340695 0.340695 24 
0.475302 -5 4.403 0.0503586 1.46733 0.279991 3.93458 22 451 3000 2998 1 0.536202 0.536202 34 
0.947254 -5 2.69555 -0.0814334 0.357197 0.0370825 3.92197 22 452 3992 3959 1 0.738947 0.738947 66 
4.98486 -3.86773 5 0.155282 0.389943 -0.291465 4.19325 22 453 10311 10308 1 0 0 4 
-3.68004 -5 -1.84341 0.255444 0.277084 0.297817 3.88807 22 454 11049 10840 1 0.189691 0.189691 3 
-4.54455 -5 1.53701 0.0129487 0.695047 0.463558 3.91892 22 455 2279 2165 1 0.819681 0.819681 16 
-4.96549 -3.24841 -5 -0.228419 0.317149 0.329183 3.91331 22 456 2857 2854 1 0 0 7 
5 4.05461 -2.37986 -0.583695 0.410688 0.576226 3.90156 22 457 1458 1 1 0.0894747 0.0894747 9 
-5 -2.58873 2.19958 0.354006 0.131304 0.0973609 3.92951 22 458 54226 54183 1 0 0 2 
-4.98369 3.29222 5 0.0195573 0.438946 -0.26089 4.092 22 459 5411 5409 1 0 0 7 
-4.085 0.663048 -5 1.43499 2.95569 2.24024 3.92631 22 460 17035 17024 1 0 0 2 
-5 -1.09659 -4.90663 0.211309 0.456986 0.0873618 3.94174 22 461 9099 9098 1 0.144414 0.144414 9 
-3.92428 -5 3.06846 0.638973 0.917531 4.22729 3.89003 22 462 6118 5758 1 0 0 1 
3.68967 -5 1.64373 0.00666973 0.296336 0.283165 3.96381 22 463 11203 11202 1 0.823157 0.823157 24 
1.88237 -0.676454 -5 0.166236 0.273217 0.398545 3.92151 22 464 10376 10375 1 0.290053 0.290053 18 
2.49014 4.64253 5 0.128162 0.429534 -0.245346 4.03657 22 465 6221 6218 1 4.92367 4.92367 103 
5 4.55587 -2.39605 -0.198236 -0.0352337 0.0726719 3.90777 22 466 4886 4644 1 4.24722 4.24722 22 
-3.26342 -5 -2.37441 0.171978 0.168014 0.00277461 4.01545 22 467 15048 14982 1 0.240157 0.240157 23 
1.0402 -3.00988 -5 0.155576 0.821461 0.634355 3.90538 22 468 8367 8280 1 0.582007 0.582007 54 
-2.66864 -5 -2.75359 0.43088 1.28722 4.91895 3.87252 22 469 18224 18136 1 0 0 2 
-5 -4.86093 1.09249 0.0336262 0.000197647 0.000419653 4.05836 22 470 2045 2040 1 0.311008 0.311008 37 
0.874906 -4.49357 5 0.196514 0.122485 -0.201063 4.08754 22 471 2693 2644 1 1.15095 1.15095 79 
-2.88679 -5 4.62706 0.182286 0.372874 0.915321 3.91893 22 472 30416 30346 1 0 0 3 
-0.934026 -5 -2.7133 0.0286183 0.317244 0.399571 3.89815 22 473 37253 37213 1 0 0 2 
0.584499 -5 2.74574 1.23275 2.18339 0.536918 3.9641 22 474 23680 23679 1 0.260305 0.260305 25 
2.47641 -2.53159 -5 0.253114 0.0376762 0.536446 3.87558 22 475 9320 8997 1 0.371858 0.371858 38 
-3.42559 -5 3.70519 1.46576 3.87427 1.70959 3.94321 22 476 4519 4466 1 0 0 4 
-5 2.48891 4.14912 0.109889 0.497618 0.037686 3.96567 22 477 5397 5396 1 1.81842 1.81842 27 
2.05566 -5 1.97143 -2.38276 1.14185 -0.130095 3.91339 11 478 3476 3407 1 2.2501 2.2501 60 
-5 3.55585 1.13746 0.0900329 0.395142 0.0291737 3.9936 22 479 2257 1884 1 0.0588701 0.0588701 29 
2.65548 -5 -2.06927 0.394106 0.852251 -0.717888 4.06958 22 480 8133 8130 1 0.243552 0.243552 38 
0.0822639 -5 1.13596 0.0168763 0.464044 -0.213303 3.99708 22 481 1682 1652 1 0.299732 0.299732 29 
-4.6638 -5 -2.73139 0.0729664 0.200879 0.758244 3.87321 22 482 10485 10287 1 0.465967 0.465967 44 
2.33525 -5 4.51142 -0.0975266 0.341799 0.367127 3.93151 22 483 10055 10053 1 0 0 4 
3.9382 -5 -4.32276 -0.0593272 0.357251 -0.193664 3.93588 22 484 8896 8886 1 0.0328153 0.0328153 6 
-1.43198 -5 1.857 0.238093 0.636402 0.537653 3.9223 22 485 16473 16220 1 0 0 4 
0.543742 4.56471 -5 0.0634868 -0.184003 0.472474 3.90169 22 486 1089 1088 1 0.203124 0.203124 4 
-3.48284 -5 0.0977815 -0.00788464 0.177592 0.193167 3.91184 22 487 7115 6873 1 0.427237 0.427237 42 
0.173263 -5 -4.61433 0.183222 0.713301 0.951943 3.89383 22 488 17461 17415 1 0 0 4 
2.12885 -5 -2.13957 0.178799 5.71639 15.1733 3.87932 22 489 2950 2948 1 4.08257 4.08257 74 
4.3385 -1.72593 -5 0.09713 0.035869 0.161554 4.17972 22 490 3053 3010 1 0 0 1 
1.94065 -5 -1.2433 0.199676 0.425633 0.200215 3.95065 22 491 2248 2247 1 0 0 9 
-3.90284 -2.71171 -5 0.0377976 0.887744 1.84199 3.88114 22 492 1640 1419 1 1.6952 1.6952 41 
0.103827 -5 0.29347 0.126721 0.475013 0.139371 3.94325 22 493 3820 3775 1 10.547 10.547 238 
-3.46133 -5 -4.84654 0.558446 5.58082 1.69347 3.90956 22 494 5700 5653 1 0.762428 0.762428 5 
4.37591 -5 1.39169 -0.114671 0.448556 0.216259 3.95145 22 495 17298 17252 1 0.251844 0.251844 31 
-3.61636 -5 2.62294 0.0437325 0.588415 0.193743 3.95574 22 496 18447 18160 1 1.14271 1.14271 21 
-1.78361 -2.94573 -5 0.0459895 0.159624 0.922497 3.85818 22 497 1882 1593 1 1.10456 1.10456 22 
0.839121 4.66462 -5 0.429125 2.07223 1.51018 3.91655 22 498 45182 45006 1 0 0 1 
0.864175 -5 2.73292 0.15176 0.26128 -0.0863163 4.10274 22 499 4678 4652 1 1.04914 1.04914 43 
-5 -2.03353 2.03702 0.183995 0.243418 -0.0243268 3.9681 22 500 11669 11668 1 0.21079 0.21079 28 
2.32861 -4.73792 -5 3.93062 7.73701 41.1897 3.85886 22 501 1886 1 1 8.19231 8.19231 109 
-1.43846 -1.38772 -5 0.203172 0.612651 0.229239 3.93128 22 502 4563 4532 1 0 0 10 
-3.89763 -5 -2.78055 0.0683222 0.738673 -0.12593 3.92245 22 503 17823 17803 1 0.790956 0.790956 9 
-1.84194 -5 -4.71645 0.884676 0.445329 0.268017 3.88397 22 504 5384 5209 1 0 0 7 
-3.03267 -1.31743 5 -0.44642 0.527106 -0.199614 3.96258 22 505 1776 1743 1 0 0 7 
3.53616 -5 2.34533 0.0484231 0.315974 0.254885 3.94034 22 506 3248 3126 1 0.029313 0.029313 15 
-5 -1.34538 -4.50694 0.387596 0.113472 0.048214 4.02622 22 507 20370 20349 1 0.000325264 0.000325264 3 
-3.72694 3.17318 5 0.0426558 0.0437867 -0.175183 4.17129 22 508 12082 11947 1 0.184495 0.184495 11 
-0.343075 -5 -4.34268 0.0731589 0.165563 0.394227 3.87282 22 509 6447 6280 1 0.244152 0.244152 14 
-1.1417 -3.706 5 0.489582 0.421695 -0.20112 3.99041 22 510 2781 2677 1 0 0 6 
4.35488 3.16058 -5 0.0860927 0.679338 0.60874 3.90309 22 511 9522 8091 1 0.345629 0.345629 63 
2.36673 -5 0.937241 0.341538 0.378905 -0.0300426 4.02285 22 512 11749 11748 1 0 0 3 
0.628755 -1.34859 -5 0.238125 0.176299 0.232255 3.93702 22 513 1475 1470 1 2.4634 2.4634 29 
3.65956 -5 -4.70838 2.15883 4.14932 4.37545 3.89344 22 514 2770 2640 1 0.546635 0.546635 32 
-4.55618 2.65176 -5 0.0356441 0.895392 2.36366 3.87264 22 515 6798 6398 1 0 0 3 
-3.99744 1.11617 -5 0.580131 0.0681113 1.91684 3.86513 22 516 7406 7320 1 0.176948 0.176948 38 
3.90486 -2.02294 -5 -0.0859047 0.0708184 0.112271 3.96582 22 517 15896 15253 1 3.85995 3.85995 64 
-5 1.01649 3.64666 0.430434 0.0180643 -0.274809 4.07484 22 518 6212 6209 1 1.42538 1.42538 89 
-3.24706 -5 3.00846 0.302023 0.630036 1.23561 3.89327 22 519 4296 4284 1 2.09637 2.09637 71 
5 2.54315 4.12395 -0.537006 0.0213296 0.368424 3.91373 22 520 28725 28549 1 0 0 2 
3.24586 -5 -0.319857 0.383412 0.732523 -0.152506 3.98313 22 521 2198 2174 1 0.598552 0.598552 37 
-5 1.26092 -0.627438 0.228891 0.20478 0.37346 3.90913 22 522 12887 12667 1 0.503957 0.503957 15 
-1.82466 -5 -3.84581 0.185951 0.293929 0.374364 3.96794 22 523 11325 11324 1 1.54222 1.54222 84 
2.24042 -5 -1.9066 2.38378 5.22155 5.47246 3.88727 22 524 1503 1502 1 1.56265 1.56265 83 
-0.967128 -5 1.22598 0.0982184 0.199577 0.043664 3.94891 22 525 5361 5257 1 0.449985 0.449985 28 
3.70334 -5 2.22537 0.241454 0.375363 0.000346818 4.04123 22 526 1497 1496 1 5.29382 5.29382 39 
4.80541 -5 -4.78387 0.343161 0.866417 3.42192 3.86311 22 527 1199 1 1 2.35481 2.35481 15 
-3.78017 0.771296 -5 -0.384407 1.00267 0.193378 3.94276 22 528 19636 19516 1 0 0 5 
0.845992 -5 -4.36763 -0.110131 1.44695 0.273557 3.96946 22 529 2045 2044 1 0.14296 0.14296 11 
1.95228 3.6576 5 -0.0239233 0.351772 -0.36987 4.07089 22 530 23920 23917 1 0 0 2 
1.96886 -3.97618 -5 -0.0735482 0.0441254 0.503749 3.88468 22 531 16068 16065 1 1.82234 1.82234 21 
2.92511 -5 2.09273 -0.125984 3.97584 1.52036 3.94172 22 532 11597 11543 1 0.436426 0.436426 27 
3.467 2.89848 -5 -0.259388 0.38764 0.202491 3.91887 22 533 1724 1 1 1.44595 1.44595 51 
-4.7644 2.27703 -5 0.22977 1.47423 2.52611 3.88327 22 534 13329 13209 1 0 0 3 
-0.827832 -5 4.30238 -0.214939 0.749657 -0.335741 4.06163 22 535 3501 3500 1 0.159038 0.159038 9 
-1.97195 -5 1.04587 -0.129932 0.339171 -0.186378 4.21056 22 536 3324 3322 1 0.201712 0.201712 30 
-2.57596 -5 -2.9403 0.298428 0.381378 0.309405 3.9345 22 537 8949 8017 1 0.467418 0.467418 13 
-5 -4.06807 -2.58361 0.945275 1.48121 -1.42701 4.0693 22 538 3840 3742 1 0 0 3 
-0.25642 -5 -1.96022 0.106735 0.445099 0.00894856 4.0163 22 539 4477 4476 1 0.106109 0.106109 3 
2.88153 -5 0.929713 0.30998 0.370373 0.166901 3.96413 22 540 7992 7991 1 0 0 4 
4.38448 -5 -2.92578 0.129705 0.232931 -0.406535 4.1887 22 541 4890 4886 1 0.246822 0.246822 11 
2.45832 -5 1.99484 0.173948 0.25678 0.437419 3.90856 22 542 1840 1727 1 2.28243 2.28243 89 
-0.336751 3.73403 -5 -0.05803 0.321644 0.183926 3.96088 22 543 2521 2471 1 0.788125 0.788125 38 
4.99154 2.03056 5 0.154862 0.414771 -0.364776 4.19311 22 544 10490 10489 1 0 0 5 
-5 -4.32821 3.57354 1.74195 5.70372 11.29 3.90671 22 545 26922 26717 1 0 0 2 
-5 1.67324 0.473974 0.366324 0.28746 0.60115 3.93945 22 546 7635 7634 1 0.632805 0.632805 53 
-4.01047 3.12211 -5 1.40805 5.15074 17.2254 3.87767 22 547 27462 27302 1 0 0 2 
-4.46588 1.47648 -5 0.0788129 0.481761 0.814869 3.88813 22 548 7482 7293 1 0.227869 0.227869 14 
-4.05539 -3.10242 -5 1.846 2.84769 5.27915 3.87176 22 549 4698 4603 1 7.03155 7.03155 91 
4.20563 -5 4.37046 0.264384 0.435066 -0.0440302 4.01802 22 550 23867 23849 1 0 0 4 
-5 2.65244 -1.29965 0.203615 0.161106 -0.0718849 3.98336 22 551 2570 2533 1 0 0 2 
-5 -1.5204 -1.17074 0.166341 0.207208 0.0828794 3.95515 22 552 1873 1872 1 1.50585 1.50585 9 
-4.97012 -5 -3.81303 0.0748146 0.0286899 -0.227709 3.99673 22 553 8026 1 1 0.279328 0.279328 30 
-2.84094 -5 0.652695 2.16709 8.78117 5.6794 3.91618 22 554 2190 2079 1 0 0 2 
-5 2.44061 3.99166 0.595246 0.416156 -0.194932 3.97944 22 555 1714 1681 1 0 0 9 
0.0012351 3.04232 -5 0.337411 0.663591 0.90736 3.88732 22 556 21395 21314 1 0 0 1 
2.02857 0.953494 -5 0.31622 0.772328 0.572566 3.93494 22 557 9034 9033 1 0 0 3 
-4.37503 -5 -0.518523 -0.273718 0.346492 -0.139179 4.13671 22 558 2398 2377 1 11.7387 11.7387 216 
-4.42509 -5 -3.57598 -0.145791 0.442073 -0.210799 4.03562 22 559 1367 1365 1 0 0 3 
-5 2.34236 0.351294 -0.0556966 0.136101 0.330574 4.09996 11 560 2127 2099 1 0.10839 0.10839 5 
-3.4115 -4.58312 -5 -0.143541 0.206077 0.264066 3.93542 22 561 13205 13188 1 0.106455 0.106455 8 
-5 -3.83341 1.51881 0.17917 0.0617368 -0.313733 3.99122 22 562 2678 2403 1 0.335144 0.335144 21 
-3.46952 4.92946 -5 0.148637 0.947842 1.69078 3.87816 22 563 1590 1545 1 0.0788816 0.0788816 6 
-0.0485038 -5 -3.67659 0.677972 2.74267 0.509364 3.92103 22 564 13473 13431 1 4.32951 4.32951 32 
-5 -4.67444 -4.93234 0.167309 0.281158 -0.0870596 3.96559 22 565 4764 4735 1 0 0 6 
-0.850626 -5 0.459676 0.364375 0.454295 0.0893509 3.95541 22 566 5346 5140 1 0.789419 0.789419 62 
-0.322024 2.29109 -5 0.219404 -0.199478 0.905689 3.87088 22 567 2348 2211 1 0 0 8 
-4.06571 -2.58272 -5 -0.27195 0.278616 0.538577 3.89418 22 568 18000 17956 1 0 0 2 
-0.890215 -5 3.41936 0.144013 1.68586 2.72891 3.91529 22 569 1095 1 1 0 0 2 
3.14993 -5 -0.898793 1.41521 2.67119 -1.30336 4.00629 22 570 2296 2295 1 5.45632 5.45632 43 
2.54698 -5 -1.34064 7.22966 18.8049 1.27124 3.92973 22 571 4357 4270 1 0.0923638 0.0923638 40 
-5 4.3564 2.2489 0.0403873 0.705694 0.909336 3.91774 22 572 7541 7344 1 0 0 16 
-2.04422 -5 -2.24019 0.51815 0.842872 0.470492 3.91294 22 573 8704 8703 1 0.354036 0.354036 16 
-5 -2.66675 0.154004 0.0646065 0.457379 -0.218518 4.01039 22 574 7417 7416 1 0 0 1 
0.116483 -5 -2.66627 0.0492799 0.47644 -0.178035 4.05192 22 575 5526 5525 1 0 0 3 
4.82854 3.30059 -5 1.05939 0.955654 2.42984 3.88873 22 576 12880 12606 1 0 0 10 
-2.50138 -5 2.19306 0.188145 0.0220529 0.0492022 4.09995 22 577 4679 4678 1 0.177329 0.177329 31 
-5 -0.631852 -3.45563 0.118147 0.131257 0.150854 3.93967 22 578 6379 6276 1 0.555159 0.555159 74 
-5 -2.3039 3.35041 0.129329 0.341081 -0.245111 4.04714 22 579 12424 12396 1 6.45669 6.45669 59 
2.92585 -5 3.56682 0.449752 0.232535 -0.0690681 3.93421 22 580 4725 4724 1 1.83791 1.83791 32 
-3.59202 -5 0.485084 0.299414 4.28519 14.5242 3.87939 22 581 10911 10618 1 0.510512 0.510512 49 
3.72918 -5 0.99157 0.112753 0.589797 1.39589 3.89647 22 582 4001 4000 1 0.356103 0.356103 42 
1.22539 -5 -4.92627 -0.0790892 0.253555 0.0193623 3.96703 22 583 1657 1629 1 0.399208 0.399208 54 
-0.741276 -5 -4.63792 0.20225 0.803943 0.561086 3.9325 22 584 11752 11695 1 0.229133 0.229133 23 
-5 -1.46942 -3.2812 0.763251 1.55495 1.81526 3.87605 22 585 8190 8105 1 0 0 8 
-4.33578 3.24675 -5 0.18081 0.146485 0.337243 3.88308 22 586 5245 5193 1 5.82636 5.82636 34 
-3.11691 -5 -2.22931 -0.0108656 0.485231 0.159853 4.04396 22 587 1829 1828 1 1.11117 1.11117 88 
-2.75017 3.99411 -5 0.11525 0.558246 0.42387 3.92579 22 588 5401 5112 1 0.284243 0.284243 5 
-5 -0.374782 2.81821 15.7447 28.4905 6.07423 9.71688 2112 589 5866 5770 1 0.707559 0.707559 8 
-5 -0.565752 -2.93309 0.193059 0.0469609 -0.159377 3.96729 22 590 1680 1578 1 2.07954 2.07954 101 
-4.54471 -5 1.25113 0.0633967 1.08533 0.691143 3.91999 22 591 3579 3577 1 0.698067 0.698067 27 
0.0141639 -5 3.83818 -0.05345 1.6845 1.29929 3.90731 22 592 7807 7416 1 0 0 7 
-2.72687 -2.19454 -5 0.0318571 0.872152 2.5332 3.88084 22 593 31710 31546 1 0 0 3 
4.60291 -5 -1.94637 0.313938 0.510102 0.258355 3.91759 22 594 20246 1 1 0 0 3 
-2.59593 -5 -4.98813 -1.74585 7.73191 11.7196 3.87408 22 595 1771 1728 1 0.359095 0.359095 23 
3.47152 -4.51262 -5 0.119096 0.5507 0.339448 3.8883 22 596 12046 11932 1 0 0 2 
1.8362 -3.4265 -5 2.39492 2.18708 6.83681 3.87699 22 597 1159 1 1 8.57761 8.57761 41 
-2.62649 4.7213 -5 -0.318292 0.245351 0.538259 3.90477 22 598 4177 3770 1 0.126153 0.126153 6 
4.55714 -0.907123 5 0.0171964 0.090224 -0.214805 4.00751 22 599 1886 1574 1 5.63464 5.63464 93 
3.12454 -5 -4.82779 -0.267183 1.87548 0.470409 3.97879 22 600 11285 11284 1 0.0531331 0.0531331 3 
0.112551 0.512067 5 1.79571 0.653223 -2.52596 4.07643 22 601 2217 2216 1 2.54478 2.54478 32 
-4.32005 4.41227 -5 0.0837364 0.356997 0.242645 3.89338 22 602 3311 3031 1 0.503217 0.503217 8 
-4.53953 0.19576 5 0.0597941 0.376346 -0.340453 4.09392 22 603 5253 5252 1 0 0 10 
1.10477 -5 -3.12643 0.388086 0.737064 1.93575 3.88322 22 604 18960 18586 1 1.85994 1.85994 8 
-2.34679 -5 1.91001 -0.220636 0.251158 -0.38647 4.19481 22 605 9382 9381 1 0 0 2 
-0.599514 -4.3033 -5 0.189449 0.232834 0.413543 3.90283 22 606 6532 6499 1 2.87813 2.87813 29 
-5 -1.0897 1.48522 0.00673341 -0.167647 -0.0474563 4.12074 22 607 3877 3876 1 0.622344 0.622344 36 
3.87707 -5 -4.31585 -0.372054 0.200864 -0.109484 4.06546 22 608 1130 1129 1 0.51074 0.51074 21 
2.78556 3.66388 -5 0.397049 0.311845 0.0788976 3.9632 22 609 3526 3514 1 0.269849 0.269849 42 
-2.47327 1.28873 -5 0.176827 0.219977 0.107065 3.96149 22 610 8485 8405 1 8.30407 8.30407 82 
1.60239 -3.75061 -5 0.0803756 0.21623 0.455965 3.88711 22 611 3750 3749 1 0.678851 0.678851 87 
1.02585 -5 3.28172 -0.0975349 0.483312 -0.134226 3.90495 22 612 34835 34834 1 0 0 2 
-3.39137 -5 -1.55022 -0.0255294 0.245842 -0.405656 4.05971 22 613 6605 6604 1 0 0 6 
2.86988 -1.31213 5 0.0420852 0.415915 -0.122066 4.03431 22 614 30171 30169 1 3.00944 3.00944 17 
-5 -4.17695 2.5115 0.0311439 0.323789 0.187815 3.93836 22 615 17211 17209 1 0 0 2 
4.20923 -5 1.63921 14.4742 31.0453 6.18396 7.49625 2112 616 10770 10700 1 0.30398 0.30398 26 
3.67883 4.45799 -5 0.338748 0.830939 0.720636 3.89608 22 617 5857 5586 1 4.67497 4.67497 53 
2.00708 -5 1.85758 -0.155826 0.084021 0.104799 3.94647 22 618 23153 23125 1 0 0 5 
-4.99032 -5 -2.57266 0.0707311 0.610383 0.788907 3.906 22 619 5990 5523 1 0.432398 0.432398 6 
0.572165 -5 -0.720098 -0.0386369 0.275686 0.428514 3.92892 22 620 4425 4424 1 1.47612 1.47612 51 
-5 -2.95406 -3.67659 0.341959 0.719946 -0.260108 3.92323 22 621 5519 5502 1 1.19213 1.19213 83 
-5 1.1451 -4.005 0.467122 0.238547 -0.523905 3.97251 11 622 6586 6554 1 1.15631 1.15631 102 
-1.51943 -5 -3.45178 -0.0111062 0.0285395 -0.0137426 3.97017 22 623 1673 1664 1 2.40483 2.40483 103 
0.48475 -2.51519 -5 0.272956 0.32534 0.296996 3.91103 22 624 14297 14296 1 0 0 1 
-1.48496 -5 -1.30825 -0.0196167 0.272896 -0.0765559 4.00079 22 625 16269 15929 1 0 0 11 
1.93526 -5 -3.513 0.110926 0.578394 0.237313 3.90548 22 626 1542 1452 1 1.58482 1.58482 31 
-2.14381 0.566554 -5 0.0063812 0.219979 1.34672 3.85862 22 627 16795 16200 1 1.93889 1.93889 82 
-5 0.719444 1.23285 0.280802 -0.0328475 0.000407485 3.91417 22 628 1163 1134 1 0.45159 0.45159 41 
-0.665208 -5 1.10808 0.328338 0.243678 -0.306488 3.98245 22 629 3972 3970 1 5.2688 5.2688 88 
-2.31842 -5 -0.720987 0.0061251 0.239503 -0.104627 4.1292 22 630 2030 2029 1 0.166412 0.166412 31 
1.39411 2.28079 5 -0.135468 0.224091 -0.104611 3.99942 22 631 6162 6107 1 0.0333214 0.0333214 17 
-3.19015 -4.80794 -5 1.8267 2.06409 3.27399 3.89957 22 632 17798 17702 1 0 0 2 
-1.36801 -5 -0.0833983 -0.205479 0.505639 1.44719 3.88041 22 633 6086 3015 1 5.481 5.481 15 
-3.46319 -5 -2.30055 0.354231 0.308194 0.777177 3.88604 22 634 2526 2408 1 0 0 8 
2.57433 4.55095 -5 0.232059 1.07182 2.45847 3.87662 22 635 7662 7439 1 0 0 5 
3.17423 -4.35742 -5 0.0889787 0.190019 0.637316 3.87083 22 636 2999 1 1 2.7355 2.7355 8 
3.99488 -2.01258 -5 0.683681 1.39619 1.83192 3.89446 22 637 4564 4560 1 0.0157967 0.0157967 9 
-5 2.88987 1.83926 2.21119 3.64009 1.81182 3.94572 22 639 4601 4600 1 0 0 4 
-5 -1.77127 1.63318 0.245941 -0.0582621 0.224439 3.94902 22 640 3411 3395 1 0.197333 0.197333 25 
5 2.8145 -1.10142 -0.392839 -0.0626677 0.245266 3.91354 22 641 1073 1 1 0.287229 0.287229 30 
-1.86998 -1.81649 5 0.063419 0.367202 -0.349658 4.08624 22 642 5175 5151 1 0.449454 0.449454 36 
2.8273 -5 -0.812651 0.0579791 0.48078 0.163123 3.92149 22 643 2349 2326 1 4.77224 4.77224 129 
0.883811 -5 0.146 0.00213821 0.231411 0.454693 3.8795 22 644 5629 5539 1 10.3025 10.3025 140 
2.54084 -4.732 -5 -0.0189142 0.288929 0.421049 3.89311 22 645 3384 3373 1 0 0 6 
1.76287 -5 2.36173 -0.0336207 0.334464 0.0506752 3.99892 22 647 1744 1576 1 0.339643 0.339643 26 
-5 -1.93557 0.0936171 0.534635 0.295213 0.533023 3.92729 22 648 13680 13679 1 0 0 1 
4.02218 -1.38728 5 0.722327 0.352931 -0.739245 4.05417 22 649 10501 10500 1 2.54151 2.54151 16 
5 -3.71336 1.13402 -0.134075 0.250406 -0.18228 3.97696 22 650 11472 10501 1 0.337229 0.337229 21 
-1.66417 -5 -0.310542 0.0657188 0.121138 -0.410474 4.19011 22 651 7425 7424 1 2.03102 2.03102 15 
-1.61613 4.12672 -5 0.110012 0.295984 0.33761 3.88609 22 652 1211 1172 1 2.38177 2.38177 61 
-3.7317 -5 -3.4958 0.092744 0.452022 -0.219533 4.01466 22 653 13513 13512 1 0.543917 0.543917 47 
-5 3.30752 1.25447 0.33538 0.684984 1.51148 3.90121 22 654 9444 9328 1 0.0459333 0.0459333 5 
4.52936 -5 -3.21626 0.249857 0.694767 -0.218654 3.98363 22 655 7564 7432 1 0.495099 0.495099 11 
0.667545 -0.544484 -5 0.45125 0.351682 1.01348 3.88871 22 656 10722 10397 1 0.431457 0.431457 44 
2.67849 0.875681 -5 -0.0498417 0.438756 0.256433 3.9313 22 657 7983 7783 1 0 0 4 
-2.52995 -4.09068 -5 -0.116171 0.004423 0.04059 3.89864 22 658 16055 15738 1 2.75676 2.75676 47 
1.57273 -4.45836 5 -0.0412617 0.902224 -0.725105 3.97379 22 659 9511 9510 1 0.762494 0.762494 20 
-4.79412 -5 1.68752 0.210551 0.193705 0.0844156 3.9584 22 660 15379 15342 1 0.764037 0.764037 9 
-1.00829 -4.34622 5 0.0846876 0.270131 -0.1269 4.08943 22 661 30487 30366 1 0.547211 0.547211 15 
-2.47126 -5 -1.88941 0.219891 0.585157 0.252508 3.93476 22 662 3155 3105 1 0.570578 0.570578 9 
-4.66983 -5 -1.38134 0.000768106 0.745458 0.393298 3.91257 22 663 5363 4701 1 0 0 3 
2.8825 -5 0.269329 0.0956536 0.323001 -0.237664 4.08443 22 664 5950 1 1 0.200131 0.200131 36 
-2.70858 0.43404 -5 -0.0713847 1.29519 3.13565 3.87249 22 665 23583 23506 1 0 0 2 
0.729535 -5 3.22715 0.342402 0.482052 0.26756 3.92147 22 666 3693 3331 1 2.21883 2.21883 35 
1.16279 -5 3.39298 1.43871 1.53258 0.33972 3.96355 22 667 4516 4455 1 0.808185 0.808185 38 
3.07001 -5 2.27654 0.025923 0.1407 -0.00950694 3.98013 22 668 8130 8109 1 0.403195 0.403195 42 
-4.13713 2.54606 -5 -0.094303 0.432834 1.2584 3.89021 22 669 12778 12662 1 0 0 3 
3.60623 -5 3.17679 0.141871 0.222822 -0.126723 4.01998 22 670 6180 6068 1 0 0 2 
5 -3.77506 0.54926 -0.330633 0.145797 -0.288256 4.04005 22 671 11751 11664 1 0.137375 0.137375 6 
3.67526 -2.4886 5 -0.0298229 1.58992 -1.75344 4.14213 22 672 4772 4674 1 0.216915 0.216915 6 
-4.95016 -5 2.30617 0.18905 0.720192 0.675762 3.90892 22 673 1614 1583 1 0.604247 0.604247 11 
-4.41215 4.29937 -5 -0.329452 -0.252028 0.130978 3.90445 22 674 1255 1254 1 0 0 7 
-0.235536 2.65306 -5 0.32275 3.04972 2.92397 3.90621 22 675 14026 13838 1 0 0 3 
3.46105 -5 -4.11892 0.161233 0.581022 0.367221 3.90646 22 676 3986 3920 1 0 0 10 
1.18753 -2.58748 -5 0.134662 0.235165 0.251172 3.89495 22 677 7543 7487 1 0.353534 0.353534 10 
4.6575 -5 2.11038 0.112443 0.319711 0.0555537 3.96881 22 678 9601 9522 1 0.34016 0.34016 35 
0.188287 -3.37118 -5 -0.021283 0.0996723 0.180227 3.89411 22 679 9765 9659 1 0.206658 0.206658 24 
5 1.02581 -0.964594 -0.502083 -0.0767663 0.0560314 4.19046 22 680 1681 1680 1 0 0 9 
-1.53362 -5 0.342676 0.0137846 0.685662 0.874411 3.92886 22 681 9769 9704 1 0.23459 0.23459 19 
3.75435 4.25996 -5 0.176218 0.451558 0.246547 3.92065 22 682 7575 6587 1 0 0 2 
2.30388 -5 1.8583 0.239712 0.773555 1.35582 3.90559 22 683 41417 41263 1 0 0 1 
0.352452 -1.90295 -5 -0.0660821 0.308493 0.328818 3.91755 22 684 3949 3948 1 0.450482 0.450482 37 
-1.66366 1.39868 5 0.250398 1.25733 -0.773139 4.00293 22 685 2198 2196 1 0.853552 0.853552 55 
-2.33471 -5 -3.58392 1.30429 2.97753 6.99383 3.8785 22 686 9403 9183 1 0.149615 0.149615 23 
-0.510917 -4.56264 -5 0.0443176 0.316563 0.936019 3.86563 22 687 36817 36751 1 0 0 1 
-3.66523 -5 -4.50427 0.135389 0.310374 -0.180476 3.93539 22 688 9168 8923 1 9.38035 9.38035 87 
-2.48609 -5 -1.74005 0.192129 0.43441 -0.188399 3.98636 22 689 32384 32383 1 0.345482 0.345482 25 
-2.96106 1.12837 5 0.100374 0.187595 -0.112618 4.04379 22 690 6453 6434 1 0.203624 0.203624 14 
-5 -1.30666 4.73866 0.0702413 0.381521 -0.332607 4.12829 22 691 6325 6304 1 0.510777 0.510777 20 
-5 4.72621 -0.160478 0.323418 0.956002 -0.105438 4.01321 22 692 1960 1931 1 0 0 7 
3.86944 -5 -2.5071 0.666549 1.01417 1.20953 3.91237 22 693 12640 12593 1 0 0 4 
4.07846 -5 -0.481561 0.0549465 0.241296 0.108971 4.11489 22 694 1915 1914 1 0.222397 0.222397 5 
-0.855231 3.76304 -5 0.0548602 0.258541 0.317293 3.88208 22 695 5748 5720 1 0.231753 0.231753 7 
-5 -4.83211 4.53929 0.143686 0.353556 0.303279 3.94471 22 696 5518 5515 1 0.256269 0.256269 32 
-5 4.93362 -1.89679 0.252362 0.0476258 0.0160062 4.07704 22 697 1929 1 1 0 0 4 
-4.08062 -0.821986 -5 0.0100153 0.660419 0.228654 3.92308 22 698 2826 2030 1 0.263897 0.263897 9 
-0.637422 -5 -4.07748 0.0823127 0.571647 0.305036 3.92701 22 699 6641 6600 1 0 0 3 
2.94159 -5 -2.40077 0.0713963 0.481076 -0.156806 4.05167 22 700 1931 1928 1 0.228454 0.228454 29 
-2.37695 -5 4.3335 1.61651 7.07998 3.04102 3.90072 11 701 1274 1177 1 3.94514 3.94514 61 
-4.45677 -5 -3.97955 -0.354417 0.287978 -0.229298 3.96975 22 702 1558 1533 1 7.07639 7.07639 80 
-5 4.15494 3.0984 0.218697 0.0991809 -0.661117 4.15087 22 703 1310 1308 1 0 0 15 
-5 -3.48965 -1.16977 0.114034 0.267173 0.420398 3.90926 22 704 28823 28822 1 0.0527195 0.0527195 5 
-3.92608 -5 -3.31727 0.740877 1.16684 3.24504 3.87202 22 705 4307 4065 1 2.58596 2.58596 94 
-5 -3.84815 4.82231 0.23931 0.375869 -0.073369 4.00591 22 706 10207 10181 1 0 0 8 
2.7688 3.55561 5 -0.00250246 0.51073 -0.0163741 4.04436 22 707 15189 15158 1 1.07828 1.07828 34 
-5 -1.88937 -4.27573 0.047943 0.107164 -0.105898 3.89839 22 708 3474 3350 1 0.872067 0.872067 57 
3.50985 -4.60555 -5 0.167084 0.0965949 0.17387 3.91875 22 709 1030 1 1 2.86971 2.86971 27 
4.67237 -5 -3.47702 0.0811206 0.215827 -0.273725 4.18677 22 710 32849 32847 1 0 0 3 
-5 -4.72991 -3.45604 0.0702519 0.292866 0.668741 3.87938 22 711 7377 7297 1 0.410103 0.410103 6 
-1.88425 -5 -4.64511 -0.119944 0.280404 -0.126288 4.02713 22 712 13516 13484 1 0 0 10 
-5 2.17872 -1.7144 0.0123347 -0.0203266 0.0237828 3.92167 22 713 11181 11171 1 0 0 1 
-4.15676 0.223965 -5 0.540123 4.01731 10.4859 3.8751 22 714 2766 2613 1 0 0 4 
4.96419 -5 1.885 -0.0275819 0.759576 -0.582658 3.9451 11 715 15800 15774 1 0.567819 0.567819 62 
3.55668 -5 1.48706 0.465774 0.461775 0.277479 3.93495 22 717 7867 7771 1 0.220249 0.220249 7 
-0.0818539 0.474836 -5 0.0900241 0.272948 0.154058 3.95116 22 718 3429 3428 1 0 0 5 
-2.16776 -5 -3.82018 -0.0266014 0.465506 0.491009 3.9025 22 719 4142 3970 1 0.171922 0.171922 6 
-2.72742 -2.26754 -5 0.155353 0.60735 0.994789 3.89227 22 720 1525 1396 1 0 0 4 
-5 0.41442 -2.48911 1.10545 0.916636 0.0371657 3.98364 22 721 3372 3371 1 7.03281 7.03281 90 
0.717207 4.75994 -5 0.00389771 0.0507321 0.423454 3.91429 22 722 6004 6003 1 0.599368 0.599368 45 
3.00597 -5 -4.2935 0.133373 0.433775 0.457064 3.91197 22 723 19905 19827 1 1.49922 1.49922 3 
-4.93482 -5 4.01141 -0.339142 0.885184 0.286188 3.95492 22 724 3457 3371 1 0.374471 0.374471 24 
-2.30921 -5 -4.08329 -0.196177 0.404034 -0.243703 4.02725 22 725 4412 4410 1 20.0524 20.0524 302 
-4.7121 -3.33319 -5 -0.0970279 0.238904 0.104997 3.92752 22 726 12677 10637 1 0.528546 0.528546 47 
-3.41668 -0.0670094 -5 0.228748 0.973253 4.51648 3.86145 22 727 8507 7975 1 0.373065 0.373065 10 
2.7777 -5 -1.46423 2.43922 2.51749 0.232442 3.98863 22 728 17729 17650 1 0.782416 0.782416 69 
-1.74541 -5 1.81143 0.304539 0.208468 0.407789 3.90593 22 729 2033 2032 1 1.25512 1.25512 41 
-4.00275 -5 4.03264 1.56202 3.58583 0.36666 3.95738 22 730 8099 8066 1 2.63493 2.63493 67 
-2.5568 3.69133 -5 0.198791 0.292217 0.252026 3.8989 22 731 17212 17172 1 0.4393 0.4393 30 
-2.94035 -0.329791 -5 0.128206 0.310415 0.1693 3.93071 22 732 6547 6524 1 0.779592 0.779592 44 
2.7123 -5 -1.55984 0.0894248 0.344595 0.366576 3.90754 22 733 29460 29457 1 0.386643 0.386643 25 
5 -1.44161 -2.78321 -0.0254211 0.232828 -0.197805 4.08728 22 734 6994 6993 1 0 0 3 
5 -3.1459 2.44991 -0.214456 -0.304917 0.0810453 4.09651 22 735 14747 14650 1 0 0 3 
0.153608 -1.65395 5 0.245513 0.0725112 -0.225575 4.16163 22 736 15897 15896 1 0.154379 0.154379 8 
2.17571 -5 1.39688 0.202731 0.337273 0.0203846 3.89727 22 737 1164 1 1 0.0267444 0.0267444 5 
1.32324 -0.874884 5 -0.127453 0.18852 -0.324056 4.05162 22 738 1106 1105 1 0.627851 0.627851 77 
2.89814 -5 -0.142235 -0.368715 0.414168 -0.189038 3.91408 22 739 7295 7294 1 2.24376 2.24376 49 
-0.593938 3.65382 -5 0.687906 4.19565 3.66402 3.90307 22 740 3002 2933 1 0 0 5 
3.65507 -5 3.33654 0.192966 0.444328 0.162653 3.97299 22 741 15477 15476 1 0.33123 0.33123 6 
5 1.12798 0.708784 -0.0952791 0.0487271 0.21024 3.90295 22 742 1088 1 1 0.173301 0.173301 32 
-4.53553 -0.382785 5 3.29479 5.69327 -2.0953 3.96761 22 743 4978 4977 1 0.28285 0.28285 34 
0.375036 -5 -0.796121 0.0981607 0.171224 0.0820022 3.99661 22 744 24836 24805 1 0.185424 0.185424 21 
5 -1.38655 -2.06489 -0.149154 -0.041297 -0.174756 4.07996 22 745 1923 1837 1 2.49321 2.49321 31 
5 -3.31337 0.700596 -0.142701 0.0183388 -0.154228 3.97432 22 746 41869 41515 1 0.149488 0.149488 6 
-2.36744 -5 1.36788 0.0907102 0.272173 0.145309 3.94682 22 747 1379 1317 1 0.378365 0.378365 30 
-5 -0.380112 1.29274 0.0281366 0.208696 0.0988332 3.91841 22 748 3270 3141 1 0.493616 0.493616 30 
5 3.74413 0.120996 -0.0933127 0.22869 0.197372 4.07038 22 749 3421 3386 1 0.581025 0.581025 9 
0.923675 -5 3.0735 1.0002 1.05171 0.374904 3.97925 22 750 13257 13228 1 0 0 2 
0.491831 -3.80575 -5 0.0729025 0.244698 0.107331 3.9105 22 751 1019 1 1 0.144346 0.144346 4 
4.78732 -3.09266 -5 0.557239 0.752714 1.16815 3.88563 22 752 2796 2787 1 0.364339 0.364339 12 
-3.78445 -5 -2.21136 0.102865 0.16755 0.0887623 3.90054 22 753 6125 6039 1 0.399746 0.399746 24 
-1.23101 0.293356 -5 0.797327 9.8106 18.4498 3.87182 -11 754 4848 4847 1 5.29445 5.29445 53 
-5 4.40521 -1.38155 0.257375 0.312215 -0.31209 4.04673 22 755 3767 3766 1 0.378936 0.378936 12 
2.0554 -5 3.93431 0.234234 0.399805 0.21543 3.97806 22 756 10895 10891 1 0.307962 0.307962 43 
2.18848 1.45472 5 0.602694 0.502931 -0.208371 4.01194 22 757 2282 2264 1 0.141576 0.141576 4 
-1.52326 1.76911 -5 0.201676 0.475784 0.423448 3.90142 22 758 5504 5296 1 0.510774 0.510774 22 
-1.34144 -0.978785 -5 0.927066 2.24874 1.95716 3.91611 22 759 30462 30429 1 0 0 2 
-2.72284 -5 4.70202 0.000167825 0.382465 0.0646268 3.95302 22 760 3299 2841 1 0.530492 0.530492 31 
3.18792 3.61067 -5 0.143579 0.43298 0.368108 3.90595 22 763 15740 15738 1 0 0 7 
-0.747932 -5 -1.22209 0.245359 0.229662 0.28607 3.89842 22 764 2029 1999 1 0.171325 0.171325 8 
4.60825 -5 -2.74274 1.12323 2.70162 0.617164 3.95824 22 765 10867 10796 1 0 0 2 
2.93827 -5 -0.561273 -0.20175 1.52364 -0.711017 3.97615 22 766 5333 5291 1 2.061 2.061 33 
4.98539 -4.32847 -5 -4.13184 6.62765 4.2306 3.86955 11 767 32956 32876 1 1.28443 1.28443 4 
-5 -1.68701 -2.65812 0.269683 0.104689 -0.421226 4.09021 22 768 5703 5701 1 7.43072 7.43072 51 
4.24 -5 2.03092 0.0890299 0.302692 0.155231 3.98847 22 769 4156 4155 1 16.4885 16.4885 182 
-5 -0.713763 4.01488 0.205285 0.56671 0.368752 3.95212 22 770 24009 23791 1 0.176775 0.176775 15 
-5 -0.294316 0.848606 0.189354 0.142864 0.339884 3.91898 22 771 1372 1 1 3.97766 3.97766 14 
0.93285 -5 1.34104 3.22618 6.49818 16.554 3.89614 22 772 8526 7875 1 0 0 1 
-3.45186 4.40389 -5 0.326093 0.251018 0.302941 3.93611 22 773 6425 6401 1 1.45452 1.45452 39 
-0.778379 -5 -1.35958 0.0370941 3.08516 -1.70894 4.01201 22 774 4560 4527 1 0 0 4 
0.939693 -5 -1.99918 0.0938332 0.254031 -0.344788 3.90109 22 775 7009 6980 1 0.264673 0.264673 22 
-4.46206 -5 -0.0795623 0.339766 0.594359 0.0745546 3.98671 22 776 15795 15794 1 0 0 6 
-4.90666 -5 1.24711 0.0463127 0.353402 0.141551 3.93478 22 777 6332 6330 1 0 0 9 
0.915897 4.50611 -5 0.184952 0.296907 0.311141 3.90636 22 778 11171 11002 1 0.205736 0.205736 31 
-0.219212 -2.92395 -5 0.0847553 0.111549 0.466931 3.87054 22 779 30309 30108 1 0 0 1 
-4.12568 -5 4.65202 0.01336 0.308569 0.0250888 3.93977 22 780 6156 6128 1 1.65121 1.65121 42 
-5 -1.61887 -0.674826 0.199762 0.261459 -0.390966 4.05268 22 781 1727 1725 1 0.291724 0.291724 5 
-5 -4.77208 -3.83526 0.222151 0.204782 -0.0816128 4.03665 22 782 4749 4722 1 4.86782 4.86782 82 
0.985266 -5 1.12286 0.290527 0.279242 0.314226 3.90591 22 783 7587 7586 1 1.0295 1.0295 67 
-4.12166 -2.69413 -5 -0.0103409 0.433198 0.270837 3.89141 22 784 4780 4765 1 0.0789331 0.0789331 6 
1.39103 -4.48395 -5 0.110366 0.200267 0.183598 3.90179 22 785 16219 16118 1 1.72949 1.72949 48 
2.07261 -1.90976 -5 3.1867 3.2923 12.5207 3.86968 22 786 2023 1768 1 7.40396 7.40396 65 
-5 -3.0704 -2.50296 0.240597 0.425165 0.149893 4.00744 22 787 13212 13210 1 0.289381 0.289381 24 
4.78205 -4.69947 -5 0.131795 0.108333 0.340972 3.89812 22 788 5828 5788 1 8.01161 8.01161 52 
-1.03984 -5 4.6386 -0.180042 0.343664 -0.22026 4.09875 22 789 8599 8598 1 0.588653 0.588653 51 
-5 -0.689124 0.16129 0.222745 0.186616 0.0887454 3.92987 22 790 9902 9901 1 0 0 8 
0.709675 -5 -0.0507069 1.55784 8.51667 15.7501 3.89409 22 791 1260 1 1 0.556478 0.556478 37 
-5 2.41585 2.06574 0.194766 0.151099 0.268035 4.1082 22 792 7654 7653 1 0 0 3 
0.367215 -5 -0.242396 0.0147401 0.482691 -0.16707 3.94499 22 793 1991 1965 1 0.468859 0.468859 12 
-3.4593 -5 0.965129 0.0692973 0.253085 -0.262923 4.28169 22 794 7970 7969 1 0.144161 0.144161 28 
-3.56972 -5 -1.85897 0.0648121 0.496457 0.102225 3.96491 22 795 8296 8294 1 6.15631 6.15631 125 
4.34627 2.89122 -5 -0.0415158 1.51287 1.28232 3.92267 22 796 2311 2086 1 0 0 4 
-1.65082 -5 1.28934 0.0774192 0.842225 0.988612 3.90708 22 797 3085 3003 1 0.603729 0.603729 31 
-3.60796 -5 1.21842 1.1015 7.63947 3.85571 3.91676 22 798 6135 6134 1 0.384707 0.384707 71 
-4.77883 2.28344 -5 0.260145 0.668106 0.681892 3.90375 22 799 8517 8375 1 0.357097 0.357097 27 
0.814627 -5 -2.85694 -0.0870388 1.23948 0.460577 3.97756 22 800 5608 5548 1 0.0518223 0.0518223 3 
-2.64068 -2.94834 -5 -0.730109 4.89418 3.47634 3.89411 22 801 3576 3575 1 4.84386 4.84386 13 
-1.39519 3.59184 -5 -0.346883 0.425251 0.920678 3.90062 22 802 9405 9264 1 1.89236 1.89236 105 
3.86861 -5 -3.99338 0.223895 0.459335 0.00144144 3.9687 22 803 8092 8062 1 0 0 3 
-4.67514 -4.11907 -5 -0.274666 0.919839 1.61728 3.89301 22 804 4326 4299 1 1.45006 1.45006 44 
-1.40826 -5 0.0925482 0.291616 3.55191 1.59553 3.88316 11 805 2834 2796 1 3.92337 3.92337 50 
-5 -2.93174 -1.86324 0.415907 0.451921 1.09972 3.88955 22 806 1294 1 1 0 0 2 
-4.90805 -5 3.09896 -1.05126 0.683458 0.907102 3.8989 22 807 1191 1 1 1.62625 1.62625 25 
5 2.28695 -1.70843 -0.229996 1.75189 3.22494 3.89137 22 808 1285 1254 1 0.292869 0.292869 34 
2.91048 0.819698 -5 -0.32225 0.335024 1.25465 3.91747 22 809 11814 11677 1 0.7889 0.7889 16 
-0.479649 -1.73959 -5 0.718801 0.802346 6.57883 3.85828 22 810 2006 1 1 1.29891 1.29891 25 
-1.47407 -0.505427 -5 -0.0256146 0.599201 0.935527 3.88838 22 811 28110 24179 1 0 0 3 
-5 -1.58699 0.154939 0.113986 0.128854 -0.0182922 3.97834 22 812 4807 4806 1 0.0198298 0.0198298 5 
1.84025 0.632458 -5 -0.129558 0.225641 0.393986 3.92609 22 813 5307 5037 1 0.187944 0.187944 25 
-1.95065 -5 -4.91669 0.00537131 0.230184 -0.20941 4.237 22 814 1363 1344 1 0.212177 0.212177 6 
-5 1.52659 -4.66748 0.218299 0.453642 1.01747 3.93058 22 815 3721 3699 1 0 0 5 
3.66103 1.77179 5 0.207988 0.300359 -0.313651 4.02439 22 816 5969 5950 1 1.02366 1.02366 61 
4.59895 -4.16027 -5 0.308979 -0.0341088 0.405572 3.91291 22 817 2637 2636 1 0.109434 0.109434 6 
2.87952 -5 1.62944 0.143737 0.616911 0.509269 3.93293 22 818 3757 3755 1 0.605651 0.605651 72 
4.12402 -2.56627 -5 0.361849 0.245457 0.264455 3.92192 22 819 7641 7633 1 0.60225 0.60225 54 
2.40962 -3.65547 -5 1.1143 2.46907 7.83434 3.86712 22 820 1088 1 1 0.697628 0.697628 25 
-5 1.06518 1.71002 0.266104 0.16747 -0.220728 4.04216 22 821 1933 1931 1 2.24126 2.24126 57 
2.74567 -5 -2.37932 1.64241 2.38793 10.9656 3.86811 22 822 2755 2734 1 11.1089 11.1089 175 
-5 -2.97446 0.439009 0.00759511 0.0234264 -0.0161537 5.04017 22 823 1512 1496 1 0.71037 0.71037 71 
1.07989 -1.12384 5 -0.0303345 0.166658 -0.183988 4.10653 22 824 1807 1805 1 0.0520219 0.0520219 5 
-1.15407 4.73879 -5 0.297441 1.32349 0.118069 4.04202 22 825 2579 2578 1 0 0 6 
-3.58859 -5 4.61643 -0.0175223 0.494404 -0.127975 3.92782 22 826 16760 16759 1 2.31249 2.31249 43 
4.26226 -5 -4.5794 0.13939 0.112238 -0.187801 3.9243 22 827 3695 3585 1 0 0 8 
4.28852 -5 -0.69612 0.334273 0.733669 -0.214631 4.03217 22 828 1306 1239 1 1.48158 1.48158 11 
-4.0454 -5 -4.53978 -0.0681956 0.153295 -0.00492254 4.12312 22 829 4820 4819 1 0 0 6 
-4.7953 -5 1.53669 0.690164 2.0453 2.23161 3.90203 22 830 8832 8700 1 0.530163 0.530163 12 
-4.96048 -5 -0.147141 3.42065 1.16247 2.44106 3.88315 -11 831 6791 6790 1 4.68552 4.68552 102 
-1.91158 -1.88323 -5 1.68335 3.70423 21.5927 3.86034 22 832 1148 1 1 3.74575 3.74575 20 
-0.0255031 -5 -1.66332 -0.0933825 0.53164 0.486718 3.90925 22 833 6758 6703 1 0.542847 0.542847 27 
2.50289 -5 0.104307 0.0933602 0.501146 -0.0354427 4.0577 22 834 5551 5548 1 0.36303 0.36303 20 
2.69483 -5 -2.22275 0.0495594 0.312531 -0.0166949 3.97918 22 835 15472 15471 1 0.603457 0.603457 45 
-1.89871 -5 1.20854 0.0475569 0.452126 -0.0314324 4.12872 22 836 10474 10473 1 0.468014 0.468014 44 
-3.96959 -0.58273 5 0.0399571 0.109086 -0.229265 4.11879 22 837 1300 1024 1 5.08776 5.08776 124 
1.46665 -3.53079 -5 0.192847 0.623653 0.89772 3.91104 22 838 6488 6487 1 0.0931867 0.0931867 12 
1.79335 -5 0.256838 0.26365 0.434384 -0.0540257 3.95455 22 839 1288 1262 1 0 0 2 
-3.0543 -5 1.76838 -0.119021 0.464854 0.541734 3.8883 22 840 3051 3018 1 4.55004 4.55004 62 
-3.55319 -5 -3.64933 0.173024 0.536595 0.279674 3.90019 22 841 6517 6337 1 0.988379 0.988379 33 
-0.2677 -4.23211 -5 0.0885902 0.393786 0.313376 3.92336 22 842 6758 6757 1 0.0954986 0.0954986 30 
-0.0596728 -5 -3.04149 0.0159551 0.18424 -0.0719277 3.99306 22 843 3089 3088 1 0.345074 0.345074 33 
-2.84067 -5 0.679464 8.92341 12.4951 13.4678 3.89222 11 844 1 0 1 7.95227 7.95227 130 
-3.00934 -1.89152 -5 -0.355333 0.550189 0.414559 3.86817 22 845 1113 1064 1 16.5775 16.5775 214 
2.91997 -5 -3.76767 1.72466 2.37365 -2.1492 4.15571 22 846 12129 12098 1 0 0 5 
4.55613 -5 3.15995 0.296867 0.4058 0.0911946 4.01321 22 847 44196 44195 1 0.0218783 0.0218783 4 
0.289413 -1.91504 -5 0.025391 0.737039 0.918712 3.89759 22 848 12739 11145 1 0 0 4 
1.68238 -5 -0.476583 0.151284 0.383696 0.517933 3.91925 22 849 22566 22515 1 0 0 1 
2.7148 -5 4.23859 0.222185 0.303957 -0.345491 4.05772 22 850 10992 10991 1 0.175555 0.175555 22 
-5 -0.661911 2.56758 0.376864 0.203846 -0.0540565 3.9843 22 851 10422 10421 1 0.689235 0.689235 40 
4.79285 2.33043 -5 1.57337 5.88995 5.12568 3.9158 22 852 7382 7328 1 0.483267 0.483267 35 
-5 -0.646061 -1.90776 0.156959 1.33796 3.46415 3.88639 22 853 2919 2853 1 0.457245 0.457245 9 
-2.79823 2.80124 5 -0.192652 0.219036 -0.198318 4.07697 22 854 13969 13968 1 4.27887 4.27887 79 
3.528 -5 2.25741 0.963445 1.91936 3.39126 3.89094 22 855 5720 5547 1 5.53486 5.53486 110 
-3.03982 -2.01548 -5 -0.222944 0.165033 0.429162 3.90354 22 856 9318 9317 1 0 0 1 
-1.32715 4.48103 -5 0.236218 0.441017 0.104043 3.95146 22 857 5099 5098 1 1.11014 1.11014 28 
-5 -3.23209 3.37814 0.0936982 0.31481 0.113778 3.91884 22 858 3955 3496 1 0.380101 0.380101 9 
-5 1.44292 2.65958 0.175349 0.211109 0.0818546 3.91872 22 859 4636 4350 1 5.61496 5.61496 98 
0.134582 -5 2.7292 -0.262655 0.455131 -0.202848 4.05789 22 860 5360 5305 1 0.0372003 0.0372003 6 
-0.861086 -1.0638 5 0.137518 0.361747 -0.333688 4.12682 22 861 9665 9664 1 6.5518 6.5518 36 
-3.37947 1.86928 -5 0.115131 1.78549 5.63412 3.86606 22 862 1137 1 1 1.28868 1.28868 7 
-2.31639 -5 -4.92776 0.29201 0.996927 0.988131 3.88622 22 863 6156 6084 1 1.38384 1.38384 67 
5 -3.27644 -0.50865 -0.319356 0.204999 0.0712827 3.93014 22 864 13006 12963 1 0.385812 0.385812 22 
2.27879 5 -2.65148 -0.0485889 -0.153127 0.158223 3.94478 22 865 3271 3270 1 0.283205 0.283205 12 
-2.99854 -5 0.890187 0.240877 0.752012 -0.381624 4.01678 22 866 11677 11621 1 0 0 2 
-0.773206 5 -2.22926 0.0746529 -0.191518 0.157434 3.99214 22 867 14485 14475 1 9.94117 9.94117 104 
-0.905044 -5 2.49931 0.179312 0.751908 0.350949 3.94759 22 868 17455 17426 1 0 0 2 
-3.10152 -4.4755 -5 0.293126 0.980723 1.24841 3.87909 22 869 17020 16170 1 1.64012 1.64012 17 
0.0521775 -5 2.01977 0.0905594 1.17944 3.94437 3.89258 22 870 36098 35617 1 0.209656 0.209656 15 
-3.92238 3.73522 5 0.00816977 0.435037 -0.392877 4.01819 22 871 35734 35011 1 0 0 2 
5 -0.138391 -2.4549 -0.21022 0.0921664 -0.0461631 3.95301 22 872 18357 18318 1 0 0 2 
-1.35433 -3.80304 -5 0.00123409 0.451987 0.812623 3.87993 22 873 10626 10232 1 0.767161 0.767161 33 
-4.32788 0.365258 -5 0.562297 1.98763 3.00161 3.88971 22 874 14694 14602 1 0 0 6 
-2.74198 -5 2.14267 0.106671 0.471164 -0.166569 4.09819 22 875 7065 7063 1 0.510356 0.510356 42 
1.20725 -5 1.74281 0.0500823 0.290657 -0.535691 4.13335 22 876 6436 6435 1 0 0 12 
1.89229 -5 4.70726 0.0392069 0.214244 -0.161308 4.00175 22 877 4054 4053 1 0.381919 0.381919 14 
2.039 -0.42295 -5 15.38 20.714 2.80748 3.8591 11 878 1841 1682 1 38.409 38.409 452 
-3.21762 -5 1.7025 0.127359 0.215678 -0.0134959 3.96925 22 879 6849 6848 1 0.0465058 0.0465058 5 
-2.71198 -5 0.191844 0.425701 0.428766 0.26757 3.94447 22 880 2796 2741 1 0 0 5 
-1.03483 -4.42376 -5 1.91253 1.50119 2.54625 3.89716 22 881 4585 4553 1 0 0 11 
0.31676 1.708 -5 0.0698352 0.388641 0.997028 3.87256 22 882 9523 8780 1 0.180097 0.180097 14 
-4.9976 -5 4.93698 0.194651 0.0629759 -0.23264 4.07043 22 883 6109 6089 1 0 0 5 
5 -0.684359 0.607016 -0.031767 0.117444 0.0184973 3.92354 22 884 9950 9917 1 0.122689 0.122689 29 
4.18196 -0.239729 -5 0.314801 0.529812 0.895742 3.88732 22 885 26748 26653 1 0 0 2 
4.17868 -5 4.80419 -0.129392 3.66601 1.13754 3.93628 22 886 3429 3365 1 6.01029 6.01029 40 
1.62972 -5 1.32341 0.0857657 0.435035 0.253986 3.95207 22 887 4317 4316 1 0.615984 0.615984 29 
3.7744 -5 -1.64031 0.0177877 0.213466 0.340667 3.92351 22 888 2010 1981 1 0.30449 0.30449 27 
-0.935519 -5 -1.61191 0.154979 0.385177 0.040819 3.95822 22 889 12268 12267 1 5.34225 5.34225 83 
0.0866119 -5 -3.42503 0.146178 1.82831 1.60789 3.88503 22 890 9501 9393 1 1.30074 1.30074 34 
-0.689887 3.08349 -5 0.250181 -0.0211916 0.418062 4.01108 22 891 1284 1283 1 1.69284 1.69284 8 
-5 -1.84038 0.198279 0.473517 0.192073 0.00304543 4.04784 22 892 12916 12915 1 0.350856 0.350856 7 
-2.52622 -5 -2.72138 4.50163 3.15747 3.33988 3.92717 -11 893 28329 28328 1 6.75559 6.75559 98 
-1.36885 -5 -4.80446 -0.0085672 0.0915347 0.50716 3.8797 22 894 1160 1126 1 0.806742 0.806742 12 
5 -2.48769 -1.35518 -0.068325 0.432054 0.162747 3.98679 22 895 1123 1122 1 1.84597 1.84597 70 
-1.63459 -2.84292 -5 0.0792533 0.170576 0.0840299 3.96515 22 896 33572 33571 1 0 0 1 
-4.03009 -5 -1.21718 -0.777732 0.290181 -0.636044 4.07051 22 897 5732 5731 1 0.473424 0.473424 31 
-3.47877 -5 3.87675 0.0107822 0.448527 -0.244596 4.12731 22 898 23888 23887 1 0 0 3 
2.70571 -5 0.558331 0.356337 0.366157 -0.0085285 3.98232 22 899 1726 1725 1 0.552437 0.552437 53 
-1.28616 1.34659 -5 -0.0366007 -0.0434096 1.43142 3.89366 22 900 22589 22383 1 1.32207 1.32207 58 
2.73554 5 -4.2637 -0.310793 -0.405545 -0.00778221 3.98925 22 901 4161 4160 1 0.239707 0.239707 6 
-1.84954 -5 2.31865 0.0456784 0.245233 0.181833 3.96108 22 902 2479 2409 1 0.944986 0.944986 39 
-1.765 -5 -1.72805 0.065904 0.944205 0.0842737 4.03102 22 903 7104 7058 1 0.520029 0.520029 7 
-5 -4.64326 2.49767 0.178325 0.292319 -0.0802531 3.99699 22 904 26691 26688 1 0.510689 0.510689 22 
-0.906813 -5 -2.3416 0.0311022 1.14402 0.34109 3.91972 22 905 4650 4562 1 0 0 11 
-0.483287 -5 3.79554 0.0905768 0.225033 -0.236991 4.03564 22 906 4567 4369 1 0.779862 0.779862 55 
0.410792 4.10312 -5 0.186132 0.474821 0.628568 3.896 22 907 2143 2139 1 0.000813456 0.000813456 8 
4.5468 3.19637 -5 0.522159 0.530011 0.8764 3.88882 22 908 17270 17214 1 0 0 4 
1.85768 -5 2.73885 2.59656 5.3472 2.32588 3.95437 22 909 10442 10441 1 0 0 5 
-4.88946 -0.43369 -5 0.263957 0.385538 0.242851 3.90399 22 910 28132 27979 1 0 0 3 
0.812364 -5 3.48203 0.000982802 0.563549 0.00169589 3.96135 22 911 4839 4690 1 0.924796 0.924796 50 
-5 -4.8699 -3.30887 0.225194 0.109545 0.398056 3.87805 22 912 1533 1532 1 1.49797 1.49797 79 
5 4.61153 -3.98952 -0.0718326 0.455397 -0.00827258 4.07118 22 913 19301 19300 1 0.318658 0.318658 8 
-3.97505 -1.9933 -5 0.055242 0.509409 0.908544 3.88287 22 914 26335 26261 1 0 0 3 
4.63002 -5 -1.01492 0.34202 0.258745 -0.0347396 4.00612 22 915 2840 2805 1 0 0 14 
-5 2.94526 3.4612 0.166731 0.398292 -0.185178 4.04878 22 916 40999 40998 1 0 0 1 
-2.71783 -1.99037 -5 0.531668 0.886901 2.05629 3.87285 22 917 10075 9962 1 0 0 8 
-5 -3.42998 -1.97685 0.214348 2.02823 1.83038 3.91241 22 918 13653 13603 1 1.014 1.014 30 
-4.24823 -5 -2.95713 0.00133497 0.158812 -0.159353 4.0724 22 919 6692 6600 1 0 0 11 
1.64793 -5 0.233653 0.351601 0.413776 -0.397821 4.01767 22 920 19088 19008 1 0 0 3 
-0.79224 -5 4.91105 0.743972 1.79937 4.12878 3.90178 22 921 2683 2562 1 8.02094 8.02094 129 
-3.28634 -5 2.83292 0.23364 0.225437 0.0939495 3.91394 22 922 1313 1 1 2.70701 2.70701 22 
-0.0305977 -5 -2.1402 0.385766 0.334078 0.0263916 3.98945 22 923 4892 4871 1 0.73102 0.73102 57 
-1.37863 2.97064 -5 0.121121 0.283429 0.407575 3.90088 22 924 6400 6399 1 0.258463 0.258463 5 
-5 -4.53853 3.57358 0.301657 0.216549 0.137669 3.93652 22 925 17237 17172 1 0 0 3 
-5 -3.32894 1.37542 1.20656 2.40567 4.38322 3.8962 22 926 2449 2327 1 1.24386 1.24386 18 
5 -4.94665 1.70799 -0.590001 -0.315447 0.671085 3.91929 22 927 3697 3621 1 0.396568 0.396568 10 
3.91391 -5 -3.00953 0.182038 0.170953 0.16463 3.90905 22 928 18810 18613 1 0 0 6 
4.8036 -5 -2.64883 0.224846 0.656675 0.327971 3.91872 22 929 6688 6171 1 0.49559 0.49559 26 
-5 -0.141 3.66237 0.045598 -0.00623457 -0.162881 3.98119 22 930 4777 4714 1 0 0 2 
-4.04127 -4.59738 -5 1.37114 3.72351 3.95372 3.89385 22 931 10027 9862 1 0 0 3 
-3.77092 -5 -1.54113 0.102624 0.787243 0.722415 3.91104 22 932 34995 26919 1 0 0 5 
-3.28141 -5 -3.69107 4.33634 4.08481 4.11678 3.90196 22 933 22931 22930 1 0.108271 0.108271 8 
5 1.99885 -3.83768 -0.0449478 0.221722 -0.148233 4.06908 22 934 5884 5883 1 0.0159971 0.0159971 8 
-2.04875 -5 -4.58144 -0.195421 0.329739 0.0504164 3.93105 22 935 5129 5128 1 1.2074 1.2074 83 
-1.74147 -2.32605 5 0.0840035 0.370088 -0.342196 4.10329 22 936 3835 3813 1 0.00176938 0.00176938 6 
0.202928 -5 1.30442 0.204446 0.467193 0.0324456 3.95277 22 937 4233 4232 1 0.271759 0.271759 6 
-5 -3.22907 -3.93366 0.332432 0.106338 0.243391 3.94148 22 938 1897 1896 1 6.29017 6.29017 88 
1.8247 0.18778 -5 0.0732635 0.653724 1.0498 3.87184 22 939 6227 5919 1 0.756207 0.756207 89 
-5 1.12775 4.98431 0.0555078 0.226517 -0.454674 4.1251 22 940 3354 3352 1 0 0 3 
3.25143 -4.6862 -5 0.929098 1.09665 3.92665 3.87514 22 941 9050 9004 1 0.122997 0.122997 7 
-4.28157 -5 -2.8984 0.0695051 0.457523 0.559297 3.88237 22 942 5164 5086 1 0 0 9 
-5 4.67797 1.73424 0.0517394 0.0820632 0.168432 3.94727 22 943 5723 5570 1 0.164791 0.164791 10 
2.15313 2.62745 -5 0.118967 0.285178 0.44588 3.89572 22 944 11455 11454 1 0.133963 0.133963 30 
1.41349 -5 -1.55099 0.263318 0.138184 0.191737 3.9443 22 945 15352 15306 1 0.745049 0.745049 37 
1.08505 -5 0.464739 -0.0867433 1.2839 1.8206 3.901 22 946 8769 8737 1 0.204287 0.204287 14 
5 -1.575 -4.10624 -0.0668753 0.378036 -0.160011 4.02733 22 947 26639 26558 1 0.0742714 0.0742714 5 
-2.09485 -0.28185 5 0.114929 0.386833 -0.313482 4.21464 22 948 17329 17328 1 0.236151 0.236151 24 
2.89189 -3.85557 -5 0.146752 0.185397 0.190465 3.88869 22 949 9631 9599 1 0 0 5 
4.83583 1.51137 -5 0.0148453 0.199107 0.342489 3.89571 22 950 13549 13361 1 0 0 4 
0.829677 -4.70507 -5 0.127924 0.341156 0.478575 3.88366 22 951 2803 2769 1 1.13066 1.13066 55 
4.53532 -5 -0.225016 0.0979568 0.25843 0.296197 3.8987 22 952 5510 5491 1 0 0 8 
-5 4.67514 -0.988557 0.60605 1.28227 1.3842 4.06124 11 953 7662 7661 1 1.39527 1.39527 11 
-2.87427 -3.8069 -5 0.0128123 0.131774 0.223873 3.87256 22 954 23532 23457 1 0.260507 0.260507 21 
3.24229 -3.3606 -5 -20.8063 -3.16556 23.0781 29.6095 2112 955 4375 4330 1 0.203655 0.203655 29 
-3.5477 -5 -4.05072 -0.134667 0.324133 -0.130105 4.04317 22 956 2719 2648 1 0 0 9 
-3.79688 -5 1.60106 -0.0121937 0.457204 0.227895 3.96857 22 957 3683 3682 1 0.507843 0.507843 26 
-0.567699 0.231192 -5 -0.0929732 0.837124 1.29747 3.87962 22 958 1598 1519 1 1.84612 1.84612 59 
-5 -4.12343 -4.87899 0.129829 0.444675 0.0808384 3.9159 22 959 4857 4820 1 7.09487 7.09487 96 
2.66742 -5 2.71259 0.288156 0.612927 0.061902 3.93164 22 960 9618 9599 1 0 0 2 
-0.728045 -5 2.74477 0.0694031 0.536685 0.400753 3.90514 22 961 5220 5089 1 9.51939 9.51939 42 
1.64366 -5 -0.667863 -0.00102824 0.209007 -0.466299 4.12725 22 962 15939 15938 1 0 0 3 
-5 -1.28971 2.4377 0.168377 0.448158 -0.178672 4.07743 22 963 1353 1327 1 8.4396 8.4396 63 
2.96994 -5 1.13768 -0.0620596 0.495524 0.108279 4.01342 22 964 24703 24702 1 0 0 9 
0.204089 -5 -3.44193 0.870151 1.45589 2.07868 3.88229 22 965 3129 2908 1 0.318274 0.318274 49 
2.72636 -1.82209 -5 0.078589 0.691596 1.20271 3.87828 22 966 12200 12069 1 0.0937686 0.0937686 8 
-1.95066 -5 -4.91572 -0.165861 0.192211 -0.107355 3.90182 22 967 21780 21467 1 0.573684 0.573684 9 
-4.87086 -5 -0.0152277 -0.0375286 0.696878 0.443006 3.9297 22 968 13107 12905 1 0.488801 0.488801 34 
5 4.14659 -2.84331 -0.0446713 0.0186828 -0.217452 3.88933 22 969 1682 1 1 3.69462 3.69462 82 
-5 -1.92089 -3.31786 0.187351 0.377392 -0.136877 4.00407 22 970 13662 13629 1 0.344625 0.344625 29 
0.435983 1.3649 -5 0.108229 -0.129332 0.0963258 3.94584 22 971 7292 7223 1 8.32185 8.32185 37 
-5 -0.885765 -0.947498 0.214192 0.392968 0.246612 3.96784 22 972 6886 6885 1 3.85873 3.85873 75 
1.50176 1.14125 -5 0.227343 1.18895 1.44142 3.91018 22 973 4005 3729 1 0 0 5 
-4.06878 -5 0.97047 2.0966 2.53578 4.27032 3.89661 22 974 3809 3790 1 0 0 5 
1.72402 3.23906 -5 0.0875981 0.197313 0.559245 3.8772 22 975 4359 4306 1 0.153232 0.153232 27 
-4.35551 -5 -0.0732391 16.3912 3.85136 -13.6758 15.1692 2112 976 4952 4891 1 0.376003 0.376003 33 
-5 4.73422 3.00634 0.336954 1.38354 0.400857 3.94229 22 977 1232 1182 1 0 0 3 
3.39621 -2.06651 -5 0.907762 4.89796 5.15556 3.89685 22 978 4675 4627 1 0.205816 0.205816 42 
-2.36404 -5 4.21358 0.0805923 0.246777 -0.090146 4.13123 22 979 7334 7289 1 0.259521 0.259521 29 
2.07827 -5 2.05956 -0.15543 0.853756 0.566531 3.90839 22 980 6848 6653 1 2.68761 2.68761 60 
3.95245 -5 3.36317 0.143854 0.801668 0.651875 3.9292 22 981 3443 3394 1 0.171533 0.171533 44 
-0.0876454 1.56167 -5 2.38579 3.54124 3.58932 3.90256 22 982 7218 6931 1 0.463215 0.463215 72 
-3.45977 -5 -0.608877 0.00599996 0.362734 -0.359872 3.92966 22 983 7768 7766 1 0 0 3 
3.58499 -5 -2.88097 0.608242 1.00553 2.23274 3.89005 22 984 9732 9645 1 0.0320873 0.0320873 7 
4.55724 -5 -3.79356 0.191291 0.242525 0.202864 3.93194 22 985 5357 5356 1 0.0702287 0.0702287 8 
-1.35197 -5 -1.36403 -0.0579816 1.05497 -0.154521 4.06834 22 986 13534 13448 1 0 0 3 
-2.17215 0.308858 -5 -0.0919527 1.03579 0.858086 3.90675 22 987 10634 10633 1 9.32648 9.32648 23 
4.76944 -5 1.53109 0.212988 0.447896 -0.0588615 3.97385 22 988 4384 4352 1 7.00116 7.00116 83 
1.23473 -5 4.19636 -0.000246845 0.0123561 0.0267337 3.92578 22 989 15419 15401 1 0.095164 0.095164 15 
-5 2.05426 -1.4344 0.158243 0.421855 0.454372 3.91035 22 990 17083 17048 1 0 0 3 
0.523605 -5 3.47564 0.20566 1.41456 1.29206 3.92991 22 991 7068 7006 1 0 0 3 
-5 -2.96838 0.119702 0.168592 0.481633 -0.0269487 4.00314 22 992 4627 4625 1 0.0645469 0.0645469 4 
-0.702408 -3.14996 -5 0.0761831 0.205286 0.54688 3.89221 22 993 2393 2150 1 2.20846 2.20846 67 
0.979797 -1.14648 5 -0.247495 0.328137 -0.303631 4.10141 22 994 1337 1335 1 0.537365 0.537365 9 
-5 -4.09098 -3.46265 0.182731 0.551396 0.712955 3.89328 22 995 10489 10351 1 0.107242 0.107242 4 
-5 -3.017 -3.06238 0.139513 0.0889874 -0.202439 4.04638 22 996 22125 22104 1 0.261103 0.261103 26 
-3.70596 -5 -3.87828 0.0896405 0.382378 0.332093 3.92814 22 997 3878 3763 1 0.0970145 0.0970145 7 
-4.57969 -3.47941 -5 0.35629 0.741044 0.534371 3.90104 22 998 3598 3596 1 7.02928 7.02928 79 
-4.16382 -5 -1.588 0.0812765 0.359483 0.353958 3.96715 22 999 18371 18370 1 1.44051 1.44051 46 
-4.61405 -1.0816 -5 0.465854 -0.0675168 0.408522 3.91388 22 1000 2925 2878 1 3.64703 3.64703 42 
