# Det6_6_16
#x y z Px Py Pz t PDGid EventID TrackID ParentID Weight Edep VisibleEdep Ntracks
0.96361 -5 -2.43571 -0.499161 2.66258 4.73373 3.90706 -11 1 1148 1147 1 5.68963 5.68963 77 
-3.5243 5 4.56941 0.0998913 -0.0636275 0.299068 3.99267 22 2 1409 1407 1 12.9622 12.9622 173 
1.27941 -3.82629 -5 1.16346 1.15343 10.6984 3.85456 22 3 3840 3502 1 15.2457 15.2457 199 
-1.77309 -5 -1.98292 -0.00882179 0.0143108 0.321543 3.86301 22 4 1770 1477 1 68.8266 68.8266 751 
-5 -1.38128 -1.30135 0.988308 1.16709 10.4821 3.86846 22 5 5280 4996 1 7.65751 7.65751 136 
-0.45989 3.13771 -5 2.81606 -0.496764 50.5462 3.85299 22 6 1424 1085 1 101.238 101.238 1074 
-5 -4.13389 -1.3976 7.77395 -4.79645 26.0362 3.87025 22 7 1069 1 1 18.8853 18.8853 219 
0.522934 3.97435 -5 -0.0235376 0.18075 0.736353 3.86465 22 8 2629 2456 1 13.0353 13.0353 118 
-5 -3.89936 2.54444 4.60723 3.65035 2.23323 3.89084 11 9 3420 1351 1 14.149 14.149 239 
-1.42844 0.914362 5 0.0198767 0.17896 -0.15052 4.02945 22 10 2209 2171 1 22.2363 22.2363 262 
1.2783 5 -3.00462 -0.11455 -0.236937 -0.438017 3.93267 22 11 2730 2729 1 68.3581 68.3581 952 
-1.17895 -0.883692 -5 0.759011 0.349224 7.89275 3.85482 22 12 4242 3450 1 4.64838 4.64838 19 
-0.0220773 2.05955 -5 0.143332 4.79867 60.1633 3.85367 22 13 1270 1 1 59.054 59.054 500 
-2.28953 -0.715166 -5 -0.168813 0.00590977 0.220568 3.95092 22 14 2391 2363 1 72.98 72.98 590 
-2.15121 -5 -3.4271 0.184836 0.385391 0.272366 3.89802 22 15 8582 8217 1 0.00784033 0.00784033 10 
-4.21471 -2.84781 -5 0.600359 0.151939 1.93108 3.85458 22 16 4040 3534 1 29.5728 29.5728 281 
1.25865 -5 -1.68401 0.0418682 0.220666 0.458992 3.89285 22 17 5982 5981 1 0.751569 0.751569 23 
-2.76365 5 2.42964 0.157052 -0.285781 0.393426 3.89592 22 18 2238 2237 1 12.6463 12.6463 150 
-1.46067 -2.94775 -5 0.0918633 0.0702064 0.166585 3.90535 22 19 7633 7632 1 3.55089 3.55089 39 
2.5951 -3.65408 -5 1.19704 0.120878 2.02036 3.8677 22 20 3448 1 1 9.76498 9.76498 166 
3.69326 2.00019 -5 0.221557 0.321164 1.37466 3.86078 22 21 1056 1 1 7.48423 7.48423 39 
4.22031 -2.12541 -5 0.287928 -0.100574 0.610461 3.866 22 22 3139 2936 1 2.56515 2.56515 62 
2.52356 -5 -1.70955 0.100067 0.166302 -0.171207 3.97676 22 23 2594 2501 1 33.4746 33.4746 256 
-5 -3.31037 -4.83155 2.42792 2.43406 19.4186 3.85576 22 24 4169 3337 1 7.78944 7.78944 157 
-5 -2.25445 2.07046 0.437144 0.0698513 -0.255237 3.95667 22 25 2667 2642 1 6.1521 6.1521 121 
4.14365 -0.3788 -5 0.9001 1.46205 2.97536 3.86886 22 26 3430 3311 1 1.24148 1.24148 33 
-5 2.26006 2.87048 0.623384 0.192088 -0.0169773 4.03614 22 27 6649 6604 1 5.25931 5.25931 60 
-5 -3.49118 1.02888 0.111497 -0.0671991 0.453658 3.88654 22 28 2042 1068 1 1.33016 1.33016 86 
-5 0.760913 -4.84394 0.493606 0.262655 1.4842 3.85925 22 29 1806 1617 1 10.3894 10.3894 135 
-5 -4.71181 3.61895 0.0446439 0.0673574 -0.0599984 3.93 22 30 9965 9964 1 0.314502 0.314502 43 
4.18641 0.132284 -5 0.392508 0.18779 1.18806 3.86131 22 31 1111 1 1 68.7257 68.7257 596 
0.53571 1.78911 -5 0.50662 0.273626 2.05991 3.86088 22 32 2380 2377 1 2.48893 2.48893 70 
1.90384 -3.57172 -5 0.198184 0.0190458 0.533629 3.85874 22 33 1111 1 1 12.5988 12.5988 114 
2.94846 4.62974 -5 0.478316 -0.0435169 0.17447 3.87558 22 34 1228 1227 1 150.842 150.842 1149 
-1.81839 2.60598 5 0.468529 0.866173 -0.552748 4.02088 22 35 2887 2826 1 0.27862 0.27862 19 
3.40031 -0.655339 -5 1.02757 0.518461 6.36899 3.85811 22 36 2521 2495 1 4.34365 4.34365 78 
-5 -0.295992 2.20813 0.247798 0.148183 0.0111528 3.94706 22 37 5728 1 1 0.288532 0.288532 34 
-4.12573 -5 -2.43506 0.187725 0.269889 0.2645 3.87447 22 38 2869 2868 1 9.84118 9.84118 136 
-2.18395 0.771404 -5 0.0614462 0.119964 0.347337 3.86435 22 39 3116 3037 1 7.32143 7.32143 117 
-5 -2.23107 1.77026 0.844134 0.165754 2.61375 3.88263 22 40 3587 3558 1 1.28348 1.28348 61 
3.75803 -2.61211 -5 0.0515017 0.00586235 0.289203 3.8726 22 41 1451 1449 1 24.4315 24.4315 334 
-3.79249 -4.92029 -5 0.789878 0.625699 3.83318 3.85571 22 42 2314 2289 1 13.4602 13.4602 102 
4.89615 4.10807 -5 -1.34491 -0.766382 4.12768 3.89089 22 43 2332 2331 1 93.2442 93.2442 801 
-4.01924 3.37117 -5 0.979908 0.134535 5.78233 3.85712 22 44 1941 1 1 0.217783 0.217783 30 
2.99225 1.10703 -5 0.472229 0.248363 0.71042 3.87155 22 45 2454 1 1 0.317552 0.317552 10 
0.192647 4.24643 -5 -0.604473 0.969182 6.74742 3.85505 22 46 1519 1 1 65.2592 65.2592 627 
5 4.5779 -2.90289 -0.147411 0.299295 0.232529 3.872 22 47 2290 2114 1 9.08541 9.08541 142 
-4.11445 -5 3.83508 0.0589856 0.234209 0.847558 3.88409 22 48 1354 1 1 13.5446 13.5446 151 
-5 -4.8777 -2.25685 2.73441 1.79372 12.6471 3.8693 22 49 1109 1 1 0.547688 0.547688 49 
-2.43967 -5 -3.09462 -1.34334 1.12474 3.1759 3.86644 22 50 3793 3440 1 31.1601 31.1601 220 
-4.46047 -5 4.09359 -0.140644 0.349027 0.345716 3.91994 22 51 2958 2957 1 13.9981 13.9981 190 
0.381535 0.478039 -5 0.476142 -0.0661596 1.97351 3.85823 22 52 2092 1 1 2.17883 2.17883 84 
-5 3.85002 -3.59522 0.234979 0.414512 0.2323 3.91104 22 53 6346 6238 1 0.881838 0.881838 46 
2.07198 3.02064 -5 0.190585 0.517021 1.40733 3.86138 22 54 2152 2026 1 23.1764 23.1764 310 
5 -1.86741 -2.92984 -0.0363386 0.381288 0.338259 3.88495 22 55 1869 1868 1 28.5946 28.5946 303 
-5 -4.93946 1.86909 -1.2238 -1.59998 2.83842 3.87875 11 56 2519 2362 1 23.6296 23.6296 211 
2.33271 -2.36518 -5 14.4637 -1.85735 73.1358 3.85316 11 57 1 0 1 157.185 157.185 1540 
-1.01343 2.70546 -5 0.118584 0.160432 0.269299 3.9394 22 58 3427 3396 1 0.693567 0.693567 49 
-5 0.111647 -2.52018 0.472036 0.0244261 -0.19418 3.89916 22 59 1319 1316 1 13.1066 13.1066 96 
-4.46888 -0.697351 -5 0.25156 0.0181894 1.10776 3.85922 22 60 4098 3925 1 2.50709 2.50709 87 
-3.99457 1.66655 -5 0.0311557 0.627054 1.21325 3.86688 22 61 4370 4188 1 2.69908 2.69908 88 
2.98506 -5 -1.73993 0.130927 0.219496 0.0264842 3.89399 22 62 3869 3868 1 10.6412 10.6412 93 
3.69982 4.36549 5 0.0306121 -0.0591419 -0.345727 4.20568 22 63 2227 2224 1 8.55034 8.55034 191 
-4.98463 -2.0365 -5 -0.0213048 1.99165 8.04941 3.85837 22 64 8069 7894 1 0.669588 0.669588 45 
-4.77916 -3.88575 -5 -0.105489 0.215187 0.289359 3.85606 22 65 4042 1 1 37.6566 37.6566 417 
-4.76763 -2.04435 5 -0.0897549 0.396692 -0.309354 3.96728 22 66 1378 1377 1 22.3905 22.3905 263 
0.191575 -1.18851 -5 0.407165 0.413101 1.23477 3.86107 22 67 3789 3681 1 1.64764 1.64764 72 
0.688395 -5 -2.13668 0.35814 0.253097 0.262293 3.87872 22 68 2908 2887 1 10.9467 10.9467 219 
4.77423 -5 1.46836 0.116204 0.152701 0.323958 3.87801 22 69 3914 3836 1 90.5625 90.5625 1011 
-3.5506 -2.47129 -5 0.504296 0.553387 0.661529 3.8641 22 70 4766 4525 1 0.87709 0.87709 38 
2.36213 -1.67563 -5 0.186899 -0.112093 3.03392 3.85376 22 71 1406 1 1 117.446 117.446 740 
-3.60363 -1.38598 -5 -0.00632883 0.227554 0.149379 3.87069 22 72 7062 6690 1 24.8564 24.8564 310 
-1.7514 -4.66188 -5 0.603522 0.384615 11.4556 3.85341 22 73 3877 3087 1 11.0685 11.0685 189 
-5 -4.34763 3.84602 0.164603 0.0371807 2.40011 3.88316 22 74 4889 4472 1 4.34375 4.34375 133 
-5 -4.80026 2.97704 0.346876 0.250247 1.58494 3.88027 22 75 1426 1280 1 22.0915 22.0915 218 
-5 -1.66063 3.09606 0.34668 0.170378 0.334521 3.9128 22 76 2177 2176 1 5.34737 5.34737 172 
-0.405796 4.93243 -5 2.88042 1.49322 22.6814 3.85612 22 77 1967 1638 1 18.9485 18.9485 191 
-3.74322 -3.58417 -5 0.185136 0.28704 0.832971 3.86013 22 78 3994 3853 1 0.772698 0.772698 50 
0.997236 -3.10456 5 0.119923 0.219848 -0.185623 4.01721 11 79 13173 13145 1 0.255099 0.255099 32 
3.82837 -5 2.9802 -1.02106 13.048 1.28184 3.8942 -11 80 1588 1587 1 14.6458 14.6458 175 
2.42645 0.757419 -5 2.6754 1.1711 5.75757 3.87196 22 81 1730 1537 1 5.03638 5.03638 99 
1.97734 -4.16259 -5 0.388712 0.297996 1.97146 3.85957 22 82 7347 6981 1 2.37391 2.37391 48 
-0.56887 -4.979 -5 3.80123 5.83745 7.05686 3.86636 -11 83 2684 2683 1 4.32998 4.32998 139 
-5 -0.893484 -1.90775 4.75943 5.82338 18.5899 3.86512 -11 84 4653 4652 1 37.7687 37.7687 274 
-0.0469117 -0.77713 5 0.0138257 -0.0742619 -0.231377 4.04573 22 85 5055 5031 1 1.94665 1.94665 44 
2.4411 4.20949 -5 0.448921 0.0459121 1.49596 3.86671 22 86 2243 2221 1 7.88264 7.88264 196 
3.33664 5 2.27724 0.00499143 -0.029293 -0.00198335 3.95405 22 87 2268 2258 1 12.2497 12.2497 132 
-3.53492 -5 3.01381 -0.00868733 0.320669 0.203965 3.90612 22 88 2402 2399 1 0.642734 0.642734 67 
-5 -3.04937 -1.42723 0.326304 0.219425 0.186238 3.88302 22 89 4585 4584 1 2.67429 2.67429 57 
-4.01309 -1.8038 -5 0.0343157 -0.200952 4.15739 3.85324 22 90 1889 1795 1 45.4541 45.4541 660 
4.03769 -5 -3.07872 0.075292 0.478749 0.16202 3.89385 22 91 2988 2987 1 3.4491 3.4491 128 
-1.83564 -2.20173 -5 0.0883082 -0.0113957 0.434078 3.85804 22 92 8362 8231 1 8.20804 8.20804 69 
-5 -1.8628 0.789233 1.14506 0.1178 -3.35878 3.92401 11 93 2654 2392 1 11.8369 11.8369 112 
1.78328 -4.89486 -5 0.16407 -0.00586337 0.675681 3.85631 22 94 5480 5379 1 128.45 128.45 970 
-5 3.33406 3.58962 0.0285279 -0.00229308 0.0069517 3.94788 22 95 6926 6912 1 0.0291422 0.0291422 20 
-5 4.97065 4.02759 0.253607 0.1944 0.298026 3.93011 22 96 14371 14244 1 0.4807 0.4807 10 
-5 -3.69776 4.70534 0.551534 0.100687 1.17124 3.89299 22 97 1998 1981 1 0.516088 0.516088 45 
-5 -4.25611 -3.39486 0.1648 0.0965636 0.111442 3.87993 22 98 5242 5199 1 2.57829 2.57829 94 
-3.37125 2.54725 -5 0.404958 2.63533 4.26497 3.87474 22 99 3963 3864 1 0 0 7 
1.27298 -5 4.35096 0.465513 0.189419 -0.0923996 3.96535 22 100 8169 8168 1 3.38844 3.38844 69 
-3.85464 -0.239432 -5 0.271555 0.176676 0.676345 3.85986 22 101 4377 4243 1 20.2172 20.2172 309 
0.557771 -5 -1.04561 0.250909 0.394414 0.317444 3.87893 22 102 2195 1836 1 119.194 119.194 845 
1.66118 -5 -3.8251 -0.312454 5.75875 16.1465 3.86012 11 103 2690 2662 1 10.8238 10.8238 161 
-3.80295 4.85156 -5 -2.61605 5.5885 9.48216 3.87498 11 104 3769 3292 1 1.92634 1.92634 21 
-5 -0.170006 -0.542203 5.30443 5.52539 31.9565 3.87095 22 105 1831 1736 1 8.05736 8.05736 103 
-3.53468 -2.6732 -5 0.0995696 0.0843871 0.193268 3.87653 22 106 2061 2058 1 6.34172 6.34172 106 
-3.11734 -5 -2.33417 -0.0369472 0.294105 -0.0137061 3.88913 22 107 7388 7015 1 3.35194 3.35194 17 
-0.965406 0.216095 -5 1.02168 -0.341104 3.03572 3.85955 22 108 1418 1193 1 19.9547 19.9547 359 
-5 4.87781 2.0619 0.0824511 0.155053 0.378432 3.88677 22 109 2101 1901 1 25.3598 25.3598 241 
1.6873 -5 0.82409 0.133989 0.493043 -0.00865751 3.89663 22 110 1527 1525 1 20.8274 20.8274 412 
-5 -1.95524 0.425842 7.1658 -0.83855 -1.71971 3.90231 11 111 4138 3545 1 11.145 11.145 120 
-5 -3.62366 0.0272552 2.55823 0.291117 6.60724 3.87662 22 112 6402 6287 1 18.5942 18.5942 165 
-5 3.1742 4.26494 0.4594 0.187541 0.122065 3.95735 22 113 1026 1003 1 62.1119 62.1119 641 
-4.36971 -5 2.37458 3.74301 4.66059 44.2015 3.87745 -11 114 1496 1495 1 58.4568 58.4568 640 
3.5107 0.74977 5 9.32117 6.70816 -29.3575 8.18039 2112 115 7431 7403 1 7.35392 7.35392 296 
-5 0.529456 1.83828 1.35725 0.915064 1.10747 3.90473 22 116 7755 7665 1 0.527938 0.527938 10 
-5 2.54993 3.24468 0.240525 0.327844 -0.309492 4.20337 22 117 1084 1082 1 0.806957 0.806957 10 
-2.93966 -5 0.224025 0.299569 1.82619 -2.17744 3.88573 -11 118 1561 1560 1 35.3641 35.3641 245 
-5 2.66407 -4.63695 0.13952 -0.0120985 0.491434 4.28383 22 119 2030 2005 1 4.0952 4.0952 31 
0.0863031 -5 4.15463 0.228682 0.352446 -0.0285001 3.95221 22 120 4422 4364 1 6.67269 6.67269 111 
1.69923 0.968382 -5 0.297134 0.0576932 0.292837 3.88654 22 121 4839 4827 1 1.22211 1.22211 83 
-3.24406 -5 -0.286496 -9.39385 11.4524 36.496 3.87014 11 122 1729 1554 1 15.1051 15.1051 266 
0.634931 -4.73596 -5 -1.78387 3.0299 8.41088 3.85837 22 123 4126 4043 1 22.3167 22.3167 257 
-5 2.84711 -0.475352 1.1765 0.337588 -0.223133 3.96288 22 124 7046 6932 1 0.882009 0.882009 20 
-4.31367 0.888387 -5 0.0131771 0.442256 0.255647 3.88396 22 125 3027 3001 1 21.206 21.206 120 
-0.078491 -5 4.54888 0.196816 0.304934 8.72241 3.88483 22 126 2022 1 1 32.826 32.826 364 
-1.81428 -2.32278 5 0.45379 0.0533127 -0.228806 3.96796 22 127 10129 10128 1 5.21215 5.21215 29 
2.14469 1.81685 -5 1.4914 0.852368 1.17011 3.90435 22 128 1858 1857 1 0.105756 0.105756 30 
-2.36862 -1.11679 -5 0.396656 -0.663095 1.21656 3.86906 22 129 1025 1 1 34.4355 34.4355 299 
3.17661 -5 -0.44529 0.425671 0.278733 -0.0472453 3.93817 22 130 3789 3788 1 2.75666 2.75666 21 
-5 1.04246 1.09037 0.494923 0.126918 0.00791849 3.90249 22 131 1356 1355 1 8.38948 8.38948 276 
-1.88158 -5 2.80903 0.272045 0.580675 0.43751 3.92181 22 132 6184 5585 1 4.88065 4.88065 51 
-3.70724 -5 2.39001 1.28555 0.329148 2.93813 3.88044 22 133 3509 3277 1 13.1114 13.1114 138 
-0.245959 1.92008 -5 0.510765 0.367974 2.81019 3.85781 22 134 1641 1461 1 3.73985 3.73985 79 
-3.67309 -1.65133 -5 0.05356 0.0704502 1.436 3.85328 22 135 1855 1 1 22.2549 22.2549 406 
-0.953778 -2.6484 -5 1.70596 1.25476 8.12296 3.86072 22 136 1225 1 1 4.13316 4.13316 77 
2.23844 -0.725444 -5 0.60007 -0.17634 0.992058 3.86725 22 137 1599 1566 1 18.5211 18.5211 192 
0.525624 -5 -3.65268 -0.0616253 0.220564 0.187847 3.87749 22 138 7246 7245 1 7.55999 7.55999 199 
-4.69508 -4.21265 5 -0.0512289 0.117612 -0.128671 4.97483 22 139 3256 3255 1 69.1708 69.1708 577 
-2.39596 5 -1.65062 0.102525 -0.176456 0.0206517 3.92069 22 140 1240 1239 1 3.71918 3.71918 74 
5 0.457177 -3.09835 -0.181628 0.100009 -0.196187 4.04953 22 141 6899 6871 1 0 0 4 
3.98716 1.08735 -5 3.01773 1.19951 7.08948 3.86883 22 142 4565 4396 1 2.69645 2.69645 78 
-5 2.38289 -4.88955 0.584033 -0.0430402 0.537679 3.86989 22 143 5580 5433 1 0.878933 0.878933 72 
5 3.73081 2.93749 -0.0644093 0.113589 -0.105789 4.00637 22 144 2897 2848 1 0.506 0.506 62 
-5 -0.457938 0.278757 0.234694 -0.0588152 -0.450088 3.99087 22 145 2837 2833 1 6.01128 6.01128 123 
3.3543 -4.4186 -5 1.99513 0.747016 7.67288 3.86057 22 146 14072 14008 1 1.76959 1.76959 32 
-2.14447 -1.2567 -5 2.38217 2.8788 4.42106 3.87041 22 147 6494 6493 1 6.76793 6.76793 105 
-0.0360489 -5 4.30832 1.18247 2.70692 4.09325 3.90218 22 148 1031 1 1 0.419822 0.419822 28 
-1.91471 -3.22689 -5 0.291693 0.484888 3.98804 3.85609 22 149 3469 3416 1 0.377676 0.377676 77 
-1.86759 3.50225 -5 2.23828 4.28085 13.8756 3.86073 22 150 2222 2088 1 8.98324 8.98324 189 
-2.75555 -4.51225 5 0.162811 0.204694 -0.438991 3.92153 22 151 1975 1973 1 29.2026 29.2026 210 
4.10069 -2.8052 -5 0.183382 0.137734 0.989381 3.8596 22 152 4776 4747 1 4.90074 4.90074 159 
-4.25825 -5 -1.31786 0.332054 0.464875 0.115317 3.90412 22 153 7149 5850 1 0.747117 0.747117 33 
-0.105417 4.4578 5 0.357181 0.134346 -0.339617 4.12681 22 154 2477 2476 1 18.5304 18.5304 157 
1.95817 -4.49197 -5 1.39725 -0.314107 1.8665 3.90144 11 155 5975 3531 1 16.2048 16.2048 261 
-5 -0.0796959 -2.16739 0.753815 1.84763 1.89441 3.88593 -11 156 1828 1827 1 14.4584 14.4584 234 
-3.89407 3.26018 -5 -0.108176 1.94769 5.71912 3.85899 22 157 1304 1 1 14.2257 14.2257 94 
-3.25819 -5 2.3928 0.122564 0.488768 0.0848776 3.88242 22 158 1218 1217 1 116.301 116.301 1082 
2.92639 -5 -2.43275 0.118966 0.366323 0.335819 3.96914 22 159 4366 4365 1 8.10684 8.10684 66 
5 -0.691538 -1.47882 -0.301006 0.369957 -0.183431 3.93982 22 160 1526 1525 1 1.09815 1.09815 18 
-1.60708 -1.72263 -5 1.67337 0.451733 18.3229 3.85437 22 161 1771 1642 1 15.884 15.884 199 
0.0406845 -0.749801 -5 0.224663 0.304756 0.343177 3.88715 22 162 5563 5542 1 5.56278 5.56278 121 
-5 -4.11574 2.25677 0.344285 0.283217 0.249751 3.9134 22 163 1836 1834 1 0.211303 0.211303 45 
-5 3.13018 -4.80845 0.498169 -0.0457985 -0.126724 3.94132 22 164 8149 8148 1 0.336061 0.336061 8 
-4.28076 -5 -4.48577 -0.100705 0.302621 -0.399248 3.94482 22 165 7527 7524 1 2.92695 2.92695 103 
-3.35609 -2.45513 -5 -0.410463 0.420662 0.578053 3.89377 22 166 6057 5932 1 0.218148 0.218148 36 
-1.05646 -5 -0.465416 0.388933 0.317175 0.0961835 3.94073 22 167 10999 10998 1 0.516439 0.516439 15 
5 -3.27446 1.96974 -0.192804 -0.615747 0.195993 3.92157 22 168 1194 1193 1 23.1052 23.1052 333 
1.37151 -0.45465 -5 -0.014123 0.129843 0.494025 3.87219 22 169 1434 1432 1 17.3964 17.3964 197 
0.447827 1.26373 -5 -0.459733 0.641516 2.93513 3.86517 22 170 2231 2068 1 3.14798 3.14798 71 
1.17358 4.49265 -5 0.0816504 0.297361 0.487218 3.87967 22 171 4958 4937 1 3.15166 3.15166 100 
-1.43025 -5 -2.25941 0.394245 0.337437 1.07602 3.87197 22 172 1595 1 1 9.70612 9.70612 116 
1.33241 1.69819 -5 0.218914 0.123228 0.18401 3.89859 22 173 7040 6982 1 2.86463 2.86463 49 
-2.94967 -5 0.338134 -0.212706 0.0731396 0.310658 3.88489 22 174 1349 1248 1 6.78458 6.78458 186 
-5 -2.64045 -1.8725 8.71891 1.27076 21.7578 3.87086 22 175 1001 1 1 4.15512 4.15512 150 
-5 -2.66155 -0.433543 0.286991 -0.0985184 -0.212973 3.89975 11 176 1824 1802 1 10.6964 10.6964 185 
3.50138 1.28966 5 -0.0334779 -0.0238518 -0.243175 4.11095 22 177 2194 2134 1 0.482886 0.482886 26 
-4.52987 2.9329 -5 -0.0843788 0.175387 1.14588 3.85726 22 178 2664 2606 1 0 0 23 
-4.3215 0.69362 -5 0.140157 0.277919 0.794386 3.86198 22 179 2282 2060 1 9.33107 9.33107 132 
2.30426 -2.62789 -5 6.88755 7.00706 18.3949 3.86016 11 180 1200 1109 1 16.6475 16.6475 137 
-2.19246 1.19124 -5 -9.77556 13.4849 55.8659 3.85464 11 181 1097 1022 1 45.2221 45.2221 571 
1.22345 -5 -2.03571 0.0896668 0.346145 -0.142137 3.99618 22 182 2179 2176 1 3.7401 3.7401 91 
1.30353 -5 -4.57805 0.62762 0.562216 0.104275 3.86568 22 183 2885 2616 1 13.0288 13.0288 135 
-3.89418 1.78326 -5 1.84334 3.98494 20.5727 3.85619 22 184 2807 2617 1 32.8841 32.8841 368 
-0.315562 -5 -1.79734 0.328074 0.217932 -0.325566 3.94012 22 185 2130 2117 1 8.03497 8.03497 188 
1.85393 -2.56057 -5 3.69325 -0.335106 50.9938 3.85342 22 186 2164 1909 1 95.1868 95.1868 774 
4.91844 -1.62573 -5 0.177539 0.433816 1.8506 3.86187 22 187 2484 2421 1 6.89209 6.89209 67 
1.9309 3.74564 5 0.0514347 0.217148 -0.459697 4.13366 22 188 2308 2307 1 6.74107 6.74107 90 
2.67001 -5 4.26494 0.0948072 0.294842 -0.406447 4.09628 22 189 1036 1034 1 0.167107 0.167107 17 
3.75493 -5 -1.07486 0.523435 1.13569 -0.706042 3.96705 22 190 1427 1402 1 5.11616 5.11616 103 
4.03178 -5 4.96343 1.27485 2.14675 16.9395 3.88785 22 191 1366 1 1 6.74056 6.74056 112 
-1.06456 -0.615467 -5 0.731476 0.590111 4.77065 3.85863 22 192 1176 1 1 2.36394 2.36394 72 
-2.79538 -5 3.35995 0.280843 0.119832 -0.409741 3.91067 22 193 1172 1171 1 7.11331 7.11331 100 
4.58418 3.81715 -5 0.975098 1.49755 2.35937 3.87439 22 194 3008 3006 1 19.0343 19.0343 230 
-0.828654 -5 0.422051 0.309429 0.329735 -0.238009 3.9652 22 195 17514 17513 1 0.168407 0.168407 27 
-1.89155 -1.4502 -5 0.181439 0.459842 9.87658 3.85301 22 196 2097 1801 1 169.377 169.377 1147 
-1.58436 -2.4968 5 0.0652157 -0.0100997 -0.195921 3.99023 22 197 5276 3422 1 43.3725 43.3725 631 
-5 -2.47175 3.8354 11.0719 9.98192 83.3713 3.88346 22 198 1274 1 1 37.2734 37.2734 354 
-3.8533 -5 -3.03816 0.226459 0.456904 -0.0327848 3.94302 22 199 1312 1311 1 6.03198 6.03198 138 
-0.611244 -1.91736 5 0.175684 -0.0628169 -0.15928 3.99607 22 200 1752 1697 1 8.70319 8.70319 161 
0.0460072 -5 -0.606299 0.269235 0.377697 -0.214424 3.95453 22 201 1193 1192 1 8.82501 8.82501 173 
-5 -3.4485 0.389201 5.46639 1.52259 1.11065 3.89481 11 202 2539 2169 1 24.1598 24.1598 308 
-5 0.947124 3.47427 0.358013 0.0273336 -0.104869 3.9583 22 203 1194 1 1 0.00051648 0.00051648 13 
3.01787 -5 3.25408 0.494226 0.369859 0.0698787 3.92508 22 204 5638 5570 1 0 0 5 
-5 -4.73955 -2.85381 0.154457 0.336716 0.0217964 3.89052 22 205 7006 6971 1 4.85258 4.85258 18 
-4.8259 -2.11254 -5 0.0593857 0.489594 0.133758 3.8813 22 206 3370 3365 1 15.2314 15.2314 115 
-5 3.86898 -4.95125 0.256261 0.112283 -0.427601 4.00876 22 207 1788 1787 1 5.5416 5.5416 91 
1.84263 2.7566 -5 1.81431 9.09377 48.3773 3.85681 22 208 1425 1375 1 3.49174 3.49174 68 
-5 -4.28627 -4.32158 0.470992 0.188779 -0.107277 3.89366 22 209 1179 1 1 5.72094 5.72094 128 
-5 1.79732 -3.39408 10.2068 4.20711 17.1957 3.86817 11 210 1 0 1 32.6961 32.6961 285 
-2.71685 2.00543 -5 -3.20515 5.19823 23.2279 3.85575 22 211 1370 1241 1 161.379 161.379 1001 
-2.24236 1.07639 -5 0.497092 0.409787 0.937445 3.86543 22 212 2062 1574 1 10.9774 10.9774 147 
-5 -0.986733 -0.0230434 11.4309 2.98913 2.6387 3.91093 -11 213 4347 4346 1 10.6898 10.6898 144 
-5 2.30826 -2.55891 0.880647 0.305202 0.629437 3.87776 22 214 1402 1 1 0.276634 0.276634 38 
-1.04912 -5 -2.91312 0.382899 0.257518 0.219529 3.9323 22 215 1796 1795 1 7.96941 7.96941 120 
-5 4.59867 -0.654464 0.229363 0.663309 0.165566 3.93366 22 216 6733 6732 1 11.4609 11.4609 174 
-3.4043 -5 3.96594 0.734785 1.93294 6.40661 3.88557 22 217 6985 6828 1 0.319788 0.319788 44 
1.81734 2.39391 -5 -0.0613872 0.055907 0.368305 3.89927 22 218 3501 3333 1 7.26256 7.26256 172 
0.0648486 -4.20404 -5 -0.280389 0.276913 0.325301 3.96227 22 219 1432 1412 1 1.7572 1.7572 28 
0.708624 -5 1.86761 0.321591 0.392704 0.0590164 3.90286 22 220 15358 15326 1 0.510711 0.510711 27 
-2.30682 -3.29431 -5 0.159554 0.0734728 1.98904 3.8546 22 221 1388 1 1 51.4926 51.4926 457 
3.96143 -5 -1.49724 -0.316693 0.373515 0.145987 3.91345 22 222 1307 1305 1 10.7137 10.7137 236 
-5 -3.05866 -2.36637 0.304248 -0.139952 -0.0460396 3.92166 22 223 1732 1705 1 59.8665 59.8665 507 
-2.39578 -5 4.25267 0.241589 0.797168 0.855542 3.94267 22 224 4680 4679 1 10.3109 10.3109 211 
4.30753 -5 3.75043 -1.38874 7.07972 28.2605 3.88829 11 225 1 0 1 1.98944 1.98944 149 
-5 2.57722 1.79759 9.23156 -2.9662 0.709014 3.88854 11 226 2456 1573 1 16.067 16.067 313 
1.59826 1.78258 5 0.405587 1.6664 -2.01944 4.05187 22 227 8936 8875 1 0.0984126 0.0984126 6 
3.22092 5 3.25617 0.374707 -0.19177 -0.289722 3.99259 22 228 1254 1224 1 0.780397 0.780397 64 
-4.51366 -5 1.63036 0.3528 0.322171 0.370652 3.90065 22 229 4766 4747 1 13.3918 13.3918 90 
0.988491 3.17687 5 0.442553 0.162493 -0.197137 4.03942 22 230 22306 22305 1 0 0 5 
-4.64028 5 0.279037 0.0216158 -0.0199569 -0.00137912 3.92372 22 231 9139 9129 1 0.0291332 0.0291332 37 
-5 2.73322 0.913695 0.127722 2.48032 -2.28363 3.89475 -11 232 6245 6244 1 9.85733 9.85733 174 
-0.239967 -3.75357 -5 0.729939 0.555651 5.70917 3.85612 22 233 1981 1839 1 17.9571 17.9571 210 
-1.1894 -5 3.69974 -0.0815352 0.212457 -0.0949321 3.92943 22 234 1449 1446 1 101.15 101.15 982 
2.25885 -5 1.18448 0.455243 0.203831 1.10866 3.8857 22 235 3115 2984 1 0.373891 0.373891 22 
-4.01157 -5 1.68885 0.172399 0.468558 0.108864 3.919 22 236 4166 4164 1 0.745664 0.745664 66 
-5 -3.80145 -4.88573 0.79089 -0.0436599 -1.1197 4.00752 22 237 3049 3048 1 1.46211 1.46211 79 
-5 -3.27826 -4.53258 0.262601 0.436999 0.550455 3.86736 22 238 2318 1808 1 0 0 5 
-4.71276 -5 3.59014 -0.87885 1.31282 3.02278 3.89006 22 239 1385 1287 1 11.9351 11.9351 115 
-5 2.1163 0.361433 0.297534 0.2304 0.290848 3.88957 22 240 4383 4315 1 7.34409 7.34409 88 
-3.86343 -5 0.0796944 0.13818 0.121006 0.0650869 3.89918 22 241 3231 3202 1 3.73379 3.73379 150 
0.205258 -2.31395 5 0.0992592 -0.385024 -0.320973 3.95435 22 242 1266 1263 1 6.20565 6.20565 234 
-5 3.13928 1.18206 0.192402 0.0269065 -0.172134 3.94753 22 243 3059 2093 1 2.92366 2.92366 118 
-5 -4.69284 -0.495352 4.69896 -2.53584 4.33151 3.87723 -11 244 5498 5497 1 13.3693 13.3693 169 
-5 0.412872 2.14451 0.131813 0.146916 0.47134 3.92394 22 245 1252 1212 1 12.0198 12.0198 80 
-1.13786 -4.94442 -5 -0.0363918 0.130269 4.57344 3.85276 22 246 2003 1127 1 65.5942 65.5942 575 
-5 -3.75299 4.7383 0.401743 0.124013 -0.0685581 3.91164 22 247 1284 1 1 10.5379 10.5379 84 
1.19952 -4.24025 -5 0.146496 0.0811189 0.241685 3.87748 22 248 2241 2058 1 2.94582 2.94582 43 
-5 0.0319506 0.261511 0.216533 0.171183 9.31164 3.87087 22 249 2824 2555 1 96.1711 96.1711 997 
-5 -2.57142 1.55263 0.0787292 0.251104 -0.100967 3.98443 22 250 6701 6600 1 2.67782 2.67782 57 
0.810234 -5 -3.52859 0.390213 0.305735 0.122458 3.88893 22 251 4883 4601 1 3.62488 3.62488 33 
2.39934 2.79573 -5 1.10619 0.186476 1.02884 3.87888 22 252 2393 2319 1 0.323081 0.323081 29 
-0.434088 -3.8174 -5 10.6453 1.39994 26.5899 3.85571 11 253 1 0 1 40.3512 40.3512 327 
3.16259 2.95132 -5 8.36425 21.2305 84.3567 3.8576 -11 254 1394 1393 1 32.4285 32.4285 313 
0.661824 5 2.19717 0.192647 -0.262448 -0.0510462 3.91917 22 255 1697 1 1 1.23692 1.23692 85 
-5 -3.32419 3.51236 0.434626 0.0557036 0.241782 3.98063 22 256 5138 5135 1 0.481315 0.481315 26 
-1.74774 1.66233 -5 -0.00204426 0.533515 2.53967 3.86031 22 257 6334 6139 1 0.833406 0.833406 77 
-5 -4.01369 -4.89271 0.454882 0.0709908 0.24081 3.86744 22 258 3000 2857 1 14.3301 14.3301 185 
-5 -1.1267 1.72313 0.426678 -0.156989 0.43715 3.90355 22 259 1657 1 1 1.48026 1.48026 104 
-5 -3.41894 1.16064 0.386279 -0.307783 0.131064 3.89536 22 260 2564 2563 1 2.71861 2.71861 144 
-3.62637 -0.626556 -5 0.539403 0.730304 3.05265 3.85794 22 261 1191 1 1 9.08495 9.08495 215 
-4.68917 -4.55146 -5 -0.360176 0.264665 0.247681 3.92611 22 262 5689 5688 1 7.3543 7.3543 83 
-5 4.13555 -2.42601 2.94903 -4.22981 1.54985 3.86238 -11 263 3035 3034 1 78.0587 78.0587 845 
3.60508 4.19068 -5 -2.37934 5.83688 11.7839 3.85631 11 264 2537 2374 1 184.763 184.763 1401 
0.282399 -0.0882863 -5 0.194136 0.495309 1.80519 3.85819 22 265 1895 1576 1 26.1301 26.1301 279 
-3.36513 -4.72249 -5 0.385691 -0.0477979 1.3731 3.85821 22 266 2511 2468 1 4.53145 4.53145 74 
-5 1.15874 -3.84244 0.13587 0.23175 -0.0500926 3.93297 22 267 4184 4183 1 20.9225 20.9225 190 
-2.00374 -2.38203 -5 11.4483 -6.14227 48.4594 3.85779 22 268 1077 1076 1 21.1695 21.1695 212 
-5 4.43611 2.70619 7.13123 4.53571 2.54837 3.89289 11 269 1428 1 1 19.8371 19.8371 318 
-5 0.777919 -2.25441 0.1743 -0.116474 -0.0657423 3.9749 22 270 5233 5193 1 4.53946 4.53946 96 
-0.110636 -5 -3.5413 0.367093 0.293933 -0.0843868 3.98458 22 271 8141 8139 1 0.963604 0.963604 8 
-5 0.362312 -3.21855 2.1997 1.51865 7.79605 3.86095 22 272 3065 3027 1 48.243 48.243 536 
-4.01493 -1.23015 -5 0.175201 0.0470355 0.432728 3.86621 22 273 4489 4408 1 3.27414 3.27414 159 
2.04643 4.47436 -5 0.198174 0.263481 0.94895 3.8643 22 274 4235 3989 1 7.00429 7.00429 40 
5 0.645467 -3.14013 -0.1283 0.0739674 0.124836 3.87109 22 275 1848 1847 1 11.6064 11.6064 145 
4.49118 -5 0.473263 -0.101776 2.87234 3.69027 3.87249 -11 276 2611 2610 1 21.7604 21.7604 136 
0.0796417 3.61622 5 -0.295649 0.118532 -0.0691876 4.07211 22 277 1417 1381 1 54.317 54.317 517 
2.25159 -5 -3.50054 1.56629 8.73293 19.5742 3.87053 -11 278 4912 4911 1 6.45191 6.45191 115 
-5 0.0665874 -2.77151 0.235086 0.307871 0.31304 3.89779 22 279 2425 1 1 0.358718 0.358718 14 
-3.28915 -5 -1.04675 0.726617 1.20718 -0.52414 3.92717 22 280 2473 2450 1 0.2542 0.2542 65 
-3.10155 1.33801 -5 0.33128 0.352057 0.165618 3.8968 22 281 7178 7177 1 5.28884 5.28884 83 
-4.27298 -5 -4.92754 0.213196 0.343582 0.243385 3.8636 22 282 2391 1 1 39.3144 39.3144 379 
3.05712 -3.11235 -5 0.12147 0.0850411 0.678362 3.85969 22 283 1584 1 1 0 0 4 
-1.64597 -5 0.144775 0.140076 0.325952 0.560318 3.88375 22 284 7260 7213 1 0.959346 0.959346 96 
-5 -3.84652 1.01559 0.239958 0.402092 -0.204602 3.91268 22 285 1473 1471 1 7.08766 7.08766 270 
-5 -0.766874 -2.14222 4.64978 4.25722 -3.09154 3.88013 -11 286 1413 1412 1 2.62427 2.62427 46 
-3.20539 -5 -4.41798 0.773061 0.712044 2.45687 3.8651 22 287 2735 2295 1 8.72352 8.72352 67 
-4.76302 -4.92067 -5 4.0361 -4.877 6.66444 3.86371 11 288 14443 14400 1 3.75633 3.75633 19 
-5 4.68955 -0.457673 0.280362 0.137401 -0.370171 4.18006 22 289 7099 7098 1 0.0397556 0.0397556 45 
-0.936397 -5 4.98462 0.731267 0.342123 0.497159 3.91695 22 290 5447 4767 1 4.36044 4.36044 64 
3.37216 -5 -1.27583 0.11116 0.11489 0.132136 3.89864 22 291 2134 2005 1 1.06353 1.06353 67 
-0.438204 -5 -0.391172 0.0522812 0.290441 -0.0198544 3.92304 22 292 5068 5066 1 18.2872 18.2872 265 
5 -3.42447 1.75032 -0.183046 0.217745 -0.424501 4.04495 22 293 8068 8032 1 15.3344 15.3344 178 
-5 -4.30167 -0.413076 0.340606 -0.418209 0.317414 3.89967 22 294 1209 1 1 0.408012 0.408012 11 
-2.12248 -5 3.66657 -0.145668 0.479816 0.699961 3.8891 22 295 1323 1 1 12.9709 12.9709 243 
1.04062 -5 -4.99076 1.93478 0.275657 0.662242 3.8842 22 296 5150 5149 1 13.9095 13.9095 207 
-1.58642 -5 -3.57183 -0.0925652 0.510895 0.849026 3.87003 22 297 4631 4543 1 27.4409 27.4409 325 
-3.26532 2.3755 -5 0.056495 0.00479071 0.445296 3.85642 22 298 1416 1362 1 19.261 19.261 214 
3.15264 0.492676 -5 5.25052 15.0882 39.4093 3.85814 11 299 1 0 1 21.4514 21.4514 311 
2.53165 -2.32027 -5 0.01131 0.446471 0.494043 3.88797 22 300 1580 1547 1 1.38004 1.38004 138 
2.19757 -0.110312 -5 1.68471 1.41264 14.1267 3.85532 22 301 2155 2046 1 52.1575 52.1575 704 
4.47492 -2.32756 -5 0.429999 -0.0379344 0.803427 3.87239 22 302 1466 1398 1 15.7727 15.7727 155 
1.57595 1.79405 -5 -0.211062 -0.346144 0.311058 3.88633 22 303 2678 2677 1 22.1369 22.1369 173 
5 -3.62551 2.82184 -4.00979 0.191392 1.38269 3.91522 -11 304 20788 20787 1 3.99086 3.99086 67 
-0.413755 -5 -4.21914 -1.15807 10.1426 15.5949 3.85599 -11 305 2031 2030 1 59.6323 59.6323 782 
1.85782 -4.56087 -5 0.0994777 0.0515103 1.64868 3.85349 22 306 3602 2755 1 24.5097 24.5097 238 
-4.78821 -0.472601 -5 -1.70866 10.9706 112.142 3.85407 22 307 1148 1 1 28.4724 28.4724 364 
-0.122063 -0.596899 -5 0.702203 1.00181 1.37954 3.88119 22 308 3772 3744 1 5.06583 5.06583 18 
-5 -1.14678 3.84491 0.090485 0.268528 0.659473 3.88797 22 309 6033 5999 1 6.47865 6.47865 87 
-2.24578 -5 -0.805177 0.12948 0.447066 2.31979 3.87014 22 310 4139 3678 1 4.31273 4.31273 93 
0.803862 -2.39679 -5 0.103776 1.18813 3.58408 3.86012 22 311 11293 11189 1 3.65691 3.65691 153 
-3.32862 -4.67314 -5 0.0415432 0.183031 2.12455 3.8541 22 312 1929 1 1 13.7925 13.7925 169 
-5 -0.0448624 -0.167447 5.73637 8.05775 9.71197 3.89472 -11 313 2830 2829 1 2.83475 2.83475 64 
-2.63932 4.76144 5 0.348226 0.750262 -0.301013 4.10985 22 314 1318 1304 1 2.87694 2.87694 47 
-1.88973 3.08565 5 0.175071 0.165099 -0.110934 3.95323 22 315 1910 1909 1 1.05794 1.05794 50 
2.13153 1.32698 -5 -0.0634476 0.24064 2.39412 3.85457 22 316 1242 1 1 164.278 164.278 1255 
-4.55479 -4.26346 -5 -0.115482 0.000151323 1.37018 3.8532 22 317 2561 2449 1 15.182 15.182 239 
-5 4.95566 -2.46726 0.0615079 0.205428 -0.0809179 3.90539 22 318 5578 5521 1 2.12342 2.12342 92 
-3.31082 -5 2.61504 -0.176868 0.267704 -0.397708 3.94074 22 319 8033 8032 1 1.51156 1.51156 64 
-1.9627 -5 -2.82271 0.330785 0.100614 -0.376268 4.00439 22 320 1432 1430 1 13.2697 13.2697 204 
0.737795 -2.25318 -5 0.253609 0.181902 2.69331 3.85424 22 321 2593 2569 1 16.2842 16.2842 58 
-3.88804 0.24854 -5 -1.25301 5.0606 25.4725 3.85801 22 322 4600 4544 1 19.9216 19.9216 223 
-4.39735 -5 2.13915 0.338559 0.355673 -0.141403 3.91159 22 323 2131 2130 1 10.2921 10.2921 95 
1.05568 -1.53844 -5 0.637212 0.46556 2.39077 3.86377 22 324 5650 5467 1 0.482084 0.482084 30 
-3.48949 0.0443232 5 1.3296 1.98346 -1.81139 4.00016 22 325 1765 1716 1 4.95907 4.95907 49 
-5 4.36155 -4.22588 4.41662 0.194412 7.24886 3.8641 22 326 5313 5248 1 0.472642 0.472642 76 
3.92252 2.98946 -5 2.15092 0.946808 1.33262 3.88254 22 327 8026 7968 1 10.469 10.469 133 
-3.98759 -5 1.69066 -0.0941811 0.275085 0.0576212 3.88845 22 328 1530 1529 1 37.6292 37.6292 502 
4.59609 2.84566 -5 0.153585 0.121067 0.343224 3.87634 22 329 2973 2888 1 5.92024 5.92024 84 
-5 -3.6888 -1.54833 0.0579 -0.0303379 0.0838194 3.89485 22 330 1942 1941 1 2.1258 2.1258 70 
2.18577 -1.80149 -5 0.0156085 0.979954 4.08051 3.86467 22 331 4099 3989 1 2.13376 2.13376 72 
2.42326 5 -0.819959 0.406242 -0.19672 0.239559 3.96407 22 332 2521 2520 1 29.0771 29.0771 400 
-5 1.02116 0.401916 -0.126099 -0.0543916 0.670537 3.91405 -11 333 1367 1366 1 8.69653 8.69653 54 
4.56789 -5 2.44009 2.834 1.23264 -1.69248 3.96262 22 334 2421 2382 1 2.60231 2.60231 109 
-2.93231 -2.61478 -5 -0.121256 0.437031 0.235417 3.87823 22 335 1106 1085 1 99.0586 99.0586 723 
-5 4.39935 4.14291 0.468927 -0.0507214 0.171464 4.0828 22 336 2905 2900 1 41.9401 41.9401 508 
-0.723169 -4.56759 -5 0.233842 0.318575 0.388595 3.86348 22 337 1636 1496 1 0.896782 0.896782 14 
0.0482363 -3.17336 -5 0.192615 0.0884705 1.24999 3.85749 22 338 2065 1876 1 5.42874 5.42874 89 
-0.577357 -1.90254 -5 0.760489 0.573607 5.61868 3.85493 22 339 3546 3267 1 19.7719 19.7719 185 
-5 3.1731 2.33712 0.0716991 0.320339 -0.391614 4.05024 22 340 2278 2277 1 8.16092 8.16092 59 
-3.23314 -5 -2.54706 0.111591 0.251523 0.0579782 3.88948 22 341 6949 6948 1 1.91599 1.91599 97 
-5 -2.3166 -0.903151 0.305711 0.160052 -0.0133977 3.9157 22 342 4258 3838 1 0.472553 0.472553 17 
3.66492 -5 -0.998193 0.456978 3.08076 4.74022 3.88449 22 343 12991 12942 1 6.40323 6.40323 32 
3.53741 -3.94892 -5 0.181075 0.629264 0.599942 3.8693 22 344 2019 1860 1 17.8477 17.8477 238 
0.249526 -1.00584 -5 0.221699 0.243415 1.85031 3.85778 22 345 7205 7124 1 10.1339 10.1339 132 
-4.77513 -4.24962 5 0.223518 0.40052 -0.225262 4.04492 22 346 2971 2970 1 0.989788 0.989788 82 
1.70028 -5 -2.90193 1.33718 0.295149 0.748263 3.90675 22 347 2312 2311 1 0.444406 0.444406 74 
2.88845 0.64341 -5 -0.0283203 0.441719 0.0804199 3.87561 22 348 2047 1891 1 6.75887 6.75887 117 
-2.17102 -3.78862 -5 1.46926 -0.217224 12.7157 3.85495 22 349 1274 1 1 10.1157 10.1157 138 
-1.05397 3.14159 -5 0.443532 0.410381 1.9772 3.86292 22 350 6193 5992 1 2.3483 2.3483 53 
0.191667 -1.00476 -5 3.11932 -0.106337 11.0534 3.85749 22 351 1169 1 1 18.446 18.446 300 
-4.13155 -4.3543 -5 -0.0949207 0.220932 0.979763 3.85575 22 352 3530 3185 1 26.4848 26.4848 282 
-2.43173 -5 -1.09 0.100456 0.0939656 0.0852379 3.88423 22 353 5811 5566 1 1.02626 1.02626 60 
-5 -4.95457 0.830886 0.412754 -0.0531425 0.0948037 3.88941 22 354 2587 2280 1 12.1958 12.1958 57 
-4.26138 1.38797 -5 0.036544 0.0641669 0.306669 3.85739 22 355 1512 1046 1 8.54886 8.54886 142 
-2.07072 4.94939 -5 0.148497 0.132982 1.51558 3.8567 22 356 1312 1 1 0 0 2 
-4.2547 -5 4.43787 -0.105304 0.2561 0.229304 3.89314 22 357 3659 2239 1 9.62792 9.62792 120 
-5 -4.74663 -4.4455 -0.562901 2.85093 1.66798 3.86087 -11 358 5619 5618 1 23.9017 23.9017 334 
5 1.76279 -0.0964341 -0.372669 0.0159722 0.0939234 3.88251 22 359 3749 3561 1 12.8355 12.8355 134 
2.44467 -3.90019 5 0.0401263 0.108897 -0.215293 3.98548 22 360 2241 2129 1 27.0327 27.0327 341 
-5 4.80954 4.23193 0.472877 0.0546308 0.644596 3.89519 22 361 1754 1 1 5.41869 5.41869 176 
-5 -3.26247 0.888104 0.253267 0.372657 0.329632 3.88618 22 362 1691 1 1 6.58813 6.58813 116 
-4.77505 3.64261 -5 0.952938 3.61608 3.67835 3.87148 22 363 1112 1 1 10.6047 10.6047 143 
-1.5431 -0.519744 5 0.479728 0.268897 -0.258232 3.9875 22 364 1139 1138 1 8.38305 8.38305 129 
-4.0957 -5 2.64954 -5.52168 -3.06207 8.95953 3.88625 -11 365 13814 13813 1 8.53368 8.53368 154 
-5 1.32481 3.65101 0.158802 -0.0907708 0.112807 3.90374 22 366 2225 1926 1 63.2711 63.2711 630 
-3.29802 -0.722471 -5 -0.025317 0.268588 1.31102 3.85517 22 367 3136 2910 1 15.7942 15.7942 236 
3.86445 -4.46851 -5 0.139544 0.100486 0.362765 3.85991 22 368 1568 1 1 1.54019 1.54019 60 
3.74027 -5 4.86062 -0.0555242 0.242882 0.592937 3.90834 22 369 2809 2725 1 9.168 9.168 46 
-2.95759 -5 -2.7575 0.0809392 0.182519 0.116261 3.88363 22 370 3210 3209 1 1.15638 1.15638 54 
-1.65566 -5 1.18956 0.271056 0.426179 0.0775911 3.88322 22 371 3580 3556 1 0.652109 0.652109 40 
-0.763727 -5 -3.74232 0.221523 0.284796 -0.035707 3.93085 22 372 3036 2987 1 2.07488 2.07488 117 
4.08374 -5 -2.33097 0.481217 0.171707 0.00819243 3.94903 22 373 4444 4443 1 1.39394 1.39394 44 
2.7759 -5 -0.951937 2.3754 -0.851625 -0.606856 3.87338 -11 374 2055 2054 1 26.9179 26.9179 307 
-2.36236 4.56674 -5 0.0236378 0.0391461 0.207625 3.86447 22 375 1074 1 1 21.2531 21.2531 163 
-3.25454 -4.28202 -5 7.04222 0.645218 15.4109 3.86608 22 376 4197 4110 1 9.47994 9.47994 125 
-0.665829 -4.38156 -5 0.076107 0.183984 0.173285 3.89839 22 377 2909 2907 1 0.800349 0.800349 55 
-4.64607 -5 3.28196 0.168758 0.43453 0.209343 3.92444 22 378 7266 7265 1 10.7583 10.7583 193 
0.285934 -5 -3.87111 0.237113 0.24002 -0.540335 4.09054 22 379 1577 1473 1 1.51118 1.51118 61 
4.56102 1.834 -5 0.000725452 0.400371 0.624713 3.8746 22 380 4741 4537 1 1.46826 1.46826 61 
0.465857 0.683651 -5 0.941565 0.195249 3.6237 3.85988 22 381 4201 4047 1 4.97649 4.97649 59 
-3.12714 2.42722 -5 0.0271324 0.0699914 0.180079 3.92948 22 382 4823 4822 1 9.23714 9.23714 158 
3.83588 3.45723 -5 0.0411915 0.391963 0.220937 3.92511 22 383 3944 3917 1 14.1952 14.1952 215 
0.0352887 -2.90482 -5 0.368281 0.384597 0.509131 3.87973 22 384 3078 3027 1 0.0429604 0.0429604 10 
-4.22338 2.90182 -5 0.269056 0.223459 0.748581 3.88278 22 385 1078 1 1 0.48103 0.48103 17 
2.11492 0.139405 5 0.132117 -0.0450083 -0.491568 4.14329 22 386 2935 2934 1 31.9272 31.9272 342 
-5 0.779502 3.09268 0.240772 -0.0712762 -0.0476625 4.13171 22 387 2946 2945 1 7.95269 7.95269 117 
0.476139 -4.9056 5 -0.0410121 0.0437588 -0.154021 4.0214 22 388 2379 2378 1 3.15816 3.15816 126 
-0.574058 1.27382 -5 -0.739811 1.09928 0.506721 3.88277 22 389 1224 1195 1 5.87714 5.87714 50 
-2.66476 -2.23477 5 0.230773 -0.054028 -0.452708 4.15528 22 390 2689 2687 1 0 0 4 
-2.86922 -5 -2.16271 0.22131 0.339856 0.310869 3.89873 22 391 4055 4024 1 15.592 15.592 167 
-4.09653 -5 2.86427 0.23976 0.228352 -0.0839796 3.93158 22 392 8130 8129 1 10.5341 10.5341 234 
3.81981 -2.7058 -5 1.20482 2.19942 10.1124 3.86331 22 393 5631 5498 1 1.79077 1.79077 43 
-2.10575 -5 4.14323 0.842115 0.523695 0.12541 3.92453 22 394 1454 1372 1 0 0 11 
-5 -0.273445 0.629301 0.742979 -0.508617 0.832382 3.88972 -11 395 2776 2775 1 6.46115 6.46115 26 
4.89462 2.67833 -5 0.414966 0.746248 2.61647 3.86624 22 396 6702 6549 1 12.4435 12.4435 215 
-5 -4.4901 -1.63744 0.124924 0.184028 -0.00163687 3.87624 22 397 1103 1102 1 3.89611 3.89611 144 
2.79275 -5 -3.47588 0.00247649 0.021261 0.0207066 3.87643 22 398 1581 1571 1 18.4436 18.4436 343 
2.11531 -5 -0.477943 0.316316 0.270586 -0.231556 3.957 22 399 2891 2808 1 0.455552 0.455552 67 
0.842169 4.98741 -5 0.0405486 0.05304 0.871701 3.85541 22 400 1992 1885 1 95.1964 95.1964 656 
-5 -3.73994 0.377677 0.360722 -0.205855 -0.297697 3.97615 22 401 1398 1394 1 33.5887 33.5887 201 
3.90701 -3.11452 5 -0.0403173 0.273255 -1.09887 4.13351 22 402 3152 3151 1 8.10386 8.10386 123 
-5 0.0448825 -2.31274 3.23052 8.59875 4.11517 3.87164 -11 403 4392 4391 1 31.1344 31.1344 352 
-1.42455 -5 0.716585 1.86456 1.47837 5.48882 3.88255 22 404 1142 1 1 8.80054 8.80054 159 
-4.22751 -5 -2.40362 -0.100208 0.363723 -0.185923 3.9151 22 405 2682 1983 1 0.256891 0.256891 15 
-4.86702 -5 4.10456 0.256203 0.196169 0.396229 3.90821 22 406 3711 3698 1 3.53407 3.53407 41 
3.40175 -5 -4.26305 0.248146 0.260617 0.896277 3.86641 22 407 1201 1025 1 13.4784 13.4784 76 
-5 -4.98799 0.154463 0.171744 0.0330094 0.107557 3.88629 22 408 1401 1 1 2.59982 2.59982 63 
-5 4.70231 3.04267 0.435948 -0.0151596 0.56508 3.8878 22 409 2311 2130 1 7.39195 7.39195 131 
-5 0.364731 4.13216 0.0257652 0.0994156 0.323835 3.89183 22 410 4712 4711 1 22.1483 22.1483 264 
-5 -4.31832 -4.66205 1.93164 2.84352 7.83546 3.86148 22 411 3284 2771 1 4.26583 4.26583 127 
-3.99397 1.21956 -5 0.333431 0.363596 1.18431 3.86683 22 412 2451 1557 1 3.01588 3.01588 82 
-5 3.21354 -0.0393025 0.431511 -0.0834774 -0.196188 3.90408 22 413 2554 2516 1 11.7556 11.7556 138 
-4.27399 5 2.30672 0.324306 -0.0990934 0.316648 3.91468 22 414 2388 2368 1 5.69691 5.69691 145 
-5 -1.72982 1.36777 3.10178 9.31851 14.4062 3.89238 22 415 1081 1 1 15.781 15.781 171 
5 3.49762 -1.5493 -0.3944 0.197588 0.257928 3.89035 22 416 1946 1921 1 6.41502 6.41502 132 
-4.78126 5 -2.55403 -0.391209 -0.261647 0.199038 3.92717 22 417 1003 1002 1 0.545493 0.545493 25 
-4.91621 -3.74382 -5 -0.00486555 -0.0326185 0.238209 3.87119 22 418 9957 9505 1 0.210126 0.210126 60 
2.93334 -5 -3.71421 1.02963 0.953495 2.27618 3.87043 22 419 2355 2130 1 0.434076 0.434076 52 
-2.14559 -3.83009 -5 0.279936 0.011448 0.477925 3.87568 22 420 4722 4467 1 0.923526 0.923526 100 
-5 -3.81398 -1.58997 -0.388024 1.26789 1.12735 3.89109 11 421 1149 1 1 24.9834 24.9834 277 
0.228535 -4.40419 -5 0.0313876 0.446082 2.14724 3.85442 22 422 1613 1532 1 14.672 14.672 190 
4.63312 -5 3.96366 0.329186 0.237756 -0.0120025 3.91782 22 423 2548 2138 1 14.0374 14.0374 144 
0.188657 -5 2.36504 0.646419 0.890063 5.86535 3.88016 22 424 3375 3255 1 10.1822 10.1822 160 
-0.784017 -5 -3.77531 0.695053 0.326205 -0.304064 3.93928 22 425 2027 2026 1 3.8597 3.8597 23 
-5 2.42594 -1.51863 0.207432 0.160904 -0.187915 3.96572 22 426 8370 7830 1 64.6026 64.6026 555 
3.3454 -5 1.54701 0.297661 0.405232 -0.0911285 3.96302 22 427 1076 1075 1 7.09244 7.09244 117 
0.43019 4.83429 -5 0.155204 0.607726 0.406623 3.90569 22 428 1597 1 1 2.33915 2.33915 27 
-5 -0.323628 0.894075 0.315672 0.318599 -0.24488 4.10734 22 429 2493 2490 1 0.141111 0.141111 14 
3.33605 -4.70302 -5 0.333637 4.22965 8.34765 3.86327 22 430 4409 4285 1 0.85135 0.85135 67 
-5 2.37208 4.09606 0.148595 0.35344 -0.337816 3.99031 22 431 2543 2542 1 39.7415 39.7415 420 
-1.6742 -5 4.62231 5.19506 8.04131 55.5 3.88822 22 432 1518 1477 1 4.49939 4.49939 105 
-4.77054 4.87889 -5 -0.00564509 0.228938 0.32378 3.88161 22 433 4807 4806 1 4.72924 4.72924 97 
3.5761 -1.30653 -5 1.9419 1.38048 3.57994 3.8695 22 434 3172 3062 1 4.00572 4.00572 56 
-5 -3.22375 4.16885 17.7174 0.713937 16.0163 3.89294 -11 435 2773 2772 1 6.04736 6.04736 121 
-5 -3.67681 0.152822 0.475686 -0.00659891 -0.186545 3.92831 22 436 1648 1647 1 2.29732 2.29732 58 
-5 -4.42373 -1.07428 0.259075 0.393373 -0.198135 4.02969 22 437 3770 3769 1 4.99964 4.99964 169 
0.512736 2.40226 -5 1.91854 2.45749 10.1837 3.85818 22 438 1332 1222 1 38.27 38.27 366 
3.25169 -5 -2.25801 -0.323289 0.0805978 -0.139047 3.86326 11 439 2889 2885 1 31.9538 31.9538 267 
-3.09868 -5 1.15976 -0.365684 0.303547 0.18776 3.89675 22 440 1590 1589 1 16.9293 16.9293 177 
-5 2.20272 4.80284 0.317299 0.171905 -0.361787 3.95358 22 441 1221 1219 1 4.04292 4.04292 78 
-0.557917 -5 0.997247 0.0475663 0.934339 1.09015 3.88308 22 442 3423 2437 1 17.4528 17.4528 236 
-0.851821 -5 -1.0617 0.599648 0.206297 1.09429 3.88603 22 443 3068 1 1 0.317739 0.317739 36 
-3.59559 0.312839 -5 0.279501 0.92338 1.97495 3.8695 22 444 3655 2311 1 1.26596 1.26596 49 
0.275068 -2.29543 5 -0.127085 -0.00867374 -0.0995152 4.05606 22 445 6797 6687 1 8.56757 8.56757 76 
-2.96422 -5 4.07993 0.113907 0.262632 0.127667 3.94819 22 446 2027 1 1 24.0266 24.0266 332 
-2.46629 4.6508 -5 1.16368 0.592075 4.19135 3.86358 22 447 4428 4291 1 0.0842572 0.0842572 22 
-4.076 -5 3.46189 0.764496 0.610663 -2.10441 4.08848 22 448 1913 1912 1 5.4652 5.4652 124 
3.40704 3.49008 -5 0.172242 0.303601 0.346765 3.92584 22 449 2646 2644 1 2.44906 2.44906 75 
-4.11598 -5 3.43987 0.160205 0.364051 -0.320814 3.99217 22 450 1930 1929 1 13.8394 13.8394 134 
-4.80109 -3.92238 -5 2.27786 9.89436 16.0476 3.85875 -11 451 2998 2997 1 6.04844 6.04844 41 
-4.08762 -2.06108 -5 0.0136851 -0.0159563 0.510566 3.88134 22 452 1285 1264 1 231.485 231.485 2114 
1.93798 -5 -0.987449 0.399742 0.217768 -0.232171 3.94922 22 453 2249 2223 1 0 0 16 
-3.47165 -3.7649 -5 0.694801 0.151503 0.664513 3.87128 22 454 2565 2508 1 2.93504 2.93504 47 
-3.55249 -1.2149 -5 -0.132637 0.300969 0.391081 3.87095 22 455 2551 2550 1 37.305 37.305 401 
-3.48277 -2.09623 -5 0.58909 0.102098 7.20159 3.85371 22 456 1166 1 1 30.9206 30.9206 293 
2.46343 5 4.72167 -0.267671 -0.407385 -0.153329 4.05147 22 457 1533 1531 1 16.3381 16.3381 200 
1.96895 4.79688 5 -0.478419 -0.0460998 -0.173523 4.08633 22 458 8201 8200 1 8.82778 8.82778 214 
-5 -4.43181 -1.07722 0.126008 0.0129639 -0.0282158 3.88235 22 459 2745 2691 1 12.0574 12.0574 245 
-3.08242 -5 -4.91255 -1.61965 7.23258 0.807847 3.86576 -11 460 9195 9194 1 4.1141 4.1141 91 
-2.59386 2.98749 -5 0.337493 0.333943 1.74912 3.85904 22 461 1210 1141 1 9.99907 9.99907 198 
-4.01936 3.83555 -5 2.65071 0.149639 3.85789 3.88497 22 463 1058 1003 1 10.7119 10.7119 130 
-5 1.70943 2.19126 0.32144 0.0465993 0.394493 3.92576 22 464 9122 9119 1 0 0 9 
-5 -0.513868 0.774269 0.133302 0.0246335 0.0994637 3.88075 22 465 1549 1 1 24.3186 24.3186 321 
-5 2.73535 4.82211 0.482553 -0.168113 0.000680098 3.95383 22 466 2998 2941 1 20.3981 20.3981 151 
-4.84366 -5 -1.34868 0.608503 0.172175 0.870688 3.88029 22 467 6254 6179 1 1.76405 1.76405 60 
0.0218669 2.54813 -5 3.90906 7.77191 36.3378 3.86082 22 468 1546 1476 1 8.62468 8.62468 102 
-5 4.50103 3.10178 0.426374 0.445771 0.958171 3.90058 22 469 1752 1751 1 26.2365 26.2365 209 
5 -1.83411 -1.79739 -0.15979 0.162524 -0.044295 3.92023 22 470 1931 1744 1 2.85704 2.85704 58 
2.39728 2.49961 -5 0.155141 0.0578635 0.550383 3.86411 22 471 5399 5265 1 12.668 12.668 134 
2.59274 -4.6412 -5 0.593658 0.222536 1.78408 3.86103 22 472 8958 8801 1 0.516681 0.516681 42 
-0.216486 -4.87113 -5 -1.76856 0.596089 1.93977 3.86975 11 473 5028 5027 1 12.8133 12.8133 135 
4.97677 -2.80135 -5 0.271567 0.212026 0.240867 3.8885 22 474 1223 1177 1 14.0125 14.0125 77 
-5 -3.97979 -0.314366 0.244894 -0.172782 0.546151 3.88816 22 475 11301 11152 1 0.260796 0.260796 26 
1.11347 -3.98425 -5 3.74951 5.94285 24.3194 3.85922 22 476 1253 1 1 0 0 9 
-5 -3.45207 -0.230744 11.3207 -6.50766 -14.3398 3.90449 -11 477 3065 3064 1 31.7525 31.7525 428 
0.42434 5 -3.23503 -0.118185 -0.445316 0.797163 3.86962 11 478 3282 3281 1 44.2721 44.2721 442 
0.982829 3.5493 -5 0.701154 0.726385 1.92632 3.87934 22 479 5670 4945 1 4.60553 4.60553 62 
-1.23681 -5 -0.631382 0.298471 0.10064 -0.402376 3.96488 22 480 1368 1342 1 24.1459 24.1459 228 
-3.23315 -5 -0.428329 0.175844 0.247068 0.0793225 3.88368 22 481 1769 1650 1 0.558083 0.558083 77 
3.62181 -4.22862 -5 0.150597 0.0440804 0.823367 3.88668 22 482 2218 2217 1 37.1612 37.1612 365 
1.35642 4.61841 5 0.0573151 0.0684684 -0.0984269 3.94879 22 483 6698 6661 1 8.4497 8.4497 158 
5 -4.44016 -3.47688 -0.0194347 0.116854 0.497079 3.89365 22 484 7636 7635 1 4.62869 4.62869 64 
3.82364 1.44602 -5 0.462833 0.311704 1.52754 3.86905 22 485 5413 4552 1 12.6638 12.6638 175 
2.13562 2.25253 -5 1.5284 0.0202996 0.805365 3.88918 22 486 4789 4765 1 1.04636 1.04636 78 
0.493955 -5 3.27617 1.79037 6.59185 47.6987 3.88313 22 487 4644 4580 1 12.5552 12.5552 166 
-0.724403 -5 4.6499 0.0819081 0.117703 0.0860287 3.9209 22 488 11153 11139 1 0.203868 0.203868 33 
0.870214 5 -4.04439 0.0254776 -0.171228 -0.0870914 3.89882 22 489 2283 2282 1 35.4918 35.4918 584 
4.60593 1.81281 -5 0.362324 0.193021 1.94541 3.8623 22 490 8822 8651 1 1.12811 1.12811 19 
-5 -2.93789 -0.853756 0.158646 -0.0586149 -0.0154902 3.9971 22 491 1798 1797 1 2.7695 2.7695 39 
1.19812 5 -1.13467 -1.81721 2.34527 2.67152 3.88951 11 492 12795 12794 1 3.26836 3.26836 45 
-4.70915 -3.04148 -5 0.126721 0.475013 0.139371 3.87851 22 493 3820 3775 1 3.07875 3.07875 151 
-4.35516 -4.09861 -5 0.34663 0.158174 0.583 4.85691 22 494 4628 4553 1 11.5579 11.5579 134 
-2.1888 -2.13667 -5 11.9086 -0.0833371 16.6414 3.85907 -11 495 8540 8539 1 18.3474 18.3474 136 
-0.122606 -5 -4.18966 0.127744 0.477984 0.127801 3.88855 22 496 4951 4948 1 7.52817 7.52817 75 
-4.28732 0.224458 -5 1.10449 0.0715916 3.02888 3.85924 22 497 2097 1884 1 81.7782 81.7782 871 
0.241951 -3.14343 -5 0.129091 0.257476 1.13514 3.86061 22 498 8617 8475 1 1.98064 1.98064 40 
0.61271 -3.43113 -5 17.6036 14.3227 274.931 3.85279 -11 499 1414 1413 1 99.3265 99.3265 974 
-1.11091 0.298742 5 0.285326 0.0895939 -0.145476 4.01288 22 500 4918 4917 1 0.0747398 0.0747398 6 
-0.342213 5 1.35767 -0.228345 -0.132288 0.0235712 3.95134 22 501 1658 1639 1 31.18 31.18 460 
-5 3.81558 0.779112 0.782899 0.807741 1.93981 3.89002 22 502 3230 2632 1 12.8137 12.8137 127 
-0.0471862 -4.25297 -5 0.0265011 0.0520291 0.502127 3.85422 22 503 3260 2764 1 36.71 36.71 323 
-4.07034 -5 -3.19564 0.128258 0.339635 -0.359608 3.88448 22 504 1819 1794 1 22.5721 22.5721 261 
-2.14216 -0.178212 -5 -1.51299 0.440721 6.65085 3.85914 22 505 1504 1 1 25.1264 25.1264 231 
3.27513 4.80248 -5 6.28404 9.71231 9.02123 3.89933 -11 506 3126 3125 1 0.455411 0.455411 33 
0.531742 -5 -0.788996 -0.224861 2.20049 -2.25371 3.96089 22 507 5098 5097 1 2.13584 2.13584 13 
-5 0.371727 3.96945 3.50386 2.22616 2.726 3.91781 22 508 6909 6908 1 19.6265 19.6265 95 
-0.812846 1.91175 -5 1.10072 0.688126 1.25341 3.90748 22 509 2725 2669 1 25.5553 25.5553 258 
3.3603 3.44139 5 0.312753 0.234083 -0.361713 4.05623 22 510 5503 5382 1 0.602916 0.602916 43 
-5 -3.24168 -4.6065 0.266821 0.119565 0.020313 3.91484 22 511 2312 2309 1 7.03969 7.03969 169 
0.259998 -5 4.18333 0.270962 0.157042 0.331519 3.91434 22 512 5105 5078 1 2.7562 2.7562 95 
-5 3.3392 3.80218 0.267229 0.145972 -0.333922 4.02241 22 513 13886 13858 1 4.78105 4.78105 29 
2.86535 -5 1.09197 0.50842 0.051132 -0.0038202 3.97291 22 514 1757 1718 1 0 0 11 
-2.97301 -5 -1.69695 -0.191268 0.18913 0.0960233 3.92398 22 515 1183 1102 1 27.0177 27.0177 308 
1.0458 -0.731582 -5 1.30401 0.310476 18.4832 3.85345 22 516 3872 3292 1 93.6204 93.6204 714 
-2.67242 -1.68302 -5 0.076317 0.969592 2.31571 3.86072 22 517 1682 1432 1 14.8405 14.8405 120 
-2.25708 -4.51868 5 0.0479901 0.147626 -0.390344 4.09175 22 518 1929 1928 1 28.6892 28.6892 191 
-5 -1.29935 0.396142 1.09676 -0.519802 0.994057 3.87457 22 519 1567 1 1 26.2334 26.2334 324 
-0.563096 -4.10101 5 -0.0178868 0.220877 -0.142407 3.95811 22 520 1719 1717 1 7.92764 7.92764 102 
-5 -0.754006 2.96001 0.383412 0.732523 -0.152506 3.92282 22 521 2198 2174 1 0 0 4 
-4.09494 -5 1.98463 0.0659369 0.0620321 0.285134 3.88565 22 522 4428 4298 1 1.43795 1.43795 90 
2.3863 -5 -3.62335 0.515169 0.173509 0.239047 3.89625 22 523 9712 9673 1 4.2082 4.2082 67 
3.31288 2.64496 -5 1.06692 0.2226 2.17009 3.86386 22 524 1209 1 1 3.73539 3.73539 141 
-3.07697 -1.26393 -5 -0.0811855 0.647 1.56128 3.8725 22 525 2142 2141 1 18.1826 18.1826 273 
-1.906 -5 -2.55336 -0.210627 0.0929523 -0.241824 4.09852 22 526 1035 1034 1 2.34199 2.34199 95 
-2.94096 -1.74415 -5 -0.0281647 0.0375938 0.860987 3.85301 22 527 1926 1600 1 85.9454 85.9454 824 
-1.52046 -1.24716 5 -0.293176 0.582691 -0.866455 4.06127 22 528 2231 2230 1 12.833 12.833 161 
3.8785 -2.13288 -5 0.150212 0.16459 0.399523 3.86254 22 529 2430 2360 1 6.0022 6.0022 159 
-3.402 -5 4.39261 -0.0174251 0.139718 -0.0892904 3.91753 22 530 16800 16451 1 3.86711 3.86711 24 
0.248445 -4.41648 -5 0.958544 0.393161 2.72029 3.86477 22 531 3074 2933 1 2.45898 2.45898 82 
-2.34323 -3.179 5 -0.0869342 0.101647 -0.482515 4.14349 22 532 2052 2051 1 20.202 20.202 279 
-3.58715 -4.15589 -5 -0.221396 -0.162903 0.430774 3.86682 22 533 1059 1029 1 4.53588 4.53588 68 
3.63352 -5 -3.96789 2.93626 2.76467 2.13024 3.87081 22 534 3017 2954 1 8.73724 8.73724 132 
-5 -4.95169 2.04637 0.47725 0.978544 -0.916769 3.88476 -11 535 2936 2935 1 1.61274 1.61274 85 
4.1574 -5 4.94829 0.233282 0.207699 -0.00351594 3.93738 22 536 4275 3969 1 2.29155 2.29155 118 
-5 -4.74114 -1.95875 0.460269 -0.0813651 0.206524 3.9264 22 537 1640 1639 1 1.03492 1.03492 42 
3.24846 3.91382 -5 0.408703 0.208049 1.00433 3.87055 22 538 1318 1 1 5.41915 5.41915 53 
-5 -4.78125 -2.35791 0.106735 0.445099 0.00894856 3.94843 22 539 4477 4476 1 1.27597 1.27597 87 
-3.64374 2.35713 -5 0.120148 0.459232 1.10663 3.86422 22 540 6310 6276 1 0.604961 0.604961 48 
-4.22551 -0.459596 -5 10.1161 4.42864 12.1309 3.85703 -11 541 2252 2251 1 26.9635 26.9635 318 
-0.0593756 0.434111 -5 0.247039 0.408523 1.0614 3.88451 22 542 1773 1727 1 13.5776 13.5776 243 
-5 1.59547 2.41154 3.14883 1.66039 0.66683 3.89133 11 543 4564 4461 1 0.971421 0.971421 33 
-4.67234 -5 -4.07968 0.0514212 0.220032 0.369165 3.88623 22 544 13303 13299 1 0.785009 0.785009 39 
0.227666 1.32697 5 0.222424 0.37597 -0.26513 3.95715 22 545 2152 2151 1 6.47861 6.47861 77 
-5 3.93079 -0.40553 3.29693 2.65816 14.2067 3.87872 22 546 1028 1 1 8.14957 8.14957 73 
-0.274341 -3.90907 5 0.331789 0.11395 -0.371552 4.00766 22 547 2528 2527 1 0.220678 0.220678 27 
-3.3452 1.19019 -5 0.205737 0.419459 0.837907 3.86569 22 548 2421 2420 1 9.60593 9.60593 215 
-5 -4.50041 0.796804 6.25805 -0.905398 9.25616 3.87929 22 549 5715 5714 1 13.678 13.678 155 
-5 3.33932 -0.0815282 0.157122 0.243105 -0.185077 3.96277 22 550 2350 2321 1 4.17082 4.17082 101 
-5 -3.38158 -2.65863 0.304187 -0.337187 0.234297 3.95479 22 551 1476 1475 1 11.6635 11.6635 206 
3.37524 0.760685 -5 0.706844 0.543206 4.73844 3.85864 22 552 2302 2200 1 0.691704 0.691704 75 
5 3.78534 -2.89072 -0.425418 0.264038 0.102095 3.90414 22 553 1114 1112 1 19.7146 19.7146 213 
3.69139 2.43398 -5 0.277863 0.209364 1.5435 3.86356 22 554 1414 1 1 0 0 9 
-5 -1.94693 -1.75723 -1.67273 10.9149 -6.8572 3.90086 -11 555 7009 7008 1 4.21536 4.21536 82 
-3.61262 4.46497 -5 0.148769 -0.0639024 0.163676 3.86982 22 556 2454 2367 1 2.18828 2.18828 51 
-1.47534 -4.78169 5 0.340972 0.231353 -0.302215 4.02199 22 557 1224 1222 1 1.69811 1.69811 36 
1.4723 5 4.9915 -0.025331 -0.140625 0.109286 3.88834 22 558 2636 2593 1 139.524 139.524 1118 
1.50613 -2.98492 5 -0.145791 0.442073 -0.210799 3.96627 22 559 1367 1365 1 7.72261 7.72261 180 
-1.33114 -5 4.18798 0.29684 0.413543 0.0445889 3.97189 22 560 2425 2424 1 8.44451 8.44451 107 
0.856554 1.61439 -5 0.272601 0.25918 0.485545 3.88361 22 561 4950 4736 1 0.497437 0.497437 58 
-5 -3.77252 2.64332 2.43368 18.8203 30.4012 3.88445 11 562 1790 1592 1 8.37704 8.37704 127 
-5 1.77677 2.5876 0.454584 0.210727 0.100339 3.90869 22 563 1237 1234 1 0.514978 0.514978 31 
2.27088 -1.99068 -5 3.20476 1.377 9.69048 3.85926 22 564 3902 3805 1 13.0898 13.0898 117 
5 1.8824 -3.84844 -0.289355 -0.206579 -0.146319 3.9301 22 565 3881 3880 1 6.8821 6.8821 109 
-5 -3.15594 -1.22174 0.69892 0.287443 0.762653 3.88844 22 566 4727 3809 1 1.14982 1.14982 31 
5 -3.6985 -1.50413 -0.144192 0.206684 0.312687 3.89607 22 567 1793 1696 1 16.5907 16.5907 271 
-4.05115 -5 -1.89679 -0.116684 0.0939269 -0.0924323 3.99384 22 568 3903 3447 1 0.142284 0.142284 22 
4.46459 -5 2.47948 0.413012 1.0074 1.94751 3.89932 22 569 4857 4837 1 1.06551 1.06551 53 
-3.25506 2.91062 5 1.41521 2.67119 -1.30336 3.9566 22 570 2296 2295 1 37.9325 37.9325 319 
-1.94357 -1.79895 -5 1.87671 6.89733 89.4724 3.85375 22 571 3634 3529 1 38.7577 38.7577 373 
-3.59773 -2.52642 5 0.0540766 0.305177 -0.365748 3.94448 22 572 3140 3104 1 15.5723 15.5723 144 
1.05097 -4.00907 -5 0.592558 0.465748 1.0635 3.87118 22 573 14306 13982 1 2.18934 2.18934 73 
-3.7305 -2.78583 -5 2.23935 2.36995 2.62264 3.85667 -11 574 1608 1607 1 5.71792 5.71792 50 
-1.95219 -5 4.80729 0.0492799 0.47644 -0.178035 3.98036 22 575 5526 5525 1 0.693748 0.693748 57 
-5 3.61165 -2.07042 0.318037 -0.0512501 0.264334 3.88951 22 576 5517 5409 1 14.2303 14.2303 213 
-3.52605 -0.56158 -5 1.39704 -4.77506 4.88313 3.8587 11 577 2132 2102 1 126.321 126.321 951 
1.40574 -0.00585545 5 -0.108255 0.0277585 -0.103875 3.99744 22 578 1049 1 1 10.169 10.169 108 
2.7266 1.94211 -5 0.215498 0.238342 0.397333 3.8725 22 579 1095 1054 1 11.9936 11.9936 137 
0.144634 4.95377 -5 1.52578 8.15532 48.8554 3.85551 22 580 2026 1918 1 76.1293 76.1293 750 
-2.64896 3.51823 -5 -0.0204146 0.266333 4.50937 3.85376 22 581 1381 1 1 70.364 70.364 743 
-1.77795 1.71595 5 0.106043 0.218241 -0.449717 4.05821 22 582 1897 1895 1 8.10145 8.10145 55 
-0.434726 -5 0.0835884 0.229778 0.679898 0.754937 3.88005 22 583 2617 2106 1 14.735 14.735 245 
-4.08676 -0.46331 -5 0.028376 0.161389 0.310637 3.87119 22 584 7088 7057 1 6.31009 6.31009 23 
-3.97352 2.01283 5 0.19912 -0.0734572 -0.464839 3.99649 22 585 11014 11012 1 4.32185 4.32185 112 
-5 3.01891 1.00904 0.591155 -0.0252306 -0.722462 4.14059 22 586 3475 3474 1 18.1129 18.1129 189 
-5 -2.53695 3.98875 0.771914 0.399255 6.62928 3.88532 22 587 2128 1769 1 4.89416 4.89416 70 
0.652794 1.71115 -5 0.556045 0.472659 1.19099 3.87559 22 588 6930 1 1 4.16014 4.16014 48 
-5 -3.75929 0.999828 0.187843 0.180413 0.439643 3.91659 22 589 7257 7238 1 1.48893 1.48893 87 
2.02582 2.18732 -5 1.49937 0.281292 2.2789 3.8676 22 590 1116 1 1 33.4877 33.4877 255 
-5 -4.47354 -3.29031 6.00979 7.40178 41.2904 3.86003 22 591 1293 1 1 26.5838 26.5838 285 
-2.75198 -1.91861 -5 -0.0366819 0.20284 3.35614 3.85318 22 592 2369 1810 1 40.6116 40.6116 318 
-2.02732 -0.892149 -5 0.213726 0.453218 0.306916 3.90747 22 593 3497 3442 1 0.401304 0.401304 36 
-0.17737 -4.84544 -5 0.40077 0.0276416 5.92608 3.8544 22 594 1064 1 1 44.8434 44.8434 334 
-2.30889 -5 3.04363 0.397113 0.271655 0.172119 3.8988 22 595 3798 3797 1 0.454973 0.454973 74 
-4.72028 -5 -2.30392 0.207431 0.447669 -0.132984 3.91549 22 596 2951 2947 1 11.1074 11.1074 120 
-5 -2.59523 1.79953 1.5921 0.50302 -0.195625 3.93008 22 597 6549 6530 1 2.82753 2.82753 65 
1.1334 -5 0.413497 -0.109271 0.406059 -0.290338 3.95316 22 598 3370 3369 1 2.62374 2.62374 104 
2.76995 -0.994194 -5 0.379245 0.0525276 1.50895 3.85735 22 599 1925 1574 1 56.7859 56.7859 596 
-0.975268 -1.06598 5 -0.450308 0.102221 -0.218846 3.97336 22 600 16302 16299 1 0.510688 0.510688 26 
4.01683 4.47453 -5 0.226613 -0.0446962 0.148632 3.87777 22 601 2959 2883 1 7.56598 7.56598 122 
-5 0.583556 -0.352389 0.113611 0.00719674 0.142764 3.87967 22 602 4594 4373 1 2.83383 2.83383 95 
-5 4.89843 1.73934 1.11055 0.458563 3.973 3.90186 22 603 1456 1400 1 17.0161 17.0161 199 
0.451252 0.904846 -5 3.04839 2.74876 2.98712 3.88611 22 604 3328 3260 1 0.792145 0.792145 78 
5 -0.998333 3.01808 -0.118241 0.025212 0.371966 3.94871 22 605 2675 2674 1 2.25632 2.25632 43 
-4.58399 -3.97001 -5 0.0549041 -0.0127179 1.83934 3.85279 22 606 1510 1 1 50.2923 50.2923 575 
1.12245 -0.553483 -5 0.389865 0.316118 0.0958886 3.94872 22 607 4442 4441 1 3.47194 3.47194 110 
4.75656 2.16966 -5 3.93454 0.690485 5.65268 3.86323 22 608 1128 1126 1 33.9086 33.9086 368 
-5 3.41639 2.37335 0.379846 0.16279 0.246014 3.91555 22 609 4523 4522 1 1.6514 1.6514 64 
-3.73624 1.42591 -5 1.61817 -0.201047 4.28115 3.86026 22 610 1372 1253 1 10.6233 10.6233 212 
-5 -0.178717 -4.58404 0.130983 -0.00199205 0.0781976 3.89721 22 611 3040 3014 1 48.2525 48.2525 511 
0.218407 -1.87849 -5 0.0965701 0.302107 0.568993 3.86143 22 612 6852 6751 1 9.94761 9.94761 96 
-4.24955 -4.49989 -5 0.797443 -0.570362 4.02434 3.85477 22 613 2502 2146 1 22.7778 22.7778 282 
-5 1.29804 -0.181288 0.137066 0.0445136 -0.0612307 3.91855 22 614 2698 2697 1 9.85494 9.85494 175 
-0.676803 -5 -1.94292 -1.08262 3.7913 5.27192 3.87466 22 615 3513 3396 1 1.13717 1.13717 28 
0.58899 -5 -2.38385 -0.0479825 0.289141 0.0516654 3.89178 22 616 2494 2314 1 17.0898 17.0898 293 
-5 2.85757 -3.49388 -0.198147 1.01862 3.3411 3.86797 -11 617 1765 1764 1 30.4659 30.4659 316 
-5 1.53601 -4.27501 0.266788 0.305719 -0.310613 3.97458 22 618 3142 3141 1 11.3282 11.3282 152 
0.506286 0.895192 -5 0.356812 0.749551 2.00198 3.8675 22 619 3992 3851 1 1.3842 1.3842 37 
-1.07667 5 2.88501 -0.0492338 -0.185432 0.053843 3.98347 22 620 4425 4424 1 22.867 22.867 275 
-0.89718 -3.1044 -5 3.12552 -1.82911 18.8567 3.85794 22 621 1720 1433 1 21.0653 21.0653 419 
-5 -1.74288 2.17457 0.884541 0.468597 2.51497 3.90443 22 622 3538 3427 1 20.8532 20.8532 360 
-0.196357 2.18029 -5 0.266722 0.280385 1.73047 3.85758 22 623 1270 1186 1 24.3556 24.3556 281 
-0.877851 -5 -2.44926 0.322549 0.0392067 -0.0889366 3.97691 22 624 8042 8000 1 0 0 4 
-2.45631 -0.410692 5 -0.109911 0.071041 -0.232957 4.14145 22 625 1828 1827 1 16.5357 16.5357 289 
-5 -0.103001 0.615561 0.0568315 0.0675107 0.268395 3.88454 22 626 3178 3119 1 5.08004 5.08004 28 
1.61284 -2.12846 -5 0.128467 -0.193111 1.14632 3.85769 22 627 5469 5467 1 119.438 119.438 1160 
-3.27284 3.78596 -5 0.236012 0.0650385 0.340672 3.86456 22 628 1282 1050 1 17.7655 17.7655 152 
-5 0.654346 4.51769 1.52445 0.801341 -1.68499 3.91448 -11 629 3830 3829 1 15.0028 15.0028 122 
-4.22393 -1.14655 -5 -4.80229 12.8141 13.5932 3.85503 -11 630 1272 1271 1 55.0721 55.0721 554 
-3.57374 -1.83216 -5 0.303612 0.295334 0.259946 3.90642 22 631 3329 3302 1 2.98943 2.98943 44 
1.81699 -0.731532 -5 0.611403 0.397124 0.606575 3.89101 22 632 10898 10872 1 0 0 6 
1.33708 -3.52379 -5 -1.38277 -1.82012 2.83904 3.85562 -11 633 1564 1563 1 79.7727 79.7727 674 
-2.08768 -2.85537 -5 -6.15779 -1.73619 16.986 3.85776 -11 634 3931 3930 1 46.5816 46.5816 545 
-3.40456 -0.330985 -5 0.665187 1.65521 5.80155 3.85754 22 635 2148 2017 1 8.95226 8.95226 165 
1.36008 -5 1.72905 -0.149321 0.132857 -0.0817521 3.93102 22 636 2045 2044 1 14.5373 14.5373 203 
-2.84816 -5 2.59662 0.0888222 0.298757 -0.404938 3.91982 22 637 1803 1802 1 17.7797 17.7797 273 
-2.4238 -5 -2.6699 0.417862 0.42694 4.7242 3.86294 22 638 1653 1492 1 0 0 5 
-0.72539 4.01666 -5 -0.0653421 -0.00940895 0.164122 4.1447 22 639 9377 9342 1 0 0 3 
-5 -2.44678 -1.5628 0.944559 0.0245857 0.196771 3.91072 22 640 1867 1815 1 2.8206 2.8206 19 
0.551222 2.16927 -5 0.176072 0.0684296 0.116284 3.88382 22 641 4409 4366 1 7.09244 7.09244 105 
-0.873256 -5 1.60027 -0.117585 0.491399 0.0762936 3.89514 22 642 1347 1315 1 34.8654 34.8654 429 
-1.96804 1.14272 -5 0.155525 -3.56174 3.22899 3.86301 11 643 1 0 1 76.7063 76.7063 724 
-0.700971 4.45812 -5 17.5397 5.50525 478.642 3.85295 22 644 1034 1 1 72.4995 72.4995 808 
1.07906 -0.619864 -5 0.037232 0.173222 2.20224 3.85327 22 645 1360 1 1 193.31 193.31 1658 
-0.907864 -5 -0.922183 -0.0786585 0.327717 0.384102 3.90442 22 646 1279 1278 1 16.4503 16.4503 241 
-0.725157 -4.92106 -5 2.63901 3.8181 28.5542 3.85606 22 647 5650 5544 1 7.35965 7.35965 166 
-2.2755 -5 1.92971 0.260775 0.365426 -0.0442611 3.93323 22 648 1885 1 1 0.582731 0.582731 66 
-5 1.77129 0.147972 0.324538 0.0903262 0.703329 3.87626 22 649 3593 3478 1 20.5635 20.5635 206 
4.97593 -4.91274 5 0.0733537 0.0488944 -0.313161 4.14985 22 650 2501 2500 1 3.75046 3.75046 43 
-5 2.29887 -3.92408 0.229304 0.30917 -0.336086 3.99234 22 651 1311 1307 1 3.68939 3.68939 104 
4.91084 -5 -2.20181 0.907875 1.14023 1.46164 3.93592 22 652 2077 2036 1 8.42306 8.42306 154 
-3.301 -5 0.190239 -0.00330154 0.0753086 -0.234786 3.94443 22 653 9100 9077 1 0.286955 0.286955 21 
-5 -0.986257 -2.85361 3.4349 0.519383 9.85316 3.87015 22 654 1563 1525 1 8.27646 8.27646 78 
2.93155 -0.985707 -5 0.0444763 0.0716254 0.374363 3.8776 22 655 3527 3511 1 1.43079 1.43079 94 
-5 4.28093 -2.48365 0.351176 -0.0452935 -0.110208 4.01911 22 656 3173 3139 1 0.356673 0.356673 57 
-2.55017 -5 -2.31549 -0.401182 0.293385 -0.118734 3.90059 22 657 6854 6852 1 2.99195 2.99195 39 
-1.84685 1.9873 -5 0.538423 0.697799 6.40591 3.85502 22 658 1970 1692 1 23.5077 23.5077 174 
-2.27844 3.80051 -5 0.00923819 0.00404198 0.681209 3.85271 22 659 1183 1 1 121.777 121.777 967 
3.95576 -5 4.58768 0.172985 0.25844 -0.0653708 3.94955 22 660 3634 3559 1 2.93311 2.93311 55 
-4.72577 0.797824 -5 1.14183 4.70438 7.90184 3.87146 22 661 1526 1405 1 0.930402 0.930402 23 
-5 -4.17475 0.790492 0.20766 0.044841 0.0771758 3.91847 22 662 5217 4876 1 9.42059 9.42059 48 
-1.38142 -3.34047 -5 0.255691 0.456699 0.550881 3.86092 22 663 5511 5463 1 15.442 15.442 252 
-5 -0.0683797 -3.82477 0.339898 0.379568 -0.0389506 4.00453 22 664 2199 2196 1 0.359887 0.359887 36 
-5 4.10192 -4.55558 0.53228 2.31762 4.27991 3.86645 22 665 3678 3424 1 10.8845 10.8845 237 
-5 -3.60736 -2.54321 0.365864 0.328657 -0.0552982 3.87845 22 666 2235 2184 1 23.0902 23.0902 334 
-5 -2.77896 -2.82145 1.12436 0.211246 0.30129 3.9427 22 667 3741 3715 1 4.12089 4.12089 92 
4.39762 -5 -3.47967 0.128545 0.251726 0.0569406 3.91917 22 668 6269 6268 1 9.36601 9.36601 162 
-2.26202 -3.28778 5 0.201344 -0.0507122 -0.466914 4.0016 22 669 1996 1973 1 1.42885 1.42885 59 
1.19513 -1.51488 -5 8.30112 -0.470652 6.78821 3.91416 11 670 5669 4287 1 3.81911 3.81911 10 
-5 -4.74001 0.121321 0.259749 0.00557495 0.440022 3.89116 22 671 4833 4806 1 7.41804 7.41804 92 
-2.54336 -2.87234 -5 0.137298 0.198084 0.879463 3.86252 22 672 3078 2741 1 1.01406 1.01406 91 
-3.94931 -5 1.65607 -0.219876 0.253537 0.337925 3.93573 22 673 9127 9124 1 4.7197 4.7197 161 
2.48228 3.72111 -5 -0.0593214 1.32728 2.66892 3.86861 22 674 7290 7221 1 1.62559 1.62559 60 
-0.482294 3.92666 -5 0.106704 0.523055 0.715532 3.91487 22 675 6679 6653 1 3.84344 3.84344 84 
4.97674 -3.93696 -5 0.726937 -0.00477767 3.72149 3.85746 22 676 1547 1 1 7.90949 7.90949 197 
-4.77292 -3.75421 5 0.210765 0.0571785 -0.461983 4.06387 22 677 4515 4513 1 12.3457 12.3457 108 
-5 4.81764 -2.83904 1.85043 2.0963 5.2288 3.87709 22 678 1514 1500 1 8.19404 8.19404 122 
-1.71331 0.829106 -5 0.119268 -0.0593811 0.310613 3.86645 22 679 2053 1895 1 13.8071 13.8071 179 
-1.29402 -1.27036 5 0.0653885 0.108118 -0.181956 3.973 22 680 1544 1318 1 24.2944 24.2944 338 
-5 4.97952 2.79422 0.364766 0.212462 -0.287968 4.03704 22 681 1460 1459 1 1.65149 1.65149 12 
2.63889 4.3256 -5 0.275154 0.413507 0.836334 3.88228 22 682 5110 4955 1 4.77595 4.77595 67 
-2.97387 -5 -3.23447 0.0769369 0.49354 -0.107789 3.93402 22 683 3526 3525 1 0.0228247 0.0228247 15 
1.11451 1.76198 -5 0.641004 0.702201 0.959048 3.87749 22 684 6435 6370 1 6.53675 6.53675 104 
2.84708 -0.27771 5 0.347368 0.0870089 -0.364534 3.97609 22 685 3900 3899 1 26.4051 26.4051 310 
-5 1.48734 2.37382 0.778767 0.766038 2.35858 3.88875 22 686 10070 9939 1 6.77131 6.77131 128 
3.80218 -5 -4.91612 -0.0287926 0.428819 -0.276415 3.91658 22 687 1995 1994 1 20.1051 20.1051 281 
-3.10217 2.31691 -5 1.5165 1.04465 2.8704 3.86555 22 688 1595 1594 1 30.5356 30.5356 310 
-1.81088 2.9979 -5 0.430097 0.581573 5.09603 3.85566 22 689 2309 1902 1 19.7326 19.7326 145 
1.58682 3.52968 -5 0.717007 -4.14645 9.20212 3.85608 11 690 1 0 1 64.9989 64.9989 552 
1.19276 -5 1.30779 0.350576 0.356294 0.106162 3.94882 22 691 2907 2906 1 7.66781 7.66781 110 
-1.42577 -4.95115 -5 0.331319 0.263466 0.381632 3.88504 22 692 4116 3974 1 0 0 9 
-1.44091 -5 3.75134 0.184336 0.0915814 0.125041 3.91313 22 693 2886 2261 1 1.31657 1.31657 65 
1.12429 -2.99427 -5 0.749495 1.86347 17.07 3.85452 22 694 1181 1 1 4.64664 4.64664 167 
-3.81948 -5 -1.11899 -0.130485 0.0430707 0.213868 3.87414 22 695 3208 3068 1 16.8186 16.8186 206 
-0.684745 4.01529 5 0.324156 0.145252 -0.174387 4.11887 22 696 1811 1733 1 15.2425 15.2425 187 
-4.03247 -5 -2.84352 0.257084 0.339678 0.282217 3.89011 22 697 16508 16507 1 0.0723099 0.0723099 7 
-1.69148 -5 -0.915319 -0.258344 0.195715 0.395062 3.93744 22 698 1424 1423 1 16.488 16.488 137 
-2.48534 -5 -2.48075 0.43617 0.437384 -1.10048 3.98546 22 699 1900 1899 1 5.61086 5.61086 41 
-0.0266048 -5 4.11819 0.0713963 0.481076 -0.156806 3.98081 22 700 1931 1928 1 81.1838 81.1838 824 
-3.52163 -2.16273 -5 -0.0435224 -0.34061 2.46297 3.85687 22 701 1445 1176 1 188.997 188.997 1693 
5 1.0237 -0.128535 -0.17946 -0.125406 -0.0754889 3.91289 22 702 1633 1632 1 35.0171 35.0171 388 
-4.73422 -1.00292 -5 0.126544 0.149847 1.64098 3.85422 22 703 1395 1 1 30.3794 30.3794 256 
-4.32708 -3.21945 -5 43.7905 -8.53618 32.1932 6.31792 2112 704 1482 1407 1 4.75379 4.75379 81 
-5 2.90622 1.33978 2.11656 2.16571 -0.344024 3.93309 22 705 1958 1957 1 0.0673174 0.0673174 18 
4.43381 -5 -4.79211 -0.0421892 0.624368 -0.342879 4.04721 22 706 3869 3868 1 2.20691 2.20691 68 
-5 -1.04061 -4.07897 0.722032 0.3841 1.58921 3.86033 22 707 7754 7636 1 4.93936 4.93936 128 
-1.49261 -1.1405 -5 -0.00871212 0.0132256 0.442765 3.85497 22 708 1068 1 1 170.54 170.54 1311 
-3.64215 -4.63379 -5 -0.130808 -0.0923132 0.171177 3.87004 22 709 2710 2646 1 8.06707 8.06707 97 
1.50468 2.22862 -5 1.28988 1.76421 3.81082 3.87569 22 710 13254 13180 1 9.09529 9.09529 59 
4.34014 -5 -1.93282 0.384774 0.33232 -0.0513039 3.88482 22 711 6064 6063 1 0 0 10 
0.95449 -5 1.96174 0.33106 0.128928 1.25562 3.88008 22 712 1675 1552 1 11.6123 11.6123 203 
3.47637 -2.6639 5 0.306843 0.152947 -0.173493 4.04448 22 713 3501 3500 1 0.0946761 0.0946761 11 
-0.086762 -5 2.69816 -0.198814 1.8548 0.760563 4.00967 22 714 1640 1639 1 9.14278 9.14278 124 
-5 0.930765 2.87786 0.500602 1.27464 1.28466 3.90515 22 715 3580 3556 1 0.771388 0.771388 61 
-1.93469 -4.0222 5 0.199329 0.394484 -0.256457 4.0063 22 716 4162 4161 1 6.43286 6.43286 146 
1.80204 -1.46787 -5 0.0277364 0.0998567 0.744228 3.85523 22 717 2034 1755 1 27.4074 27.4074 298 
0.560621 -5 3.14639 6.80807 5.69277 30.3782 3.88571 22 718 2307 2306 1 0.114101 0.114101 17 
-3.38195 -5 -1.96918 -0.110982 0.245313 -0.400393 4.03011 22 719 2939 2937 1 3.10555 3.10555 30 
-5 0.293352 1.81715 0.388666 -0.0969183 0.438716 3.90918 22 720 6270 5796 1 0.44272 0.44272 36 
-5 -4.52584 -1.29151 0.437052 0.275151 0.657734 3.86792 22 721 4008 3760 1 68.0071 68.0071 666 
-5 2.69852 2.97711 0.105984 0.0804006 0.143652 4.04274 22 722 3229 3226 1 14.3539 14.3539 175 
2.46534 -5 -1.31509 -0.172843 0.301025 -0.196497 4.41052 22 723 4931 4929 1 1.99533 1.99533 37 
4.42009 -5 -3.67034 -6.17849 0.52429 -2.84104 3.87772 11 724 3371 2881 1 18.8645 18.8645 286 
-3.17083 -2.16797 -5 0.787753 5.15301 37.4065 3.85412 22 725 1893 1832 1 21.5452 21.5452 225 
-4.2019 -1.59968 -5 0.256692 0.171938 2.07041 3.85447 22 726 5174 4982 1 6.18144 6.18144 175 
-4.86704 0.894261 -5 2.2424 3.42537 59.0779 3.8534 22 727 2232 1832 1 22.7845 22.7845 251 
0.722416 5 4.02919 0.0984414 -0.224007 0.164646 3.92454 22 728 4525 4483 1 2.80401 2.80401 48 
-1.97737 -3.10103 5 -0.10722 -0.067764 -0.14019 3.95712 22 729 6665 6628 1 1.45996 1.45996 72 
-2.04913 -3.3447 5 0.214291 0.00602882 -0.358273 4.00807 22 730 1418 1392 1 26.1365 26.1365 255 
-2.4732 -1.78 -5 -0.131137 0.00161415 0.359001 3.89136 22 731 1068 1 1 11.4527 11.4527 208 
-0.254969 -5 3.08593 5.91527 3.9073 4.16834 3.91121 -11 732 1091 1090 1 4.39299 4.39299 89 
5 -4.3974 4.96724 -0.0722902 0.172608 0.0733733 4.0106 22 733 4481 4458 1 6.16552 6.16552 102 
2.67516 4.74765 -5 0.365921 0.321959 0.153506 3.93992 22 734 5458 5457 1 0.810643 0.810643 17 
3.56357 3.77191 5 0.0655782 -0.186976 -0.142337 4.00848 22 735 1060 1 1 6.61237 6.61237 99 
2.89722 -5 3.17218 0.119141 0.314585 0.208213 3.90238 22 736 5679 5677 1 12.6847 12.6847 139 
-5 -0.56983 -0.241156 0.119692 0.0451678 0.110975 3.9505 22 737 5736 5553 1 7.80357 7.80357 73 
-5 -2.70123 -2.27931 6.8738 13.4501 56.5845 3.86327 -11 738 2019 2018 1 26.2774 26.2774 266 
-1.76046 -0.281654 -5 0.015583 4.75473 37.4304 3.85561 22 739 1869 1 1 10.5802 10.5802 260 
-1.28807 0.278547 -5 0.522463 0.716757 2.6812 3.85945 22 740 3108 2692 1 6.3014 6.3014 126 
-5 -4.0723 4.27868 0.315436 0.39385 0.0806339 3.92487 22 741 1764 1763 1 17.4559 17.4559 147 
-4.55681 -4.68103 -5 0.00906329 0.0164826 0.836246 3.85272 22 742 1509 1 1 58.6623 58.6623 556 
1.18715 -5 2.02145 0.287088 0.274649 -0.321353 3.9266 22 743 1778 1777 1 4.06472 4.06472 133 
1.06717 0.750367 -5 2.35008 1.46055 6.29734 3.86541 22 744 1505 1167 1 10.8383 10.8383 161 
4.23815 -4.69059 -5 0.402667 -0.149668 0.276729 3.89767 22 745 2155 2154 1 23.0274 23.0274 293 
4.81062 -5 4.27291 0.151435 0.210144 0.192046 3.92252 22 746 9514 8385 1 1.83571 1.83571 20 
-5 -3.15205 -0.190866 0.190918 0.333794 0.359533 3.89475 22 747 1349 1317 1 6.54034 6.54034 67 
-5 -4.22505 1.59038 5.46164 1.65174 4.79648 3.89292 -11 748 6625 6624 1 10.7172 10.7172 127 
4.76257 2.09634 -5 0.247749 0.330187 0.489978 3.89902 22 749 1491 1 1 7.32813 7.32813 129 
-0.53638 -5 2.10862 0.220647 0.232477 -0.162892 4.04023 22 750 8372 8332 1 0 0 2 
-3.06553 2.61106 -5 0.0266935 0.130784 0.584983 3.85807 22 751 1276 1 1 7.31241 7.31241 72 
4.9622 -4.7858 -5 2.89399 0.44036 10.4659 3.86036 22 752 5911 5805 1 3.66957 3.66957 157 
-5 1.6196 4.24246 0.149749 0.215478 1.57415 3.88962 22 753 2325 2055 1 0.414481 0.414481 33 
2.82419 0.0160713 5 0.158011 0.287899 -0.902677 4.13341 22 754 1829 1781 1 6.63116 6.63116 74 
0.31315 -5 -3.26605 -1.40188 -0.973224 3.63231 3.86787 11 755 2080 2056 1 14.5375 14.5375 187 
-0.795841 -4.63259 5 0.0830113 -0.339676 -0.503741 4.03797 22 756 5955 5918 1 0.385829 0.385829 45 
-5 -2.53476 -1.77059 0.162849 0.110935 -0.47148 4.04925 22 757 3188 3187 1 5.18268 5.18268 70 
-3.60451 -5 -0.773889 0.764999 1.57064 1.01211 3.88147 22 758 3197 3181 1 31.6154 31.6154 421 
-2.55507 -4.40742 -5 0.157079 0.323267 0.666356 3.86748 22 759 1305 1 1 0.194603 0.194603 18 
-2.73161 -5 1.32253 0.000167825 0.382465 0.0646268 3.88536 22 760 3299 2841 1 13.7367 13.7367 173 
1.42308 -1.74095 5 0.190975 0.0219929 -0.47244 4.15145 22 761 3947 3943 1 0.122804 0.122804 7 
-1.96952 -3.66526 -5 0.72709 0.432969 6.38464 3.85556 22 763 2493 1572 1 10.9181 10.9181 150 
-1.46865 3.66504 -5 1.30144 0.31778 2.29755 3.86596 22 764 2370 2309 1 0.622198 0.622198 54 
2.14585 -3.04326 -5 0.133557 0.118046 0.0583538 3.9929 22 765 2533 2532 1 2.36529 2.36529 53 
-1.98568 -5 -1.07843 0.00359985 0.429364 0.459224 3.87112 22 766 3889 3888 1 36.1528 36.1528 309 
-5 -2.82122 -2.5549 0.314912 0.250848 -0.314683 4.06008 22 767 1676 1675 1 8.92395 8.92395 147 
1.16763 4.64029 -5 1.97884 0.993004 7.2222 3.86237 22 768 7814 7784 1 6.48405 6.48405 26 
3.85766 -5 -0.645436 2.89589 5.32713 -2.6898 3.87994 11 769 1 0 1 33.0262 33.0262 493 
-1.27622 -5 3.10282 0.274086 0.324561 0.23372 3.92407 22 770 14115 9794 1 0 0 7 
-5 -4.57338 -4.80142 0.472531 0.0163177 0.193826 3.88233 22 771 1269 1265 1 4.85876 4.85876 130 
3.35321 0.502647 -5 0.473182 0.363653 1.07741 3.87937 22 772 2828 1 1 0.134711 0.134711 31 
-4.04011 -3.82407 -5 0.0798464 -0.31863 1.71047 3.85337 -11 773 1489 1488 1 66.7642 66.7642 767 
-4.90592 2.33571 5 -0.0168906 0.144884 -0.489738 4.09371 22 774 3255 3254 1 18.6506 18.6506 281 
3.74511 -5 -4.44085 0.211647 0.0463742 -0.129107 3.91849 22 775 1343 1341 1 14.9042 14.9042 352 
-1.94527 -3.97411 -5 0.19273 -0.115613 0.254276 3.87219 22 776 3846 3706 1 2.76813 2.76813 85 
-3.24047 -0.0966623 -5 5.09485 6.75118 10.9336 3.86227 11 777 2888 1936 1 9.77966 9.77966 199 
-4.63557 -5 -0.730921 0.421299 0.157096 2.87447 3.86936 22 778 2628 2497 1 2.53942 2.53942 67 
1.44323 -3.52231 5 0.234464 -0.251201 -0.278994 4.11318 22 779 1967 1966 1 0.126264 0.126264 9 
-5 -0.0597494 0.148198 0.125551 0.226209 0.72001 3.87847 22 780 2750 2749 1 26.1155 26.1155 284 
2.11167 -5 3.90598 7.31088 0.119559 6.25718 3.9166 11 781 14742 14476 1 0.834236 0.834236 16 
-4.64395 -0.280429 -5 1.57885 1.70286 16.9564 3.85543 22 782 2481 2265 1 4.60305 4.60305 104 
-2.54855 -4.09127 -5 -0.0983824 0.135218 0.358801 3.86631 22 783 3982 3743 1 17.8161 17.8161 108 
-5 -2.40196 -3.25925 6.72312 7.06625 4.81991 3.87471 11 784 1561 1485 1 57.992 57.992 523 
0.451226 -1.74943 5 0.18814 0.311156 -0.359034 4.15273 22 785 1892 1891 1 4.04548 4.04548 115 
-2.03774 -2.90226 -5 0.243361 0.0392539 2.90906 3.85384 22 786 5988 5306 1 13.8744 13.8744 64 
-5 -3.78397 2.98401 0.129979 0.183658 0.390331 3.8858 22 787 7471 7465 1 6.6214 6.6214 150 
-3.57051 -2.24348 5 0.0394053 0.174526 -0.281814 4.04684 22 788 3776 3715 1 15.6349 15.6349 136 
-2.42725 -3.00922 -5 0.131194 0.239049 0.723021 3.8558 22 789 2110 1822 1 24.2649 24.2649 318 
3.58691 -3.63377 -5 0.35983 -0.0386058 0.184278 3.91796 22 790 1951 1950 1 21.486 21.486 193 
4.92972 -5 -1.65422 0.243601 0.12006 -0.432856 4.00753 22 791 1582 1581 1 7.37171 7.37171 92 
3.26408 -4.90755 -5 0.674647 0.203254 0.43419 3.88184 22 792 3294 2595 1 0.281062 0.281062 44 
-5 0.615271 0.961618 1.95765 3.94234 27.7079 3.87685 22 793 1839 1595 1 11.6479 11.6479 102 
4.79263 -1.08077 -5 0.830836 0.25824 2.5181 3.8668 22 794 9802 9673 1 0.130515 0.130515 21 
2.46373 0.227758 -5 0.662856 -0.208344 48.5259 3.8527 22 795 1001 1 1 184.282 184.282 1551 
3.31682 -3.54504 -5 1.01942 1.40725 0.429938 3.89576 22 796 1625 1549 1 0.363105 0.363105 31 
2.31797 -2.88275 -5 0.108788 0.350086 0.212296 3.87975 22 797 1212 1 1 10.6611 10.6611 89 
-1.08495 4.20985 -5 0.370707 0.384764 0.247877 3.90754 22 798 3706 3705 1 27.6243 27.6243 267 
0.55636 -1.5115 -5 4.41322 3.98484 13.2765 3.86514 22 799 3965 3838 1 17.802 17.802 104 
1.77404 -5 -3.1014 -0.143139 0.974347 0.923129 3.87903 22 800 4312 4289 1 2.84686 2.84686 34 
-2.63108 -5 3.34889 0.848165 11.0918 3.87555 3.89023 11 801 1921 1821 1 17.1016 17.1016 168 
-0.721252 3.88523 -5 0.106232 0.846426 2.08831 3.86676 22 802 6080 5472 1 0.796519 0.796519 119 
-5 -3.04645 -0.925759 0.36212 0.204062 -0.0898414 3.91205 22 803 3689 3688 1 1.70773 1.70773 72 
2.08843 1.4157 -5 0.423775 0.277162 2.68479 3.85812 22 804 1972 1 1 12.9322 12.9322 196 
4.22913 4.70539 -5 0.322453 0.262384 1.2207 3.86154 22 805 1350 1 1 5.46286 5.46286 99 
-1.61934 5 -3.43571 -0.254399 -0.176729 -0.406408 3.90615 22 806 4764 4763 1 0 0 4 
-0.569567 -0.469469 -5 0.0145836 0.0703295 1.31934 3.8544 22 807 1166 1 1 15.8206 15.8206 221 
4.7525 -1.83296 -5 -0.507453 0.24392 1.99449 3.86205 22 808 2037 1904 1 35.5216 35.5216 312 
-5 -4.89149 1.25855 0.391072 -0.100275 -0.0673992 3.89465 22 809 1293 1019 1 16.0251 16.0251 279 
-5 3.57796 -1.2679 3.3303 -0.499788 8.88701 3.86997 22 810 4946 4896 1 0.510626 0.510626 35 
-0.0323534 -5 -1.40544 0.109739 0.778872 -0.401773 3.95687 22 811 1059 1021 1 0.312691 0.312691 48 
1.7421 -5 -3.45159 -0.0259987 0.215848 -0.0925999 3.876 22 812 4592 4486 1 1.08698 1.08698 15 
5 3.05008 3.68464 -0.392952 0.109449 0.206227 4.00004 22 813 3352 3234 1 0.121852 0.121852 5 
-5 -0.837775 1.57428 0.147777 0.262212 -0.310871 4.01757 22 814 1287 1257 1 0.519735 0.519735 68 
-0.637106 1.36856 -5 0.25209 0.253151 0.396089 3.87081 22 815 3330 3121 1 4.12306 4.12306 51 
-5 4.18875 4.5775 0.773481 -0.452417 1.11182 3.90273 22 816 1978 1976 1 43.1136 43.1136 605 
-1.93334 3.23216 -5 1.09217 0.597244 2.31801 3.86956 22 817 5509 5393 1 0.265627 0.265627 13 
-1.89589 3.7856 -5 -0.143112 0.19867 0.448519 3.95771 22 818 3835 3806 1 9.81831 9.81831 106 
-3.51296 -2.91128 -5 0.430639 0.122712 0.246195 3.89279 22 819 3495 3494 1 19.8532 19.8532 211 
-2.27184 3.66449 -5 -0.160122 1.78581 -0.318296 3.86023 -11 820 1514 1513 1 25.0046 25.0046 244 
-4.96646 -3.50102 -5 3.22407 1.77045 8.73068 3.85724 22 821 2998 2931 1 11.7647 11.7647 160 
0.88513 -2.2436 5 0.225772 0.0290506 -0.0743751 3.95031 22 822 1975 1974 1 102.929 102.929 910 
-1.73619 3.61859 5 -0.141483 0.337484 -0.21962 4.98206 22 823 1496 1406 1 25.6453 25.6453 318 
-4.63366 -1.68197 -5 0.202944 0.126531 1.29858 3.85788 22 824 3057 2756 1 16.1277 16.1277 224 
-2.29987 -5 1.30246 0.185514 0.166242 0.44617 3.89802 22 825 1799 1775 1 10.3029 10.3029 115 
-5 -1.08349 -1.2419 1.86452 1.49925 10.4889 3.87051 22 826 1131 1104 1 6.12402 6.12402 59 
-4.19321 -4.23777 -5 2.99195 5.04366 31.0072 3.8553 22 827 3772 3585 1 31.4373 31.4373 352 
-4.5828 -4.47096 5 0.334273 0.733669 -0.214631 3.95831 22 828 1306 1239 1 2.41042 2.41042 73 
-2.29559 -5 -2.16242 0.108149 0.365685 -0.340144 3.92877 22 829 2640 2614 1 10.3912 10.3912 212 
-4.51978 -1.17305 -5 0.156179 0.173119 0.672482 3.8573 22 830 4229 3986 1 25.9176 25.9176 224 
-0.75226 -3.9873 -5 0.138856 0.0400429 1.5518 3.85381 22 831 1528 1 1 27.7805 27.7805 353 
5 -2.55864 4.53181 -0.28201 -0.0896632 0.416619 3.91379 22 832 3575 3522 1 43.3404 43.3404 627 
-5 1.9956 2.05161 0.136653 0.0879631 0.0150676 3.9578 22 833 3748 3656 1 14.2591 14.2591 223 
3.6965 -5 3.76955 0.376576 1.09212 -0.368118 3.9563 -11 834 2176 2175 1 2.59501 2.59501 62 
-0.174332 0.863371 -5 1.33922 0.52684 4.75782 3.8592 22 835 2713 2639 1 13.3641 13.3641 109 
5 -2.36537 -3.0905 -0.306503 0.134741 -0.023984 3.93223 22 836 1001 1 1 7.48935 7.48935 208 
-3.82218 2.05157 -5 0.228973 0.248019 0.383638 3.88104 22 837 2873 2872 1 22.2435 22.2435 287 
-5 0.566102 -0.0657046 0.159959 0.0957263 1.42841 3.87186 22 838 1652 1 1 1.84306 1.84306 58 
-5 -0.625638 -2.97836 16.5915 23.8837 10.7582 3.87628 11 839 1 0 1 6.60366 6.60366 58 
2.85651 5 -3.83449 0.673088 -4.33419 0.791362 3.89542 -11 840 3018 3017 1 11.0912 11.0912 152 
-5 3.0311 3.51018 0.152506 0.38501 1.44483 3.88398 22 841 2399 2304 1 1.49788 1.49788 78 
2.53691 -3.9339 -5 0.277094 0.155339 0.571037 3.87696 22 842 5192 2540 1 18.3615 18.3615 180 
-1.79166 -5 4.76653 0.0159551 0.18424 -0.0719277 3.92121 22 843 3089 3088 1 13.3756 13.3756 246 
1.65992 -0.210157 -5 3.16084 -1.51206 12.1406 3.85619 -11 844 1552 1551 1 70.0254 70.0254 520 
3.46366 3.29933 -5 0.609105 -2.24832 1.71275 3.8644 22 845 1047 1 1 103.099 103.099 835 
4.7959 -1.50577 -5 0.386075 0.2518 11.4778 3.85901 22 846 4187 4089 1 7.261 7.261 101 
-4.25446 -5 1.479 0.666647 0.518451 2.44009 3.88728 22 847 7908 5321 1 0 0 17 
-2.28804 2.64251 -5 -0.0909292 0.459099 0.924248 3.87081 22 848 1937 1844 1 0.0121704 0.0121704 13 
-5 -1.75842 4.38566 0.234837 0.0476474 0.12328 3.97465 22 849 9076 8886 1 0.303449 0.303449 18 
2.7184 -5 -4.16103 0.314577 0.37665 -0.142465 3.96393 22 850 1484 1483 1 13.0043 13.0043 88 
0.719162 -4.5553 5 0.389459 -0.052869 -0.326568 4.03684 22 851 4248 4247 1 3.13975 3.13975 89 
3.67445 -5 1.18951 0.35512 0.102707 -0.35279 3.97889 22 852 1116 1115 1 7.36925 7.36925 18 
3.22984 -2.51395 -5 0.0784338 0.114378 0.257051 3.8674 22 853 6991 6682 1 2.43278 2.43278 34 
-3.7506 -3.6962 5 0.0930656 0.141492 -0.482119 4.08507 22 854 3575 3573 1 8.73086 8.73086 80 
-5 3.17862 -1.42599 1.33992 -1.09972 2.00727 3.90961 -11 855 1635 1634 1 27.0208 27.0208 367 
-4.53332 -0.436047 -5 1.30996 1.79586 6.68517 3.86262 22 856 1558 1485 1 2.75842 2.75842 29 
4.87685 -5 3.17214 0.321213 0.55103 3.12072 3.90383 22 857 1020 1 1 7.35879 7.35879 132 
-5 -4.46518 0.0727633 0.186226 -0.40177 0.202898 3.87924 22 858 1672 1407 1 13.7084 13.7084 235 
-4.5229 5 -3.98809 1.02942 -0.446019 2.8691 3.86595 22 859 2012 1765 1 10.4747 10.4747 194 
-2.67787 -4.12663 5 1.72163 4.14173 -2.53819 3.90043 -11 860 1737 1736 1 11.9697 11.9697 147 
-3.99986 -5 3.21352 0.433185 4.11933 15.5076 3.88295 -11 861 1093 1092 1 8.52581 8.52581 117 
-1.64977 0.569575 -5 2.10231 -9.00154 36.9594 3.85595 -11 862 3535 3534 1 11.0536 11.0536 137 
2.53552 -5 -1.93932 0.134066 0.113276 -0.410621 4.19125 22 863 1843 1841 1 25.3061 25.3061 272 
-3.86269 -3.39506 -5 2.92202 2.82962 19.873 3.85535 22 864 2493 2425 1 0.414999 0.414999 8 
-3.42038 3.70033 -5 0.0897425 0.0966496 0.536829 3.85693 22 865 6329 6201 1 25.3979 25.3979 254 
-5 3.86174 -4.38015 0.189361 0.288975 0.206462 3.89721 22 866 3659 3093 1 5.29021 5.29021 78 
4.64218 -5 4.98756 0.944996 1.03094 1.02728 3.96066 22 867 1052 1 1 1.32919 1.32919 44 
-2.15146 -5 -2.39248 0.899989 2.44964 0.507987 3.9222 22 868 8668 8551 1 4.5058 4.5058 79 
2.3141 -5 -4.00327 7.81168 15.2304 20.6161 3.86813 -11 869 2280 2279 1 13.2847 13.2847 56 
-2.95164 -5 4.93569 1.42568 2.07571 -0.777503 3.92308 22 870 4028 4027 1 4.90941 4.90941 29 
-5 -2.88621 0.29497 0.871456 1.94633 -0.331273 3.96164 11 871 3604 3438 1 2.44301 2.44301 30 
3.42758 -0.788876 5 -0.0461113 0.142118 -0.369298 4.12688 22 872 3134 3132 1 0.211686 0.211686 35 
-0.235641 -5 -4.01532 0.182752 0.45498 0.143926 3.88607 22 873 2697 2675 1 16.2822 16.2822 310 
-0.768521 2.02581 -5 0.271639 0.192658 0.387576 3.88018 22 874 1668 1667 1 1.59613 1.59613 80 
2.20869 1.10356 5 0.213611 0.0643155 -0.127898 3.94334 22 875 1081 1 1 7.25147 7.25147 92 
0.675653 -3.03469 -5 5.10539 -1.15948 6.36553 3.86473 22 876 1762 1753 1 10.8556 10.8556 137 
3.12553 3.48561 -5 0.152241 0.144595 1.21742 3.8578 22 877 1463 1 1 22.1669 22.1669 162 
-3.25465 -4.13393 -5 -0.01178 -0.169425 0.48195 3.86999 22 878 2612 2589 1 18.1756 18.1756 208 
0.191789 -5 1.20281 0.185813 0.475941 0.00859535 3.95422 22 879 2202 2200 1 9.06483 9.06483 209 
4.54589 1.82802 5 0.274772 -0.0538741 -0.197426 4.05459 22 880 1954 1951 1 5.27854 5.27854 104 
0.827906 1.00675 -5 0.684337 0.735386 1.6804 3.86906 22 881 2938 1 1 1.95148 1.95148 87 
3.47361 -5 0.319255 0.238942 0.167695 0.0692239 3.90003 22 882 1316 1 1 46.1537 46.1537 598 
5 -2.8392 1.70448 -0.741499 1.62451 5.87971 3.87962 22 883 3385 3287 1 12.7906 12.7906 212 
-1.44752 -5 -0.115304 -0.263126 0.100938 0.211948 3.87359 22 884 1836 1702 1 1.15491 1.15491 61 
0.656933 -0.566113 -5 4.69994 -1.01624 8.7729 3.86061 22 885 1440 1381 1 0.403866 0.403866 10 
2.54202 -5 1.39759 -0.388342 3.55864 9.32237 3.87552 -11 886 2402 2401 1 144.879 144.879 1219 
4.5446 2.87161 -5 0.39182 1.32051 3.64204 3.8629 22 887 1674 1642 1 2.2563 2.2563 16 
4.36315 2.07093 -5 0.154891 0.0586925 0.310316 3.87182 22 888 4863 4800 1 5.40773 5.40773 88 
2.24829 0.883669 -5 0.251401 0.227549 0.418369 3.86636 22 889 1777 1 1 44.3155 44.3155 253 
-0.552812 -2.8889 -5 -0.390401 0.178858 0.414777 3.9209 22 890 7103 7100 1 10.1864 10.1864 179 
-5 -4.24542 -0.223974 0.180391 -0.0838316 0.833581 3.87588 22 891 2608 2425 1 5.44273 5.44273 189 
3.57102 -5 -4.14648 0.0199494 0.102212 -0.495234 3.95244 22 892 1030 1029 1 5.79045 5.79045 83 
-4.99693 2.31346 -5 1.95062 3.91899 68.6393 3.85328 22 893 1199 1 1 50.2569 50.2569 396 
1.77311 -5 -3.70801 6.28359 10.2644 9.17462 3.87278 -11 894 4190 4189 1 17.7285 17.7285 155 
-5 -4.47064 3.35294 0.282746 0.0702711 -0.419805 3.98082 22 895 1660 1633 1 10.6299 10.6299 163 
-2.83002 -1.3891 -5 0.206411 0.305039 0.629387 3.87366 22 896 1972 1924 1 0 0 9 
-2.23695 3.65127 -5 10.7707 21.0232 46.5953 3.86786 11 897 5724 5379 1 18.2838 18.2838 182 
1.41644 0.205206 -5 1.23944 0.636056 3.60391 3.87277 22 898 3093 2866 1 0 0 7 
2.9881 4.32178 -5 0.295289 0.177726 0.538568 3.87123 22 899 2075 2025 1 71.9065 71.9065 428 
-0.500581 -5 2.99727 -0.022247 0.515967 0.555602 3.90711 22 900 4357 4114 1 2.05769 2.05769 31 
0.200652 4.03475 -5 0.00642415 0.149462 0.381818 3.97587 22 901 1777 1765 1 3.25823 3.25823 110 
-5 -0.0472713 3.7193 2.38413 0.513373 0.639334 3.92396 22 902 6198 6197 1 10.5338 10.5338 226 
1.35829 -5 -2.12136 0.291541 0.963382 0.148476 3.96715 22 903 7102 7058 1 12.8348 12.8348 278 
-5 -2.5287 3.32227 0.158068 0.160436 -0.154342 3.91933 22 904 2560 2266 1 0.572254 0.572254 43 
2.09207 -5 4.44783 0.421335 0.27133 0.0998839 3.95299 22 905 2240 2238 1 1.09797 1.09797 101 
0.998788 -0.828842 -5 -0.0307238 0.25754 0.312184 3.87209 22 906 5713 5541 1 20.7454 20.7454 266 
3.43287 -5 -3.79637 0.162309 0.391487 0.203916 3.90313 22 907 1181 1179 1 0.914389 0.914389 90 
-4.19086 -5 2.90895 0.422399 0.296266 0.4142 3.90169 22 908 6395 6226 1 2.52431 2.52431 45 
-0.887182 -5 -4.68791 0.320969 0.280512 0.205148 3.90402 22 909 4929 4861 1 10.2215 10.2215 163 
-3.06606 -5 2.80856 0.150049 0.0634516 0.152595 3.95317 22 910 4710 4709 1 0.97138 0.97138 43 
-5 -3.93424 -4.14345 1.06424 0.421042 4.49258 3.86172 22 911 1393 1 1 9.53235 9.53235 166 
-5 4.46663 -0.0422047 5.8672 0.890302 -0.957653 3.91252 22 912 5903 5902 1 16.0501 16.0501 165 
5 1.66109 2.80574 -0.165531 0.302917 0.223903 3.98826 22 913 2685 2684 1 2.54233 2.54233 121 
1.02493 -5 2.11314 -0.0511793 0.226147 -0.268526 4.20002 22 914 1102 1100 1 0.0321791 0.0321791 10 
-5 -0.158026 -4.72423 0.326305 0.034666 -0.122088 3.9559 22 915 3240 3238 1 12.4357 12.4357 122 
-3.91138 0.143708 5 -0.0132232 -0.123962 -0.302162 4.10601 22 916 6999 6998 1 0 0 9 
-5 -1.79491 -4.42407 0.212715 0.112436 0.0773408 3.87688 22 917 1300 1274 1 22.3966 22.3966 225 
1.94843 0.952797 -5 0.0233214 0.168986 0.197734 3.90377 22 918 1294 1206 1 12.1514 12.1514 145 
-4.41699 -1.63352 -5 0.449655 1.21331 3.30003 3.86079 22 919 4905 4904 1 3.71362 3.71362 129 
0.165847 -5 1.74285 0.740922 0.475473 0.24205 3.89871 22 920 11842 11809 1 0.828155 0.828155 43 
-2.15102 -0.98846 -5 0.206046 0.0873059 0.998259 3.85559 22 921 2734 1 1 9.91067 9.91067 197 
-5 4.88286 1.25322 0.414762 0.0205548 0.388876 3.88787 22 922 1167 1 1 63.683 63.683 540 
3.78233 -4.63988 -5 0.897908 -0.711417 1.25182 3.91005 22 923 10978 10932 1 3.70364 3.70364 72 
2.79497 0.142904 -5 1.93742 1.49031 6.01892 3.86639 22 924 2434 2314 1 7.87303 7.87303 60 
-2.97308 -5 -3.76013 0.721867 0.92561 1.24139 3.87222 22 925 1611 1590 1 12.3427 12.3427 134 
-5 -4.12129 -2.53007 1.63919 -0.0681429 1.24676 3.87342 22 926 5196 5122 1 2.13645 2.13645 155 
-1.03033 -3.75947 -5 7.70906 9.15802 16.6616 3.85686 -11 927 1991 1990 1 40.3181 40.3181 424 
-1.41637 -4.72065 -5 2.60677 0.435917 2.56025 3.86925 22 928 2187 2163 1 7.28233 7.28233 104 
-4.18448 -5 -4.95171 -0.0478285 0.325965 -0.232497 3.97109 22 929 2181 2180 1 14.0126 14.0126 138 
3.27712 0.264719 -5 0.342822 0.426102 2.59154 3.85781 22 930 2652 2565 1 25.2449 25.2449 319 
-5 2.85354 -1.7666 0.330162 0.510969 1.07192 3.87975 22 931 2695 2561 1 0.799975 0.799975 8 
-2.8866 -0.164647 5 -0.157214 -0.0804061 -0.0766018 4.15478 22 932 3726 3725 1 9.8328 9.8328 81 
-3.30809 4.15012 -5 0.524509 0.254568 0.865088 3.87306 22 933 2896 2532 1 11.1444 11.1444 123 
-5 -1.42709 -4.38913 4.30474 -23.8024 424.751 3.85477 -11 934 1284 1283 1 73.7225 73.7225 663 
-4.76025 -2.2422 -5 0.00908745 0.021648 2.91671 3.85268 22 935 2432 1 1 91.7877 91.7877 803 
-2.59151 -5 0.828101 0.649893 1.49416 0.908324 3.89857 22 936 5025 4998 1 4.09249 4.09249 92 
-3.42039 1.51577 -5 0.84344 1.9724 5.82653 3.86656 22 937 4231 3966 1 4.38128 4.38128 7 
1.72705 1.57519 -5 0.200138 0.152847 1.15935 3.85756 22 938 3068 2855 1 42.9048 42.9048 461 
0.985313 -3.90315 -5 9.8109 -0.0726316 5.06688 3.85443 11 939 1 0 1 184.978 184.978 1526 
-5 1.36105 1.71465 0.144592 0.0526308 -0.00968744 3.89488 22 940 3957 3306 1 13.504 13.504 197 
-1.5464 -5 -4.60559 0.645224 0.357399 0.619829 3.88789 22 941 5272 5235 1 0.195569 0.195569 32 
2.75833 -5 -3.65405 -0.190291 0.391729 0.267316 3.88522 22 942 1656 1601 1 8.46959 8.46959 229 
-2.86595 -5 -4.085 -0.0159779 0.0204387 -0.0106611 3.96753 22 943 2179 2167 1 0.487968 0.487968 22 
-4.76204 -5 4.30604 0.22956 0.363007 0.276853 3.91166 22 944 5754 5752 1 13.026 13.026 146 
1.83232 -5 1.05033 2.03153 6.50835 0.356494 3.90386 11 945 1984 1869 1 4.22527 4.22527 78 
1.91062 -3.43462 -5 -0.408416 0.34465 4.32353 3.85413 22 946 1714 1 1 9.84648 9.84648 91 
-3.8805 -1.12389 -5 0.0557693 0.27951 0.424127 3.88225 22 947 14615 14585 1 0 0 8 
-0.952291 2.69625 -5 8.28632 14.5171 66.9102 3.85929 22 948 1113 1 1 9.67872 9.67872 124 
-5 -2.68196 -4.07405 5.85797 2.50164 63.3219 3.85664 11 949 3079 2658 1 31.1339 31.1339 244 
4.24696 -3.96231 -5 0.109587 0.101558 0.300866 3.86661 22 950 1157 1 1 10.3131 10.3131 172 
-3.99798 -5 -2.60407 -0.602471 3.83179 8.79034 3.86613 22 951 1049 1 1 5.52339 5.52339 62 
-4.59621 -5 -3.50246 0.537154 0.959775 13.0914 3.85841 22 952 1595 1 1 24.7575 24.7575 390 
1.17398 -1.75189 5 0.274817 0.0519335 -0.427666 4.04358 22 953 1236 1232 1 0.510491 0.510491 44 
-2.02214 1.63203 -5 0.0509165 0.33869 6.56229 3.8534 22 954 1712 1 1 85.5504 85.5504 784 
1.13047 -5 4.02375 0.82795 1.60421 2.11302 3.91851 22 955 2768 2745 1 2.21242 2.21242 17 
-0.652128 -5 -4.55449 0.0785061 0.117188 -0.0868569 3.90476 22 956 1953 1835 1 8.16579 8.16579 81 
-4.2077 -4.63616 -5 7.89612 -3.83813 10.7724 3.85528 11 957 1293 1240 1 39.0936 39.0936 447 
1.42204 -5 -1.88037 -0.134569 0.328246 0.625683 3.86769 22 958 1374 1326 1 64.6392 64.6392 593 
1.3994 -4.02088 -5 1.2905 1.28612 2.93065 3.87322 22 959 3429 3408 1 4.2399 4.2399 187 
-5 4.35955 2.37691 0.265964 0.170093 -0.095946 3.89938 22 960 1181 1 1 42.2987 42.2987 289 
-5 -2.54286 3.43053 0.0723352 -0.0257703 0.269485 3.88333 22 961 1053 1 1 199.497 199.497 1720 
-4.60777 -5 1.21098 0.77414 0.294405 -0.156435 4.00046 22 962 3208 3088 1 0 0 5 
-5 -0.67103 -4.33895 1.93827 1.33922 -1.26521 3.86683 -11 963 2047 2046 1 23.6846 23.6846 320 
-1.87126 -0.283048 -5 2.18262 2.15837 24.2168 3.85532 22 964 1390 1 1 17.5085 17.5085 251 
-5 4.39684 -1.76976 0.212596 0.281642 1.11451 3.86866 22 965 3181 2908 1 9.55644 9.55644 128 
5 -1.17218 -1.52934 -0.135142 0.442604 0.216699 3.92378 22 966 2760 2759 1 15.2038 15.2038 202 
-5 1.0014 3.05152 0.16682 -0.0844254 0.113809 3.91349 22 967 2018 1896 1 3.38404 3.38404 41 
-5 -3.82605 -3.77046 0.165229 0.155253 -0.328543 4.05971 22 968 4151 4150 1 1.58243 1.58243 72 
4.06208 -2.17548 -5 -0.29063 11.152 293.879 3.85285 22 969 1858 1763 1 95.6786 95.6786 894 
-2.58872 -3.51174 -5 0.820157 0.499795 1.41377 3.86833 22 970 2122 1953 1 10.8596 10.8596 223 
-3.0574 4.25322 -5 0.138112 0.18877 0.454325 3.88439 22 971 3035 3034 1 12.9806 12.9806 165 
-3.0146 -1.02932 -5 0.0350967 0.0237477 2.00378 3.85307 22 972 3479 2915 1 105.66 105.66 1065 
-0.356827 2.39974 -5 0.119158 0.447735 0.95985 3.87619 22 973 4006 3729 1 0 0 14 
-5 -2.7426 -0.101957 0.140556 0.123885 -0.0127869 3.88454 22 974 3679 3574 1 0.656371 0.656371 73 
-0.940576 -2.22176 -5 0.955885 0.701483 5.52365 3.85919 22 975 1099 1 1 3.49803 3.49803 33 
-5 -3.96641 1.12276 0.0499848 -0.0829276 -0.162524 3.97504 22 976 2677 2598 1 1.85705 1.85705 72 
-1.29577 -5 0.876962 0.683228 0.438587 4.21641 3.8765 22 977 1743 1 1 0.829219 0.829219 51 
0.943929 -0.948342 -5 0.366812 0.850377 5.48629 3.85651 22 978 1778 1 1 9.17069 9.17069 111 
-4.21221 -5 -2.71864 0.124289 0.377739 2.45633 3.86361 22 979 1465 1 1 7.01551 7.01551 138 
4.32643 -2.72939 -5 0.149755 -0.0310541 1.15648 3.85432 22 980 2606 2209 1 109.645 109.645 964 
-0.656912 -2.44446 -5 -5.05997 7.14153 15.4594 3.8582 -11 981 2145 2144 1 44.9766 44.9766 618 
3.5879 -5 -3.98383 0.0353022 0.361854 0.219614 3.88536 11 982 7235 7220 1 2.40965 2.40965 83 
5 -3.68927 3.96813 -0.326901 -0.392742 -0.0030272 3.89355 22 983 1497 1496 1 7.88816 7.88816 245 
2.75565 -2.07374 -5 0.0591863 0.131904 0.333763 3.86518 22 984 4186 4027 1 14.6448 14.6448 128 
1.58624 -2.8151 5 0.0505006 -0.0994314 -0.163271 4.03414 22 985 2238 1 1 11.6169 11.6169 130 
3.36133 -1.91289 -5 0.134223 0.162321 1.08339 3.8573 22 986 2470 2218 1 1.32245 1.32245 78 
-1.40437 -3.5599 5 0.210496 0.0867572 -0.364495 3.96868 22 987 1631 1561 1 5.8502 5.8502 87 
1.9641 -5 4.79386 0.196839 0.12317 0.870913 3.89286 22 988 3351 3275 1 27.0409 27.0409 204 
0.649801 -5 -1.4463 0.65249 0.0556782 4.45304 3.86752 22 989 14820 14407 1 11.6637 11.6637 139 
-0.808124 -4.37654 5 0.497663 0.04756 -0.105779 3.95746 22 990 2584 2562 1 0.676728 0.676728 18 
-3.25878 -5 1.48225 0.196808 0.302237 0.0607131 3.90784 22 991 1901 1 1 0.472948 0.472948 50 
0.634037 -3.96545 -5 0.58093 0.603069 6.00555 3.85842 22 992 7999 7753 1 0.510545 0.510545 41 
-1.25444 -5 3.15074 0.644583 -0.858124 0.824493 3.90279 11 993 3885 3835 1 24.6378 24.6378 218 
2.70967 0.816602 -5 0.691468 1.18167 3.10204 3.86417 22 994 1056 1 1 12.5518 12.5518 111 
-2.36766 -4.44401 -5 0.281873 0.0919881 0.184157 3.87893 22 995 3313 3047 1 0.842485 0.842485 44 
-4.63473 -2.38753 -5 0.0366208 0.106728 0.950504 3.85763 22 996 1375 1 1 5.75639 5.75639 50 
-5 -1.11839 3.74315 3.80058 0.950868 -3.63968 3.92119 -11 997 1194 1193 1 19.4181 19.4181 377 
-5 -4.49704 2.25381 12.789 -1.04306 12.7772 3.911 11 998 6262 5548 1 2.50183 2.50183 48 
-5 1.48273 2.93794 0.324451 0.140555 0.0741176 3.95961 22 999 1757 1756 1 0 0 19 
-0.959126 1.27896 -5 0.290605 0.118669 2.69567 3.85504 22 1000 2249 1 1 17.6842 17.6842 245 
