# Det6_6_10
#x y z Px Py Pz t PDGid EventID TrackID ParentID Weight Edep VisibleEdep Ntracks
-4.58436 2.55508 -5 -0.0774092 0.0239055 0.307613 3.70432 22 1 8756 8678 1 0.204396 0.204396 32 
-0.294467 -3.74192 5 0.44402 -0.179947 -0.177722 3.74863 22 2 2939 2937 1 6.50049 6.50049 108 
2.3352 0.80709 -5 0.248393 -0.0659567 0.441668 3.67966 22 3 1104 1103 1 16.2287 16.2287 98 
-0.959537 -5 0.451272 -0.210962 0.482127 0.170368 3.6752 22 4 3296 1 1 28.1671 28.1671 178 
-0.687143 -5 -4.14493 2.10566 2.42263 0.102071 3.70985 22 5 1711 1668 1 0.945794 0.945794 66 
-3.66653 3.59121 -5 2.98655 -5.04914 8.60316 3.65256 11 6 1 0 1 89.1836 89.1836 872 
-5 -0.178214 -4.99693 0.855291 -0.740122 0.901044 3.66083 22 7 3523 3490 1 12.6723 12.6723 148 
-0.694691 1.485 5 0.199984 0.390526 -0.261945 3.82642 22 8 5963 5962 1 4.13415 4.13415 137 
3.11958 -4.15956 -5 0.564205 0.216972 0.129988 3.70026 22 9 1810 1809 1 0.238299 0.238299 15 
-2.90292 -5 1.8113 6.62881 1.91446 9.04408 3.68215 11 10 12388 12293 1 2.2361 2.2361 48 
1.72195 -3.92269 -5 0.461615 -0.370233 7.10216 3.65342 22 11 1338 1 1 147.751 147.751 1442 
-1.36956 -2.52215 -5 0.980983 0.732203 3.47621 3.66109 22 12 1504 1452 1 0.245915 0.245915 11 
-0.16502 -2.7261 -5 0.143332 4.79867 60.1633 3.6529 22 13 1270 1 1 51.9874 51.9874 447 
2.50076 5 -4.17515 0.16191 -0.227515 0.406589 3.66945 22 14 1506 1 1 149.151 149.151 1048 
-5 0.850537 -0.610361 0.413209 0.18508 -0.236905 3.89983 22 15 7250 7249 1 0 0 6 
-5 1.61157 -0.165695 1.81729 9.32117 5.34574 3.67813 11 16 3014 2963 1 15.4538 15.4538 144 
2.92057 -5 -1.54866 0.148347 0.472094 -0.00752167 3.74424 22 17 5929 5842 1 0.289005 0.289005 31 
-3.43399 4.28509 5 0.411452 -0.0538356 -0.298209 3.74367 22 18 2197 2196 1 16.7615 16.7615 113 
-5 -2.69415 2.24373 11.6087 0.756178 -2.01781 3.72595 11 19 5760 5343 1 6.97163 6.97163 73 
-4.64546 2.58667 5 0.00111101 0.215402 -0.394365 3.87811 22 20 8686 8685 1 0.344323 0.344323 33 
-5 -3.77786 3.62692 0.173043 0.199299 -0.361764 3.9922 22 21 6193 6192 1 3.44701 3.44701 88 
-5 -1.87609 -0.0996056 0.239247 -0.094958 -0.0741582 3.71932 22 22 16816 16815 1 8.85125 8.85125 78 
-2.25387 3.66636 -5 0.130583 0.0174806 0.493723 3.68869 22 23 3527 3526 1 14.6444 14.6444 168 
0.468991 -5 2.08289 -0.106602 0.375653 0.252927 3.70537 22 24 5842 4923 1 10.4493 10.4493 143 
-3.44103 -5 -4.95419 10.7273 3.56805 12.1081 3.66751 22 25 18922 18809 1 0.366112 0.366112 24 
1.36316 -5 -2.34569 0.306293 0.398347 -0.0928675 3.71832 22 26 1867 1865 1 3.84655 3.84655 82 
0.0138742 -5 -0.967946 0.32457 0.083731 -0.179481 3.74644 22 27 3128 3127 1 1.92114 1.92114 39 
-5 -2.00961 1.9629 0.482519 0.153088 -0.0697121 3.7741 22 28 1810 1808 1 6.36613 6.36613 120 
-3.47764 -5 -1.81573 -0.110544 0.109839 0.0095371 3.71604 22 29 2523 1 1 21.3673 21.3673 239 
-3.59493 -5 4.20358 0.102232 0.384333 0.320868 3.73356 22 30 7989 7988 1 0.202473 0.202473 19 
-5 1.88088 1.57903 0.272835 0.388371 -0.189339 3.69185 22 31 1304 1272 1 81.1594 81.1594 695 
5 2.63936 4.8274 -0.070134 0.0551912 -0.175491 3.87603 22 32 12417 12413 1 2.2069 2.2069 10 
2.92674 -2.78333 -5 0.160323 0.192287 0.445469 3.70103 22 33 4516 4515 1 6.5358 6.5358 129 
-2.21628 -0.963811 -5 2.90926 6.3937 118.749 3.65264 11 34 1 0 1 200.237 200.237 1540 
-4.75163 -5 -2.71037 0.064488 0.10666 0.104228 3.72032 22 35 13543 13511 1 0.0676532 0.0676532 8 
-5 -4.89374 2.93372 1.02757 0.518461 6.36899 3.68162 22 36 2521 2495 1 0 0 9 
2.63412 -1.16149 5 0.311305 0.187114 -0.359441 3.88674 22 37 1799 1768 1 1.65313 1.65313 6 
-1.17337 -5 0.997519 0.148836 0.419424 -0.251101 3.74438 22 38 4567 4545 1 7.57015 7.57015 102 
-1.12018 2.23172 -5 0.101843 0.186697 0.325474 3.67278 22 39 5582 5515 1 0.827146 0.827146 24 
-5 2.06608 0.831908 0.476033 0.149747 -0.109946 3.73797 22 40 2282 2281 1 1.47275 1.47275 34 
-4.46519 -5 2.68219 -0.19454 0.41271 0.230097 3.69743 22 41 9922 9884 1 0.862892 0.862892 67 
-5 1.24604 -4.70073 0.612439 1.84506 4.91274 3.65998 22 42 6263 6137 1 0.466275 0.466275 57 
4.93404 -2.29869 5 -0.281776 -0.307242 -0.295507 3.74015 22 43 1601 1600 1 59.5345 59.5345 489 
-5 3.00634 -0.472924 0.099642 0.0983312 0.0233809 3.70351 22 44 21548 21547 1 0.216507 0.216507 12 
-2.80552 -5 -2.77689 -2.48081 2.07971 -1.22263 3.69125 11 45 4777 4755 1 5.75169 5.75169 34 
4.09783 -3.63266 -5 2.50764 10.8839 335.858 3.65258 11 46 1 0 1 88.2769 88.2769 684 
-0.318352 -1.93357 5 0.387004 0.370852 -1.10205 4.02064 22 47 1039 1038 1 2.88902 2.88902 36 
-3.83359 -5 0.309 0.223785 0.216939 0.407291 3.67906 22 48 5511 1 1 1.92343 1.92343 12 
-5 -3.37049 2.71438 0.47752 -0.174155 0.0525757 3.70291 22 49 23021 22996 1 0.833282 0.833282 38 
-4.87054 -2.30722 -5 -0.0539901 -0.0184686 0.366812 3.67348 22 50 6194 6193 1 7.10508 7.10508 97 
-3.65588 -4.3407 5 0.224125 0.0150578 -0.458978 3.85875 22 51 1334 1333 1 9.48368 9.48368 77 
-5 -0.31729 -4.70997 2.53486 1.36485 3.49736 3.66369 22 52 20893 20795 1 1.64906 1.64906 27 
3.02519 2.51375 5 0.124893 -0.00985708 -0.178898 3.98092 22 53 3411 3409 1 0.619235 0.619235 66 
3.80438 -5 -4.90092 0.0692573 0.34175 -0.210663 3.76035 22 54 2795 2757 1 2.98474 2.98474 14 
-0.273169 -4.89042 -5 0.575991 1.11852 1.47729 3.65871 22 55 4269 1 1 5.86322 5.86322 50 
-5 -1.66192 4.21138 0.117884 0.0646116 -0.493 3.77036 22 56 8298 8297 1 1.56039 1.56039 63 
1.13403 -0.903272 -5 -27.6037 -0.714446 767.385 3.65256 11 57 1 0 1 169.659 169.659 1045 
4.96942 -1.7403 -5 0.12187 0.290014 0.3311 3.74233 22 58 9184 9183 1 0.0295458 0.0295458 14 
-4.52169 -5 -1.4407 0.0635773 0.177763 -0.202443 3.72035 22 59 8670 7694 1 3.81866 3.81866 129 
-5 -1.47438 0.585751 0.431399 0.0230472 -0.272916 3.75976 22 60 24175 24153 1 0.324897 0.324897 5 
-4.46869 -5 3.34226 0.238372 0.160304 0.642295 3.68876 22 61 1357 1 1 5.55532 5.55532 47 
-3.53616 -5 -2.55108 -0.0913781 0.179322 0.81324 3.67732 22 62 7225 7102 1 4.08748 4.08748 29 
-3.04707 -5 -3.35931 0.0551411 0.413958 -0.320727 3.74168 22 63 4644 4611 1 1.16421 1.16421 10 
-3.34135 -5 1.55757 0.108819 0.27926 -0.413874 3.75754 22 64 2353 2352 1 0 0 9 
1.38224 -4.20488 5 0.242703 -0.0856687 -0.441448 3.80765 22 65 4149 4119 1 4.08684 4.08684 134 
0.869164 -5 2.7337 0.395727 0.281273 0.0682092 3.69461 22 66 2554 1 1 17.1147 17.1147 237 
-3.79925 -0.46047 5 0.223481 0.030942 -0.458496 3.85713 22 67 1651 1627 1 7.07501 7.07501 113 
-3.74102 -2.56099 5 -0.0113638 -0.257675 -0.0713766 4.0632 22 68 7284 7282 1 31.3177 31.3177 284 
-5 1.82546 4.50344 -1.22507 -2.17193 5.15501 3.68971 -11 69 1234 1233 1 43.4447 43.4447 473 
-5 0.610384 -4.05877 0.222997 0.350365 0.297718 3.67143 22 70 1579 1547 1 12.3564 12.3564 72 
-0.640084 -2.18792 -5 0.386419 -0.420911 5.32198 3.65378 22 71 1405 1 1 58.7056 58.7056 482 
0.346319 -1.08975 5 -0.0675263 0.289708 -0.415487 3.74552 22 72 9002 8981 1 0.341238 0.341238 34 
-3.9969 -1.73335 -5 0.182145 0.431596 2.57001 3.65498 22 73 3785 3438 1 32.9955 32.9955 269 
-3.01552 2.12395 -5 3.26624 3.9092 8.33565 3.66283 22 74 4119 4054 1 7.11214 7.11214 128 
2.88603 -5 -1.34098 0.492176 0.134826 -0.0265397 3.70855 22 75 5462 5461 1 12.8489 12.8489 126 
-5 -0.997515 3.52345 0.104657 0.043419 -0.00394211 3.70191 22 76 1907 1906 1 17.3555 17.3555 387 
-5 -0.13651 -2.44923 0.53967 0.119714 0.793296 3.66693 22 77 1192 1 1 11.3855 11.3855 171 
-4.49828 0.855866 -5 0.281423 0.237724 0.303706 3.66701 22 78 5834 5829 1 7.66414 7.66414 85 
-5 -0.623376 -1.91503 0.318228 0.0952565 -0.3883 4.09529 22 79 6915 6897 1 0.0089829 0.0089829 6 
1.56767 -5 3.70222 0.309359 1.2972 1.27891 3.68765 22 80 13013 12901 1 31.1977 31.1977 350 
0.45575 -3.07162 5 0.300035 -0.0949367 -0.187278 3.79601 22 81 1538 1537 1 1.51742 1.51742 27 
-5 0.88409 0.395411 0.21186 0.0533444 0.11629 3.78935 22 82 3665 3637 1 1.94142 1.94142 51 
-4.96458 -5 1.7626 0.058291 0.591654 -0.406484 3.80633 22 83 8373 8372 1 0 0 4 
2.94137 2.10267 -5 0.141233 0.38774 0.820865 3.66057 22 84 2630 2612 1 46.6662 46.6662 268 
-2.01486 0.0756183 5 0.154967 0.0228274 -0.467891 4.12339 22 85 17006 17005 1 0.233216 0.233216 5 
-5 -1.51762 2.85841 0.404769 0.149304 0.273844 3.70143 22 86 2523 2522 1 0.813705 0.813705 59 
-3.80891 -2.57337 5 0.377417 0.135609 -0.344744 3.74472 22 87 3868 3834 1 0.322554 0.322554 15 
2.05651 -5 0.463341 7.7612 13.2068 17.0287 3.68596 11 88 7989 7348 1 2.70217 2.70217 8 
-5 3.64869 2.1809 1.7169 -0.69268 4.00047 3.68286 -11 89 26208 26207 1 1.14342 1.14342 33 
-3.56127 1.83407 -5 19.982 7.55418 83.5476 3.65351 11 90 1 0 1 69.3496 69.3496 617 
-3.56283 2.75134 5 -0.197925 0.143217 -0.286827 3.89417 22 91 8524 8523 1 0.386975 0.386975 8 
-5 3.29962 3.21413 0.377889 0.343206 -0.0230009 3.72553 22 92 3376 3375 1 1.13045 1.13045 28 
-5 -2.40451 -0.230583 0.174597 0.0659449 0.00131892 3.76861 22 93 5382 5370 1 0.990167 0.990167 16 
-0.252124 2.07087 -5 -0.110157 0.0684594 0.769246 3.66074 22 94 1574 1504 1 101.868 101.868 845 
-5 -4.1262 0.0900444 0.0708549 0.340321 -0.374541 3.78203 22 96 1424 1398 1 0.222774 0.222774 10 
-4.86172 1.6883 -5 0.316448 0.315427 2.10115 3.6575 22 97 4844 4738 1 1.37441 1.37441 43 
-5 -3.82933 2.83472 0.267212 0.28306 -0.0999139 3.71546 22 98 7298 7263 1 0.881034 0.881034 49 
4.91582 3.41373 5 0.551964 0.682039 -0.641115 3.89666 22 99 4822 4820 1 0.894449 0.894449 63 
-4.98044 -5 0.667327 0.117931 0.20466 -0.147767 3.79285 22 100 12244 12243 1 0.140212 0.140212 3 
-5 -3.34096 2.41607 2.32734 0.324044 6.11228 3.68184 22 101 7615 7579 1 0 0 14 
-1.61558 -3.53264 -5 -6.65903 -3.20688 167.619 3.65261 11 102 1 0 1 85.0033 85.0033 821 
-2.39861 -1.08379 5 0.0407869 0.164622 -0.482033 3.95163 22 103 6785 6784 1 0.654485 0.654485 41 
-5 -4.30326 4.69028 0.970308 0.620315 0.236659 3.71598 22 104 8178 8155 1 9.36651 9.36651 38 
-5 -4.05059 3.94509 8.08207 -8.89647 8.32039 3.68449 11 105 4660 4645 1 23.7938 23.7938 378 
2.14361 -5 1.49447 -0.19499 0.455732 -0.124124 3.76679 22 106 19169 19141 1 5.50347 5.50347 38 
-0.212975 -3.78625 5 -0.0563772 0.455232 -0.225179 3.74209 22 107 2310 2308 1 1.2233 1.2233 9 
-5 4.13626 2.22589 0.680608 -0.203336 0.192433 3.67981 22 108 1104 1 1 8.57635 8.57635 121 
-4.73523 0.63976 -5 0.929663 1.79686 4.08555 3.66305 22 109 1189 1 1 2.10063 2.10063 131 
4.79434 0.0341028 -5 0.227708 0.450588 0.0789902 3.68843 22 110 4370 4369 1 7.63069 7.63069 70 
-4.84558 1.84475 5 -0.0721945 0.532609 -0.294175 3.74332 22 111 17035 17034 1 2.07065 2.07065 89 
-5 1.6612 4.34763 0.268916 -0.0302412 -0.279182 3.81895 22 112 2822 2821 1 18.4167 18.4167 120 
0.106675 -0.292245 -5 -1.17546 -2.95017 3.16792 3.66962 11 113 1259 1002 1 57.923 57.923 613 
3.72691 -5 4.66077 -0.559622 1.29548 -2.27374 3.72026 -11 114 8703 8702 1 22.0176 22.0176 177 
-3.16433 -0.871216 5 0.0515122 0.5221 -0.597535 3.77819 22 115 2445 2427 1 1.61249 1.61249 50 
2.04709 -5 -3.5805 -0.082891 0.189521 -0.158048 3.89568 22 116 15248 15216 1 0.172816 0.172816 9 
-5 -2.54223 3.53702 0.318867 0.335067 -0.108844 3.73138 22 117 7195 7129 1 0.0698377 0.0698377 3 
-2.52267 -2.79204 -5 -0.00371544 0.0831969 0.183316 3.66013 22 118 5320 5238 1 17.441 17.441 189 
0.469853 -5 4.81486 0.805988 1.08042 1.52927 3.69804 22 119 4795 4748 1 0.286321 0.286321 38 
-2.25484 -1.94965 -5 0.169302 0.631414 2.50196 3.65842 22 120 2064 1885 1 0.162369 0.162369 15 
-2.95164 -2.6294 5 -0.126297 0.270977 -0.108252 3.79786 22 121 4172 4142 1 0 0 11 
0.16815 -5 -1.17314 -0.112202 1.77807 1.22311 3.68466 22 122 1001 1 1 1.44922 1.44922 7 
-0.193303 -1.31465 -5 5.14626 3.65232 5.15478 3.66348 -11 123 8138 8137 1 27.3507 27.3507 212 
-1.05586 -2.0778 -5 0.342773 0.0502353 0.187503 3.74025 22 124 15375 15371 1 0.602968 0.602968 39 
-5 -1.88308 3.56817 0.27539 0.188125 0.387155 3.69575 22 125 5129 5125 1 2.17292 2.17292 40 
-0.399581 -5 -3.45757 1.47446 7.95069 12.1513 3.65993 -11 126 2024 2023 1 32.2163 32.2163 255 
4.47971 -5 1.40005 0.580623 0.148085 0.815813 3.6969 22 127 1523 1386 1 0.203261 0.203261 27 
4.55787 2.15354 5 0.119495 0.400838 -0.0972813 4.01514 22 128 22989 22899 1 7.47895 7.47895 66 
0.0890226 -5 4.27208 0.178457 0.324054 -0.352508 3.73099 22 129 2198 2196 1 5.75174 5.75174 69 
-1.13322 -3.88854 -5 0.566169 1.22405 2.02832 3.66862 22 130 4860 4828 1 0.94706 0.94706 10 
-3.30498 -5 -4.04863 4.63253 5.93707 5.36242 3.68103 -11 131 15986 15985 1 7.88822 7.88822 116 
-5 -1.49907 -0.421987 0.212851 0.119026 0.0243356 3.79164 22 132 9714 9713 1 4.1751 4.1751 135 
2.11141 -5 3.44413 1.20104 0.904829 0.781235 3.73504 22 133 4730 4729 1 4.29899 4.29899 88 
-5 -2.39059 2.58942 0.389268 -0.109457 -0.529189 3.83332 22 134 1010 1 1 0.827417 0.827417 23 
4.09535 -5 -4.70291 0.246964 0.561654 0.744617 3.66977 22 135 4387 3920 1 32.0617 32.0617 371 
3.07393 1.71198 5 -0.0360827 0.220475 -0.459575 3.90853 22 136 9097 9092 1 0.201898 0.201898 11 
-5 -3.70413 -4.93335 7.3158 -6.86305 0.0753784 3.69872 22 137 1284 1146 1 14.4326 14.4326 167 
-1.4489 -3.43091 5 0.321184 0.244452 -0.313375 3.74947 22 138 2113 2103 1 0.829782 0.829782 93 
-4.3699 1.66076 5 0.055672 0.0562175 -0.158661 3.75344 22 139 2055 2044 1 21.9493 21.9493 176 
-5 -0.224632 1.91286 0.41645 0.0491636 -0.292014 3.70419 22 140 10533 10518 1 0.378853 0.378853 13 
-2.66952 -4.29046 -5 0.448398 -0.00715561 0.301362 3.67384 22 141 1029 1 1 0.434992 0.434992 34 
-5 -3.30151 -0.262767 0.464839 0.131007 0.166977 3.70357 22 142 3343 3342 1 3.49089 3.49089 22 
-5 -0.219222 -3.12058 0.0624124 0.0717681 0.307859 3.66746 22 143 3743 3509 1 11.5359 11.5359 67 
-2.92579 -5 1.29377 2.2213 2.1424 0.457685 3.69078 -11 144 7290 7289 1 12.2674 12.2674 132 
-4.82162 5 0.323853 0.243353 -0.344073 -0.288986 3.74967 22 145 1338 1336 1 1.09856 1.09856 105 
-2.93225 -1.64528 5 0.175381 0.154619 -0.454373 3.94274 22 146 6890 6888 1 0.559178 0.559178 69 
-5 -3.98403 -1.28066 0.130345 0.186731 0.275172 3.69339 22 147 14438 14284 1 0 0 2 
0.600775 -5 -2.29375 13.483 16.4464 -12.1882 6.95825 2112 148 15805 15777 1 0 0 3 
1.40694 -5 -2.57107 0.217 0.1316 0.0226322 3.70634 22 149 4315 3978 1 0.170768 0.170768 9 
2.10427 -5 -0.0856802 0.890655 0.0981009 0.18786 3.72506 22 150 1662 1661 1 0.494995 0.494995 14 
-0.675282 -5 -1.43184 0.208563 0.282596 -0.0054986 3.67615 22 151 2807 1 1 11.424 11.424 202 
-5 3.44279 2.0671 0.274696 -0.386892 -0.821013 3.85731 22 152 4785 4784 1 10.8634 10.8634 81 
4.37792 -5 -4.48762 0.240865 0.835518 0.598459 3.67058 22 153 1114 1044 1 18.2 18.2 134 
2.64222 -4.34523 5 0.693455 -0.107145 -0.781727 3.7821 22 154 9126 9125 1 8.93955 8.93955 36 
-2.60144 4.41643 5 0.311555 2.32003 -0.851166 3.79954 22 155 21995 21921 1 0.424582 0.424582 17 
-2.93343 -3.56432 -5 0.172454 0.207644 0.433893 3.69961 22 156 5456 5422 1 3.67117 3.67117 39 
4.14547 -5 -0.791327 0.390859 0.323308 0.0618156 3.69895 22 157 10970 10967 1 0.912624 0.912624 100 
0.566172 -1.65445 -5 -9.40569 -14.7624 448.389 3.65254 11 158 1 0 1 82.0569 82.0569 670 
-5 -4.10859 -4.26826 0.406674 0.123389 0.283745 3.72147 22 159 2381 2380 1 5.54667 5.54667 36 
3.06796 -3.18873 -5 0.939982 0.61676 1.41971 3.66818 22 160 27940 27752 1 3.63699 3.63699 37 
-0.677428 2.25391 -5 0.289464 0.181835 0.771435 3.66029 22 161 1195 1 1 20.0998 20.0998 252 
1.9104 -3.93358 -5 0.406268 0.759505 1.07465 3.67958 22 162 38961 38727 1 0 0 2 
-5 -2.92514 -1.7423 0.324829 0.0177252 -0.032714 3.74779 22 163 3679 3642 1 1.11231 1.11231 107 
-3.38681 -5 1.74161 -0.45916 -0.938685 -0.787393 3.74479 -11 164 25111 25110 1 1.94278 1.94278 58 
-2.90063 -4.12692 -5 0.255412 0.383544 1.70804 3.659 22 165 1862 1661 1 9.80348 9.80348 89 
-1.02624 -0.332351 5 -0.107883 0.047083 -0.204438 3.92825 22 166 9205 9204 1 0.496458 0.496458 54 
-0.0950291 -0.968415 5 0.0537874 0.056601 -0.134353 3.75385 22 167 1404 1403 1 0.155001 0.155001 30 
-2.64818 0.831286 -5 0.155813 -0.0147266 1.0453 3.65418 22 168 1463 1 1 31.3864 31.3864 241 
-0.63323 -1.40759 -5 0.302998 0.403469 0.0807762 3.70952 22 169 12183 12182 1 0.716455 0.716455 56 
0.708723 -2.61734 -5 2.58941 2.35221 4.86899 3.67012 22 170 1361 1 1 0.340058 0.340058 40 
-4.38622 -5 -2.01534 0.0223434 0.40235 -0.314221 3.77604 22 171 4858 4857 1 12.268 12.268 75 
-5 4.82981 2.09137 0.400643 0.308136 -0.0752149 3.75552 22 172 7694 7693 1 0.136064 0.136064 25 
-3.30613 -4.40321 -5 1.57844 8.0167 29.4332 3.65705 -11 173 1558 1557 1 4.92602 4.92602 69 
-3.04127 -5 -3.46566 -0.0782826 0.211971 -0.131833 3.73211 22 174 2044 2043 1 3.75321 3.75321 108 
-5 -2.19439 0.664304 0.333236 0.168719 0.577772 3.68619 22 175 11702 11617 1 0.389829 0.389829 37 
5 1.19832 -1.61135 -0.190592 0.0278403 -0.101311 3.88808 22 176 8985 8946 1 1.00922 1.00922 96 
-3.73299 2.1173 -5 0.0690335 0.312622 0.211704 3.69348 22 177 1284 1 1 0.71038 0.71038 115 
3.62965 -5 0.14171 -0.0637982 0.19241 0.0460106 3.69629 22 178 1327 1326 1 0 0 10 
-5 -0.21751 -3.00518 0.594237 0.865976 0.957718 3.6789 22 179 9999 8729 1 12.6275 12.6275 104 
1.33625 -5 -1.91204 0.0649526 0.622417 -1.81628 3.74947 22 180 8086 8002 1 12.225 12.225 125 
1.53159 -2.79763 -5 -20.7333 14.7981 146.592 3.65315 11 181 1 0 1 108.765 108.765 1035 
-1.27759 -5 -0.188742 0.198697 0.733629 -0.990162 3.79952 22 182 5487 5486 1 0.641444 0.641444 99 
0.773107 -5 -0.147677 -0.0317735 0.118904 -0.0466725 3.76174 22 183 2855 2763 1 6.97692 6.97692 112 
2.63366 4.84027 5 0.329533 0.31928 -0.224918 3.81351 22 184 5083 5082 1 3.08006 3.08006 75 
-4.55193 -5 -3.34805 -0.313933 0.402847 0.0167368 3.71358 22 185 13333 13303 1 0.582594 0.582594 60 
-1.11172 0.291315 -5 0.631425 0.227005 2.58254 3.65494 22 186 1280 1 1 77.0663 77.0663 712 
0.775136 -5 0.280023 0.140915 0.413538 -0.265045 3.76992 22 187 2559 2558 1 1.12434 1.12434 16 
4.27022 -5 -3.24785 0.182402 0.108785 -0.276871 3.77352 22 188 4961 4877 1 3.02117 3.02117 36 
4.70898 -5 -1.17712 0.227175 0.378984 -0.0772757 3.74881 22 189 20429 20408 1 0 0 2 
4.85834 -5 -1.23523 -0.111135 0.13992 0.14599 3.71303 22 190 8519 8518 1 14.6038 14.6038 149 
-4.57911 -1.49545 -5 0.00603561 -0.015228 0.0248718 3.82487 22 191 5156 5143 1 15.6242 15.6242 336 
1.53541 -5 -0.842198 0.235626 0.112687 0.574001 3.67905 22 192 5007 1 1 8.61519 8.61519 32 
-2.89327 -5 -0.21955 0.655298 0.488423 -0.311624 3.70132 22 193 1147 1146 1 1.63131 1.63131 59 
-5 1.44919 2.17325 0.11262 0.492476 1.31077 3.68691 22 194 5554 5457 1 4.99577 4.99577 140 
-0.178246 -5 -2.36751 0.854579 3.46605 -3.01908 3.67569 11 195 3867 3825 1 0.538747 0.538747 4 
-1.17231 -2.72509 -5 -7.78303 2.55402 70.4652 3.6526 11 196 1 0 1 117.981 117.981 1084 
0.963599 2.99633 5 0.104943 -0.132138 -0.482334 3.9583 22 197 2167 2165 1 25.5813 25.5813 322 
-5 -3.93535 3.83607 0.411757 0.206883 -0.253105 3.6974 22 198 9961 9960 1 12.9514 12.9514 237 
-4.12096 -5 -2.60949 0.0486158 0.480639 0.36545 3.68336 22 199 4728 4634 1 1.20111 1.20111 65 
2.79046 -5 -0.821089 1.51888 1.61363 2.14855 3.68341 22 200 3798 3653 1 6.79556 6.79556 49 
-3.49821 -2.46103 5 -0.580311 2.87107 -5.00561 3.71789 -11 201 3816 3815 1 6.23547 6.23547 84 
1.35497 -5 4.44716 0.18821 0.195588 -0.0161252 4.26338 22 202 2171 2170 1 20.2349 20.2349 156 
-2.04768 -5 1.032 0.322438 0.0766162 -0.388952 3.79549 22 203 1979 1978 1 0.399555 0.399555 7 
-1.25306 -5 -3.35394 0.0738254 0.632198 0.239771 3.70605 22 204 30319 24930 1 4.151 4.151 36 
-2.66245 -4.749 5 0.193078 0.0337749 -0.68668 3.76091 22 205 8167 8166 1 5.05345 5.05345 65 
3.36438 -5 -1.89277 0.0344112 0.101598 0.0687736 3.78232 22 206 7741 7740 1 7.8798 7.8798 83 
-1.00281 2.99723 5 0.258396 0.295043 -0.327568 3.86109 22 207 9272 9237 1 0.206551 0.206551 13 
4.13513 -5 1.87685 -0.37302 1.48974 2.27833 3.68358 -11 208 1375 1374 1 7.43016 7.43016 165 
-5 1.20949 -4.63209 0.379552 0.22783 -0.156098 3.72298 22 209 10914 10913 1 7.12597 7.12597 49 
-1.81096 -5 3.88489 -0.0270006 0.065657 -0.231718 3.93638 22 210 4409 3998 1 2.74487 2.74487 91 
-0.915713 -1.85845 -5 -8.5803 11.4479 483.588 3.65262 11 211 1 0 1 168.021 168.021 1214 
-4.31427 -4.73826 5 0.285163 0.00428337 -0.378232 3.87648 22 212 3050 3049 1 11.0394 11.0394 123 
3.30066 -5 2.86046 0.321276 0.227496 -0.0580991 3.74409 22 213 17161 15144 1 0.510324 0.510324 44 
2.82867 0.0391034 -5 0.830151 -0.0678124 0.731229 3.68153 22 214 8340 8211 1 0 0 3 
-0.991896 -5 -0.918019 0.398835 0.639824 0.284937 3.67943 22 215 2390 1795 1 0 0 10 
-5 -3.72205 -4.14957 1.04487 0.601054 1.47364 3.66904 22 216 8615 8614 1 7.07032 7.07032 10 
4.23962 -5 -4.54721 0.435684 0.843524 0.55296 3.67238 22 217 1209 1 1 6.17689 6.17689 103 
-2.16351 -4.93869 -5 0.483244 0.342665 2.00356 3.65696 22 218 8242 8022 1 1.74693 1.74693 10 
-5 -2.39176 -3.43355 1.01881 -0.136852 -0.84368 3.7603 22 219 5916 5914 1 0.214843 0.214843 25 
5 -1.11142 -0.237251 -0.127076 0.0716183 0.0316401 3.72636 22 220 13266 13159 1 1.17128 1.17128 52 
-5 -3.77472 -3.04877 4.01782 7.22209 -2.92577 3.66165 -11 221 1256 1255 1 44.1131 44.1131 448 
1.23639 -0.733019 -5 2.11769 -0.000410141 7.51166 3.65665 22 222 1023 1 1 33.1163 33.1163 272 
-4.99668 -5 -0.126073 0.447845 0.00461637 -0.0836814 3.67153 11 223 2354 2353 1 31.1829 31.1829 189 
0.672038 -1.18538 5 0.356663 0.0713009 -0.254834 3.79441 22 224 4154 4139 1 0.599235 0.599235 61 
2.70533 -1.99229 -5 0.211165 0.0881672 0.465193 3.66041 22 225 3685 3684 1 3.89879 3.89879 87 
-5 -2.54221 -3.92905 0.251541 -0.253531 0.282814 3.66738 22 226 1530 1529 1 4.47648 4.47648 144 
-3.70929 -0.79838 5 0.0107872 -0.000673925 -0.0277508 3.89363 22 227 6772 6755 1 0.734106 0.734106 21 
0.671788 -0.856997 -5 0.352307 0.142113 0.734399 3.66317 22 228 3909 3883 1 0.382091 0.382091 24 
2.31508 -2.61119 -5 0.144246 0.23508 0.325034 3.67409 22 229 3206 1 1 1.93196 1.93196 81 
-1.04085 1.22355 -5 0.299827 0.232865 0.342049 3.69042 22 230 9853 9850 1 0.510697 0.510697 25 
-1.08074 -4.82894 5 0.114166 0.148529 -0.392855 3.9221 22 231 21197 21196 1 1.12341 1.12341 45 
-5 -0.232356 3.59074 0.221078 0.378538 0.442956 3.69728 22 232 8656 8594 1 0.482686 0.482686 63 
-4.07734 1.3882 5 0.169051 0.586923 -0.409651 3.74865 22 233 2085 2084 1 1.92676 1.92676 14 
0.362359 -0.949406 -5 -7.31055 -10.8991 14.5005 3.66278 11 234 1 0 1 157.738 157.738 1054 
-3.34105 -5 4.33015 0.27765 0.133896 0.629034 3.6932 22 235 10643 9177 1 0.304428 0.304428 20 
-0.965713 0.580572 5 -0.00931165 0.136833 -0.107381 3.9698 22 236 8232 8212 1 0 0 4 
-4.68645 -4.49118 -5 1.8467 1.49333 2.29126 3.66795 22 237 25861 25811 1 0.539863 0.539863 46 
-4.21054 -5 1.73543 0.133569 0.368488 0.338638 3.69553 22 238 3199 3131 1 0.264973 0.264973 10 
3.29699 -5 -0.313367 0.0631426 0.0993803 -0.135756 3.76112 22 239 9211 8925 1 2.48609 2.48609 105 
-4.62793 -5 -0.0339258 1.24979 2.54137 5.78696 3.68085 -11 240 7436 7435 1 9.37862 9.37862 120 
-3.16344 -4.34579 -5 0.319348 0.701673 2.88165 3.65753 22 241 6064 5487 1 10.234 10.234 105 
-1.35791 -5 -0.522568 0.398707 0.101075 0.772933 3.67763 22 242 7935 7934 1 5.66856 5.66856 140 
2.35897 -5 -2.65711 13.9522 9.10332 24.7315 3.67075 11 243 15889 15859 1 17.1253 17.1253 75 
-2.11338 -5 -4.75799 2.10923 3.45441 4.07159 3.66884 22 244 4142 4140 1 5.69913 5.69913 77 
4.93869 -2.85225 5 0.395748 -0.0693673 -0.276464 3.87506 22 245 2621 2611 1 0 0 3 
-2.5973 -5 0.0084016 -0.136527 0.159469 0.0452201 3.6745 22 246 6876 1 1 37.231 37.231 486 
-2.99812 -5 4.54466 -0.0599704 0.681169 0.483684 3.75765 22 247 27011 26987 1 0 0 7 
-0.588493 -5 4.78326 0.195784 0.182162 0.0632307 3.74175 22 248 1818 1817 1 4.54489 4.54489 59 
-0.745051 2.83042 5 -0.216492 -0.139215 -0.441441 3.73574 22 249 3619 3618 1 19.0645 19.0645 287 
-5 -2.66375 4.19753 0.217524 0.0198498 -0.201266 4.21657 22 250 8681 8679 1 1.05396 1.05396 34 
-5 1.089 4.90567 1.10547 0.849549 -0.420297 3.74102 22 251 7503 7502 1 0.0999877 0.0999877 10 
-4.7424 0.544411 5 3.52029 -3.20024 -3.36242 3.98181 11 252 14846 14826 1 1.57958 1.57958 3 
2.5471 -5 -2.48554 0.269804 0.400535 -0.167025 3.71454 22 253 10467 10452 1 28.2084 28.2084 307 
3.16053 -2.07712 -5 6.2779 -0.671368 3.79577 3.66018 11 254 1 0 1 12.7841 12.7841 267 
-2.62426 3.04604 5 0.063976 -0.070731 -0.0991651 3.72669 22 255 1310 1282 1 0.358696 0.358696 41 
2.46328 1.70161 5 0.0495962 0.323282 -0.175228 3.81341 22 256 2451 2448 1 4.56512 4.56512 59 
2.05882 -1.19479 -5 0.277826 0.448586 0.14467 3.66954 11 257 6344 6335 1 6.61997 6.61997 93 
-5 0.908537 -3.65403 0.22023 0.113087 -0.447023 3.88419 22 258 10816 10799 1 9.26795 9.26795 72 
-5 0.135014 -4.66238 0.358424 -0.0546826 -0.111136 3.90472 22 259 8285 8284 1 5.98758 5.98758 32 
-0.549849 -5 -2.74394 0.0764011 0.474702 0.554684 4.67652 22 260 9515 9506 1 0 0 3 
-1.01449 -2.76459 5 0.325269 0.00968582 -0.809854 3.95319 22 261 6111 6083 1 16.8979 16.8979 163 
-1.34082 -5 -2.65851 -0.0683786 0.250072 -0.0129083 3.72035 22 262 1544 1 1 5.90418 5.90418 79 
-5 -3.37435 -4.85517 3.51887 -2.16746 2.37393 3.66198 11 263 1 0 1 31.0691 31.0691 283 
0.929776 1.08385 -5 0.061195 1.0339 9.93531 3.65321 22 264 1122 1 1 72.9964 72.9964 601 
-5 -3.95533 -2.72828 1.26936 0.421395 0.852497 3.69314 -11 265 3260 3259 1 6.59642 6.59642 113 
2.03097 -1.00004 5 0.31824 0.0625408 -0.394882 3.80295 22 266 24881 24880 1 0.141899 0.141899 13 
-0.987219 -5 2.36095 0.199829 0.208169 0.000537657 3.71907 22 267 6992 6891 1 5.27553 5.27553 36 
-5 2.73843 2.85001 16.0566 2.8054 18.876 3.68636 -11 268 3697 3696 1 7.99032 7.99032 159 
-2.72943 -5 -2.23289 3.95314 8.76085 6.04101 3.66793 11 269 4553 4490 1 16.112 16.112 113 
-5 3.36958 3.73502 0.21481 0.223078 0.165325 3.72338 22 270 10006 9982 1 0.240174 0.240174 41 
-5 0.180631 1.38515 6.59077 6.54304 -2.60867 3.76307 -11 271 28913 28912 1 3.93836 3.93836 25 
-4.51494 -5 4.69456 0.0740133 0.0346275 0.322215 3.68706 22 272 1943 1849 1 29.9873 29.9873 310 
-5 -1.96739 4.59361 0.226634 0.338208 0.268111 3.70666 22 273 5799 5774 1 0.843075 0.843075 77 
1.92916 -5 -4.20379 0.390728 0.20009 0.261563 3.70814 22 274 5248 5247 1 5.5263 5.5263 98 
1.71855 1.04818 -5 0.151888 0.127309 0.382141 3.66197 22 275 2188 2118 1 7.05742 7.05742 72 
3.31864 -4.76182 -5 0.101265 0.172505 1.90939 3.65341 22 276 1793 1 1 6.61179 6.61179 88 
-2.07314 -4.64137 5 -0.116476 0.0167603 -0.497265 3.87468 22 277 2220 2219 1 49.2747 49.2747 551 
0.0287918 -3.58094 5 0.249935 0.18398 -0.405961 3.81542 22 278 5467 5466 1 0.30962 0.30962 30 
-5 -1.67196 -1.4061 0.128381 0.484175 0.101061 3.75691 22 279 3047 3046 1 0.832949 0.832949 54 
-4.70383 5 3.42372 0.0841249 -0.163696 0.0532676 3.79647 22 280 12150 12149 1 0.46714 0.46714 52 
-3.18984 3.43033 -5 2.22687 2.11854 1.87379 3.68298 22 281 4261 4245 1 1.4864 1.4864 17 
-5 -3.88715 0.538198 0.030606 0.0642837 0.0676027 3.67758 22 282 3045 3044 1 14.5955 14.5955 111 
-0.478003 0.833117 -5 0.303725 0.0889646 0.018546 3.71756 22 283 2868 2867 1 0.533828 0.533828 6 
4.53722 -5 -0.849979 -0.0115487 0.144116 -0.176487 3.73695 22 284 5529 5495 1 0.887843 0.887843 74 
-2.04094 -4.35653 -5 1.47353 0.331716 0.969985 3.66685 11 285 5478 5445 1 5.19356 5.19356 95 
3.40655 2.59435 -5 0.545962 0.330522 0.571453 3.70264 22 286 6431 3725 1 0 0 9 
-5 1.08982 4.73191 0.137364 0.41194 0.00631217 3.74309 22 287 8459 7445 1 6.139 6.139 75 
-2.64164 3.08564 -5 0.219498 0.980142 1.6674 3.67226 22 288 10278 10277 1 3.05723 3.05723 27 
-2.97648 -5 4.98841 0.108802 0.14758 -0.213707 3.78258 22 289 4200 2089 1 4.60149 4.60149 69 
-5 -4.72022 -4.3616 0.467271 -0.0321271 -0.204318 3.83746 22 290 15917 15915 1 0.278304 0.278304 8 
-5 -4.00585 1.19011 0.0518983 0.0779965 -0.197825 3.90808 22 291 2523 1 1 0.470368 0.470368 55 
-5 -2.4365 2.77252 3.49608 -1.99005 0.339408 3.69463 -11 292 8328 8327 1 14.3567 14.3567 191 
-3.17996 -5 1.23765 -0.414627 1.23541 -0.778097 3.77576 22 293 3404 3142 1 0.889649 0.889649 61 
-4.06373 2.31752 -5 0.630805 0.225285 1.09616 3.66357 22 294 9896 9784 1 4.20299 4.20299 115 
4.17111 -5 1.61441 0.112479 0.353599 -0.0194262 3.71929 22 295 5654 5165 1 1.38874 1.38874 94 
2.40399 -1.18324 -5 2.44051 1.4478 8.81728 3.66007 22 296 2826 1 1 12.6459 12.6459 219 
0.67717 -5 -2.82131 0.228207 0.197426 0.295126 3.67409 22 297 3077 3041 1 14.1901 14.1901 180 
-5 -3.61749 1.85202 0.0439931 0.028111 0.104223 3.67698 22 298 5292 5114 1 33.6212 33.6212 195 
4.80381 -5 4.86066 0.0395871 0.406082 -0.307652 3.73767 22 299 5285 5284 1 25.2672 25.2672 186 
-2.60666 -5 -0.618318 3.279 1.9497 -0.938167 3.682 11 300 6377 6127 1 9.04111 9.04111 174 
0.298024 -5 -4.10381 0.110144 0.127292 0.188643 3.65758 22 301 1132 1 1 37.6389 37.6389 437 
-5 1.60659 1.62133 0.583502 0.470134 1.22958 3.7051 22 302 5018 4946 1 1.47657 1.47657 67 
-3.30574 -5 3.82071 0.0370862 0.0648413 0.409557 3.68308 22 303 2740 2162 1 5.09527 5.09527 87 
-1.44662 -5 -0.474834 0.086569 0.129144 0.266949 3.67956 22 304 12317 12294 1 3.18721 3.18721 64 
-0.885863 -4.76209 -5 -2.37254 3.64181 7.80334 3.65307 -11 305 12118 12117 1 30.5259 30.5259 428 
-4.17641 -4.07718 5 -0.184726 0.358867 -1.57613 3.69847 11 306 2049 2026 1 20.5174 20.5174 219 
-3.25167 -5 0.618192 5.41228 2.05181 20.1756 3.67231 11 307 1 0 1 47.7159 47.7159 521 
0.200174 -2.35902 5 0.118163 0.426551 -0.255366 3.83504 22 308 2373 2372 1 1.15719 1.15719 42 
-5 -2.88463 -0.24966 1.86726 1.24141 -1.97504 3.69004 11 309 7049 6748 1 5.58765 5.58765 92 
-4.34457 -5 -4.44157 0.128647 0.564586 0.149241 3.681 22 310 13420 13397 1 0.249865 0.249865 25 
-1.61474 -5 -3.69988 -0.458617 0.744327 0.69065 3.66756 22 311 16339 16255 1 8.53103 8.53103 141 
2.82733 -2.93274 5 0.0422216 0.0164362 -0.23957 3.80665 22 312 1474 1 1 19.9398 19.9398 247 
-5 2.36633 -0.573584 14.3747 8.26983 23.6451 3.68453 11 313 1 0 1 5.18708 5.18708 12 
3.40504 -5 1.91261 0.541769 1.33422 2.33251 3.69308 22 314 5414 5364 1 0.029631 0.029631 14 
-5 -4.01197 -2.75488 0.382629 0.085454 -0.0131363 3.68381 22 315 12620 12619 1 7.59478 7.59478 158 
3.56402 -4.46591 -5 3.95279 2.08042 45.4119 3.65346 11 316 1 0 1 101.476 101.476 824 
1.70826 2.26809 -5 7.32125 -6.21505 25.9031 3.65955 11 317 1 0 1 32.5451 32.5451 193 
-0.660857 -5 -2.35539 0.116779 0.211858 -0.45011 3.80414 22 318 33198 33177 1 0 0 7 
0.609115 -5 -3.74468 0.59113 1.24889 1.13949 3.67558 22 319 1208 1207 1 4.19437 4.19437 43 
-2.96025 3.60785 5 0.102564 0.113453 -0.643226 4.21818 22 320 2046 1997 1 12.4328 12.4328 114 
-5 -2.13727 1.77672 0.111876 0.388299 2.41256 3.67631 22 321 2025 1 1 1.82797 1.82797 115 
1.77594 -5 1.00308 0.0242283 0.359009 0.774876 3.68988 22 322 4887 4846 1 0 0 9 
-5 -0.824071 -3.60643 0.187771 0.338309 -0.33378 3.75364 22 323 4079 4078 1 0.510704 0.510704 29 
-4.37943 -5 1.47872 0.234468 0.42228 -0.166805 3.79782 22 324 5470 5467 1 0.260359 0.260359 33 
-5 -0.904058 -1.62756 0.208168 0.25321 -0.392008 3.87038 22 325 14661 14634 1 0.255181 0.255181 22 
-4.14212 -1.51701 5 -0.0656335 0.129411 -0.0958353 3.78059 22 326 1558 1275 1 2.97141 2.97141 54 
5 1.44528 4.4752 -0.0377782 -0.150386 -0.00675905 3.87385 22 327 1979 1978 1 1.10058 1.10058 60 
4.35939 -5 0.962333 0.249637 0.397766 -0.201452 3.70386 22 328 2996 2995 1 35.8218 35.8218 349 
2.3257 4.50988 5 0.112128 -0.174251 -0.0354408 3.89589 22 329 1223 1184 1 3.2929 3.2929 72 
-5 -2.97574 0.163564 -0.178569 -4.00783 1.42428 3.68551 11 330 13529 13299 1 15.4325 15.4325 239 
1.23115 -5 3.00489 0.0174795 0.0209883 -0.368626 3.99788 22 331 2777 2747 1 4.78819 4.78819 70 
2.10215 3.88713 5 0.467579 0.187617 -0.0853764 3.77319 22 332 1630 1575 1 36.8398 36.8398 423 
-5 0.883324 -0.841252 0.17483 0.0474243 -0.0450134 3.73386 22 333 2173 2058 1 5.44698 5.44698 78 
-2.62296 2.72293 5 0.208229 0.217453 -0.0390249 3.74376 22 334 3252 2099 1 10.8271 10.8271 232 
-2.88528 -3.77228 -5 -1.7347 0.853877 78.4995 3.65262 22 335 1084 1 1 110.284 110.284 761 
-5 4.27903 -3.25414 0.181103 -0.419945 -0.728376 3.72891 22 336 5323 5291 1 17.3326 17.3326 126 
-3.98447 -5 -0.473433 -0.16471 1.32824 0.414825 3.68873 11 337 26233 25976 1 0.986038 0.986038 48 
1.86439 1.8334 -5 1.04501 -0.268594 0.537766 3.67292 22 338 1386 1338 1 2.62401 2.62401 60 
-4.87708 -4.14333 -5 0.067274 0.0925909 0.271467 3.65465 22 339 2374 2329 1 1.5554 1.5554 89 
-3.61071 -5 4.13285 0.109407 0.169182 -0.108979 3.94905 22 340 10511 10508 1 0.985576 0.985576 95 
-0.153674 1.93894 -5 0.00237712 0.194252 0.132199 3.67996 22 341 1050 1 1 0 0 13 
-5 4.86829 3.71394 0.106841 0.0635776 0.1225 3.71774 22 342 15767 15766 1 0.3776 0.3776 8 
0.147304 0.638043 -5 16.3845 10.9032 22.8803 7.0687 2112 343 8003 7978 1 0.227354 0.227354 22 
-5 1.5893 -2.58794 2.68778 3.52375 1.52759 3.69029 11 344 4831 4684 1 24.9717 24.9717 280 
0.588639 0.8295 5 0.059174 0.152086 -0.48424 3.95029 22 345 2126 2125 1 5.97142 5.97142 114 
-5 2.59467 -4.07604 0.137137 0.157634 0.0213781 3.72526 22 346 9705 9612 1 0.811241 0.811241 58 
-0.0571245 -5 0.655978 0.365967 0.462778 -1.3144 3.88519 22 347 10544 10542 1 4.10229 4.10229 69 
-5 -0.225655 2.99951 0.101672 0.0152388 0.0477746 3.81706 22 348 2229 2210 1 0.968935 0.968935 122 
-5 -1.38621 -1.88006 0.422318 0.0723361 0.527443 3.67003 22 349 13045 13015 1 4.81975 4.81975 75 
-2.81107 -2.36862 5 0.169699 0.146313 -0.361527 4.02346 22 350 4122 4121 1 4.86843 4.86843 11 
-5 -0.943007 -1.71141 1.76448 -0.0119611 8.72211 3.66857 -11 351 2011 2010 1 28.0228 28.0228 317 
-0.224766 1.01892 -5 0.325354 0.29235 0.264189 3.67776 22 352 11430 11429 1 6.51772 6.51772 34 
3.86184 -5 0.687913 0.195216 0.247093 0.685877 3.69201 22 353 1217 1 1 0 0 4 
3.43787 -5 3.84889 -0.148145 0.379538 0.20714 3.70774 22 354 3751 3609 1 0.300345 0.300345 26 
-0.153047 -5 -2.96683 0.143251 0.881454 -0.915167 3.74937 22 355 2813 2778 1 2.71901 2.71901 56 
1.48557 -5 4.11499 0.157269 0.320538 0.365571 3.69341 22 357 11688 11687 1 4.41565 4.41565 33 
2.78763 -5 0.70845 0.104045 0.174244 0.332482 3.70471 22 358 3443 3393 1 10.0105 10.0105 63 
-4.23875 1.57934 -5 0.136773 0.103562 0.240994 3.69455 22 359 7401 7400 1 1.94242 1.94242 30 
1.57286 -5 -2.52586 0.65962 2.92704 2.39648 3.69435 22 360 24906 24905 1 6.60287 6.60287 40 
0.0841485 2.58404 -5 0.739127 -0.110718 0.913186 3.66985 22 361 22616 22355 1 0.0127612 0.0127612 5 
-2.62259 -5 2.41661 0.14195 0.109775 -0.154549 3.7647 22 362 3100 2398 1 2.85351 2.85351 46 
2.46489 -5 -4.91248 0.140688 0.143892 -0.469704 3.95853 22 363 8942 8939 1 0.0914551 0.0914551 28 
-5 0.771788 0.0282628 1.76705 1.63011 1.5822 3.68026 11 364 11111 10818 1 11.9193 11.9193 111 
2.26026 -0.815005 -5 0.423073 -0.0377845 0.48145 4.66709 22 365 20312 20310 1 0.780008 0.780008 29 
-2.56902 -5 4.81448 0.128055 0.365867 0.159538 3.69003 22 366 6837 6184 1 31.9314 31.9314 529 
2.66173 0.573954 -5 -0.0257577 0.196886 0.5666 3.66729 22 367 1036 1 1 0.833048 0.833048 67 
1.03364 -5 3.6265 -0.924719 3.82748 7.69003 3.69116 -11 368 3839 3838 1 10.0546 10.0546 85 
-2.71653 -5 0.408197 0.163976 0.323384 -0.00220974 3.75357 22 369 16917 16916 1 0.183004 0.183004 17 
2.9305 -3.32673 5 0.0737558 0.364421 -0.350539 3.77427 22 370 7396 7395 1 0.757717 0.757717 29 
-5 4.53898 -2.26369 0.152982 0.185649 0.291475 3.70817 22 371 24210 24088 1 0.0186528 0.0186528 5 
-5 4.00027 1.58913 0.465986 -0.302318 0.271282 3.88468 22 372 8704 8639 1 0.0749184 0.0749184 8 
-0.029419 -5 -0.279135 0.156521 0.0860018 -0.331511 3.90264 22 373 5062 4987 1 0.594119 0.594119 46 
-0.94356 -5 1.95949 0.101465 0.289515 -0.0232559 3.68432 22 374 2026 1 1 15.0152 15.0152 183 
-1.86966 -5 -2.50758 0.0783675 0.105616 0.384347 3.66614 22 375 14169 14140 1 3.35002 3.35002 82 
-5 -1.88257 -1.68227 1.11516 0.592025 0.531894 3.69422 22 376 2973 2765 1 0 0 14 
4.0249 4.22943 -5 -0.0645535 0.386996 0.327394 3.74717 22 377 9080 9079 1 0.510718 0.510718 22 
-2.44927 -5 -0.824715 0.41371 0.29624 -0.0469643 3.70806 22 378 1258 1257 1 2.94113 2.94113 98 
-5 -0.929114 -4.15144 0.195759 0.0421982 -0.023802 3.72818 22 379 2284 2251 1 0.165901 0.165901 22 
-2.99925 -3.69398 -5 -0.260353 1.62461 2.78916 3.66819 22 380 3993 1 1 0.207056 0.207056 11 
-5 1.75865 1.90119 0.249487 0.131853 0.0237411 3.71142 22 381 6148 6113 1 4.12204 4.12204 79 
4.97092 -0.355524 -5 0.131828 -0.00883608 0.309873 3.71746 22 382 3236 3200 1 4.68567 4.68567 90 
2.09785 -5 -0.9715 0.115763 0.496581 -0.0335537 3.75182 22 383 8035 8033 1 4.20976 4.20976 134 
3.85723 -5 3.8131 0.0942284 0.0950575 0.0431957 3.86365 22 384 4080 4056 1 0 0 2 
-5 -2.03957 -2.04188 0.216947 0.411808 0.210873 3.71424 22 385 3488 3487 1 6.46213 6.46213 111 
-3.41269 -3.55512 -5 2.12593 0.670555 3.77028 3.66052 22 386 9351 9279 1 2.25251 2.25251 50 
4.07803 0.0306097 5 0.370753 0.196625 -0.291549 3.81998 22 387 3731 3706 1 3.14809 3.14809 86 
0.908136 -4.51603 -5 0.121555 -0.0941599 0.485727 3.68632 22 388 28981 28979 1 0.188926 0.188926 3 
3.35535 0.353047 5 0.41216 0.27009 -0.13526 3.76576 22 389 1915 1885 1 16.0858 16.0858 143 
2.48193 -5 0.277304 0.149678 0.240267 0.343689 3.71046 22 390 8693 8669 1 0.0037711 0.0037711 4 
-3.10336 -5 -4.62359 0.174891 0.218584 -0.427497 3.75881 22 391 10739 10738 1 5.50981 5.50981 48 
-4.34097 -5 -3.66191 0.20678 0.467028 0.0156948 3.68923 22 392 4478 4444 1 4.1395 4.1395 77 
5 -2.26144 0.071354 -0.21915 -0.00648635 0.170997 3.74511 22 393 10099 10063 1 3.21744 3.21744 85 
-2.54343 -5 -0.510383 -0.034655 0.206681 -0.204114 3.75819 22 394 5248 5246 1 0.66261 0.66261 63 
-1.77687 5 0.744075 0.0089952 -0.223837 -0.155405 3.94516 22 395 22921 22896 1 0.384801 0.384801 28 
3.17526 -0.01945 -5 0.124243 0.0774652 0.0715705 3.7151 22 396 6552 6551 1 0.262686 0.262686 39 
-5 -0.333764 -4.60673 0.167924 0.0747167 0.177192 3.70911 22 397 11367 11333 1 0 0 8 
-1.03671 -4.0182 -5 0.394546 -0.111239 0.947433 3.67821 22 398 7947 7946 1 9.00031 9.00031 79 
-4.22293 -5 -1.42257 0.298916 1.13548 5.86638 3.67153 22 399 34423 34216 1 0 0 2 
1.42182 1.24551 -5 0.417257 0.240612 2.40409 3.65523 22 400 1284 1 1 26.9431 26.9431 310 
-5 -4.7047 2.63215 0.142695 0.196621 0.932215 3.67973 22 401 5382 5340 1 10.1576 10.1576 123 
4.31742 3.94998 5 0.146883 0.37703 -0.312079 3.91084 22 402 4522 4495 1 6.17926 6.17926 66 
-0.843972 -2.47952 -5 0.205747 0.440211 1.08376 3.65767 22 403 5757 1 1 49.6967 49.6967 391 
-4.99585 -5 3.05304 -0.7739 3.59504 0.562576 3.74731 11 404 36790 36195 1 0.121679 0.121679 24 
-2.28103 -5 3.64978 0.0961833 0.217764 0.337261 3.70621 22 405 6904 6829 1 9.02044 9.02044 96 
2.60442 -5 3.05828 0.299375 0.227191 -0.346236 3.84426 22 406 4280 4279 1 4.71151 4.71151 69 
2.27548 1.20049 -5 0.0839329 0.235841 0.0929177 3.70285 22 407 5821 5554 1 0.354557 0.354557 53 
1.4657 0.705838 5 0.330419 0.240095 -0.307079 3.90186 22 408 2480 2447 1 0.309048 0.309048 2 
-5 -2.72103 -0.528023 0.502134 -0.0947601 0.0015106 3.70533 22 409 3433 3411 1 3.88883 3.88883 75 
-3.52246 -5 2.14221 -1.11965 -0.503172 1.44397 3.69445 11 410 1545 1 1 4.50975 4.50975 75 
-1.69686 -5 0.281964 0.263866 0.204933 -0.121271 3.72658 22 411 1797 1693 1 0.459028 0.459028 46 
1.19405 0.292939 5 0.183863 0.119823 -0.201388 3.85306 22 412 2324 1557 1 0.537728 0.537728 52 
-2.3617 -0.678584 5 0.01723 0.0662118 -0.430351 4.14532 22 413 1046 1 1 1.07529 1.07529 30 
-5 -4.07867 3.72276 0.271505 0.423436 0.0900395 3.74911 22 414 6348 6345 1 6.28067 6.28067 73 
-4.5604 3.37495 5 -0.121724 -0.0516223 -0.103609 3.80449 22 415 6829 6797 1 0.470842 0.470842 42 
3.76006 -5 4.34825 0.0508958 0.243861 0.0716191 3.72514 22 416 9672 8844 1 0.226387 0.226387 30 
-5 -4.77177 2.77032 1.23375 -0.215235 -0.18056 3.76664 22 417 5519 5496 1 4.67914 4.67914 71 
-3.82848 -5 2.04673 0.225406 0.0530946 -0.107665 3.74272 22 418 16467 16180 1 3.11344 3.11344 59 
4.80829 -2.31718 5 0.138091 0.248566 -0.239875 3.78151 22 419 4384 4336 1 0.156924 0.156924 10 
-3.90544 -1.40178 -5 0.411975 0.119559 1.80904 3.65675 22 420 1518 1 1 2.50456 2.50456 124 
-2.28867 -3.38494 -5 3.22983 0.907859 1.9131 3.65982 -11 421 7675 7674 1 20.2175 20.2175 223 
4.10989 4.07177 -5 0.23291 0.807358 0.930833 3.67114 22 422 4284 1 1 7.63976 7.63976 92 
-3.27671 -5 -0.483554 -0.0113458 0.183986 0.538097 3.67052 22 423 8162 8061 1 1.15989 1.15989 78 
-1.6471 -5 -2.23862 0.173064 0.353886 0.651729 3.66903 22 424 9932 9832 1 0.932684 0.932684 11 
-3.65399 -5 -1.68759 0.420463 0.289915 0.0167189 3.7164 22 425 23797 23795 1 9.306 9.306 86 
-5 -0.550482 -4.9295 0.384754 0.1462 0.157046 3.69546 22 426 2851 2539 1 33.6108 33.6108 373 
-5 1.87743 -1.97945 0.0837938 0.129977 0.0953484 3.83796 22 427 21354 21330 1 0.764762 0.764762 47 
-5 -0.0756241 -4.24103 0.239198 -0.415145 0.177647 3.69219 22 428 7782 7779 1 3.26363 3.26363 32 
-5 2.76604 4.3851 0.441663 0.224396 0.125302 3.72262 22 429 4940 4939 1 0.141789 0.141789 6 
1.30254 -5 -4.80349 0.0383934 0.208067 -0.0488894 3.69354 22 430 8973 1 1 0.434714 0.434714 67 
-3.22534 -5 -3.40121 0.135327 0.150629 -0.201818 3.7259 22 431 24390 24341 1 0.395684 0.395684 64 
-4.76198 -5 4.6745 -0.135454 0.143803 0.0594103 3.77459 22 432 4950 4948 1 10.4137 10.4137 44 
-4.6987 -5 -3.83174 0.32168 0.354971 -0.177869 3.72052 22 433 11882 11879 1 3.28702 3.28702 47 
2.51791 -5 -2.32306 -0.0212493 0.219029 0.0681481 3.72539 22 434 7138 7137 1 0.876075 0.876075 31 
-5 1.60436 2.69911 2.58312 1.79152 5.0977 3.69179 22 435 3592 3570 1 0.402431 0.402431 32 
-5 -4.91845 -1.56758 0.389464 0.32833 0.0404618 3.72357 22 436 4477 4476 1 7.65838 7.65838 58 
-5 -3.85935 -0.298601 0.616217 0.127796 1.18646 3.67416 22 437 20996 20449 1 2.45294 2.45294 65 
-2.68054 -1.94402 5 0.254822 0.224684 -0.27267 3.72626 22 438 11694 11671 1 15.8959 15.8959 190 
0.269459 2.13236 5 0.121316 0.428 -0.581167 3.77703 22 439 3117 3115 1 50.5717 50.5717 477 
-0.36444 -2.66467 -5 0.723821 2.19449 19.4366 3.65419 22 440 1136 1 1 15.6581 15.6581 71 
-4.23907 -5 3.44961 0.326921 0.22232 -0.323753 3.7207 22 441 3548 3547 1 0.498502 0.498502 27 
-1.75041 -3.34531 5 -0.154813 0.0485582 -0.426944 4.06732 22 442 6543 6485 1 4.37589 4.37589 54 
-1.37263 -5 -0.436209 0.156772 0.0801847 0.0993708 3.70495 22 443 5151 4089 1 6.5975 6.5975 138 
-5 1.83286 -3.34312 0.36487 0.300381 -0.194321 3.77532 22 445 19751 19750 1 0.0971861 0.0971861 2 
-1.93985 -4.99206 5 -0.196586 0.0802099 -0.651202 3.78983 22 446 11401 11400 1 0.161284 0.161284 11 
1.93014 -5 1.21151 -0.0152554 0.175497 -0.0907454 3.9229 22 447 9685 9664 1 13.5547 13.5547 242 
-3.96442 -5 3.12583 0.157837 0.179362 -0.142003 3.7237 22 448 21269 13002 1 1.98734 1.98734 38 
-0.942665 -5 3.39103 17.503 21.8967 24.797 3.70388 11 449 1931 1888 1 1.08584 1.08584 23 
1.90695 5 2.67447 0.644718 -0.321812 -0.660968 3.77266 22 450 13987 13986 1 0 0 3 
-5 -2.19339 -3.79473 9.52222 3.87502 -3.52004 3.68613 -11 451 18551 18550 1 3.58998 3.58998 40 
-4.54716 -0.629969 -5 0.0131891 0.00715304 0.648553 3.65274 22 452 2739 2401 1 149.246 149.246 1298 
-2.50521 -5 -2.22996 0.170855 0.441068 -0.193357 3.74327 22 453 2661 2660 1 0.26325 0.26325 27 
-5 -2.31482 -3.78751 0.505461 -0.00814595 0.074586 3.71492 22 454 6682 6680 1 3.31478 3.31478 18 
-2.4932 -5 -4.98644 12.494 10.5112 43.2205 3.65456 11 455 1 0 1 32.4586 32.4586 367 
-5 -4.46557 -0.0920472 10.4181 5.49112 14.9529 3.67013 11 456 1986 1962 1 16.4901 16.4901 211 
2.99194 -1.32093 -5 13.9407 22.7073 81.1769 3.6559 11 457 1 0 1 39.2802 39.2802 217 
-0.240993 -5 3.79271 0.244696 0.243535 0.376742 3.71298 22 458 1066 1034 1 14.2298 14.2298 41 
-5 -4.14587 3.28345 1.16473 -1.5682 -0.343326 3.68613 11 459 3902 2691 1 8.99651 8.99651 110 
-5 -3.21884 1.94106 0.462176 0.207106 0.067972 3.75986 22 460 2266 2264 1 0 0 8 
-5 2.57731 2.48228 0.270853 0.0381396 -0.203143 3.87437 22 461 17106 17105 1 5.3597 5.3597 91 
-5 -3.69834 -3.13955 5.6931 3.2222 2.99224 3.6893 22 462 1001 1 1 5.29103 5.29103 116 
-3.98208 -5 -1.35758 0.246038 0.192692 0.201084 3.69097 22 463 6503 6481 1 0.380286 0.380286 38 
1.67357 -3.46754 -5 0.559434 0.535774 0.428823 3.70416 22 464 11055 11021 1 0.414484 0.414484 7 
-5 -1.56884 0.0621233 0.343207 0.176565 0.0347795 3.6807 22 465 6551 1 1 16.9939 16.9939 286 
-0.0847455 -1.26483 5 0.256692 0.0507434 -0.010722 3.7344 22 466 1693 1692 1 13.4503 13.4503 264 
-3.13358 -4.76364 -5 0.406841 0.181703 0.250168 3.69334 22 467 11180 11150 1 2.29261 2.29261 69 
-4.00486 -5 -0.285973 0.530346 0.395603 0.26055 3.68937 22 468 11293 11238 1 7.01954 7.01954 101 
1.53461 -3.37954 -5 0.0424961 2.0511 4.44896 3.66429 22 469 4359 4319 1 11.1617 11.1617 56 
1.80879 -5 -4.21199 0.0148167 0.0438692 -0.156339 3.83096 22 470 3869 3774 1 1.82589 1.82589 123 
-5 4.89623 4.20634 0.310502 0.261111 -0.0131278 3.74856 22 471 12420 12419 1 1.68143 1.68143 33 
-5 -0.863707 3.58703 0.177048 0.880533 0.0855797 3.74652 22 472 13058 13057 1 0.295793 0.295793 34 
-1.35392 -3.62022 -5 0.226048 0.683667 0.36953 3.6682 22 473 4737 4709 1 9.28262 9.28262 197 
-5 -3.65936 0.673592 3.13696 5.43351 11.0732 3.68576 22 474 12045 11834 1 0 0 1 
-3.36824 5 1.06119 0.151514 -0.0327059 0.486923 3.71428 22 475 7723 7701 1 0 0 4 
-4.91989 0.579856 -5 0.0439207 0.219762 0.141769 3.68252 22 476 9495 7977 1 0.706262 0.706262 37 
0.842325 -0.411767 -5 0.00261188 -0.322236 0.396582 3.70813 22 477 5686 5681 1 5.15962 5.15962 46 
-5 4.6719 0.407651 0.101415 0.0762701 -0.494993 3.9017 22 478 4296 4237 1 15.3762 15.3762 160 
-4.35376 0.775216 5 0.698981 0.559918 -0.22284 3.77832 22 479 22744 22743 1 0.41303 0.41303 33 
-5 -1.12828 -0.24072 1.91394 0.591569 1.05934 3.72411 11 480 10358 10354 1 2.1488 2.1488 68 
-5 -0.101085 3.09816 0.448593 0.186519 -0.158413 3.73201 22 481 4325 4300 1 2.09414 2.09414 113 
-3.25076 -4.6762 -5 -1.11684 -3.93524 17.068 3.6546 22 482 1003 1 1 17.0587 17.0587 271 
3.68385 -5 -3.97874 0.197465 0.254112 0.455224 3.67149 22 483 3392 2748 1 0.0884852 0.0884852 11 
-4.2497 -5 -0.953542 0.259722 0.353089 0.064554 3.7061 22 484 4278 1 1 0.24269 0.24269 29 
-5 -1.50347 -2.22463 0.15638 0.345984 -0.046008 3.71243 22 485 18580 18350 1 0.542516 0.542516 39 
-5 4.46675 -3.29083 0.540005 0.184475 -0.0554899 3.68098 22 486 8187 7375 1 1.36432 1.36432 25 
-3.73979 -5 -1.83976 0.104705 2.55466 0.701683 3.69445 22 487 5824 5799 1 0.489836 0.489836 36 
3.62434 -5 -1.83065 0.158138 0.209425 0.282794 3.68682 22 488 43247 43187 1 0.0126831 0.0126831 11 
3.18205 -5 -1.24656 0.876344 0.704753 3.84647 3.67125 22 489 1113 1 1 60.9936 60.9936 671 
2.69074 -5 1.61662 -0.138738 0.148926 -0.348601 3.76121 22 490 6860 6859 1 0 0 3 
-5 -3.83423 -0.0070527 0.178446 0.0906024 -0.428003 4.32304 22 491 4642 4641 1 0.510451 0.510451 42 
-2.04306 -5 2.34088 1.08693 2.94181 4.58814 3.69214 22 492 1660 1419 1 0.0772524 0.0772524 6 
-3.23469 -5 2.31243 0.319846 0.434406 2.57498 3.67935 22 493 7954 7273 1 21.0464 21.0464 264 
-0.417735 -2.33558 -5 0.114076 0.166989 0.0521477 3.68349 22 494 7248 1 1 9.28672 9.28672 179 
2.96755 -4.82161 -5 0.495048 0.543077 2.25884 3.65855 22 495 4472 4287 1 7.30886 7.30886 71 
0.677953 -2.13745 5 0.704814 1.91184 -4.28674 4.94003 22 496 2151 2085 1 1.49514 1.49514 16 
-4.36065 -0.194731 -5 0.0706348 -0.0815635 0.211571 3.67109 22 497 1394 1353 1 170.16 170.16 1241 
-1.10021 -1.06156 5 0.0837595 0.407673 -0.29649 3.81356 22 498 10866 10865 1 2.38305 2.38305 40 
-0.760336 -3.16707 -5 11.9624 -29.5386 1593.48 3.65253 11 499 1 0 1 94.9701 94.9701 741 
-0.122029 -0.544484 -5 0.581827 0.0627874 0.466006 3.68454 22 500 14130 1 1 0 0 2 
-2.18322 4.18077 -5 24.9689 14.5229 93.7986 3.65513 11 501 1 0 1 18.9064 18.9064 382 
-4.86554 -4.41561 -5 -0.018074 19.2515 32.486 3.6585 -11 502 5929 5928 1 7.5365 7.5365 60 
1.2716 -5 -1.45215 0.215103 0.283762 0.797388 3.67021 22 503 1707 1 1 14.811 14.811 193 
-1.38827 -5 -4.49048 0.240608 0.114632 0.322467 3.66582 22 504 12880 1 1 10.9903 10.9903 203 
4.96804 -5 -2.05955 -2.8 9.13263 14.7417 3.66606 11 505 10943 9719 1 14.5856 14.5856 252 
-2.87116 -0.10444 5 0.349311 0.17896 -0.327224 3.80481 22 506 14234 14233 1 0.240362 0.240362 49 
1.19184 -5 -3.99744 0.110262 0.178844 -0.0472559 3.72687 22 507 11677 11676 1 0.505757 0.505757 11 
-0.247079 4.74881 5 0.11375 0.0962014 -0.0735234 3.85745 22 508 6444 6410 1 0.694225 0.694225 26 
2.62758 -3.80979 -5 0.188193 -0.00716816 0.177437 3.67297 22 509 6908 6781 1 3.74301 3.74301 87 
-5 4.46873 -4.34175 0.750424 -1.80753 0.242909 3.74531 22 510 6142 6117 1 0.749834 0.749834 29 
5 -4.67912 4.69332 -0.373364 0.116667 0.328797 4.05332 22 511 6918 6917 1 1.39818 1.39818 26 
-2.59961 4.19318 5 -0.0330721 -0.0376561 -0.198861 3.79738 22 512 8696 7993 1 0.204622 0.204622 34 
-2.12325 1.98072 -5 0.200789 0.564629 0.377705 3.70981 22 513 8911 8765 1 0.500895 0.500895 22 
3.91729 5 -1.38373 0.127929 -0.24497 -0.279808 4.4099 22 514 14494 14492 1 0 0 3 
-0.453753 1.62069 5 0.145043 0.224205 -0.171992 3.75769 22 515 2421 2420 1 5.64923 5.64923 118 
0.61525 -5 -0.85497 0.0358572 0.130092 0.00673102 3.68215 22 516 1853 1852 1 105.331 105.331 902 
4.91489 3.2891 -5 1.26764 2.75731 3.13812 3.67938 22 517 4615 4533 1 1.82036 1.82036 107 
4.10079 -5 -2.94725 0.392941 0.311119 0.0996124 3.68476 22 518 2393 2366 1 22.9402 22.9402 175 
-5 2.62682 3.26476 0.762578 1.96041 -1.23091 3.73584 22 519 4503 4456 1 16.6061 16.6061 212 
-2.53755 -1.35901 -5 0.614322 0.521381 0.792717 3.67471 22 520 1307 1 1 0.188809 0.188809 11 
-5 4.38823 1.23211 0.347507 0.3746 -0.00583596 3.77596 22 521 9103 9102 1 0 0 2 
-5 -4.62183 0.215137 0.30117 -0.0474584 0.410078 3.69887 22 522 12711 12667 1 0.701807 0.701807 11 
-1.37579 -2.85582 5 -0.0322604 0.0556462 -0.506935 4.02811 22 523 8615 8614 1 2.96235 2.96235 12 
-5 -2.28993 -0.981648 2.41779 3.50482 3.5694 3.71554 22 524 22095 22094 1 3.02506 3.02506 44 
4.7329 2.36799 -5 -4.35298e-05 0.646823 0.496961 3.67979 22 525 3208 3110 1 0.233511 0.233511 34 
-0.771221 -5 1.698 0.384284 0.0352779 0.0264398 3.70104 22 526 12199 12197 1 11.3488 11.3488 108 
-0.975101 -0.20227 -5 -1.82597 -2.4196 22.9328 3.65508 11 527 1 0 1 116.746 116.746 1051 
0.784819 -2.59896 5 -0.0486487 0.15676 -0.483921 3.78569 22 528 6321 6294 1 5.88618 5.88618 83 
4.26457 -4.37521 5 0.0379246 0.0302279 -0.508692 4.26649 22 529 4358 4356 1 4.09019 4.09019 62 
-1.02128 4.51061 5 0.365064 0.300425 -0.193889 3.77733 22 530 1294 1293 1 0.562127 0.562127 10 
-4.99897 4.35113 -5 0.572964 1.1428 2.67209 3.67102 22 531 2755 2733 1 1.78191 1.78191 59 
-3.19207 -4.66224 5 -0.154431 0.16794 -0.269171 3.76874 22 532 6630 6629 1 1.09986 1.09986 108 
-5 2.72116 1.64017 0.289379 0.368425 0.688334 3.68497 22 533 1773 1 1 0.805883 0.805883 24 
-0.823703 -5 -2.86519 -0.172056 0.216231 0.104902 3.68589 22 534 1634 1633 1 2.17394 2.17394 64 
-4.21413 -5 -0.940681 -0.0340099 0.408976 0.140235 3.68691 22 535 4650 4648 1 1.21856 1.21856 41 
1.22122 -5 0.628105 0.0696518 0.172569 -0.0857413 3.78977 22 536 7819 7646 1 0.011264 0.011264 6 
-5 3.56636 -4.58673 0.399873 0.0943557 0.277866 3.71097 22 537 2352 2350 1 0.782781 0.782781 99 
-5 -2.36652 2.58418 0.0981807 -0.030809 -0.101151 3.88726 22 538 10843 10811 1 0.860238 0.860238 47 
0.995646 0.266004 5 1.71211 1.11823 -4.96297 4.0141 22 539 22940 22843 1 0 0 3 
-1.6163 -5 -1.21669 0.214356 0.103641 -0.399124 4.16584 22 540 3701 3697 1 3.04952 3.04952 58 
-3.71494 -2.57314 -5 -0.0798344 0.172328 0.474394 3.68151 22 541 3851 3828 1 6.21517 6.21517 133 
-1.10386 0.0834427 5 0.12591 -0.0995221 -0.211924 4.01245 22 542 5677 5657 1 15.2934 15.2934 213 
-3.68741 -0.774772 5 0.450879 0.127175 -0.204095 3.73568 22 543 7386 7358 1 7.21854 7.21854 58 
-5 0.177332 -0.5717 0.15733 0.360439 0.182003 3.71637 22 544 8633 8632 1 0.903802 0.903802 60 
-1.14992 -3.80257 -5 0.331012 0.230067 0.314039 3.67669 22 545 5761 5760 1 0 0 4 
-5 -4.38158 0.0631555 0.438091 0.0410222 0.650229 3.70074 22 546 5596 5441 1 0.11847 0.11847 5 
-0.842112 -5 -1.63514 0.225302 0.376925 0.135925 3.69613 22 547 1039 1 1 4.82322 4.82322 101 
-3.22978 -5 -2.33672 -0.492263 0.278874 0.242498 3.76196 22 548 4713 4686 1 0.179077 0.179077 12 
2.06258 0.0409115 5 0.187055 -0.00227905 -0.475526 3.96059 22 549 9162 9161 1 16.728 16.728 277 
0.347344 -5 2.10331 0.927499 1.28919 1.02714 3.7101 22 550 19527 19451 1 2.71042 2.71042 53 
2.69413 -3.22755 5 0.175314 0.270333 -0.122732 3.75711 22 551 12388 12332 1 0.0865242 0.0865242 14 
4.18735 0.199529 -5 4.67187 0.047152 6.53399 3.67852 22 552 1577 1533 1 9.05379 9.05379 148 
4.92067 -5 2.06545 1.19569 1.02933 -0.355173 3.75683 22 553 3232 3231 1 2.85707 2.85707 81 
-4.67818 -0.352782 -5 1.75966 1.79796 7.9837 3.66306 22 554 1413 1 1 0 0 1 
-5 0.148926 -0.384991 0.133005 0.162902 0.204727 3.69252 22 555 8260 8166 1 0.176247 0.176247 8 
-1.00582 -1.91263 -5 0.600732 0.245088 0.93309 3.66481 22 556 3749 1 1 1.33233 1.33233 24 
-2.50611 -3.18017 5 0.210179 0.189306 -0.615747 3.99974 22 557 4446 4445 1 0.279693 0.279693 16 
-4.97217 3.60685 -5 -1.63821 0.268619 25.6501 3.65294 22 558 1520 1 1 125.599 125.599 1089 
-0.858273 -5 2.13647 0.268497 0.935531 -0.874334 3.75765 22 559 5800 5799 1 0.903995 0.903995 40 
-4.62772 3.03637 -5 -0.0028102 0.319624 0.287939 3.70994 22 560 11417 11396 1 4.22689 4.22689 60 
-4.57343 -5 -4.45037 0.0167195 0.312766 -0.403755 3.75675 22 561 10856 10854 1 0.921515 0.921515 58 
-4.73073 4.80551 -5 0.0559557 0.755337 1.05194 3.67129 22 562 8136 8016 1 7.15374 7.15374 232 
-2.247 -4.50305 -5 0.130782 -0.0985809 0.121405 3.67078 22 563 1546 1545 1 13.0367 13.0367 217 
-4.54832 4.21676 5 0.0836859 0.192983 -0.465697 3.88399 22 564 2908 2892 1 5.1099 5.1099 90 
-0.538959 -5 0.0713184 0.187618 0.124336 -0.293297 3.98845 22 565 9627 9623 1 3.23499 3.23499 90 
-5 -0.463431 1.55369 0.401769 0.262921 0.174855 3.76481 22 566 5396 5393 1 0.166921 0.166921 27 
1.78803 -2.48561 5 0.444793 0.143784 -0.20641 3.76349 22 567 1817 1816 1 5.37828 5.37828 83 
1.90619 1.42774 5 0.203494 0.130002 -0.522558 4.01791 22 568 6151 6011 1 1.37999 1.37999 96 
-0.996738 -5 -1.43075 -0.125599 0.118092 -0.131506 3.70143 22 569 11335 11070 1 0.488592 0.488592 58 
-2.78362 -5 0.430264 1.974 3.41632 1.73418 3.67504 11 570 1 0 1 34.4514 34.4514 311 
-1.91176 3.87225 -5 0.0369018 0.182656 0.415431 3.66226 22 571 1166 1 1 11.5396 11.5396 225 
-0.507382 5 -0.620254 0.194912 -0.109309 0.0549377 3.79542 22 572 1433 1278 1 11.6522 11.6522 101 
-1.86441 -5 0.73484 0.330208 0.241384 -0.306294 3.83237 22 573 6739 6735 1 8.75446 8.75446 111 
-1.00366 -3.44191 5 0.058147 -0.0399304 -0.168708 3.74161 22 574 1342 1294 1 6.98592 6.98592 57 
-5 -0.86777 0.427665 0.241471 0.105259 -0.0746924 3.7875 22 575 3355 3286 1 0 0 5 
-3.14204 -5 1.95117 1.08838 1.14009 8.51199 3.67829 22 576 6455 6019 1 12.1492 12.1492 123 
-2.229 -4.61935 -5 0.0856417 -0.114807 2.68337 3.6528 22 577 1539 1 1 84.7857 84.7857 696 
-5 -1.03453 3.74722 0.696082 0.310865 1.59386 3.68753 22 578 3636 3555 1 0.964302 0.964302 32 
2.13175 3.15024 5 0.667689 0.165754 -2.33591 4.01336 22 579 9728 9670 1 11.8763 11.8763 149 
-1.86406 -4.55562 -5 0.0732254 0.0122601 1.13813 3.65295 22 580 1386 1 1 68.5594 68.5594 477 
-1.52069 -2.17806 -5 0.0107446 0.0205131 0.402922 3.65413 22 581 1275 1 1 176.881 176.881 1545 
-2.0138 -5 -0.983831 -0.10816 0.188959 -0.102826 3.73563 22 582 1435 1 1 0.751142 0.751142 45 
-1.22681 0.947522 5 0.0610653 0.491409 -0.126126 3.74287 22 583 2744 2717 1 1.98592 1.98592 176 
2.05819 -1.1498 5 0.228926 0.378828 -0.255346 3.82258 22 584 7314 7313 1 1.08113 1.08113 62 
-5 -1.21566 -3.3249 0.292562 0.103661 -0.00328567 3.69579 22 585 10278 10277 1 7.31564 7.31564 94 
0.588687 -4.17037 -5 0.762282 -0.446805 0.493336 3.68748 22 586 8106 8003 1 15.7807 15.7807 127 
-4.94538 1.69351 -5 0.207897 0.249657 0.201941 3.70223 22 587 3781 3780 1 1.13291 1.13291 75 
0.31636 -3.12493 5 0.406587 -0.137349 -0.437608 3.83428 22 588 6816 6815 1 1.06477 1.06477 43 
-0.602078 -5 3.72995 0.350707 0.362946 0.865505 3.69943 22 589 5737 5602 1 0.297218 0.297218 16 
-5 1.0249 -1.40536 0.262551 0.244311 -0.364004 3.69956 22 590 4975 4944 1 17.8246 17.8246 270 
-5 -3.52819 1.01941 0.0413755 0.23019 0.106225 3.69015 22 591 4902 4901 1 1.92151 1.92151 126 
2.84516 -5 2.38501 -0.390048 7.7436 4.23532 3.6815 -11 592 1341 1340 1 16.1889 16.1889 151 
2.08215 -2.54716 5 0.0737862 0.152108 -0.182106 3.78389 22 593 1898 1257 1 0.92051 0.92051 35 
-4.2403 -5 -4.99084 8.09185 16.7287 3.08826 3.65401 11 594 1 0 1 25.9556 25.9556 137 
-0.345106 -5 -1.07705 0.113762 0.492998 -0.0716346 3.70662 22 595 4883 4854 1 0.198065 0.198065 23 
-1.62786 -5 -3.99222 1.26493 7.09929 3.49412 3.67374 -11 596 8667 8666 1 2.5987 2.5987 41 
-2.00916 -2.12864 5 -0.173013 -0.144004 -0.225845 4.36521 22 597 40883 40881 1 0 0 4 
-4.84627 -5 4.83839 -0.0457149 0.155311 -0.016915 3.72002 22 598 18423 18422 1 0.236895 0.236895 70 
2.92126 -3.71735 -5 2.20904 0.44207 1.96269 3.67341 22 599 1020 1 1 40.1549 40.1549 412 
0.433816 -5 -3.0208 0.215964 0.332221 1.16471 3.66945 22 600 9682 9557 1 0 0 3 
-5 -4.73974 0.190434 0.320304 -0.239162 -0.318319 3.73961 22 601 8995 8994 1 6.65607 6.65607 178 
-0.794422 -3.32948 5 0.560642 -0.0911058 -0.0352185 3.78767 22 602 2175 2160 1 0.509554 0.509554 20 
-5 -1.0035 3.14159 0.342865 0.164532 -0.34131 3.74503 22 603 8320 8318 1 6.45798 6.45798 131 
-5 -2.01819 2.34047 2.55204 3.03757 1.05392 3.70303 22 604 5312 5311 1 0 0 9 
-1.4307 -2.92836 5 0.549232 0.0442588 -0.590529 3.91311 22 605 20618 20530 1 0.0636696 0.0636696 5 
0.858176 0.27195 5 0.1349 -0.0719728 -0.487588 3.9879 22 606 4423 4422 1 36.2005 36.2005 244 
-5 -0.379895 -4.01956 0.197787 0.448789 0.143487 3.7109 22 607 12851 12850 1 0 0 11 
-2.97289 -3.41163 -5 -2.99887 2.617 57.8711 3.65346 11 608 1 0 1 50.7361 50.7361 398 
-5 -3.0407 4.87244 0.295794 0.0199812 -0.416205 3.73592 22 609 2723 2722 1 4.7139 4.7139 123 
-4.23552 -4.79964 -5 7.10908 0.0391256 6.6293 3.66564 22 610 16042 15922 1 13.4446 13.4446 76 
4.1389 5 -2.13146 0.10061 -1.27191 -0.731721 3.89629 22 611 1294 1293 1 42.847 42.847 513 
-1.33071 -5 1.75449 0.00380485 0.477143 0.182865 3.70505 22 612 4183 4182 1 13.0926 13.0926 112 
-2.68912 -3.42214 -5 0.14453 -0.0563441 1.30809 3.65368 22 613 2042 1 1 21.3609 21.3609 214 
-5 -3.11689 -2.64211 0.379247 0.0937912 -0.329386 3.74074 22 614 6608 6607 1 0 0 8 
-5 3.90782 -0.130872 0.289643 0.419679 0.033112 3.70008 22 615 18342 18341 1 3.64039 3.64039 16 
-2.52807 -5 -2.41112 0.188287 0.961793 0.399498 3.68175 22 616 8673 8524 1 12.9614 12.9614 75 
-2.24432 -5 -0.64795 1.049 0.0106091 3.32392 3.67068 22 617 1119 1 1 17.657 17.657 235 
-5 -4.17748 0.205429 2.26656 -2.11775 1.71145 3.70119 11 618 2600 2585 1 5.93279 5.93279 68 
-2.48912 2.6243 5 0.104362 0.270642 -0.420692 3.92948 22 619 8078 8042 1 3.09095 3.09095 74 
-4.91995 2.99574 -5 -0.317357 2.9361 2.81316 3.68372 22 620 3154 3153 1 5.90542 5.90542 43 
4.89093 -4.39066 5 -0.130133 -0.131416 -0.342249 4.23554 22 621 1723 1721 1 25.1559 25.1559 348 
-5 -1.9865 -4.5949 0.57824 0.253594 2.33854 3.65731 22 622 15531 15410 1 2.56865 2.56865 112 
-5 -2.09973 -3.5369 0.244009 0.37581 -0.0331586 3.67725 22 623 10288 9953 1 21.1016 21.1016 254 
0.0563479 2.11627 -5 0.650233 -0.11539 0.473092 3.68084 22 624 1390 1201 1 0.316666 0.316666 6 
0.635698 -5 -2.42679 -3.54363 1.62949 -3.31335 3.68582 11 625 6950 6945 1 13.5073 13.5073 222 
-1.01861 0.920307 -5 0.175456 0.25515 0.0873811 3.68008 22 626 2841 1731 1 10.7636 10.7636 104 
-4.90905 -4.15128 -5 -0.0531926 0.0788749 0.54384 3.65541 22 627 2963 2941 1 146.557 146.557 1374 
-5 -1.11408 1.79796 0.415453 -0.10804 0.0671631 3.69734 22 628 1256 1050 1 1.53392 1.53392 51 
-1.16858 4.33564 5 0.0455175 0.0154384 -0.235728 3.94037 22 629 3738 3694 1 11.2345 11.2345 245 
-2.93849 -3.81925 -5 -0.14215 2.38213 26.5745 3.65419 11 630 1 0 1 33.6004 33.6004 400 
-3.56141 -5 3.79001 -0.0456675 0.295469 0.265421 3.69783 22 631 1714 1564 1 1.32303 1.32303 31 
3.45887 -5 3.46222 0.319583 0.103847 0.370405 3.71132 22 632 13945 13916 1 1.59124 1.59124 6 
-0.315767 2.13513 -5 1.39896 5.44006 51.7052 3.65304 22 633 1404 1321 1 159.07 159.07 1373 
4.54618 -5 2.61582 0.573043 0.407044 -0.0560953 3.70808 22 634 2286 2285 1 10.4105 10.4105 159 
-4.91995 -5 4.27291 0.788956 1.17204 -1.41307 3.71044 22 635 4762 4727 1 20.8276 20.8276 204 
-5 1.98078 0.0998817 0.393384 0.183359 -0.0753293 3.82159 22 636 2665 2597 1 5.63732 5.63732 91 
0.884909 -5 -1.5422 0.436674 0.163796 0.208822 3.69659 22 637 10642 10616 1 3.88395 3.88395 59 
1.32494 2.90377 5 0.16126 0.255168 -0.606136 3.96977 22 639 6757 6756 1 0.238641 0.238641 24 
-0.148852 -4.39779 -5 -0.0472907 -0.0157506 0.391248 3.72648 22 640 36523 36522 1 0.203831 0.203831 2 
-5 4.11875 0.646851 0.221409 0.450538 0.0954653 3.7268 22 641 7200 7199 1 0 0 10 
-5 -4.83892 -1.52278 0.135728 0.540685 0.653717 3.66633 22 642 4662 1 1 29.3618 29.3618 355 
-5 -3.07457 -1.55906 0.186498 -0.0321219 0.224279 3.66608 22 643 2238 2237 1 40.0144 40.0144 558 
-2.89965 3.76801 -5 17.5397 5.50525 478.642 3.65267 22 644 1034 1 1 31.7797 31.7797 383 
0.91697 -4.47562 -5 -15.2447 0.440434 289.782 3.65259 11 645 1 0 1 86.4733 86.4733 735 
-1.07336 -2.72939 5 -0.0664352 0.269606 -0.130425 3.76507 22 646 11202 11201 1 1.69082 1.69082 15 
-5 2.29514 -0.884136 0.123907 0.166169 -0.130484 3.7485 22 647 2951 1 1 0.00909207 0.00909207 14 
-5 0.313909 4.26616 0.416664 0.551208 -0.298575 4.76951 22 648 19238 19188 1 1.0377 1.0377 61 
-5 -3.28226 1.79301 0.225397 -0.0883581 -0.0392036 3.72764 22 649 1569 1 1 5.03182 5.03182 96 
-5 -4.37639 -2.46463 0.23224 0.439966 0.116682 3.69517 22 650 4697 4696 1 6.03382 6.03382 111 
-1.12115 -3.7825 -5 0.612093 0.247783 0.534355 3.68221 22 651 13961 13960 1 0.0302099 0.0302099 18 
0.199881 -5 0.591597 0.272138 0.115505 -0.256802 3.82985 22 652 14461 14460 1 10.5709 10.5709 37 
3.87071 -3.02951 -5 9.54629 1.99798 1.10771 3.69544 22 653 23516 23515 1 0.0908342 0.0908342 21 
-1.19771 -3.5315 -5 0.678623 0.0443435 0.78365 3.67754 22 654 5048 1 1 0 0 4 
-0.973837 5 4.98262 0.113771 -0.0773438 -0.697601 4.18814 22 655 4714 4691 1 12.975 12.975 160 
-3.63143 -4.91737 5 1.92029 0.813204 -1.24694 3.73452 22 656 12334 12332 1 0.475089 0.475089 46 
-4.27272 -5 -3.57765 0.189805 0.224393 0.439318 3.66601 22 658 9956 9619 1 9.73785 9.73785 141 
-3.09213 3.4445 -5 0.00923819 0.00404198 0.681209 3.65255 22 659 1183 1 1 150.75 150.75 1121 
5 -1.46219 0.229626 -0.424732 -0.283741 0.0145994 4.00098 22 660 10265 10262 1 7.06426 7.06426 170 
-3.88911 -5 0.792128 -0.136899 0.18355 -0.11344 3.7714 22 661 19218 19133 1 0.354863 0.354863 24 
-4.51774 -2.67689 5 0.0178702 0.115299 -0.334448 4.14835 22 662 9039 9012 1 4.86446 4.86446 69 
-4.43636 -5 -0.406264 -0.308607 0.287588 0.2884 3.69002 22 663 3168 3167 1 1.26612 1.26612 19 
-0.250739 -4.08666 -5 0.273165 0.324512 1.00511 3.66957 22 664 6781 6718 1 6.15873 6.15873 94 
-0.782497 -0.117237 -5 0.200001 0.245707 0.400933 3.66818 22 665 3109 3068 1 6.63148 6.63148 74 
-5 0.476365 -3.83346 0.0746004 0.201208 -0.148092 3.69224 22 666 9866 9413 1 19.5424 19.5424 227 
-5 2.02759 1.49481 0.0261674 0.00744811 -0.0121127 3.99613 22 667 8156 8145 1 0.464679 0.464679 22 
-4.93597 -5 -3.88358 0.0939038 0.237678 -0.335723 3.81689 22 668 6450 6449 1 7.71397 7.71397 113 
-4.51424 -5 3.24035 3.68504 5.9169 -3.67727 3.69532 -11 669 12662 12661 1 7.23108 7.23108 48 
-5 1.45681 4.28363 2.34549 1.94492 9.08243 3.70363 22 670 1002 1 1 0.0294533 0.0294533 21 
-5 4.71117 4.53977 0.633645 0.838052 1.5566 3.69828 22 671 18661 18639 1 7.11093 7.11093 59 
1.55822 -5 -0.510155 0.229199 0.317617 -0.0260363 3.71192 22 672 2049 1 1 1.18944 1.18944 57 
-3.07547 3.33561 -5 0.529374 0.176385 2.00452 3.66413 22 673 4242 4241 1 0.917513 0.917513 48 
1.2834 2.13907 -5 0.675687 1.284 3.65578 3.66937 22 674 20025 19945 1 0.677053 0.677053 27 
-3.22956 -5 -4.03783 0.136825 0.269255 0.512142 3.68266 22 675 4963 4840 1 0.192531 0.192531 40 
-5 -3.75638 -1.93048 12.7282 -4.74109 39.1291 3.66482 11 676 1 0 1 23.3475 23.3475 141 
1.91541 -0.916371 5 0.171808 0.070095 -0.474542 4.21662 22 677 11237 11223 1 0.37507 0.37507 44 
2.55126 -3.14884 5 0.175964 0.0178505 -0.315131 3.83947 22 678 9054 8906 1 1.77531 1.77531 15 
-5 4.07367 4.62983 0.103553 -0.0963243 -0.491038 4.00847 22 679 1896 1895 1 3.60388 3.60388 72 
-0.0257053 4.22169 -5 7.11601 15.6483 14.3224 3.66591 -11 680 13749 13748 1 34.127 34.127 387 
-4.9444 -5 -4.80474 1.35736 0.127323 0.408453 3.70711 22 681 13109 13108 1 0 0 2 
-1.11198 -1.00115 5 0.101274 0.157073 -0.0121435 3.72892 22 682 9407 9406 1 10.303 10.303 53 
-3.62057 -2.65781 5 -0.0223341 0.0667863 -0.432368 3.9153 22 683 30581 30580 1 0.00195158 0.00195158 4 
5 -0.987692 2.55655 -0.233398 0.236638 -0.168016 3.79095 22 684 3799 3775 1 1.23875 1.23875 60 
-5 -4.96133 1.74011 5.12762 -2.54741 5.83494 3.67671 -11 685 1270 1269 1 16.9389 16.9389 55 
-0.400441 -5 -3.40551 -0.0451723 0.483272 -0.159774 3.77125 22 686 4710 4709 1 0.53058 0.53058 49 
1.0037 1.90517 5 0.0482342 0.0858759 -0.272233 3.82032 22 687 2174 1 1 9.83515 9.83515 66 
2.15633 1.6901 -5 0.451753 0.308376 0.388312 3.67296 22 688 11064 10804 1 3.4978 3.4978 42 
-5 -3.0578 -3.10657 0.918566 0.397707 4.24828 3.66111 22 689 2034 1902 1 0.710463 0.710463 15 
1.01511 -5 -0.022986 0.164248 1.07293 33.054 3.6692 22 690 3278 1 1 52.6435 52.6435 684 
-5 -2.92622 -4.97463 0.112928 0.160024 -0.847344 3.89015 22 691 9121 9119 1 3.44392 3.44392 18 
-5 -4.5526 -4.24236 0.453198 0.187311 0.143689 3.69304 22 692 3685 3657 1 0.510907 0.510907 16 
-2.64756 -5 -1.20734 -0.112434 0.0920869 0.275865 3.72099 11 693 1473 1451 1 0.0857806 0.0857806 4 
4.16623 -5 2.88158 0.137692 0.248544 0.42472 3.71687 22 694 2651 2618 1 10.6886 10.6886 180 
-5 -4.66319 -3.30335 0.157655 0.138982 0.0290175 3.67581 22 695 1083 1082 1 13.1554 13.1554 105 
-2.53472 5 0.904521 -0.157751 -0.130012 0.198007 3.698 22 696 5690 1 1 0.740353 0.740353 53 
1.47564 -5 -1.05599 2.33722 3.00652 0.109935 3.7349 22 697 23912 23911 1 0 0 3 
-4.65108 -5 0.245711 0.00369878 0.136843 -0.111856 3.73455 22 698 7263 7262 1 3.60988 3.60988 112 
-5 -4.40695 2.75061 1.44267 0.533638 0.0152533 3.70605 22 699 4963 4962 1 20.8064 20.8064 150 
-4.90611 0.487454 5 0.131216 0.177321 -0.299092 3.86153 22 700 4945 4885 1 22.7717 22.7717 277 
-3.66636 -2.33144 -5 0.789746 -2.21725 86.4905 3.65259 22 701 1175 1 1 120.856 120.856 777 
-0.864817 -3.40052 -5 12.4681 1.86497 105.115 3.6542 22 702 1339 1 1 8.996 8.996 129 
-5 -4.84248 -1.62534 0.329309 -0.113326 -0.373942 3.78672 22 703 1537 1536 1 19.0156 19.0156 214 
-5 2.36898 -4.33486 0.692451 1.03171 2.12249 3.67313 22 704 8255 8159 1 2.0004 2.0004 36 
-5 0.997684 -0.82341 0.506391 0.0567109 0.0383631 3.70894 22 705 5659 5658 1 2.78251 2.78251 58 
-5 -4.09971 4.16274 0.428797 0.213256 0.246973 3.69618 22 706 10909 10258 1 0.148129 0.148129 21 
2.55302 -5 0.389016 -0.125191 -0.157893 -0.124228 3.72887 11 707 4554 4523 1 3.49421 3.49421 98 
-4.39227 0.711949 -5 -2.10357 0.615719 69.7678 3.65258 11 708 1 0 1 89.5333 89.5333 886 
-2.30404 -5 -0.168862 0.511272 0.397071 -0.369432 3.74722 22 709 1625 1576 1 0.39511 0.39511 38 
-5 -3.94346 -1.70281 0.755827 0.51966 0.217969 3.70542 22 710 11408 11407 1 3.76149 3.76149 26 
-3.69515 -5 2.93263 1.16531 7.74599 3.08899 3.69739 -11 711 2849 2848 1 8.76826 8.76826 189 
-1.62764 -5 3.36833 0.309727 0.43717 0.00824236 4.69357 22 712 2613 2612 1 24.719 24.719 210 
-5 -1.85692 -3.18319 0.495381 0.179528 0.797534 3.67853 22 713 2910 1474 1 0 0 2 
3.59144 -5 -3.16874 -0.0114613 0.321234 0.397237 3.70244 22 714 1927 1905 1 1.64126 1.64126 12 
-5 -1.44059 -2.49892 1.0505 -0.47439 -0.105322 3.72938 22 715 1377 1375 1 1.28639 1.28639 40 
4.57822 -5 -1.37909 0.300365 0.184484 -0.369955 3.92865 22 716 5683 5665 1 0 0 6 
1.25616 -4.89699 -5 1.23341 0.508248 3.02845 3.65787 22 717 2996 2974 1 14.3303 14.3303 264 
-0.537893 -2.39323 5 0.326459 0.0869554 -0.32951 3.77502 22 718 3612 3611 1 6.14892 6.14892 82 
2.07496 -5 -4.38692 0.156058 0.211108 0.438405 3.67245 22 719 11383 11382 1 0.309759 0.309759 27 
-5 -4.30168 0.601534 0.381717 0.291994 0.173642 3.73506 22 720 4363 4361 1 0.219191 0.219191 29 
-5 -4.6916 1.95804 0.0703171 0.505235 0.0302188 3.68466 22 721 1396 1394 1 76.9702 76.9702 659 
-5 4.54695 1.8381 0.407868 0.0603845 0.228637 3.71214 22 722 4312 4309 1 3.85285 3.85285 80 
-0.270067 1.65067 5 0.336649 0.0809884 -0.654824 3.86219 22 723 32396 32395 1 0 0 2 
-3.38919 -4.72855 -5 -2.19789 1.69986 9.53639 3.65741 22 724 1029 1 1 3.74698 3.74698 21 
-1.7404 -5 4.84087 1.37388 1.25946 3.48033 3.68862 22 725 2995 1 1 30.942 30.942 272 
-0.0495481 0.616356 5 0.156477 0.0953347 -0.14284 3.77015 22 726 28369 28329 1 0.162359 0.162359 20 
-0.743387 -4.98108 -5 5.07527 1.86488 4.24722 3.65618 11 727 1679 1662 1 13.2498 13.2498 201 
-0.9348 -4.3578 -5 0.174451 0.0317885 0.212846 3.68565 22 728 3179 3088 1 0.64242 0.64242 39 
-5 -2.19864 -1.39824 0.878888 0.505929 -0.392783 3.75834 22 729 12483 12482 1 0.807346 0.807346 26 
2.04193 -5 2.45464 0.0870206 0.174053 -0.160346 3.94304 22 730 9575 9574 1 3.31734 3.31734 47 
-5 2.6416 2.38285 1.32355 0.260259 4.1871 3.68432 22 731 17781 17720 1 0.174667 0.174667 10 
-3.66235 -3.19514 5 0.0796763 0.284277 -0.46462 3.98511 22 732 10608 10498 1 0.76872 0.76872 67 
-4.27478 2.2152 5 0.017942 0.268297 -0.438812 3.9997 22 733 2499 2498 1 0.911815 0.911815 70 
-2.37539 -3.48484 5 0.554844 0.385763 -0.942626 3.88099 22 734 24706 24656 1 0 0 4 
-5 -2.43644 -0.870883 0.217827 0.226842 0.141936 3.68333 22 735 1907 1 1 7.08558 7.08558 232 
-4.95067 -5 -2.28515 -0.0936295 0.19943 -0.0666964 3.70038 22 736 5805 5759 1 2.8499 2.8499 73 
-4.44472 -4.45334 -5 0.333176 -0.0588638 0.410757 3.65938 22 737 2530 2243 1 0.172004 0.172004 43 
4.43701 -5 1.30922 0.180193 0.475358 -0.0518237 3.73732 22 738 9019 9018 1 7.8475 7.8475 77 
-5 -3.9516 1.3136 0.434117 0.385123 0.357469 3.69092 22 739 2061 1999 1 7.88725 7.88725 174 
-5 -4.63491 -2.2287 0.0786547 0.23385 -0.0755155 3.69454 22 740 2549 1 1 14.6551 14.6551 161 
1.32917 -3.39397 5 0.21727 0.0936083 -0.114592 3.73686 22 741 6545 6544 1 4.82301 4.82301 43 
-3.59058 -5 -0.463694 8.67329 0.346603 9.54246 3.66974 11 742 1 0 1 29.1888 29.1888 288 
-5 -1.03113 2.23511 0.301631 0.106341 0.398535 3.70367 22 743 7569 7567 1 2.22911 2.22911 128 
4.68458 3.11904 -5 0.62213 0.445417 2.49956 3.66252 22 744 6006 5913 1 0.591605 0.591605 6 
0.51995 -5 3.51847 -0.0807758 0.451611 0.225039 3.69862 22 745 3990 3989 1 7.85516 7.85516 114 
-2.66772 -5 1.04155 0.164576 0.433106 -0.215532 3.89998 22 746 13584 13583 1 0 0 4 
-5 -1.16398 2.62288 4.13357 4.88872 7.1859 3.69797 22 747 6204 5864 1 0.851154 0.851154 27 
-5 -4.8137 -2.17558 0.437488 0.253392 -0.0742772 3.6936 22 748 2809 2808 1 7.34456 7.34456 120 
-0.840515 -3.14795 -5 0.399109 0.421726 1.1212 3.66138 22 749 10976 1 1 15.3887 15.3887 183 
3.20946 -5 -2.80457 0.144078 0.226425 -0.434848 3.96914 22 750 2765 2764 1 0 0 4 
2.92767 -1.84562 -5 0.0992855 0.332416 0.272138 3.66799 22 751 2599 2549 1 5.39347 5.39347 109 
-5 1.91401 2.46143 0.242334 0.372184 -0.0175336 3.71662 22 752 9600 9560 1 6.53249 6.53249 48 
1.1303 -5 4.50561 0.033081 0.500249 0.0988762 3.75097 22 753 5477 5475 1 5.23725 5.23725 105 
-1.77642 -0.447866 -5 0.089943 0.0706568 0.947717 3.65395 22 754 4789 4676 1 9.01002 9.01002 67 
-5 -0.191545 4.8105 0.101572 0.201784 -0.0460558 3.71314 22 755 1221 1 1 28.5419 28.5419 238 
-4.78282 -4.8089 5 0.345037 -0.166079 -0.33836 3.74123 22 756 1898 1897 1 6.98166 6.98166 86 
-3.04109 -5 0.696472 3.80018 5.72681 14.8266 3.68134 -11 757 4539 4538 1 2.85066 2.85066 99 
-5 -0.613921 -2.35655 0.187683 0.191276 -0.103235 3.72931 22 758 1857 1 1 0.920434 0.920434 92 
-0.311703 -5 0.632522 0.160406 0.314122 0.156085 3.77158 22 759 15016 14955 1 0.162439 0.162439 9 
-4.23094 -2.657 -5 0.0171865 0.337747 1.75048 3.65563 22 760 2478 2042 1 14.0805 14.0805 196 
-5 0.483904 3.34443 0.343393 0.213461 -0.312467 3.84239 22 761 26919 26918 1 0 0 1 
-5 3.96505 3.9841 0.321386 0.1544 0.0967438 3.71896 22 763 2353 1572 1 18.7331 18.7331 210 
-5 1.11071 2.90201 0.360487 0.358994 -0.0478789 3.76249 22 764 4767 4739 1 3.75655 3.75655 72 
3.73271 -0.046196 5 0.189961 0.233563 -0.412896 3.96497 22 765 16988 16985 1 0.334213 0.334213 5 
-1.90377 -5 -2.13335 0.131087 0.593049 2.0174 3.66487 22 766 6756 6752 1 11.5959 11.5959 211 
-3.04865 -5 0.405379 0.182237 0.250594 -0.40634 3.76707 22 767 3487 3486 1 2.67275 2.67275 80 
-1.65078 -2.8188 5 0.299008 0.0087842 -0.414291 3.7647 22 768 6793 6792 1 4.15024 4.15024 70 
-3.1062 -2.7337 -5 0.017058 0.0778836 0.438803 3.6607 22 769 7093 7092 1 18.431 18.431 371 
0.712516 2.02053 -5 2.14698 2.82374 8.50162 3.67095 22 770 7071 6976 1 0.890417 0.890417 42 
-5 -1.64454 -4.46212 0.319053 0.151444 0.0251925 3.68863 22 771 4064 4019 1 3.52883 3.52883 74 
-5 -0.325244 0.752186 0.410839 -0.0769282 -0.293962 3.8426 22 772 2514 2513 1 1.76706 1.76706 47 
-4.6496 -1.0072 -5 4.77323 -5.27043 56.9894 3.65333 22 773 2634 2538 1 48.1125 48.1125 492 
0.217714 -5 -4.01669 4.48465 2.15696 -1.60737 3.67283 11 774 4725 4723 1 15.819 15.819 160 
2.34216 -1.8431 -5 0.1015 0.0916611 0.644696 3.65672 22 775 6959 6763 1 5.35722 5.35722 82 
4.93157 -3.47924 -5 -0.0057559 0.0123939 0.0264611 3.71514 22 776 3618 3602 1 0.717986 0.717986 66 
-5 -4.01723 0.894146 2.45014 0.959748 2.64858 3.75182 11 777 1 0 1 7.24979 7.24979 76 
4.90965 0.114812 5 0.692606 -0.0403948 -0.55631 3.78959 22 778 20771 20759 1 0.409383 0.409383 36 
-0.711792 -1.76003 5 0.472796 -0.139843 -0.134269 3.78091 22 779 18215 18213 1 0.316752 0.316752 6 
4.37965 -5 -1.08191 0.22318 0.438583 0.13768 3.74379 22 780 8074 8053 1 14.2055 14.2055 134 
-5 3.26649 -1.27687 0.408026 -0.154644 -0.265931 3.73473 22 781 1003 1002 1 0.263421 0.263421 30 
-5 -4.49897 3.96165 0.246266 0.160239 0.100248 3.69691 22 782 2239 2238 1 5.26228 5.26228 49 
4.23454 1.51139 5 0.151897 -0.0899821 -0.153871 3.76712 22 783 5724 5673 1 23.2308 23.2308 234 
3.00081 -5 0.14206 0.0500631 0.105451 0.788538 3.67086 22 784 1323 1 1 28.2392 28.2392 273 
-3.37485 -5 4.67458 0.295434 0.334157 0.249355 3.73481 22 785 12790 12789 1 0.153337 0.153337 21 
-5 -1.36491 0.0170799 0.125656 -0.140257 -0.159965 3.77644 22 786 1771 1768 1 11.8866 11.8866 188 
-5 -3.91626 -0.674671 0.366573 0.265333 0.237365 3.71127 22 787 35140 35139 1 0.883762 0.883762 46 
-4.36411 -5 1.95509 1.72149 5.62996 7.51045 3.67938 22 788 2191 2175 1 15.3914 15.3914 188 
-3.45784 -5 -4.71895 0.139676 0.220182 -0.0492103 3.68653 22 789 5816 5752 1 5.13353 5.13353 76 
-2.4377 0.79734 -5 1.69366 1.73937 8.5206 3.65723 22 790 5139 2512 1 9.69262 9.69262 112 
-5 -2.9167 -3.88475 0.390625 0.162911 -0.286343 3.73135 22 791 5985 5975 1 10.0514 10.0514 122 
0.232165 0.80257 -5 0.383268 0.082239 0.451265 3.67724 22 792 1186 1 1 4.07434 4.07434 132 
-1.3383 -1.77542 -5 1.17226 0.868583 6.38425 3.65671 22 793 4577 4419 1 10.3778 10.3778 151 
-5 -1.57816 2.36268 0.707318 0.364615 -0.347928 3.76529 22 794 17792 17767 1 0.74752 0.74752 29 
1.71206 0.592589 -5 -1.81074 -2.26198 118.525 3.65254 11 795 1 0 1 91.3492 91.3492 937 
2.12464 -5 2.68607 0.126297 0.254082 0.124104 3.70851 22 796 8046 8043 1 0.379068 0.379068 36 
0.443658 -1.12598 -5 1.23433 0.9526 1.06702 3.66765 22 797 6340 6339 1 6.90426 6.90426 68 
0.94757 3.3927 5 0.242433 0.157426 -0.421382 3.76997 22 798 3975 3957 1 17.5642 17.5642 199 
-5 0.17213 0.637411 3.27627 2.17161 -1.57515 3.71243 11 799 10716 10128 1 3.93633 3.93633 172 
-1.69649 -5 0.836503 -8.20469 -8.08517 0.80131 3.68323 11 800 1995 1913 1 0.227755 0.227755 25 
3.10469 -5 -4.72613 0.479818 0.379958 -0.11277 3.67641 22 801 3481 3454 1 6.39778 6.39778 115 
3.06948 -5 1.89087 -0.0198968 0.35639 -0.0990262 3.76388 22 802 8584 8538 1 0.590525 0.590525 55 
-1.62073 -3.44542 -5 0.103571 0.64687 0.896838 3.66851 22 803 7199 7160 1 1.05153 1.05153 62 
-5 1.11272 -0.971521 4.59514 5.72578 11.691 3.6745 11 804 1 0 1 6.26324 6.26324 18 
0.877351 3.55541 5 0.299855 -0.00933274 -0.413666 3.87126 22 805 5412 5410 1 12.2198 12.2198 95 
-5 3.85712 -1.81516 0.32816 0.103109 0.014985 3.72354 22 806 8083 8038 1 0 0 7 
-4.65397 1.54967 -5 7.36349 -1.16637 8.47393 3.66117 11 807 1 0 1 41.2551 41.2551 426 
3.45598 -5 2.70195 -0.164877 0.420698 -0.0268399 3.68391 22 808 1627 1 1 15.4737 15.4737 136 
-4.03424 1.95973 -5 0.0753209 -0.505397 0.89484 3.66654 11 809 5186 4656 1 4.75835 4.75835 101 
-5 -1.85965 -0.376 0.356453 -0.133306 0.0832262 3.69728 22 810 4730 4202 1 0 0 5 
-1.53329 -0.46491 -5 0.0403478 0.227242 0.429999 3.66519 22 811 3492 3399 1 3.01074 3.01074 52 
-2.84767 2.88042 -5 0.360797 1.72756 2.38252 3.67708 22 812 1002 1 1 0.33782 0.33782 12 
3.82735 -4.34983 -5 4.54722 1.90983 5.02669 3.67261 22 813 3483 3234 1 0 0 5 
-5 0.0896865 0.959455 0.861207 1.84673 -0.749875 3.77289 22 814 4459 4458 1 0 0 3 
2.79595 -5 4.29165 0.188217 0.472761 -0.0468058 3.77676 22 815 2549 2532 1 0 0 3 
-5 -0.614974 1.56691 0.0712881 0.309067 -0.391073 3.81512 22 816 3727 3725 1 13.7764 13.7764 253 
-5 4.09296 -2.57205 0.2959 0.111798 -0.401328 3.89479 22 817 3036 3035 1 0 0 2 
4.52384 0.835701 -5 0.212272 0.291979 0.500135 3.67587 22 818 8012 7942 1 3.47713 3.47713 10 
-5 3.12196 3.79904 0.162204 0.262103 0.301259 3.69271 22 819 1919 1678 1 0.237585 0.237585 30 
-5 -1.39785 0.23753 6.86997 -9.35216 0.4439 3.67316 11 820 1 0 1 16.6399 16.6399 254 
-0.23445 5 -1.75977 0.00570659 -0.109802 -0.340149 3.97387 22 821 18175 18172 1 0.214843 0.214843 22 
-3.13554 3.73237 -5 8.16915 8.17509 17.339 3.65533 11 822 1 0 1 98.4234 98.4234 1037 
-1.28486 -5 1.86013 -0.208253 0.454111 0.092983 3.69355 22 823 5713 5142 1 12.1296 12.1296 174 
-5 -0.724469 0.714111 1.85781 3.22564 -1.56538 3.70016 11 824 4761 4479 1 1.76538 1.76538 8 
-5 1.68279 -4.43331 0.591339 0.387665 -0.252511 3.7567 22 825 2659 2658 1 1.76199 1.76199 84 
-2.25825 -4.69247 -5 0.794384 1.29791 6.78545 3.65747 22 826 2221 2056 1 0 0 2 
-5 -4.32799 -0.183394 0.732221 0.613678 -0.262109 3.69827 22 827 2777 2776 1 4.85202 4.85202 78 
-3.30591 0.203154 -5 0.618562 0.397244 2.24947 3.66152 22 828 7936 7769 1 0.457489 0.457489 47 
1.15309 -3.11879 5 0.0758602 0.116435 -0.155764 3.80728 22 829 8024 7840 1 12.8653 12.8653 157 
1.18367 -0.537568 5 0.356546 0.167475 -0.325496 3.79524 22 830 5389 5364 1 2.1324 2.1324 29 
-5 -4.73019 -1.34445 0.372154 0.111643 0.0977457 3.66779 22 831 2127 1 1 6.51152 6.51152 161 
-5 4.27363 4.56038 0.251898 0.198783 -0.0995797 3.72484 22 832 8272 8261 1 11.0757 11.0757 270 
-4.69896 -5 -0.243246 1.77918 4.20186 8.03003 3.6799 22 833 1473 1385 1 1.0531 1.0531 14 
2.9618 -5 -1.36869 0.02096 0.224466 -0.45858 3.82903 22 834 31200 31199 1 0.000277012 0.000277012 3 
-1.90379 -5 -4.27864 0.18542 0.0893483 -0.467714 3.81293 22 835 1622 1597 1 2.72641 2.72641 53 
-3.03739 -5 2.17081 -0.351081 0.371208 -0.00819172 3.76441 22 836 2637 2620 1 9.25713 9.25713 47 
-5 -1.41359 1.81083 1.70423 1.64517 1.48632 3.69559 22 837 3527 3501 1 0.280027 0.280027 15 
1.53334 4.65647 -5 0.301299 0.232651 0.233028 3.68427 22 838 4660 3873 1 0 0 7 
-3.83551 -4.94186 5 0.135269 -0.251796 -0.423581 3.85239 22 840 2760 2710 1 13.8499 13.8499 124 
-5 -3.40654 4.70573 1.15547 -0.331041 0.897758 3.75303 22 841 4736 4735 1 2.72785 2.72785 69 
-5 3.90152 -3.59469 3.2147 3.03149 3.87177 3.67552 22 842 2221 2087 1 0 0 9 
-5 -2.26297 -1.27907 3.58427 -3.13512 -0.197936 3.68158 11 843 10881 8430 1 5.72327 5.72327 52 
1.85913 -5 -2.50296 -2.07013 7.36795 250.159 3.66094 11 844 1 0 1 18.5044 18.5044 309 
-4.76238 5 1.54741 0.0844863 -5.74237 1.06832 3.67944 -11 845 2896 2895 1 133.666 133.666 943 
0.163227 -5 4.80808 0.0225419 0.819734 1.13858 3.69197 22 846 4020 3379 1 0.631114 0.631114 16 
3.08149 -5 0.501568 1.09588 2.04603 0.30476 3.71946 22 847 13468 13369 1 0.0645294 0.0645294 7 
2.77721 -1.66973 -5 -0.0902828 1.55832 0.386692 3.69161 22 848 10594 10516 1 0.180481 0.180481 7 
3.07122 -3.32738 -5 1.50879 0.264188 1.94119 3.69597 22 849 38069 38025 1 0 0 4 
4.93322 -5 -1.00057 0.38441 0.678087 -0.529964 3.90661 22 850 1175 1144 1 0.37329 0.37329 16 
-5 -4.64762 4.23346 0.203552 0.082234 0.461437 3.71936 22 851 13440 13439 1 1.94328 1.94328 44 
-1.5635 -4.91336 -5 0.0564697 0.745073 0.609991 3.6942 22 852 21012 21011 1 0.508356 0.508356 36 
2.37729 -2.71537 5 0.0801816 0.0565575 -0.50149 3.84479 22 853 9648 9647 1 1.17831 1.17831 89 
-4.53743 -5 1.78681 0.0494827 0.355686 0.654751 3.68587 22 854 31036 30810 1 0.510505 0.510505 33 
-5 -4.70285 3.53242 1.21687 0.328989 -4.45904 3.68914 11 855 5280 5254 1 16.3538 16.3538 113 
1.07495 4.42643 -5 0.187064 0.435857 0.4189 3.69402 22 856 3986 1485 1 4.99072 4.99072 25 
-4.40383 -5 4.0468 0.193378 0.229441 -0.380208 3.82878 22 857 3774 3773 1 0.902978 0.902978 67 
-5 4.52483 -3.84072 0.265643 0.180783 -0.432811 3.755 22 858 6268 6265 1 1.28575 1.28575 39 
-4.66577 -5 0.616605 0.00533699 0.327852 -0.358697 3.97245 22 859 2247 2180 1 5.30741 5.30741 63 
1.57906 0.852825 -5 0.303937 0.106094 0.206261 3.67739 22 860 3529 1 1 3.86586 3.86586 47 
-3.12446 -4.91907 -5 0.432266 0.319562 0.055723 3.67509 22 861 2032 1994 1 6.13577 6.13577 144 
-5 3.31341 -0.765752 5.98963 11.5967 54.1255 3.66989 11 862 1 0 1 16.3598 16.3598 185 
-5 -4.73064 -2.48217 0.0207925 0.0186759 0.0102863 3.71515 22 863 6969 6965 1 9.81143 9.81143 138 
-3.9324 -4.27851 5 0.0408809 0.0277301 -0.186527 3.82777 22 864 1863 1814 1 10.8353 10.8353 82 
-5 -4.52373 -4.61508 0.144676 -0.0576668 -0.0813885 3.69216 22 865 2059 2045 1 7.88896 7.88896 120 
-5 4.73391 -4.65568 1.41997 1.01343 0.996393 3.69859 22 866 42690 42553 1 2.20559 2.20559 5 
-2.72791 -4.81407 -5 0.137722 0.462445 0.336948 3.67911 22 867 6574 6381 1 0.30953 0.30953 30 
4.97622 -3.59755 5 0.300697 0.281543 -0.302382 3.82531 22 868 2201 2200 1 0.238547 0.238547 39 
-3.44706 -5 4.52586 0.116281 0.491205 -0.079477 3.73345 22 869 3785 3784 1 0.477974 0.477974 58 
-0.609181 -5 3.93772 0.11456 0.289852 -0.177265 3.72258 22 870 13376 13313 1 1.30203 1.30203 72 
1.89963 -2.16371 -5 0.09297 0.0580218 0.0842214 3.69324 22 871 8223 8159 1 1.44409 1.44409 32 
0.0572795 -5 -0.559189 0.80848 1.34403 2.10636 3.68033 22 872 1348 1283 1 0.890812 0.890812 22 
-4.70341 4.64859 5 0.115342 0.0991092 -0.13322 3.84614 22 873 11317 11203 1 4.45635 4.45635 106 
-1.92153 5 2.44627 0.0824942 -0.175221 -0.0528387 3.74215 22 874 4972 4943 1 6.57613 6.57613 102 
-5 4.63953 2.08499 0.37931 0.24066 -0.0447471 3.78588 22 875 4522 4521 1 0 0 6 
2.64006 5 -0.0739201 0.0325818 -0.148201 0.123458 3.89056 22 876 1896 1895 1 17.9585 17.9585 85 
-4.37757 -3.64065 -5 0.152241 0.144595 1.21742 3.6547 22 877 1463 1 1 0.632355 0.632355 17 
1.33847 0.898054 5 -0.0270034 -0.118753 -0.238934 3.79762 22 878 2100 2099 1 10.3058 10.3058 205 
-5 -3.00298 -0.581589 1.31025 -0.259237 0.270179 3.76146 22 879 3792 3791 1 0.195475 0.195475 12 
-5 1.91987 -1.36169 0.789329 0.491835 -0.0458011 3.71375 22 880 1107 1048 1 7.35611 7.35611 104 
0.303573 -1.72986 -5 0.357578 0.168488 0.666497 3.66068 22 881 1263 1 1 0 0 7 
-1.83328 -5 -3.24081 0.170634 0.389558 -0.283281 3.70145 22 882 4852 4851 1 41.5196 41.5196 495 
4.55278 2.34975 -5 -0.0503313 0.749194 0.865781 3.67353 22 883 1884 1660 1 0.508673 0.508673 39 
-3.22756 -5 -4.30169 0.321088 0.426615 1.70096 3.6592 22 884 7339 7212 1 1.72815 1.72815 68 
-5 0.412138 4.59559 0.154169 0.248013 -0.0977505 3.73742 22 885 26890 26653 1 0 0 1 
-5 -0.178912 -0.264858 0.158342 0.0775679 -0.334207 4.21135 22 886 2443 2402 1 53.2116 53.2116 522 
0.384617 -2.43347 -5 -0.0164786 0.0794871 0.260841 3.65766 22 887 28883 28766 1 5.76183 5.76183 69 
4.24583 5 -3.28454 0.0585364 -0.206042 0.0528793 4.00508 22 888 36289 36252 1 0.220222 0.220222 29 
-1.63093 4.16752 5 0.244931 0.536713 -0.814241 3.8056 22 889 9718 9717 1 7.56632 7.56632 40 
-4.30799 -4.36712 -5 0.166659 0.132362 0.67539 3.65726 22 890 2338 1 1 4.72319 4.72319 118 
-4.48354 -5 -1.03903 0.533281 0.0411337 0.0768173 3.6959 22 891 1734 1 1 12.7295 12.7295 166 
4.54094 -5 -4.09978 0.160673 0.279934 -0.396158 3.74609 22 892 2890 2869 1 9.00048 9.00048 70 
-5 2.2148 2.96561 9.82211 15.8059 42.0355 3.6828 11 893 1 0 1 45.925 45.925 499 
-4.94865 -0.766021 -5 1.02359 2.11197 3.62961 3.66741 22 894 1094 1 1 0.00121907 0.00121907 4 
-5 -4.96608 0.742228 1.03058 1.53034 -0.9524 3.68674 -11 895 6759 6758 1 7.05636 7.05636 82 
-5 1.61524 -0.584245 0.216145 0.311386 -0.342695 3.83097 22 897 14266 14265 1 0.830492 0.830492 33 
-2.46089 -5 -1.45282 0.33217 0.46819 0.132711 3.71731 22 898 8984 8961 1 0.588771 0.588771 28 
-5 -4.516 -0.426726 0.2679 -0.173182 -0.0891239 3.68046 22 899 1944 1486 1 35.8229 35.8229 447 
2.11216 -5 4.77156 0.0471069 0.162945 -0.218432 3.83175 22 900 18134 15707 1 0.426742 0.426742 49 
4.97823 -5 4.4138 -0.0771576 0.211446 0.0769052 3.71812 22 901 2527 2484 1 0.247584 0.247584 11 
-1.38536 -4.06286 5 0.105501 -0.0745101 -0.0537751 3.74764 22 902 15387 15358 1 0.788626 0.788626 18 
-5 -0.396333 -4.16878 0.143865 0.48736 0.0538844 3.71836 22 903 4276 4274 1 5.16139 5.16139 26 
-5 -2.58722 2.73895 1.14545 0.740281 -2.64594 3.91525 22 904 19909 19800 1 0.420702 0.420702 34 
0.382882 -4.42545 5 0.306192 0.323713 -0.250152 3.86121 22 905 4055 4053 1 0 0 8 
5 -0.831311 0.0610026 -4.49609 0.795952 -2.681 3.77009 -11 906 1229 1228 1 16.8183 16.8183 207 
4.87373 0.564169 5 0.797602 0.565587 -0.488669 3.82083 22 907 5055 5039 1 0.688441 0.688441 22 
-4.42518 -3.7277 -5 0.355952 -0.0690454 0.360071 3.68124 22 908 7484 7481 1 3.3363 3.3363 36 
-3.75503 -4.82903 5 0.0503589 -0.0614885 -0.50478 4.30627 22 909 16679 16678 1 0.188629 0.188629 20 
-1.97698 -1.63486 -5 1.87675 0.986398 1.2557 3.67684 22 910 3545 3473 1 0 0 8 
0.238095 -5 -0.966602 0.456176 0.0673899 -0.220187 3.82951 22 911 3519 3518 1 0.2165 0.2165 32 
-1.7299 5 2.56904 0.423462 -0.220531 -0.182116 3.80228 22 912 2897 2895 1 0.256283 0.256283 30 
1.52769 -5 4.47551 0.134629 0.308688 0.0464173 3.73632 22 913 13409 13408 1 2.15148 2.15148 89 
4.74752 -5 0.1345 0.370401 0.328388 -0.0291802 3.73273 22 914 4614 4576 1 0.183131 0.183131 25 
-3.64927 -5 -3.54094 0.226477 0.134668 0.245618 3.66604 22 915 4939 4909 1 0.359924 0.359924 30 
-2.34226 -1.95834 5 0.288798 0.215483 -0.36233 3.84488 22 916 7412 7411 1 0.0760365 0.0760365 7 
-3.0809 -2.47082 -5 0.779683 0.16167 0.401578 3.67927 22 917 4072 4037 1 0.38051 0.38051 34 
-2.553 -5 -2.75498 0.462736 0.215446 -0.0240435 3.69253 22 918 9014 9013 1 0.308752 0.308752 22 
2.53549 -1.28837 5 0.277355 -0.0401061 -0.625505 4.2389 22 919 9338 9325 1 8.00728 8.00728 125 
-0.973845 1.2001 -5 0.128781 0.254102 0.395063 3.67951 22 920 5584 5543 1 0.350702 0.350702 45 
-5 -4.2849 -3.78618 0.535256 0.0318065 -0.00660382 4.66901 22 921 3345 3344 1 5.3932 5.3932 130 
-2.60484 2.79939 -5 9.97645 1.6492 15.2228 3.65503 22 922 8228 8227 1 50.2275 50.2275 625 
-5 -4.887 1.74389 0.400829 0.122531 0.156661 3.72756 22 923 5308 5307 1 1.0358 1.0358 8 
-0.755938 -5 -2.75006 0.452632 0.373977 0.523898 3.68625 22 924 8422 7115 1 0.930135 0.930135 10 
-1.85017 -4.56385 5 0.188352 0.22366 -0.41907 3.81889 22 925 7473 7452 1 0.896981 0.896981 20 
1.01747 -0.861228 5 0.292514 0.052459 -0.415696 3.87387 22 926 3056 3055 1 0.515238 0.515238 44 
4.45986 -2.46951 -5 1.10207 0.168644 1.85379 3.66409 22 927 6356 1 1 13.7167 13.7167 83 
-5 -2.46612 -3.35305 0.0933908 0.0031507 -0.162632 3.79745 22 928 6483 3965 1 0.462144 0.462144 37 
-4.69576 -5 -1.49881 -0.230687 0.419276 0.179197 3.68805 22 929 1223 1222 1 3.43265 3.43265 18 
-4.18479 -5 3.1042 -0.0790194 0.17364 -0.14663 3.75171 22 930 7271 7031 1 6.15923 6.15923 157 
-5 -4.27472 -4.4825 0.33332 0.145581 -0.0765361 3.71636 22 931 20481 20455 1 0.210838 0.210838 3 
-2.07264 -2.28065 5 0.0967553 0.364291 -0.192567 3.73922 22 932 4747 4673 1 1.71588 1.71588 46 
-5 -1.26926 1.25676 0.2127 0.200433 0.0235005 3.71209 22 933 8881 8781 1 0.650733 0.650733 60 
-5 -1.91813 0.919044 0.13915 -0.276963 0.511129 3.67325 22 934 8911 8386 1 55.969 55.969 469 
-5 -2.6334 -4.8322 5.24344 0.582658 362.736 3.65309 11 935 1 0 1 61.5309 61.5309 612 
4.38101 2.69877 5 0.116567 -0.180461 -0.365142 3.94821 22 936 10878 10861 1 0.4916 0.4916 45 
1.47463 -5 -1.04768 0.211368 0.320169 -0.188275 3.78055 22 937 8410 8387 1 0.510514 0.510514 31 
-1.58204 -5 3.05288 0.095283 0.212326 -0.0067227 3.73804 22 938 1370 1369 1 41.2984 41.2984 342 
0.681613 0.276233 -5 9.29487 16.4547 770.77 3.65253 11 939 1 0 1 204.06 204.06 1446 
-4.58155 -0.69952 5 -0.0096878 0.0153582 -0.0282309 3.91127 22 940 9686 9681 1 0.917283 0.917283 43 
-3.16822 -5 -0.113192 0.175267 0.342831 0.335958 3.71529 22 941 5314 5311 1 0.23634 0.23634 38 
-1.77758 -4.99926 -5 0.0236106 -0.0149938 0.128884 3.65382 22 942 1893 1 1 17.2868 17.2868 156 
-2.55912 -5 -0.651138 0.445505 0.208956 -0.137776 3.72446 22 944 1647 1616 1 3.25925 3.25925 45 
1.69785 -1.85679 5 0.239966 -0.106607 -0.438373 3.77981 22 945 2946 2943 1 0.714099 0.714099 4 
4.55176 -5 0.316716 -0.370279 1.1065 -0.113813 3.67517 11 946 3292 3258 1 30.9611 30.9611 237 
-3.56474 1.16376 5 -0.00291814 -0.0352999 -0.186796 3.77266 22 947 3144 2950 1 0.902643 0.902643 68 
-5 -1.48188 -1.4475 3.20163 4.24999 1.09735 3.69759 11 948 1 0 1 4.66125 4.66125 21 
-3.29286 2.27976 -5 -0.0181384 0.398691 0.484165 3.66573 22 949 1848 1555 1 3.19119 3.19119 111 
1.72665 -5 -2.1178 0.0492113 0.212551 -0.0959206 3.82508 22 950 3031 3027 1 0.485324 0.485324 44 
-1.78762 4.07172 5 0.459236 0.835242 -1.10408 3.85356 22 951 12812 12811 1 0.54131 0.54131 30 
2.3721 3.01012 5 0.0659495 0.0654903 -0.218791 3.88739 22 952 4441 4417 1 8.3385 8.3385 64 
-4.46142 1.31492 -5 0.415994 0.73892 0.681435 3.67466 22 953 5982 1 1 3.10662 3.10662 105 
3.70685 3.92917 -5 0.111369 0.126751 0.969999 3.65594 22 954 1529 1 1 26.4535 26.4535 185 
-0.946869 -5 -3.95141 -0.22104 0.105886 0.448385 3.70681 22 955 3507 3506 1 4.17029 4.17029 10 
3.8601 -5 0.563974 7.1815 9.9955 91.5746 3.67654 11 956 3676 3561 1 15.3507 15.3507 117 
-3.65407 -5 -0.692245 0.810382 0.699329 0.970316 3.67334 22 957 3180 1 1 7.66767 7.66767 121 
-2.86286 4.45882 5 -0.0683996 0.11687 -0.186794 3.79819 22 958 8062 8017 1 32.571 32.571 269 
-3.00799 -3.106 -5 -0.176667 1.22835 2.58765 3.66966 22 959 1147 1146 1 1.119 1.119 28 
-5 -1.21047 0.056369 0.167207 0.186517 0.491015 3.67441 22 960 2567 1 1 4.41404 4.41404 53 
-2.97262 -2.16663 -5 -12.83 1.02957 281.109 3.65258 11 961 1 0 1 137.572 137.572 1061 
2.02578 -2.37469 5 0.0656174 0.105829 -0.10086 3.81846 22 962 1962 1936 1 0.3234 0.3234 22 
-5 -1.46851 -2.42376 1.41939 0.489139 -1.0487 3.73573 22 963 11281 11194 1 11.2153 11.2153 77 
-4.33826 -3.01346 5 0.518835 0.33815 -1.35609 3.69984 -11 964 1778 1777 1 4.72689 4.72689 40 
4.73479 0.273003 -5 0.372997 -0.151497 0.314709 3.70182 22 965 16848 16847 1 0.403523 0.403523 23 
4.40154 -0.353373 -5 0.0472281 0.131083 0.491637 3.6905 22 966 2139 2113 1 14.0695 14.0695 138 
-5 1.32384 4.94157 0.44322 0.246364 -0.0630892 3.74859 22 967 3709 3708 1 0.41106 0.41106 10 
-5 -1.79544 3.61045 0.37071 0.1077 -0.0452423 3.82165 22 968 4745 4742 1 0.42801 0.42801 17 
4.51348 -4.50531 -5 4.36766 3.70607 101.922 3.65259 22 969 1764 1763 1 40.9582 40.9582 362 
-2.61043 -5 -2.36334 0.419785 0.212179 0.199701 3.68931 22 970 6983 6947 1 21.273 21.273 194 
-5 -2.08339 2.2854 0.353188 0.246197 -0.0623535 3.72533 22 971 3290 3258 1 1.03319 1.03319 59 
-5 0.234038 3.47971 4.21065 -10.1165 26.2239 3.68254 -11 972 2915 2914 1 85.9614 85.9614 783 
-2.47707 -5 -2.3813 0.23367 0.351902 0.287547 3.69885 22 973 1378 1351 1 0.994266 0.994266 53 
-5 4.75194 -1.95187 0.304449 0.301792 -0.278122 3.77627 22 974 3499 3491 1 5.11216 5.11216 53 
4.13265 -5 3.31373 0.308933 0.175526 0.544405 3.70095 22 975 2977 2726 1 10.9639 10.9639 117 
-3.16577 3.47413 5 -0.13732 0.45553 -1.42994 4.35566 22 976 2766 2764 1 9.31446 9.31446 26 
-5 -2.4042 4.5429 0.441665 0.175611 0.654738 3.69986 22 977 4474 4422 1 4.96432 4.96432 83 
3.21596 -5 3.36341 0.0096355 0.186763 0.119839 3.70353 22 978 3330 3282 1 1.51312 1.51312 78 
1.32151 0.214275 5 0.433519 0.426321 -2.46879 4.30856 22 979 4362 4361 1 0.947936 0.947936 47 
-4.33291 -3.15892 -5 -12.1062 -1.08643 84.2234 3.65282 11 980 1 0 1 76.5356 76.5356 592 
-2.19092 -5 -3.28102 3.24413 7.72688 30.2862 3.66391 11 981 9801 7447 1 18.5866 18.5866 232 
4.76864 2.23194 5 0.474534 0.0481405 -0.183356 3.87405 22 982 2224 2223 1 3.82593 3.82593 61 
-4.33785 -5 1.08733 0.0258076 0.0188288 0.215256 3.67341 22 983 1819 1 1 15.355 15.355 156 
-3.82925 -5 3.70615 1.98357 1.84595 1.81873 3.70432 22 984 2245 2011 1 0.0292993 0.0292993 25 
-5 -4.36597 -2.69399 0.204582 0.387162 0.244055 3.6759 22 985 10085 9976 1 7.44923 7.44923 40 
-5 1.745 -3.77075 0.143235 -0.00942932 0.127704 4.03023 22 987 4524 4523 1 0.250287 0.250287 19 
-2.62355 -4.28947 -5 2.53572 -0.201263 18.9443 3.65388 22 988 2388 2305 1 32.4604 32.4604 255 
-3.32761 0.384228 -5 0.268648 0.0333597 0.4334 3.68445 22 989 2944 2943 1 15.3664 15.3664 211 
-5 -2.99959 -2.07909 0.503754 0.0835555 -0.0192303 3.72206 22 990 4280 4258 1 0.244696 0.244696 10 
-1.78323 -5 -2.4112 0.119136 0.696818 -0.105297 3.70606 22 991 11158 11130 1 0.53773 0.53773 28 
-3.27175 -4.49797 -5 0.209532 0.32697 1.52075 3.65993 22 992 8000 7753 1 6.20396 6.20396 145 
-5 -0.19793 3.25392 0.181079 0.425907 -0.216641 3.71784 22 993 11707 11706 1 16.0034 16.0034 153 
-0.952961 -0.977151 5 -0.134712 0.2175 -0.442342 3.89975 22 994 2490 2488 1 2.83098 2.83098 42 
4.87692 4.96715 5 0.297244 0.00742848 -0.415585 3.95637 22 995 10378 10351 1 0 0 4 
-5 -1.4031 -3.60845 0.24889 0.0764165 0.030536 3.69135 22 996 1687 1 1 0.941072 0.941072 50 
-3.02093 -0.0960486 5 0.100518 0.326862 -0.379707 3.88805 22 997 20201 20200 1 1.07227 1.07227 70 
1.64238 -2.11873 -5 1.46388 0.427367 2.68965 3.67376 22 998 25133 24618 1 0.0355757 0.0355757 4 
-5 4.97542 -3.45705 0.174536 0.277054 -0.153379 4.25634 22 999 7361 7359 1 0.78472 0.78472 53 
-3.0049 0.225209 5 -0.163407 -0.158621 -0.288003 3.84701 22 1000 1094 1093 1 6.98518 6.98518 48 
