# Det6_7_20
#x y z Px Py Pz t PDGid EventID TrackID ParentID Weight Edep VisibleEdep Ntracks
-3.99421 2.415 -5 -0.185465 0.0343431 0.349975 4.02475 22 1 14292 14179 1 0.379116 0.379116 38 
-4.80607 5 3.71596 0.157642 -0.180992 -0.00184963 4.04818 22 2 5984 5980 1 4.62346 4.62346 59 
1.04913 -5 1.4103 -0.739398 1.55034 5.43864 4.01383 22 3 3840 3502 1 0.282204 0.282204 51 
-5 2.49592 -2.87456 0.431739 -0.0965419 0.255737 4.01233 22 4 4045 4026 1 3.87645 3.87645 138 
-3.88344 -5 -0.345256 0.162907 0.328671 0.44848 4.02065 22 5 7076 6900 1 0.217395 0.217395 34 
2.12572 -4.33771 -5 0.419879 0.484127 5.21228 3.98743 22 6 2114 1778 1 50.7718 50.7718 613 
0.022328 -1.01217 -5 0.00219269 0.190184 0.625499 3.9921 22 7 3340 3338 1 22.448 22.448 267 
4.38246 -5 1.82705 -0.0580053 0.223235 0.195902 4.03741 22 8 2860 2837 1 6.55996 6.55996 64 
3.55371 -1.53923 -5 4.67159 5.1294 13.1753 4.00528 22 9 3583 3420 1 5.5915 5.5915 60 
-2.63668 -5 4.7995 -6.47548 31.4805 35.0941 4.03796 11 10 1 0 1 0.520869 0.520869 12 
2.16395 1.18541 -5 -0.37683 0.309755 2.97394 3.98948 22 11 3429 3384 1 12.6415 12.6415 145 
-5 -2.67766 0.8237 0.605172 0.868591 1.62786 4.01274 22 12 5093 5064 1 0.0651076 0.0651076 13 
0.0732178 -4.75002 -5 0.143332 4.79867 60.1633 3.98752 22 13 1270 1 1 0.318546 0.318546 20 
-0.935084 0.86193 -5 -0.229575 2.73649 2.82922 4.00432 22 14 3798 3790 1 13.2692 13.2692 94 
0.796865 1.11743 -5 1.08291 5.02583 6.25217 4.10021 22 15 4459 4444 1 1.15303 1.15303 5 
-5 3.92118 -1.4951 0.735521 0.313945 -0.03266 4.04935 22 16 2794 2793 1 3.79524 3.79524 54 
4.45122 -1.39249 -5 0.256749 0.824893 0.354183 4.0653 22 17 22578 22528 1 0.067128 0.067128 6 
-5 1.37678 -2.78467 0.0619142 0.0539179 0.756183 3.99648 22 18 1336 1204 1 3.74966 3.74966 126 
-3.86582 -3.60287 -5 0.0336219 0.603247 0.545844 4.02459 22 19 2981 2965 1 0.766876 0.766876 29 
-5 -3.45863 -2.0557 0.348443 0.369838 -0.0541054 4.07636 22 20 1151 1150 1 4.27551 4.27551 53 
-4.7224 -5 1.87868 0.0426215 0.0870579 0.207149 4.02613 22 21 1383 1239 1 0.469023 0.469023 56 
-0.0618084 -0.49055 -5 1.81312 0.962469 11.3906 3.9904 22 22 3397 2936 1 6.97544 6.97544 105 
-5 3.66217 4.70596 0.131595 0.0396869 0.200768 4.0963 22 23 2114 2113 1 13.0793 13.0793 90 
-5 -0.386001 3.77645 0.402512 0.23015 0.00105456 4.05807 22 24 2343 2201 1 0.0568615 0.0568615 13 
1.43759 -3.6167 -5 0.353299 0.0655558 0.363321 4.0809 22 25 4063 4062 1 0.134777 0.134777 26 
-0.135013 3.83432 -5 0.0929231 0.28549 0.45982 4.01299 22 26 2534 2163 1 0.466089 0.466089 49 
-2.2632 -3.12361 -5 0.0754603 0.212417 0.437005 4.0017 22 27 7172 7141 1 0 0 7 
5 -1.56352 1.12734 -0.294861 -0.0652442 -0.0227225 4.09399 22 28 5630 5524 1 0 0 9 
-5 -3.78985 3.05277 0.913128 0.136563 2.41838 4.02251 22 29 2112 2043 1 2.30373 2.30373 47 
3.19685 -5 3.76641 0.123491 0.479712 0.131179 4.11541 22 30 2787 2432 1 0.159943 0.159943 26 
3.57662 -3.46687 -5 0.477772 2.1247 5.23436 3.99713 22 31 5624 5592 1 8.90057 8.90057 246 
-5 2.36137 3.79812 0.0276415 -0.00823924 0.00595713 4.16002 22 32 3304 3291 1 0.379037 0.379037 49 
5 -4.71984 4.306 -0.225637 0.138653 0.160355 4.05892 22 33 1111 1 1 0.595633 0.595633 10 
0.284135 -2.32212 -5 0.235202 0.811992 9.43247 3.98755 22 34 2049 1 1 12.1627 12.1627 101 
-5 4.56649 4.20652 0.0870283 0.139585 0.0265376 4.11006 22 35 49976 49975 1 0 0 3 
-3.06803 4.76635 -5 0.0641023 0.889326 0.916424 4.02545 22 36 11574 11503 1 0.809882 0.809882 17 
1.3185 -5 0.109471 0.139879 0.0927001 0.362754 4.02074 22 37 12019 11931 1 0.303812 0.303812 8 
-0.434623 -5 0.913725 0.257468 0.67994 1.13742 4.02882 22 38 1970 1719 1 0.912144 0.912144 16 
-0.2316 -2.55709 -5 0.0510557 0.387063 0.321873 4.03249 22 39 11637 11523 1 0.0584885 0.0584885 9 
-5 1.84062 -0.353711 0.472567 0.419096 1.19283 4.01613 22 40 4005 3558 1 0.958703 0.958703 8 
-5 1.07633 -0.0224505 0.185572 -0.0952565 0.223211 4.11815 22 41 2941 2852 1 4.38943 4.38943 88 
-0.251459 -5 -1.4291 0.0846171 0.838356 0.911811 4.04801 22 42 1118 1 1 2.07148 2.07148 41 
0.131897 4.70324 -5 -0.0928536 0.400741 1.84171 3.99212 22 43 4656 4310 1 0.728409 0.728409 28 
-5 1.82653 4.4649 0.46364 0.120391 -0.0175373 4.10914 22 44 3186 3185 1 0.733596 0.733596 39 
1.37352 -5 -3.31215 5.7387 6.59886 -0.596138 4.02242 11 45 10532 10271 1 1.45688 1.45688 13 
-1.39792 -0.196816 -5 -0.577869 -0.8019 8.49704 4.00038 22 46 1169 1 1 2.86186 2.86186 57 
-3.7555 -5 4.37524 0.0964527 0.35532 0.03471 4.05519 22 47 5470 5089 1 1.23904 1.23904 38 
-1.59594 -5 0.0232382 0.0589856 0.234209 0.847558 4.00961 22 48 1354 1 1 10.5095 10.5095 84 
-4.93306 4.58529 -5 0.145769 0.325973 1.07641 4.00331 22 49 1312 1 1 0 0 5 
2.88636 -5 3.72643 0.00979452 0.898957 1.48914 4.02828 22 50 2414 2306 1 0.283283 0.283283 21 
-1.33778 0.866688 -5 0.423283 1.14207 7.77629 3.99162 22 51 9776 9080 1 1.31633 1.31633 13 
4.92525 3.81097 -5 0.389701 0.259789 2.22248 3.99359 22 52 1581 1551 1 0.372273 0.372273 44 
-3.05389 3.88353 -5 2.89679 4.83894 10.2854 4.01019 22 53 4544 4478 1 5.57834 5.57834 51 
4.03479 0.0500042 -5 -0.271 -0.0467929 0.430685 4.10327 22 54 3589 3559 1 1.5047 1.5047 44 
4.65238 -5 0.664189 -0.0726704 0.401565 1.34577 4.01642 22 55 1863 1770 1 8.34997 8.34997 98 
-2.64722 -5 -4.24178 0.186336 0.842329 1.2768 3.99865 22 56 1429 1340 1 7.49322 7.49322 68 
0.890279 -5 -1.92906 0.00157346 0.103894 0.500323 4.017 22 57 1137 1136 1 15.5524 15.5524 234 
-3.79371 0.177498 -5 -0.0788626 0.883914 2.93556 4.00266 22 58 30779 30479 1 0 0 1 
-3.65405 -3.86874 -5 0.343805 1.21324 3.26484 3.99755 22 59 1495 1406 1 7.24078 7.24078 148 
-5 -3.94451 0.0636025 0.652951 -0.68692 0.310239 4.02724 11 60 2352 2333 1 4.48671 4.48671 42 
1.52734 -5 -4.43843 0.0978327 0.200722 0.36099 4.00938 22 61 7908 7736 1 2.91773 2.91773 37 
-3.63412 -5 3.73349 -0.171196 0.170029 0.0524546 4.07737 22 62 13639 13448 1 0 0 3 
-0.84024 -5 -0.172052 7.28071 15.9989 30.7513 4.01346 -11 63 2832 2831 1 4.58695 4.58695 40 
3.43442 -5 -3.52912 0.323681 -0.191134 -0.352833 4.00058 11 64 8406 8381 1 0.382642 0.382642 42 
4.94752 -5 -1.11601 0.122349 1.28473 1.04036 4.02029 22 65 7031 7030 1 1.92932 1.92932 74 
2.49758 -5 3.06087 0.109093 0.123886 0.347136 4.02348 22 66 2003 1933 1 2.8366 2.8366 79 
-4.61413 -4.91323 -5 0.190721 0.125653 1.35518 3.99333 22 67 6026 5727 1 0.331011 0.331011 5 
-0.745187 -5 2.76158 -0.0685927 0.205731 0.0567843 4.09332 22 68 7109 7053 1 0.223789 0.223789 29 
-2.71184 -5 -3.20227 0.271284 2.21411 -0.027883 4.02677 -11 69 4733 4732 1 9.5584 9.5584 160 
1.03827 -2.00042 -5 0.26773 0.175681 0.177482 4.04738 22 70 9722 9596 1 0 0 5 
-2.35258 -3.38101 -5 5.69434 7.34237 18.0694 3.99115 -11 71 1598 1597 1 70.5946 70.5946 699 
-0.727773 -5 -3.48207 0.0768562 0.231944 0.0963005 4.05002 22 72 3980 3962 1 1.93572 1.93572 43 
1.20922 -5 2.65716 -1.17523 1.23496 -0.0534102 4.05502 22 73 5499 5444 1 0.625307 0.625307 28 
-5 -4.00512 -0.989323 4.63541 12.9835 10.272 4.01209 22 74 12389 12374 1 3.98129 3.98129 31 
-2.43313 -0.467312 -5 0.178803 0.496193 1.1931 3.99865 22 75 2394 1570 1 3.41753 3.41753 85 
-0.229639 2.28457 -5 0.534995 0.233574 1.9691 4.00438 22 76 1265 1104 1 4.06802 4.06802 86 
-5 -2.85119 0.725775 -0.835974 -1.41396 1.06732 4.01201 11 77 11163 11162 1 2.23257 2.23257 59 
-4.1937 -5 -3.2367 0.0804495 0.418241 0.120973 4.03348 22 78 1336 1320 1 0.252997 0.252997 12 
-5 -2.1558 -3.09971 0.204416 -0.212256 -0.124686 4.0521 22 79 11246 11245 1 0 0 6 
-4.26204 -5 -3.03555 -0.00346539 1.05108 0.93402 4.02064 22 80 2589 2520 1 0.281995 0.281995 34 
3.36296 -5 2.47894 0.0730398 0.178884 0.365008 4.06458 22 81 10689 10674 1 10.2823 10.2823 75 
-5 -1.25047 -1.74617 0.108144 0.269469 1.45507 4.00545 22 82 5413 5329 1 6.07208 6.07208 37 
-5 1.59213 -4.56972 5.02767 7.02685 6.87546 4.0283 22 83 1352 1351 1 1.13223 1.13223 11 
3.76966 -4.00555 -5 0.168106 -0.0878741 0.711706 3.99541 22 84 4825 4653 1 0 0 12 
1.60393 -5 -4.87237 0.0428375 0.167256 0.28548 4.02126 22 85 2800 2736 1 1.86154 1.86154 35 
-0.350301 2.53295 -5 0.596693 0.3872 1.22583 4.00556 22 86 2978 2801 1 3.5591 3.5591 91 
-4.08722 4.56985 -5 0.182183 0.216657 1.32839 3.99345 22 87 5013 4370 1 4.7972 4.7972 32 
1.13403 4.07399 -5 0.195827 0.479834 0.405907 4.03227 22 88 15397 15321 1 0.746726 0.746726 14 
-1.84443 -5 -4.68196 3.38991 -1.26726 1.64959 4.02664 11 89 4151 4147 1 0.870887 0.870887 29 
-4.43779 -1.21606 -5 0.0443075 0.334934 4.61627 3.98721 22 90 1989 1 1 29.6578 29.6578 220 
1.20798 -2.26783 -5 0.0265462 0.18954 0.15154 4.01335 22 91 3233 3225 1 6.4923 6.4923 140 
-4.74974 -5 2.92669 0.253308 0.264868 0.35609 4.04078 22 92 8960 8957 1 1.83706 1.83706 17 
-4.20314 1.95146 -5 0.0464839 0.11316 0.307083 4.00371 22 93 7098 6900 1 0.485673 0.485673 53 
3.82827 -0.445979 -5 0.127819 0.29439 0.146521 4.0653 22 94 4544 4543 1 12.6107 12.6107 117 
-1.77443 -5 2.79359 -0.0531683 1.75213 2.42876 4.03973 22 95 5293 5268 1 0 0 6 
-3.76493 -5 4.13347 -0.0154311 0.30602 0.185384 4.05121 22 96 2456 2000 1 4.21965 4.21965 26 
-1.89703 3.47128 -5 0.45674 0.0414694 0.523953 4.0197 22 97 1540 1504 1 0.353634 0.353634 34 
-5 3.02367 1.34254 0.625175 1.41012 3.48128 4.02572 22 98 3303 3097 1 0 0 4 
-4.20572 -3.99431 -5 -0.00331353 0.29151 0.298701 4.02315 22 99 3186 3142 1 0.999835 0.999835 41 
5 -2.58908 0.593773 -0.513696 0.12963 1.11331 4.03241 22 100 2550 2523 1 1.16035 1.16035 69 
-2.51238 -5 1.13266 0.14608 0.304528 0.383462 4.05557 22 101 1051 1050 1 1.66879 1.66879 39 
-3.86199 -5 -1.45616 1.41318 2.30399 0.476411 4.07024 22 102 1282 1213 1 10.2015 10.2015 135 
-1.76843 -5 3.32025 0.0846377 0.260377 0.389609 4.02953 22 103 6366 6208 1 0.511702 0.511702 65 
-1.25624 5 -1.97765 0.150484 -0.459686 -0.308786 4.10475 22 104 1003 1002 1 3.52392 3.52392 70 
0.899618 -4.02463 -5 5.30443 5.52539 31.9565 3.99286 22 105 1831 1736 1 4.32589 4.32589 72 
-0.607336 -5 0.37633 0.195791 0.14016 0.450712 4.03842 22 106 4094 4093 1 1.59843 1.59843 17 
0.868173 -5 0.491645 0.16073 0.484937 -0.0110204 4.05926 22 107 9020 9018 1 0.296208 0.296208 10 
1.19699 1.68957 -5 0.0796151 0.185229 0.174735 4.02344 22 108 3048 2910 1 4.40254 4.40254 87 
-2.79047 -4.47001 -5 0.115663 0.170378 0.865872 3.993 22 109 2102 1901 1 2.38936 2.38936 43 
2.1726 -4.22652 -5 0.141333 0.523518 2.07161 3.9931 22 110 1637 1525 1 2.42657 2.42657 74 
-5 -1.69581 2.27996 0.0372078 -0.265048 0.0106295 4.03129 22 111 7082 7081 1 3.79598 3.79598 32 
-5 -1.67046 -3.37112 0.390197 0.7753 2.50269 4.00779 22 112 1667 1520 1 0.474023 0.474023 17 
-1.98252 -0.880461 -5 -0.00307615 -0.0466099 0.234507 4.00006 22 113 3333 3332 1 69.1406 69.1406 761 
4.99945 -4.67418 -5 0.150155 0.324977 1.48689 3.99199 22 114 4046 3902 1 8.3316 8.3316 153 
3.04118 -5 -3.49985 0.306805 0.505638 0.627687 4.01392 22 115 4253 4171 1 2.96263 2.96263 35 
-0.575844 0.147812 -5 -0.521329 0.913494 0.665434 4.05365 22 116 2627 2626 1 0.2256 0.2256 6 
4.38254 3.1856 -5 2.51573 3.65627 16.5081 4.00234 22 117 9299 9133 1 4.4455 4.4455 28 
4.54281 -5 4.32761 0.176237 0.137382 0.341298 4.05857 22 118 2212 2187 1 2.39184 2.39184 21 
2.8952 1.28265 -5 0.222169 0.312766 0.273837 4.03922 22 119 6699 6698 1 2.31018 2.31018 92 
-3.57617 -5 1.50022 -0.133872 0.453179 0.180335 4.0677 22 120 15895 15836 1 8.64138 8.64138 62 
-3.24646 -1.32851 -5 0.751831 1.80873 7.46339 3.99784 22 121 12742 12454 1 0.546961 0.546961 6 
-2.24289 -5 -0.505639 0.119622 0.0863835 0.255537 4.00941 22 122 6014 5826 1 0.635344 0.635344 67 
3.47779 -4.25916 -5 0.2547 0.737428 5.83418 3.98952 22 123 5669 5539 1 6.06366 6.06366 91 
-2.73288 3.75445 -5 0.318863 0.805767 0.995075 4.01657 22 124 18719 18660 1 0.734955 0.734955 19 
3.9336 2.63865 -5 0.841939 0.846557 0.910142 4.02928 22 125 2194 1945 1 7.10082 7.10082 50 
1.60094 -2.82123 -5 0.602963 2.00688 5.79631 3.99562 22 126 5225 5204 1 4.18553 4.18553 40 
3.76014 -4.57268 -5 0.201301 0.393873 0.79438 4.01072 22 127 16963 16900 1 0 0 5 
-5 -0.652516 -3.8331 1.09933 0.720581 0.917189 4.04691 22 128 3238 3214 1 4.7151 4.7151 99 
3.02158 -2.48384 -5 0.545056 0.484689 1.41098 4.00514 22 129 2059 1901 1 0.824373 0.824373 51 
0.972893 0.694628 -5 0.116269 0.368413 0.53556 4.0357 22 130 10061 10060 1 1.47648 1.47648 40 
4.04889 -5 1.54985 0.511224 0.852746 1.31666 4.03277 22 131 3549 3484 1 0.312026 0.312026 7 
-5 -2.59747 -3.63252 0.309365 0.465527 0.888261 4.00646 22 132 11918 11805 1 6.71348 6.71348 37 
-3.46752 -5 2.03324 1.05467 0.885362 0.501174 4.05711 22 133 6475 6474 1 2.21592 2.21592 14 
1.04622 -2.1083 -5 8.16287 12.2173 18.0593 4.00775 22 134 2626 2550 1 1.07349 1.07349 165 
-0.621659 -5 -4.41251 -0.354033 0.0896377 -0.061705 4.00539 22 135 2219 2127 1 15.7372 15.7372 166 
-0.700691 3.96532 -5 0.34617 1.10542 2.38278 4.01472 22 136 8469 6858 1 0.573691 0.573691 72 
1.48686 -3.29644 -5 0.370867 0.225198 0.5469 4.00799 22 137 2181 2145 1 12.3221 12.3221 239 
-1.43897 3.76175 -5 0.131631 0.304257 0.244129 4.0511 22 138 7037 7013 1 0.0303356 0.0303356 12 
3.98296 -5 -3.7608 0.809097 0.935268 1.93545 3.99629 22 139 4331 4284 1 18.5352 18.5352 198 
2.75651 -4.55386 -5 2.01862 2.14463 5.2862 4.00816 22 140 7549 7499 1 2.34871 2.34871 51 
-0.736868 -5 -1.57653 0.225117 0.274274 0.367717 4.03786 22 141 10706 10665 1 0 0 3 
5 0.713731 -4.79493 -0.140189 0.27611 0.406485 4.02526 22 142 9284 9283 1 7.19064 7.19064 88 
4.05418 -5 -3.52552 0.730029 0.555102 0.747296 4.02261 22 143 10036 9990 1 0.194053 0.194053 8 
-5 -2.74256 -2.5098 0.169073 0.117349 -0.0576747 4.05539 22 144 7503 7461 1 1.524 1.524 19 
-0.527333 -5 0.7227 0.337867 0.0810185 0.872215 4.01114 22 145 3131 3067 1 0.354357 0.354357 45 
1.99882 -0.641517 -5 0.03057 0.266911 0.0388332 4.07198 22 146 1061 1002 1 0.181837 0.181837 36 
-1.92737 1.79195 -5 0.338047 0.472678 1.80522 4.00184 22 147 9982 8914 1 0.551222 0.551222 31 
-5 1.76377 4.49554 0.177954 0.473467 0.0726753 4.12011 22 148 18407 18406 1 0 0 4 
-5 -2.61486 -2.7732 0.0853544 0.279666 0.388217 4.00664 22 149 9005 9001 1 0.0763337 0.0763337 16 
4.49237 -5 0.0282373 0.993994 1.4054 0.798321 4.04469 22 150 15211 15163 1 0 0 4 
-5 -2.74552 -0.13302 0.0848501 0.563795 0.199879 4.02284 22 151 5208 5130 1 0.00350873 0.00350873 9 
1.22493 -5 -0.134556 1.23707 1.5639 4.72395 4.01624 22 152 10091 9941 1 1.47806 1.47806 8 
1.36811 -5 -1.60366 0.498563 1.54052 0.962688 4.02801 22 153 9000 8947 1 0.783091 0.783091 6 
3.72764 -5 2.95871 0.50813 0.412934 0.457225 4.09937 22 154 2547 2476 1 5.33116 5.33116 126 
-3.04348 -0.350312 -5 0.158322 0.789585 0.754789 4.06539 22 155 2950 2949 1 1.35962 1.35962 50 
-3.61265 2.59529 -5 0.0136822 0.141119 0.479638 4.00093 22 156 4809 4601 1 0.610502 0.610502 33 
-4.00792 1.24046 -5 0.00103293 0.100338 0.318153 3.99667 22 157 2308 2095 1 7.05713 7.05713 103 
1.42942 0.0284273 -5 0.0452848 0.173464 0.348797 4.00245 22 158 2558 2432 1 10.8497 10.8497 52 
-2.91514 -2.03012 -5 3.78958 10.0097 34.4934 3.99797 22 159 7363 7288 1 2.98126 2.98126 33 
-3.6925 0.591827 -5 2.89502 12.9994 34.938 4.00044 22 160 5436 5293 1 0.580024 0.580024 19 
-5 -0.0804371 -1.53333 0.119265 0.395739 0.357279 4.03196 22 161 5438 5437 1 2.56972 2.56972 17 
-5 -4.85399 3.60304 1.17796 1.2058 2.49902 4.04748 22 162 7351 7318 1 6.77659 6.77659 55 
4.62943 -2.25189 -5 0.0153858 0.269548 0.207525 4.05652 22 163 4230 4179 1 0 0 1 
-0.888397 -5 -0.198651 3.46718 2.46624 0.341193 5.06907 22 164 3467 3429 1 0.141688 0.141688 12 
4.5925 -3.97844 -5 0.220232 0.790627 2.19195 4.00097 22 165 7780 7732 1 0 0 11 
3.66689 -5 -4.32906 0.944488 0.685545 1.70173 4.00952 22 166 2556 2376 1 0.0340221 0.0340221 4 
5 2.77635 3.65936 -0.083431 0.32335 0.503431 4.08283 22 167 8131 7836 1 0 0 5 
3.93031 -4.99274 -5 0.410674 -0.483206 3.07983 3.98976 22 168 1514 1 1 4.61292 4.61292 36 
-2.58752 -3.98253 -5 0.0281287 0.107746 0.532052 3.99322 22 169 14208 14047 1 1.54445 1.54445 15 
3.87558 2.1386 -5 0.0827831 0.00772216 0.323195 4.03555 22 170 11511 11486 1 0.128787 0.128787 8 
-2.71141 -5 -3.15562 0.0383053 0.230499 0.167811 4.03325 22 171 3445 3346 1 0 0 7 
-5 -0.0590974 2.03173 0.718172 0.706656 1.67529 4.02872 22 172 4838 4646 1 0.220355 0.220355 38 
-5 -4.94041 -2.78457 0.82284 0.79688 3.1501 4.01094 22 173 7050 6982 1 0.187468 0.187468 7 
-1.99614 -0.0579406 -5 -0.0582407 0.419247 0.939409 4.00207 22 174 5821 5726 1 0.0795958 0.0795958 25 
-0.00847973 1.52 -5 0.238475 0.193806 1.00311 4.00317 22 175 3754 3602 1 0.402591 0.402591 12 
5 -0.916598 4.69232 -0.615523 0.118443 0.885456 4.04922 22 176 9233 9186 1 0 0 5 
-5 3.21751 3.61002 0.0183553 0.305703 0.00842453 4.13221 22 177 2466 2061 1 0.0751708 0.0751708 10 
0.921627 -5 4.13077 0.16251 0.20635 0.366809 4.04407 22 178 6639 6542 1 0.105351 0.105351 11 
3.15709 3.9802 -5 0.461622 -0.00115687 0.887986 4.0204 22 179 1277 1 1 15.6462 15.6462 114 
-1.07627 -5 -4.98646 0.381152 1.71108 1.05953 4.02524 22 180 5519 5517 1 5.8533 5.8533 136 
-0.140219 3.47318 -5 0.249938 0.0955785 0.212352 4.03935 22 181 2732 2681 1 9.59703 9.59703 128 
4.6495 2.42349 -5 1.53959 1.84746 5.09729 4.00373 22 182 12057 11765 1 1.31786 1.31786 47 
-3.38168 -4.80648 -5 0.354711 0.633057 3.82591 3.99093 22 183 2613 1 1 12.4636 12.4636 142 
-0.996725 0.430894 -5 1.287 0.790663 3.82587 3.99288 -11 184 2808 2807 1 8.15778 8.15778 136 
-3.99628 -0.987726 -5 -0.0191921 0.262758 0.264882 4.01644 22 185 2176 2173 1 1.78865 1.78865 14 
-1.09478 -5 -1.25656 -0.327116 1.90176 -1.07705 4.017 -11 186 2165 2164 1 7.27956 7.27956 140 
2.57175 -2.08103 -5 -0.097246 -0.0787955 0.21958 4.10158 22 187 7531 7505 1 3.10239 3.10239 71 
-2.96629 -5 -3.64732 0.269329 0.326242 0.374965 4.01582 22 188 7926 7778 1 2.40811 2.40811 65 
2.22256 -2.33156 -5 0.329859 2.5663 4.93506 4.02071 22 189 7016 6945 1 0 0 5 
2.67685 -1.28573 -5 0.0548921 2.02482 6.02866 4.00346 22 190 1691 1598 1 0.159177 0.159177 44 
3.06281 -4.15189 -5 0.0975747 -0.0919054 0.313033 3.99691 22 191 4930 4920 1 0.72587 0.72587 34 
3.79658 2.33416 -5 26.7193 25.2757 71.399 6.32841 2112 192 10253 10208 1 1.10256 1.10256 11 
1.49751 -5 -4.82583 2.21303 2.29865 7.11567 3.99976 22 193 2333 2266 1 12.0045 12.0045 111 
5 -2.72514 4.1911 -0.900904 1.09798 0.493432 4.0548 11 194 7439 7417 1 1.58721 1.58721 59 
2.15668 -5 0.889751 0.361362 1.4312 1.05959 4.1034 22 195 10209 10186 1 1.15463 1.15463 9 
-3.58338 -5 4.29781 0.223868 1.28624 3.9858 4.02306 22 196 2723 2522 1 35.3735 35.3735 262 
-5 3.35 0.290406 0.305097 -0.240831 -0.211935 5.06652 22 197 5141 5140 1 0.299748 0.299748 24 
-1.41158 -5 3.20569 1.99633 5.23358 2.24771 4.01924 11 198 1 0 1 8.04481 8.04481 121 
-0.900558 3.13251 -5 0.557434 1.688 6.08957 4.00217 22 199 21666 21402 1 0.110687 0.110687 6 
2.37954 2.44782 -5 0.054323 0.280719 0.498827 4.01023 22 200 2457 1 1 4.15242 4.15242 40 
3.85946 -5 -2.68719 0.232783 0.618557 3.42928 4.00009 22 201 3985 3816 1 10.5241 10.5241 94 
1.62629 -1.19122 -5 0.218371 0.00747189 0.56306 3.99657 22 202 4575 4466 1 12.8009 12.8009 156 
-5 0.337386 -1.9256 0.156865 0.0992692 0.280206 4.01307 22 203 2089 1978 1 1.45385 1.45385 11 
-2.10256 -5 1.14364 0.460322 0.216235 0.0496624 4.05143 22 204 5744 5743 1 0.396148 0.396148 28 
-4.94685 -2.96866 -5 3.77044 10.3521 36.1704 3.99919 22 205 1077 1049 1 1.17626 1.17626 42 
-0.379323 -1.98661 -5 0.0557304 0.158632 0.377521 4.00262 22 206 7568 7538 1 2.35766 2.35766 31 
3.23006 -2.60028 -5 0.237384 0.410298 0.190852 4.20965 22 207 7634 7633 1 0.199837 0.199837 7 
3.34276 0.275647 -5 1.81431 9.09377 48.3773 3.99267 22 208 1425 1375 1 0.378376 0.378376 67 
-2.46312 -5 2.90624 0.263289 0.0938464 0.129329 4.08608 22 209 2907 2884 1 4.08046 4.08046 29 
0.175099 4.62051 -5 0.0431363 0.49005 0.13824 4.05341 22 210 2358 2357 1 2.64138 2.64138 56 
-2.56972 -4.81497 -5 -0.0419534 0.125025 0.493689 3.99457 22 211 4000 3970 1 12.4648 12.4648 165 
-5 0.0347659 4.53963 0.18376 0.452651 0.149863 4.09027 22 212 7702 7701 1 1.76727 1.76727 57 
0.912662 -1.76155 -5 0.0483056 0.143585 0.0679471 4.04371 22 213 5969 5949 1 0.475718 0.475718 21 
-3.81721 -5 1.15212 2.39983 0.0241742 -1.24314 4.02227 22 214 1249 1248 1 7.41214 7.41214 46 
-1.58481 -5 -0.551572 -0.172249 0.300674 0.445927 4.01569 22 215 2642 2551 1 4.83449 4.83449 39 
-5 -2.12558 2.62512 0.191033 0.215307 0.177717 4.06183 22 216 1192 1176 1 0.848245 0.848245 18 
-1.46458 -5 -0.280205 0.0650671 0.319797 0.175745 4.041 22 217 18088 17998 1 0 0 4 
4.7912 -5 2.59117 0.270138 0.201064 0.242106 4.07344 22 218 2338 2337 1 0.664331 0.664331 13 
-5 0.391469 2.80436 0.161982 0.33413 0.351054 4.07569 22 219 3270 3253 1 0 0 7 
2.86499 -5 4.69158 0.346436 0.430938 0.315091 4.06997 22 220 4035 3907 1 0.235325 0.235325 5 
-0.205521 -4.28531 -5 0.0454114 0.586993 1.53791 3.99342 22 221 1388 1 1 11.6108 11.6108 110 
-2.41904 -2.49725 -5 0.0611555 -0.248262 0.836476 4.00686 22 222 6707 6674 1 15.1149 15.1149 130 
2.84787 -5 -3.98182 0.355736 0.359819 0.071426 4.04082 22 223 1563 1540 1 0 0 11 
0.294313 -2.54675 -5 0.00391261 0.0159375 0.0244564 4.0908 22 224 6337 6322 1 0.852183 0.852183 104 
-3.27616 -1.29919 -5 0.0592438 0.166059 0.14226 4.01061 22 225 5175 5099 1 0.225996 0.225996 34 
1.18202 -2.75309 -5 1.73711 0.630265 8.57529 3.99049 22 226 3416 3248 1 3.8015 3.8015 32 
5 -1.61776 4.81745 -0.251777 0.196445 0.225568 4.16667 22 227 1195 1171 1 0 0 4 
-3.77154 4.19626 -5 1.25726 2.57356 9.94735 3.99696 22 228 1438 1 1 1.75706 1.75706 42 
2.21183 -5 -4.02795 0.284876 0.491957 0.271645 4.04247 22 229 15568 15567 1 0.384448 0.384448 44 
1.53116 -5 0.00885143 0.304935 0.406143 0.0564121 4.08247 22 230 25397 25366 1 0 0 3 
-3.40268 -5 -0.30791 0.0799297 0.346858 -0.0917405 4.08826 22 231 1767 1765 1 0.367285 0.367285 23 
3.58693 -5 -4.77151 0.204945 0.164337 0.673069 4.00226 22 232 10852 10696 1 2.57378 2.57378 9 
1.76822 -1.07254 -5 7.22863 3.62529 16.1016 4.00173 -11 233 12736 12735 1 5.1517 5.1517 72 
-4.67534 5 -1.52845 -0.762586 -0.484868 2.45835 4.02114 22 234 2063 1993 1 9.97086 9.97086 153 
2.52338 -5 -1.57522 -0.0474339 0.371424 0.347727 4.02095 22 235 6547 6545 1 2.09161 2.09161 11 
-0.682396 -5 4.49374 -0.0350391 0.21389 0.126388 4.06302 22 236 12286 12257 1 0.1741 0.1741 6 
1.30791 -5 0.949594 0.33331 0.479697 0.992774 4.02752 22 237 2395 2233 1 0 0 10 
-0.976046 -5 -4.73224 0.065067 0.388127 0.0236365 4.07519 22 238 3727 3704 1 0.662126 0.662126 5 
3.8674 -5 -1.05325 0.215296 0.745083 0.875743 4.01391 22 239 3003 2889 1 0.0124299 0.0124299 13 
-5 1.5015 -4.17838 0.241904 0.462545 0.29452 4.02483 22 240 8458 8457 1 1.92811 1.92811 74 
2.96515 -5 -3.79133 0.944008 0.457919 -0.0922383 4.08929 22 241 1316 1273 1 0.384245 0.384245 11 
2.20378 3.02311 -5 0.310302 0.17728 0.789877 4.00523 22 242 1474 1263 1 2.26481 2.26481 33 
3.7835 -5 0.832162 0.350397 0.266778 0.259174 4.05435 22 243 2772 2745 1 0.0162487 0.0162487 14 
-2.5759 0.529269 -5 0.17337 0.589895 1.33439 4.00247 22 244 5977 5498 1 0.524725 0.524725 23 
-3.37118 1.44826 -5 0.0893647 0.0824633 0.626687 3.99421 22 245 2528 2056 1 7.01456 7.01456 30 
-0.10629 -3.90038 -5 0.030431 0.0413409 0.277336 4.04173 22 246 1671 1670 1 12.97 12.97 75 
4.31178 -3.92769 -5 2.75045 3.0886 7.48681 4.007 22 247 2685 2521 1 0.815709 0.815709 12 
2.7828 -5 -2.902 0.764636 0.81499 3.22724 4.00903 22 248 4822 4534 1 0.632609 0.632609 11 
-5 -2.24785 -2.48408 0.267476 0.223374 0.14326 4.05111 22 249 2826 2825 1 14.5279 14.5279 129 
-3.4191 -5 -0.389167 -0.0518907 0.4923 0.12676 4.09576 22 250 1486 1485 1 0.383469 0.383469 32 
-3.63059 -5 0.423846 0.127725 0.361707 -0.0129064 4.0632 22 251 3917 3915 1 1.36992 1.36992 38 
-2.54387 -5 -2.40038 0.229047 0.438306 1.30251 4.01301 22 252 1330 1194 1 0 0 6 
3.82421 -4.06904 -5 0.18147 0.222012 1.2985 3.99182 22 253 5402 5076 1 0.862975 0.862975 11 
2.29311 4.37635 -5 -0.171427 -0.0819956 1.19552 3.99791 22 254 1503 1394 1 7.38323 7.38323 78 
-3.5509 4.31644 -5 0.701979 1.63862 1.94857 4.01836 22 255 8513 8395 1 0 0 9 
0.284654 -5 -4.33476 0.745452 0.774178 4.21186 3.9976 22 256 7679 7375 1 3.57275 3.57275 68 
-1.77994 0.0652418 -5 -0.00204426 0.533515 2.53967 3.99665 22 257 6334 6139 1 1.29227 1.29227 11 
-4.69316 0.998303 -5 0.0992655 2.44753 5.58393 3.99686 22 258 1092 1 1 4.21293 4.21293 139 
-5 -0.670786 -1.61411 0.186788 0.0996832 0.389102 5.01367 22 259 6127 6126 1 1.72358 1.72358 65 
0.45098 -5 -4.77314 0.051978 0.309978 -0.402904 4.0427 22 260 3252 3251 1 0 0 6 
3.44163 -1.0571 -5 0.539403 0.730304 3.05265 3.99714 22 261 1191 1 1 6.82534 6.82534 86 
-1.67733 -5 1.03925e-05 -0.0837151 0.40284 0.303037 4.08537 22 262 12658 12657 1 0.753955 0.753955 31 
-4.09667 -5 -0.344091 2.80541 6.14085 96.3741 4.00208 22 263 3647 3358 1 14.0161 14.0161 214 
-3.21683 4.86761 -5 0.0349534 0.164103 0.282341 3.99778 22 264 2573 2537 1 8.07385 8.07385 107 
4.58412 0.886925 -5 0.194136 0.495309 1.80519 3.99729 22 265 1895 1576 1 5.53021 5.53021 124 
-2.77596 -5 3.76112 0.161969 0.130656 0.0923394 4.13353 22 266 3088 3087 1 0.667841 0.667841 57 
-1.97774 0.493723 -5 -0.130516 0.4741 0.662865 4.02983 22 267 2702 2677 1 0 0 11 
-5 -0.644928 -4.36459 0.29952 -0.0295164 0.412961 4.04336 22 268 4591 4588 1 0.586518 0.586518 41 
-5 0.666733 -0.103177 0.389635 -0.304192 0.129507 4.06098 22 269 3827 3800 1 0.504788 0.504788 17 
-3.03668 -2.8579 -5 0.996595 0.151401 1.39042 4.01084 22 270 15188 15091 1 0.197674 0.197674 32 
0.0732038 -5 2.47559 1.7697 2.40394 10.2405 4.02711 22 271 7400 6956 1 0.195199 0.195199 22 
-5 -0.277844 4.14362 0.136796 0.163903 0.0630238 4.06947 22 272 4628 4615 1 5.75328 5.75328 108 
-4.7695 -0.0946712 -5 1.89748 0.652077 4.24191 4.00196 22 273 1969 1908 1 3.10528 3.10528 30 
-4.04228 -5 2.79212 6.5064 10.2594 25.8349 4.02185 22 274 6674 6671 1 0.407217 0.407217 27 
2.35742 -5 -4.83379 0.102417 0.526875 1.57082 4.00056 22 275 1224 1208 1 6.91403 6.91403 73 
5 2.5076 3.85289 -0.15326 0.447228 0.410366 4.05869 22 276 4533 4431 1 2.73355 2.73355 30 
2.96882 -5 1.05869 0.0191901 0.291447 0.130326 4.01559 22 277 2904 2817 1 0.197258 0.197258 20 
-1.04846 0.289524 -5 0.220573 0.312036 1.6728 3.99776 22 278 28081 27956 1 0.164558 0.164558 13 
-3.7419 -5 -4.44285 0.127906 0.201911 0.539442 4.0112 22 279 4191 4132 1 0 0 12 
1.24592 -5 0.941995 -0.191206 8.96432 6.76032 4.02559 11 280 5583 5582 1 8.46068 8.46068 71 
-4.07214 -5 -4.48078 0.483583 0.915799 0.663556 4.01685 22 281 2104 2103 1 0.545261 0.545261 61 
1.16067 -5 -0.544607 0.0995 0.168485 0.517834 4.01051 22 282 1806 1422 1 2.71729 2.71729 55 
-3.17902 -4.28513 -5 0.378489 0.349509 0.261293 4.01398 22 283 3175 2965 1 0.121659 0.121659 3 
-5 -0.340556 1.1029 0.719715 0.229456 -0.170819 4.07345 22 284 11356 11355 1 1.93773 1.93773 40 
-4.08045 -1.52838 -5 0.310514 0.399205 0.0730479 4.02521 22 285 4074 4073 1 0.611218 0.611218 37 
-1.30968 -3.87789 -5 0.514683 0.492071 2.7035 4.00054 22 286 4437 4406 1 0.643668 0.643668 29 
2.02535 4.41963 -5 0.117571 0.271059 0.2534 4.03834 22 287 2663 2662 1 0 0 3 
4.14658 -3.4108 -5 0.150282 0.25895 0.200183 4.04564 22 288 3833 3792 1 0 0 4 
-2.44427 -5 -4.07638 0.0102451 0.248712 -0.0369511 4.0771 22 289 13498 13493 1 0.251297 0.251297 31 
-2.0624 -5 -0.559646 1.70729 3.4615 -0.51122 4.07392 22 290 7158 7155 1 1.4206 1.4206 16 
2.05683 -5 -2.98468 0.179787 0.304722 0.0725117 4.0396 22 291 3567 3540 1 1.53744 1.53744 27 
1.51734 -5 -3.75293 0.286113 0.824648 0.555487 4.01117 22 292 6542 6455 1 0.0741052 0.0741052 23 
-2.73749 -0.126015 -5 0.419039 -0.232218 0.177768 4.04407 22 293 1557 1554 1 0.318012 0.318012 34 
-5 1.6573 3.72364 0.356967 0.284273 0.249821 4.06203 22 294 2313 2073 1 0.954568 0.954568 45 
-3.04415 -2.92777 -5 -0.0617946 0.148789 0.777442 3.99459 22 295 5336 5165 1 0.636419 0.636419 43 
-5 -2.48388 3.92925 0.327005 0.496606 0.703998 4.02862 22 296 2055 1 1 1.80129 1.80129 28 
3.4277 -5 0.638061 0.0913989 0.163078 0.408084 4.05833 22 297 4095 4094 1 1.64658 1.64658 15 
-0.511787 2.14874 -5 0.177642 -0.0356864 0.1417 4.13514 22 298 3449 3411 1 8.23037 8.23037 135 
-2.65204 -0.0916808 -5 -0.167471 0.0888875 0.686197 4.00026 22 299 1056 1 1 8.08217 8.08217 95 
-0.405684 -5 -2.51422 0.238735 0.677257 0.650477 4.01428 22 300 2205 1 1 0.259177 0.259177 8 
3.32795 -0.560119 -5 0.619304 1.51284 8.58594 3.99179 22 301 2411 2046 1 2.03665 2.03665 28 
-4.41189 -3.04577 -5 2.87976 2.40516 6.47087 4.00561 22 302 6042 6041 1 2.2266 2.2266 48 
0.778469 1.14437 -5 0.204946 1.33453 3.63357 3.99516 22 303 2983 2963 1 0.277984 0.277984 38 
-5 -1.5633 4.33772 0.188884 0.325123 0.848137 4.03094 22 304 2595 2520 1 1.21206 1.21206 50 
-1.2956 -1.23888 -5 -0.0451697 0.156868 0.357411 3.99747 22 305 2658 2447 1 6.24773 6.24773 77 
1.93592 -2.93497 -5 0.202081 0.407341 4.14893 3.98888 22 306 5512 5088 1 6.39561 6.39561 90 
4.18737 -5 -1.09925 8.99097 0.448627 4.716 4.01014 -11 307 2738 2737 1 2.93563 2.93563 96 
-5 -1.56855 4.9884 0.296493 0.23302 0.260943 4.11489 22 308 1399 1 1 2.56902 2.56902 13 
2.41027 -1.84197 -5 0.374237 0.405888 0.51274 4.02596 22 309 4440 4267 1 9.44894 9.44894 87 
0.270277 -5 -2.50545 0.0709879 0.475302 0.173691 4.0501 22 310 24313 24312 1 0.248808 0.248808 4 
1.96205 0.863293 -5 0.103776 1.18813 3.58408 4.00074 22 311 11293 11189 1 0.168294 0.168294 28 
-2.57465 3.83068 -5 0.14569 0.715692 1.01995 4.00052 22 312 8409 8347 1 13.0457 13.0457 134 
-5 3.3228 -2.97513 0.4852 0.00544849 -0.160221 4.10077 22 313 2094 2093 1 0.510591 0.510591 28 
-0.0891022 -4.85833 -5 3.65133 -1.15192 2.22621 4.07607 22 314 11641 11599 1 0.510566 0.510566 34 
-3.64892 -5 -1.16303 0.216661 0.223049 0.405496 4.04815 22 315 3193 3192 1 0.99444 0.99444 28 
1.07147 -4.6525 -5 -0.0634476 0.24064 2.39412 3.98872 22 316 1242 1 1 33.0054 33.0054 286 
5 -2.35362 -2.87878 -0.225701 -0.0686166 -0.0482689 4.0626 22 317 4028 3957 1 0.240496 0.240496 32 
4.96996 -5 -0.275938 0.153561 0.273796 0.275264 4.16853 22 318 2195 2193 1 1.54697 1.54697 52 
2.51393 -0.844232 -5 -0.370629 0.635863 1.56789 4.00849 22 319 9067 8842 1 7.24517 7.24517 53 
-1.89277 2.50943 -5 6.70456 9.32845 24.9364 4.00482 11 320 1 0 1 11.1652 11.1652 172 
-0.677031 2.86693 -5 0.111876 0.388299 2.41256 3.9916 22 321 2025 1 1 2.99803 2.99803 50 
4.03337 -4.9221 -5 0.0383549 0.201021 0.872626 3.99468 22 322 10879 10457 1 0 0 7 
-5 -3.25 -1.82789 0.297869 0.772377 0.695225 4.0367 22 323 1611 1610 1 4.71497 4.71497 61 
-5 -3.54575 0.964557 0.395339 -0.0702425 0.309573 4.06807 22 324 4808 4789 1 0.116943 0.116943 20 
-5 1.08363 4.99521 0.224616 0.589622 0.24455 4.08139 22 325 3440 3422 1 0 0 8 
-4.06963 -5 -3.32648 -0.728084 1.01837 1.1171 4.14495 22 326 1770 1769 1 0 0 7 
3.67739 -5 0.271653 0.789013 0.771053 0.661561 4.07833 22 327 2143 2110 1 1.8715 1.8715 19 
-3.40594 -1.03447 -5 -0.183066 0.153953 0.206138 4.00909 22 328 1764 1667 1 13.1673 13.1673 219 
2.88013 -2.54407 -5 -0.103206 0.270825 0.120775 4.00746 22 329 5247 5006 1 2.66196 2.66196 63 
-5 -3.03529 0.28287 0.0433741 0.0576469 0.10311 4.01842 22 330 2899 2879 1 0.591456 0.591456 45 
2.33878 -2.19529 -5 0.0156085 0.979954 4.08051 4.00189 22 331 4099 3989 1 1.32234 1.32234 38 
-5 -3.21992 4.7766 0.758977 -0.150461 5.39606 4.0229 22 332 2517 2272 1 11.2123 11.2123 91 
-1.88514 1.59964 -5 2.69063 2.07461 6.92148 4.0063 22 333 1663 1658 1 7.52891 7.52891 71 
-3.05202 -5 -1.53241 -0.0271003 2.87872 -1.35489 4.01692 -11 334 1277 1276 1 3.72121 3.72121 54 
1.46496 5 3.55713 1.09208 -1.61503 0.759 4.04934 22 335 1932 1931 1 6.53264 6.53264 150 
-1.55484 0.629568 -5 -4.1444 3.94417 3.44978 3.99696 11 336 1 0 1 24.4871 24.4871 324 
3.90228 -5 -2.59109 0.137602 0.221487 0.25375 4.02656 22 337 9236 9113 1 3.21932 3.21932 63 
-5 -2.74148 3.74591 1.03439 1.79896 0.0173524 4.04377 22 338 4271 4270 1 2.52955 2.52955 80 
0.288619 -5 1.90357 0.0791538 0.5 0.0696731 4.08342 22 339 4987 4986 1 2.76052 2.76052 62 
4.75703 -2.00572 -5 0.212056 -0.046421 0.597342 4.04074 22 340 9809 9760 1 0 0 4 
2.72168 1.49691 -5 0.153943 0.358827 0.302992 4.02671 22 341 23103 23102 1 0 0 2 
3.94912 -5 -1.00837 0.361502 0.127974 -0.0706485 4.08634 22 342 1645 1604 1 0.600667 0.600667 63 
-3.96317 -5 3.56786 -0.145502 0.442901 0.402213 4.05209 22 343 3165 3114 1 0.599144 0.599144 79 
-0.327278 -2.23392 -5 -0.0616083 0.124559 0.151575 4.00214 22 344 3141 3094 1 1.97138 1.97138 91 
1.53729 0.117481 -5 -0.199503 -0.0920581 0.0949568 4.1323 22 345 9113 9112 1 2.7177 2.7177 65 
-3.73963 -5 0.232145 0.17112 0.478417 0.0543579 4.06136 22 346 4299 4298 1 4.21735 4.21735 72 
-5 0.130197 4.91094 11.2215 12.5415 40.2672 4.03501 -11 347 13412 13411 1 1.13671 1.13671 28 
-4.90147 -5 -3.33211 0.147988 0.442257 0.208874 4.05428 22 348 6181 6180 1 0.59002 0.59002 72 
3.24176 4.71834 -5 0.670302 -0.344088 0.0842852 4.07122 22 349 3983 3943 1 21.2272 21.2272 155 
-3.25165 1.31275 -5 0.254007 -0.0518881 0.0276352 4.19913 22 350 2225 2223 1 0.0945387 0.0945387 11 
3.26445 -5 1.01891 -0.195713 0.264789 0.347907 4.02815 22 351 1375 1 1 11.9812 11.9812 151 
1.42234 3.82839 -5 0.18219 0.510684 0.345669 4.0087 22 352 3530 3185 1 10.1932 10.1932 107 
3.89957 -5 2.53363 0.373971 0.340519 -0.0728867 4.09772 22 353 5205 5204 1 5.16242 5.16242 19 
-0.674312 -5 0.0153395 0.168049 0.552857 0.19634 4.04192 22 354 16062 15562 1 0.225529 0.225529 8 
1.69718 -3.94536 -5 1.03697 1.22736 8.28372 3.99268 22 355 1662 1 1 0.791936 0.791936 48 
-2.74397 -5 -0.960309 0.156766 0.224127 -0.0577734 4.06957 22 356 1822 1530 1 0.787352 0.787352 62 
-0.0400848 -5 0.549532 0.169105 0.36508 0.315023 4.02933 22 357 2264 2239 1 4.6935 4.6935 38 
-5 -1.63017 2.11434 4.22432 -0.946952 6.74951 4.0214 -11 358 4723 4722 1 12.9889 12.9889 159 
-3.30694 -5 4.96124 0.151733 0.2319 0.243731 4.06136 22 359 5659 5657 1 7.89199 7.89199 49 
-2.90356 -5 -0.640271 0.205467 0.836817 0.84518 4.02979 22 360 2997 2963 1 0.0290387 0.0290387 9 
-5 -2.64341 -0.306746 10.6345 1.14555 11.9155 4.01381 22 361 3069 3003 1 18.5427 18.5427 168 
4.49555 -5 -0.178424 0.622144 0.978744 2.84646 4.01689 22 362 1185 1 1 15.0385 15.0385 111 
0.0215573 -5 4.20154 0.131807 0.24306 1.05537 4.02558 22 363 1192 1 1 0.515613 0.515613 36 
-4.10592 -5 -0.742916 0.218749 0.22142 -0.130781 4.05214 22 364 1381 1268 1 1.6211 1.6211 67 
-5 -4.29084 -1.33022 0.0733414 0.245889 0.00138046 4.09591 22 365 1969 1903 1 0.529458 0.529458 25 
2.94048 -2.15343 -5 0.305515 0.422866 0.899846 4.02585 22 366 1754 1753 1 6.08017 6.08017 59 
5 2.36497 1.8369 -0.157408 0.186458 0.393964 4.11887 22 367 1061 1060 1 7.29679 7.29679 100 
2.51079 -2.77152 -5 0.234134 0.155995 0.826879 3.99875 22 368 7515 7387 1 4.37711 4.37711 74 
0.917941 -2.65417 -5 -0.0555242 0.242882 0.592937 4.01739 22 369 2809 2725 1 0.642886 0.642886 21 
-2.26565 -5 -1.73898 0.160022 0.38202 1.07554 4.01491 22 370 3248 3209 1 0.530389 0.530389 28 
-5 -1.1193 2.43593 0.682965 0.598397 0.259779 4.04877 22 371 9547 9546 1 0.647925 0.647925 23 
-4.99914 -5 0.982259 0.34469 0.301245 0.227069 4.05965 22 372 15411 15410 1 8.87888 8.87888 123 
1.08556 3.03767 -5 0.211714 -0.337233 0.320267 4.04695 22 373 7866 7864 1 0.629397 0.629397 25 
-2.30792 -5 -0.234035 -0.0215956 0.797381 2.27299 4.00865 22 374 2290 2162 1 2.98344 2.98344 46 
-0.512603 -2.65826 -5 0.0105226 0.466505 0.208285 4.0584 22 375 1547 1506 1 4.42954 4.42954 110 
0.817455 -5 -3.14587 -0.131607 0.103354 0.291981 4.06195 22 376 9099 8971 1 0 0 7 
-1.53474 -3.45082 -5 0.107641 0.180226 0.723331 3.99952 22 377 2670 2438 1 0.199805 0.199805 21 
-3.28715 2.03613 -5 0.312677 0.782284 1.48651 4.00604 22 378 10755 10666 1 0 0 19 
-1.96666 4.44157 -5 0.635071 1.02827 5.80311 3.99297 22 379 2981 2660 1 1.19496 1.19496 42 
-3.69362 -5 4.653 -0.0301539 0.516181 0.3515 4.05498 22 380 2508 2397 1 1.65455 1.65455 9 
-5 3.44554 1.14524 1.06912 -0.284618 -0.0574922 4.0927 22 381 3680 3609 1 0.807506 0.807506 58 
2.52813 -1.11611 -5 1.18154 1.70532 6.67659 3.99695 22 382 6085 5578 1 6.50739 6.50739 149 
-1.62907 4.21023 -5 1.93494 -0.504746 0.681776 4.01082 11 383 4026 4025 1 0.503311 0.503311 73 
-5 0.426387 -3.73519 0.019882 0.219151 -0.0715069 4.06931 22 384 5807 5482 1 0.783253 0.783253 11 
-0.99029 -2.45947 -5 0.0960651 0.194449 0.714567 4.00358 22 385 4845 1 1 0.446862 0.446862 28 
-0.495489 -5 -4.06345 0.0141824 0.199865 -0.101638 4.02029 22 386 3028 2934 1 1.72254 1.72254 92 
5 -1.53577 1.33548 -2.03987 -1.91372 0.134413 4.26564 22 387 4414 4413 1 0.620321 0.620321 54 
-5 -4.95923 -1.26955 0.582056 0.990794 1.91633 4.00643 11 388 1703 1676 1 10.4277 10.4277 75 
3.28989 3.55162 -5 0.470863 0.493335 0.487873 4.03397 22 389 9667 9666 1 0.195441 0.195441 14 
-1.58238 -2.5491 -5 -0.131829 1.15871 1.1054 4.02141 22 390 4126 4068 1 0 0 3 
0.129656 -1.97728 -5 10.6237 10.428 19.0787 4.00475 -11 391 1790 1789 1 5.20304 5.20304 79 
0.700347 4.93689 -5 1.39556 1.83726 4.363 4.02361 22 392 2607 2544 1 0.240659 0.240659 35 
-1.68158 -5 1.65029 0.0925648 0.418007 0.242141 4.05915 22 393 24339 24182 1 0 0 3 
-3.68484 -5 4.21769 0.305135 0.384211 0.14281 4.06414 22 394 3257 3256 1 0 0 3 
4.90345 -5 1.73267 0.262613 0.205536 0.340778 4.04851 22 395 24013 23937 1 0.97297 0.97297 46 
0.362935 -5 4.16684 -0.193343 0.42155 0.214555 4.04058 22 396 41475 41471 1 0 0 5 
1.22536 -5 -1.19877 0.321037 0.397277 0.0150501 4.05208 22 397 3771 3770 1 1.35622 1.35622 23 
-4.45629 -5 3.01674 -0.074758 0.101993 0.361628 4.0185 22 398 4900 4818 1 2.37132 2.37132 90 
-5 -3.32516 0.880597 0.983957 4.93757 14.6371 4.02048 22 399 8382 8206 1 0.563077 0.563077 48 
2.70283 -2.57873 -5 0.0405486 0.05304 0.871701 3.98922 22 400 1992 1885 1 15.9008 15.9008 111 
-5 -0.135614 1.57329 0.177369 -0.0178292 -0.0338105 4.05598 22 401 5456 5383 1 20.1295 20.1295 161 
-3.36361 -5 0.861276 0.0643707 0.435693 -0.132085 4.07124 22 402 5009 5008 1 0.758156 0.758156 58 
-5 -0.35189 -0.3203 0.084694 0.173402 0.348671 4.01349 22 403 1674 1556 1 5.00586 5.00586 100 
-5 0.580929 -4.7256 0.151004 0.569849 0.14134 4.04073 22 404 1205 1 1 0.550043 0.550043 23 
4.54961 -0.380335 -5 0.148298 0.444424 0.349831 4.046 22 405 14760 14641 1 0.41191 0.41191 22 
3.48693 -5 -1.37372 1.30495 3.66415 0.69214 4.04559 22 406 5431 5312 1 0 0 10 
0.981361 -5 -3.68721 0.085927 0.460341 -0.130565 4.05659 22 407 3350 3321 1 0 0 10 
4.44804 1.6538 -5 3.76739 2.51946 10.1541 4.00635 22 408 8599 8521 1 2.75716 2.75716 15 
-3.37337 -2.33676 -5 0.301815 0.0470322 0.643274 3.99055 22 409 1897 1687 1 12.457 12.457 245 
-2.54407 -0.159014 -5 0.0257652 0.0994156 0.323835 3.99985 22 410 4712 4711 1 1.22595 1.22595 23 
2.65964 -4.40701 -5 0.678469 0.835436 2.76773 4.00108 22 411 4018 3883 1 0.765046 0.765046 13 
0.419751 -5 0.806577 0.355276 0.364993 -0.0409787 4.12328 22 412 25546 25545 1 5.05601 5.05601 39 
-4.26985 -0.395745 -5 0.448026 3.19113 1.77663 4.01304 22 413 2144 2098 1 7.66114 7.66114 156 
-5 2.29497 2.11228 0.37902 0.0746939 -0.0760684 4.0779 22 414 2828 2827 1 1.06151 1.06151 27 
-5 -4.42405 3.68848 0.129201 0.489432 0.0698796 4.09911 22 415 3593 3592 1 3.29652 3.29652 19 
0.234536 -5 -1.59705 -0.296917 1.13271 2.23617 4.0147 22 416 2151 2044 1 3.05851 3.05851 45 
-2.38815 -4.10649 -5 0.447987 0.426491 4.56574 3.99011 22 417 1802 1 1 0.991069 0.991069 22 
4.86622 -5 1.0168 0.25053 0.0708432 0.101298 4.06995 22 418 5565 5564 1 3.00946 3.00946 94 
-1.533 -5 4.60282 -0.0125019 0.432903 0.693592 4.04774 22 419 3506 2974 1 0.53218 0.53218 37 
-5 0.952508 0.452208 0.19783 0.0536961 0.385901 4.01913 22 420 4204 4203 1 0.821187 0.821187 42 
-5 0.289441 4.48091 0.0944576 0.335114 0.374027 4.04502 22 421 5878 5874 1 8.77826 8.77826 87 
0.89024 -5 0.267459 0.0313876 0.446082 2.14724 4.00866 22 422 1613 1532 1 0.838502 0.838502 73 
-2.73803 4.82037 -5 -0.398714 -0.254039 0.593868 4.03009 22 423 13309 13256 1 0.47006 0.47006 11 
1.37904 1.54827 -5 0.0526425 0.342382 0.375664 4.04235 22 424 3125 3103 1 0.721285 0.721285 64 
-0.964851 -5 1.96351 0.250464 0.445132 2.0207 4.01769 22 425 3822 3760 1 0.497522 0.497522 32 
-0.276796 -3.64912 -5 4.91975 2.06694 7.12525 4.02138 22 426 2092 2063 1 11.5983 11.5983 120 
4.44788 -5 3.59928 0.347663 0.37372 0.0241643 4.07463 22 427 8639 8609 1 5.06604 5.06604 20 
0.211463 -5 3.20401 0.102367 0.278418 0.13961 4.05891 22 428 4056 4055 1 2.21307 2.21307 9 
-5 -0.13305 0.111013 3.16159 0.953468 3.37342 4.04294 22 429 3208 3207 1 0.322842 0.322842 8 
-1.42233 -5 3.14964 -0.282147 0.270189 0.32941 4.06434 22 430 1475 1473 1 0.285526 0.285526 11 
5 4.47786 1.78879 -0.225067 0.0428546 -0.00112904 4.14653 22 431 8037 8036 1 1.26516 1.26516 38 
4.20056 -0.844821 -5 1.18378 1.47516 3.4631 4.01556 22 432 16844 16801 1 7.49706 7.49706 71 
2.80106 4.27291 -5 0.162177 0.100096 0.37222 4.00943 22 433 2430 1844 1 0.28679 0.28679 43 
-0.0616849 -3.32115 -5 0.376115 0.777895 2.88239 3.9966 22 434 3884 3777 1 5.50487 5.50487 88 
3.14816 -5 0.725152 0.134361 0.488372 0.0284818 4.09476 22 435 9772 9771 1 0.0209598 0.0209598 11 
1.1454 4.83722 -5 0.971885 1.54767 2.34547 4.02017 22 436 1918 1647 1 0.0718226 0.0718226 20 
-1.72024 -5 -2.47537 0.276053 0.350331 -0.09314 4.06712 22 437 1029 1 1 0.435187 0.435187 12 
-5 -2.40724 0.486046 0.223951 -0.0312719 0.0201482 4.06349 22 438 7575 7548 1 4.40274 4.40274 104 
-3.35064 -5 1.35527 -0.0056163 0.436053 0.266357 4.11156 22 439 4450 4448 1 4.37264 4.37264 55 
-4.71921 -5 -3.26393 -0.130644 0.201265 0.524253 4.01103 22 440 1762 1638 1 0.273241 0.273241 28 
2.26502 0.962352 -5 0.0854753 0.373032 0.792967 4.01299 22 441 10692 10598 1 0.00454699 0.00454699 17 
2.39943 -5 -2.30179 0.363423 1.04342 0.678334 4.03324 22 442 4018 4016 1 5.5877 5.5877 53 
-5 -0.120206 4.84657 1.9985 0.625323 0.510323 4.08638 22 443 23847 23799 1 0.0127682 0.0127682 7 
4.99575 -5 -4.67576 0.176585 0.972778 0.968148 4.0261 22 444 18046 17769 1 0.0880902 0.0880902 11 
-5 -3.13539 3.74797 0.57551 1.3836 2.8799 4.03828 22 445 7539 7263 1 0 0 7 
3.41169 -5 -0.772515 1.24412 3.25209 1.55288 4.03947 22 446 9652 9634 1 1.81734 1.81734 35 
-5 -4.32359 0.974212 0.387862 0.319676 0.0493665 4.07959 22 447 5276 5274 1 0.418328 0.418328 42 
4.40629 -5 1.66157 -0.00445971 0.028855 -0.00586712 4.12674 22 448 8788 8772 1 6.70406 6.70406 138 
0.364412 -5 -3.12615 2.60435 0.89977 4.43948 4.01384 22 449 3313 3201 1 4.9035 4.9035 13 
-2.59299 -5 -1.03386 0.0635021 0.817206 0.696609 4.0468 22 450 6810 6694 1 0 0 7 
2.97983 -3.53267 -5 0.265771 0.217678 0.378288 4.00968 22 451 3614 3571 1 0.517333 0.517333 33 
-4.74055 4.84967 -5 0.112148 0.383918 1.27466 3.99659 22 452 3484 2401 1 13.6696 13.6696 208 
2.7663 -5 1.1603 -0.0092222 0.518075 0.269095 4.05272 22 453 1260 1170 1 1.89309 1.89309 40 
-4.4894 -5 -0.836998 2.86008 0.773438 1.81037 4.02367 22 454 2881 2843 1 3.49437 3.49437 70 
-5 -2.66083 -1.51188 0.394222 -0.0182664 0.0586028 4.01295 22 455 6428 6291 1 0.583603 0.583603 61 
0.788823 -2.13388 -5 0.391074 0.567489 4.12888 3.99025 22 456 1197 1 1 0.544122 0.544122 42 
3.46429 0.660611 -5 -0.0477318 -0.000747226 0.317856 4.01003 22 457 1712 1710 1 0.542127 0.542127 25 
1.78793 -4.94836 -5 1.19652 2.53773 4.73916 4.00215 22 458 9913 9821 1 2.74992 2.74992 88 
4.95214 -4.75037 -5 1.40849 1.05932 1.34398 4.00889 22 459 3161 3015 1 0.0412842 0.0412842 16 
0.789989 0.760243 -5 0.116043 0.112999 0.484649 4.04558 22 460 6029 6028 1 0.139649 0.139649 6 
-4.24034 -0.448702 -5 0.135168 0.683736 5.64817 3.99271 22 461 1291 1 1 6.82802 6.82802 145 
-5 -3.03916 2.25629 0.143547 0.0895295 0.355304 4.02974 22 462 3800 3764 1 0 0 5 
-1.715 -3.72121 -5 0.175309 -0.0664273 0.648232 3.99554 22 463 2341 2253 1 0.311848 0.311848 8 
-0.711578 -2.28738 -5 0.179859 -0.0384183 0.621732 4.00933 22 464 4173 4029 1 0.179077 0.179077 9 
-1.02341 3.3856 -5 -0.0542079 0.0850786 0.302181 4.00585 22 465 1079 1 1 5.19001 5.19001 132 
2.72134 0.45505 -5 0.655487 0.327585 1.63712 3.99848 22 466 3087 2941 1 0.495154 0.495154 61 
-5 -3.20786 0.929511 1.82808 1.59755 1.11574 4.04642 22 467 2540 2528 1 5.65204 5.65204 45 
-2.203 -4.12373 -5 0.566845 0.92256 3.30735 3.99581 22 468 5028 4965 1 0.378415 0.378415 33 
-5 -4.05701 -4.98388 0.270109 0.432875 0.0279391 4.1081 22 469 3044 3043 1 0.155292 0.155292 10 
-4.99768 -0.740214 -5 0.349891 0.546326 0.508636 4.0266 22 470 7636 7112 1 0.873792 0.873792 75 
-4.65172 -3.99858 -5 0.537712 0.441688 3.59816 3.99393 22 471 1337 1240 1 0.0723515 0.0723515 12 
-1.97364 0.484556 -5 -0.166278 -0.127627 0.0445304 4.04174 22 472 4511 4353 1 0 0 12 
1.24569 -5 4.80936 0.195932 0.467456 2.20786 4.02532 22 473 13707 13434 1 0 0 5 
-1.83425 -5 -4.01705 0.138879 0.24239 0.427878 4.07428 22 474 5515 5514 1 3.08462 3.08462 85 
-5 -4.03972 3.13848 0.290585 -0.0834565 0.211426 4.04934 22 475 2762 2761 1 0.304804 0.304804 39 
-4.44848 -4.2979 -5 0.067864 0.449152 1.59307 3.99578 22 476 8463 8303 1 0.463519 0.463519 37 
-3.44973 -5 -0.0310688 3.38619 2.39312 7.13707 4.01182 22 477 1374 1369 1 4.45678 4.45678 98 
5 1.72792 -1.06979 -0.191432 0.728125 0.332383 4.01189 22 478 3712 3037 1 1.93383 1.93383 49 
-5 3.74316 -3.02128 0.118348 0.0584095 0.1205 4.17076 22 479 8468 8104 1 4.53397 4.53397 74 
1.19828 2.54871 -5 0.114224 0.326938 0.375745 4.06431 22 480 1041 1040 1 3.7474 3.7474 73 
3.38551 -1.66356 -5 0.281266 0.253867 1.25757 3.99805 22 481 17519 17459 1 0.196828 0.196828 24 
-4.80576 -3.28221 -5 -0.38389 0.193079 6.22413 3.98736 22 482 2396 1 1 6.33075 6.33075 73 
-0.628048 -3.80996 -5 0.0013449 0.223452 0.420137 4.00451 22 483 6801 6661 1 0 0 10 
-5 0.568665 2.72901 0.224909 0.260471 0.611275 4.03501 22 484 1208 1026 1 0.693282 0.693282 51 
1.33102 -5 -3.30597 0.118935 0.203739 -0.00560338 4.04808 22 485 28923 28808 1 0 0 4 
0.647597 -3.21884 -5 -2.09042 -1.00431 1.19964 4.0114 -11 486 2296 2295 1 2.63988 2.63988 10 
-0.155172 -5 4.13968 -0.000883718 0.215106 0.170875 4.03446 22 487 4732 4706 1 2.28709 2.28709 15 
4.66412 -5 -4.08796 0.0706216 0.209574 -0.126951 4.09102 22 488 12657 12656 1 0 0 6 
-1.9845 -2.71343 -5 0.0650391 0.150776 0.283714 3.99897 22 489 13930 13815 1 3.00282 3.00282 79 
3.17461 0.338302 -5 0.136591 0.101041 0.129341 4.00996 22 490 11166 11165 1 0 0 2 
-5 -2.42796 1.33392 0.832648 2.95411 6.1204 4.03285 22 491 5592 5472 1 0.174546 0.174546 25 
-1.24087 -3.12608 -5 0.0630603 -0.318055 0.859802 4.02445 22 492 1640 1419 1 4.4192 4.4192 81 
3.71317 -5 4.62611 0.073403 0.200655 0.18245 4.05131 22 493 3606 3447 1 3.11299 3.11299 46 
3.35032 -5 -4.01683 0.366748 0.275306 -0.225437 4.0744 22 494 5218 5217 1 1.50032 1.50032 14 
4.18239 0.526248 -5 -0.0544139 0.201949 0.466235 4.05616 22 495 8695 8694 1 0 0 6 
5 -0.919182 3.07268 -0.707331 3.99622 5.83805 4.04445 22 496 8336 8129 1 1.67601 1.67601 42 
-3.48072 -4.8732 -5 -0.048449 0.169353 5.4604 3.9864 22 497 5200 1353 1 11.8283 11.8283 86 
0.535909 -5 -3.92287 0.16791 0.482221 -0.0197163 4.08358 22 498 5308 5307 1 1.84586 1.84586 41 
-3.53222 -5 -2.7533 -0.315067 0.399908 -0.0438928 4.02476 22 499 1604 1581 1 2.54853 2.54853 43 
-1.43274 -5 -3.06465 0.637722 0.348356 -0.202719 4.05657 22 500 8645 8588 1 1.11841 1.11841 30 
-2.27328 4.25111 -5 -0.115429 0.201416 0.254908 3.997 22 501 2479 1 1 14.9401 14.9401 158 
-5 -4.63634 -2.41853 0.0413122 0.117309 0.2062 4.10018 22 502 1086 1085 1 7.95178 7.95178 60 
0.415854 -3.82709 -5 0.213059 0.291456 2.31443 3.992 22 503 5562 5463 1 6.73809 6.73809 78 
-2.25896 -4.49335 -5 1.22436 1.48133 5.75941 3.99683 22 504 2389 2388 1 1.14527 1.14527 24 
3.44334 -5 -3.97493 -0.0884471 0.0934657 1.31689 3.99294 22 505 4621 4362 1 1.4736 1.4736 49 
-2.55671 -5 3.29526 0.0876468 0.586593 0.550879 4.04331 22 506 11282 11242 1 1.51225 1.51225 28 
0.650176 -5 4.06571 0.459142 0.424711 0.0980224 4.07452 22 507 4384 3882 1 0.761139 0.761139 7 
0.355072 -1.23666 -5 1.29103 8.90576 21.2173 4.00042 22 508 29292 29200 1 0.546013 0.546013 10 
2.06149 -5 -1.58852 0.371155 0.351203 0.00446412 4.1048 22 509 1123 1120 1 4.52258 4.52258 49 
-5 0.323154 -0.661068 0.616823 0.582214 0.409352 4.04101 22 510 4947 4930 1 4.15283 4.15283 42 
-4.48076 -5 -1.24092 -0.25508 0.200425 -0.0227477 4.11105 22 511 1797 1761 1 4.26204 4.26204 31 
0.849978 -5 1.52805 0.269372 0.248652 0.201877 4.10184 22 512 12246 12245 1 0 0 2 
-5 -2.25094 -2.13502 0.213433 0.167193 0.0380306 4.08265 22 513 11149 11148 1 0.381258 0.381258 26 
3.93607 -4.59978 -5 0.516096 0.409383 2.87828 3.99502 22 514 8721 4784 1 1.8941 1.8941 18 
2.77198 -5 -4.24756 0.438558 1.23386 1.09434 4.00888 22 515 4642 4586 1 6.51484 6.51484 53 
2.31769 -5 3.42855 0.0946963 0.407773 2.1422 4.01709 22 516 3884 3873 1 12.2263 12.2263 112 
-2.84029 -0.603806 -5 -0.0582379 3.76247 8.29601 4.00243 22 517 7189 7042 1 0.941117 0.941117 35 
-0.502306 -5 -3.82752 -0.0439181 0.492636 0.015179 4.04093 22 518 8812 8811 1 0 0 7 
-3.60585 0.0329332 -5 -5.29373 4.4532 12.8428 3.99421 11 519 1 0 1 16.7604 16.7604 188 
-1.11443 -5 3.36118 0.0113084 0.28126 0.62824 4.04929 22 520 2352 2351 1 0.277667 0.277667 30 
-0.230047 -0.826171 -5 1.42126 2.84488 4.575 4.01193 22 521 2232 2174 1 5.05193 5.05193 28 
-0.979859 -5 0.917731 0.774749 0.549751 0.0670332 4.06589 22 522 1721 1720 1 2.03945 2.03945 35 
0.578837 2.44912 -5 0.0938652 0.189074 0.276612 4.03392 22 523 5570 5518 1 0 0 9 
-5 3.24707 -3.28789 0.470354 0.780406 0.684003 4.01936 22 524 3959 3954 1 3.21838 3.21838 45 
-4.97646 -0.693275 -5 0.245138 0.875191 2.43797 4.00002 22 525 6206 6067 1 4.03551 4.03551 66 
-2.52254 -1.27431 -5 0.510051 2.11352 1.00315 4.05321 22 526 1086 1034 1 0 0 8 
-5 -0.809993 1.0174 0.374735 0.207254 0.278818 4.01884 22 527 2533 2532 1 7.39611 7.39611 52 
5 2.33767 -4.05922 -0.201168 0.299605 0.0213543 4.07193 22 528 1274 1179 1 0 0 5 
0.278784 -5 2.20484 -0.0278761 0.17737 0.0154702 4.06998 22 529 1486 1485 1 1.62531 1.62531 68 
5 -2.82666 0.989728 -0.165331 -0.175643 0.156122 4.04946 22 530 3478 2482 1 0.151917 0.151917 14 
-2.83819 -0.125159 -5 0.659496 0.77561 0.659632 4.01259 22 531 3815 3605 1 8.793 8.793 88 
3.16033 -4.27663 -5 -0.00623369 0.633802 2.80686 3.99244 22 532 21720 21509 1 0.390464 0.390464 8 
-5 -0.982855 -4.57402 0.227142 0.198492 -0.0266535 4.00307 22 533 6717 6687 1 6.92978 6.92978 66 
-3.3236 5 4.60197 0.362797 -0.488217 1.76254 4.04426 22 534 2314 2285 1 2.53028 2.53028 57 
1.67099 -5 -2.20084 0.0824946 0.479381 0.77877 4.00985 22 535 2006 1852 1 0 0 5 
-5 -0.0552646 -4.4329 0.0989145 0.468922 0.413943 4.02798 22 536 4816 4528 1 0.638415 0.638415 32 
1.18188 5 -2.79529 0.123977 -0.154919 0.10465 4.0311 22 537 5340 5339 1 0.3472 0.3472 62 
-5 0.495717 4.62631 0.616677 0.415774 0.884114 4.04713 22 538 2048 1954 1 0.5106 0.5106 33 
-5 3.71056 -4.42742 0.206091 0.0528046 0.106398 4.04449 22 539 9076 8720 1 0.180276 0.180276 35 
2.41587 -5 -3.85534 2.54197 1.08341 3.93202 4.02562 -11 540 6522 6521 1 5.64101 5.64101 111 
1.0789 -4.19446 -5 1.2417 5.58574 11.7785 3.99301 11 541 2430 2429 1 5.29925 5.29925 41 
-4.4716 -5 4.33149 0.0899385 0.273063 0.633341 4.02242 22 542 13403 13118 1 9.24702 9.24702 127 
-3.54125 -5 -1.19116 0.174062 0.150122 0.557785 4.00711 22 543 3117 3021 1 7.53782 7.53782 176 
-3.00623 -4.69047 -5 1.97094 5.89938 16.4046 4.00119 22 544 12621 12387 1 0 0 3 
-3.49811 -5 1.45152 0.0941721 0.167073 0.316507 4.02368 22 545 5960 5939 1 2.97223 2.97223 40 
-5 -2.66084 0.515646 0.189647 0.164705 0.254954 4.03518 22 546 19540 19539 1 0.0827597 0.0827597 3 
-5 1.67641 -4.16346 0.282262 0.00995761 0.153557 4.07578 22 547 7591 7518 1 0 0 4 
-0.835368 2.9464 -5 0.297805 0.401616 0.105532 4.04984 22 548 5977 5976 1 0.466403 0.466403 26 
-5 -0.883838 0.76881 0.971442 1.05792 -1.36419 4.01861 11 549 1184 1180 1 18.4779 18.4779 175 
-0.175662 -5 -1.4387 0.256374 0.147099 -0.106568 4.06883 22 550 2089 2054 1 2.01347 2.01347 59 
-1.30196 -5 2.76824 0.0814272 0.824816 0.552064 4.04947 22 551 13300 13235 1 0 0 6 
-1.61487 -2.28224 -5 0.136733 0.146452 0.911141 3.99278 22 552 8586 8385 1 2.27069 2.27069 30 
-3.20083 -0.580753 -5 0.0242512 0.364686 0.748714 3.9948 22 553 1848 1631 1 9.63217 9.63217 131 
-1.1569 -2.29042 -5 0.270363 0.39102 0.187422 4.0643 22 554 9790 9789 1 0 0 1 
2.32466 -0.53904 -5 0.398231 -0.0926145 0.406411 4.0278 22 555 6236 5787 1 0 0 12 
-3.65395 -4.65859 -5 5.4305 -2.26381 12.7456 3.99504 -11 556 1865 1864 1 12.0947 12.0947 135 
-4.52649 -5 2.97729 1.02612 2.76312 8.20802 4.02592 22 557 26371 26263 1 0 0 2 
-1.84387 -5 0.265828 -0.343801 0.0262406 0.377137 4.0767 22 558 2378 2377 1 30.9235 30.9235 293 
2.07904 -5 2.39832 0.13286 0.295391 0.237016 4.04362 22 559 1884 1802 1 1.81808 1.81808 38 
4.26424 0.98499 -5 0.0405346 2.90451 8.54192 4.02381 -11 560 6517 6516 1 2.01092 2.01092 36 
-5 -1.06564 3.70119 0.2377 0.133525 0.410202 4.0579 22 561 7116 7115 1 0 0 8 
2.96611 1.39387 -5 -0.0188828 -0.0334441 0.396756 4.01475 22 562 2073 1790 1 0.0191744 0.0191744 15 
0.552432 -5 3.04004 0.152706 0.210679 0.591929 4.02539 22 563 5195 4881 1 0.454283 0.454283 12 
2.00977 3.03963 -5 0.0530133 0.131623 0.288548 4.00004 22 564 5878 5849 1 7.52103 7.52103 87 
-4.7758 -5 -3.57126 6.49364 7.38108 -3.54889 4.03071 11 565 12880 12533 1 1.02064 1.02064 7 
-1.95302 -5 4.67853 0.138201 0.208892 0.445403 4.05329 22 566 9172 9145 1 0.0506656 0.0506656 18 
-3.66366 -5 -1.979 0.217837 0.340262 0.312872 4.02343 22 567 4437 4435 1 2.77726 2.77726 68 
-5 -1.38793 0.0502066 3.67842 7.4452 13.4866 4.02228 22 568 16472 16369 1 5.45486 5.45486 77 
-3.31139 -0.240838 -5 -0.129255 0.604329 0.366225 4.08365 22 569 6612 6611 1 0.57922 0.57922 49 
-5 4.33825 3.4054 0.359815 -0.29402 0.788376 4.02995 22 570 3796 3364 1 10.876 10.876 91 
0.291447 -5 1.56686 0.0328728 0.0586233 0.292194 4.01185 22 571 3935 3782 1 12.5384 12.5384 73 
3.87901 4.44073 -5 -0.289372 0.355543 0.225771 4.06327 22 572 2347 2346 1 6.86464 6.86464 117 
-1.08824 -3.51049 -5 2.06136 2.86971 6.4293 4.00687 22 573 4679 4452 1 9.91353 9.91353 103 
0.482176 -5 -0.0266757 0.291102 0.18621 0.542901 4.01453 22 574 1831 1798 1 0 0 2 
5 0.246511 -3.76612 -0.232759 -0.123798 -0.144636 4.05737 22 575 8821 8738 1 1.35368 1.35368 6 
-5 -2.6954 -1.4466 1.81126 7.84378 5.70474 4.0205 22 576 10533 10503 1 6.76505 6.76505 85 
1.32958 -0.68191 -5 2.39658 2.97989 16.0223 3.99215 22 577 2196 2132 1 2.78948 2.78948 60 
5 -2.91473 -0.417236 -0.187467 0.235308 0.591305 4.03361 22 578 1026 1 1 20.5778 20.5778 149 
-5 1.07608 -2.96794 0.277263 1.60738 5.58206 4.00213 22 579 1842 1741 1 0.0320701 0.0320701 22 
1.39385 1.63088 -5 1.52578 8.15532 48.8554 3.99084 22 580 2026 1918 1 33.4955 33.4955 345 
-2.83004 -4.11928 -5 -0.0204146 0.266333 4.50937 3.98741 22 581 1381 1 1 9.81489 9.81489 165 
0.956891 -4.47185 -5 -0.104996 0.297692 0.283571 4.03001 22 582 7114 7045 1 10.8989 10.8989 79 
1.11672 -5 -1.02811 0.138705 0.831091 0.048331 4.09364 22 583 3479 3478 1 3.45057 3.45057 43 
-1.5767 5 0.192278 0.142894 -0.0937191 -0.0782202 4.07013 22 584 5783 5722 1 2.18799 2.18799 9 
2.87722 -5 2.19417 0.463496 0.121334 0.041121 4.05476 22 585 5089 5013 1 0.218402 0.218402 29 
3.39003 -5 3.83556 0.0568689 0.231896 0.0376122 4.15322 22 586 3044 2982 1 2.41139 2.41139 109 
4.31717 -2.4638 -5 0.264286 0.261664 1.47366 3.99436 22 587 8029 7970 1 0 0 17 
-5 2.37715 -3.81087 0.318897 0.648365 1.85382 4.00717 22 588 8390 8213 1 1.57706 1.57706 39 
-5 -4.34224 -2.41142 0.38225 0.7942 1.71072 4.00901 22 589 8903 8796 1 0.204113 0.204113 9 
2.76231 -5 0.984048 -3.3959 1.91065 2.68226 4.02904 22 590 3547 3436 1 5.20926 5.20926 123 
-0.933719 -5 -4.15735 0.0707868 0.99101 1.26103 3.99769 11 591 1384 1351 1 1.08472 1.08472 19 
5 4.54839 -3.40941 -0.144268 -0.378082 -0.312026 4.05971 22 592 1609 1607 1 3.1861 3.1861 105 
-5 0.532794 -4.58245 0.0579414 0.502416 0.0730835 4.11544 22 593 12415 12414 1 0.307256 0.307256 25 
2.6333 -5 4.45601 -0.213433 0.251901 1.62108 4.02575 22 594 1359 1253 1 2.73273 2.73273 74 
-2.38199 -1.55254 -5 -0.0309056 0.184367 0.655818 3.99513 22 595 9621 9563 1 1.01083 1.01083 44 
-4.04271 2.69441 -5 3.75114 8.94181 17.7637 4.00872 22 596 14390 14320 1 1.16992 1.16992 106 
-0.624881 -5 -0.756095 -0.266431 0.353258 0.0598079 4.04575 22 597 10250 10085 1 0 0 6 
-3.27692 -5 -0.322926 -0.323655 2.64558 2.15763 4.03476 22 598 5788 5610 1 0 0 6 
0.316496 -5 -1.17401 0.354933 0.600397 -0.115475 4.03899 22 599 3902 3900 1 1.97864 1.97864 116 
5 -4.96661 4.71669 -0.299299 0.231978 0.343113 4.07277 22 600 9828 9827 1 0.26988 0.26988 3 
-3.60339 -4.26134 -5 0.168275 -0.0784559 0.12093 4.01858 22 601 2492 2216 1 0.467374 0.467374 19 
-3.23906 -5 1.9131 -1.98936 5.2409 -3.37589 4.0479 -11 602 9181 9180 1 15.3462 15.3462 100 
4.45655 -1.30284 -5 0.375366 0.275873 1.17983 4.01817 22 603 1486 1457 1 2.69278 2.69278 95 
-2.6395 -4.0098 -5 0.145722 0.435516 0.982146 4.00352 22 604 3698 3382 1 0.220687 0.220687 6 
-5 -3.3931 1.39257 0.423358 0.300385 0.444756 4.04232 22 605 8895 8782 1 0.341638 0.341638 18 
-2.96238 -1.26826 -5 0.617102 1.48853 5.31696 3.99339 22 606 2784 2579 1 12.5035 12.5035 52 
-4.67876 -5 -1.94584 0.206883 0.328681 0.328143 4.03093 22 607 3259 2934 1 0.0478787 0.0478787 5 
0.0225115 -4.10181 -5 0.0126489 -0.0201898 0.273966 4.00601 22 608 1225 1126 1 4.94464 4.94464 23 
-5 -3.26118 2.21546 0.199125 0.0831193 0.239383 4.03821 22 609 1004 1 1 26.8545 26.8545 128 
-0.426992 -2.72053 -5 -0.105038 0.0758093 0.346693 4.01938 22 610 6000 5999 1 0.826248 0.826248 50 
1.86638 -5 3.42972 0.118703 2.29406 20.2272 4.01633 22 611 6021 5772 1 0.494939 0.494939 71 
0.221011 -4.53275 -5 -0.013791 0.131698 0.256086 4.00118 22 612 1451 1 1 4.51459 4.51459 41 
-4.40915 -5 2.17815 2.17671 2.37243 0.103876 4.03002 -11 613 5040 5039 1 11.9753 11.9753 87 
-1.94438 0.649074 -5 0.158469 -0.0669718 0.226011 4.01237 22 614 1126 1100 1 4.31741 4.31741 123 
1.79192 -3.55074 -5 0.070519 0.335869 0.0551558 4.04262 22 615 2938 2882 1 0.604022 0.604022 68 
4.77992 -5 1.33985 -0.07307 0.310508 0.649599 4.01528 22 616 3444 1 1 3.79769 3.79769 132 
-0.254888 -3.86259 -5 0.0724869 0.234723 0.104383 4.02567 22 617 2580 2324 1 20.2289 20.2289 164 
-2.9472 -5 3.62797 15.0466 6.81748 10.7442 4.03339 -11 618 2886 2885 1 7.06438 7.06438 65 
-3.8917 -5 2.49499 0.0647005 0.451375 -0.0365398 4.12803 22 619 8843 8841 1 0.046268 0.046268 13 
-0.0657476 -5 -2.84189 0.555006 1.34433 0.447287 4.04802 22 620 4294 4235 1 3.32217 3.32217 22 
-5 -4.75016 -0.219597 0.422844 0.139638 -0.400352 4.02291 22 621 2271 2269 1 5.74172 5.74172 70 
-2.65459 -5 -2.01339 0.287393 0.432065 2.67551 4.00313 22 622 3981 3427 1 0.826209 0.826209 12 
-4.31389 2.99643 -5 0.0203014 0.165035 0.41007 3.99924 22 623 2374 2146 1 4.31962 4.31962 50 
2.32582 -0.643726 -5 -0.123372 0.328454 0.371507 4.11444 22 624 9332 9287 1 0 0 1 
-2.66218 -4.50898 -5 -1.00029 2.8001 6.10918 4.00238 -11 625 1887 1886 1 6.00256 6.00256 76 
-1.44509 -5 -3.24237 0.279175 0.518556 3.70255 3.99554 22 626 4505 4060 1 0.593096 0.593096 52 
2.30754 -5 -1.95211 6.75092 7.28445 0.185938 4.03751 11 627 2443 2187 1 5.82571 5.82571 110 
-1.96931 -5 -4.04436 0.158393 0.116159 2.03654 3.99094 22 628 2854 2561 1 26.6006 26.6006 189 
-5 -0.823128 -4.66939 1.8219 -0.179395 -0.212277 4.01322 -11 629 2212 2211 1 35.1653 35.1653 335 
0.524089 -3.53042 -5 -0.00329619 0.0862551 0.926146 3.98821 22 630 1504 1 1 4.86215 4.86215 53 
-5 0.54862 0.0626614 0.106701 0.491065 -0.0926808 4.09689 22 631 2509 2507 1 0.179757 0.179757 44 
2.93713 -5 3.05902 0.288147 0.49851 0.434858 4.06093 22 632 11492 11370 1 0 0 4 
2.38987 2.65645 -5 1.39896 5.44006 51.7052 3.98856 22 633 1404 1321 1 22.8588 22.8588 227 
2.28247 -3.66318 -5 0.113313 0.523796 0.636186 4.00533 22 634 8336 8302 1 8.96364 8.96364 142 
4.61307 -5 -3.66396 0.063132 0.171893 0.206317 4.01527 22 635 1075 1 1 0 0 6 
0.985485 -5 -2.77129 -0.00272192 6.57117 2.77239 3.99995 11 636 9848 9713 1 8.2109 8.2109 65 
-5 -4.44224 3.24246 0.283205 -0.0484423 0.184948 4.05598 22 637 5907 5863 1 2.58119 2.58119 20 
-5 -2.57224 -3.20662 0.271353 -0.306571 -0.305781 4.01543 22 638 7795 7794 1 0.510686 0.510686 21 
1.17168 1.38759 -5 1.66776 3.98357 10.2537 4.00116 -11 639 11009 11008 1 4.14907 4.14907 21 
-1.11347 0.849092 -5 0.854886 0.870272 0.411497 4.06662 22 640 5324 5323 1 0.293706 0.293706 11 
4.16069 2.96997 -5 0.24238 0.360808 0.268681 4.08278 22 641 18753 18752 1 1.57167 1.57167 41 
-4.95672 -5 -1.10123 0.114941 0.564762 0.669858 4.01691 22 642 6186 5931 1 2.34508 2.34508 97 
-4.50213 -5 4.07603 0.0329415 0.349494 0.21898 4.03185 22 643 3393 3304 1 18.789 18.789 291 
1.02547 -5 2.11294 17.5397 5.50525 478.642 4.01022 22 644 1034 1 1 39.2153 39.2153 456 
-4.55529 -1.5304 -5 -0.545109 0.383214 1.25991 4.00318 22 645 1846 1821 1 8.50425 8.50425 80 
-4.53185 -5 -4.31055 -0.0875498 1.25616 2.43989 4.00263 22 646 8050 7835 1 4.76556 4.76556 31 
3.57779 -5 -4.871 1.3973 1.01824 0.478202 4.06955 22 647 10683 10682 1 0.227552 0.227552 35 
-2.98164 0.556795 -5 0.440115 0.494715 2.28401 4.00003 22 648 6028 5932 1 0 0 9 
5 -3.47943 2.71818 -0.279588 -0.0755441 0.377192 4.08534 22 649 4112 4109 1 7.9542 7.9542 81 
-5 0.903569 1.94339 0.0456475 0.1268 0.270623 4.03288 22 650 2367 2366 1 0.0181366 0.0181366 11 
-5 -2.344 -0.389511 0.667701 0.615364 0.954991 4.03195 22 651 2653 2455 1 0 0 10 
-5 -0.264111 3.51944 0.558468 0.366086 0.288821 4.06047 22 652 8348 7463 1 0 0 3 
-3.8533 1.51401 -5 -0.0789173 0.213057 0.242385 4.10854 22 653 16267 16216 1 0.160675 0.160675 34 
1.92992 -4.89748 -5 0.255461 0.0979857 0.759718 4.00268 22 654 2527 1 1 0.27107 0.27107 7 
4.41313 2.60742 -5 0.763075 1.90757 6.04881 4.0013 22 655 16767 16662 1 0 0 4 
3.06043 -4.41262 -5 3.00073 0.961675 4.25497 4.01687 22 656 2537 2478 1 9.57845 9.57845 97 
-0.239531 -4.40108 -5 0.363358 0.556878 0.422319 4.04227 22 657 2021 1772 1 0.32955 0.32955 41 
1.76812 5 4.47864 0.386689 -0.17427 2.56357 4.02608 22 658 1968 1692 1 7.14072 7.14072 110 
-0.798752 -1.59988 -5 0.246573 0.4473 1.08848 3.99353 22 659 1969 1718 1 39.3729 39.3729 381 
-5 2.58745 -4.07798 0.752692 2.38069 1.45613 4.03826 22 660 4717 4658 1 2.06054 2.06054 33 
-3.56714 -5 -3.17924 -0.0449351 0.448977 0.137378 4.04674 22 661 10371 9552 1 0 0 5 
-1.86495 -5 -3.76923 0.244215 0.343893 0.242271 4.0303 22 662 1190 1074 1 0.312346 0.312346 62 
-4.60391 -5 -3.45825 0.34499 0.67861 0.485807 4.01354 22 663 4746 4701 1 0.0335348 0.0335348 18 
-4.07431 -3.94094 -5 0.143073 0.554158 0.818696 4.02241 22 664 18467 18033 1 0 0 3 
0.309712 -1.88221 -5 0.0838367 0.266901 1.832 3.99045 22 665 24173 23670 1 0.180454 0.180454 9 
-5 -3.86896 -2.17866 0.130783 0.740842 0.837231 4.01395 22 666 1469 1316 1 6.75109 6.75109 110 
-0.137834 -5 0.637285 0.971075 0.722408 2.45923 4.02547 22 667 4567 4455 1 4.00853 4.00853 33 
-4.98198 -3.98446 -5 -0.243783 0.0668051 1.44356 4.02964 22 668 8240 8109 1 7.31206 7.31206 64 
-1.7602 -5 -3.45813 0.226365 0.566844 0.31928 4.04431 22 669 3175 3174 1 0.796696 0.796696 47 
-5 -0.97526 -1.36324 1.22873 0.946478 1.66325 4.03163 22 670 14193 14013 1 0 0 1 
4.05011 -5 -3.17118 0.656098 0.403817 0.377858 4.03636 22 671 1438 1382 1 0.164669 0.164669 23 
3.70128 -3.863 -5 0.137298 0.198084 0.879463 4.00087 22 672 3078 2741 1 0 0 8 
-2.56342 -3.29656 -5 2.30044 1.18482 12.419 3.99395 22 673 1497 1171 1 1.24231 1.24231 24 
1.1923 -5 -4.86008 -0.231592 0.628804 -0.00979223 5.0995 22 674 13347 13337 1 0.321586 0.321586 22 
-2.10562 -3.42011 -5 0.1238 -0.267402 0.237557 4.04729 22 675 6712 6653 1 0.364559 0.364559 64 
2.37764 -5 3.47551 0.423332 0.272042 3.28075 4.01837 22 676 4535 4194 1 6.88154 6.88154 109 
-3.62128 -5 1.20982 0.283063 0.531834 0.459747 4.04264 22 677 3441 3414 1 4.45017 4.45017 26 
-5 1.48391 -1.023 0.298927 0.497459 1.72512 4.01223 22 678 2807 2299 1 0.792523 0.792523 10 
-4.1207 5 2.08623 1.78252 -1.06087 3.77966 4.04601 -11 679 3594 3593 1 5.84952 5.84952 77 
4.59561 -5 -2.68956 2.34342 1.35761 -3.34601 4.04343 11 680 1677 1317 1 1.18201 1.18201 23 
0.675272 -5 -1.54707 0.292052 0.35737 0.200748 4.04501 22 681 5142 5014 1 0.735611 0.735611 54 
1.89814 -2.6836 -5 -0.395094 0.109088 0.305157 4.09045 22 682 2879 2878 1 0.241227 0.241227 46 
2.23624 -5 -2.05468 -0.0809492 0.360192 0.328945 4.13483 22 683 24461 24440 1 0.129132 0.129132 3 
4.07392 -5 2.09515 0.375195 0.475723 1.13639 4.03082 22 684 2175 2001 1 0.972705 0.972705 9 
-5 0.415352 -4.5166 0.0743866 0.505498 0.0076248 4.04992 22 685 2024 2023 1 7.16291 7.16291 90 
-3.85801 2.83395 -5 0.161556 0.28733 0.390463 4.03845 22 686 8248 8244 1 4.27121 4.27121 111 
-2.81296 -5 -0.111889 -0.0745684 0.831013 2.78619 4.01043 22 687 2042 1994 1 0.164915 0.164915 14 
2.27935 -2.1895 -5 0.18688 0.135705 1.19339 3.99209 22 688 2298 1978 1 1.18054 1.18054 37 
1.56506 -2.4372 -5 0.430097 0.581573 5.09603 3.99042 22 689 2309 1902 1 2.24093 2.24093 19 
2.01808 4.27268 -5 1.02829 39.2626 150.192 3.99412 22 690 1032 1 1 5.12453 5.12453 63 
5 3.37933 -4.63624 -0.118589 0.0580514 -0.120434 4.03869 22 691 1175 1 1 0.597978 0.597978 34 
-5 -4.82743 4.03142 0.123343 0.131644 0.982852 4.02264 22 692 4113 3974 1 6.76407 6.76407 67 
-4.90294 -5 0.557701 2.23434 2.99984 3.77716 4.05669 22 693 4394 4351 1 2.09687 2.09687 29 
4.50231 -5 -0.217989 2.17186 -0.896179 1.34307 4.0171 -11 694 5144 5143 1 0.565787 0.565787 38 
2.79326 -1.76943 -5 0.294749 0.84899 7.37871 3.99038 22 695 5998 5425 1 1.30235 1.30235 14 
-1.99556 -5 0.535988 1.593 2.21341 -0.331227 4.03776 22 696 2678 2676 1 3.95763 3.95763 36 
0.790116 -5 -4.25804 0.13547 0.25226 0.0614162 4.03798 22 697 6578 6564 1 0.639117 0.639117 45 
0.221394 -5 -3.80739 0.0406753 0.292488 1.27985 3.99702 22 698 1707 1656 1 19.6342 19.6342 141 
0.238053 -5 -4.40822 2.75491 3.00667 -1.15582 4.03264 11 699 7767 7643 1 4.90699 4.90699 32 
-3.50789 1.74634 -5 0.173841 0.344322 0.335173 4.02901 22 700 5093 5066 1 7.8057 7.8057 53 
-1.86776 2.77124 -5 0.0666929 0.675809 3.23871 3.99158 22 701 1460 1176 1 8.76193 8.76193 117 
-1.36796 2.31853 -5 0.145717 0.242071 1.46235 3.99298 22 702 3246 2878 1 1.50324 1.50324 72 
0.0751159 -5 -0.587383 0.393323 0.543858 0.547031 4.00756 22 703 1395 1 1 4.01703 4.01703 64 
-2.63553 -1.69634 -5 0.222123 0.176039 0.195569 4.0269 22 704 2600 2450 1 0.918698 0.918698 104 
1.10091 -3.72497 -5 1.07541 0.439175 4.02389 3.99665 22 705 4522 4468 1 6.96513 6.96513 72 
-0.882481 0.0248652 -5 -0.00649622 1.56101 1.08238 3.99987 11 706 11783 11758 1 1.79482 1.79482 34 
-3.99756 -4.78132 -5 0.243948 0.389632 0.903336 3.99352 22 707 2627 2313 1 0.370354 0.370354 50 
-4.74184 -1.65053 -5 -0.211944 0.574606 3.22645 3.98734 22 708 1890 1801 1 5.46159 5.46159 141 
2.77 2.77014 -5 0.134294 0.365277 0.214651 4.05107 22 709 1055 1 1 5.65711 5.65711 132 
-5 -0.219386 -2.16225 0.0743391 0.379003 0.0380347 4.07272 22 710 3321 3198 1 0 0 6 
-0.559033 -5 -0.121734 0.0414807 0.287202 0.362413 5.03536 22 711 7329 7328 1 0.317194 0.317194 4 
-2.35233 -4.18201 -5 -0.128086 4.30759 17.2324 3.99252 22 712 1753 1552 1 7.63449 7.63449 136 
-5 1.32466 -4.71994 0.750866 0.799963 -0.410225 4.10533 22 713 29100 29092 1 0.288832 0.288832 39 
3.70076 -4.10779 -5 0.970993 1.75547 9.80593 3.99501 22 714 9619 8841 1 1.95376 1.95376 56 
4.00597 -5 -4.37953 0.0912806 0.248673 0.0854832 4.07338 22 715 7284 6998 1 4.00322 4.00322 113 
-5 -2.42631 -3.71272 0.324851 0.364438 0.542866 4.051 22 716 8571 8250 1 0.72995 0.72995 15 
3.53327 -5 -3.30132 0.078219 0.3796 0.116913 3.99795 22 717 2034 1755 1 7.04149 7.04149 85 
4.06367 -4.96975 -5 0.219573 0.236814 0.37602 4.01062 22 718 6766 6750 1 0.213952 0.213952 9 
0.708147 -5 0.402216 0.331671 0.341199 0.0116504 4.07702 22 719 10606 9359 1 0.742711 0.742711 65 
1.44573 -5 -3.92644 -0.00126542 0.379418 0.0370035 4.06719 22 720 11697 11133 1 4.00226 4.00226 54 
-0.0233177 -5 1.64024 1.1111 2.12761 3.0682 4.02444 22 721 4763 4616 1 12.1982 12.1982 278 
3.77764 -1.49507 -5 0.224381 -0.0404903 0.472972 4.00724 22 722 1509 1 1 4.33281 4.33281 153 
-0.514921 0.811848 -5 1.53399 4.41029 5.10748 4.03265 22 723 3409 3171 1 0.721375 0.721375 27 
2.91091 -5 -0.781839 -0.145861 0.272448 0.100533 4.07365 22 724 13261 13077 1 0.324652 0.324652 36 
-0.273545 -2.54344 -5 -0.761785 8.71974 1.73286 3.99661 11 725 1914 1893 1 8.92136 8.92136 134 
-5 -4.59902 3.90522 0.221228 0.446805 0.111998 4.04942 22 726 2064 2061 1 12.0481 12.0481 114 
-3.49081 -5 2.58843 4.29451 5.37883 9.60124 4.01309 -11 727 2235 2234 1 7.97523 7.97523 144 
-5 2.91886 3.48137 1.83602 3.55395 4.04338 4.03684 22 728 1385 1384 1 3.48648 3.48648 73 
-1.06109 -2.37695 -5 0.611087 0.0440223 0.457923 4.02097 22 729 21040 20954 1 0 0 5 
2.43877 -5 -4.20773 0.457114 0.168686 -0.153988 4.07905 22 730 2123 2122 1 5.26038 5.26038 74 
-5 -1.72089 -0.0567632 0.32479 0.132129 1.09744 4.01086 22 731 3787 3652 1 9.8284 9.8284 147 
-4.73342 -5 2.70215 0.1468 0.317058 0.524207 4.03492 22 732 5958 5826 1 1.21994 1.21994 13 
-4.68761 -3.55802 -5 0.30914 12.1363 32.0951 3.99931 22 733 4967 4774 1 0.671139 0.671139 30 
0.574662 -5 -3.33548 0.0382292 0.102515 0.229544 4.00946 22 734 7268 7198 1 3.29118 3.29118 29 
-2.58058 0.488418 -5 -0.0969162 -0.0225834 0.149639 4.08962 22 735 4468 4423 1 0.0697347 0.0697347 9 
0.441697 -4.91204 -5 0.17874 0.35083 1.26612 3.99508 22 736 9276 8785 1 5.2096 5.2096 25 
-5 2.91384 1.40528 0.0557786 -0.087822 0.667007 4.01693 22 737 1764 1670 1 11.5588 11.5588 165 
0.391001 -0.924016 -5 0.251676 0.430784 1.36088 3.99496 22 738 2249 2019 1 0.695909 0.695909 30 
-1.74315 -5 -3.42153 0.015583 4.75473 37.4304 3.99541 22 739 1869 1 1 0.499786 0.499786 37 
-2.13558 -5 -0.25863 0.0550032 0.290053 0.327539 4.05091 22 740 2693 2692 1 1.38292 1.38292 33 
-2.6777 -5 -2.84555 -0.330123 0.357431 0.156147 4.05025 22 741 4605 4604 1 0.562962 0.562962 16 
-3.23221 1.20073 -5 -0.0913612 0.142175 0.406057 4.01356 22 742 3140 3113 1 6.34388 6.34388 97 
3.70243 -5 2.40415 2.98224 1.28803 -5.03155 4.05442 11 743 10208 10203 1 0.703337 0.703337 6 
-3.22913 -5 -4.42847 0.0769216 0.144302 1.72277 3.99073 22 744 6034 5913 1 1.79312 1.79312 25 
-4.64422 5 -0.615729 0.201395 -0.0278766 -0.103803 4.08016 22 745 4390 4386 1 0.501913 0.501913 67 
-4.08112 -5 4.90144 0.08912 0.52623 0.328508 4.10535 22 746 3609 3608 1 1.12027 1.12027 8 
-2.89578 -5 4.82986 0.0633509 0.462221 0.131954 4.10351 22 747 5533 5532 1 0.148563 0.148563 31 
-0.247078 -5 -2.52617 1.91711 1.619 9.88233 4.0036 22 748 3109 2882 1 0.822529 0.822529 38 
-2.11415 -5 1.34654 0.341238 0.465051 0.45674 4.04459 22 749 2696 2625 1 7.34468 7.34468 110 
-1.14892 -3.71007 -5 -0.345288 1.16211 0.78224 4.03342 22 750 16062 15993 1 0.288746 0.288746 5 
-1.24028 1.5538 -5 0.0266935 0.130784 0.584983 3.99493 22 751 1276 1 1 2.21025 2.21025 38 
1.30796 -5 2.19379 1.71432 1.86218 3.82451 4.02774 22 752 6701 6545 1 0.163448 0.163448 38 
-1.845 -5 4.95935 7.15275 5.67001 2.86544 4.03623 -11 753 4720 4719 1 0.0984054 0.0984054 20 
-2.74836 -4.28719 -5 -0.00514552 -0.0927947 0.486953 4.01706 22 754 9999 9946 1 0 0 2 
-5 -3.41427 -0.607862 1.4949 2.00596 17.1904 4.00387 22 755 2524 2294 1 3.655 3.655 19 
0.70295 -5 1.0334 0.356166 0.342634 -0.129876 4.06389 22 756 6531 6529 1 0.34828 0.34828 16 
-4.93476 -3.15276 -5 0.127648 0.459112 1.65764 3.99587 22 757 4096 3739 1 0 0 12 
4.11863 -4.23263 -5 0.18812 0.126486 0.596462 3.99794 22 758 9021 8880 1 0 0 12 
-1.61637 5 -2.36148 0.0596706 -0.138107 0.250893 4.07954 22 759 1215 1155 1 0 0 9 
-2.85956 -5 -3.28739 5.45068 11.7812 5.2366 4.0113 -11 760 2841 2840 1 16.2281 16.2281 165 
3.35986 -5 1.14115 3.03623 3.6662 1.31004 4.06883 22 761 3820 3771 1 0.309424 0.309424 31 
-5 -2.41448 3.96752 1.31889 1.26284 2.90791 4.03586 22 763 28923 28897 1 3.61889 3.61889 102 
1.13848 2.66503 -5 -0.0155683 -0.0478006 0.265294 4.0294 22 764 2029 1999 1 5.789 5.789 21 
4.57529 -1.56783 -5 0.621104 1.19665 0.577365 4.06772 22 765 6791 6790 1 0 0 6 
-3.8418 2.26762 -5 -0.4535 0.262435 0.549329 4.02232 22 766 2351 1 1 2.59238 2.59238 76 
-4.64512 -5 3.24948 0.027154 1.30653 2.27619 4.02702 22 767 9067 8969 1 0 0 6 
0.713952 -4.94709 -5 0.504788 0.175394 1.73109 3.99674 22 768 9104 8782 1 4.1782 4.1782 47 
0.615112 -0.471745 -5 -0.312316 11.7077 19.2399 4.00411 22 769 1650 1543 1 11.1727 11.1727 186 
-2.18405 4.02942 -5 -0.250754 -0.0386845 0.14799 4.10458 22 770 2051 1910 1 0 0 3 
-5 -4.93124 -2.28428 7.17659 2.74886 18.5844 3.99916 11 771 9692 9629 1 3.91161 3.91161 94 
-1.64516 -3.54119 -5 0.271989 0.246329 0.28149 4.0382 22 772 3099 1 1 0 0 4 
-1.35499 -2.38874 -5 0.886648 0.306593 4.42887 3.98851 22 773 4725 4657 1 23.5569 23.5569 238 
-2.27099 -3.01293 -5 0.200539 1.81099 6.00367 3.99702 22 774 3505 3381 1 0.408793 0.408793 12 
-4.28567 -5 -4.33073 -0.518261 1.3902 2.0863 4.02129 22 775 1210 1163 1 2.38574 2.38574 15 
1.86012 2.21182 -5 0.210906 0.211095 0.611116 4.01338 22 776 1577 1511 1 0.411011 0.411011 40 
3.20539 -0.165839 -5 0.52713 0.440846 1.13872 4.00011 22 777 3220 2888 1 8.67617 8.67617 113 
-3.45594 1.33623 -5 0.153134 0.368113 0.31963 4.03006 22 778 2075 2037 1 0.335586 0.335586 10 
-5 -4.13351 3.47912 2.07041 2.98987 6.04132 4.03305 22 779 2206 1966 1 0 0 8 
-4.51038 -5 -2.57009 0.229897 0.360356 2.71392 3.99817 22 780 4192 4058 1 1.65244 1.65244 53 
-5 -0.389836 -1.57796 2.65196 1.0365 1.07262 4.03265 22 781 3213 3112 1 0.133976 0.133976 6 
1.00099 -0.830746 -5 1.19399 1.96258 8.89363 3.99725 22 782 8524 8452 1 0.217176 0.217176 26 
4.28724 -1.32555 -5 0.497644 0.0354803 0.110507 4.16565 22 783 8010 8008 1 1.61145 1.61145 79 
4.11814 -2.50489 -5 0.673482 -5.05961 3.856 3.99647 -11 784 2309 2308 1 17.4001 17.4001 180 
-1.34489 -5 -0.457765 0.367641 0.595331 1.69327 4.01613 22 785 2289 2108 1 2.50647 2.50647 81 
-4.53845 -4.57162 -5 0.488812 -0.274356 1.27558 3.99874 22 786 1050 1002 1 5.26364 5.26364 63 
-5 -4.39491 -1.62816 0.144033 0.279839 0.121113 4.04365 22 787 3129 3045 1 1.82622 1.82622 36 
2.78824 -0.767646 -5 0.661099 0.569248 1.42025 4.00256 22 788 5286 5185 1 3.98121 3.98121 32 
4.83083 0.21578 -5 0.131194 0.239049 0.723021 3.9984 22 789 2110 1822 1 3.1989 3.1989 72 
-2.89701 -3.65773 -5 0.426232 0.559928 1.65855 3.99554 22 790 4253 4198 1 3.57234 3.57234 17 
-4.93664 -5 0.1678 0.291395 2.8168 -0.80903 4.01747 11 791 2095 2072 1 10.4173 10.4173 104 
0.993612 -5 -4.39475 -0.111145 0.714931 3.64857 4.0001 22 792 3582 3518 1 3.2331 3.2331 39 
-4.05043 4.27776 -5 0.140958 0.195499 0.450589 4.0225 22 793 1596 1595 1 2.48961 2.48961 60 
-5 -2.78641 -0.390711 0.201724 0.188869 0.125974 4.0492 22 794 6177 6127 1 0.303421 0.303421 20 
0.483501 -2.52795 -5 0.216768 0.51685 0.937042 3.99375 22 795 3000 1816 1 9.73749 9.73749 229 
-2.50328 -2.35844 -5 0.724518 4.27956 17.99 3.99728 22 796 11446 11395 1 1.36365 1.36365 6 
-4.85767 -0.506969 -5 0.140243 1.87624 5.10198 4.00355 22 797 5809 5750 1 3.02538 3.02538 55 
-1.97371 -5 -1.92005 0.0890368 0.0927159 0.508835 4.00459 22 798 5637 5582 1 30.2723 30.2723 215 
-5 -3.09808 -2.416 1.33394 1.03055 3.24023 4.01437 22 799 1650 1591 1 1.62879 1.62879 15 
-1.90619 -4.79725 -5 0.0379816 0.237399 0.873049 3.99514 22 800 4430 4049 1 0 0 4 
2.7156 -4.10577 -5 0.29478 0.887829 2.10494 4.00186 22 801 2246 1921 1 2.54637 2.54637 83 
4.27816 -1.00305 -5 0.116897 16.0698 30.2582 4.00761 22 802 2530 2478 1 7.17201 7.17201 40 
-2.87909 -5 3.50584 -0.0520549 0.894098 0.136587 4.08226 22 803 5638 5614 1 0.247058 0.247058 4 
-2.92349 -5 2.50813 0.0775095 0.105079 0.492243 4.01717 22 804 3056 2964 1 2.83749 2.83749 75 
5 -1.86466 -1.9564 -0.136466 -0.109069 0.132233 4.07884 22 805 1183 1152 1 0.0684266 0.0684266 7 
4.64693 -4.4201 -5 -0.351767 0.114876 0.152072 4.0267 22 806 9704 9673 1 0.179363 0.179363 17 
1.18606 1.56379 -5 0.0882327 0.493864 0.304924 4.02759 22 807 3108 3068 1 0.574383 0.574383 50 
2.1191 0.588341 -5 -0.0466908 0.309759 0.766268 4.00729 22 808 2094 1904 1 5.91173 5.91173 130 
-2.25729 0.48767 -5 0.448826 0.156643 0.187452 4.01544 22 809 2387 2386 1 1.76033 1.76033 30 
1.51037 -3.87828 -5 0.268079 0.0363919 2.74541 3.98882 22 810 2235 1 1 14.1633 14.1633 112 
2.64677 -3.41542 -5 0.222558 1.50266 3.95306 4.00089 22 811 10160 10133 1 1.30549 1.30549 32 
-3.52151 -5 0.150387 0.0519713 0.19929 -0.00739439 4.08015 22 812 13998 13967 1 0.205771 0.205771 22 
0.135455 -5 1.3803 0.17446 0.231033 0.541882 4.02434 22 813 14763 14715 1 0 0 2 
-2.42651 -4.86279 -5 0.336859 0.416827 0.754858 4.00781 22 814 2902 2758 1 0 0 7 
-3.56431 -5 -4.90344 0.432276 1.18885 0.10785 4.03926 22 815 1065 1 1 0.918774 0.918774 43 
-0.217187 -5 2.77635 0.38593 0.131048 0.216465 4.04691 22 816 2692 2640 1 27.399 27.399 305 
1.28909 -5 -1.61295 2.79709 1.02033 14.7165 4.00588 22 817 5031 5006 1 0.799669 0.799669 26 
4.92578 2.49548 -5 0.213512 0.12168 0.0508525 4.06764 22 818 11418 11365 1 5.57057 5.57057 22 
1.96571 -0.610118 -5 11.2803 14.2242 31.3924 3.99418 -11 819 13460 13459 1 5.92771 5.92771 80 
-4.67766 -4.47276 -5 0.0114997 0.0542889 0.614901 3.98801 22 820 7663 6897 1 1.36295 1.36295 34 
5 -3.73085 1.39582 -0.231843 -0.0561037 -0.108751 4.07166 22 821 3003 2999 1 6.78795 6.78795 108 
-5 1.90171 -0.34337 0.438418 0.334595 0.111764 4.03225 22 822 1899 1478 1 20.7229 20.7229 229 
-1.11798 -5 -0.0749824 5.37232 19.2657 15.8717 4.01234 11 823 2783 2674 1 15.4029 15.4029 109 
-2.15727 1.32381 -5 0.368967 -0.0875556 0.342516 4.06824 22 824 3561 3560 1 0.328676 0.328676 8 
1.89906 -5 1.88608 0.351409 0.266489 0.285119 4.04602 22 825 2243 2220 1 1.41873 1.41873 42 
2.56562 -5 1.31883 1.86452 1.49925 10.4889 4.01613 22 826 1131 1104 1 2.4105 2.4105 36 
-5 2.69217 2.02008 0.274762 0.429446 0.0346705 4.07899 22 827 12390 12389 1 0 0 10 
-5 -0.544744 -2.40296 0.257001 0.155017 0.306562 4.04846 22 828 2799 2473 1 0.638434 0.638434 36 
-4.55746 -3.41097 -5 -0.00954183 0.0278602 0.0866679 4.04244 22 829 2740 2739 1 7.50039 7.50039 94 
-2.38121 1.09235 -5 -0.109775 0.265337 0.021795 4.092 22 830 1051 1 1 11.4979 11.4979 126 
2.86499 2.01678 -5 0.20137 0.284576 0.0308777 4.01508 22 831 2730 2167 1 0.0332202 0.0332202 21 
-5 -1.75108 2.60486 0.0754983 0.188421 0.277804 5.032 22 832 5389 5385 1 4.06864 4.06864 48 
-4.93902 -3.38039 -5 0.188072 0.431531 1.99846 3.99373 22 833 2184 2130 1 0.70202 0.70202 37 
-0.498161 -5 0.641832 0.242866 0.367043 0.259645 4.07241 22 834 8236 8235 1 0 0 5 
-3.47014 -5 -4.18058 0.730526 0.546196 4.01577 3.99307 22 835 3304 2873 1 12.1186 12.1186 58 
3.64663 -5 4.0032 0.267639 0.197369 0.154711 4.07641 22 836 8940 8924 1 0.737206 0.737206 8 
-4.69369 -5 1.80331 0.058885 0.365048 0.352693 4.03047 22 837 3735 3734 1 7.39175 7.39175 136 
-0.421964 -5 -3.13006 -0.0532248 0.354635 0.364035 4.0117 22 838 3509 3508 1 0.0709101 0.0709101 14 
0.0621828 -5 -2.07967 0.0969574 0.207677 0.102983 4.08602 22 839 7790 7789 1 0 0 5 
-1.48059 -1.7481 -5 0.147408 0.00603473 0.321312 4.01137 22 840 1677 1657 1 0.0982523 0.0982523 25 
-2.37048 -1.96733 -5 3.87978 8.2054 43.2552 3.99052 22 841 2396 2304 1 6.62987 6.62987 55 
-2.41935 2.84656 -5 0.0693399 0.109574 0.149052 4.01527 22 842 4212 4157 1 6.68009 6.68009 46 
-0.256869 -4.88107 -5 0.728187 0.720654 1.57312 4.00177 22 843 6118 6099 1 3.2489 3.2489 36 
-2.35161 -2.58568 -5 -0.0761321 0.232912 0.714236 3.99371 22 844 4996 4859 1 1.93929 1.93929 34 
3.40268 0.591921 -5 0.269492 -0.270179 2.33909 3.98728 22 845 1341 1 1 32.8862 32.8862 522 
-2.13086 -4.97777 -5 0.602837 0.326859 2.68883 3.99131 22 846 4885 4706 1 0.698963 0.698963 14 
2.90335 -5 -0.492647 1.27005 1.26093 4.2218 4.02465 22 847 9119 8922 1 0.510707 0.510707 25 
-3.19773 -4.0363 -5 -0.244543 0.397244 0.609364 4.01752 22 848 8331 8315 1 0.00561895 0.00561895 7 
-4.2227 -5 -0.896472 0.129577 2.02402 3.10644 4.03154 22 849 19708 19570 1 0.170861 0.170861 3 
-4.23758 -2.79216 -5 -0.110038 1.38446 2.33634 4.00654 22 850 2346 2345 1 2.92551 2.92551 26 
-1.46566 -3.00497 -5 0.158393 0.594278 0.973205 4.00325 22 851 1062 1 1 8.56194 8.56194 144 
1.18182 -5 3.69723 0.295289 0.253272 0.182176 4.08639 22 852 3629 2766 1 0.23018 0.23018 8 
-5 -0.118718 -1.60286 0.0870255 0.399959 0.305907 4.0532 22 853 17284 17283 1 0 0 5 
1.84967 -2.85075 -5 0.155394 0.211117 0.269626 4.02181 22 854 3106 3022 1 4.69667 4.69667 21 
-2.14439 -5 -2.75181 0.296119 0.124446 0.242155 4.01037 22 855 2313 2263 1 7.40599 7.40599 82 
4.52932 -2.68638 -5 0.194031 0.368002 0.296726 4.04405 22 856 7791 7788 1 0 0 1 
-0.263917 -1.86885 -5 1.0554 0.454706 1.2799 4.00913 22 857 4264 4252 1 5.28635 5.28635 38 
1.31955 -5 0.978157 -0.406409 0.307513 -0.0372508 4.06304 22 858 1910 1871 1 2.97509 2.97509 94 
-5 -4.34631 -3.41258 0.104295 0.194726 -0.118695 4.06219 22 859 4275 4273 1 32.4396 32.4396 210 
-5 3.65841 -4.90967 0.104683 0.3315 0.228736 4.0038 22 860 3806 3656 1 0.928797 0.928797 20 
-5 -2.147 -4.58557 0.424588 2.03466 2.23229 4.00987 22 861 3629 3577 1 8.7024 8.7024 91 
-1.57923 3.40642 -5 0.0875658 0.175122 1.39234 3.99043 22 862 1569 1452 1 0.758182 0.758182 19 
-4.08515 -1.75985 -5 0.0113154 1.35926 2.52462 4.00209 22 863 3996 3904 1 9.1905 9.1905 66 
-5 1.21663 -2.81426 5.79198 3.677 -4.97623 4.05031 -11 864 2675 2674 1 3.60142 3.60142 38 
0.954783 2.80152 -5 1.41536 1.67333 9.23954 3.99421 22 865 6226 6201 1 6.49561 6.49561 127 
-2.77305 -4.63067 -5 3.69601 3.58475 11.0075 4.00386 22 866 4571 4520 1 0.163959 0.163959 10 
3.77605 -2.86788 -5 0.153012 0.326695 0.650135 4.01928 22 867 10840 10660 1 6.61652 6.61652 95 
2.5665 -5 3.76447 0.380487 0.358164 0.578364 4.06497 22 868 5642 5531 1 0 0 6 
-0.175278 -5 0.7178 0.142937 0.265144 -0.0732262 4.07303 22 869 4960 4958 1 0.56154 0.56154 34 
-5 -4.82233 0.670946 0.695455 1.81596 0.991895 4.03901 22 870 9432 9351 1 0 0 7 
-0.956348 -5 -3.46673 0.0862052 0.48895 0.100806 4.09319 22 871 12276 12254 1 0.284409 0.284409 6 
2.68691 -5 4.9902 0.459511 1.36161 0.362139 4.05451 22 872 5931 5930 1 0 0 6 
-3.80177 -1.82721 -5 0.051391 0.637388 1.30986 4.00231 22 873 3123 2974 1 0.585334 0.585334 57 
3.91398 -3.69764 -5 0.97654 0.528554 1.10685 4.02318 22 874 1237 1236 1 0.605284 0.605284 16 
-4.15501 -4.3048 -5 0.215456 0.718043 1.44618 4.00117 22 875 1165 1 1 0.598901 0.598901 48 
-4.29571 -5 0.69766 0.0279035 0.447418 0.245272 4.0525 22 876 4280 4276 1 4.16092 4.16092 73 
-0.117489 -5 1.67921 0.451104 0.943681 1.68419 4.01329 22 877 4322 4296 1 1.23298 1.23298 58 
2.34406 3.88167 -5 2.97448 0.130358 20.3614 3.98763 22 878 2328 1406 1 53.0254 53.0254 523 
-4.16137 -5 -1.36976 -0.252123 0.192712 0.107777 4.05441 22 879 17352 17351 1 0.334711 0.334711 37 
3.2106 -5 -4.01625 0.0106553 0.139762 0.715582 4.05989 22 880 10809 10791 1 1.62276 1.62276 37 
3.57829 -5 1.28278 -0.480408 0.513621 -0.382784 4.04343 22 881 10167 10166 1 0.510328 0.510328 50 
-1.33453 -5 0.491279 1.71348 7.5314 4.81898 4.0364 22 882 1892 1836 1 11.8564 11.8564 67 
0.801052 -3.63994 -5 -0.741499 1.62451 5.87971 3.99569 22 883 3385 3287 1 3.183 3.183 90 
-1.6852 -5 -3.31389 0.095845 0.383244 -0.0864467 4.03982 22 884 21429 21400 1 0.074887 0.074887 4 
-5 -0.669109 3.26881 0.168727 -0.022457 -0.0975428 4.08808 22 885 5608 5607 1 0 0 9 
-0.0913494 -5 0.773704 -0.326721 0.368182 -0.137167 4.10458 22 886 1078 1076 1 8.44869 8.44869 43 
1.93344 0.530392 -5 0.27204 0.339637 0.316007 4.02441 22 887 9076 8787 1 2.66267 2.66267 11 
-5 -1.16225 -2.25281 0.273442 0.170373 0.346637 4.06336 22 888 6404 6403 1 3.78358 3.78358 67 
-4.10384 -2.3433 -5 -0.0496286 0.326072 0.582135 4.00501 22 889 1180 1077 1 4.43425 4.43425 47 
1.9998 -1.27463 -5 0.402088 1.06903 4.07255 3.99756 22 890 18353 17976 1 1.97138 1.97138 59 
1.25941 -0.0562722 -5 0.844617 0.872919 6.39397 3.99345 22 891 5896 5190 1 6.32813 6.32813 52 
2.12414 -5 4.41852 -0.290561 0.279604 0.344615 4.05089 22 892 1939 1855 1 2.21687 2.21687 46 
-3.65974 -5 2.0535 1.95062 3.91899 68.6393 4.01055 22 893 1199 1 1 33.6344 33.6344 306 
2.03489 -5 2.68989 0.556291 0.293593 -0.0697571 4.0896 22 894 5119 5055 1 0.0528476 0.0528476 9 
4.6642 -3.26793 -5 -0.168595 -0.315665 0.305444 4.09043 22 895 2876 2875 1 0.62686 0.62686 17 
1.44322 -5 4.85691 0.0415733 0.517185 0.145586 4.06295 22 896 7627 7596 1 0.191342 0.191342 27 
4.86998 0.166728 -5 0.131343 0.0429152 0.71883 4.0064 22 897 5728 5724 1 0 0 6 
0.128705 -2.94834 -5 1.31912 3.11828 12.0423 3.99997 22 898 9766 9452 1 0 0 4 
3.01291 -5 -3.13222 0.232627 0.436897 -0.126987 4.08191 22 899 3648 3646 1 5.41599 5.41599 102 
0.772939 -0.394878 -5 -0.358704 1.56258 0.560351 4.04781 22 900 5629 5628 1 0.411508 0.411508 24 
4.32826 -5 -0.697571 -0.00617904 2.61353 0.227255 4.06411 22 901 11251 11222 1 2.43764 2.43764 57 
-0.243858 4.8319 -5 0.0939953 0.249776 0.276993 4.05694 22 902 5978 5975 1 7.56817 7.56817 41 
4.27231 -5 -2.61445 1.266 1.66177 5.75928 4.0074 22 903 22973 22865 1 2.89781 2.89781 33 
-4.41629 -5 2.60347 0.569717 0.332599 1.05051 4.03615 22 904 7298 7209 1 0.392649 0.392649 30 
1.80817 -0.0574976 -5 0.152996 0.131363 0.469527 4.01097 22 905 4980 4979 1 0.3308 0.3308 7 
-2.94359 -5 -2.32204 -0.915269 0.79684 -2.13966 4.04879 11 906 7800 7781 1 11.8302 11.8302 125 
-0.448214 -3.45239 -5 0.574116 0.82403 1.25922 4.05374 22 907 4667 4643 1 0.0292624 0.0292624 27 
-1.51464 4.53297 -5 0.246048 0.500491 1.77158 3.99978 22 908 1714 1655 1 1.84267 1.84267 16 
0.810549 -5 -3.54352 0.219796 0.333208 0.342193 4.0222 22 909 3872 3838 1 8.89612 8.89612 150 
2.13957 -5 -1.43522 0.44221 0.202873 0.156247 4.04456 22 910 6681 6680 1 3.65765 3.65765 129 
2.73272 1.71754 -5 0.305837 0.612877 0.698487 4.0185 22 911 3945 3902 1 3.88473 3.88473 108 
-4.87866 0.25597 -5 0.400495 0.164576 4.42323 3.98793 22 912 3641 2895 1 9.56712 9.56712 95 
-2.93784 -5 1.10849 0.33895 1.27848 0.612989 4.13844 22 913 8073 8072 1 0 0 10 
4.58085 2.19094 -5 -0.0236629 0.455916 0.187804 4.06662 22 914 11751 9699 1 0.237961 0.237961 22 
-3.88118 -2.43628 -5 0.21447 0.483253 1.23494 3.99885 22 915 3298 3057 1 1.85392 1.85392 45 
5 3.03046 -2.46096 -0.282104 0.0077241 0.0029517 4.08376 22 916 5647 4561 1 0.586215 0.586215 11 
2.12928 2.48462 -5 0.631833 0.282535 1.11577 4.00093 22 917 1177 1 1 0.157733 0.157733 18 
5 0.559696 -4.24368 -0.267379 0.635385 0.398336 4.0258 22 918 4690 3184 1 0.0360059 0.0360059 15 
1.03334 3.07313 -5 0.449655 1.21331 3.30003 4.00411 22 919 4905 4904 1 1.5951 1.5951 13 
-4.49693 -3.25474 -5 0.384951 0.316678 0.17188 4.08104 22 920 12311 12310 1 0.526771 0.526771 36 
-3.35555 -5 -1.15912 0.249566 0.811433 0.789295 4.01891 22 921 1355 1 1 1.48258 1.48258 44 
-3.64657 -5 -4.41785 -0.393174 0.25928 -0.182614 4.13358 22 922 3070 2968 1 45.0917 45.0917 378 
-1.27281 -3.09935 -5 0.486184 0.31818 0.485996 4.02005 22 923 5646 5630 1 0.578236 0.578236 13 
-5 3.29379 3.20413 0.510078 -0.0306556 0.000977875 4.14041 22 924 13885 13884 1 2.80076 2.80076 42 
-5 1.79447 -4.53472 0.347506 -0.301933 0.221801 4.02582 22 925 1593 1592 1 1.38551 1.38551 42 
-3.84402 -5 -3.33734 0.0942838 0.205791 -0.0537273 4.11786 22 926 4569 4460 1 0.833967 0.833967 90 
1.60383 2.38803 -5 -0.145158 0.177361 0.115231 4.0259 22 927 1106 1105 1 2.72719 2.72719 80 
-1.59407 -2.10064 -5 1.4505 1.3712 3.19252 4.00601 22 928 1423 1226 1 7.22437 7.22437 67 
-5 -1.87078 -0.856042 2.73149 -2.26254 6.42234 4.02273 11 929 2294 2179 1 3.40059 3.40059 41 
4.02014 1.7986 -5 0.426124 0.996291 4.65531 3.99573 22 930 2744 2565 1 6.52464 6.52464 104 
2.9959 -4.89059 -5 6.58071 11.0105 18.07 4.00884 22 931 1056 1 1 0.255221 0.255221 30 
2.5882 -5 2.18833 -0.0378885 0.507597 -0.0450519 4.07558 22 932 4371 4370 1 0.494035 0.494035 40 
-5 4.55982 -0.122087 0.263541 0.728261 1.5951 4.02652 22 933 1474 1394 1 1.19994 1.19994 47 
1.39314 -5 -1.3602 0.0827566 0.0478953 0.338446 4.00205 22 934 4049 4012 1 1.91368 1.91368 71 
-2.92998 -5 2.2326 6.8771 6.37583 20.0937 4.01666 22 935 1074 1061 1 7.95202 7.95202 116 
-5 3.5032 -3.80789 0.179152 0.442821 0.181477 4.0925 22 936 1637 1612 1 10.5212 10.5212 134 
1.66572 -4.45884 -5 0.201404 0.101416 0.592941 4.01409 22 937 4923 4922 1 0.177371 0.177371 28 
-1.66321 -2.49156 -5 0.794202 1.44982 8.67453 3.99103 22 938 3482 3215 1 10.7315 10.7315 110 
-0.597351 -5 0.764632 -0.312944 0.264037 0.295608 4.04488 22 939 1213 1194 1 6.97055 6.97055 112 
-2.54171 -1.89749 -5 0.166967 0.239739 2.01399 3.98943 22 940 1965 1756 1 11.099 11.099 125 
-3.43807 -5 -4.59289 10.1469 9.89474 4.90733 4.0179 11 941 3144 2136 1 6.21048 6.21048 34 
-4.3984 -5 4.1411 0.111655 0.234776 0.275164 4.03264 22 942 4546 4438 1 2.86533 2.86533 82 
1.50002 -5 -3.41974 0.0299923 0.263756 0.100707 4.04853 22 943 3077 2974 1 0.283742 0.283742 14 
-0.577737 -3.49254 -5 0.48812 0.128508 0.972749 4.00964 22 944 5421 5108 1 4.52116 4.52116 74 
-5 3.90162 4.37779 2.66337 9.29662 10.1246 4.05318 22 945 6930 6928 1 1.01011 1.01011 21 
4.51388 -5 -0.540642 -1.39218 1.69626 3.90735 4.0039 -11 946 6626 6625 1 6.28423 6.28423 68 
-0.952002 -4.86861 -5 0.0339601 0.369806 0.225483 4.04634 22 947 6043 6017 1 0.258048 0.258048 6 
2.08065 -5 -4.22484 -1.01038 4.0852 1.07647 4.0083 11 948 1229 1113 1 9.04521 9.04521 147 
2.62905 0.349339 -5 0.0967211 0.0805272 0.451 3.99447 22 949 8649 8393 1 2.08315 2.08315 74 
-5 4.47683 -0.709298 0.14598 0.512205 0.717243 4.02395 22 950 16229 16182 1 0 0 8 
4.6416 -3.24949 -5 2.41327 3.3374 7.52706 4.00425 22 951 3728 3714 1 0 0 10 
2.68341 -5 -3.53497 0.363302 0.34853 -0.0272061 4.06862 22 952 11802 11801 1 4.42153 4.42153 109 
0.582894 -0.757006 -5 0.185339 0.179637 0.721522 3.99976 22 953 4460 4185 1 3.75623 3.75623 90 
4.8104 -5 -4.82174 6.20387 1.25746 18.866 3.99613 -11 954 2590 2589 1 8.99956 8.99956 146 
-5 -3.43257 -3.85907 0.183342 0.196117 0.151562 4.10173 22 955 1996 1963 1 0.698437 0.698437 85 
2.7393 -5 4.86851 -0.0864815 1.07034 2.2574 4.03413 22 956 2481 2298 1 0.43629 0.43629 29 
-5 0.560192 -0.863506 0.208756 0.0197425 -0.0415029 4.06286 22 957 2145 2041 1 8.56691 8.56691 210 
0.432099 -2.25589 -5 -0.545326 0.586892 1.32176 4.00696 22 958 1043 1 1 12.2013 12.2013 154 
1.9259 -3.2634 -5 0.0684359 0.178605 0.473853 4.0115 22 959 10942 10912 1 0 0 12 
3.88738 -5 -3.20535 2.8553 1.91292 6.7507 4.00656 22 960 2277 2276 1 13.3193 13.3193 180 
-5 -2.00027 0.609686 0.155025 0.118667 0.00891771 4.04025 22 961 1105 1104 1 16.0461 16.0461 62 
3.56361 -3.65277 -5 0.217723 0.225795 0.403402 4.06004 22 962 1777 1776 1 0.494891 0.494891 44 
-5 0.102811 -3.47695 0.521798 0.074543 0.0814811 4.00497 22 963 2648 2618 1 4.33635 4.33635 82 
5 4.1371 -3.7417 -0.218541 0.0825295 -0.0858117 4.06059 22 964 2787 2660 1 3.00963 3.00963 57 
2.01394 3.68875 -5 0.212596 0.281642 1.11451 3.99731 22 965 3181 2908 1 0.293103 0.293103 38 
-1.29478 -5 1.87518 0.184048 0.253606 0.588663 4.02214 22 966 13433 13303 1 0.348663 0.348663 29 
-2.24745 -2.14915 -5 0.407368 0.36444 1.13681 4.00197 22 967 2034 1896 1 0.248195 0.248195 13 
4.85116 -1.61049 -5 0.148753 0.305191 0.629307 4.01314 22 968 1069 1 1 0 0 12 
3.1937 -5 -3.99108 -1.96166 24.5282 63.5377 3.9931 11 969 2201 1858 1 12.4345 12.4345 201 
-0.455777 4.22579 -5 0.0185929 0.127208 0.494563 4.08541 22 970 2491 2467 1 1.39158 1.39158 9 
-1.15889 0.755263 -5 0.182682 0.317562 0.356232 4.02745 22 971 9576 9575 1 1.25508 1.25508 91 
-0.12823 1.40325 -5 0.0225898 0.0710411 0.625528 3.98927 22 972 3504 2915 1 16.129 16.129 97 
1.32205 -1.42232 -5 0.0981128 0.398112 1.16142 4.00775 22 973 4070 3729 1 2.53736 2.53736 62 
-4.45206 -5 0.117855 0.249106 0.183397 0.317948 4.01795 22 974 5026 4812 1 0.0183562 0.0183562 11 
0.360397 -0.0671911 -5 0.0136438 0.31863 0.39926 4.01584 22 975 4574 4540 1 0.236118 0.236118 30 
2.43465 0.91414 -5 2.38871 3.5995 6.28693 4.01661 22 976 5462 5389 1 4.26852 4.26852 103 
-2.00133 -5 4.65134 -0.222206 0.648547 0.622937 4.04035 22 977 16974 16806 1 0.147781 0.147781 28 
3.61831 -4.74833 -5 0.366812 0.850377 5.48629 3.99182 22 978 1778 1 1 1.60239 1.60239 53 
0.347248 1.23071 -5 0.0394359 0.0688262 0.405212 4.00473 22 979 1865 1639 1 0.397408 0.397408 14 
-0.727929 -5 -0.434337 1.20839 3.51832 8.31073 4.00679 22 980 5248 5211 1 6.84681 6.84681 140 
-4.79542 1.4357 -5 -0.0832364 0.281585 0.822126 4.00009 22 981 2256 2145 1 1.10708 1.10708 19 
-4.299 -3.13879 -5 0.376942 0.459978 1.09094 4.00247 22 982 4060 2633 1 0 0 14 
-3.5037 -3.06046 -5 0.234551 0.44981 2.86058 3.9901 22 983 5544 5414 1 0.848153 0.848153 60 
1.6527 -5 -2.10842 0.842904 2.48191 0.221864 4.08664 22 984 5722 5705 1 2.42223 2.42223 60 
3.28527 -5 4.98905 0.124712 0.235656 0.266345 4.05382 22 985 2408 2335 1 4.94263 4.94263 46 
-2.84077 -5 2.44447 0.009189 0.350275 0.371944 4.04529 22 986 2987 2961 1 0.594824 0.594824 68 
-1.62282 -1.73618 -5 -0.0370377 0.776713 0.589291 4.00668 22 987 10222 10074 1 10.3357 10.3357 123 
4.76686 -5 -3.40269 0.679311 0.500807 4.38821 3.99614 22 988 14934 14582 1 0.503983 0.503983 35 
-5 -4.86367 3.33989 1.55085 2.79292 21.9926 4.01724 22 989 6964 6748 1 2.65931 2.65931 94 
-5 -2.26931 0.838209 0.213194 0.288325 0.155553 4.08625 22 990 3004 3002 1 0.0245265 0.0245265 9 
-2.94556 -5 0.555698 1.42868 18.7321 27.854 4.02175 11 991 1 0 1 4.43316 4.43316 62 
2.76464 -1.05271 -5 0.119227 0.267786 0.443068 4.02207 22 992 6657 6279 1 3.75116 3.75116 34 
-3.60119 -5 4.20296 0.270131 0.496889 0.138127 4.05367 22 993 4330 4288 1 2.66641 2.66641 99 
1.50627 2.96605 -5 -0.0115084 0.13134 0.449315 4.004 22 994 3153 2962 1 4.12628 4.12628 52 
-4.98365 1.29666 -5 0.139052 0.246851 0.224924 4.02291 22 995 7276 7068 1 0 0 6 
5 1.65859 -0.374 -0.0642661 0.206388 0.47576 4.02839 22 996 1771 1728 1 3.35585 3.35585 56 
-3.47963 0.818872 -5 0.107907 0.595248 0.546317 4.01812 22 997 9944 9842 1 0 0 9 
0.973899 2.6492 -5 0.0975873 0.105421 0.570843 4.03923 22 998 4072 4071 1 0 0 3 
-0.951615 -5 -4.95406 0.305643 0.152377 0.0845615 4.04445 22 999 1438 1376 1 0.578954 0.578954 53 
-3.10657 -2.85665 -5 0.289842 0.40438 1.62228 3.9937 22 1000 11130 10969 1 2.12968 2.12968 40 
