# Det6_10_0
#x y z Px Py Pz t PDGid EventID TrackID ParentID Weight Edep VisibleEdep Ntracks
4.26634 -5 0.850427 19.6454 49.6733 -18.5387 5.57786 2112 6 20674 20616 1 0 0 1 
2.85533 4.92132 5 0.0891175 0.266139 -0.372827 4.06922 22 9 12129 12041 1 0 0 1 
4.44016 -3.58906 5 -0.156688 0.114808 -0.263725 3.9589 22 12 1059 1 1 0.327082 0.327082 28 
3.5768 -5 2.38117 0.2165 0.105667 -0.0107253 3.65606 22 46 49821 49820 1 0 0 1 
-0.929362 2.51313 5 0.0165683 0.297599 -0.415067 3.80022 22 71 10402 10381 1 0 0 1 
3.46137 -3.88059 5 0.163007 0.0855814 -0.344524 3.79842 22 76 47376 47319 1 0 0 1 
-4.52245 -5 -0.930955 0.0523193 0.359855 -0.64346 3.98281 22 93 14278 14276 1 0 0 1 
-2.05576 -5 -1.1098 0.117991 0.166244 -0.138713 4.01134 22 104 27571 27464 1 0 0 1 
-4.39768 0.435096 5 -0.0404673 0.114236 -0.136652 4.05538 22 116 23869 23868 1 0 0 1 
-3.74789 1.83994 5 0.0730327 0.387408 -0.351778 3.68312 22 123 36148 36147 1 0 0 1 
-5 -1.99705 0.559874 0.148464 1.18505 -1.60593 3.82202 22 129 44600 44598 1 0 0 1 
-1.22959 -0.811257 5 0.0716324 0.450416 -0.935822 4.12747 22 131 25887 25886 1 0 0 1 
-5 -3.33994 3.53189 0.0980881 0.466687 -0.189548 3.61253 22 136 58975 58974 1 0 0 1 
0.92458 -5 3.74891 0.0785454 0.265333 -0.0613808 4.30476 22 139 4256 4205 1 0.0344616 0.0344616 2 
4.20467 -5 4.73403 0.0999414 0.379143 -0.327692 3.65909 22 157 21682 21681 1 0 0 2 
-5 -0.369917 0.491435 0.173869 0.199273 -0.458159 4.47053 22 180 12209 12208 1 0 0 1 
5 3.6763 1.3122 -0.124588 0.0195656 -0.328945 4.0105 22 192 22919 22918 1 0 0 1 
-4.9581 -5 -3.53497 0.2 0.250746 -0.170907 3.91091 22 217 33293 33292 1 0 0 1 
-4.11605 4.01111 5 0.183513 1.77495 -1.77925 3.64849 22 226 43569 43507 1 0 0 1 
-1.81101 -5 -1.63957 0.0629864 1.35244 -2.42656 4.32326 22 237 54993 54955 1 0 0 1 
-4.93884 4.52827 5 -0.117264 0.18594 -0.337241 4.04806 22 266 10149 10148 1 0 0 2 
-1.4421 2.36587 5 0.141564 0.000667121 -0.358043 4.005 22 269 31682 31681 1 0 0 1 
3.01146 -5 0.787789 -0.163743 0.29865 -0.185451 3.82589 22 277 42075 42073 1 0 0 1 
-0.315416 -5 -1.80817 -0.166227 0.109084 -0.0474322 4.14198 22 301 48148 48110 1 0 0 1 
5 -1.13573 -0.633585 -0.0720828 0.0178166 -0.372674 4.10218 22 302 9769 9768 1 0 0 1 
3.48952 -5 4.24499 -0.0300132 0.274751 -0.380645 3.71039 22 349 51156 51155 1 0 0 1 
-1.43355 -3.98163 5 0.160186 -0.0976899 -0.395757 4.1908 22 350 34032 34031 1 0.211003 0.211003 2 
2.65727 -5 -2.31402 0.115223 0.318144 -0.0357557 3.50659 22 362 37751 1 1 0.137995 0.137995 2 
3.78436 -3.80658 5 0.0425319 0.177938 -0.392071 4.29184 22 387 9890 9889 1 0 0 1 
-2.03135 -1.26004 5 -0.165695 0.361776 -0.153511 3.8828 22 394 8747 8699 1 0 0 1 
3.31515 -4.91465 5 -0.00443951 -0.0566535 -0.423761 3.74429 22 409 46104 46061 1 0 0 1 
-2.86483 -4.84197 5 -0.28932 0.334603 -0.850828 4.21311 22 411 34235 34234 1 0 0 1 
-2.86604 -0.465525 5 0.079926 0.423967 -0.273831 3.71904 22 412 8109 8091 1 0.270702 0.270702 2 
-4.04925 2.09051 5 0.202464 0.102103 -0.277722 3.81653 22 419 20859 20855 1 0 0 1 
-1.37087 -2.34575 5 -0.0103904 0.577877 -0.343615 3.67264 22 442 29513 29439 1 0.672025 0.672025 24 
-1.9649 -3.65915 5 0.0458727 0.366761 -0.571836 3.99072 22 498 43934 43933 1 0.262243 0.262243 2 
-4.70518 -1.94174 5 -0.0452456 0.901009 -2.0864 4.10585 22 525 23239 23183 1 0 0 1 
0.439771 -2.6086 5 0.331109 0.884657 -1.21637 3.85178 22 550 15821 15820 1 0 0 1 
-0.288717 -3.71071 5 -0.000224987 0.21611 -0.463051 4.02238 22 551 18984 18954 1 0 0 1 
0.990145 -5 4.5923 1.15759 2.5945 -5.67359 4.06584 22 555 44263 44134 1 0 0 1 
0.0620601 -5 2.70767 0.0780126 0.2748 -0.423696 3.84173 22 556 23696 23666 1 0.119422 0.119422 2 
-1.01801 -1.24722 5 -0.136727 0.781716 -1.91625 4.1324 22 581 39901 39773 1 0 0 1 
2.98546 2.8172 5 0.0485217 0.296648 -0.413238 4.05055 22 593 46975 46974 1 0 0 1 
2.53639 -5 1.26486 0.129301 0.413315 -0.271241 3.6698 22 607 57347 57346 1 0.510546 0.510546 30 
1.73399 -1.68848 5 -0.223347 0.520308 -0.50496 3.88059 22 611 3015 3014 1 0 0 1 
-0.465005 -1.37454 5 -0.0325314 0.171192 -0.408197 4.02556 22 615 19380 19379 1 0 0 1 
-4.54324 -3.8132 5 0.0487988 0.370461 -0.250358 3.73049 22 655 22056 22022 1 0.143442 0.143442 2 
0.689493 -5 -3.47508 0.0972076 0.215748 -0.0497854 3.73043 22 676 32658 32655 1 0 0 1 
3.97916 -0.279341 5 -0.0166131 0.229244 -0.433364 4.05506 22 698 17682 17681 1 0 0 1 
-4.07059 -0.234178 5 0.151297 0.2868 -0.136787 3.88837 22 700 20879 20873 1 0 0 1 
-1.58924 -5 4.48955 -0.0646614 0.209239 -0.429074 4.27371 22 702 34404 34400 1 0 0 1 
-4.17116 -5 -1.31882 0.0316981 0.281046 -0.386084 3.99274 22 711 18072 18059 1 0 0 1 
3.71668 2.39603 5 -0.0683687 0.207732 -0.214694 3.57267 22 715 19473 1 1 0 0 1 
0.00336677 -5 0.939305 0.165537 0.29754 -0.0217962 3.86293 22 717 4353 4309 1 0.0218532 0.0218532 2 
2.80234 -5 0.728773 0.00472243 0.188107 -0.475093 4.1852 22 721 19982 19949 1 0 0 1 
-5 4.76232 3.39747 0.227475 0.154976 -0.40519 4.38243 22 755 15541 15426 1 0 0 1 
2.9282 -2.64102 5 0.0922284 0.208875 -0.335934 3.89908 22 763 22554 22553 1 0 0 1 
4.28942 -5 -2.24956 0.14037 0.28384 -0.401063 3.71153 22 775 41920 41895 1 0 0 1 
-5 1.75035 3.48822 0.146912 0.219403 0.0217487 3.98734 22 784 50078 50077 1 0 0 1 
-1.71069 4.8218 5 -0.00320411 0.221838 -0.460323 3.66408 22 786 3823 3770 1 0 0 1 
2.4509 2.16407 5 0.0733406 0.452101 -0.995058 4.37503 22 809 5522 5521 1 0 0 1 
-1.12671 -0.627192 5 0.772398 0.431904 -1.58484 4.64003 22 834 7730 7530 1 0 0 1 
5 0.726595 -4.8613 -0.0903865 0.12526 -0.307368 4.0309 22 845 21200 21199 1 0 0 1 
-1.34451 -5 1.74119 0.0209175 0.463014 -0.189833 3.59676 22 868 32253 32228 1 0 0 1 
-2.39638 -5 2.27379 0.112658 0.326542 -0.0350232 3.97402 22 885 26650 26623 1 0 0 1 
1.55441 -1.14957 5 4.55817 2.79517 -2.55782 3.8026 11 906 12594 12593 1 5.31868 5.31868 68 
-2.20216 0.71038 5 0.0277935 0.168251 -0.105064 3.64536 22 912 19299 19298 1 0.200157 0.200157 9 
-0.192126 -5 1.29599 0.640956 0.932397 -1.43406 3.83658 22 933 38403 38402 1 0 0 1 
-3.56456 1.08413 5 -0.0220472 0.22826 -0.574504 4.6228 22 941 46245 46213 1 0 0 1 
1.80778 4.26776 5 0.741634 3.21897 -3.85248 3.89062 22 955 4786 4634 1 0 0 1 
0.476209 -2.84568 5 7.25738 6.86188 -10.3399 18.8232 2112 980 9450 9433 1 0 0 1 
-5 -0.649973 -2.1707 0.0818343 0.0289862 -0.2791 3.92174 22 982 48758 48757 1 0.0513389 0.0513389 2 
