# Det7_9_19
#x y z Px Py Pz t PDGid EventID TrackID ParentID Weight Edep VisibleEdep Ntracks
2.85303 -5 0.31148 -0.0496247 0.253947 -0.113345 4.18469 22 2 28945 28944 1 0.20784 0.20784 27 
4.55241 -5 -3.85116 0.337088 0.356446 -0.142961 4.12966 22 3 17717 17686 1 5.81698 5.81698 53 
-3.39846 -5 0.444772 0.697259 1.71587 2.48322 3.99567 22 4 24399 24051 1 0.309599 0.309599 19 
-5 2.74593 2.88394 0.627426 1.61083 0.272593 4.10883 22 5 41110 41078 1 0 0 1 
1.4078 -5 0.203147 0.179961 0.257394 0.437486 3.99561 22 6 4700 4445 1 1.89205 1.89205 24 
-5 -0.149966 -2.77351 0.312442 0.399552 0.0621169 4.03828 22 7 16890 16863 1 0.134555 0.134555 7 
5 1.37542 -2.03338 -0.36919 0.635473 0.371567 4.04068 22 8 14491 14375 1 0 0 2 
-1.60205 -5 -2.55143 1.09544 1.30503 2.84763 4.00078 22 9 47503 47306 1 0.0140031 0.0140031 5 
-5 -4.66685 2.80805 0.112166 0.630271 0.212234 4.07263 22 10 29252 29251 1 0 0 1 
-2.76192 -5 0.0471029 0.0417649 0.155207 0.332322 3.98732 22 11 3921 3690 1 2.25394 2.25394 12 
1.27785 -5 2.14038 0.147019 0.253917 0.160159 4.08809 22 13 2968 2938 1 0.420475 0.420475 24 
-0.936038 -4.44487 -5 -0.204206 0.282202 0.373874 4.06502 22 14 29568 29567 1 0 0 8 
-0.508032 -2.40615 -5 0.39683 0.455714 0.276421 4.05625 22 15 25852 25504 1 0 0 2 
-3.43396 -5 -3.17986 -0.047792 0.691427 -0.043128 4.05082 22 16 30408 30341 1 0 0 1 
4.80426 0.151804 -5 -0.00320968 0.206961 0.318563 4.08959 22 17 33140 33108 1 0 0 1 
-2.81606 -5 -2.33455 0.302493 0.412565 0.414256 4.00741 22 18 4788 4675 1 0 0 2 
3.96154 -3.33286 5 0.348443 0.369838 -0.0541054 4.16911 22 20 1151 1150 1 0 0 7 
-2.33467 -5 -0.650736 0.282366 0.275536 0.32476 4.00826 22 22 3174 3173 1 0 0 2 
2.10437 -2.75098 -5 -0.203825 0.0713167 0.152468 4.06701 22 23 3128 3092 1 0.158296 0.158296 6 
-0.49018 -5 4.30827 1.33494 1.46015 2.39662 4.0127 22 24 5313 4923 1 0 0 5 
-3.12418 -5 -2.53075 -0.0647822 0.470248 0.12344 4.1552 22 25 8908 8907 1 0.305771 0.305771 6 
2.61184 -5 -2.6958 0.810002 1.28422 -0.206067 4.12285 22 26 8764 8763 1 0 0 1 
4.29057 -5 -1.96752 0.132037 0.237559 0.432726 4.02785 22 28 8448 8447 1 0 0 1 
-5 4.87856 -0.767194 0.590975 0.231942 0.316326 4.05357 22 29 9821 9705 1 0 0 6 
-4.22622 -5 1.76536 0.144839 0.411623 -0.0309028 4.13868 22 30 2889 2432 1 0 0 3 
-2.44148 3.94859 5 0.178045 0.0972875 -0.0699546 4.10967 22 31 25579 25578 1 5.41768 5.41768 37 
-3.86395 -5 0.18001 0.0371616 0.290396 -0.0381278 4.19648 22 32 6171 6170 1 0 0 3 
4.8396 -3.19759 -5 0.335045 0.549989 0.871575 3.99656 22 33 3980 3936 1 0 0 4 
-3.70655 0.723635 -5 3.10195 0.423159 5.11661 3.97934 22 34 3953 3857 1 2.06863 2.06863 116 
-5 1.88551 -3.5644 0.266287 0.76058 0.783122 4.02129 22 35 44953 44869 1 0 0 3 
4.97665 -5 -2.47088 0.142872 0.0388056 0.446274 3.99681 22 36 2818 2817 1 0 0 6 
-4.32208 -5 -1.44986 0.453407 0.592947 0.766746 4.00905 22 37 39277 38459 1 0 0 1 
-5 -2.63455 -4.54199 0.146345 0.298084 0.42985 4.00145 22 38 11640 11393 1 0 0 3 
-5 -2.94141 4.25489 0.213479 0.259697 -0.0146468 4.08884 22 39 23216 22904 1 0 0 1 
-4.84476 -5 -1.60838 -0.0559303 0.242025 0.0936126 4.04243 22 40 7962 7928 1 0 0 2 
-4.19793 -3.43482 -5 0.269498 0.835089 1.17402 3.99475 22 41 36921 36660 1 0 0 1 
-5 3.82189 3.31299 0.456775 -0.128479 -0.189657 4.0545 22 42 8136 8135 1 0 0 3 
1.27825 -5 1.39946 0.224525 0.159403 0.22959 4.00983 22 43 8574 8037 1 1.19596 1.19596 69 
-0.461745 -5 -1.10044 0.199652 0.179214 -0.033035 4.06887 22 44 10318 10317 1 0 0 2 
-3.01117 3.65918 -5 0.081336 0.401076 0.833776 3.99279 22 45 7049 6683 1 0 0 4 
1.35741 -3.98709 -5 0.205476 0.492553 1.05102 3.9749 22 46 11449 10856 1 0.2446 0.2446 5 
-1.35336 -0.0556288 -5 0.28077 0.78216 1.21313 3.9964 22 47 23826 23518 1 4.38578 4.38578 55 
-5 -2.99296 -1.93063 0.271931 0.549322 0.00977304 4.10964 22 48 14592 14559 1 0 0 4 
4.00331 -5 0.0487662 0.185574 0.362882 0.308219 4.11917 22 49 31763 31739 1 0 0 1 
4.51577 -5 4.24028 0.0314733 0.122665 0.34131 4.00543 22 50 21203 21092 1 0.339394 0.339394 36 
3.4835 -5 1.03374 -0.0468984 0.404695 0.654759 4.01377 22 52 7094 6809 1 0 0 6 
-3.21656 -0.353423 -5 0.772388 1.56055 0.496115 4.08381 22 53 28549 28512 1 1.16756 1.16756 4 
-5 -2.7208 3.28825 0.268742 0.70558 0.394924 4.05136 22 54 1477 1404 1 0.949576 0.949576 29 
2.64608 -5 -4.84709 0.194986 0.495756 0.48221 4.01888 22 55 3953 3949 1 0 0 4 
-2.83991 -5 1.09391 0.509184 0.801512 1.85957 4.00183 22 56 27208 27139 1 0 0 1 
-5 -2.89359 -1.75271 0.0821544 0.492471 0.652651 3.99466 22 57 1668 1 1 0 0 8 
4.39907 -5 -3.17358 0.430951 0.75573 0.764681 4.01984 22 59 11654 11621 1 3.37066 3.37066 82 
-5 -3.14395 4.42902 0.15537 0.541522 0.694138 4.03483 22 61 16585 16521 1 0.0549704 0.0549704 8 
4.04209 -5 -1.50861 0.250382 0.6234 0.565151 4.04248 22 63 8691 8465 1 0 0 1 
3.48994 -3.90135 -5 0.481817 1.20436 0.682681 4.02783 22 64 17578 17512 1 0 0 2 
-3.39202 -5 -0.281597 0.566473 1.48457 1.83962 4.00138 22 65 18447 17225 1 0 0 2 
3.16012 -5 2.68112 0.349519 2.57691 1.38979 4.04187 22 66 8936 8928 1 1.01034 1.01034 28 
-5 2.79213 -2.60576 0.124063 0.207972 0.264164 4.01609 22 67 23598 23558 1 0 0 1 
-4.4411 0.72612 5 0.463217 0.12856 -0.173268 4.05006 22 68 1393 1391 1 0.156574 0.156574 37 
1.17654 -5 3.22724 0.135129 0.506588 0.366554 4.0302 22 69 4116 3836 1 4.91662 4.91662 57 
-5 -1.27484 0.557497 0.382308 0.323739 0.100765 4.13711 22 70 9597 9596 1 0.144458 0.144458 5 
5 -2.54919 -1.83963 -0.200621 0.0669911 0.152494 4.0711 22 71 10594 10590 1 1.60303 1.60303 34 
3.03664 -5 -2.3259 0.146653 0.83542 -0.177609 4.1243 22 72 7785 7734 1 0 0 3 
-2.10338 -5 0.415572 0.396466 0.231635 0.208344 4.04798 22 73 11973 11401 1 0.429003 0.429003 53 
-0.0731993 -5 -2.84018 0.690659 0.425369 1.57131 3.99328 22 74 26945 26780 1 0 0 4 
-2.6747 4.21068 -5 0.446106 0.282469 0.244888 4.07437 22 75 23788 23787 1 0 0 5 
-1.3308 -3.5762 -5 0.700621 1.5032 0.711434 4.00453 22 76 3622 3541 1 0.297793 0.297793 11 
2.16233 -0.270558 -5 0.667546 0.785685 1.81248 3.98795 22 77 11653 11527 1 2.30655 2.30655 50 
1.4278 -5 3.30008 0.257603 0.563053 -0.105746 4.12932 22 78 25003 25002 1 0.991962 0.991962 24 
-5 1.33218 -2.9528 0.142028 0.237289 0.33917 4.02868 22 79 3524 3469 1 0 0 2 
-4.55805 1.47657 5 0.0691995 -0.0516516 -0.196061 4.10381 22 80 3568 3500 1 0.0232791 0.0232791 5 
-5 -2.79802 -0.264051 1.76317 1.77946 0.182228 4.06841 22 81 19880 19721 1 0 0 7 
-0.171894 -5 3.61262 0.169418 0.759372 0.964612 4.01246 22 82 18096 18093 1 0.130318 0.130318 8 
3.62627 -5 -3.78057 0.376923 0.369245 0.375923 4.02668 22 83 38061 29287 1 0 0 1 
-4.29558 -5 -4.67358 -0.00293942 0.122571 0.242082 4.00205 22 84 6725 6713 1 0.546204 0.546204 30 
-5 -1.7372 -2.21592 0.138167 0.2075 0.0905844 4.05125 22 85 13600 13398 1 0 0 3 
2.94517 -5 -2.84854 0.511054 1.25061 0.602845 4.05904 22 86 30191 30190 1 0.0976 0.0976 3 
3.39609 -4.21554 -5 0.295555 0.327107 0.689544 3.99762 22 87 14801 14579 1 0 0 1 
-2.1283 -5 -4.94881 0.352202 0.575135 0.997809 3.99622 22 88 9784 9783 1 0.0911227 0.0911227 2 
4.63919 -5 4.45812 0.239519 0.402278 0.11219 4.16516 22 89 11303 11264 1 4.40024 4.40024 24 
-5 -3.97912 0.23552 0.220146 -0.221052 0.144119 4.00325 22 90 3859 3829 1 5.96595 5.96595 38 
2.48057 -5 -2.45669 15.4405 34.6261 -4.44331 7.79183 2112 91 3408 3379 1 0 0 5 
-5 -1.28991 3.87665 0.827255 1.19658 0.902182 4.05785 22 92 2897 2799 1 0 0 2 
-5 -0.927698 -0.582554 0.165663 0.462607 -0.140252 4.20678 22 93 42124 42122 1 0 0 1 
1.00616 -5 4.46426 0.08767 0.181961 0.118107 4.06014 22 94 9974 9926 1 0 0 6 
5 2.99887 4.31784 -0.136451 0.162761 -0.115144 4.18928 22 95 47513 47418 1 0 0 2 
3.33216 0.751178 -5 0.0868361 0.16882 0.266506 4.01532 22 96 11248 11084 1 0 0 5 
-2.9637 -5 -2.5373 0.340486 0.348914 0.153129 4.11965 22 97 10095 10092 1 0.511186 0.511186 5 
-1.08449 2.29723 -5 0.0284219 0.317774 0.328583 4.03147 22 98 25812 25811 1 3.22018 3.22018 10 
-0.634308 -5 -4.86653 0.975924 3.49043 2.81036 4.03279 22 99 53841 53840 1 0 0 1 
1.32691 -5 -1.04366 0.371165 0.652681 0.532453 4.04616 22 100 13475 13227 1 0 0 1 
0.207422 -5 -2.67152 0.647802 1.1444 0.91653 4.02664 22 101 4151 4128 1 2.4683 2.4683 28 
-2.24917 -5 3.20438 0.696638 0.269964 0.849154 3.99996 22 102 8315 8244 1 0 0 3 
1.03743 -5 2.19013 0.461996 0.220527 0.174235 4.06737 22 104 1277 1 1 0.367982 0.367982 31 
-1.81346 2.92013 -5 0.231776 0.430457 1.27462 3.97992 22 105 4218 4007 1 0 0 3 
-0.418961 -5 -3.95858 1.22089 1.49779 2.01479 4.01323 22 106 2965 2863 1 2.47509 2.47509 6 
5 -2.80335 3.7828 -0.196976 -0.102794 0.134723 4.04089 22 107 14294 14269 1 0.0127947 0.0127947 5 
-5 -3.19919 4.84439 0.380592 0.200512 0.190279 4.05287 22 108 29888 29887 1 0.500503 0.500503 19 
2.57368 -1.74548 -5 0.0613771 0.0687456 0.50262 3.99637 22 109 1191 1190 1 0 0 8 
-0.440302 -5 3.3606 0.076025 0.635802 1.12001 4.02316 22 110 9321 8530 1 0 0 7 
-0.315582 -5 1.15781 0.224634 0.404278 -0.100521 4.15537 22 111 42008 42006 1 0 0 3 
-2.03182 -5 -4.23942 -2.991 2.26165 0.0859071 4.04746 22 112 10752 10659 1 0 0 5 
4.1886 -4.61484 -5 0.228812 0.274434 1.57293 3.96182 22 113 2614 2050 1 6.82697 6.82697 49 
-4.53872 -5 4.47488 0.284749 0.086743 0.415347 4.03209 22 114 12227 12199 1 0 0 5 
-0.73748 -5 -2.77133 1.41892 1.5496 0.251134 4.06304 22 115 24412 24411 1 0.556844 0.556844 35 
-5 3.88408 -0.451549 0.195293 0.22938 0.262004 4.08473 22 117 44203 44201 1 0 0 1 
-0.962619 -5 -4.50876 0.362058 0.855088 0.691525 4.02038 22 118 1629 1561 1 0.941065 0.941065 8 
1.76558 -5 2.99908 0.0188388 0.426256 0.290334 4.08111 22 119 25099 25039 1 0 0 2 
0.233411 -0.690115 -5 0.329353 0.611451 1.49002 3.99233 22 121 32649 32501 1 0 0 2 
-2.9819 -5 -4.4337 0.717338 0.530616 1.01861 3.99731 22 122 11602 11562 1 0.40882 0.40882 6 
4.79213 2.50537 -5 0.280044 0.386442 0.18264 4.05337 22 123 6829 6796 1 0 0 3 
-0.561947 -5 3.38197 0.355471 0.431645 0.481065 5.05735 22 124 3109 2962 1 0 0 1 
3.34524 -3.2134 -5 1.08277 0.504337 1.96782 3.99669 22 125 9576 9397 1 0 0 2 
4.80215 -4.08724 -5 -1.80697 -2.20668 -1.1292 4.1361 11 126 5923 5492 1 0.0730392 0.0730392 3 
-0.537144 -5 0.341549 0.0878553 0.7642 0.801141 4.0382 22 128 5801 5606 1 0.237277 0.237277 5 
-5 -3.96295 4.15805 0.114398 -0.0920641 -0.116608 4.09384 22 129 13783 11273 1 0 0 2 
-3.18718 -5 0.441996 0.0891753 0.153834 0.135351 4.03984 22 131 1504 1 1 0 0 6 
-5 0.0916737 -2.71927 0.714862 0.389011 0.492113 4.03331 22 132 8988 8943 1 0.387459 0.387459 25 
-5 -0.00101084 -3.29347 3.69077 -1.75158 4.67713 4.03332 22 133 18639 18638 1 0 0 3 
-2.35232 -5 1.06723 0.339146 0.63408 0.132292 4.07056 22 134 7933 7736 1 0.309982 0.309982 3 
-3.68406 -0.976873 -5 -0.208599 0.0765227 0.115846 3.99556 22 135 2014 2013 1 0 0 2 
2.31464 -5 -4.91285 0.145656 0.337746 -0.0897692 4.17908 22 136 19865 19864 1 0.218461 0.218461 5 
1.94016 -5 -1.04629 0.0326312 0.20229 0.050807 4.0386 22 137 1701 1566 1 0.543557 0.543557 22 
-5 4.50998 2.08219 0.363358 1.10715 1.50515 4.02558 22 138 1977 1905 1 1.24035 1.24035 3 
-0.985152 -3.86959 -5 0.404002 0.308726 0.0508984 4.04715 22 139 4378 4377 1 0.72365 0.72365 38 
3.81953 -0.826877 -5 0.29816 0.431851 0.575042 4.01544 22 140 3456 3107 1 1.06247 1.06247 43 
-5 -2.90534 -2.86948 0.196332 -0.149489 -0.00927901 4.02072 22 141 13181 13180 1 0 0 2 
-5 4.83094 -4.84243 0.291501 0.91465 -0.797132 4.14599 22 142 17627 17560 1 0.16856 0.16856 21 
-3.006 -5 -4.52855 0.241142 0.575607 -0.0598748 4.04239 22 144 1543 1540 1 0.00311294 0.00311294 8 
-2.08548 -5 -1.20053 0.888061 0.979624 4.35568 3.98382 22 145 11602 11601 1 1.24469 1.24469 7 
1.80043 -5 -2.42643 1.07561 1.58396 2.88959 4.00364 22 146 23650 23649 1 0.576088 0.576088 18 
-3.05382 -3.94782 -5 0.261576 0.312406 0.0507408 4.08557 22 147 8265 8214 1 0 0 3 
-1.43507 -5 0.464237 0.335073 0.410115 0.0980225 4.0857 22 148 4856 4753 1 0 0 2 
2.2347 -5 -2.24663 -0.0878679 0.491686 -0.107905 4.2171 22 149 15846 15845 1 0 0 2 
-5 -0.118673 2.80849 0.289903 0.330344 0.180627 4.02813 22 150 2260 2227 1 0 0 2 
-5 2.31641 -3.15369 0.451523 0.540843 0.215679 4.02164 22 151 5825 5824 1 0 0 3 
-5 -4.91877 -3.65026 0.678723 0.22249 0.399277 4.02744 22 152 13662 13552 1 0.0745547 0.0745547 9 
0.392755 -5 -3.36255 2.68953 4.47626 4.45254 4.04607 22 153 21989 21886 1 0.598571 0.598571 10 
-5 2.20416 4.14308 0.3379 0.703878 1.37923 4.02191 22 154 10148 10034 1 0 0 2 
-3.50586 -0.0878837 -5 0.146837 0.320261 0.370124 4.01605 22 155 10048 10047 1 0 0 1 
2.17168 -5 4.55612 0.591811 0.741963 1.03231 4.03278 22 156 11966 11965 1 0 0 4 
-5 -4.49579 -3.28388 0.517861 0.99258 0.713835 3.99122 22 157 46121 46068 1 3.19663 3.19663 6 
-3.48947 -3.07884 -5 0.07406 0.384901 1.27988 3.96727 22 158 7847 7731 1 0 0 4 
-1.81967 -5 1.57476 0.73467 0.941823 0.0385012 4.12299 22 159 21045 20996 1 0 0 3 
3.91269 -5 1.02639 0.297301 0.164038 0.100075 4.15705 22 160 3619 3618 1 0 0 2 
-0.207649 -5 -0.473185 1.38389 1.62194 0.170552 4.14149 22 162 21188 21165 1 0 0 5 
-3.81584 2.95196 -5 1.44271 3.47648 5.68969 4.0015 22 163 38701 38608 1 0 0 1 
-5 -4.0289 2.60421 0.0836446 0.19972 0.462856 4.045 22 164 40506 40477 1 0 0 1 
0.926618 -5 2.45784 0.153397 0.372162 0.314777 4.07088 22 165 27960 27922 1 0.425465 0.425465 71 
2.15004 -5 2.26339 0.018783 2.26822 -0.0448045 4.13947 22 166 3222 3221 1 0 0 1 
-5 0.861347 -3.53234 0.188019 0.284344 0.0372537 4.10487 22 167 23517 23478 1 0.162188 0.162188 29 
-3.35 -5 -2.16296 0.256969 0.489807 0.0130955 4.04586 22 168 6552 6521 1 0 0 4 
0.966999 -5 -1.13266 -0.0117095 0.339793 -0.108029 4.04393 22 169 16860 16740 1 0 0 4 
-0.460881 -3.65426 -5 0.118773 0.411211 0.279139 4.02862 22 170 30005 30002 1 0 0 1 
0.0161258 3.13287 -5 -0.0176151 1.29628 1.3959 4.04435 22 171 13237 13236 1 0 0 9 
-1.63232 -5 -3.17862 0.261489 0.295884 0.0536969 4.15401 22 172 17786 17605 1 0 0 2 
-5 -3.17486 4.09221 0.496212 0.621091 1.08321 4.03652 22 173 8547 8243 1 0.503332 0.503332 55 
-4.1293 3.02351 -5 0.0712772 0.472099 0.182104 4.05734 22 174 5553 5552 1 1.05801 1.05801 25 
-5 -4.53963 -4.02439 0.291632 0.10554 0.143853 4.11198 22 175 6955 6926 1 0.19192 0.19192 3 
0.11064 -1.13563 -5 0.375463 0.913256 0.80079 4.01584 22 176 18762 18703 1 0 0 1 
2.53156 -1.34514 -5 0.436136 0.199395 0.108962 4.06508 22 177 4734 4729 1 0 0 1 
1.43083 -0.151652 -5 -2.2935 3.17825 4.55895 3.98906 22 178 5571 5519 1 0.572229 0.572229 2 
-2.91767 -5 -2.49533 0.21095 0.364856 0.288964 4.03749 22 179 31464 31463 1 0.337296 0.337296 37 
-4.10034 -5 0.713707 -0.210845 0.321375 -0.174161 4.11021 22 180 5519 5517 1 0.303223 0.303223 16 
-1.24288 2.30707 -5 0.317216 0.120108 0.151241 4.01816 22 181 7003 6945 1 0.344401 0.344401 34 
1.97675 -5 -4.50896 0.864361 1.00105 0.56197 4.0564 22 182 54284 54275 1 1.43607 1.43607 55 
3.03833 -5 -3.34067 0.291485 0.345214 0.238713 4.01368 22 183 7695 7694 1 0.0345261 0.0345261 3 
-5 -1.95984 3.17678 0.230675 0.548096 2.17701 3.99718 22 184 6535 6328 1 0 0 3 
-4.95832 -5 4.54502 0.351734 0.711822 0.811837 4.03587 22 185 32975 32153 1 0 0 1 
-5 -1.52178 0.836069 0.0828992 0.482088 -0.147778 4.09591 22 186 2373 2372 1 0 0 11 
-4.43764 -2.60221 -5 -0.170551 0.680573 0.727965 4.0212 22 187 6464 6463 1 0 0 2 
-5 0.740167 -0.951893 0.130172 0.253458 0.267546 4.08003 22 188 3478 3246 1 0 0 4 
1.25803 -0.00960626 -5 0.252604 0.608295 0.657239 4.02374 22 190 11529 11278 1 0 0 3 
1.1739 -5 -4.12201 0.0748639 0.477247 -0.166586 4.1312 22 191 20893 20892 1 0 0 3 
-0.693669 -5 1.40747 1.39183 1.44669 2.8532 4.01776 22 192 1444 1399 1 0 0 5 
-1.52541 1.87124 -5 0.959061 1.11636 1.30656 4.00401 22 193 6168 6122 1 0 0 4 
-1.12184 -5 2.16433 0.607789 1.78257 3.49297 4.00917 22 194 13163 13019 1 0 0 5 
-2.09065 -0.425269 -5 0.495496 -0.0184727 1.0446 3.99358 22 195 3257 3008 1 0.851379 0.851379 4 
1.18712 -5 1.8971 0.303506 0.368989 0.0588995 4.0501 22 196 18214 18166 1 0 0 5 
-2.87902 -5 -2.36555 0.253509 0.589785 0.395788 3.99404 22 197 7462 7450 1 0.768291 0.768291 9 
1.64197 0.464695 -5 0.252265 0.420238 0.530205 4.00717 22 198 7128 7127 1 1.7141 1.7141 23 
-5 1.81255 -1.39479 0.04532 0.542991 0.277405 4.14336 22 200 2085 2080 1 0.210679 0.210679 25 
-5 -4.5455 -2.82083 0.249941 0.248121 0.105992 4.06157 22 201 11294 11268 1 0.367253 0.367253 35 
-0.265675 -5 0.284228 0.319911 0.68187 0.664897 4.02438 22 202 24466 21996 1 0 0 1 
-0.65078 -5 -2.70556 0.267535 0.249618 0.111629 4.0804 22 203 17593 17514 1 0 0 2 
2.9462 -5 -4.09596 0.0648674 0.416907 0.118782 4.10199 22 204 17677 17675 1 0 0 1 
1.85567 2.72515 -5 0.148029 0.277006 0.265364 4.06459 22 205 14430 14428 1 0 0 1 
-4.86603 2.05753 -5 -0.0168849 0.536582 0.803431 4.00597 22 206 21452 15242 1 0 0 1 
1.09028 -5 -1.18047 0.239451 0.325411 0.0374608 4.06875 22 207 36324 35987 1 0 0 1 
4.14247 4.23451 -5 0.102282 0.301662 0.557727 4.99464 22 208 33311 33309 1 0 0 1 
0.169886 -5 -4.95584 0.377388 0.776879 -0.00199959 4.07343 22 209 20179 20147 1 0.17354 0.17354 26 
-2.82139 -3.55948 -5 0.317575 1.29951 2.43442 3.98208 22 210 1578 1 1 0 0 3 
0.146961 -4.05055 -5 0.25514 1.05259 2.69565 3.98765 22 211 6987 6868 1 0 0 4 
-5 1.93626 -2.38314 0.225697 0.289865 0.214614 4.09945 22 212 3686 3631 1 0.5106 0.5106 30 
-3.57774 -0.57258 -5 2.02109 4.17855 2.91625 4.04264 22 213 4573 4347 1 0.326111 0.326111 3 
4.20471 -5 3.41538 0.2261 0.191803 0.383815 4.03449 22 214 12140 12120 1 0 0 4 
3.73298 -2.64229 -5 0.452765 0.865845 1.88861 3.98388 22 215 20881 20581 1 0 0 2 
-5 -3.1811 0.455553 1.68191 2.95716 -0.0237813 4.10869 22 216 4839 4793 1 0 0 4 
-2.53734 -2.76843 -5 0.146756 0.645596 1.96955 3.97459 22 217 16873 16701 1 0 0 1 
-2.53206 -5 3.85792 0.177679 0.320501 0.462363 4.04104 22 218 11229 11171 1 0.457818 0.457818 21 
-1.54532 -5 3.78992 0.248736 1.12178 0.609177 4.12292 22 219 8096 8078 1 0 0 6 
-5 2.61248 0.655877 0.145044 0.0242253 0.489383 4.02285 22 221 9412 9390 1 0.543002 0.543002 60 
2.01474 -5 -0.0648828 0.154563 0.423031 0.101863 4.05152 22 222 3304 1 1 0.0637328 0.0637328 6 
-1.51872 -5 3.38454 -0.0130124 0.235955 0.141255 4.07454 22 223 2929 2835 1 0.274901 0.274901 24 
3.99372 -5 4.83506 8.1373 10.7258 15.9775 4.03051 22 224 14164 14110 1 6.40973 6.40973 37 
-1.91964 3.68987 -5 0.332011 0.203255 0.319697 4.03977 22 226 6178 6177 1 0 0 4 
1.97304 -5 3.7291 1.13487 2.12452 3.35684 4.0458 22 227 13963 13800 1 4.80039 4.80039 6 
0.594964 1.66398 -5 0.02323 0.408242 0.149243 4.04053 22 229 19566 19339 1 0 0 2 
3.09132 0.102947 5 -0.129132 0.135035 -0.172758 4.0817 22 231 11005 10761 1 0.25414 0.25414 23 
-3.9283 2.04898 -5 0.118029 0.254092 0.394378 4.00134 22 232 15025 14999 1 0 0 1 
-1.12132 -5 -2.20505 0.151446 0.311606 0.53538 4.02209 22 233 16300 16231 1 0.727632 0.727632 24 
0.881866 -5 0.323404 0.833965 3.61121 2.93084 4.03456 22 234 11217 11216 1 0 0 5 
-2.2334 -5 2.378 0.133551 0.23138 0.438384 4.02213 22 235 24149 24094 1 0.113614 0.113614 4 
-5 -1.90968 1.71699 0.256624 0.465387 0.217248 4.08435 22 236 8016 7241 1 0.235857 0.235857 30 
-5 1.42585 -1.05202 0.14029 0.412196 0.267457 4.06517 22 237 5774 5773 1 0 0 6 
1.99291 -5 1.08743 0.262601 0.436999 0.550455 4.02931 22 238 2318 1808 1 0 0 1 
-5 2.29977 3.744 0.123478 0.656628 0.297238 4.07565 22 239 1620 1593 1 0.103062 0.103062 13 
3.41421 -5 2.81711 0.738894 0.971403 -0.0779626 4.15663 22 240 33335 33286 1 0 0 1 
-3.43315 -5 1.66384 0.0936826 0.269685 0.289617 4.03424 22 241 30084 30039 1 0 0 3 
-3.63768 -1.78847 -5 -0.196051 0.0467023 0.333609 4.04051 22 242 12163 12045 1 0 0 3 
1.34237 -5 -4.91329 0.217063 0.454227 0.0270993 4.0363 22 243 5944 5868 1 2.41659 2.41659 8 
-0.131735 -5 1.36606 0.363078 0.274995 0.252896 4.0967 22 244 9448 9447 1 0 0 3 
-4.43189 5 -4.22602 -0.0886894 -0.0905013 0.0667058 4.10085 22 245 13887 13707 1 0.142479 0.142479 41 
-5 -0.954681 4.0603 0.198584 0.258404 0.181323 4.09534 22 246 36403 36365 1 0 0 1 
-4.80837 -1.65465 -5 0.0193354 0.192256 0.253027 4.14132 22 247 2082 2081 1 0 0 4 
-4.05289 -5 -3.65504 0.396503 0.135076 0.292677 4.04464 22 248 25364 25363 1 0.167615 0.167615 3 
-5 -1.25523 -1.86533 0.0632345 0.0927781 -0.154283 4.07312 22 249 4414 4180 1 13.2192 13.2192 71 
-4.39135 -5 4.48864 0.0384352 0.386324 0.198982 4.1071 22 250 11333 11331 1 0.372469 0.372469 29 
4.9962 -5 1.36083 0.260816 0.393375 0.244016 4.05353 22 251 13697 13138 1 0 0 3 
0.82216 1.76042 -5 0.197888 0.364848 0.625303 4.00835 22 252 4946 4767 1 0 0 3 
4.00546 -4.3713 -5 0.486532 0.580691 0.953425 4.01487 22 253 22750 22621 1 0.704102 0.704102 5 
-4.78016 -5 -0.676281 -0.224129 0.454204 0.0677121 4.01247 22 254 1395 1394 1 0.19873 0.19873 26 
-4.99401 2.35937 -5 0.108975 0.544924 0.607481 4.01842 22 255 21128 21079 1 1.85006 1.85006 4 
0.32127 0.928084 -5 7.52866 13.821 19.6927 4.00985 22 256 6739 6737 1 0 0 4 
-4.87235 -5 -3.12351 0.216967 1.23885 0.302857 4.08613 22 257 2460 2458 1 0.944914 0.944914 2 
3.26597 3.6305 -5 1.94783 1.2512 4.39883 3.99169 -11 258 5554 5553 1 0.597904 0.597904 19 
-3.1188 -5 0.648039 0.997844 0.273218 0.764522 4.03354 22 259 1190 1110 1 0.867692 0.867692 34 
-4.00951 0.63915 -5 0.178962 0.330008 0.703241 3.98734 22 261 19411 19211 1 0.0291723 0.0291723 26 
-5 -1.18704 0.585421 0.411603 0.195296 1.13352 4.01348 22 262 2927 2607 1 0.908145 0.908145 4 
-2.44469 -5 3.02849 0.326751 0.581718 1.46617 3.99724 22 263 5766 5621 1 0 0 6 
1.08626 -1.14446 -5 0.384642 0.882675 1.27664 3.99002 22 264 19479 19422 1 0.234938 0.234938 16 
-4.83531 -5 3.36475 0.274486 0.287799 0.320856 4.03871 22 265 17164 17163 1 0 0 6 
1.59066 -5 -3.33903 3.20318 3.89596 3.29302 4.02937 22 266 4501 4458 1 2.15892 2.15892 5 
-0.912781 2.5613 -5 0.400493 0.943848 1.80711 3.99399 22 267 42421 42097 1 0 0 1 
-0.648105 -5 4.83469 0.159218 0.186283 0.390856 4.01613 22 268 5355 5055 1 0 0 2 
0.355536 -1.40164 -5 0.827651 0.676305 0.907091 4.01218 22 269 1528 1428 1 3.00256 3.00256 27 
-5 -2.22069 3.45943 4.83204 4.47419 8.56153 4.02294 22 270 33598 33597 1 2.10507 2.10507 4 
1.71202 3.51583 -5 0.394742 0.391345 0.496862 4.13486 22 271 8391 8389 1 0 0 1 
2.64253 3.25905 -5 0.0857297 0.260775 0.276613 4.15493 22 272 8989 8985 1 0.30092 0.30092 33 
-5 -0.0102427 -2.94785 0.322521 0.0963385 0.149708 4.08906 22 273 19733 19732 1 0 0 4 
-5 2.65855 -0.321146 0.600659 1.80463 0.176397 4.12768 22 274 15033 15006 1 0 0 3 
1.11724 -5 -1.20642 0.0669066 0.338491 -0.0149974 4.10842 22 275 23362 23325 1 0 0 1 
1.74452 -2.28439 -5 0.463583 1.69924 1.79114 4.00175 22 276 15803 15584 1 2.02894 2.02894 15 
1.63027 -2.3956 -5 0.625564 1.41007 3.49098 3.97839 22 277 12106 11894 1 0.627096 0.627096 36 
5 1.91618 -1.32324 -0.21682 0.151537 0.426687 4.08857 22 278 29078 29051 1 0 0 2 
4.87603 -4.74871 -5 0.653125 1.1222 2.27982 4.0013 22 279 28145 28099 1 0 0 1 
-5 -4.20768 3.40505 0.936771 0.355268 1.01889 4.0364 22 280 17674 17446 1 0 0 2 
-5 3.38544 -2.1388 0.112567 0.101498 -0.29276 4.0664 22 281 9505 9504 1 0 0 10 
-0.7101 -5 2.09627 0.144576 0.490051 0.00825985 4.1146 22 282 7093 7092 1 0.107967 0.107967 9 
-0.11895 5 -2.18954 0.111019 -0.214027 -0.0540708 4.1054 22 283 7259 7187 1 0 0 1 
-4.42009 -5 2.10296 0.132455 0.311195 -0.0429294 4.17044 22 284 19687 19631 1 0 0 4 
1.01819 -5 -1.12864 0.146186 0.367809 0.0614419 4.10916 22 285 6501 6444 1 0.301697 0.301697 16 
2.49291 -4.93099 -5 0.769034 0.391682 1.83232 3.99675 22 286 18388 18357 1 0 0 2 
-0.832843 -5 -1.37754 0.390127 0.260604 0.202499 4.0762 22 287 21368 21367 1 0 0 1 
-0.741876 -5 3.97686 3.17304 8.58067 19.3228 4.01666 22 288 5860 5807 1 0 0 4 
-5 0.775909 -1.16036 0.677385 0.760501 0.271825 4.07433 22 289 22206 21762 1 0 0 2 
2.38831 3.80518 5 0.314689 0.330942 -0.229277 4.18479 22 290 7173 7159 1 0.718031 0.718031 3 
-5 2.16749 -4.42313 0.19797 0.431598 0.522452 4.01398 22 291 14262 14192 1 0 0 4 
-5 1.00126 -1.648 0.538784 0.00674636 0.772362 4.02258 22 292 2860 2711 1 0 0 5 
-5 -3.75564 2.00526 0.107843 0.11472 0.179247 4.07335 22 293 13960 13860 1 0 0 4 
1.09114 0.102156 -5 1.43848 1.33093 2.8333 3.98275 22 294 10288 10023 1 0 0 2 
-5 -3.50685 4.79938 0.1038 0.20634 -0.117846 4.10156 22 295 5336 5165 1 0.258944 0.258944 29 
-1.67079 0.431173 -5 -0.0227916 0.189463 0.395652 3.98607 22 296 2843 2827 1 0 0 5 
5 1.63886 -3.07294 -0.214292 -0.0933727 -0.454401 4.02053 22 297 21236 21234 1 1.3214e-05 1.3214e-05 8 
-2.43142 -5 2.63261 0.196147 0.468773 0.053834 4.09258 22 298 22228 22197 1 1.72968 1.72968 3 
3.31397 -5 4.20492 1.61075 3.51556 5.36865 4.01645 22 299 1073 1 1 0.373183 0.373183 38 
0.0856234 -5 4.44608 0.0783863 0.498783 0.0786801 4.14378 22 300 10117 10115 1 0 0 4 
-3.46395 -5 -3.48045 0.123935 1.91597 2.7902 3.98866 22 301 2096 2046 1 1.52453 1.52453 12 
1.38115 -5 -1.03704 0.160321 0.243749 -0.091366 4.18416 22 303 22969 22968 1 0 0 3 
-3.54634 -5 -2.13006 0.982625 1.62877 -0.494397 4.17146 22 304 34582 34581 1 0.510708 0.510708 23 
-4.73814 -5 0.542101 0.0387977 3.95018 2.65126 4.03063 22 305 3613 3489 1 0.28817 0.28817 19 
3.98014 -5 3.47852 -0.252186 0.442366 0.0428273 4.18598 22 306 3911 3910 1 0 0 3 
5 3.129 -4.78817 -0.243612 0.221769 -0.39063 4.08068 22 307 15221 15219 1 0.499592 0.499592 34 
-3.77951 -5 2.37068 1.47058 2.18005 2.52759 4.05399 22 308 9633 9598 1 0.437761 0.437761 5 
-4.38382 -5 3.93939 0.143426 0.383468 0.30578 4.11354 22 309 4444 4443 1 1.08232 1.08232 22 
5 2.7837 -4.40708 -0.214118 0.415848 -0.0532887 4.0346 22 310 21820 21226 1 0.17495 0.17495 37 
3.04246 0.683925 -5 -0.11186 0.0789587 0.185784 4.34171 22 311 25446 25262 1 0.668638 0.668638 29 
-0.667334 -0.5475 -5 -0.0168004 -0.0186669 0.0222711 3.99239 22 312 22899 22893 1 0.117192 0.117192 21 
1.99872 2.90379 -5 0.227282 0.309448 0.287013 4.0322 22 313 2041 1721 1 0 0 2 
3.18409 -5 -4.17699 0.138324 0.527744 0.0882921 4.03615 22 315 12149 11955 1 0.458644 0.458644 21 
3.90868 -2.57462 -5 0.188167 0.315434 0.355267 4.00374 22 316 4587 4581 1 0.640706 0.640706 9 
0.831394 -5 -4.33216 0.168529 0.338723 0.0375117 4.01731 22 317 4026 3957 1 0.40533 0.40533 38 
4.90414 -5 4.53739 0.0954937 0.501986 -0.00324637 4.20203 22 318 3641 3640 1 0 0 1 
-2.30839 -5 -0.927636 0.130915 0.461155 0.176967 4.01797 22 319 9563 9562 1 0.324718 0.324718 3 
-1.56746 -5 -1.60775 0.202055 0.469306 0.0067522 4.08455 22 320 22019 22018 1 0 0 2 
4.61929 -5 2.8495 8.26453 11.4258 21.5613 4.015 22 321 5524 5339 1 0 0 2 
4.79102 -3.39204 -5 0.107788 0.42489 0.225767 4.02473 22 322 27012 26770 1 0.0277348 0.0277348 4 
-0.957748 1.45567 5 0.141252 0.350688 -0.0557129 4.14519 22 323 8214 7994 1 0 0 2 
-2.02683 -1.03064 -5 0.189964 0.287154 0.377592 4.14004 22 324 15603 15602 1 0.0945662 0.0945662 4 
1.62933 3.8116 -5 1.20205 1.47092 1.30037 4.19094 22 325 1040 1 1 0 0 3 
-5 -1.56548 3.61518 0.686766 0.0529897 0.454355 4.00156 11 326 4288 4287 1 0.98672 0.98672 36 
4.35805 -1.55345 -5 0.120178 0.439406 0.759889 4.0468 22 327 26704 26703 1 0 0 2 
-0.510861 -3.94471 -5 0.0382077 0.503314 0.07959 4.02168 22 328 22869 22868 1 0.220859 0.220859 5 
2.3153 -5 2.04714 0.0555389 0.273988 0.332949 4.04621 22 329 1393 1356 1 0 0 5 
-5 4.88983 1.58079 0.0629056 0.118424 -0.093402 4.0752 22 330 13502 13299 1 0 0 3 
-4.58029 -5 4.74292 0.0875805 0.352382 0.586319 4.02418 22 331 19625 19475 1 0.523014 0.523014 31 
-5 0.445497 0.441436 0.257674 0.224252 0.357345 4.01875 22 332 56745 56439 1 0.494325 0.494325 4 
-5 1.46901 -3.11462 0.176632 0.400692 0.30822 4.04669 22 333 12310 12168 1 1.67056 1.67056 33 
-1.77974 0.0319626 -5 0.0755141 0.150141 0.29467 3.99559 22 334 3487 3435 1 0.758866 0.758866 31 
2.57777 4.0129 -5 0.458229 1.22429 0.954605 4.0206 22 335 23198 23061 1 0.06226 0.06226 4 
-5 -4.81885 4.40697 8.49137 4.47737 19.7749 4.00009 -11 336 3816 3815 1 1.05172 1.05172 16 
4.14118 -5 1.87705 1.04114 2.69497 1.19686 4.05591 22 337 1348 1293 1 0.164434 0.164434 5 
3.17788 -5 4.47495 0.631426 0.710813 1.02695 4.02964 22 338 34897 33189 1 0.627503 0.627503 43 
1.58213 -5 2.7214 0.763279 1.28313 4.2546 3.99947 22 339 2388 2329 1 0.462541 0.462541 43 
4.49846 -5 -1.24439 0.391515 2.55007 4.72992 4.02468 22 340 47774 47772 1 0 0 1 
3.87977 -5 -0.886844 0.28294 0.403703 0.134494 4.18309 22 341 9638 9636 1 0 0 1 
2.9086 5 4.39963 -0.00836488 -0.471636 0.066794 4.08435 22 342 2289 2287 1 0.207237 0.207237 3 
1.61905 -5 -3.73161 0.189935 1.46111 1.51753 4.02648 22 343 2157 2156 1 0 0 3 
1.89773 0.927472 -5 -0.087778 0.27326 0.031161 4.04859 22 344 13114 13089 1 0 0 4 
-4.43886 -5 -0.707508 0.39219 0.835287 0.699947 4.00527 22 345 5586 5293 1 3.63618 3.63618 38 
-4.71528 -5 -3.95064 -0.0793145 0.0363012 0.222859 4.07484 22 346 3950 3891 1 1.35381 1.35381 22 
1.253 -5 -0.188447 0.553326 1.07186 0.563822 4.04975 22 347 5723 5611 1 0.336938 0.336938 22 
3.58178 3.89219 -5 -0.0970293 -0.154831 0.140425 4.07067 22 348 22077 21859 1 0.230088 0.230088 27 
-5 0.22155 -3.03291 0.963095 0.452365 0.138521 4.05086 22 349 27278 27277 1 0.812283 0.812283 3 
0.441306 -5 -2.47856 0.208561 0.384931 0.263097 4.06623 22 350 27415 27382 1 0.334428 0.334428 2 
-5 -4.48911 4.36809 0.107083 0.17635 0.823366 3.99591 22 351 16287 16159 1 0 0 3 
1.80076 -5 4.21996 0.16865 0.53472 0.555905 4.04686 22 352 4856 4832 1 0 0 3 
3.89935 -5 3.32654 0.34475 0.314551 -0.0369296 4.13383 22 353 14907 14906 1 0 0 4 
-2.07564 4.16641 -5 0.411743 0.111623 0.281296 4.04935 22 355 19879 19855 1 0.352731 0.352731 2 
-2.9221 -4.74425 -5 0.270697 0.575416 0.399561 4.02335 22 357 8302 7743 1 0.259823 0.259823 9 
-4.58232 -1.39787 -5 1.24126 3.3369 2.9348 4.01432 22 358 12563 12532 1 0 0 6 
3.66141 -2.09054 -5 -0.0254354 0.23529 0.34537 4.01447 22 359 11100 11002 1 0 0 2 
-3.92062 -0.0968763 -5 0.102422 0.29193 0.59464 3.99122 22 360 26072 25860 1 0.372251 0.372251 22 
2.04917 -5 1.1485 0.116377 0.252902 -0.00795874 4.06685 22 361 5272 5219 1 0 0 10 
0.813379 -5 3.96618 0.76592 2.67119 0.342246 4.06177 22 362 1318 1245 1 0 0 3 
-4.71604 -4.65864 -5 0.832076 1.93542 2.95289 3.99661 22 363 10562 10423 1 1.96719 1.96719 46 
1.78614 -5 -4.06049 0.176094 0.237473 -0.163032 4.14847 22 364 1381 1268 1 0.274289 0.274289 35 
-0.390085 -5 -4.52182 0.234082 0.210376 -0.0978247 4.17593 22 365 2764 2763 1 0 0 2 
-4.4715 -2.48687 -5 0.189517 0.142577 0.205095 4.01119 22 366 2092 1954 1 0.0608449 0.0608449 7 
-1.52368 4.97276 -5 0.394235 1.5552 2.06328 4.00308 22 367 4921 1362 1 0 0 3 
-3.46194 -5 3.27748 0.0715672 0.443764 -0.0703008 4.15109 22 368 13299 13297 1 0 0 2 
0.998391 -2.63483 -5 0.17632 0.169062 0.118359 4.05006 22 369 11976 11820 1 0 0 2 
1.01837 -2.33038 -5 0.225023 0.852403 1.21414 3.99556 22 370 13006 12857 1 0 0 3 
-5 -2.89689 3.30502 20.1676 4.94058 -27.7569 5.87917 2112 371 4780 4702 1 0 0 7 
3.61279 -5 -3.17057 0.410878 0.325086 0.362331 4.02775 22 372 6349 6233 1 0 0 3 
1.01429 2.39787 -5 0.632759 2.27914 5.74392 3.97948 22 374 6193 6108 1 0.0430489 0.0430489 5 
0.193373 -0.42185 5 0.0624041 0.402428 -0.221138 4.1219 22 375 1596 1506 1 0 0 3 
-3.50724 0.685189 -5 1.01235 1.64631 1.86674 4.02128 22 376 30930 30929 1 0 0 3 
-4.58262 -5 3.66595 0.233871 0.440419 0.111603 4.11032 22 377 17006 16965 1 0.390311 0.390311 3 
-1.50429 -5 3.40643 0.0468231 0.379338 0.173345 4.0272 22 378 13733 13721 1 0.557938 0.557938 28 
-5 -2.60609 3.81733 0.232331 0.419342 0.17318 4.08315 22 379 4940 4939 1 0 0 2 
-2.6997 -5 1.07654 -0.0969662 0.284671 -0.138316 4.13858 22 380 6252 6251 1 0 0 1 
4.62326 -0.100006 -5 4.11871 2.49163 3.3115 4.02488 22 381 1581 1470 1 0 0 10 
2.31047 -4.27856 -5 0.170218 0.202381 0.376935 4.00974 22 382 19228 19209 1 0.237827 0.237827 4 
-0.523852 -4.33688 -5 0.0203493 0.514364 0.555672 3.99849 22 383 8666 8033 1 0.310194 0.310194 9 
-3.99005 -5 -1.16136 0.235165 3.93189 6.6344 4.01254 22 385 24737 24736 1 0 0 1 
-5 1.35892 -0.91514 0.189855 0.165075 -0.0212352 4.10074 22 386 8632 8609 1 0 0 3 
-0.257851 -5 -2.39134 1.18344 1.76576 4.72098 3.98931 22 387 28644 28579 1 0 0 1 
-2.25231 -1.56927 -5 0.468097 0.323828 0.786414 3.98942 22 388 8431 7421 1 0 0 7 
-5 -2.15041 0.0709156 0.403749 -0.0846692 0.0356881 4.05482 22 389 10133 10125 1 0.408429 0.408429 48 
-4.72075 -5 2.74971 -0.167515 0.658905 0.56521 4.05569 22 390 18856 18833 1 0 0 2 
-0.618959 -5 -1.88285 0.283521 0.464817 0.17665 4.05726 22 391 17444 17346 1 0 0 3 
2.97124 -5 -1.97697 0.203578 0.424797 -0.0206117 4.13305 22 392 23483 23454 1 0.137855 0.137855 2 
-3.70952 -5 0.99708 -0.101046 0.500412 -0.0223005 4.26376 22 393 3862 3860 1 0 0 2 
-1.50408 3.21307 -5 0.24379 0.479501 0.53506 4.02208 22 394 2555 2436 1 0 0 1 
-5 -0.48091 -3.22305 0.263944 0.355488 0.663914 4.00861 22 395 3079 3060 1 0 0 3 
-4.76581 -5 -4.43239 -0.0958629 0.215622 -0.0427495 4.08026 22 396 41541 41479 1 0 0 1 
3.27126 -5 -1.31152 0.190307 0.653154 0.584295 4.02999 22 397 15155 14960 1 1.2347 1.2347 8 
-1.34466 -2.02548 -5 6.71655 13.4899 27.7629 3.98298 22 398 17761 17760 1 3.87891 3.87891 32 
-1.6583 -3.27313 -5 0.255527 0.540364 0.536605 4.03018 22 399 16537 15412 1 0 0 1 
3.28657 -5 -1.24252 0.0598744 0.201289 0.199523 4.02603 22 400 1137 1135 1 0.861968 0.861968 81 
-0.0279903 -5 -4.05266 0.115054 0.128563 -0.0827964 4.05472 22 401 40002 39999 1 0 0 1 
-3.09332 -5 3.30679 0.119099 0.257547 0.00457723 4.21503 22 402 8359 8266 1 0.283601 0.283601 15 
2.72693 -0.908879 -5 0.983606 2.0306 6.0993 3.97632 22 403 40761 40707 1 0.784069 0.784069 31 
-2.63582 -5 -1.26272 -0.0153418 0.361852 0.698772 4.01144 22 404 3171 1 1 0 0 3 
4.98308 -5 -0.305789 -0.21645 0.202967 0.767762 4.04592 22 405 41501 41497 1 0 0 1 
-5 1.15291 -4.51713 0.240176 0.379872 0.366598 4.04084 22 406 3735 3698 1 0 0 4 
-5 1.65298 -2.6413 0.191851 0.144698 0.140646 4.03401 22 407 6589 6524 1 0.141335 0.141335 4 
2.73842 -4.92028 -5 0.354729 0.247759 0.328068 4.0491 22 408 14554 14500 1 0 0 3 
-1.89501 -5 -4.37039 0.517858 0.733166 0.822372 4.00955 22 409 15467 15063 1 0.309827 0.309827 23 
-3.01834 -5 -3.74722 0.724992 1.40726 0.105177 4.1322 22 410 6018 6017 1 0 0 1 
-4.56085 -5 0.276825 0.129829 0.438686 0.227638 4.04028 22 411 3316 3285 1 0 0 3 
3.97436 -4.60877 -5 0.377685 0.557518 0.265294 4.02098 22 412 2451 1557 1 0.240058 0.240058 27 
1.83669 -0.992989 -5 0.0668515 -0.209454 0.303228 4.02632 22 413 7779 7748 1 0.374057 0.374057 32 
4.31976 -5 1.26807 0.243529 0.478119 0.195168 4.10904 22 414 19924 19591 1 0.190949 0.190949 29 
0.420961 -5 3.06444 13.8169 38.178 -17.9219 12.7577 2112 415 4622 4477 1 0 0 5 
3.93 -3.61198 -5 0.89455 2.40353 2.81488 4.00673 22 416 9988 9811 1 0 0 6 
2.73645 -5 -4.84424 0.0127442 0.292942 0.352436 4.06734 22 417 3923 3922 1 0.103312 0.103312 7 
-0.459041 -5 0.412745 0.444877 0.24616 0.225842 4.07415 22 418 2946 2919 1 1.00515 1.00515 8 
-4.15501 -1.05886 -5 0.445925 1.32139 3.06874 3.98722 22 419 8349 8204 1 0 0 2 
-5 0.790889 4.13374 0.238452 0.437329 0.114036 4.10791 22 420 14419 14418 1 0 0 3 
-2.90994 -5 2.92332 -0.512481 1.14191 1.63074 4.02032 22 421 10324 10279 1 0.18373 0.18373 4 
1.67478 3.90257 -5 0.147853 0.715258 1.36673 3.98947 22 422 7809 7610 1 0.0333388 0.0333388 22 
2.64782 -5 -4.72351 0.157803 0.498749 0.96722 3.98548 22 423 9196 9099 1 0.156339 0.156339 10 
-5 -4.48607 3.79862 0.213901 0.259318 -0.0923627 4.16198 22 424 26466 26410 1 0 0 1 
-5 -1.58225 -3.50946 0.413871 0.155169 0.0251464 4.24135 22 425 7142 7103 1 0.291332 0.291332 5 
-3.03126 -5 2.51007 -0.334108 0.25813 0.0128561 4.10761 22 426 4193 4148 1 0.219364 0.219364 34 
0.701112 -5 -2.34259 0.0735784 0.214904 0.324716 4.00941 22 427 19506 19240 1 0 0 4 
5 2.98241 -2.77078 -0.280472 0.0365092 -0.0513505 4.10801 22 428 12220 12121 1 0.287038 0.287038 26 
1.58724 2.04209 -5 0.41679 0.553562 1.30212 3.99347 22 429 5161 5023 1 0 0 3 
-1.06282 5 4.53616 0.0504485 -0.143425 0.047652 4.22943 22 430 13007 13004 1 0 0 3 
2.01679 -1.46448 -5 -0.0056628 0.445454 0.785481 4.0158 22 431 6954 6879 1 0.0293032 0.0293032 15 
0.473374 -4.2829 -5 0.0607445 0.676834 1.37205 3.99229 22 433 22331 22198 1 0.265345 0.265345 4 
-5 -3.12582 -2.27275 0.40574 0.747642 0.770711 4.03009 22 434 2131 2012 1 0.286139 0.286139 5 
-3.59515 -0.0700295 -5 0.943633 1.66653 4.53471 3.98199 22 435 3851 3668 1 0 0 3 
-5 -2.17847 3.84547 0.323263 0.189045 0.238943 4.11582 22 436 1321 1221 1 0 0 4 
3.24626 -5 -3.88787 0.261864 0.429611 -0.0893402 4.11075 22 438 22012 22010 1 0 0 1 
-2.45355 -5 0.165667 -0.0932627 1.19192 0.17663 4.04726 22 439 8248 8247 1 0.203057 0.203057 6 
1.94804 4.54951 -5 0.0695201 -0.0237996 0.172742 4.1853 22 440 19520 19376 1 0 0 3 
3.3364 -5 1.12192 0.220783 0.221909 0.165308 4.05947 22 441 1222 1219 1 0 0 6 
-2.28625 -3.88799 -5 0.0908517 0.377478 0.475572 4.00611 22 442 14708 14031 1 0 0 2 
-5 -4.78095 3.64683 0.503535 -0.070383 0.0511709 4.08436 22 443 27435 27434 1 0 0 2 
-5 -2.55003 2.85877 0.701306 2.58818 0.103033 4.13905 22 444 5062 4988 1 0.216121 0.216121 32 
-1.97147 -5 -4.54191 0.151521 0.357936 0.791999 4.02003 22 445 6002 5538 1 0.510289 0.510289 47 
-5 -2.50896 -1.26269 0.354929 -0.00612575 -0.112367 4.05433 22 446 50168 49650 1 0 0 1 
-5 0.727284 -2.10456 1.14818 1.3108 0.740459 4.05933 22 447 9178 9068 1 0 0 4 
-2.78173 -2.31547 -5 0.118739 0.351409 0.351472 4.05787 22 448 8486 8456 1 0 0 3 
-2.74439 -5 -0.272179 0.248872 0.44681 -0.194225 4.11117 22 449 17229 17161 1 0.126274 0.126274 5 
2.53569 -4.35746 -5 0.185882 0.41216 0.238101 4.05927 22 450 7761 7729 1 0.310794 0.310794 4 
2.97135 -5 -4.02537 0.272143 0.0456322 0.0803682 4.04731 22 451 3084 3058 1 0 0 1 
4.63783 0.773554 -5 -0.198656 0.11861 0.193245 4.0785 22 452 5841 5815 1 2.84228 2.84228 57 
-5 -2.42739 -0.486296 0.134677 0.390811 0.0575702 4.12246 22 453 16210 15816 1 0 0 3 
-4.00253 -5 -4.51948 0.199208 0.195459 0.0815118 4.05051 22 454 14381 13984 1 0 0 2 
2.40404 -5 -3.40541 0.104498 0.192461 0.343114 3.99418 22 455 9467 9295 1 0 0 2 
-3.46045 4.36673 5 -0.00718177 0.223753 -0.0547412 4.1392 22 456 30404 29649 1 0 0 3 
5 1.56065 -3.81981 -0.162214 -0.0275634 -0.0655666 4.05468 22 457 3622 3562 1 0 0 4 
-4.4894 -2.31482 -5 1.42083 2.64511 0.785504 4.09093 22 458 9731 9730 1 0.0688685 0.0688685 6 
-0.306346 -5 3.57132 0.0446489 0.373044 -0.0297851 4.07956 22 459 3101 3015 1 0 0 9 
-5 0.753666 0.197373 2.8074 1.43149 -1.29152 4.11489 22 460 1108 1077 1 0 0 3 
-1.83139 4.39562 -5 0.12546 0.129392 0.319221 4.06725 22 461 9099 9098 1 0.576129 0.576129 55 
-5 -2.03035 0.026976 0.205041 -0.0739699 0.0897331 4.03823 22 463 2317 2253 1 0.284526 0.284526 24 
-5 1.20991 3.67824 0.228077 0.240478 0.388936 4.08889 22 464 14216 14215 1 0.244178 0.244178 29 
-5 -3.48845 4.49183 0.288971 -0.0373879 -0.358223 4.0838 22 465 1109 1108 1 0.455385 0.455385 38 
-5 3.42296 0.386451 1.05155 0.908023 0.560669 4.13783 22 466 6373 6308 1 0 0 8 
-5 -1.77814 3.45269 0.232767 0.299159 0.3427 4.02834 22 467 1130 1092 1 0.0949619 0.0949619 4 
-0.148061 -5 -1.23207 0.593975 0.797067 1.75574 3.99974 22 468 15680 13703 1 0.771248 0.771248 4 
4.89408 -4.58923 -5 0.794067 1.12209 3.57417 3.97822 22 469 13222 13009 1 0.351667 0.351667 38 
3.47897 -5 1.99377 0.238814 0.836843 0.421299 4.04961 22 470 39789 39630 1 0 0 2 
4.57605 -3.87965 -5 0.288052 0.343364 0.245453 4.0597 22 471 27765 27764 1 0 0 4 
-5 -0.433137 1.49816 0.231304 0.663399 0.251147 4.07811 22 472 13764 13763 1 0 0 3 
4.4514 -5 2.01741 0.232632 0.499584 0.689985 4.02484 22 473 5079 5027 1 0.183401 0.183401 13 
2.24216 -5 4.58687 -0.155031 0.632991 0.0409085 4.06861 22 474 2695 2243 1 0.373666 0.373666 4 
-5 -4.45278 -1.82766 0.353783 -0.119736 0.0832685 4.02566 22 475 2285 2284 1 0.383543 0.383543 25 
2.13831 -5 -0.151174 0.195644 0.749786 -0.32587 4.11788 22 476 12950 12793 1 0 0 1 
-3.23411 -5 4.03878 0.0805873 0.242766 0.0392101 4.05574 22 477 12089 11143 1 0.405534 0.405534 40 
-3.93355 -2.39415 -5 0.542893 3.45461 5.02902 3.9806 22 478 3080 3037 1 1.58573 1.58573 31 
-4.59301 -5 2.56861 0.108895 0.333114 0.371883 4.05838 22 479 45105 45103 1 0 0 1 
4.41138 0.441582 -5 0.249154 0.180168 0.0824834 4.09755 22 480 1658 1593 1 0 0 5 
-0.810025 -5 -0.0708318 0.829089 1.77982 1.13666 4.06019 22 481 1853 1821 1 3.7749 3.7749 37 
-5 1.52675 -0.729355 1.24195 1.0426 0.100394 4.05319 22 482 8651 8650 1 0.0871037 0.0871037 4 
3.13569 -5 -1.10223 3.15218 16.7381 1.41474 4.12137 22 483 3516 3492 1 0 0 4 
-4.56485 -5 -2.09576 -0.0260747 0.198065 -0.24306 4.0458 22 484 9988 9932 1 0.306746 0.306746 27 
3.91243 -5 0.037715 0.297752 0.454946 0.326019 4.06466 22 485 2828 2415 1 0.175084 0.175084 29 
-3.78613 -5 -1.24231 0.331824 0.607974 0.133765 4.12581 22 487 13917 13916 1 0.473477 0.473477 23 
-5 -0.282819 3.44216 0.2288 0.106286 0.196036 4.14573 22 488 1850 1 1 0 0 3 
-5 -0.62022 4.92335 0.141802 -0.30031 0.843746 4.01589 22 489 2956 2951 1 0 0 5 
5 -4.18329 2.33419 -0.475438 -0.0523395 0.388317 4.06257 22 490 2436 2203 1 0 0 1 
-2.73478 -5 -0.93996 0.0353203 0.470031 0.197339 4.12065 22 491 29732 29722 1 0 0 2 
-4.79632 -5 1.21396 -0.032528 0.439111 0.0225308 4.14075 22 492 8469 8468 1 0 0 1 
-5 -3.35012 -2.2894 0.480463 1.37392 0.0916072 4.0625 22 493 3134 3133 1 0 0 3 
-4.44536 -5 -0.652581 0.142611 0.376987 -0.156348 4.13535 22 494 9771 9717 1 0.15173 0.15173 30 
0.552095 -5 4.33217 0.344347 0.56278 0.935832 4.014 22 495 4472 4287 1 0.0379816 0.0379816 3 
-5 0.740863 -3.4852 0.0788637 0.502686 -0.0469855 4.16706 22 496 21629 21628 1 0.380109 0.380109 30 
-0.8109 -2.60618 -5 0.826788 1.42791 4.97401 3.96737 22 497 6925 6730 1 5.24021 5.24021 29 
-0.290897 1.3445 5 0.16791 0.482221 -0.0197163 4.1767 22 498 5308 5307 1 0 0 3 
-5 -1.03449 2.76251 0.16098 1.43533 2.46994 4.00608 22 499 5199 4927 1 0.293483 0.293483 35 
0.410372 4.16065 -5 1.59836 2.59141 1.61214 4.05061 22 500 3303 3252 1 0 0 5 
0.555786 2.13185 -5 0.204482 0.0665299 0.339982 4.01237 22 501 2833 2810 1 0 0 8 
-1.16973 -5 2.73601 -0.238467 0.262333 0.368014 4.05271 22 502 6309 6308 1 0.241672 0.241672 31 
-4.6442 -3.40939 -5 0.0337373 0.278095 0.330076 4.01911 22 503 17177 17176 1 0 0 4 
0.308978 -0.331689 -5 0.629165 1.12463 0.895928 4.01881 22 504 6502 6345 1 0.401219 0.401219 5 
-4.80156 -5 1.15261 -0.0680567 1.69611 4.83257 3.9913 22 505 3938 3632 1 0.746351 0.746351 52 
5 -2.69933 -0.372984 -0.202685 0.316801 0.555246 4.05242 22 506 3211 3126 1 0.116034 0.116034 5 
3.65035 -5 -3.49106 0.164658 0.230043 0.66439 3.99441 22 507 26157 25990 1 0 0 1 
-0.88495 0.693454 -5 0.194106 0.387002 0.305326 4.02993 22 508 35620 35619 1 0 0 5 
4.1045 -5 -0.0196029 2.76383 4.42032 15.104 3.99785 22 509 13785 13691 1 0 0 4 
-5 3.38712 2.39348 0.236704 0.353087 0.283585 4.08037 22 510 5356 5322 1 0 0 2 
-4.96156 3.72129 -5 0.156861 0.168585 0.0771534 4.10899 22 511 1258 1 1 0.179561 0.179561 27 
-5 -4.51435 -3.93569 0.228911 0.365883 0.307699 4.04287 22 512 2528 1283 1 0 0 1 
-1.37968 0.815806 -5 0.282868 0.454244 0.239118 4.03013 22 513 24094 24047 1 0 0 5 
-3.39992 -5 -2.86177 0.0355874 0.335986 -0.0660695 4.0714 22 515 25584 24831 1 0.150433 0.150433 2 
-5 0.228658 -3.64281 0.403616 0.263184 0.103305 4.08606 22 516 11411 11379 1 1.33565 1.33565 10 
4.72332 -5 1.61054 0.136719 0.368968 0.867152 4.00409 22 517 3276 3156 1 0 0 5 
-2.84616 0.0697814 -5 0.695841 5.98568 6.20866 4.00605 22 518 3272 3121 1 0 0 5 
1.17412 -3.3328 -5 0.107444 0.215963 0.645729 4.00831 22 519 4724 4723 1 0.107818 0.107818 11 
-5 -3.13794 4.92959 0.0806886 0.309889 0.323918 4.04861 22 520 15874 15873 1 0.556263 0.556263 52 
-0.858507 0.390243 -5 0.530729 0.583281 0.404653 4.05323 22 521 10790 10711 1 0 0 1 
-5 1.02289 4.75385 0.506092 0.984255 0.415181 4.09072 22 522 8760 8642 1 0.189314 0.189314 17 
-1.20949 -5 1.00056 0.15998 0.22235 0.247756 4.03477 22 523 24350 24260 1 0 0 2 
-5 -0.786913 2.16472 0.333104 0.423732 0.128293 4.0778 22 524 20648 20605 1 0 0 1 
0.213872 -5 -1.84922 -0.166962 0.501243 0.155751 4.02602 22 525 4131 4037 1 0.00661261 0.00661261 5 
-2.53412 -3.73671 -5 0.354229 0.873962 2.39865 3.97542 22 526 22874 22686 1 0.0295841 0.0295841 20 
-1.23391 -5 4.71121 0.343161 0.866417 3.42192 3.99965 22 527 1199 1 1 0 0 5 
-1.55301 4.61327 -5 -0.273904 0.231074 0.22941 4.04956 22 528 13630 13435 1 0 0 4 
-3.14763 -3.34413 -5 1.20983 3.22114 7.20993 3.98123 22 529 32425 31985 1 0 0 3 
-0.214019 -5 0.681692 0.892646 1.87481 -0.0375914 4.06797 22 530 23162 23131 1 0.315677 0.315677 19 
-1.52144 -4.16778 -5 -0.00839624 0.00483359 0.249209 4.1242 22 531 8917 8916 1 0.459304 0.459304 21 
1.63669 3.70471 -5 0.278548 2.32876 2.79605 4.01008 22 532 1057 1 1 0 0 7 
1.52425 -2.83335 -5 0.0615648 0.769947 0.737182 4.02543 22 533 12422 12421 1 2.93094 2.93094 37 
-5 -0.327118 4.16175 5.61642 2.1836 1.89659 4.02639 11 534 2125 2096 1 0.484582 0.484582 4 
-3.33333 -5 4.51885 0.132926 0.792369 0.0266326 4.09825 22 535 1635 1634 1 3.17008 3.17008 41 
4.26323 -5 -1.41314 0.211105 0.427018 0.139051 4.16015 22 536 13843 13654 1 0 0 5 
-0.657606 -5 -0.262527 0.400388 0.303238 -0.094106 4.12913 22 537 24461 24460 1 0 0 3 
2.6589 -5 4.59067 -0.0610837 0.505736 0.392331 4.03716 22 538 1318 1 1 0.261419 0.261419 24 
-5 4.35751 4.37926 0.0905302 0.502849 -0.00817488 4.17345 22 539 15339 15307 1 3.19362 3.19362 6 
2.39452 -4.30102 5 0.198437 0.182524 -0.0487217 4.12411 22 540 6668 6522 1 0 0 3 
-5 -3.58214 3.17681 0.23563 0.44168 0.102552 4.10399 22 541 5096 5094 1 0.343796 0.343796 23 
1.60678 -1.49516 -5 0.173948 0.25678 0.437419 4.00263 22 542 1840 1727 1 0.466486 0.466486 20 
-0.689716 -5 -2.30539 0.127183 0.14232 0.0246339 4.04027 22 543 1982 1941 1 0.191949 0.191949 36 
-0.131889 -5 1.58832 0.17422 0.150454 -0.100271 4.13387 22 545 7376 6615 1 1.25742 1.25742 32 
2.8355 -5 -4.31206 0.514089 0.306429 0.452527 4.03973 22 546 7312 7287 1 0 0 3 
-4.99924 -1.5035 -5 0.493437 1.31056 0.80433 4.05073 22 547 3673 3672 1 0 0 3 
-4.47894 -0.687701 -5 0.174558 0.340136 0.339053 4.02919 22 548 13908 13905 1 0 0 5 
-0.924507 -5 -2.60567 0.311386 0.401326 -0.0556438 4.08894 22 549 5545 5542 1 0 0 6 
-2.09828 0.568041 -5 -0.00062718 0.240143 0.35416 4.03591 22 550 3848 3847 1 0.0233346 0.0233346 6 
-3.16053 2.9992 -5 0.102783 0.463218 1.27392 3.98086 22 551 26786 26767 1 0.198537 0.198537 33 
1.56409 -5 -0.972173 0.806164 0.567808 -0.544183 4.08838 22 552 9727 9725 1 0 0 4 
3.64646 -5 1.73766 0.0660454 0.196023 -0.150164 4.13355 22 553 8447 8083 1 0 0 1 
-5 -0.96755 2.45749 2.27483 5.82393 8.8118 4.0298 22 554 2259 2079 1 0 0 2 
1.67514 2.2631 -5 1.84863 3.02281 4.79499 4.01141 22 555 47016 46779 1 0.156354 0.156354 9 
-5 -1.054 -2.06182 0.263483 0.30347 0.111216 4.11888 22 556 4936 4935 1 0.416681 0.416681 22 
-5 4.01023 -1.31817 0.19784 -0.317425 0.125568 4.05036 22 557 23089 23054 1 2.6223 2.6223 2 
-3.96947 3.80917 -5 0.119479 0.106316 0.420177 3.98645 22 558 1042 1 1 0 0 6 
-0.4149 -1.30514 5 0.230688 0.316667 -0.0584268 4.16996 22 559 44805 44773 1 0.162396 0.162396 3 
-5 -4.45402 4.92408 0.0857514 0.326812 0.140312 4.08143 22 560 11160 10995 1 0.266073 0.266073 32 
1.93281 -5 -0.306698 0.185948 0.358197 0.313429 4.0392 22 561 15086 15085 1 0.820564 0.820564 48 
-0.654986 -2.99283 -5 0.759003 1.31894 3.03868 3.98823 22 562 28677 28576 1 0.835659 0.835659 4 
-5 0.960472 -1.88186 1.83507 5.53793 9.43635 3.98924 22 564 22376 22266 1 0 0 1 
1.22056 -5 0.205821 0.253389 0.271409 0.476403 4.02691 22 565 2817 2672 1 0.418454 0.418454 6 
-2.58758 -4.8069 -5 0.415478 0.624272 0.368759 4.00711 22 566 24043 23987 1 0 0 1 
-0.649787 2.78326 -5 1.788 4.05867 3.75121 4.00613 22 567 5851 5803 1 0.296617 0.296617 7 
3.20406 -2.44669 -5 0.120238 0.235854 0.60211 3.98547 22 568 18707 17712 1 0 0 1 
-1.30635 3.16245 -5 0.0838653 0.378399 0.592359 4.00811 22 569 4250 4213 1 0 0 3 
0.333035 -4.33366 -5 0.125411 0.527878 0.353843 4.0354 22 570 9234 9166 1 1.75604 1.75604 39 
3.50016 -2.70479 -5 0.427104 0.447496 0.886394 3.99627 22 571 5495 5326 1 0 0 4 
3.57213 -5 4.03786 0.293987 0.507477 0.0410641 4.2134 22 572 38979 38978 1 0.205412 0.205412 6 
1.44891 -3.54004 -5 0.311027 0.29221 0.116393 4.08887 22 573 2834 2780 1 0 0 3 
-5 -2.89216 3.53124 0.3667 0.332453 0.408448 4.0815 22 575 16698 16671 1 0.94241 0.94241 4 
4.88417 -4.16524 5 -0.0428911 0.249608 -0.165724 4.1458 22 576 10993 10956 1 0 0 2 
4.48774 -2.51781 -5 0.174328 0.638305 0.801724 4.00274 22 577 7580 7482 1 0.851225 0.851225 9 
-5 -2.572 3.31163 0.749087 1.30833 1.84987 4.02674 22 578 35551 35391 1 0 0 1 
-3.06211 -5 4.15536 0.255505 0.558295 0.61635 4.03087 22 579 11518 11367 1 0 0 4 
-4.04173 -5 0.703927 0.293593 0.0941147 0.234543 4.05727 22 580 9723 9642 1 0.187382 0.187382 16 
-3.92869 -3.76592 -5 0.488896 0.833965 0.58728 4.00948 22 581 45084 45068 1 0.600867 0.600867 17 
-4.33155 -4.85587 -5 0.112753 0.589797 1.39589 3.98365 22 582 4001 4000 1 0 0 2 
-0.295947 -5 3.39459 0.229778 0.679898 0.754937 4.03336 22 583 2617 2106 1 0.334205 0.334205 4 
-4.64765 -4.13236 -5 0.291002 1.74484 3.15827 3.99084 22 584 35897 35853 1 1.73418 1.73418 3 
-3.03804 -5 2.07895 0.104394 0.324836 -0.11546 4.1055 22 585 30236 30235 1 0 0 3 
-3.19778 -5 -1.23892 0.531387 0.262532 0.995845 3.99052 22 586 5569 5068 1 0.471032 0.471032 28 
1.88859 -5 -4.36892 0.353472 0.395836 1.72866 3.97446 22 587 1627 1 1 0 0 4 
-0.506801 -5 0.531781 -0.155097 0.334366 0.226758 4.04524 22 588 12859 12754 1 0 0 3 
-3.07515 -5 0.979587 0.418708 0.551225 0.234246 4.07072 22 589 15846 15805 1 0.0322407 0.0322407 3 
-1.76883 -0.746652 -5 0.299985 0.48698 0.553175 3.98733 22 590 6703 6680 1 0 0 12 
-2.48285 -5 -3.63448 0.329868 0.546987 0.24473 4.0399 22 591 30709 30661 1 0 0 3 
-4.37418 -5 -4.71593 0.0453857 0.429141 0.091029 4.03164 22 592 6062 6024 1 0.642104 0.642104 39 
1.77599 -1.7258 5 0.0266944 0.0691599 -0.27294 4.13475 22 593 8705 8566 1 0.303777 0.303777 6 
-0.181485 -5 4.6224 0.262589 0.0862678 0.199716 4.08708 22 594 7648 7466 1 0.801149 0.801149 13 
-1.09685 3.72853 -5 -0.0373835 0.784018 0.521327 4.03689 22 595 10304 10246 1 0 0 2 
-0.639996 -5 -4.55362 0.268497 0.546128 -0.0200431 4.12904 22 596 2897 2780 1 2.02543 2.02543 9 
2.34515 -3.82958 -5 2.39492 2.18708 6.83681 3.98775 22 597 1159 1 1 0 0 5 
-1.20833 -5 -2.10826 0.0240643 0.751084 0.41865 4.02768 22 598 8209 8207 1 0 0 2 
-4.97675 1.33107 -5 0.0745891 0.366023 0.348688 4.00364 22 599 26848 26821 1 0.198704 0.198704 24 
-4.88402 -5 2.75838 0.338151 0.31399 0.321254 4.06023 22 600 31283 31033 1 0 0 1 
-3.55457 -5 -4.5932 0.353093 0.57125 0.489939 3.99777 22 601 3676 3584 1 0.574074 0.574074 7 
-5 -4.20558 -1.58523 0.204274 0.486871 -0.309572 4.13516 22 602 9234 9181 1 0 0 3 
-5 0.344833 3.74272 0.226567 0.417761 -0.00387024 4.07239 22 603 5692 5118 1 0.504647 0.504647 27 
-0.844888 -0.475301 -5 0.763248 1.69233 2.97319 4.00173 22 604 41648 41604 1 0.218824 0.218824 3 
1.19187 1.03365 -5 0.305225 0.213884 0.349587 4.02383 22 605 2923 2922 1 0 0 1 
-4.26086 -0.733314 -5 0.185881 0.318815 1.13391 3.9986 22 606 6650 6499 1 0.375729 0.375729 6 
-5 -2.76218 0.170558 2.26981 4.94927 10.5572 4.00453 22 607 46756 46504 1 0 0 1 
-0.335605 -5 0.0745709 0.610268 1.44854 2.59903 3.99693 22 608 1127 1126 1 0 0 1 
-5 -0.296476 -4.99778 0.456731 0.565218 1.22663 3.98635 22 609 35847 30872 1 0 0 2 
-5 3.44127 1.8508 0.217407 -0.000562304 0.216402 4.08253 22 610 37401 37379 1 0 0 4 
-3.10934 0.476126 -5 0.0803756 0.21623 0.455965 3.99926 22 611 3750 3749 1 0.464159 0.464159 26 
-2.69931 0.982559 -5 0.011753 0.0234758 0.01406 4.07884 22 612 12494 12484 1 0.306571 0.306571 43 
-5 -4.86293 0.547406 0.373835 0.448924 0.132311 4.01919 22 613 9881 9794 1 1.19999 1.19999 7 
-5 1.0822 3.65423 0.370238 0.313909 0.159704 4.08105 22 614 9421 9418 1 0 0 4 
-0.746731 1.87851 -5 0.913569 0.851881 0.756091 4.02192 22 615 18442 18416 1 0 0 2 
-4.39085 -5 -2.60594 0.101356 0.421969 -0.00500126 4.08405 22 616 20576 20442 1 0 0 3 
4.13147 -2.2781 -5 0.180092 0.47595 0.639065 4.01149 22 617 3294 3248 1 0 0 6 
0.389273 4.9354 -5 1.61551 3.19168 9.82287 3.98346 22 618 35448 34866 1 0 0 3 
-2.6048 2.56683 -5 0.10237 0.474513 0.361556 4.03789 22 620 30671 30536 1 0 0 1 
-5 -2.77326 -1.78339 0.365273 0.242027 -0.0388456 4.06716 22 621 6099 5594 1 8.11052 8.11052 42 
1.93017 -5 1.20301 0.225311 0.194727 0.242477 4.01126 22 622 18173 17908 1 0.00567763 0.00567763 9 
-0.140563 1.43207 -5 -0.0952363 0.724667 0.820804 3.98941 22 623 49169 49138 1 0.332927 0.332927 3 
-2.93006 -4.79917 -5 0.309801 0.402479 0.0561588 4.07756 22 624 16820 16819 1 0 0 1 
3.50997 -4.49514 -5 -0.0538319 0.811691 1.13157 4.01246 22 625 1352 1314 1 5.03734 5.03734 80 
-5 -3.30401 -3.48912 0.174625 0.351692 0.407186 3.99988 22 626 8216 7958 1 0 0 2 
-2.35303 -5 3.24252 0.175515 0.479288 0.0244443 4.13084 22 627 2667 2666 1 0.464422 0.464422 32 
3.65514 -5 1.07807 2.74132 2.61246 1.50644 4.07159 22 628 8304 8303 1 0 0 1 
-0.532113 -5 1.19126 0.323413 0.345984 0.191882 4.04359 22 629 9300 9280 1 0 0 3 
-4.69634 -5 -1.63822 0.0872416 0.20516 0.140236 4.04518 22 630 8612 6082 1 0.26305 0.26305 22 
-4.94153 -5 -0.963683 0.418393 0.583877 0.618325 4.03207 22 631 4721 4497 1 0 0 2 
-3.74359 -5 1.40817 0.193355 0.269023 0.038119 4.16621 22 632 8388 8386 1 0 0 2 
1.01565 -5 0.0726129 0.356988 0.352224 0.330455 4.01745 22 633 14052 13866 1 0 0 4 
2.9728 -5 -0.767589 0.0882648 0.372847 0.338104 4.02152 22 634 1766 1764 1 1.78959 1.78959 28 
-0.570801 -5 0.945161 0.145304 0.371135 0.893776 3.99554 22 635 20223 20032 1 0 0 1 
-2.44405 -5 -3.61562 0.0889787 0.190019 0.637316 3.98104 22 636 2999 1 1 0 0 4 
-5 -2.99941 -2.12501 0.372008 0.307484 -0.167879 4.12424 22 637 5865 5863 1 0.0801238 0.0801238 6 
-0.350974 -5 -2.83412 4.38921 2.85562 0.426198 4.05222 22 638 7057 6986 1 0 0 1 
-2.17727 -5 1.49924 0.0081808 0.48066 -0.17326 4.08967 22 639 11011 11009 1 0.510759 0.510759 19 
-2.88181 -4.50032 5 -0.0806803 0.125289 -0.276043 4.14564 22 640 5324 5323 1 0.638436 0.638436 39 
4.70219 -5 1.11683 0.363323 0.505337 -0.151969 4.12773 22 642 16477 16476 1 0.147978 0.147978 7 
-0.157682 -5 1.8145 0.282899 0.428606 0.0619027 4.05789 22 643 2028 1836 1 0.981189 0.981189 30 
-5 -1.2663 -2.52943 0.336852 0.736813 1.83522 3.97942 22 644 11536 11044 1 2.16671 2.16671 28 
-4.32435 -1.41937 -5 -0.131352 0.978874 1.3039 3.9896 22 645 5149 5148 1 0.438206 0.438206 43 
-1.89321 -5 4.20837 0.306746 1.06801 0.445652 4.06323 22 646 16422 16419 1 0 0 4 
-0.153389 -5 -2.72514 0.000464968 0.292547 0.0898476 4.03025 22 647 6896 6727 1 0.0134988 0.0134988 4 
-3.79346 -5 2.96151 1.78571 2.03031 2.21967 4.02662 22 649 11455 11343 1 0 0 4 
2.20144 -5 1.66705 0.341565 0.37932 0.0238694 4.13892 22 650 3138 3137 1 1.78199 1.78199 31 
-5 2.78986 4.69043 0.855165 0.717455 0.440332 4.1257 22 651 2837 2774 1 2.78642 2.78642 9 
-5 1.55882 -0.900563 0.315537 1.03583 0.0652818 4.12786 22 653 15513 15472 1 0 0 3 
1.84206 -5 2.12783 0.0977104 0.399472 -0.0692478 4.0978 22 654 4472 4468 1 0 0 2 
-3.25847 -4.46127 -5 0.871358 1.59503 9.00177 3.98201 22 655 10968 10882 1 0.598673 0.598673 9 
4.02505 -0.134304 -5 0.45125 0.351682 1.01348 4.00362 22 656 10722 10397 1 0 0 1 
-1.24887 -5 -2.57061 0.192203 0.710977 0.579476 4.03167 22 657 8937 8918 1 0 0 2 
-1.63857 -5 -1.90162 0.0504435 0.210239 0.347213 4.04942 22 658 7993 7935 1 0 0 6 
-5 1.51624 2.68243 0.621263 0.109262 -0.358692 4.03419 22 659 11851 11850 1 1.2009 1.2009 39 
-3.57115 -5 -3.11376 0.0167977 0.272294 0.269145 4.00306 22 660 17695 17694 1 0.382655 0.382655 39 
-5 -0.482322 -0.927083 0.175989 0.561652 0.00884799 4.13091 22 661 36886 36885 1 0 0 1 
1.63928 -5 2.17323 0.11542 0.398751 0.21725 4.08175 22 662 4428 4389 1 0 0 3 
-4.31779 -5 -1.2229 0.224216 0.368996 -0.0219062 4.08758 22 663 1686 1 1 0 0 1 
1.7195 2.79854 -5 0.960564 1.90452 5.12041 3.99461 22 664 49199 49053 1 0 0 1 
-0.866936 -5 -0.958102 0.269421 0.401308 0.165782 4.05587 22 665 26499 26449 1 0.510327 0.510327 41 
1.71001 -5 1.32949 0.286944 0.419114 -0.0559181 4.09306 22 666 1347 1316 1 0.872911 0.872911 36 
-5 -4.62151 -2.16 0.352661 0.967755 0.349764 4.09573 22 667 16011 16002 1 0 0 2 
2.44379 -5 1.27219 0.140845 0.796231 0.435048 4.05034 22 668 6661 6513 1 0 0 3 
1.51839 -1.79676 -5 0.941056 1.81869 4.01072 3.98999 22 669 35739 35507 1 0 0 3 
-4.94114 -1.22649 -5 0.567169 1.06591 1.1064 4.00972 22 671 4889 4806 1 0 0 3 
-1.28832 -5 4.30069 0.0914453 0.506791 0.108097 4.07498 22 672 14495 10088 1 0 0 2 
3.40928 -5 -0.102208 0.403858 0.363688 0.463522 4.03925 22 673 3180 1 1 0.340313 0.340313 28 
-5 -3.19421 -1.42003 4.32939 65.4586 -24.6577 7.07048 2112 674 13382 13337 1 0 0 2 
-5 0.800577 1.76316 0.106704 0.523055 0.715532 4.06787 22 675 6679 6653 1 3.08982 3.08982 46 
5 -4.81445 -4.32738 -0.171311 0.449441 -0.172555 3.99874 22 676 27534 27502 1 0 0 2 
-5 2.0536 -2.6707 0.160951 0.331165 0.329887 4.03539 22 677 2845 2830 1 0 0 3 
-1.7956 -5 2.23701 1.78482 2.71189 3.30126 4.0332 22 678 11895 11775 1 2.05921 2.05921 23 
2.85483 -5 -1.72947 0.426644 0.260564 -0.105834 4.09042 22 679 12978 12940 1 0.19651 0.19651 33 
3.10644 -4.71091 -5 0.0930266 0.192746 0.389117 3.98963 22 680 20792 20729 1 0.685056 0.685056 40 
-0.538552 -5 -2.88778 0.28962 0.420438 -0.0217209 4.16329 22 681 28232 28206 1 0.148537 0.148537 19 
-2.48457 -4.49553 -5 0.0610502 0.0858621 0.126469 4.1467 22 682 22510 22041 1 3.07772 3.07772 50 
-1.75968 1.51863 -5 0.208677 0.862459 0.494095 4.04458 22 683 28483 28408 1 0 0 1 
-3.17832 -5 4.8646 0.185261 0.235117 0.414148 4.02512 22 684 30276 30275 1 0 0 2 
-4.50321 -5 1.97654 0.294451 0.33853 0.244573 4.1075 22 685 11768 11744 1 2.67907 2.67907 31 
-5 1.71738 2.11635 0.918265 0.91962 0.158952 4.1641 22 686 32808 32786 1 0 0 4 
2.3464 -5 2.25028 0.612949 1.03145 0.538035 4.06168 22 687 19450 19391 1 0 0 1 
-2.16948 -5 -3.66677 0.159833 0.448393 0.33572 4.00897 22 688 2748 2451 1 0 0 4 
-2.07932 -5 -0.67955 0.36945 0.753085 -0.280213 4.14281 22 689 32671 32670 1 0 0 1 
-1.95044 -5 1.08515 0.103616 0.798554 0.465298 4.02818 22 690 12852 12170 1 0.126285 0.126285 21 
-5 -1.51754 -2.32729 0.160852 0.409763 0.259501 4.053 22 691 10657 10655 1 0 0 3 
-5 2.05618 -4.61814 0.735525 -0.0117288 0.403268 4.01018 22 692 4265 3974 1 0.386176 0.386176 16 
-5 -0.656339 4.07753 0.118846 0.289892 -0.0392906 4.17987 22 693 8452 8449 1 0 0 2 
-1.30313 -5 1.55482 0.210347 0.151744 0.229347 4.03807 22 694 4933 4932 1 0.286244 0.286244 28 
-5 -1.2646 -0.637983 0.16259 0.0477547 0.143903 4.10678 22 695 5248 5202 1 0 0 3 
-1.1191 -5 -0.143792 0.97106 5.27941 4.29709 4.0219 22 696 26201 26153 1 0 0 3 
-1.8081 -5 -2.99664 0.116415 0.204405 0.235565 4.20567 22 697 4237 4236 1 0 0 2 
-2.49332 3.89389 -5 0.0461063 -0.111458 0.301249 4.08861 22 698 2826 2030 1 0.324112 0.324112 28 
4.88813 -5 -1.17264 0.231975 0.337931 0.30514 4.03692 22 699 10874 10873 1 0 0 2 
0.822771 2.91 -5 0.293261 0.811076 1.17753 3.99576 22 700 14282 14083 1 0.621184 0.621184 6 
-4.27353 -5 -2.3962 0.205725 0.368693 1.11078 3.98373 22 701 1443 1274 1 0.40817 0.40817 34 
-1.75958 -5 2.50073 -0.203809 0.572202 -0.0439233 4.02755 22 702 1363 1340 1 0 0 3 
-5 -0.539481 -0.0932337 0.187706 0.0132273 -0.284178 4.09144 22 703 16173 16124 1 0.47127 0.47127 25 
-2.37122 -5 -0.296937 1.01131 2.0739 2.7312 4.00834 22 704 56773 56440 1 0 0 2 
-3.91729 -0.16601 -5 1.5545 2.005 5.62515 3.97841 22 705 5236 5060 1 0.24543 0.24543 6 
3.25138 -5 3.00209 0.0879898 0.300411 -0.0571699 4.09784 22 706 11489 11488 1 0 0 3 
3.49131 -5 -4.85299 0.262042 0.412712 -0.148738 4.16429 22 707 25070 25068 1 0 0 4 
-2.60144 -2.01941 -5 0.139147 0.249538 0.397993 3.98109 22 708 3557 3350 1 0 0 7 
1.3931 -5 2.0262 0.210619 0.977012 0.19867 4.08391 22 709 39424 39335 1 0 0 1 
-4.6906 -5 -2.50913 -0.255076 0.440821 0.0416254 4.15913 22 711 6348 6346 1 0 0 1 
-1.80061 -5 0.680433 -0.347816 0.372733 -0.0348465 4.24755 22 712 5837 5836 1 0.433613 0.433613 39 
-1.89259 -5 -0.194025 0.386753 0.348894 0.0887781 4.11101 22 713 2113 2038 1 0.122199 0.122199 3 
-2.44731 2.17491 -5 -0.110747 0.102402 0.464468 4.03293 22 714 16614 16552 1 4.98404 4.98404 54 
-5 -3.60712 -1.4599 0.500602 1.27464 1.28466 4.03027 22 715 3580 3556 1 0.510766 0.510766 21 
4.17255 -5 -3.24949 0.328662 1.16209 1.28076 4.01625 22 716 29833 29742 1 0.497434 0.497434 3 
-5 -4.33148 4.72726 0.58219 2.07879 1.15305 4.04441 22 717 12140 12087 1 0 0 3 
-3.56989 -5 -4.84393 0.702243 4.62778 -1.59233 4.16978 22 718 1822 1821 1 0 0 5 
5 -1.53798 4.78585 -0.415245 0.186453 0.170485 4.05935 22 719 4030 3970 1 0 0 1 
0.645089 -3.1013 -5 0.282146 0.539798 0.440587 4.03886 22 720 26299 26262 1 0 0 2 
-0.644048 -5 3.78193 0.0408983 0.290511 0.0067586 4.11785 22 721 10130 10092 1 10.5027 10.5027 37 
-3.16813 -3.5348 -5 0.576787 0.714466 1.5001 3.98623 22 722 13763 13667 1 0.428785 0.428785 6 
-0.00624993 -5 -2.98537 0.240022 0.583882 0.190911 4.08516 22 723 11950 11225 1 0.453365 0.453365 2 
-4.69422 1.70271 -5 0.0554266 0.826037 0.5822 4.02662 22 724 12295 12186 1 0.540285 0.540285 15 
-5 3.37764 1.29549 0.377396 0.0626151 0.338779 4.11706 22 725 17816 17815 1 0 0 2 
-4.37698 -5 -2.64715 0.327678 0.416938 0.304084 4.03303 22 726 3032 2851 1 0.215797 0.215797 7 
2.93788 4.74343 -5 0.186375 0.245755 0.407417 4.02282 22 727 20101 20099 1 0 0 4 
-0.20262 -5 2.55387 0.339304 0.367361 0.172275 4.04353 22 728 5634 5436 1 0 0 1 
-5 4.92049 1.21215 0.160881 0.231927 0.108084 4.06649 22 729 1600 1563 1 1.39719 1.39719 31 
-5 4.80191 -0.386088 0.390368 0.645083 0.927778 4.01725 22 730 7567 7450 1 0.215064 0.215064 15 
4.92387 5 0.402839 -0.00851057 -0.0244881 -0.0146571 4.08999 22 731 27724 27704 1 0.433374 0.433374 16 
-3.55847 -5 0.218812 0.264261 0.636791 0.184618 4.06601 22 732 7943 7885 1 0 0 2 
-0.352577 -5 2.30312 0.996429 2.54444 3.15622 4.02838 22 733 4851 4774 1 0.236211 0.236211 4 
-2.58714 -5 -3.53591 -0.0138059 0.0263527 -0.00136333 4.0484 22 734 20873 20856 1 0.0294663 0.0294663 20 
-0.998185 -5 0.401962 0.13912 0.854702 -0.529976 4.174 22 735 5929 5897 1 0.38687 0.38687 5 
-5 -2.40321 4.46423 0.114414 0.309964 0.140591 4.08488 22 736 9755 9737 1 0.0275558 0.0275558 5 
-5 0.545416 -0.171919 1.02634 0.229298 0.46752 4.0083 22 737 2386 2245 1 1.15066 1.15066 18 
-0.309715 -5 1.34837 0.891427 1.80701 1.02096 4.04455 22 738 1242 1105 1 0 0 3 
-2.68145 -5 1.55734 0.171948 0.308661 -0.157166 4.13894 22 739 4865 4828 1 0.38634 0.38634 25 
0.803524 -3.22717 -5 0.235945 0.595278 0.59227 4.05818 22 740 11762 11689 1 1.60044 1.60044 7 
-2.53043 -5 -3.3549 0.442406 0.736381 -0.370175 4.0406 22 741 5569 5539 1 0 0 6 
-5 1.87539 -1.83555 0.421857 0.170682 -0.23243 4.16009 22 742 17633 17632 1 0.635405 0.635405 6 
-5 0.953347 3.02653 0.510247 0.0941333 0.0272626 4.03861 22 743 4386 4210 1 0 0 5 
1.68643 -5 1.40052 0.968047 1.35983 1.30422 4.03888 22 744 28161 28156 1 0 0 2 
3.66451 -5 2.62358 2.41662 4.19288 9.24655 4.01067 22 745 37766 37516 1 0 0 3 
0.876972 2.52548 5 -0.00022658 0.676928 -0.0861584 4.2003 22 746 8400 8385 1 0 0 1 
2.55597 -5 -2.4277 0.226364 0.482025 0.1342 4.05561 22 747 5350 5288 1 0 0 2 
-5 0.58594 -4.66776 0.268414 -0.0672258 0.238834 4.04082 22 748 2960 2882 1 0.491831 0.491831 30 
-1.6162 -5 3.28998 -0.131473 0.297233 0.359473 4.10244 22 749 17571 17548 1 1.81284 1.81284 24 
-2.15865 -5 4.19605 -0.0160783 0.509901 -0.0293606 4.12787 22 751 14361 14342 1 0 0 3 
-5 -1.13101 1.36357 0.184826 -0.0899564 0.0858493 4.06787 22 752 27651 27604 1 0.222434 0.222434 24 
-0.752239 -0.470951 5 0.497635 0.403489 -0.125218 4.13291 22 753 4921 4919 1 0 0 5 
-1.90407 -5 3.99962 0.0711471 0.103144 0.255893 4.02972 22 754 4789 4676 1 0 0 2 
0.673671 -1.8401 -5 0.0774541 0.269329 0.41776 3.98649 22 755 15391 15252 1 0 0 4 
-3.44085 -5 4.2412 0.250791 0.30139 0.124944 4.30874 22 756 8245 8220 1 0.109908 0.109908 26 
3.45217 4.01698 -5 0.114081 0.502629 0.199532 4.10753 22 757 1920 1901 1 0.232373 0.232373 25 
-1.09778 -5 -4.01373 0.29612 0.40101 0.0923526 4.10717 22 758 1154 1 1 0.225382 0.225382 6 
3.45956 -1.14904 5 0.26118 0.121178 -0.22707 4.10398 22 760 9904 9903 1 0 0 3 
-3.18904 3.71066 -5 0.264648 0.583286 0.473013 4.06743 22 761 27423 27145 1 0 0 1 
-0.191776 -5 -3.50481 0.0566228 0.506578 0.0359571 4.09896 22 763 2622 2598 1 0.11207 0.11207 6 
-2.46019 -5 3.29778 -0.309944 0.40436 0.0393398 4.09504 22 764 41834 41833 1 0 0 1 
3.66682 -2.81725 -5 -1.85357 -1.34399 4.70068 4.00891 -11 765 28672 28671 1 5.08825 5.08825 46 
-4.44229 -5 4.99552 0.132243 0.950549 0.513258 4.07971 22 766 19375 19330 1 0.0703552 0.0703552 4 
-4.40584 -3.88097 -5 1.43042 2.55592 1.81124 4.05136 22 767 5237 5147 1 0.00974457 0.00974457 6 
1.30963 -0.957891 5 0.358931 0.0756936 -0.0842292 4.072 22 768 7171 6922 1 0 0 5 
-3.62012 5 1.01265 0.145585 -0.307775 -0.180443 4.16013 22 769 56188 56187 1 0 0 1 
-5 -4.01121 3.7292 0.56748 0.205334 0.254458 4.04126 22 770 32441 32266 1 0 0 2 
-1.5449 -0.142684 -5 0.189354 0.142864 0.339884 4.01722 22 771 1372 1 1 0.543177 0.543177 43 
-5 -4.08575 4.55138 1.6226 1.2721 -1.08402 4.02297 11 772 8462 8456 1 3.81238 3.81238 24 
-1.66134 2.30318 -5 0.250906 0.294087 0.215112 4.02164 22 773 4335 4310 1 1.68837 1.68837 81 
-0.637891 -5 -4.08437 -0.213988 0.253269 2.26631 3.98143 22 774 4797 4725 1 0 0 3 
-4.6461 -5 -0.774061 -0.0573882 0.119981 -0.0291834 4.09955 22 775 15003 14821 1 0.955204 0.955204 33 
-1.33133 -4.41261 5 0.12192 0.383282 -0.142594 4.19695 22 776 33646 33643 1 0.445999 0.445999 3 
4.05259 -5 3.96771 -0.121179 0.172582 -0.00872343 4.05526 22 777 3006 2964 1 0.525921 0.525921 29 
-4.81464 -5 2.92612 3.33137 5.49176 5.24888 4.04984 22 778 31123 31072 1 0.305473 0.305473 5 
2.25785 -5 3.37233 0.430654 0.448503 0.563471 4.05876 22 779 11249 11148 1 0 0 3 
-2.29026 -4.39498 -5 0.101715 0.368526 0.634633 3.98389 22 780 4683 1 1 0 0 5 
-1.70722 -5 -3.6715 0.200893 0.301679 -0.0738415 4.10226 22 781 20221 20219 1 0 0 3 
-5 1.46592 -2.42298 0.297236 0.0879653 0.40353 4.05745 22 782 19428 19381 1 0.115031 0.115031 3 
-3.02151 -5 -0.811478 0.475047 0.523059 1.06969 3.99712 22 783 16692 16616 1 0 0 4 
-1.70446 -5 4.77197 0.173592 1.18735 2.22031 4.02246 22 784 5412 5289 1 0 0 5 
-5 2.3569 -2.7587 0.810091 -0.511717 0.388802 4.01312 11 785 35947 35913 1 0.126154 0.126154 21 
4.27003 2.18955 -5 -0.382718 0.291068 0.537839 4.00687 22 786 30788 30176 1 0 0 1 
2.53535 3.8889 -5 0.872809 1.88898 2.5135 4.00791 22 788 6363 6336 1 0.0546076 0.0546076 5 
3.97082 5 4.77743 -0.0654532 -0.0679071 0.428607 4.08781 22 789 6025 6024 1 0.769574 0.769574 58 
0.0908249 -5 3.04808 0.163435 0.220877 0.430839 4.01736 22 791 1177 1176 1 3.86698 3.86698 35 
-1.36487 -3.01958 -5 0.279544 0.370925 0.24853 4.03386 22 792 10907 10624 1 0.49865 0.49865 5 
-2.40513 -5 4.57997 0.0512504 0.503534 0.0703349 4.09126 22 793 22221 22189 1 0 0 1 
-5 -1.85394 4.65264 0.347714 0.362269 0.0947442 4.11097 22 794 19229 19226 1 0 0 1 
-1.27432 -0.702683 -5 1.6108 7.36096 1.55535 4.03605 22 795 32834 32833 1 0 0 3 
-5 1.86831 2.17339 0.249108 0.213848 -0.0290692 4.18807 22 796 8346 8343 1 0 0 3 
-4.55531 -4.35144 -5 0.720757 3.48851 5.09394 3.99435 22 797 22076 22044 1 0 0 7 
5 0.760887 -2.8899 -0.148993 0.000430703 -0.0303783 4.04086 22 798 33205 33204 1 0.151848 0.151848 15 
-5 4.26815 -2.82354 0.20384 0.450733 -0.128096 4.15433 22 799 3081 3049 1 5.50375 5.50375 8 
0.495277 -5 -1.65942 0.145041 0.511652 0.613498 4.02085 22 800 10471 6228 1 0 0 3 
4.78812 -5 -2.59967 0.285422 0.0673507 0.418471 4.0326 22 801 3578 3577 1 0 0 2 
-2.92413 -3.42803 -5 0.738018 4.63313 5.70094 4.00166 22 802 11089 11087 1 0.0404858 0.0404858 4 
-5 -3.52937 3.96891 1.15512 0.461586 1.76102 4.02867 22 803 7881 7787 1 0 0 2 
3.73673 -4.33967 -5 0.0274559 0.00655934 1.25071 4.01449 22 804 5680 5679 1 0 0 4 
0.680554 -1.64607 -5 0.173937 0.257712 0.320692 4.00018 22 805 1772 1771 1 0.259858 0.259858 5 
-5 -1.10892 4.26648 0.271019 0.336928 1.14631 4.02098 22 806 1294 1 1 0 0 2 
-3.16721 -5 1.9891 0.185782 0.444923 0.169259 4.05585 22 807 3039 3038 1 0 0 6 
-1.57084 -5 1.61191 -0.124039 0.420335 0.262779 4.0254 22 808 6401 6380 1 0.900957 0.900957 40 
-2.00669 0.231718 5 -0.182882 0.472075 -0.0694242 4.19016 22 809 10342 10315 1 0 0 3 
-5 0.810908 3.35723 0.411822 -0.0356069 0.387842 4.038 22 810 2467 2339 1 0 0 2 
1.42722 -3.56728 -5 0.0403458 0.763692 0.21337 4.05525 22 811 7637 7635 1 0 0 3 
5 -1.42877 1.94124 -0.956614 0.43088 0.658494 4.06351 22 812 12367 12366 1 0.838281 0.838281 26 
-2.79245 2.11376 -5 0.285646 0.764929 0.865335 4.02564 22 814 37020 36998 1 0 0 3 
-5 -4.97514 0.657475 0.195311 0.126886 -0.00713238 4.06666 22 815 7095 7092 1 0.232785 0.232785 16 
4.46295 -1.37883 -5 0.252061 0.296846 0.28847 4.03566 22 816 16333 16300 1 0 0 2 
-1.34285 -5 3.64765 0.307629 0.314251 0.26025 4.05855 22 817 3509 3508 1 0 0 3 
-1.65699 -0.463794 -5 0.321859 0.471096 0.201521 4.04379 22 818 20391 20094 1 0.267387 0.267387 3 
3.55703 -5 2.22823 0.806664 0.866252 4.00713 3.99577 22 819 4908 4776 1 0 0 3 
0.0436837 -5 3.72643 0.299748 0.688777 0.94002 4.01244 22 820 1693 1615 1 0 0 5 
0.447687 2.65937 -5 1.10431 2.13513 3.9754 3.99528 22 821 16360 16331 1 0 0 2 
4.64477 0.784798 -5 1.18024 1.21087 1.59676 3.98225 22 822 6747 6550 1 1.137 1.137 9 
-0.0933033 -2.70593 -5 0.489956 1.8095 5.80565 3.97299 22 823 7554 7418 1 0 0 4 
-1.77735 -5 0.717341 0.232347 0.0835389 0.367169 4.02462 22 824 30028 28512 1 0 0 1 
-5 0.989303 -2.0897 0.178895 1.20038 0.604077 4.0462 22 827 15771 15585 1 0 0 3 
-3.83505 2.24289 -5 2.72885 7.23215 5.57378 4.019 22 828 34846 34804 1 0.328331 0.328331 5 
0.393751 -4.45829 -5 0.220203 0.284253 0.433586 3.9975 22 830 8889 8700 1 0.268327 0.268327 5 
-5 -4.44178 3.74144 0.375402 0.895248 0.781979 4.03624 22 831 2891 2852 1 0 0 4 
-0.768326 -5 -1.62919 0.510386 1.9332 0.411691 4.10586 22 832 2347 2346 1 2.0689 2.0689 16 
5 -3.74938 -0.895957 -0.395408 0.206856 0.717485 4.24062 11 833 20526 20501 1 0.32114 0.32114 2 
-3.8545 -5 -0.239691 0.130932 0.46746 0.0529276 4.11465 22 834 23351 20756 1 0.306023 0.306023 2 
-5 0.338289 -1.69242 2.01254 1.43893 0.349202 4.14618 22 835 3331 3330 1 0 0 8 
-4.68727 -3.38162 -5 0.413703 1.86667 4.90801 3.98114 22 836 32486 32485 1 2.37583 2.37583 21 
-0.914654 -5 2.03905 0.0455077 0.45863 0.094537 4.11083 22 837 6020 5992 1 0.176509 0.176509 8 
0.54208 5 0.61709 0.0124917 -0.203038 -0.0910343 4.10766 22 838 6488 6487 1 5.57906 5.57906 112 
5 -3.50224 -1.63613 -0.185187 -0.0945327 0.160096 4.05563 22 839 1042 1 1 0 0 2 
-5 -3.31558 -0.00141647 0.354961 0.295988 -0.217977 4.14203 22 840 8097 8096 1 0 0 2 
2.14443 -4.44238 -5 0.0815685 0.756703 1.06479 4.00113 22 841 5454 4995 1 0 0 2 
-2.17026 -3.092 -5 -0.0831801 0.45953 0.207443 4.03758 22 842 20002 20000 1 3.89729 3.89729 7 
5 -4.77379 -3.03502 -0.153642 -0.115554 -0.0279752 4.09555 22 843 5159 3984 1 0 0 1 
3.78474 2.86753 -5 0.15044 0.445209 0.494207 4.00246 22 844 3282 3108 1 0.337166 0.337166 27 
-5 0.317097 4.75337 0.157654 0.691455 1.72124 3.99985 22 845 1263 1 1 0.399324 0.399324 13 
-2.13489 -5 -0.996543 -0.0525864 0.442151 0.122572 4.15125 22 846 12785 12764 1 0 0 2 
-5 -3.76167 1.18503 0.204256 0.134462 -0.0882146 4.05738 22 847 23295 23131 1 0.259552 0.259552 32 
1.37671 -5 -1.01239 0.174965 0.49981 0.251302 4.07671 22 848 11588 11484 1 0 0 2 
-1.26232 0.579752 -5 0.00528406 0.510075 0.0302485 4.22716 22 849 2304 2303 1 0 0 4 
2.19633 -5 -1.74794 -0.127757 0.685154 0.807349 4.01718 22 850 23172 23112 1 0.73996 0.73996 3 
-5 -2.80832 1.62081 0.516626 0.907517 2.78937 3.99634 22 851 13483 13463 1 0 0 2 
3.85273 -5 0.782999 0.149273 0.42196 -0.187698 4.22122 22 852 19607 19606 1 0.00349053 0.00349053 4 
3.18388 -5 1.90606 -0.146628 0.261983 0.414035 4.04826 22 853 8690 8647 1 0.540626 0.540626 22 
-0.00586212 4.74496 -5 0.807388 3.36532 0.712101 4.08833 22 854 23299 23213 1 0.604312 0.604312 5 
-1.1822 -5 2.08886 0.131762 0.267308 0.595078 4.00457 22 855 4833 4802 1 0 0 5 
3.83575 -2.82135 -5 1.7753 3.81751 4.13373 4.01354 22 857 4690 4668 1 0 0 3 
-1.71199 -1.81763 -5 -0.216504 0.201672 0.0974718 4.01067 22 858 2417 2416 1 6.99469 6.99469 16 
-5 -4.80729 -2.47607 0.359268 0.354218 0.0393612 4.01214 22 859 3216 2664 1 0.711913 0.711913 61 
1.41022 0.0229396 -5 0.585775 1.48093 0.787871 4.02023 22 860 15184 15123 1 0 0 2 
-5 -1.30891 -0.522412 0.17607 0.302717 0.372131 4.03836 22 861 4373 4372 1 0.0355145 0.0355145 4 
-2.16613 2.90375 -5 0.487766 0.944421 0.345097 4.03839 22 862 10768 10718 1 0 0 3 
3.08426 -4.68596 -5 1.66307 3.96142 8.36349 3.98474 22 863 21872 21807 1 0 0 3 
-3.59146 -5 -4.07572 0.370812 1.50766 -0.63013 4.09398 22 864 18614 18508 1 0 0 1 
-5 -2.28699 -2.02518 0.159199 0.404643 -0.238423 4.05354 22 865 8121 1 1 0.138135 0.138135 6 
-3.1939 -2.75115 5 0.00326488 0.310095 -0.0712701 4.11753 22 866 7081 6937 1 0.38676 0.38676 28 
1.42317 3.03562 -5 0.770239 2.0204 1.38086 4.05761 22 867 10864 10660 1 0 0 2 
-2.42167 0.418955 -5 -1.90077 0.887277 0.616767 4.11884 22 868 11329 11328 1 0 0 3 
-4.14204 -3.48911 -5 0.127612 0.276243 0.410518 4.0431 22 869 5913 5912 1 0 0 2 
-2.12583 1.82755 -5 0.325503 1.01322 0.791809 4.03064 22 870 19493 19413 1 0 0 3 
-1.10316 -5 -1.08463 0.0162987 0.313791 0.0657885 4.2178 22 871 3067 3066 1 0.320579 0.320579 25 
-3.62688 4.14969 -5 0.106213 3.48751 1.60322 4.05272 22 872 18758 18757 1 0 0 1 
-3.94067 0.390725 -5 0.542599 2.02939 4.91071 3.98317 22 873 16867 16635 1 0 0 3 
4.77972 3.34311 -5 0.56173 0.0339481 -0.0320534 4.00696 11 874 53724 53693 1 0.0141001 0.0141001 1 
-0.322517 -5 -0.280311 0.0587066 0.75409 0.0594966 4.14354 22 875 1702 1685 1 0 0 4 
-2.84831 -2.19082 -5 0.404281 0.221103 0.526734 4.00229 22 876 39069 38748 1 0.699634 0.699634 19 
-1.76242 -5 3.28989 0.0334358 0.209851 -0.0548758 4.11235 22 877 3968 3453 1 1.75722 1.75722 72 
-3.37667 -3.91269 -5 1.68562 1.28519 7.50379 3.96152 22 878 1902 1841 1 1.03481 1.03481 17 
-3.18681 -5 -2.19278 0.0874541 0.373323 0.644488 4.01108 22 879 7282 7276 1 0.247238 0.247238 4 
-5 -4.55865 -3.05795 0.752852 0.188515 0.620286 4.05938 22 880 30387 30385 1 0 0 1 
-1.78282 -2.14172 -5 0.413678 1.23326 2.83028 3.98666 22 881 6205 6172 1 0.0679932 0.0679932 4 
-5 4.07359 2.70013 0.552884 2.42033 0.0622519 4.12749 22 882 1891 1836 1 0.34175 0.34175 33 
2.01334 -5 2.18348 0.896982 2.38581 2.20364 4.03769 22 883 15316 15229 1 0.381319 0.381319 15 
4.32 -2.88499 -5 4.09813 5.85437 13.6928 3.98923 22 884 29870 29763 1 0 0 1 
-1.97397 -5 2.0548 0.202684 0.180432 0.218489 4.02854 22 885 26801 26653 1 0 0 1 
0.496948 -3.17742 -5 0.0874267 0.314853 0.392867 3.99471 22 886 9412 9411 1 1.59132 1.59132 41 
0.8877 0.204313 -5 0.141466 0.552751 0.257888 4.07496 22 887 1909 1906 1 0 0 2 
-4.8346 1.69308 -5 0.0177877 0.213466 0.340667 4.02848 22 888 2010 1981 1 0 0 2 
-3.96081 -0.878778 -5 0.147462 0.348269 0.237078 4.02706 22 889 3407 3406 1 0.695741 0.695741 65 
-3.55375 -5 3.96635 1.26993 3.44832 6.1456 4.01043 22 890 9714 9393 1 1.11973 1.11973 50 
-0.647304 -5 -4.25657 0.124454 0.382844 0.291111 4.03302 22 891 6155 5956 1 0.170587 0.170587 3 
3.30582 -5 -3.45773 0.668281 0.494168 0.606939 4.04571 22 892 16790 16722 1 0.255384 0.255384 4 
-4.3553 2.33317 -5 0.131613 0.420911 0.258131 4.03322 22 893 32633 32609 1 0 0 3 
-4.90598 -5 4.2899 0.100549 0.279785 0.299131 4.03814 22 894 7795 7773 1 0 0 3 
2.11078 -5 -1.26205 1.13864 1.80379 0.827669 4.07635 22 895 4729 4728 1 0.0694607 0.0694607 5 
3.73518 4.37017 -5 0.123805 0.255747 0.130864 4.08489 22 896 26100 26099 1 0 0 1 
-5 -0.769022 -0.283097 0.0976457 -0.13307 0.143897 4.0606 22 897 6363 6362 1 7.26622 7.26622 55 
-1.69562 -5 -4.09161 -0.117516 0.236877 -0.15933 4.14006 22 898 22069 21968 1 0.308418 0.308418 23 
2.4654 -5 -4.70614 0.132701 0.454536 0.126433 4.04176 22 899 23960 23922 1 0 0 5 
3.79957 -5 4.65188 0.104661 0.294083 0.404575 4.03998 22 900 12051 12050 1 0 0 3 
4.22034 -0.211753 -5 -0.0640796 0.0635962 0.248367 4.06948 22 901 53796 53408 1 0 0 2 
-1.1 3.33741 -5 0.230152 0.506858 1.16589 3.98792 22 902 27412 27252 1 0 0 2 
2.89273 -5 0.546418 1.99513 3.76169 10.9241 3.99757 22 903 17185 16871 1 0 0 1 
-4.36143 -5 -0.0870791 0.470701 0.511022 0.380413 4.0577 22 904 4418 4416 1 0 0 3 
-5 -3.63278 -1.68341 0.126051 1.21577 0.221995 4.08166 22 905 13075 13008 1 0 0 2 
-3.59485 -5 1.17033 0.29406 1.21001 2.40799 4.00168 22 906 7103 6901 1 0.22382 0.22382 3 
1.19099 -5 -0.539196 0.694446 0.927103 2.2533 4.00446 22 907 22733 22687 1 0.0294736 0.0294736 2 
-0.743623 0.145608 -5 0.192595 0.305987 0.902339 3.98105 22 908 21232 20961 1 0 0 5 
1.16597 -3.73753 -5 1.0406 1.93557 4.66586 3.98632 22 909 10145 9965 1 0 0 2 
-2.05621 -5 -4.54275 0.445034 0.633329 0.171997 4.07679 22 910 33607 33606 1 0 0 1 
-5 0.107684 -4.93914 0.337481 0.380106 0.0524025 4.07735 22 912 9049 9048 1 0 0 6 
-5 -1.65889 0.372555 0.215792 0.876287 0.341074 4.03687 22 915 16792 16746 1 0.204463 0.204463 32 
-5 -3.5366 -3.90883 0.802089 0.895432 0.581798 4.03147 22 916 3399 3147 1 0.421075 0.421075 29 
-4.96113 0.948957 -5 0.531668 0.886901 2.05629 3.98486 22 917 10075 9962 1 0 0 6 
-2.95909 -5 3.62532 0.249715 0.0875701 -0.0165935 4.14199 22 918 18028 17939 1 0 0 2 
0.919363 -5 -2.90584 1.25733 2.08945 4.74523 3.98728 22 919 42673 42486 1 0 0 2 
2.33269 3.98299 -5 0.963201 1.53262 2.02443 4.02464 22 920 22960 22938 1 0 0 1 
-2.1167 -5 2.07316 0.142477 0.267465 0.41144 4.02197 22 921 43536 43510 1 0 0 2 
0.0337584 -5 -0.457725 1.94685 2.513 -0.454581 4.09303 22 922 3477 3476 1 0.0107294 0.0107294 13 
3.21426 -5 -4.44184 0.258925 0.42156 -0.127924 4.15876 22 923 15687 15686 1 0 0 3 
2.02836 -5 -4.37774 0.0436826 0.290359 0.415785 4.01703 22 924 18840 18839 1 0.257051 0.257051 3 
-4.73772 -4.29777 -5 0.24103 0.732492 0.813871 4.01479 22 925 28153 27946 1 0 0 2 
0.32267 -3.85899 -5 0.76332 0.885047 1.80609 3.99222 22 926 2492 2327 1 0.474017 0.474017 4 
3.18658 -2.81544 -5 0.364115 0.758882 0.705738 4.00828 22 927 2067 1991 1 0.112909 0.112909 6 
0.897689 2.99207 -5 0.251962 0.403184 0.187291 4.07154 22 928 1172 1128 1 0 0 3 
-2.94016 0.482879 -5 0.144801 0.283548 0.530307 4.04012 22 929 22625 22624 1 0 0 2 
-2.9216 -5 -4.58805 -0.0403095 0.33708 -0.11398 4.11873 22 930 6271 6092 1 4.44281 4.44281 12 
-4.80803 -5 3.30016 0.155833 0.700434 0.286168 4.05861 22 931 1057 1 1 0 0 1 
0.14938 -5 4.63337 1.97413 2.5938 2.81019 4.04311 22 932 24542 24474 1 0 0 1 
-4.19474 -5 0.638661 0.25654 0.281239 0.208296 4.06997 22 933 4721 4603 1 0 0 3 
-5 -0.405536 -2.29375 0.905533 1.34492 0.162131 4.05622 22 934 4043 4012 1 0.825712 0.825712 12 
3.31076 -1.39427 -5 0.14468 0.204517 0.161236 4.00024 22 935 10538 10407 1 0.203083 0.203083 7 
4.49135 -5 4.46727 0.162399 0.222955 0.282925 4.04209 22 936 8086 7816 1 0 0 2 
-3.26449 0.870081 -5 0.18913 0.464475 0.42024 4.04745 22 937 23577 23520 1 0 0 2 
-2.4051 -3.8474 -5 1.47887 1.59177 2.73902 3.99539 22 938 3240 3215 1 1.15811 1.15811 65 
-5 0.477436 -1.34257 0.437115 0.264109 -0.0172378 4.04085 22 939 9368 9367 1 6.05147 6.05147 86 
1.45774 -5 -0.317597 0.929098 1.09665 3.92665 3.99834 22 941 9050 9004 1 0.0815887 0.0815887 3 
4.33101 -5 -1.95871 0.34326 0.194688 0.214168 4.02026 22 942 6997 6968 1 0.263467 0.263467 26 
-5 -1.219 -3.40395 0.295685 -0.181139 -0.0862419 4.08666 22 943 11009 10841 1 0 0 1 
0.979208 -5 1.45911 0.140057 0.784533 0.437662 4.05613 22 944 11747 11658 1 5.30997 5.30997 8 
1.44516 -5 -2.25154 0.510186 0.725089 -0.00832163 4.12215 22 945 13069 13066 1 0 0 2 
1.89906 -5 3.5193 -0.0107212 0.208989 0.0658835 4.10451 22 946 3683 3682 1 0.219086 0.219086 20 
-3.42304 -5 -3.43477 1.57888 2.36251 -0.172719 4.02545 22 947 35703 35677 1 0 0 1 
-5 -2.2339 2.1338 0.107816 0.488301 0.105155 4.1168 22 948 3110 3109 1 0 0 5 
1.32415 -5 -4.62562 0.0624533 0.267922 0.0559296 4.06264 22 949 11001 11000 1 0.3986 0.3986 45 
3.57723 2.28729 -5 0.458392 0.84681 1.44563 4.01933 22 950 20929 20750 1 0 0 4 
1.58979 4.78091 -5 0.264899 0.122707 0.321909 4.01164 22 951 2803 2769 1 0.504978 0.504978 29 
-0.183407 -2.804 -5 -0.016199 0.316018 0.306468 4.01118 22 952 23382 22993 1 8.88659 8.88659 58 
3.97867 -5 1.49445 0.621515 0.952931 1.30867 4.02519 22 953 29645 29498 1 0 0 1 
2.38205 -4.77094 -5 0.182687 0.358762 0.59798 3.98757 22 954 6313 6243 1 0.720503 0.720503 27 
-2.19398 -3.62388 -5 0.122089 0.12604 0.0430722 4.06485 22 956 5425 5113 1 1.5238 1.5238 24 
0.82957 -5 1.96454 0.474975 0.684187 1.00517 4.02762 22 957 13079 11926 1 0 0 2 
0.604265 -5 4.52496 -0.206815 0.457637 0.094423 4.07635 22 958 11635 11634 1 0.0231136 0.0231136 6 
-0.255453 5 -4.86021 -0.106679 -0.135871 0.102075 4.11625 22 959 18484 18483 1 0.444901 0.444901 3 
3.30502 -5 1.79477 0.184567 0.260555 -0.216595 4.13563 22 960 11236 11214 1 0.334198 0.334198 5 
4.25468 -2.1851 -5 0.168637 0.678507 0.48074 4.06811 22 961 8416 8414 1 0.870232 0.870232 26 
4.91781 0.0816199 -5 -0.107405 0.217383 0.106474 4.05757 22 962 32913 32912 1 0 0 1 
-2.49639 4.55124 -5 0.654453 1.57535 3.19561 3.9893 22 963 18000 17881 1 0.544026 0.544026 27 
0.149489 -5 0.930003 0.346407 0.37565 -0.00309595 4.08613 22 964 6369 6368 1 0.135755 0.135755 3 
2.1101 4.92042 -5 0.870151 1.45589 2.07868 4.00474 22 965 3129 2908 1 0 0 5 
3.53616 -5 0.0897602 0.0472281 0.131083 0.491637 4.02018 22 966 2139 2113 1 0 0 1 
2.88106 -4.77213 -5 0.0760401 0.200991 0.24366 4.11366 22 967 5500 5497 1 0.342979 0.342979 28 
2.52389 -0.790008 -5 0.266704 0.391339 0.191943 4.15621 22 968 20927 20904 1 0 0 2 
-0.908967 -5 3.03783 0.0893079 0.549028 0.427091 4.02357 22 969 2154 1859 1 0 0 3 
-3.07297 -5 1.37522 0.139381 0.268773 0.411648 4.01849 22 971 3951 3950 1 0.037457 0.037457 8 
3.1386 3.46343 -5 0.388649 0.841294 2.50081 3.9768 22 972 3623 3622 1 4.947 4.947 93 
-5 -4.15675 4.37447 0.62319 1.03201 1.18474 4.03628 22 973 51838 51626 1 0 0 1 
5 -0.825833 0.35893 -0.215495 -0.126925 0.0429909 4.06655 22 974 3732 3731 1 0.253395 0.253395 27 
-5 -1.85736 0.609204 1.14121 1.48789 1.37396 4.03588 22 975 2274 2085 1 0 0 3 
1.92878 -5 -1.93823 0.278506 0.225444 0.0822829 4.12446 22 976 3071 1 1 0.0461472 0.0461472 4 
-0.565244 -5 3.48911 0.118366 0.447306 -0.17882 4.07742 22 978 1803 1802 1 0.288207 0.288207 8 
-5 -4.75768 -0.55214 0.15888 0.0721371 -0.0230053 4.05189 22 979 1706 1639 1 0.175623 0.175623 26 
3.71473 -0.097721 -5 0.522706 0.999489 0.58611 4.03382 22 980 19639 19583 1 0 0 5 
2.32249 -5 -2.05974 0.108356 0.305254 -0.0533502 4.08358 22 981 19066 19065 1 0 0 4 
-5 -1.01732 -2.70386 0.522147 0.784108 1.375 4.00169 22 982 37987 36586 1 0 0 2 
-5 1.76516 1.13045 0.225539 0.42535 0.0190193 4.12612 22 983 9826 9825 1 0 0 4 
-3.36301 -5 4.40504 0.148047 1.19506 -0.64525 4.15967 22 984 5722 5705 1 0 0 4 
-0.495318 -5 3.90862 0.305772 0.729062 -0.166268 4.08054 22 985 12070 12041 1 0.0716091 0.0716091 5 
5 1.82097 2.16712 -0.219241 -0.0742048 0.052536 4.26026 22 986 7338 7337 1 0.236882 0.236882 31 
-1.28355 -5 0.928696 0.154781 0.510496 -0.0357 4.12357 22 987 9789 9761 1 0.416685 0.416685 6 
2.7377 -4.99809 -5 0.165987 0.346411 0.0233084 4.17109 22 988 3202 3184 1 0.703303 0.703303 39 
-3.00561 -5 -3.33804 0.779956 1.9248 3.58179 3.99271 22 989 24153 24152 1 0 0 1 
-0.790265 -5 -2.7468 0.646226 0.644113 0.385412 4.04648 22 990 1208 1120 1 1.11062 1.11062 57 
-5 -4.80869 4.25657 0.174928 0.376681 -0.0542211 4.16987 22 991 1971 1969 1 0 0 1 
2.45181 -5 -2.18552 0.209834 0.452467 0.111189 4.12848 22 992 43730 43710 1 0 0 3 
-1.5493 -5 1.00213 0.267142 0.605813 0.225222 4.05729 22 993 4344 4334 1 0 0 6 
1.33949 -5 -2.46094 0.160547 0.436323 0.169908 4.0455 22 994 9224 9193 1 0.494363 0.494363 42 
-5 3.48984 4.01954 0.500083 0.536343 0.294599 4.07817 22 995 1193 1 1 0 0 1 
-4.4882 -5 -3.20154 0.439252 1.06263 1.02324 4.0239 22 996 17188 17156 1 0 0 3 
-5 -4.82872 0.369949 0.0688381 0.422924 0.203926 4.09295 22 997 8144 8142 1 0 0 6 
-5 -4.52573 -4.49033 1.84394 1.33751 1.4181 4.04605 22 998 22563 22521 1 0 0 1 
1.95932 -5 0.574336 0.187173 0.278851 -0.107008 4.11705 22 999 21681 21633 1 0.351966 0.351966 34 
-2.38 -5 1.83529 0.330629 0.427373 0.262284 4.05177 22 1000 13720 13605 1 0 0 3 
