# Det7_1_14
#x y z Px Py Pz t PDGid EventID TrackID ParentID Weight Edep VisibleEdep Ntracks
-3.79582 5 4.16636 0.158665 -0.339259 0.347633 3.87971 22 1 40372 40344 1 0 0 2 
-3.15835 5 -2.05573 0.201588 -0.379558 -0.0266193 3.95149 22 2 8522 8495 1 0 0 4 
2.0213 5 1.00113 0.129778 -0.192152 -0.295623 4.10252 22 3 37765 37744 1 0 0 1 
0.493803 3.06173 -5 0.226773 -0.694981 0.879336 3.83385 22 4 54327 54246 1 0.701479 0.701479 3 
1.58633 5 -1.73051 0.0677323 -0.463649 -0.163119 3.85365 22 5 21981 21974 1 0.769367 0.769367 28 
-1.61581 5 -1.11746 -0.0294769 -0.152665 0.158396 3.91981 22 6 36739 36738 1 0.419995 0.419995 28 
2.64021 5 4.76931 0.108491 -0.473544 0.158447 3.90424 22 8 8982 8981 1 2.86375 2.86375 8 
-5 -3.36743 3.055 0.267727 -0.0934251 0.00306948 3.9315 22 9 36940 36908 1 2.48557 2.48557 64 
0.883675 5 -4.3758 0.0888661 -0.273578 -0.0110768 3.956 22 11 18115 15299 1 0.431671 0.431671 28 
4.63737 -3.10704 -5 0.33326 -0.572911 0.997857 3.84031 22 12 3447 1 1 0 0 3 
-0.442683 5 0.432395 0.0683113 -0.763032 -0.232847 3.98167 22 13 7940 7939 1 0.10467 0.10467 2 
-1.54898 5 -3.92827 0.221883 -2.36662 -0.960097 4.97226 22 14 34861 34768 1 0 0 1 
4.25948 1.80013 5 0.118349 -0.218133 -0.0647627 3.90591 22 15 10827 10763 1 0 0 2 
-1.49066 3.04999 -5 0.17119 -0.228895 0.198733 3.84278 22 17 34525 33476 1 0 0 1 
-5 0.462715 3.32985 0.214711 -0.135779 0.283255 3.89859 22 18 2622 2557 1 0 0 2 
-1.20324 5 3.72923 1.60219 -1.5154 -1.11144 3.9621 22 19 9746 9599 1 0.0923938 0.0923938 7 
2.41093 4.24699 -5 0.364001 -0.524458 0.600306 3.85391 22 20 3064 2925 1 0 0 1 
-0.787494 5 4.08381 0.419864 -1.02735 0.0203125 3.93901 22 21 1794 1793 1 0.66778 0.66778 43 
-3.86291 5 0.00179079 0.140277 -0.622311 0.209324 3.87635 22 23 14000 13981 1 0.510637 0.510637 32 
0.246771 5 3.66958 0.281105 -0.373266 -0.206815 4.06767 22 24 17894 17893 1 0 0 2 
-1.25622 5 -0.873626 1.21127 -1.43176 0.344855 3.92936 22 25 12304 12279 1 0 0 4 
-5 -2.09745 -1.18265 0.195186 -0.429321 -0.196737 4.00371 22 26 28377 28356 1 0 0 2 
-5 2.21963 1.67566 0.178436 -0.384727 0.232115 3.87478 22 27 4168 3719 1 0 0 2 
-4.55344 5 -3.19481 0.222472 -0.432307 0.15728 3.85896 22 28 6834 6792 1 0.510825 0.510825 13 
3.54854 5 -0.38659 0.366161 -0.845346 0.634325 3.84479 22 29 10913 10798 1 0.0659753 0.0659753 6 
-4.45851 1.43815 -5 2.93183 -2.59132 7.00629 3.81662 22 30 6146 6145 1 0.309969 0.309969 11 
5 0.332124 -4.09371 -0.1363 -0.324224 -0.000509306 3.96385 22 31 45470 45469 1 0 0 1 
-4.27665 5 -0.264447 0.141827 -0.261844 0.234335 3.86625 22 32 12574 12512 1 0 0 2 
-4.13237 5 4.92106 3.31678 -7.56418 12.2099 3.85736 22 33 22091 22021 1 0 0 2 
2.96459 5 4.15729 0.830858 -0.320486 0.186411 3.95621 22 35 5196 5127 1 0.176396 0.176396 39 
-5 2.1501 2.46956 0.168331 -0.340928 0.341398 3.88109 22 36 8999 8963 1 0 0 2 
-5 0.888329 0.401634 0.449043 -0.671883 -0.0515948 3.94164 22 37 22926 22849 1 0 0 3 
-5 -3.6061 -0.596861 0.319242 -0.218586 0.0257458 3.92423 22 38 11842 11841 1 0 0 4 
3.14742 -0.779097 -5 4.48952 -1.50446 3.80858 3.85244 22 39 16101 16017 1 0 0 5 
2.25728 5 2.42078 0.45561 -0.59153 0.69271 3.88174 22 40 10230 9615 1 1.05286 1.05286 21 
-2.88686 5 2.41997 0.0866956 -0.415827 0.0692623 3.93386 22 41 17214 17185 1 0.258873 0.258873 4 
-0.350481 -4.60399 -5 0.3997 -1.05391 1.50556 3.8407 22 42 12243 9841 1 0 0 2 
-1.92165 5 -0.124078 0.0637561 -0.214872 -0.159251 3.9578 22 45 26308 26285 1 0 0 1 
4.23762 5 4.71479 0.334245 -0.726478 0.40954 3.89094 22 46 5122 5063 1 5.34141 5.34141 7 
2.43441 5 4.81054 0.968292 -1.65438 1.89325 3.86965 22 47 9453 9374 1 0.18625 0.18625 12 
-1.24086 -1.33099 5 0.197176 -0.15198 -0.16702 4.13822 22 48 14108 14107 1 0 0 1 
-5 -3.27365 2.82136 0.442796 -0.225277 -0.419015 4.05812 22 49 19424 19423 1 0.957612 0.957612 39 
-1.75477 2.33734 5 0.0027071 -0.20113 -0.1574 4.043 22 50 4387 4071 1 0 0 4 
-0.217868 5 -4.56147 0.0516599 -0.48171 0.162502 3.91137 22 51 7547 7515 1 1.17997 1.17997 6 
-1.67081 5 2.49378 0.128641 -0.471497 -0.149204 4.07934 22 52 31858 31857 1 0.179938 0.179938 2 
-5 -0.495753 0.924428 1.38728 -2.63433 0.0771119 3.91779 22 53 17002 17001 1 0 0 3 
4.51679 5 -3.7073 0.417598 -1.34739 1.41105 3.83301 22 54 5875 5726 1 0.274122 0.274122 16 
-5 0.338849 -3.09008 0.244072 -0.233447 -0.383473 4.91673 22 55 7276 7275 1 0 0 2 
3.91143 5 3.16377 1.66922 -2.98971 4.66309 3.86353 22 56 26620 26530 1 0 0 1 
3.27211 -4.1906 -5 -0.448204 0.238614 0.0574148 3.89213 22 57 19433 19432 1 0.0334883 0.0334883 11 
-4.32964 5 0.119722 -0.0372261 -0.392128 0.0323216 3.82431 22 58 10074 9977 1 0.0991889 0.0991889 8 
5 -3.22926 -3.41948 -0.103037 0.10135 -0.0190752 4.11181 22 59 29039 29008 1 0.145374 0.145374 27 
1.15915 5 0.839386 0.225665 -0.323049 -0.325322 4.04941 22 61 1971 1970 1 0.485443 0.485443 5 
-2.20346 5 1.20465 0.14293 -0.291096 -0.00731604 3.9374 22 62 8133 7942 1 0.0174688 0.0174688 6 
-0.947134 2.76038 -5 0.161816 -0.418661 0.0766424 3.88208 22 63 17141 17140 1 0.541275 0.541275 18 
2.33381 5 -2.3906 0.182148 -0.444697 0.173744 3.904 22 64 18809 18800 1 0 0 3 
-1.64799 5 1.47951 -0.112246 -0.305593 -0.153807 4.06758 22 65 8297 8269 1 1.81046 1.81046 9 
-0.926601 5 -4.91554 0.00993507 -0.510153 0.0276598 3.93073 22 66 9351 9328 1 0.259426 0.259426 3 
-3.50492 5 -1.03157 0.245087 -0.433929 0.301522 3.88212 22 68 11585 11584 1 0 0 4 
3.29414 -4.02039 5 0.146683 -0.467435 -0.145286 4.08831 22 69 6237 6209 1 0 0 3 
0.327371 4.57954 5 -0.106907 -0.253927 -0.0266262 4.03886 22 70 36543 36522 1 0.0757085 0.0757085 2 
-3.17717 -3.54093 5 -0.00447559 -0.136247 -0.201701 4.10924 22 71 13021 13020 1 0.243259 0.243259 12 
-5 -3.50946 1.73044 0.52386 -0.118957 0.0134088 3.89069 22 73 1788 1743 1 0.150852 0.150852 5 
-5 2.6551 -3.9962 0.102489 -0.0665439 -0.407153 4.20913 22 74 30808 30806 1 0 0 3 
-4.29367 3.47924 5 0.247441 -0.0616001 -0.0270181 3.97046 22 75 10298 10118 1 0.288794 0.288794 16 
-4.92428 5 0.423322 0.000803281 -0.338071 -0.196035 3.94353 22 76 9184 9151 1 0.323147 0.323147 10 
-5 2.32597 3.82951 0.28658 -0.56237 0.18669 3.9469 22 77 32520 32463 1 0 0 3 
-5 -1.47301 -2.67315 0.077189 -0.689592 -0.176835 3.96118 22 78 3209 3188 1 0 0 3 
-5 -1.03111 -3.52843 0.238468 -0.25958 0.231781 3.86425 22 79 40937 40866 1 0.245533 0.245533 2 
-4.68753 5 -1.24476 0.357319 -3.06088 -0.225049 3.90371 22 80 18481 18450 1 0.342501 0.342501 27 
-5 1.18096 -3.83701 0.250988 -0.0784278 0.118895 3.89091 22 81 31013 30975 1 0.0601277 0.0601277 3 
1.49092 5 -4.99014 -0.02218 -0.106645 -0.152755 3.94397 22 82 7816 7565 1 0 0 2 
4.17076 -5 4.31814 -0.0114017 0.0303742 -0.00860916 4.12594 22 83 8563 8556 1 0.03332 0.03332 16 
4.73686 5 -3.6747 0.0229356 -0.430172 0.440076 3.84824 22 84 29572 29561 1 0 0 1 
0.881056 5 0.138932 0.196347 -0.270124 0.474072 3.85211 22 86 26304 26249 1 0 0 3 
-1.01924 4.76929 -5 0.724026 -1.0162 0.902269 3.87472 22 90 31119 31081 1 0.0989205 0.0989205 3 
2.04914 5 -2.17786 1.14643 -2.03134 1.69116 3.84533 22 91 21608 21607 1 0 0 1 
-1.49268 4.81258 -5 -0.0212597 -0.478474 0.498827 3.92645 22 92 5020 5019 1 0.510684 0.510684 22 
-2.8159 5 3.75093 0.152833 -0.286485 -0.136934 3.96375 22 93 28526 28509 1 0.158394 0.158394 16 
4.05898 1.3875 -5 0.0914771 -0.144548 0.295341 3.83782 22 94 18411 18308 1 0 0 4 
-5 -3.51756 -0.689082 10.3867 -14.9864 6.11874 3.84615 -11 95 13438 13437 1 3.73396 3.73396 46 
-3.12734 5 4.32878 0.751142 -0.384028 0.332034 3.85389 22 96 4065 3981 1 0.707069 0.707069 41 
-5 0.453597 -4.45046 0.267802 -0.603538 0.572808 3.86761 22 97 8895 8772 1 0 0 3 
3.34664 5 -3.75001 0.383533 -0.333158 -0.0550281 3.92389 22 98 35229 35187 1 0 0 2 
-4.66382 4.02062 -5 1.70703 -3.10394 4.66341 3.81981 22 99 3371 3265 1 3.40041 3.40041 88 
-5 2.94666 -0.915998 0.322913 -0.326671 0.223906 3.86596 22 100 11530 11529 1 0 0 1 
3.9108 -2.03473 -5 0.104617 -0.137714 0.332086 3.88474 22 101 7799 7770 1 0.172426 0.172426 4 
-1.9077 5 4.75802 0.0475007 -0.281476 0.443689 3.8531 22 102 14557 14248 1 0.209165 0.209165 33 
2.63942 5 -2.55292 1.03553 -1.5281 0.222286 3.88894 22 103 19521 19431 1 0 0 3 
-3.04373 5 1.76537 0.153743 -0.234828 -0.331441 4.26778 22 104 24025 24024 1 0 0 2 
-0.35753 3.6001 5 0.164388 -0.387282 -0.290015 4.12964 22 105 24659 24658 1 0 0 3 
-5 4.12897 3.18856 0.329214 -0.574446 0.0723523 3.92635 22 106 31247 31215 1 0.442194 0.442194 3 
-5 0.564353 0.620939 1.74355 -4.69192 3.81102 3.88447 22 108 13798 13796 1 0 0 3 
-5 -2.33716 1.15215 0.425558 -0.110436 0.260431 3.88872 22 109 11600 11599 1 0.510673 0.510673 20 
-1.72987 5 1.93385 -0.132626 -0.192751 0.0964288 3.9362 22 110 13883 13821 1 0.215811 0.215811 6 
3.30626 5 -2.10025 1.47189 -4.14901 -3.70144 4.06295 22 112 41519 41505 1 0.61682 0.61682 5 
-5 3.32665 -0.071302 0.326645 -0.173856 0.159777 3.9382 22 115 2797 2796 1 0 0 2 
-2.81805 3.53064 -5 4.02726 -7.05206 13.1812 3.81856 22 117 17755 17472 1 6.58712 6.58712 28 
2.33131 1.35836 5 -0.0818998 -0.226139 -0.0848039 4.01823 22 118 6881 6508 1 0 0 2 
-1.98431 5 2.68957 -0.000657604 -0.509799 0.210306 3.85736 22 120 11219 11192 1 0 0 3 
-3.72992 5 -1.36296 -0.0126824 -0.509149 -0.0415436 3.94581 22 121 16972 16971 1 0.169539 0.169539 31 
-4.17651 2.7542 5 0.0608681 -0.0938668 -0.227007 3.96079 22 122 11404 11401 1 0.0327364 0.0327364 2 
-2.5247 5 -0.786548 0.0139325 -0.351621 -0.238599 4.00402 22 123 9439 9411 1 0 0 6 
-5 -3.02884 0.0852497 0.208231 -0.111095 -0.220409 4.02566 22 124 31274 31220 1 0.376876 0.376876 34 
2.74436 5 -1.64766 0.468245 -0.938178 -0.634562 4.05352 22 125 8060 8059 1 0.185531 0.185531 4 
-5 3.07541 3.81884 0.211658 -0.515322 -0.0420943 3.97061 22 126 6513 6420 1 0 0 6 
-5 3.43606 0.300098 0.128342 0.0418516 -0.169509 3.9168 22 127 17157 17047 1 0.216314 0.216314 26 
-5 -0.667152 -1.92155 0.352678 -0.248744 0.0075553 3.97317 22 128 14907 14857 1 0 0 1 
1.72971 5 -0.525701 3.9669 -6.64333 -0.592428 3.91817 22 129 27823 27822 1 0 0 2 
-1.42309 5 3.42676 0.595376 -1.02571 0.323499 3.90457 22 130 15808 15806 1 0 0 2 
-5 -0.903018 -4.68069 0.777653 -2.48328 0.473575 3.91819 22 131 24154 24126 1 0 0 1 
-5 2.95001 4.45692 0.487022 -0.351871 -0.0800094 3.9057 22 132 35623 35579 1 0.933607 0.933607 16 
-2.70242 4.15126 -5 0.751809 -1.04642 0.785704 3.87662 22 133 1296 1241 1 1.17537 1.17537 11 
2.15339 5 1.46924 0.632633 -1.81137 1.6183 3.86477 22 135 42638 42496 1 0 0 1 
-5 -0.237003 4.48576 0.25998 -0.419241 0.133292 3.93979 22 136 16397 16367 1 0.209139 0.209139 22 
0.953389 5 3.66462 0.199857 -0.37399 -0.128744 4.02489 22 137 33497 1 1 0 0 1 
-1.3326 5 -0.548151 0.788203 -1.34642 2.60593 3.83667 22 138 1819 1 1 0 0 3 
-2.61015 5 -0.836087 0.195104 -0.563191 0.148401 3.91857 22 139 24618 24507 1 0.613887 0.613887 20 
-5 4.8117 1.07244 0.258153 -0.384372 0.216184 3.91641 22 140 35233 35232 1 0 0 1 
3.94485 5 -0.884231 0.24775 -0.446813 0.00989107 3.92377 22 141 16195 16191 1 0 0 1 
-1.52083 5 3.91454 0.241076 -0.514673 0.83839 3.86029 22 142 25790 25176 1 0 0 3 
-5 -0.634934 3.14406 0.189081 -0.255655 -0.400011 4.11176 22 143 4223 4220 1 0 0 2 
-2.1108 -4.42233 -5 0.333942 -0.496803 0.816513 3.84919 22 144 33747 33601 1 0 0 1 
3.2541 2.8664 5 0.17332 -0.269092 -0.290047 4.16145 22 146 16318 16317 1 0 0 2 
0.649468 5 2.80003 -0.024104 -0.50307 -0.0863702 4.01133 22 147 12691 12690 1 0.406607 0.406607 22 
-5 0.738697 1.18411 0.0928517 0.0347108 0.0865531 3.86148 22 148 5989 5988 1 0.131353 0.131353 15 
-5 1.44803 -1.02375 0.0326757 -0.173092 -0.168795 4.03848 22 149 42561 42133 1 0 0 1 
3.30238 2.57839 5 1.52575 -3.66876 -1.39988 4.00965 22 150 4132 4084 1 0.262966 0.262966 18 
-5 4.9147 -2.69083 1.16108 -1.62369 2.25941 3.8327 22 152 7736 7735 1 2.2377 2.2377 28 
3.28967 5 -1.32503 0.356119 -0.4442 0.470993 3.85963 22 153 36507 36424 1 0.648722 0.648722 36 
-3.67936 5 -3.32297 0.240142 -0.289992 0.108378 3.8725 22 154 5910 5769 1 0 0 2 
2.36786 4.83537 5 -0.165469 -0.220834 -0.0536953 3.94158 22 155 15043 15042 1 0.57586 0.57586 65 
-3.55899 -3.2994 5 0.261558 -0.165563 -0.312774 4.13284 22 157 12687 12686 1 0 0 2 
-4.56539 5 0.124302 0.356918 -0.469688 0.147271 3.89304 22 159 6651 6630 1 0.344868 0.344868 5 
4.26653 5 -2.58256 1.81302 -3.87387 -3.17434 4.02101 22 160 3710 3709 1 0 0 5 
-5 -0.692576 -1.16495 0.114329 -0.560859 0.189287 3.95073 22 161 16880 16819 1 0 0 3 
-5 -0.38422 -2.92683 0.324144 -0.274547 0.015687 3.89233 22 162 35273 34697 1 0 0 2 
-5 -3.20549 -4.04828 0.313758 -0.329476 -0.232639 4.01795 22 163 34063 34062 1 4.98761 4.98761 27 
-3.09527 4.41235 -5 0.337806 -0.705477 1.03054 3.81802 22 165 2329 2287 1 0 0 4 
0.434601 5 3.70143 0.193714 -0.188242 0.0665381 4.17897 22 166 24205 24204 1 0.0681599 0.0681599 26 
-2.32938 0.80414 -5 0.633254 -0.794386 2.7024 3.80433 22 167 8284 8230 1 0.227295 0.227295 34 
-4.77806 5 -3.04546 0.130315 -0.359334 0.306924 3.86649 22 168 9679 9242 1 0.0869779 0.0869779 4 
-4.93803 5 1.13698 0.109614 -0.235946 0.286803 3.84675 22 169 5847 5537 1 0 0 7 
3.59892 3.44038 -5 0.161653 -0.157504 0.867421 3.82805 22 170 8260 8204 1 0 0 2 
4.82259 -5 -3.08055 -0.0708454 0.115614 0.108615 3.92461 22 171 2605 1684 1 1.0973 1.0973 23 
-5 -0.191776 -3.18605 0.109218 -0.409504 0.283316 3.86321 22 173 29792 29738 1 0 0 2 
-2.52318 5 2.57198 0.136165 -0.728322 0.478598 3.8715 22 174 6013 5949 1 0.100422 0.100422 5 
-1.06378 5 4.95363 0.328568 -0.250342 0.300819 3.87486 22 176 38360 38340 1 0 0 2 
-0.998649 5 -2.81376 0.28582 -0.391665 0.161323 3.87693 22 177 4252 4251 1 1.02157 1.02157 35 
1.9894 5 3.64647 -0.114927 -0.492945 0.362122 3.86409 22 178 1869 1852 1 0 0 4 
-5 -2.56047 -0.49236 0.253838 -0.441953 0.0369263 3.94442 22 179 4583 4582 1 0 0 3 
-3.08731 5 4.02806 0.840022 -2.57072 1.24317 3.89196 22 180 21252 21178 1 0.188971 0.188971 7 
4.61132 5 -1.90656 -0.114686 -0.23577 0.0907137 3.93683 22 181 14771 14685 1 0.121971 0.121971 5 
-2.72472 5 1.87392 0.0882674 -0.532934 -0.407573 3.98511 22 182 12959 12932 1 0.948989 0.948989 48 
-4.64916 5 1.88504 0.698622 -1.00835 0.344874 3.91557 22 183 41235 41194 1 1.09269 1.09269 51 
-5 -0.496907 -4.0733 0.314092 -0.334941 -0.301781 4.01635 22 184 2017 2016 1 0.3818 0.3818 12 
3.9485 5 0.26067 0.164247 -0.397729 0.245419 3.88113 22 185 18203 18202 1 0.0474317 0.0474317 6 
4.81976 5 2.86975 0.289511 -0.663585 0.396484 3.90493 22 186 22753 20134 1 0 0 1 
1.48028 5 4.44296 0.180857 -0.464139 -0.113953 3.97874 22 187 11573 11537 1 0.226006 0.226006 8 
1.99209 -2.66593 5 0.135635 -0.0347318 -0.241981 4.16853 22 189 3061 2912 1 0.926719 0.926719 45 
-2.539 5 -0.194795 0.182878 -0.286685 0.0216169 3.89912 22 190 25064 25006 1 0.176617 0.176617 5 
-3.87627 5 -4.22355 3.30535 -7.90976 7.8234 3.83709 22 191 3558 3481 1 0.194403 0.194403 6 
2.62325 5 0.479553 0.24449 -0.245345 0.219648 3.8521 22 192 19846 19659 1 0 0 1 
-0.879906 5 -2.09682 -0.0423764 -0.336299 0.382397 3.85932 22 193 38757 38738 1 0 0 1 
-5 0.771905 -0.582347 0.114726 -0.287932 0.407106 3.84887 22 194 8430 8320 1 0 0 3 
2.26391 5 -3.28298 0.903623 -1.13604 1.24591 3.84926 22 195 25874 25775 1 0 0 1 
4.81837 2.41713 5 0.116753 -0.317751 -0.0623764 4.0379 22 196 2099 2098 1 0 0 3 
0.470722 5 -3.70962 0.367589 -0.57414 0.60557 3.85309 22 197 41890 41763 1 0 0 1 
3.32279 -1.05436 5 0.152974 -0.454403 -0.17674 4.06581 22 198 35006 34991 1 0 0 4 
1.49979 4.12434 -5 2.84906 -3.64298 10.9061 3.80836 22 199 5867 5571 1 0 0 3 
1.96138 5 -3.75707 0.231513 -0.399866 0.218241 3.88487 22 200 9926 9903 1 0.561401 0.561401 21 
0.491004 -0.673514 -5 -0.00115453 -0.415194 0.190906 3.88822 22 201 2360 2358 1 0 0 2 
5 -2.61724 4.4961 -0.236032 -0.434049 -0.130423 3.94298 22 202 3114 3113 1 0 0 1 
-5 3.08332 -4.32692 0.175527 -0.0752225 -0.0877418 4.2596 22 203 15992 15967 1 0.32913 0.32913 28 
1.54054 -1.4648 5 0.0976578 -0.0814855 -0.494917 4.13439 22 204 5102 5101 1 0.188089 0.188089 13 
-4.36353 -0.113114 -5 1.25069 -2.23161 3.61067 3.82337 22 205 17536 17505 1 0 0 1 
-2.87171 -0.138786 -5 0.235158 -1.01479 1.63319 3.8273 22 206 29427 29222 1 0 0 1 
-4.68741 -1.53575 5 0.06473 -0.0599905 -0.217101 3.91939 22 207 16537 16209 1 0 0 1 
-3.17135 -4.79948 -5 0.157635 -0.392716 0.286435 3.87971 22 208 10040 10039 1 2.1801 2.1801 7 
2.82165 5 -1.11831 0.332257 -0.378881 0.0846996 3.96218 22 209 30564 30563 1 0.279005 0.279005 2 
-5 -4.46946 2.85218 0.371953 -2.61841 1.37445 3.90118 22 210 21022 21000 1 0 0 4 
1.77433 0.292296 5 -0.0429251 -0.301771 -0.16176 4.03805 22 211 1769 1538 1 0.34461 0.34461 33 
-5 4.86772 3.26079 0.0772065 -0.237924 -0.0217555 3.91095 22 212 2196 2195 1 0.250643 0.250643 30 
-4.62344 5 -2.1243 0.457793 -1.0567 2.48966 3.82454 22 213 22353 22352 1 0.441078 0.441078 12 
2.16354 2.94061 5 0.263573 -0.405781 -0.16429 4.06027 22 214 1125 1124 1 0.163781 0.163781 13 
5 0.0226256 3.91716 -0.0985274 -0.190033 0.167043 3.96186 22 215 4053 4033 1 0 0 4 
-5 4.14929 -4.65464 0.694124 -0.209318 -0.459798 4.11152 22 216 8696 8695 1 0.242342 0.242342 5 
4.66799 5 1.02947 0.226171 -0.374216 -0.0268295 4.03076 22 217 24018 24017 1 0.072408 0.072408 2 
-5 0.721549 -1.81876 0.156968 -0.373711 0.311161 3.86372 22 218 6423 6400 1 0 0 5 
-4.88858 5 -3.09693 0.363635 -0.365118 -0.662781 4.16146 22 219 21655 21625 1 0 0 2 
-5 -1.03909 -1.01723 0.289678 0.0580951 -0.242705 3.91473 22 220 21941 21720 1 0 0 6 
0.726002 5 -2.40047 2.02561 -2.39258 1.34371 3.89759 22 224 29913 29912 1 0 0 2 
-3.22499 2.8105 5 0.192852 -0.292686 -0.27565 4.15667 22 225 5100 5099 1 0.445587 0.445587 23 
-1.19619 5 1.74 0.136226 -0.444985 -0.211071 4.11627 22 226 4255 4222 1 0.174964 0.174964 3 
4.30618 2.58614 -5 0.341965 -0.294661 0.598586 3.82272 22 227 6892 6782 1 0.142997 0.142997 9 
4.25407 5 4.3738 3.16634 -6.43241 5.25526 3.86636 22 228 11482 11455 1 0.816314 0.816314 38 
-5 0.0140837 2.22836 0.34877 -1.09317 0.84084 3.87834 22 229 7497 7428 1 0.933898 0.933898 55 
-5 -1.91183 -0.913266 0.602349 -0.564531 -0.621687 4.12168 22 230 7100 7073 1 0.406588 0.406588 2 
-4.28302 5 -2.44962 -0.0228895 -0.231873 -0.00759713 3.91618 22 231 26173 25749 1 0.232896 0.232896 21 
-3.33942 5 -4.83317 0.571625 -0.98385 -0.744581 4.10213 22 232 2986 2985 1 0.265638 0.265638 34 
-1.21813 4.86146 5 0.0642208 -0.28521 -0.419107 4.0859 22 233 10987 10986 1 0.157279 0.157279 7 
-2.59126 5 -0.472047 0.0853356 -0.326766 0.0319757 3.93882 22 234 5693 5610 1 0 0 5 
-0.188882 -2.06559 5 0.0474339 -0.371424 -0.347727 4.19046 22 235 6546 6545 1 0.0143556 0.0143556 4 
1.40068 3.06391 5 0.061915 -0.0134451 -0.272406 3.94055 22 236 3816 3719 1 1.72105 1.72105 18 
-0.791594 5 1.10977 1.053 -1.59045 2.52545 3.85132 22 237 26252 26204 1 0.161922 0.161922 20 
2.30201 -1.39987 5 0.187218 -0.13524 -0.115575 4.02781 22 239 15769 15742 1 0.475617 0.475617 6 
4.35664 5 -4.32574 0.0245439 -0.401941 0.0804361 3.89435 22 241 11989 11926 1 0 0 3 
-5 -1.26872 1.11431 0.510411 0.0153816 -0.0190849 3.92196 22 242 21497 21461 1 0 0 1 
-5 2.59247 4.51898 0.361411 -1.60813 -0.36497 3.97548 22 243 11284 11222 1 0 0 1 
-1.62396 5 -4.34684 0.166755 -0.482674 0.0184075 3.94517 22 244 3109 3072 1 0.103534 0.103534 6 
-0.028629 -5 4.85978 -0.226834 0.0349029 0.0103647 4.14412 22 245 18218 18176 1 0.229161 0.229161 35 
0.943098 -4.17179 5 -0.0190415 0.0221783 -0.00569814 3.98365 22 246 23544 23530 1 0.351567 0.351567 17 
0.120818 5 2.87646 0.272527 -0.279996 0.021393 3.9968 22 247 15040 15038 1 0 0 1 
-4.91989 5 -0.60781 0.20723 -0.26393 0.676726 3.82884 22 248 37984 37816 1 0 0 3 
1.46077 3.83756 5 0.0137217 0.263892 -0.0402971 4.01484 22 249 27604 27603 1 0 0 3 
4.75779 5 0.304818 0.46512 -0.17083 -0.110096 4.29585 22 250 4599 4597 1 0.244404 0.244404 31 
-5 1.55574 4.87422 3.26311 -4.04328 -2.84002 3.98817 22 251 10672 10671 1 0 0 1 
-3.82269 1.27659 -5 0.253751 -0.270468 0.388326 3.84142 22 252 2755 2754 1 0.271229 0.271229 4 
4.25014 5 -3.06746 0.0730773 -0.0724578 -0.329852 4.20132 22 253 8423 8422 1 0.343459 0.343459 29 
-4.68302 4.37656 5 0.0979512 -0.202254 -0.184262 4.11171 22 254 13160 12628 1 0.0781275 0.0781275 4 
-2.66029 -3.94889 -5 -0.0478524 -0.0867087 0.228655 3.84088 22 255 37366 37251 1 0 0 1 
4.68752 5 -3.52647 0.667568 -0.74226 0.428555 3.89108 22 256 2379 2216 1 0.11196 0.11196 31 
1.01795 0.370539 5 0.422511 -0.0736592 -0.27781 3.89658 22 257 16045 16014 1 0.857887 0.857887 4 
-4.48078 5 -1.58231 0.173416 -0.0536364 0.186013 3.90919 22 258 1349 1232 1 0.111315 0.111315 2 
-1.97564 5 3.25623 0.781418 -1.14377 0.250934 3.96184 22 259 3421 3303 1 0 0 2 
3.58812 3.04203 5 -0.0710322 -0.266722 -0.167242 3.9804 22 260 14321 14276 1 0.584018 0.584018 61 
-0.411418 5 -4.21966 0.219662 -0.186928 0.168182 3.92191 22 261 29150 29149 1 0 0 1 
-2.90354 5 -3.10184 -2.7046 -8.77232 -0.752418 3.85016 11 262 1140 1042 1 9.02181 9.02181 43 
-5 4.40813 -0.687117 0.372493 -2.31172 -0.636472 4.05535 22 263 24920 24766 1 0 0 2 
1.59255 5 4.18797 0.103409 -0.315019 0.0034745 3.92411 22 264 9983 9866 1 0 0 4 
0.300427 5 2.98717 0.0672647 -0.619975 -0.000257713 3.90748 22 265 1465 1416 1 0.183319 0.183319 3 
-5 -0.174324 -0.570422 0.0827699 -0.231089 0.448182 3.85844 22 267 31963 31962 1 0 0 2 
-2.94961 5 -3.85365 0.744176 -1.9187 2.47989 3.85178 22 268 19693 19605 1 0 0 2 
4.92492 5 -4.82846 0.533658 -0.771492 -0.169491 3.8656 22 269 9851 9815 1 0 0 2 
-5 -2.97465 4.61639 11.4341 -12.1836 7.4561 3.96637 22 271 6447 6446 1 0 0 4 
2.14217 5 1.74358 0.23943 -0.4853 0.595325 3.9336 22 272 7650 7586 1 0 0 2 
-0.626653 -4.19819 -5 -0.0352894 0.122369 0.145349 3.95684 22 273 44142 44141 1 0.193056 0.193056 14 
3.56761 0.229102 5 0.237741 -0.376003 -0.251437 3.99995 22 274 5680 5677 1 0.0433646 0.0433646 5 
2.78223 5 -2.92865 0.0922774 -0.479272 -0.151338 3.97477 22 275 1210 1208 1 0.278419 0.278419 16 
-5 -1.7527 4.43101 0.115746 -0.154205 0.123235 3.94907 22 276 1168 1 1 0.73911 0.73911 46 
-2.81217 5 4.43324 -0.302726 -0.390231 0.514187 3.87254 22 277 3889 3794 1 0.548154 0.548154 78 
1.61375 5 4.07977 -0.0864808 -0.184454 0.0216875 3.89761 22 278 3215 2849 1 0.40231 0.40231 34 
-4.15252 5 -0.588713 -0.198564 -0.161998 -0.0244554 3.88946 22 279 9919 9897 1 0.414966 0.414966 33 
0.401641 -3.07548 -5 0.148781 -0.209387 0.0545805 3.91997 22 280 15278 15277 1 0 0 4 
-2.66707 5 3.00594 0.235336 -0.390582 0.230614 3.92729 22 281 15272 15250 1 0.187437 0.187437 45 
-3.35104 -1.7818 -5 0.730545 -2.19579 0.610219 3.91069 22 282 1227 1 1 0.0684481 0.0684481 5 
-1.19891 -4.93906 5 0.0504687 -0.125552 -0.216391 4.00479 22 284 4736 4413 1 0 0 3 
4.82374 5 3.0238 0.458204 -0.69298 1.37795 3.84828 22 285 21595 20208 1 0 0 4 
-5 4.78845 -0.118398 0.380662 -0.240474 -0.241638 4.0305 22 286 6908 6906 1 0.510119 0.510119 59 
-0.428019 5 0.228846 0.225576 -0.246405 0.435106 3.84449 22 287 17131 16516 1 0 0 3 
1.77779 5 3.73895 -0.200317 -0.0223047 0.0488318 3.93976 22 288 18313 18280 1 0 0 2 
-5 -4.77089 2.72522 0.350934 -0.104419 0.162137 4.05308 22 289 31791 31790 1 0.372395 0.372395 33 
-5 -0.398608 -1.66893 0.283521 -0.345521 -0.247692 4.10956 22 290 4950 4949 1 0 0 2 
2.62187 5 -2.15475 0.115953 -0.719578 0.205926 3.83628 22 291 7481 7480 1 0 0 2 
-5 -0.988391 -1.78397 0.30864 -0.694017 0.394868 3.87541 22 292 37079 37046 1 0 0 2 
4.08992 5 2.6996 0.436562 -1.10164 -0.369935 4.06569 22 293 1655 1621 1 0.279405 0.279405 17 
-4.85946 5 3.40286 0.226978 -0.346245 -0.28003 4.11058 22 294 13126 13125 1 1.8585 1.8585 53 
3.00621 -3.03704 5 0.104465 -0.218778 -0.31529 3.96655 22 295 7292 7267 1 0 0 2 
3.52775 4.46296 -5 0.955464 -1.65605 1.92871 3.84786 22 296 4673 4672 1 0 0 5 
3.85935 5 -2.78291 0.11677 -0.101863 -0.236845 4.02009 22 297 5219 5218 1 0 0 8 
-5 4.89035 2.13381 0.197347 -0.462411 -0.0913803 4.0263 22 298 11550 11549 1 0.510664 0.510664 24 
2.00475 5 -4.32971 0.189634 -0.263204 0.14062 3.95236 22 299 3527 3526 1 0 0 2 
-4.70148 2.01134 -5 -0.0554989 -0.24581 0.286713 3.99748 22 300 29329 29328 1 0 0 1 
-2.85629 5 -3.7238 0.0896405 -0.55852 0.53427 3.84838 22 301 1365 1333 1 0 0 6 
-5 -2.35703 -1.27809 0.261406 -0.979694 0.890542 3.86824 22 302 19690 19638 1 0 0 1 
4.94627 5 -3.35021 0.461185 -0.812621 0.549999 3.86707 22 303 4464 4453 1 0 0 1 
-5 -0.333172 1.68279 0.107708 -0.258996 0.42713 3.85482 22 304 23167 23166 1 0 0 1 
-1.49262 5 3.10319 0.621156 -1.1751 -0.467209 4.02907 22 305 7347 7346 1 0 0 1 
-3.91868 5 -4.51547 0.462487 -1.23177 1.1521 3.85301 22 306 5001 4940 1 0.188091 0.188091 3 
-3.4623 -3.39859 -5 0.273263 -1.15307 2.13368 3.82442 22 307 5796 5778 1 0 0 9 
-4.40065 4.87067 5 0.169279 -0.219518 -0.23728 4.04918 22 308 12198 11459 1 0.619554 0.619554 66 
-1.59495 5 4.79672 1.17588 -2.04427 2.54517 3.87245 22 309 6820 6749 1 0 0 3 
0.122208 5 1.70491 0.24828 -0.441469 -0.0676933 3.93428 22 310 6944 6904 1 0 0 4 
4.65447 5 0.345997 0.174861 -0.260715 -0.403201 4.14991 22 311 6011 6010 1 0.0273114 0.0273114 8 
-3.27349 0.255375 -5 0.448323 -0.0277026 0.243637 4.12919 22 312 21750 21749 1 0.0214666 0.0214666 6 
-5 3.98843 -3.00356 0.398798 -0.519935 -0.223138 4.02599 22 313 29785 29695 1 0.00565462 0.00565462 22 
-1.05713 5 4.21095 0.433212 -0.257954 -0.0831062 3.91453 22 314 2830 2829 1 3.05862 3.05862 62 
2.378 5 1.29468 0.340255 -0.238365 0.0584502 4.08661 22 317 2481 2451 1 0 0 6 
1.38627 5 4.01644 0.0363226 -0.711165 0.432686 3.87473 22 318 19530 19305 1 0.194756 0.194756 33 
1.05829 3.93594 -5 0.139719 -1.26451 1.50778 3.84168 22 319 6359 6275 1 0 0 3 
-3.38772 5 4.39565 1.05277 -2.60687 -0.021863 3.9529 22 320 10721 10720 1 0 0 1 
2.19237 5 2.71193 0.113838 -0.881129 0.489764 3.88841 22 321 2719 1 1 0 0 1 
-4.76253 5 -1.12909 0.189842 -0.484747 0.302158 3.85942 22 322 11790 11372 1 0.376631 0.376631 5 
2.6298 5 -4.3154 -0.113561 -0.36166 -0.152681 4.04996 22 323 27205 27181 1 0 0 1 
1.82649 5 -1.64722 1.14273 -1.29599 3.87916 3.82673 22 324 24922 24492 1 0 0 2 
3.18938 5 -3.14259 0.56045 -0.604907 -1.34367 4.17738 22 325 9096 9083 1 0 0 1 
4.44425 5 -3.29899 0.0941185 -0.353452 0.211752 3.86044 22 327 22462 22440 1 1.70811 1.70811 8 
0.913048 0.436354 -5 0.0254527 -0.333978 0.0716167 4.02319 22 328 39773 39771 1 0.341942 0.341942 34 
-0.899522 5 1.32535 -0.0516879 -0.136535 -0.100168 4.12054 22 329 1185 1184 1 0.176557 0.176557 38 
0.86058 5 -1.6043 0.212583 -0.378508 -0.269555 4.10406 22 330 6311 6310 1 0.627674 0.627674 23 
4.85936 -2.20046 -5 0.550507 -0.663067 1.29123 3.84477 22 331 2252 2201 1 1.6154 1.6154 8 
-2.73569 5 -0.126849 0.00105703 -0.461484 -0.0298398 3.93651 22 332 43906 43658 1 0.255041 0.255041 3 
-1.22532 4.74874 -5 0.456447 -0.648503 0.340447 3.87826 22 333 9151 8352 1 0 0 3 
-2.7028 5 -1.70163 0.331058 -0.532626 0.331808 3.88845 22 334 24657 22365 1 0.222047 0.222047 19 
-4.19371 5 -3.02589 0.121104 -0.353519 -0.123321 3.98416 22 335 24469 24468 1 0 0 2 
-4.82408 5 -0.303099 0.356869 -0.911305 0.645679 3.89541 22 336 41767 41664 1 0 0 1 
-4.82745 5 1.67286 0.0965979 -0.355783 0.353847 3.862 22 337 3774 3773 1 0 0 5 
3.37571 5 -1.57745 0.0820816 -0.465933 -0.193104 4.10045 22 338 28146 28119 1 0 0 1 
-5 3.14858 3.16785 0.148147 -0.324524 0.365864 3.87976 22 339 2696 2677 1 0.172751 0.172751 23 
1.89788 4.34927 -5 0.659115 -1.13369 1.0259 3.83538 22 340 30672 30525 1 0.11944 0.11944 5 
-3.29017 1.50499 -5 2.30562 -4.69354 7.67203 3.82457 22 341 38156 38055 1 0 0 4 
-5 -2.1562 2.4233 0.111653 -0.399381 -0.298577 4.03048 22 343 4781 4753 1 0 0 2 
-4.62258 3.96151 5 0.114063 -0.102648 -0.394048 4.14193 22 344 24943 24896 1 0 0 6 
-2.78363 3.77402 -5 0.513319 -1.28188 1.82443 3.82959 22 345 10336 10215 1 0 0 5 
0.586291 -1.40918 -5 0.219242 -0.247503 0.0175687 3.88964 22 346 14010 13837 1 0.546309 0.546309 45 
-0.735006 5 -2.39588 -0.323877 -0.348388 0.360475 3.92195 22 347 12988 12941 1 0 0 2 
-4.03813 3.30315 5 0.146941 -0.116143 -0.230306 4.23651 22 348 24911 24910 1 0.0428361 0.0428361 6 
-4.80739 2.08409 -5 -0.158096 -0.422408 0.104631 3.95941 22 349 49877 49853 1 0 0 1 
-0.879011 5 0.877483 0.046482 -0.397436 -0.317812 3.97457 22 351 9583 9580 1 0 0 4 
-4.726 3.3863 -5 0.07296 -0.341541 0.238829 3.84472 22 352 19076 18976 1 0 0 3 
-2.67256 3.93272 -5 -0.0877438 -0.284042 0.372028 3.83096 22 353 18378 18377 1 0 0 2 
-3.11682 -0.440054 5 -0.29863 -0.0389703 -0.412821 3.89697 22 354 3957 3956 1 0 0 5 
-4.46662 5 -2.75308 0.118915 -0.264261 -0.17525 4.14355 22 355 3955 3927 1 0 0 2 
-3.46862 5 2.83982 -0.0500168 -0.385685 0.248317 3.86657 22 357 5157 5156 1 1.12091 1.12091 23 
3.64134 5 2.84803 0.820128 -0.828879 0.319671 3.9231 22 358 33858 33813 1 0 0 1 
-1.35791 5 -0.812098 0.547346 -1.01999 1.32392 3.84775 22 359 1914 1 1 0.199935 0.199935 5 
-5 -2.20425 0.503888 6.03209 -14.0506 24.8166 3.84021 22 360 20652 20651 1 3.58674 3.58674 12 
2.11295 5 1.66469 0.711168 -1.17676 -0.415307 4.11121 22 361 7214 7211 1 0.250461 0.250461 17 
-1.16153 -2.9702 -5 0.853201 -1.62584 1.18866 3.87336 22 362 3180 3176 1 0.225511 0.225511 18 
-3.92324 0.628543 -5 0.162988 -0.414598 0.661093 3.90489 22 363 17906 17884 1 0.796853 0.796853 21 
-5 0.187667 3.98283 0.829622 -1.67937 -0.372263 4.00769 22 364 7981 7689 1 0 0 2 
-2.19319 4.02779 -5 0.368201 -0.643317 0.284234 3.88456 22 365 7417 7363 1 0 0 5 
-1.55618 -3.4374 5 0.0402191 -0.151506 -0.282645 4.03855 22 367 9037 9008 1 0 0 4 
-5 -4.71961 2.03755 0.415441 -0.495006 0.263689 3.90473 22 368 17754 17709 1 0 0 3 
-5 1.32489 2.38711 0.250446 -0.0476511 0.0359963 4.19663 22 369 1162 1161 1 0.257219 0.257219 18 
-5 2.91052 3.00027 0.0597588 -0.14959 -0.277062 4.08948 22 370 6792 6791 1 0.738061 0.738061 41 
4.55217 5 -1.38161 1.91166 -2.67214 -0.94839 3.9678 22 371 2842 2827 1 0.284577 0.284577 20 
3.51269 -2.85461 5 0.168808 -0.408887 -0.161064 4.15452 22 372 15273 15271 1 0 0 2 
-2.60584 5 0.767116 0.197466 -0.36709 -0.104866 4.06491 22 373 18459 18442 1 0.242015 0.242015 6 
-0.746782 4.25898 -5 0.110126 -0.371425 0.193607 3.86942 22 374 34561 33241 1 0.245923 0.245923 3 
2.56541 5 -3.64597 0.260571 -0.433144 -0.0748936 3.94698 22 375 8047 8027 1 0.258931 0.258931 28 
-1.06212 5 2.18597 0.10714 -0.340017 -0.146691 3.98827 22 376 26552 26530 1 0 0 1 
1.54264 -2.82505 5 1.332 -1.68947 -1.09129 4.11459 22 377 16647 16631 1 0 0 1 
-4.85051 0.429389 -5 1.12101 -3.09384 5.7136 3.81904 22 378 11358 11286 1 0.177495 0.177495 10 
-5 -3.86062 1.11342 0.493181 -1.38613 0.812661 3.92556 22 379 1001 1 1 0 0 1 
2.2273 5 -2.91267 -4.13786 -9.54577 7.33736 3.85087 11 380 10070 9648 1 5.7496 5.7496 61 
-5 -1.31487 3.66416 0.176483 0.064447 0.0994725 4.12374 22 381 50424 50390 1 0 0 1 
-3.70998 5 4.42267 0.0430541 -0.423017 -0.283412 4.12367 22 383 2769 2768 1 0.291239 0.291239 5 
3.68104 5 -4.49164 0.981316 -2.33232 3.68842 3.83461 22 384 19918 19855 1 0 0 1 
-2.02402 5 0.755268 0.292453 -0.334332 0.814792 3.83501 22 385 25134 24911 1 0.510272 0.510272 45 
5 -0.221668 -2.52078 -0.379106 -0.172091 -0.296282 4.02387 22 386 10097 10095 1 0 0 2 
-3.05349 5 0.948002 0.0714258 -0.272762 -0.0914609 4.10904 22 387 6579 6493 1 0.295893 0.295893 31 
3.91162 -0.887012 -5 0.240111 -0.343209 0.292701 3.8722 22 389 29492 29459 1 0.0567004 0.0567004 3 
0.91575 3.08691 -5 0.0202432 -0.0198732 0.00906594 3.85362 22 390 11629 11615 1 0.277275 0.277275 8 
-1.40748 -0.809377 -5 0.148894 -0.336549 0.354521 3.8586 22 391 13370 13359 1 0.311378 0.311378 32 
-5 -2.86578 3.45854 0.386183 -1.01996 0.751044 3.8785 22 392 14175 14119 1 0 0 1 
2.39253 5 2.45911 0.318158 -0.291069 0.784266 3.83588 22 393 1251 1233 1 0.621198 0.621198 11 
-0.569308 5 4.02245 0.359785 -0.491323 0.158245 3.91711 22 394 2744 1 1 0.541461 0.541461 44 
4.86061 5 3.67589 0.610336 -0.619094 0.241012 3.94682 22 395 9746 9707 1 0 0 2 
3.12973 5 0.211901 0.203034 -0.253004 0.186111 3.91206 22 396 9237 9236 1 0.764791 0.764791 65 
4.21419 5 3.86866 0.329274 -0.482174 0.0771892 3.93442 22 397 20871 20869 1 0 0 1 
-5 -0.382809 2.7838 0.27 0.0774038 0.00505193 3.90741 22 399 3153 1 1 2.12 2.12 54 
5 0.186323 -4.87219 -0.166295 -0.204204 -0.155999 3.99015 22 400 1908 1885 1 0.216656 0.216656 18 
3.90174 -4.35971 -5 2.07477 -2.48734 4.14575 3.84843 22 402 36647 36646 1 0 0 2 
-3.27392 5 -1.49386 0.31644 -0.616027 0.543261 3.84032 22 403 39924 39923 1 0.110324 0.110324 3 
-1.53461 5 1.55664 0.773324 -0.890395 0.204251 3.91343 22 404 18169 18103 1 0 0 1 
4.66605 5 2.75415 0.264798 -0.232237 -0.0360641 3.93187 22 405 9441 9316 1 0.420564 0.420564 4 
-0.573432 4.47028 -5 0.0553708 -0.26285 0.4347 3.86034 22 407 24916 24895 1 0 0 3 
-4.9294 -5 2.80887 0.0626593 0.00385163 -0.236135 4.2568 22 408 22658 22656 1 0 0 4 
-5 -3.74041 3.00978 1.06658 -2.35589 0.913102 3.91932 22 409 12066 11880 1 0.444033 0.444033 20 
-1.35695 -4.31314 5 0.180384 0.0938162 -0.388379 4.00364 22 411 23501 23461 1 0.230162 0.230162 5 
-5 1.45086 2.03701 0.267288 -0.402943 0.0282289 3.94444 22 412 6324 5754 1 0 0 3 
4.12983 5 2.34037 0.74637 -1.43765 0.307043 3.94584 22 413 18264 18241 1 0 0 1 
-0.538397 5 -1.24662 0.237027 -0.38418 0.700274 3.83719 22 414 5620 5560 1 0.266752 0.266752 5 
-5 0.894714 1.98292 0.179828 -0.357464 -0.22652 3.94101 22 415 5694 5633 1 0 0 3 
-2.14965 5 4.09641 0.250387 -0.200579 0.397737 3.89485 22 416 11304 11302 1 0 0 7 
-5 2.78403 -0.575714 1.0219 -2.38256 1.21033 3.89743 22 417 5941 5897 1 0 0 3 
4.43424 5 -0.429139 0.258812 -0.37235 -0.032541 3.96808 22 418 18896 18846 1 0 0 2 
-1.08475 -1.07411 -5 0.299801 -0.31247 0.182756 3.9108 22 421 7373 7347 1 0 0 5 
0.200803 5 -2.30269 0.166027 -0.433459 -0.0318401 4.14128 22 422 11333 11332 1 2.38587 2.38587 56 
3.65638 5 2.02308 0.494764 -0.945171 1.0088 3.86155 22 423 20565 20410 1 0 0 1 
1.48485 4.87645 -5 0.108427 -0.193086 0.386179 3.81763 22 424 38593 38581 1 0.444966 0.444966 16 
1.22388 -5 0.489515 0.339918 0.24511 0.378333 4.12205 22 425 16801 16800 1 0.0827684 0.0827684 5 
1.29461 -3.70233 -5 0.190891 -0.35391 0.357261 3.86581 22 426 7893 7830 1 0 0 1 
1.48634 5 2.90319 0.137355 -0.317232 -0.00588016 3.89432 22 427 14902 14835 1 0.984212 0.984212 67 
-2.24095 0.51339 5 0.157569 -0.314028 -0.371051 4.12176 22 428 15624 15623 1 0.178503 0.178503 36 
1.33484 5 -0.158366 0.189433 -0.212397 -0.424409 4.12575 22 430 17866 17840 1 0 0 5 
-5 2.25813 -2.94335 0.207848 0.0316603 0.00636312 3.98072 22 431 9721 9433 1 0.0338735 0.0338735 4 
0.766438 1.28089 5 0.122599 -0.0788919 -0.148452 4.19148 22 432 2161 1835 1 0.400628 0.400628 38 
2.31247 5 1.64862 1.79882 -1.69747 0.317891 3.90315 22 433 9201 9189 1 0 0 3 
2.73585 5 -2.98575 0.243778 -0.417373 -0.22159 3.9805 22 434 9649 9648 1 0 0 2 
3.51873 5 3.60519 0.0216109 -0.209446 -0.0571479 3.96487 22 437 6441 6175 1 0.0841245 0.0841245 4 
1.40995 5 1.84705 0.228267 -0.291361 -0.236476 4.15898 22 438 6838 6837 1 0.267644 0.267644 2 
-5 2.05732 -2.15157 0.0563325 -0.400121 0.058158 3.9137 22 439 12075 11675 1 0.37846 0.37846 19 
3.62947 5 0.748358 0.575783 -1.328 3.29115 3.83172 22 440 4197 4077 1 0.804495 0.804495 5 
-0.933983 5 -1.30169 0.467047 -0.728198 0.332186 3.89948 22 441 2896 2895 1 0 0 3 
3.46784 5 2.5384 0.357112 -0.647663 -1.05419 4.03937 22 442 6631 6630 1 0.212705 0.212705 3 
-4.69242 5 3.94193 -0.106756 -0.188901 -0.177167 3.98172 22 443 11001 10788 1 0.103162 0.103162 4 
-5 4.09027 -3.42481 0.200294 -0.51283 0.45144 3.8364 22 444 20828 19623 1 0.458825 0.458825 27 
-5 -3.10995 2.27186 2.50124 -4.31557 2.94238 3.87369 22 445 20546 20472 1 0 0 3 
1.1075 5 -1.94001 0.297514 -0.525677 0.338123 3.85613 22 446 16712 16502 1 0 0 3 
-0.558003 5 -2.81258 0.149476 -0.552588 -0.629633 4.13846 22 448 11163 11129 1 0.365181 0.365181 3 
-1.67123 5 4.58788 1.21007 -2.05984 1.47742 3.88881 22 449 22615 22551 1 0 0 2 
-2.73365 5 -4.61996 0.198353 -0.376512 0.115246 3.85677 22 450 6649 6188 1 3.37711 3.37711 65 
1.28339 5 -1.13234 3.25086 -4.14752 4.58489 3.86668 22 451 19761 19539 1 0 0 5 
-5 -1.49558 4.8307 0.0609486 0.162351 -0.0942059 3.91036 22 452 1071 1 1 0.39761 0.39761 61 
-5 2.60441 -2.886 0.0510134 -0.352459 0.0551517 3.92664 22 453 25315 25293 1 0.186591 0.186591 41 
5 -0.438465 -1.35056 -0.0577209 0.0312408 0.258841 3.91227 22 454 20760 20699 1 0 0 4 
2.7112 5 -3.7908 0.160205 -0.36018 0.325153 3.85587 22 455 10389 10388 1 0.0914612 0.0914612 5 
5 -3.31986 3.00822 -0.153422 0.0869398 -0.0705686 3.992 22 456 17053 17028 1 0.728706 0.728706 58 
2.77947 5 -0.781636 -0.189556 -0.244073 -0.40696 4.00779 22 457 5215 5194 1 0.293628 0.293628 24 
-2.17505 3.94502 -5 0.218247 -0.334902 0.464806 3.83869 22 458 4271 4175 1 0.0334695 0.0334695 15 
5 -0.204061 0.4068 -2.98091 -2.37513 2.12297 3.84508 -11 459 2513 2512 1 3.88163 3.88163 5 
-3.48016 5 4.5178 0.283202 -0.395468 0.156592 3.95081 22 460 6694 6693 1 0 0 2 
-1.31783 5 -1.61418 0.482185 -0.803789 0.964944 3.85218 22 461 2578 1 1 0 0 1 
-2.50874 5 -1.72886 0.594483 -0.447908 -0.582494 4.12532 22 463 21475 21474 1 0.741515 0.741515 3 
-5 -1.39255 2.82171 0.362326 -0.367741 0.61743 3.89317 22 464 8348 8347 1 0 0 6 
-2.14172 0.176959 -5 0.200002 -0.0564973 0.12299 4.27498 22 465 6861 6859 1 0.368069 0.368069 3 
-2.07938 5 4.94077 -0.00804575 -0.0778585 0.160269 4.05737 22 466 31261 29985 1 0 0 2 
5 -1.57514 3.39306 -0.306943 -0.246867 0.40403 3.87588 22 467 16646 16404 1 0 0 7 
3.285 5 2.39769 0.270171 -0.195008 -0.0183416 3.94132 22 468 17794 17793 1 0.200685 0.200685 5 
-1.51073 4.467 -5 0.355223 -0.344246 0.128184 3.92365 22 469 1187 1186 1 0.112944 0.112944 5 
1.31564 4.74342 5 0.725809 -0.991018 -0.568435 4.03298 22 470 4544 4503 1 0.216787 0.216787 16 
2.01861 5 -4.8111 0.354774 -0.34856 -0.123097 4.0312 22 471 13145 13078 1 0.240164 0.240164 27 
-5 3.41914 -4.75968 0.217162 -0.461572 -0.0301992 3.9297 22 472 11683 11642 1 1.532 1.532 41 
-1.42755 5 4.85616 0.78176 -1.57106 1.01637 3.88847 22 473 4646 4548 1 0 0 2 
-2.64044 -1.43859 -5 0.638228 -0.667465 3.13374 3.82499 22 474 42689 42538 1 0 0 2 
-3.25292 5 3.51566 0.394435 -0.509502 0.108934 4.00635 22 475 34303 34175 1 0 0 1 
-0.624094 -2.645 -5 0.169444 0.0047622 0.453477 3.85414 22 476 7677 1 1 0 0 4 
-3.49653 5 3.12903 0.103569 -1.01811 0.923101 3.89505 22 477 15040 14940 1 0 0 2 
0.907212 -0.0842355 5 0.221797 -0.184009 -0.421979 4.25256 22 478 19907 19905 1 0 0 4 
-2.84539 5 0.0951499 0.24554 -0.085116 0.300349 3.89416 22 479 20176 20175 1 0 0 2 
4.08701 4.96622 -5 0.144083 -0.158916 0.170549 3.93021 22 481 41651 41650 1 0 0 1 
3.43835 1.32995 -5 0.564096 -1.39542 0.650702 3.90761 22 482 5857 5856 1 0.300067 0.300067 3 
-0.403722 5 2.83988 0.239927 -0.450027 -0.0321037 4.002 22 483 14481 14480 1 0.316109 0.316109 4 
-2.30678 5 -0.594718 0.0795893 -0.41085 0.293237 3.89134 22 484 4720 4691 1 0 0 2 
-5 4.65713 1.61567 2.34436 -2.71843 -1.11404 3.93596 22 485 6364 6354 1 0.186342 0.186342 29 
-1.86891 5 -1.3102 0.34491 -0.690068 0.81961 3.86999 22 486 23571 23361 1 0 0 1 
3.66523 5 -0.857227 0.368634 -0.560071 -0.134439 4.94004 22 487 8992 8922 1 0 0 2 
-5 4.76 -4.07015 0.697413 -0.53778 1.0227 3.82203 22 488 2932 2737 1 0.170267 0.170267 7 
-4.64842 5 2.54581 3.49206 -11.0398 10.8992 3.86254 22 489 7917 7838 1 0.233116 0.233116 21 
-5 -2.22762 3.61718 0.268207 -0.398217 -0.174953 4.00879 22 491 21317 21316 1 0 0 3 
-3.42949 -0.587754 5 0.146283 -0.229041 -0.259401 4.04559 22 492 21754 21252 1 0 0 3 
0.56797 5 -0.166549 1.67562 -3.18173 2.13825 3.87394 22 493 11987 11966 1 0 0 4 
-5 0.755828 2.516 0.572218 -0.70146 0.661109 3.89544 22 494 31112 31040 1 0 0 2 
-2.82589 5 -4.00862 0.49707 -2.67441 3.29512 3.83645 22 495 15845 15844 1 0 0 3 
-0.501438 -2.51492 -5 -0.139718 0.0427673 0.0695348 3.90871 22 496 16447 16446 1 0.16161 0.16161 18 
-4.92122 5 -3.56241 0.108785 -0.290572 -0.0502139 4.00488 22 497 3031 1884 1 0.125181 0.125181 6 
1.73579 1.99871 -5 0.429766 -0.76583 1.10602 3.82342 22 498 18280 18127 1 0 0 6 
-3.4751 0.780176 -5 0.0307106 -0.13566 0.191825 4.19439 22 499 4124 4123 1 0 0 2 
2.79369 5 -3.55157 0.373317 -0.379387 -0.140633 4.03402 22 500 20741 20670 1 0 0 1 
-3.52526 5 0.187501 -0.0778952 -0.187556 0.101586 3.88162 22 501 49139 49132 1 0.0295003 0.0295003 17 
1.60374 5 3.74602 0.100022 -0.247628 0.146359 3.89419 22 502 1664 1356 1 0.303313 0.303313 27 
-5 -0.624321 -2.03588 0.246885 -0.199746 0.115114 3.9001 22 503 36616 36615 1 0.00487101 0.00487101 3 
2.76024 2.50974 5 0.159667 -0.424647 -0.235162 3.98699 22 504 26913 26912 1 0.183959 0.183959 3 
2.44086 5 3.72801 0.0974942 -0.689216 2.43936 3.83155 22 505 21973 21656 1 0 0 2 
-3.36168 5 3.1114 0.409895 -0.752723 0.634592 3.86838 22 506 12482 12466 1 0.51269 0.51269 4 
-5 -4.88213 0.397103 0.949787 -4.53668 2.6735 3.8854 22 508 12664 12608 1 0.421694 0.421694 47 
3.57479 5 2.68565 0.195026 -0.40197 0.680237 3.85292 22 509 27304 27003 1 0 0 1 
-5 -3.22647 4.78827 0.222628 -0.361649 0.143007 3.9448 22 510 19321 19260 1 0 0 1 
-0.34625 3.60379 5 0.363868 -0.328455 -0.144352 4.02447 22 511 9014 9011 1 0.176037 0.176037 13 
2.00468 5 4.55548 2.67652 -0.558986 -0.880113 3.99566 22 512 27414 27413 1 0.416371 0.416371 28 
-1.01484 -2.75707 5 0.229012 -0.315409 -0.33044 4.11014 22 513 16866 16864 1 1.04778 1.04778 6 
-4.32976 5 -1.73337 0.204262 -0.0624463 -0.0781267 4.02649 22 514 3405 3338 1 0.127291 0.127291 26 
3.68686 5 -1.0414 0.270738 -1.55236 -0.613627 3.95598 22 515 2883 2825 1 0.996605 0.996605 19 
4.61626 5 -1.44461 -0.0226897 -0.231706 0.166514 3.8686 22 516 1021 1 1 0.361078 0.361078 35 
-5 1.90054 2.26356 0.0310342 -0.216724 -0.446681 4.30976 22 517 9611 9609 1 0.000108575 0.000108575 6 
3.54611 -0.0175938 -5 1.11664 -2.86165 0.468635 3.88523 22 518 35725 35724 1 0 0 1 
-4.18439 0.690243 5 0.190871 -0.419507 -0.220685 4.01252 22 521 11052 11030 1 0.242852 0.242852 30 
5 -4.54604 2.80574 -0.215683 -0.0285397 -0.11424 4.22661 22 522 34319 34318 1 0 0 1 
3.81626 -2.55255 -5 2.71884 -3.07744 5.44624 3.84194 22 523 1021 1 1 0 0 7 
2.9844 5 -0.703561 0.538453 -0.666355 0.420244 3.90709 22 524 32838 32837 1 0 0 1 
-0.773406 -4.19775 -5 0.0462417 -0.191115 0.363808 3.82269 22 525 14526 14263 1 0.0413319 0.0413319 5 
-1.51633 1.3629 -5 0.46978 -0.401047 0.268809 3.88047 22 526 12264 12240 1 0.265444 0.265444 16 
-4.89238 -0.140595 -5 0.0498164 -1.09795 0.78255 3.85653 22 527 17462 17287 1 0 0 3 
-4.10074 5 -4.21575 0.0271019 -0.328654 0.359042 3.82191 22 529 16619 16411 1 0 0 2 
2.86569 5 4.05711 0.0175272 -0.293805 0.191783 3.90962 22 530 19782 19781 1 0 0 1 
-3.69191 5 1.77952 0.2511 -0.432057 -0.106752 4.03435 22 531 10199 10195 1 0 0 5 
-0.93897 5 3.27061 0.0398647 -0.394434 -0.0651754 3.96869 22 532 12577 12535 1 0.0924728 0.0924728 10 
-1.33518 1.54092 5 -0.198869 -0.131007 -0.16615 3.91494 22 533 8467 7646 1 1.3568 1.3568 41 
-4.80218 5 0.444762 0.0579957 -0.169579 0.217429 3.84479 22 534 8735 8620 1 0 0 5 
4.03858 4.16488 -5 0.161792 -0.328016 0.82622 3.8135 22 535 19043 18368 1 0 0 2 
4.55468 5 2.10448 0.378944 -0.342161 0.0211542 3.98269 22 536 6217 6216 1 0 0 4 
-1.63823 3.73675 -5 0.549835 -0.530316 0.733552 3.86751 22 538 42953 42926 1 0 0 1 
4.28759 5 -1.3968 0.217887 -0.293229 -0.167888 4.00345 22 540 3921 3888 1 0 0 3 
-0.930121 5 2.54231 0.808738 -2.0356 -0.692324 3.95673 22 541 8391 8338 1 1.77359 1.77359 28 
-3.11263 5 -2.81781 2.8689 -2.26708 0.617702 3.94848 22 542 5088 5027 1 0.40264 0.40264 5 
-1.68384 5 -0.269077 -0.198027 -0.515433 -0.480303 4.05167 22 543 4463 4462 1 0 0 1 
4.73995 4.2817 5 1.0101 -0.906955 -2.11118 5.11922 22 544 22398 22327 1 0 0 1 
-3.46182 5 -1.30284 2.97768 -4.22648 0.573285 3.91194 22 545 3985 3984 1 0 0 4 
4.5881 5 0.998548 0.393226 -0.398247 0.0743727 3.98013 22 546 44949 44900 1 0 0 3 
-5 1.05335 -0.0810383 1.96186 -2.27311 -0.75933 3.93731 22 547 9029 9028 1 0 0 1 
2.05566 5 1.79727 0.271193 -0.36862 0.277112 3.88184 22 548 29711 29710 1 0 0 2 
0.457161 5 -3.49239 0.0583934 -0.437902 0.256811 3.94933 22 549 26148 26147 1 0 0 2 
3.90046 2.26746 -5 0.461404 -0.525683 0.739868 3.8431 22 550 13912 11774 1 0 0 2 
-2.42686 5 -0.998169 -0.12033 -2.44625 1.34955 3.88932 22 551 33516 33498 1 0 0 1 
-5 2.64885 2.92306 0.155049 -0.220045 -0.254829 3.99586 22 552 16803 16802 1 0.736259 0.736259 8 
-1.06008 5 -1.2273 -0.143245 -0.504865 0.163021 3.88586 22 553 45556 44969 1 0 0 1 
-5 -0.566075 3.54774 0.520588 -0.906424 2.71036 3.84227 22 554 3224 2880 1 0 0 1 
-3.7085 5 2.77273 0.952137 -1.19096 -0.335828 3.95976 22 555 1548 1470 1 0.237213 0.237213 26 
0.656872 -1.82738 5 0.246167 -0.311896 -0.291546 4.05527 22 557 21753 21752 1 0 0 1 
4.18453 5 0.0451566 0.36508 -0.893616 0.159087 3.93425 22 558 43040 43026 1 0 0 1 
-2.78353 0.726702 -5 1.68289 -4.01118 3.85845 3.84373 22 559 17969 17881 1 0.325364 0.325364 20 
-5 2.71048 -2.54154 0.560733 -0.343731 0.398751 3.86833 22 560 48510 48509 1 0 0 1 
2.15057 5 -4.86334 0.457991 -0.649179 1.18834 3.81748 22 561 1145 1 1 0 0 4 
3.73888 2.0229 -5 0.153325 -0.331763 0.558888 3.82362 22 562 39126 39109 1 0 0 3 
-0.384501 5 3.9054 0.34362 -0.232727 0.149149 3.91046 22 563 19819 19791 1 0 0 2 
-2.4511 5 -2.03564 0.356614 -0.356395 0.0832391 3.96062 22 565 5116 5060 1 1.31677 1.31677 56 
1.62101 5 1.83763 0.219546 -0.314493 0.337659 3.92059 22 566 13996 13979 1 0 0 4 
5 -0.585485 -0.915319 -0.258021 -0.0637814 0.115557 4.04593 22 567 6881 6804 1 0 0 1 
-5 1.5871 3.79477 0.210911 -0.156225 -0.198077 4.10003 22 568 10041 10040 1 0.328565 0.328565 18 
-3.98644 5 -4.08447 0.279276 -0.545355 0.275457 3.83061 22 569 4787 4627 1 0.510787 0.510787 32 
-3.39897 5 0.425627 0.236946 -3.47845 -0.513294 3.93091 22 570 1087 1029 1 0 0 3 
4.29202 5 -3.2013 0.194328 -0.362934 -0.0803836 3.95091 22 571 6743 5121 1 0 0 3 
-3.60407 1.75036 -5 -0.0175587 -0.395179 0.217586 3.87252 22 572 17340 17322 1 0 0 4 
4.80476 5 -1.886 0.248035 -0.279132 -0.172045 3.999 22 573 12425 12424 1 0.303857 0.303857 37 
4.60154 1.88659 -5 1.12165 -1.8418 1.50911 3.86352 22 574 1970 1891 1 0 0 9 
2.15459 -3.57153 5 0.336727 -0.278314 -0.0490925 4.12162 22 575 25568 25541 1 0 0 2 
4.00895 5 0.624304 0.013166 -0.0217053 0.0149319 3.95872 22 576 25680 25666 1 0.0424536 0.0424536 16 
3.37382 5 -0.931755 -0.104461 -0.258828 -0.136957 4.12696 22 578 17720 17699 1 0.310588 0.310588 19 
-3.11547 5 0.412092 0.529539 -1.14124 1.42354 3.85497 22 579 14520 13732 1 0 0 2 
-0.994254 5 2.2473 0.446143 -0.042 -0.0514395 3.88278 22 580 13922 13900 1 0 0 2 
-5 -2.68738 0.122529 0.118914 -0.0886373 0.194044 3.97497 22 581 24308 24232 1 0 0 2 
-3.53521 2.96831 -5 -0.175862 -0.34263 0.214342 3.99134 22 582 5499 5498 1 0.191271 0.191271 4 
-4.96248 -1.32214 -5 0.167319 -0.10986 0.263414 3.88385 22 583 2718 2717 1 0 0 3 
5 0.362941 3.87767 -0.0461456 -0.485961 -0.151104 3.90931 22 584 9868 9867 1 0.510727 0.510727 18 
-5 -2.33859 -1.23179 0.425511 0.0848377 0.0224135 4.03131 22 585 27949 27842 1 0 0 2 
-2.10179 -3.63551 5 0.00670111 -0.43849 -0.128638 4.05303 22 586 31622 31531 1 0 0 1 
3.17692 -2.8145 -5 0.561859 -0.83354 0.491882 3.89834 22 587 6139 6111 1 0 0 1 
-5 3.22391 -4.24523 0.299887 -0.060141 0.0167577 3.90839 22 588 1008 1 1 0 0 1 
-1.30602 5 1.685 0.13657 -0.154901 0.0717096 3.88572 22 589 23792 23789 1 0.0993223 0.0993223 3 
-2.12078 -4.89989 -5 -0.0343007 -0.338151 0.258559 3.91039 22 590 38128 38106 1 0 0 1 
-4.39661 5 -3.31098 0.139485 -0.506491 0.500115 3.86296 22 591 22168 22161 1 0 0 2 
4.37315 5 -1.87955 0.0943416 -0.389511 -0.0290854 3.94853 22 592 19582 19573 1 0 0 3 
4.95446 5 3.40101 0.56776 -0.508326 0.938658 3.85568 22 593 6504 6453 1 0 0 6 
4.13473 5 4.98206 0.252726 -0.443588 -0.0218792 4.05179 22 594 29924 29923 1 0 0 1 
1.62475 2.31123 5 0.33591 -0.854517 -0.721458 4.13598 22 595 34920 34916 1 0 0 1 
0.18294 -1.26106 -5 0.204352 -0.179954 0.361302 3.85893 22 596 7886 7807 1 0 0 2 
-5 -3.08084 -4.56859 0.479654 0.064878 0.163837 3.99087 22 597 3106 3105 1 0.0546582 0.0546582 5 
-3.30507 1.0122 -5 0.218611 -0.593688 0.987967 3.8188 22 598 4175 3770 1 0 0 5 
2.80897 4.22104 -5 2.81556 -3.5185 8.91404 3.82819 22 599 35041 34877 1 0.46428 0.46428 27 
-5 4.11324 4.97445 0.265343 -0.299988 0.0804467 3.87392 22 600 7119 7083 1 0.168984 0.168984 30 
1.51875 5 -1.51559 0.32871 -1.28354 0.793391 3.89815 22 601 7436 7197 1 0.727011 0.727011 3 
2.80928 5 -4.47938 0.194501 -0.224288 0.25312 3.84996 22 603 26875 26873 1 0 0 3 
-3.58017 -1.80819 -5 0.569013 -0.949569 2.16144 3.81928 22 604 4819 4474 1 0 0 4 
-2.93398 5 -2.58689 -0.170359 -0.763986 0.155849 3.94539 22 606 8524 8415 1 0.656961 0.656961 22 
4.47096 5 3.52794 7.52385 -6.85594 14.1699 3.85135 22 607 7329 7156 1 0 0 5 
-0.95523 -2.75882 5 0.0442326 -0.197197 -0.270099 4.19872 22 609 19420 19416 1 0.337103 0.337103 19 
-2.6119 5 2.73553 4.06836 -9.31799 2.88566 3.93695 22 610 1025 1 1 0.180799 0.180799 5 
-5 1.15364 -4.63595 0.222157 -0.0484648 0.265663 3.88486 22 611 2447 2423 1 0 0 4 
-2.80319 5 -3.04238 0.0839962 -0.292572 -0.410446 4.30195 22 612 24717 24716 1 0 0 2 
-5 2.85431 -1.17505 0.501567 -1.42589 0.0603523 3.94568 22 613 5857 5746 1 0 0 2 
-2.51682 1.24605 -5 1.00485 0.0180708 1.99686 3.91766 22 614 5917 5839 1 0.47326 0.47326 4 
3.66264 5 -2.76648 1.93026 -5.30345 1.19 3.86965 22 615 8583 8582 1 0.729009 0.729009 39 
-4.48434 1.39589 -5 0.460171 -1.52291 1.37645 3.84158 22 616 8206 8138 1 0.106754 0.106754 6 
-5 -0.963149 2.86617 0.1037 -0.254113 0.0504801 3.92228 22 617 17832 17774 1 0 0 2 
-0.116441 5 1.24808 0.256493 -0.203987 -0.0556098 3.89501 22 618 9620 9618 1 0 0 2 
-2.5679 5 0.546877 1.10519 -1.1617 0.830125 3.87114 22 619 25776 25678 1 0 0 4 
1.85853 5 2.11307 0.451721 -0.738013 1.22204 3.84248 22 620 3047 2941 1 0 0 6 
-1.72947 -0.180385 -5 0.128113 -0.0152559 0.200532 3.91088 22 621 37934 37825 1 0.172868 0.172868 21 
-1.37551 5 4.331 0.373453 -0.342299 -0.0669627 3.89711 22 622 60720 60719 1 0 0 2 
-5 -4.7725 -0.164454 0.210515 -0.287586 0.205026 3.87102 22 623 3940 3939 1 0 0 5 
-5 4.75842 2.43672 0.194427 -0.470983 0.0386412 3.90947 22 625 14727 14705 1 0 0 3 
-0.755932 -1.88493 -5 0.389741 -1.22742 2.23471 3.82621 22 626 28291 28164 1 0 0 1 
-0.190657 4.82934 -5 0.171857 -0.671366 0.163537 3.8829 22 627 5213 5055 1 0 0 4 
2.33217 5 -2.79107 0.773613 -0.976891 1.31449 3.86637 22 629 22172 22057 1 0 0 2 
3.40553 5 -0.800741 0.898281 -1.99049 1.81412 3.8951 22 631 19675 19674 1 0.283519 0.283519 3 
5 1.33343 -3.61889 -0.148554 -0.470134 -0.134258 3.91496 22 632 15144 15143 1 0.457292 0.457292 24 
4.66457 5 3.15765 -0.374338 -0.119872 0.117296 3.9439 22 633 3240 3183 1 0 0 2 
-3.94614 5 -3.16068 0.121047 -0.449844 0.210019 3.91044 22 635 20830 20828 1 0.0385401 0.0385401 2 
-5 -0.21761 -1.09185 0.0825871 -0.214163 0.361832 3.84059 22 636 43804 43627 1 0.0868624 0.0868624 4 
-4.51073 5 1.78683 0.138603 -0.407704 0.198442 3.87986 22 637 7674 7536 1 0 0 4 
-5 3.46574 0.498547 0.118392 -0.314494 0.174848 3.92077 22 638 5729 5707 1 0 0 2 
-2.6852 5 1.24601 0.281161 -0.454214 0.108456 3.91151 22 640 21370 21034 1 0.544856 0.544856 23 
1.79466 0.447675 -5 0.299433 -0.275114 0.616585 3.84038 22 641 26115 25728 1 0.0796509 0.0796509 6 
-0.767944 4.11074 -5 -0.204261 -0.059562 0.24751 3.98944 22 642 32045 32044 1 0 0 3 
-4.09521 1.01874 5 0.0651392 -0.479395 -0.16449 4.04141 22 643 1565 1564 1 0 0 4 
1.07452 5 0.885715 0.271322 -0.4281 0.0650739 3.95626 22 645 5700 5675 1 0 0 3 
3.3292 0.928188 5 0.126328 -0.384605 -0.311833 4.09659 22 646 7058 7057 1 1.8249 1.8249 23 
-2.87557 -3.04836 5 -0.0102839 -0.479709 -0.0826685 4.00511 22 647 21758 21724 1 0 0 4 
-5 4.79591 -0.804667 0.358994 -0.359621 0.0540004 3.92838 22 648 11194 11175 1 0 0 5 
0.126155 5 -3.50258 0.106152 -0.196096 -0.180861 4.051 22 649 3729 3612 1 0.127231 0.127231 39 
2.77928 3.48375 -5 -0.120459 -0.114723 0.113689 3.9614 22 650 29200 29199 1 0.387219 0.387219 5 
1.76778 0.48655 -5 0.14182 -0.238265 0.339924 3.9862 22 651 33191 33190 1 0 0 1 
0.478493 5 -0.764369 0.345081 -0.521214 0.310625 3.90319 22 652 9870 9869 1 0 0 1 
-3.23516 3.14756 -5 0.562001 -0.808628 2.04556 3.81214 22 653 25296 25119 1 0 0 2 
-0.344702 5 -2.68949 0.347528 -0.0612049 0.349359 4.86879 22 654 4877 4873 1 0 0 1 
3.16179 5 2.20674 2.3868 -2.98523 0.146705 3.93798 22 655 1504 1438 1 0.469593 0.469593 3 
-4.85525 5 -3.52364 -0.0549529 -0.272212 -0.173587 3.96694 22 656 36831 36752 1 0 0 1 
-3.07193 5 1.7708 0.0911669 -0.981501 2.0331 3.82967 22 657 34705 34650 1 0 0 2 
2.87657 5 0.837892 0.586663 -0.921005 1.03717 3.87964 22 658 1032 1 1 0.366309 0.366309 6 
-5 -3.0695 -1.83887 0.279772 -0.316269 -0.220515 4.124 22 659 13225 13224 1 0.476225 0.476225 10 
-5 3.42979 -1.73699 0.23558 -0.254991 -0.374969 4.03661 22 660 28051 28025 1 0 0 3 
-5 -0.292892 4.81257 0.228964 -0.198735 0.0316657 3.94301 22 661 7501 7456 1 0.199488 0.199488 6 
-5 -3.73623 2.37654 0.0999602 0.162906 -0.123504 3.92745 22 662 17154 17119 1 0.227139 0.227139 31 
0.512021 5 3.99841 -1.14216 2.7488 7.51284 3.83633 -11 663 15968 15967 1 0.0803906 0.0803906 2 
-0.513547 5 -0.0430952 0.32042 -0.244632 0.314016 3.86447 22 664 36503 36502 1 0.535731 0.535731 6 
-4.79175 2.12385 5 1.27434 -0.988196 -2.0225 4.14685 22 665 35967 35939 1 0 0 3 
-1.65436 5 -0.13707 0.0442584 -0.135919 -0.0227477 3.88972 22 668 19862 19861 1 0.144291 0.144291 33 
2.46041 1.13231 5 0.17968 -0.176276 -0.110846 3.98608 22 669 3441 3400 1 0.278342 0.278342 16 
0.903549 -1.3636 -5 0.197124 -0.330549 0.0251065 3.95376 22 670 17992 17990 1 0 0 1 
-5 3.56313 3.55598 0.214139 -0.116894 -0.0409578 3.95843 22 671 23635 23634 1 0.0059655 0.0059655 2 
-1.93143 4.35418 -5 0.233647 -0.43025 0.309586 3.85563 22 672 2850 2741 1 0.826148 0.826148 7 
-2.87891 -4.4169 5 -0.0248394 -0.0149432 -0.0068287 3.98258 22 674 5008 4998 1 0.0295242 0.0295242 18 
-3.75931 5 -3.3211 -0.183217 -0.471644 0.0714405 4.00195 22 675 27123 27097 1 0 0 2 
-4.84558 -1.60507 -5 0.243209 -0.839557 0.477063 3.87595 22 676 3153 2701 1 0 0 1 
2.23671 5 -1.37896 0.190955 -0.201826 0.155192 4.05101 22 677 46664 46662 1 0.318048 0.318048 11 
0.582256 5 -2.2739 0.264531 -0.33872 0.276427 3.87746 22 678 38018 38017 1 0 0 1 
-3.98048 5 -3.99307 0.293007 -0.37793 0.346623 3.83367 22 679 22083 22024 1 0 0 1 
2.47998 5 4.34697 0.152932 -0.355753 0.169935 3.90267 22 680 6914 6913 1 3.94938 3.94938 44 
-3.89936 5 1.14777 0.419732 -0.51857 0.388544 3.90569 22 681 45612 45599 1 0 0 1 
-3.27845 5 -3.99514 0.148575 -0.319357 -0.370212 4.10691 22 682 18595 18582 1 0 0 1 
0.799381 5 -2.50431 0.256687 -0.280575 -0.137714 3.97646 22 683 22231 22230 1 0.0613939 0.0613939 4 
-0.999686 4.67536 -5 -0.162588 -0.384104 0.100327 3.88298 22 685 26252 26112 1 0 0 2 
-1.05785 5 -1.274 0.108229 -0.29041 0.0223342 3.94673 22 686 1350 1282 1 5.86001 5.86001 33 
-5 2.78167 1.01164 0.301614 -0.50455 -0.471042 4.08513 22 687 15960 15885 1 0.815823 0.815823 25 
-2.59334 -3.74941 -5 0.443053 -0.471278 0.328206 3.86933 22 688 25290 24503 1 0 0 4 
-0.0883295 5 3.38177 0.108484 -0.410871 0.0702397 3.88626 22 689 2554 2553 1 0 0 2 
-1.05216 5 4.98727 0.122518 -0.529834 0.586883 3.87235 22 690 3394 1 1 0 0 2 
0.759855 5 4.69761 1.8648 -1.97775 3.96965 3.86647 22 691 29928 29891 1 0 0 1 
-5 -0.54378 -2.28442 0.277605 -0.428501 -0.0210207 3.97075 22 692 10429 10428 1 0 0 3 
-1.13258 2.70478 5 0.19028 -0.278393 -0.188663 4.12042 22 693 25104 25103 1 0.0693782 0.0693782 3 
5 0.264847 -2.17219 -0.244733 0.000724939 0.00248958 4.31833 22 694 20045 20044 1 0 0 2 
0.0490829 5 1.78126 0.3097 -0.313223 0.191818 3.91021 22 696 16468 16420 1 0 0 1 
0.114847 -0.0586285 -5 0.181409 -0.336327 0.092306 3.83926 22 697 10538 9881 1 0.0136061 0.0136061 4 
-4.00669 5 -3.32836 0.0155619 -0.294167 -0.417545 4.05076 22 698 1973 1972 1 0 0 2 
2.23435 5 2.93652 0.180957 -0.456126 -0.14256 4.10743 22 699 24406 24405 1 0 0 3 
1.74566 -3.5456 5 0.1361 -0.284182 -0.301474 4.17281 22 700 9539 9538 1 0 0 4 
2.83641 -0.559737 5 0.233532 -0.326348 -0.316354 4.20541 22 701 15238 15209 1 0 0 1 
-1.47737 5 -0.64145 0.256894 -0.132158 0.212123 3.90276 22 702 22650 16318 1 0 0 1 
-5 -2.80405 -3.78263 0.258201 -0.380629 0.145688 3.94449 22 703 30574 30573 1 0.265961 0.265961 6 
1.7028 5 1.55311 0.318229 -0.31883 -0.165731 4.03608 22 704 3669 3668 1 0.097059 0.097059 7 
-4.80297 4.07386 5 0.138375 -0.428733 -0.241165 4.13493 22 706 32031 32006 1 0 0 2 
3.59092 5 -2.08331 0.0714132 -0.18799 0.00700678 3.9077 22 707 8862 8813 1 0.200891 0.200891 27 
-3.02818 5 -4.55018 0.637095 -0.917414 0.556542 3.85239 22 709 2362 2288 1 0.249461 0.249461 8 
-5 1.08358 0.853911 0.177711 -0.500037 0.130687 3.89671 22 710 4192 1 1 0 0 1 
-4.73242 5 -4.26903 2.70205 -7.16948 4.62404 3.843 22 711 7053 6724 1 1.07923 1.07923 5 
-0.680413 5 2.87021 0.220137 -0.192435 -0.0632573 3.89525 22 712 1150 1117 1 0.00552245 0.00552245 5 
1.8548 5 3.95285 0.367481 -0.472234 -0.493835 5.18479 22 713 35684 35636 1 0 0 1 
-0.679864 5 -2.86985 2.50387 -11.0212 16.6694 3.81006 11 714 1639 1283 1 5.43529 5.43529 105 
4.74976 5 2.43172 0.361711 -0.433969 0.31354 3.91613 22 715 3683 2293 1 0 0 1 
0.119618 5 2.33017 11.0152 -10.3472 4.37298 3.88934 22 716 5073 5026 1 1.06167 1.06167 65 
4.63722 5 -1.79889 0.158295 -0.428464 -0.229088 3.98727 22 719 8022 8021 1 0 0 5 
-2.53721 -1.9002 -5 1.44962 -1.88576 3.77383 3.82212 22 720 21544 21274 1 0.510613 0.510613 28 
-3.03587 5 -1.21119 0.0611257 -0.283751 -0.0932276 3.9833 22 721 9931 9930 1 0.304526 0.304526 24 
-5 4.49277 -4.35358 0.279618 -0.0481498 0.0356321 4.00044 22 722 17432 17431 1 0.298021 0.298021 22 
-5 -3.26677 -2.6109 0.185528 -0.302071 0.062892 3.86375 22 723 9128 9026 1 0.410159 0.410159 49 
-5 -3.23934 0.549362 0.266271 -1.03278 -0.334959 3.97006 22 724 13793 13771 1 0.0266772 0.0266772 6 
0.640197 -3.68525 5 0.113826 -0.219771 -0.264182 4.18281 22 725 8400 8399 1 0 0 3 
-1.13305 -3.9455 5 0.0169114 -0.344738 -0.313627 4.11686 22 726 21430 21429 1 0.235598 0.235598 25 
-5 2.8461 -1.16359 0.270904 -0.416899 -0.00876855 4.0381 22 727 22807 22777 1 0 0 1 
5 0.128659 -2.90709 -0.357327 0.365263 -0.00449137 4.1324 22 728 9218 9217 1 0 0 4 
-5 4.75844 4.01489 0.61991 -0.379561 0.0577022 3.90492 22 730 25062 25061 1 0 0 2 
2.81645 -3.75707 5 0.347761 -0.0689324 -0.440983 4.16823 22 731 28574 28573 1 0 0 1 
0.390893 3.85798 5 0.0587827 -0.0717226 -0.245065 4.05878 22 732 10956 10955 1 0.0749547 0.0749547 33 
-5 1.36549 4.09352 0.0844219 -0.365196 0.336359 3.88564 22 733 12005 10541 1 0 0 2 
1.18344 3.32213 -5 0.373292 -0.330346 0.475243 3.85304 22 734 12033 11402 1 0.12277 0.12277 3 
-4.03679 5 1.31069 0.153087 -0.271646 -0.404837 4.1642 22 735 28337 28335 1 0 0 2 
-2.80425 5 -0.096369 1.01979 -1.38963 2.71889 3.84549 22 736 7738 7523 1 0 0 2 
-3.1135 5 -4.99323 0.0819769 -0.18788 0.451062 3.81295 22 737 13530 13149 1 0.0402835 0.0402835 4 
4.22796 5 0.896199 0.558873 -2.03548 0.282356 3.89586 22 739 3966 3905 1 0 0 7 
-4.3746 5 -3.95164 0.108533 -0.234032 0.295493 3.83221 22 740 21055 20910 1 0 0 2 
-4.9817 5 -3.31153 0.251156 -0.421696 0.142172 3.8789 22 741 13527 13526 1 0.311535 0.311535 22 
5 0.970161 3.45626 -0.170706 0.0281596 -0.0965111 4.18566 22 742 24112 24109 1 0 0 2 
4.01801 5 2.37168 0.478258 -1.11446 1.3058 3.85503 22 743 29054 29029 1 0 0 2 
-5 -1.50749 2.71547 0.162644 -0.431606 -0.37309 4.16286 22 744 22195 22193 1 0 0 3 
-0.971764 -1.58557 -5 0.258264 -0.841569 1.07551 3.835 22 745 14364 14343 1 0.405667 0.405667 8 
-0.0643757 5 2.3568 0.43894 -0.132345 -0.225691 3.97378 22 746 15073 15072 1 0 0 2 
2.1025 5 1.54767 0.35053 -0.369609 -0.0404768 3.97185 22 747 1329 1317 1 0 0 1 
3.89521 3.03698 5 0.123195 0.112677 -0.482956 4.08052 22 748 22207 22154 1 0 0 4 
-3.57188 2.96154 -5 0.143383 -0.318752 0.48535 3.82594 22 749 1942 1755 1 0.909738 0.909738 30 
-5 4.94142 -3.30169 0.240218 -0.414532 -0.177703 3.93417 22 750 10975 10974 1 0 0 1 
3.43787 5 2.42948 0.149326 -0.398368 0.283063 3.95468 22 751 10463 10462 1 0.0387277 0.0387277 4 
-5 2.10857 4.92099 0.3018 -0.407648 -0.06213 3.99114 22 752 3270 3269 1 0 0 3 
4.39792 5 4.68535 0.262154 -0.234519 -0.407118 4.15532 22 753 22461 22430 1 0 0 4 
1.67814 5 -1.16677 0.116174 -0.448513 0.0869209 3.97375 22 755 37472 37470 1 0 0 2 
-1.51037 5 2.68087 0.442398 -0.972382 1.16953 3.86051 22 756 4674 4590 1 0.47255 0.47255 6 
-5 4.06996 1.483 1.0293 -1.58211 0.315324 3.95254 22 757 21932 21931 1 0 0 2 
-1.06453 5 1.33925 0.54255 -0.564658 -0.0522084 3.96293 22 758 13248 13151 1 0 0 5 
3.56513 0.765302 -5 0.158357 -0.459985 0.886326 3.84901 22 759 21067 21061 1 0 0 3 
-0.0449653 3.81225 -5 0.29979 -0.717215 1.57019 3.81469 22 760 17823 1 1 0.280516 0.280516 7 
-3.65398 5 4.36452 0.196835 -0.266427 -0.0576944 3.95534 22 761 7881 7700 1 1.0425 1.0425 18 
-1.579 5 -4.47636 0.299635 -0.563699 -0.147692 3.91977 22 763 2067 2025 1 0.120853 0.120853 4 
-5 4.51817 3.8938 0.26303 -0.313695 -0.140665 3.98037 22 764 13828 13606 1 0.210201 0.210201 23 
-5 -4.14328 1.80317 7.41992 -14.6451 -1.11892 3.93144 22 765 19037 18944 1 0 0 1 
3.90205 5 3.7085 0.106147 -0.257621 -0.0757341 3.97578 22 766 28710 28683 1 0 0 1 
-3.0605 5 -3.19756 0.367731 -0.489463 -0.363007 4.02574 22 767 2190 2189 1 0.271365 0.271365 21 
-5 -3.21234 -1.70734 2.93384 -5.27443 4.48471 3.87651 22 768 43911 43781 1 0.21186 0.21186 23 
1.06184 5 3.92857 0.0191435 -0.457763 0.0491813 3.91712 22 769 11502 11412 1 0.342918 0.342918 7 
-5 -2.4498 -1.30093 0.291159 -0.394954 0.142681 3.91087 22 770 2309 2288 1 0.425627 0.425627 47 
-1.22681 5 1.01679 -1.02716 -5.40839 -0.294068 3.95496 22 773 20119 20005 1 0 0 1 
-3.56322 3.11082 -5 -0.114649 0.0823253 0.149741 3.92545 22 774 1173 1 1 0.00569375 0.00569375 15 
-2.70985 3.55009 5 0.0979435 -0.288861 -0.472919 4.08575 22 775 3889 3870 1 0.495051 0.495051 5 
-5 -2.43019 -0.372637 0.327281 -0.233859 -0.123042 4.10321 22 776 17678 17624 1 0 0 3 
0.836397 -1.41256 5 0.377762 -0.744198 -0.182044 4.05081 22 777 2481 2477 1 0 0 3 
3.76444 5 3.34982 0.308812 -0.389387 0.118881 4.13114 22 778 8607 8606 1 0 0 3 
-5 0.868512 1.15196 0.315245 -0.379859 0.132092 3.95546 22 779 10580 10579 1 0 0 1 
2.4223 5 3.22832 0.146449 -0.548597 -0.180696 4.05873 22 780 6191 6190 1 0 0 5 
-4.82743 5 3.85669 0.555079 -1.26163 1.68229 3.86505 22 783 22275 22163 1 0 0 1 
0.808945 -4.42688 -5 0.0842823 -0.485607 0.113117 3.89891 22 784 5586 5500 1 0.323851 0.323851 9 
3.73247 5 -3.35161 -0.108793 -0.285903 -0.375851 4.05781 22 785 6662 6661 1 0 0 2 
-2.38942 5 -2.33844 -0.0110507 -0.587817 -0.040384 3.90742 22 787 1619 1591 1 0 0 9 
2.02421 5 3.28079 0.0844047 -0.210156 0.458072 3.86464 22 788 10413 10412 1 1.61621 1.61621 5 
0.0914045 5 -1.95026 0.289266 -0.519936 -0.362028 5.00549 22 789 3830 3695 1 0 0 3 
-5 2.78534 -2.62239 0.0944815 -0.399383 0.304445 3.87354 22 790 31643 31624 1 0.117041 0.117041 27 
3.8199 5 -1.02548 0.00187901 -0.23339 0.218907 3.93733 22 791 6074 5975 1 0 0 2 
-5 3.57379 2.80381 0.188848 0.207315 0.203449 3.90504 22 794 12517 12207 1 0 0 1 
4.33368 5 2.60189 0.916042 -3.59572 1.6316 3.90731 22 795 27234 27209 1 0 0 1 
2.88428 5 -0.469796 0.248912 -0.445726 0.111625 3.8887 22 796 8073 7864 1 0.315808 0.315808 6 
-0.841213 4.17126 -5 0.135596 -0.337382 0.900996 3.80872 22 797 8413 8060 1 0 0 4 
-4.04346 -0.496069 -5 0.283406 -0.732489 0.593672 3.84981 22 798 1463 1 1 0.0666713 0.0666713 6 
-3.06239 5 1.76798 1.07188 -2.96701 0.715055 3.89046 22 799 32083 32082 1 4.53588 4.53588 15 
4.62688 5 3.11078 0.794512 -0.861306 1.09234 3.85538 22 800 10415 10387 1 0 0 4 
5 -0.145138 3.73175 -0.380952 -0.0139689 0.214465 3.86882 22 801 2760 2618 1 0 0 7 
1.18664 5 0.383334 0.084452 -0.461463 0.202582 3.90939 22 802 22517 22516 1 0 0 4 
-5 2.3523 -1.05778 3.79629 -7.43759 2.9056 3.85689 11 803 4389 4158 1 6.02866 6.02866 113 
-3.9413 5 0.0931962 0.0271577 -1.34265 -0.27106 4.00481 22 805 1420 1419 1 0.24092 0.24092 4 
-5 1.5368 -4.08264 0.144406 -0.333435 0.171309 3.90649 22 806 3179 2954 1 0.401414 0.401414 20 
-3.76989 5 2.49593 0.190509 -0.47381 -0.0181791 4.01971 22 807 12375 12347 1 0 0 3 
-3.379 5 1.9667 0.039512 -0.440928 0.255228 3.95376 22 808 30527 30509 1 0 0 1 
-4.83621 3.2806 -5 0.165984 -0.466171 0.275419 3.87204 22 809 13244 8953 1 0.247517 0.247517 6 
-5 3.1486 2.57649 0.202944 -0.638411 0.96651 3.86701 22 810 4201 4199 1 0 0 3 
1.45524 5 4.50783 1.05902 -3.72491 -3.35932 3.99234 22 811 18090 18089 1 0 0 2 
3.88033 5 0.550448 0.140161 -0.366899 1.2305 3.82862 22 812 2460 2292 1 0.264371 0.264371 37 
1.98105 -0.853215 5 1.33629 -1.61536 -0.411237 4.01133 22 814 27875 27859 1 0 0 3 
-5 2.69314 2.89918 0.44338 -0.181393 0.17785 3.94903 22 815 22272 22246 1 0.167617 0.167617 7 
3.1882 -2.89056 5 -0.111052 -0.926433 -0.193469 4.08917 22 816 1974 1972 1 0 0 3 
-2.91553 5 4.49991 0.254371 -0.161444 0.0242452 3.92648 22 817 26207 26206 1 0 0 1 
4.30988 3.46641 -5 0.0996298 -0.394033 0.22579 3.86412 22 820 20601 20555 1 0.208042 0.208042 5 
-0.661651 -0.694276 -5 0.700928 -1.42404 4.26098 3.81368 22 821 49670 49506 1 0 0 1 
-0.617138 -2.48875 -5 0.0546464 -0.284675 0.484795 3.83757 22 822 4279 4239 1 0 0 4 
-5 -3.39573 0.401063 0.0748826 -0.80697 0.685719 3.87068 22 823 3389 1 1 0 0 5 
-5 -0.420683 -0.946943 0.201828 -0.363187 -0.297456 4.17318 22 824 25903 25900 1 0 0 1 
0.564444 5 4.6386 1.09683 -1.50546 0.0633864 3.95543 22 825 41654 41635 1 0 0 1 
4.50728 -1.9165 -5 -0.0194542 -0.0268174 0.00577067 3.85497 22 828 36676 36669 1 0.0332908 0.0332908 22 
-4.91663 5 0.24433 0.324708 -0.684291 -0.826418 4.12285 22 829 6248 6247 1 0 0 1 
-5 -2.41034 -4.00223 0.17946 -0.466257 0.107326 3.94813 22 830 24048 24032 1 0.367587 0.367587 45 
-5 0.589297 0.393522 0.0614759 0.216406 -0.189761 4.04356 22 831 1083 1081 1 0.10865 0.10865 5 
3.03592 -4.56513 -5 -0.0927162 -0.0178974 0.0241825 3.93573 11 832 52905 52894 1 0.00824895 0.00824895 3 
-1.85768 -2.20679 -5 1.16844 -2.30925 5.86858 3.8135 22 833 10176 9905 1 0 0 6 
0.543554 5 -0.268967 0.203661 -0.138622 0.122018 3.95427 22 834 7021 1 1 0.236144 0.236144 29 
-5 4.66351 -0.646664 0.311356 -0.252309 0.137657 3.98186 22 835 2160 2109 1 0 0 3 
-2.15398 4.58383 5 0.137222 -0.0473122 -0.248904 4.03391 22 836 50341 50337 1 0.297104 0.297104 31 
-0.603879 5 -4.1747 0.440099 -0.738741 0.864388 3.84358 22 837 10722 10697 1 0.259465 0.259465 8 
0.254951 5 0.981765 0.277419 -0.161555 -0.144025 3.99429 22 838 6802 6779 1 0.597224 0.597224 24 
-4.87373 5 2.98715 0.289046 -0.709447 -0.347265 4.02391 22 839 3361 3351 1 0 0 1 
-0.382153 5 -2.54913 -0.225986 -0.141109 0.0111177 3.96508 22 840 23975 23953 1 0.309635 0.309635 15 
-3.96862 5 -3.64287 0.181283 -0.435096 -0.197352 3.94843 22 841 8418 8414 1 0 0 1 
-3.69771 1.64278 5 0.24393 -0.432336 -0.12126 4.04515 22 843 1136 1134 1 0 0 2 
0.377732 5 -0.758811 0.184354 -0.679249 -0.286062 3.94947 22 844 12036 12035 1 0.204425 0.204425 7 
2.13549 5 -0.732232 0.438254 -3.34319 -0.250077 3.95869 22 845 5917 5846 1 0 0 4 
3.53537 5 4.15665 0.283518 -0.519197 0.788736 3.85551 22 846 3244 3175 1 0.183328 0.183328 14 
-4.27143 5 -3.40004 0.269447 -0.252719 0.161854 3.87424 22 847 6002 5321 1 0.156545 0.156545 32 
-5 -3.87975 -4.08577 0.388062 -0.931215 0.523092 3.8505 22 848 6223 6138 1 0 0 4 
1.54498 5 4.67411 0.717476 -0.826572 0.962569 3.88899 22 849 22519 22515 1 0.0293712 0.0293712 11 
-5 -4.61639 -2.04572 0.230403 -0.456026 0.00865188 3.95761 22 850 34612 34611 1 0.193789 0.193789 27 
-5 -3.91223 -4.9351 0.226612 -0.274959 -0.079639 4.08736 22 851 10596 10594 1 0 0 1 
3.28672 5 -1.19972 0.275713 -0.357124 -0.239926 4.00383 22 852 1802 1801 1 0.329061 0.329061 14 
4.78143 -3.58704 -5 0.69359 -3.1399 4.52355 3.83722 22 853 4528 4398 1 1.11657 1.11657 83 
-0.472843 4.55312 -5 1.05092 -0.0532433 0.445809 3.91022 22 854 1023 1 1 0.483974 0.483974 10 
0.136812 5 0.850551 0.172351 -0.260359 0.139541 4.95484 22 855 30250 30249 1 0 0 2 
4.31876 5 3.45652 1.94443 -3.08378 1.67914 3.89199 22 856 6481 6480 1 0 0 1 
4.65223 2.6203 -5 0.200433 -0.128444 0.108206 3.85165 22 857 15843 15472 1 0 0 2 
-2.39557 4.19868 -5 0.502556 -0.837454 0.464879 3.86389 22 858 27227 27150 1 0 0 2 
1.28497 4.90377 5 0.0677614 -0.25913 -0.392253 4.03286 22 860 2132 2131 1 0.684822 0.684822 34 
-0.393356 5 -0.0139089 0.0649451 -0.262017 -0.0150886 3.93978 22 861 1062 1061 1 0.0769256 0.0769256 3 
2.42734 5 3.86064 -0.0613212 -0.32376 0.190765 3.91545 22 862 15763 15762 1 0.315736 0.315736 4 
-4.8552 5 -3.58511 0.322271 -0.38709 -0.0861549 3.97011 22 863 9967 9964 1 0.510644 0.510644 26 
0.0180876 1.31038 -5 -0.22471 -0.349357 0.246863 3.85434 22 864 14072 14023 1 0 0 1 
-5 2.35096 -1.46669 0.14681 -0.00833383 -0.154971 3.98628 22 865 16652 15949 1 0 0 1 
-1.01061 5 4.586 1.26866 -1.4624 1.30591 3.93481 22 866 1105 1 1 0.312006 0.312006 9 
2.84686 -3.44625 -5 -0.0271743 0.101145 0.0992489 3.89862 22 867 3562 3501 1 0.143723 0.143723 33 
0.0330393 5 -1.75459 0.483421 -0.431314 -0.235074 3.94228 22 868 25428 25427 1 0.412976 0.412976 5 
4.34539 5 4.95842 0.220052 -0.270125 0.372044 3.8669 22 869 19751 19430 1 0 0 2 
-0.92315 5 -2.61313 0.0236988 -0.201161 -0.0194638 4.00268 22 870 11190 11189 1 0 0 2 
-0.169889 -1.47028 -5 2.82321 -4.50927 6.84089 3.82185 22 871 6331 6197 1 1.42782 1.42782 11 
-5 4.88613 -0.703814 0.346972 0.109089 0.0934449 4.80333 22 872 4002 4000 1 0.243017 0.243017 26 
-0.0782113 5 -1.37264 0.1572 -0.313815 0.0754866 3.88922 22 873 2385 2358 1 0.593163 0.593163 22 
-1.32137 0.804715 -5 0.609149 -0.829747 2.05212 3.81984 22 874 4563 1 1 0 0 3 
-5 -3.99892 2.08574 0.227966 -0.399268 0.223017 3.90489 22 875 7378 7377 1 0 0 2 
0.972542 -3.17017 5 0.127588 -0.53371 -0.372829 4.24437 22 876 35259 35257 1 0 0 2 
-5 3.86069 -1.89419 0.226545 -0.196424 -0.528694 3.9916 11 877 16479 16461 1 0.283068 0.283068 4 
3.11538 0.450024 5 0.151181 -0.260371 -0.0983818 4.20695 22 878 1755 1683 1 0 0 3 
-2.51824 5 -0.451822 0.0972231 -0.838074 0.692055 3.83383 22 879 9103 8433 1 0.431452 0.431452 29 
-3.58013 3.00586 -5 3.02267 -7.52031 11.3723 3.83604 22 880 14659 14473 1 5.46496 5.46496 49 
-0.769966 4.88924 5 0.256187 -0.422988 -0.128722 3.98118 22 881 14304 14303 1 0.0476032 0.0476032 3 
2.42387 5 4.71053 0.151977 -0.345546 -0.344414 4.13018 22 882 25062 25061 1 0 0 5 
0.607375 5 2.54719 0.0601512 -0.50253 0.0704684 3.93652 22 883 2862 2861 1 0 0 2 
-1.44836 0.997722 5 0.24942 -0.583582 -0.379563 5.05201 22 884 19745 19741 1 0.436172 0.436172 21 
-5 -4.60048 -3.30174 0.587583 -1.21832 0.663009 3.86942 22 885 1894 1758 1 0 0 2 
4.27513 5 -4.50207 -0.0403259 -0.268275 -0.2171 3.86806 22 886 27285 27158 1 0.197447 0.197447 4 
-5 2.8291 4.96399 0.370974 -0.101702 -0.336385 3.94509 22 887 15060 15059 1 0.51073 0.51073 21 
-5 4.2767 -1.78745 0.238833 -0.109649 0.438242 3.88689 22 888 26332 26331 1 0 0 1 
-1.79303 -0.491488 5 0.104759 -0.433989 -0.111968 4.13113 22 889 13886 13885 1 0.583265 0.583265 59 
-3.93419 5 -3.5229 1.23858 -1.25383 0.959382 3.88048 22 890 45136 45094 1 0 0 1 
-5 1.64311 4.16034 1.08873 -2.30932 4.3099 3.84821 22 891 15083 14855 1 0 0 1 
-5 -0.0804888 0.0810619 1.31986 -5.33855 0.614804 3.90006 22 892 2225 2200 1 0.117609 0.117609 7 
2.08021 -1.8741 -5 0.0718909 -0.0717103 0.139439 3.92528 22 893 13828 13827 1 0.171907 0.171907 35 
0.795004 -1.50187 -5 0.175617 -0.463722 0.123454 3.86753 22 894 10447 10446 1 0 0 5 
-5 3.22606 4.70335 0.137382 -0.201707 0.142827 3.90761 22 895 18733 18732 1 0 0 2 
-5 4.78914 -3.32553 0.137024 -0.191009 -0.240685 4.04804 22 896 21011 21010 1 0 0 1 
-4.30313 1.18383 -5 0.383313 -0.535658 0.465334 3.83316 22 898 6257 6192 1 0 0 2 
2.43381 5 3.47539 0.352181 -0.244512 -0.134684 4.05633 22 899 1174 1133 1 0 0 4 
2.76012 5 0.292673 -0.0923279 -0.402704 0.478746 3.85102 22 900 3766 3612 1 0 0 5 
-2.04664 4.46825 5 0.0135007 -0.271205 -0.432881 4.05811 22 901 4776 4774 1 0.903547 0.903547 65 
-0.972591 5 2.66261 1.15605 -0.91667 0.244347 3.92304 22 902 5712 5665 1 0 0 5 
-0.406112 5 -1.84218 0.818341 -1.25993 0.689368 3.86958 22 903 5968 5939 1 0.771728 0.771728 35 
-0.940087 -2.30275 -5 0.118505 -0.254036 0.0397298 3.95889 22 904 3152 3151 1 0 0 2 
0.0456791 5 1.86432 -0.296225 -0.0379047 -0.142263 3.95105 22 905 14629 14586 1 0 0 2 
-2.45755 5 -2.78006 0.125961 -0.24845 -0.4284 4.05633 22 906 2871 2870 1 0 0 3 
-1.25685 5 3.69913 0.0612778 -0.578396 0.448819 3.88458 22 907 13808 13528 1 0.393237 0.393237 22 
-5 2.79124 -2.93502 2.28859 -5.42307 0.744124 3.90888 22 908 26447 26446 1 0 0 2 
-4.46702 -3.94646 5 0.0756125 -0.42454 -0.274168 4.18975 22 909 2353 2352 1 0 0 2 
3.90427 5 4.74518 1.02624 -1.27725 -0.237195 3.98301 22 910 4627 4579 1 0 0 5 
-5 -4.78635 -1.33656 1.18485 -2.58225 0.225176 3.94336 22 911 17918 17829 1 0 0 1 
-2.68126 0.0180167 5 0.0791011 -0.225997 -0.235769 4.06639 22 913 15031 15030 1 0.195104 0.195104 29 
0.628652 5 -3.06225 0.482124 -0.465802 0.395575 3.90722 22 914 5817 5792 1 0.208993 0.208993 54 
4.4519 5 -0.571017 1.77057 -2.27789 1.7883 3.88532 22 915 4849 4773 1 0 0 1 
-5 3.98118 3.09137 0.307648 -0.394441 -0.104349 3.97438 22 916 18774 18747 1 0 0 2 
1.54857 5 -4.35546 2.50094 -4.16981 -0.0610722 3.89061 22 918 12136 12089 1 0 0 3 
0.933366 5 -2.40979 0.138064 -0.358508 -0.174584 4.01634 22 919 1316 1309 1 0.0735721 0.0735721 6 
-0.762622 5 3.2828 0.346091 -0.538102 -0.424079 3.85669 22 920 10124 10076 1 0 0 1 
-5 -0.244509 -1.14177 0.278109 -0.274914 0.00775994 4.00534 22 921 3138 3009 1 0.229388 0.229388 16 
-3.4339 5 -4.75915 -0.0987061 -0.152421 -0.117403 3.97644 22 922 16902 16835 1 0.214145 0.214145 36 
-3.50155 5 -1.62305 0.870027 -0.735136 -0.156496 3.93125 22 923 11630 11493 1 0 0 2 
-1.92223 5 1.27075 0.773139 -0.932815 -0.17478 3.94018 22 924 12652 12650 1 0.65404 0.65404 28 
3.44263 5 -1.58378 0.56117 -0.604871 -0.353341 4.00697 22 925 6402 6319 1 1.54237 1.54237 51 
-4.55266 5 1.17817 0.386184 -1.32126 -0.67692 4.03036 22 927 2956 2921 1 0 0 2 
-3.85059 5 1.48096 0.212296 -0.356588 0.0979314 3.9253 22 928 2373 2277 1 0 0 3 
4.08452 -3.03157 -5 -0.180315 -0.0407313 0.107009 4.00344 22 929 12333 12267 1 0.213361 0.213361 17 
-2.9488 5 -4.55371 1.96901 -8.07178 4.18914 3.85484 22 930 7032 7031 1 0 0 4 
4.17676 5 3.99602 0.24408 -0.330791 -0.0191358 3.9599 22 931 11882 11868 1 0 0 4 
-1.24504 5 -4.56954 0.110609 -0.274328 0.0014543 3.905 22 932 1920 1756 1 0.491666 0.491666 60 
1.11678 0.391303 -5 2.21582 -3.05251 3.64698 3.85765 22 933 5275 5200 1 0 0 1 
-2.25892 5 -4.33181 0.159335 -0.400185 -0.0243804 3.92628 22 934 11389 11367 1 0 0 1 
-1.576 5 1.24121 0.304751 -0.518462 1.15505 3.87815 22 935 18500 18403 1 0 0 3 
4.42789 5 4.32201 0.264926 -0.455838 0.0632847 3.89495 22 936 36639 36604 1 0 0 1 
-4.85007 5 1.09054 -0.0547046 -0.203903 -0.0565883 3.93539 22 937 2842 2811 1 0.0675312 0.0675312 5 
-5 -1.37388 2.93259 0.187242 -0.464512 -0.101433 4.00151 22 938 8691 8668 1 1.59348 1.59348 12 
3.52444 5 3.75944 0.0660496 -0.749951 0.406356 3.87841 22 939 22756 22755 1 0 0 2 
0.177744 5 2.27253 0.364272 -0.561991 0.42696 3.90151 22 940 19084 17691 1 0 0 1 
3.59173 5 1.35393 0.313355 -0.323632 -0.0655847 3.9661 22 942 45409 45023 1 0 0 1 
-0.542594 5 1.64004 0.103386 -0.198237 -0.256498 3.98916 22 943 8706 8649 1 0 0 4 
-2.54072 5 1.84585 0.213234 -0.393213 -0.0633781 3.96143 22 944 4489 4452 1 0 0 2 
-5 4.63444 -1.60162 0.537756 -0.953726 1.14637 3.84914 22 945 15260 15208 1 0.210478 0.210478 17 
4.50446 2.61595 -5 0.164418 -0.372962 0.308198 3.87425 22 946 20805 20804 1 0 0 2 
-5 3.72566 0.783969 0.136087 -0.180621 0.10333 3.85366 22 947 1449 1396 1 0 0 3 
-3.42503 5 0.792284 0.0443336 -0.505286 -0.0619702 4.04767 22 948 21717 21713 1 0.402243 0.402243 5 
-4.4115 5 0.750563 0.125645 -0.505362 0.29471 3.88052 22 949 19074 19009 1 0.478167 0.478167 20 
4.06311 -2.81639 -5 0.302494 -0.374526 0.171312 3.88797 22 950 4972 4971 1 0.176531 0.176531 18 
-3.11506 5 -0.887528 0.124658 -0.161949 0.00440339 3.95719 22 951 7367 7304 1 0 0 1 
3.38492 0.339185 -5 -0.290193 -0.326877 0.251877 3.83098 22 952 25234 17868 1 0 0 5 
1.63817 5 3.73913 0.244353 -0.440468 0.0647675 3.92459 22 953 26047 25891 1 0.303761 0.303761 3 
-5 0.170929 1.85368 0.170624 -0.548754 -0.213481 5.01584 22 954 9060 8992 1 0.240039 0.240039 14 
-0.15419 5 -3.7569 0.732582 -1.00366 0.0144228 3.90665 22 955 2381 2380 1 0.472551 0.472551 33 
-5 -0.733193 1.34041 0.352124 -0.1701 0.114788 4.15942 22 956 19005 18949 1 0.691315 0.691315 7 
1.98254 -0.641939 -5 5.6966 -12.7028 13.3747 3.85195 22 957 5852 5718 1 0 0 3 
-0.710396 5 2.26849 0.436848 -2.12057 -0.174169 3.90916 22 959 16817 16765 1 0 0 8 
2.60581 -4.49642 5 0.110854 -0.327659 -0.376127 4.27144 22 960 6736 6735 1 0 0 1 
4.53853 5 2.21062 0.189763 -0.0676776 -0.0545294 3.98898 22 962 4302 4276 1 0 0 4 
-4.55621 -3.42904 5 0.0775047 -0.212596 -0.337942 4.15922 22 963 1850 1833 1 0 0 2 
4.21108 3.40715 5 -0.0133483 0.0272267 -0.0145419 3.9618 22 964 24731 24725 1 0.0334883 0.0334883 11 
-0.380582 5 1.68434 0.161832 -0.115189 0.0819218 3.89133 22 966 1037 1 1 0.00771874 0.00771874 8 
-3.67445 5 4.20056 0.802586 -1.14183 1.3062 3.87736 22 967 14421 13713 1 0.126105 0.126105 4 
-2.82732 5 4.70614 -0.221847 -0.339375 -0.275064 4.09225 22 969 4608 4587 1 0 0 2 
-5 2.13622 -0.0921396 0.0559258 -0.256577 -0.0794248 4.02906 22 971 36711 36678 1 0 0 3 
-1.18715 -0.873981 -5 0.308046 0.183353 0.30767 3.88558 22 972 2656 2653 1 0.0755249 0.0755249 7 
-5 -1.57669 -0.26309 0.368306 -0.0563662 0.336205 3.86391 22 973 2732 2644 1 0.606937 0.606937 45 
1.40393 5 -1.41607 0.42571 -0.610181 0.214497 3.91727 22 974 23146 22950 1 0.172195 0.172195 28 
4.78257 5 -1.09473 0.449622 -0.709949 1.05009 3.87112 22 975 29589 29360 1 0 0 3 
-2.14588 5 -3.74276 0.282177 -0.604146 0.0953458 3.88374 22 976 24609 24503 1 0 0 3 
-5 4.7691 -2.75151 0.324056 -0.252096 0.0306742 3.89604 22 977 3369 3096 1 0.328508 0.328508 8 
-4.88632 2.19181 5 0.207621 -0.403166 -0.235522 4.01581 22 978 7313 7282 1 0 0 3 
-2.60966 3.73391 5 0.232159 -0.415338 -0.186324 3.98983 22 979 2790 2749 1 0 0 3 
2.77169 5 0.73932 0.539753 -0.770471 0.00684047 4.02907 22 980 30034 30000 1 0 0 1 
-5 3.00879 -4.98079 0.0903942 -1.09936 0.616263 3.87104 22 981 9939 9801 1 0.421241 0.421241 6 
-2.42891 5 3.57478 0.140163 -0.323562 -0.36984 4.20474 22 982 2755 2754 1 0.418921 0.418921 5 
-5 -2.00445 -3.04441 0.0869285 -0.194148 -0.143502 3.85114 22 983 4594 4521 1 0 0 1 
-5 2.4039 3.68847 0.372992 -0.414718 0.284727 3.94074 22 984 47521 47409 1 0 0 1 
-2.68652 -0.746491 -5 0.0749519 -0.269834 0.224526 3.84586 22 985 19532 19457 1 1.81885 1.81885 17 
-2.01117 5 -3.91761 -0.125543 -0.664735 -0.145134 3.90501 22 987 32782 32734 1 0 0 1 
-5 4.89322 -4.6848 0.497733 -1.43399 0.803852 3.88343 22 988 26722 26721 1 0 0 2 
-3.77143 -2.00517 -5 0.116109 -0.290373 0.188739 3.89134 22 989 21865 21824 1 0.810354 0.810354 4 
-5 3.06726 -4.62668 0.374743 -0.0882186 0.236112 3.92267 22 990 24714 24712 1 0.205767 0.205767 4 
4.85772 5 -3.74221 0.134871 -0.310974 -0.382394 4.1307 22 991 1146 1145 1 0.104627 0.104627 4 
-2.26847 5 0.196997 0.102872 -0.449136 -0.22094 3.92215 22 992 13611 13569 1 0.538324 0.538324 38 
-1.00246 5 -3.41249 0.686813 -0.402611 -0.128873 4.00483 22 993 7143 7114 1 0 0 2 
0.884657 5 2.20262 1.17125 -4.62665 6.0988 3.85107 22 994 15566 15454 1 0 0 4 
0.966256 5 0.219713 0.351205 -0.328455 0.172894 3.91454 22 995 8487 8481 1 0 0 1 
-4.89083 5 0.0752581 -0.252914 -0.504674 -0.0210144 3.9389 22 996 7889 7819 1 0 0 2 
-5 -2.72671 4.01486 0.262828 -0.307683 -0.00127473 4.10905 22 997 13773 13693 1 0.274878 0.274878 5 
-0.862175 5 4.21895 0.259187 -0.322823 -0.299545 4.08226 22 999 4619 4618 1 1.33507 1.33507 51 
-5 2.22311 4.05342 0.0853986 -0.374465 -0.00598554 4.04085 22 1000 1853 1852 1 1.08621 1.08621 29 
