# Det7_2_6
#x y z Px Py Pz t PDGid EventID TrackID ParentID Weight Edep VisibleEdep Ntracks
-5 3.51391 -3.39531 0.191449 -0.392274 -0.265684 3.70807 22 1 43121 43120 1 0 0 1 
-4.98328 5 -3.22796 0.245803 -0.377606 0.0834463 3.60527 22 2 10297 10212 1 0 0 2 
4.66362 5 -4.33988 0.360718 -0.467779 -0.12122 3.6886 22 3 7775 7774 1 0 0 1 
3.13643 5 -3.22876 0.0301421 -0.196759 -0.276611 3.86933 22 6 14691 14689 1 0 0 1 
-5 4.6012 -2.30427 3.45187 -3.34747 -2.32064 3.60331 11 11 35088 2125 1 0.110906 0.110906 3 
0.940485 5 4.98042 0.0722476 -0.0576171 -0.238254 3.6236 22 15 39696 39519 1 0 0 3 
4.37382 4.96811 5 0.374968 -1.20066 -1.29097 3.98224 22 16 13488 13474 1 0 0 2 
-5 4.30225 0.825701 0.190633 -0.133307 0.0742743 3.58538 22 17 39449 39284 1 0 0 2 
-0.413851 5 3.70866 0.288158 -0.300143 -0.296646 3.66731 22 19 1775 1771 1 0 0 1 
-5 3.4562 0.375384 0.190915 -0.444214 -0.165363 3.71791 22 20 14019 13997 1 0.105608 0.105608 2 
-5 1.31453 1.47555 0.305572 0.00730537 -0.664258 4.47502 22 21 34193 34100 1 0 0 1 
2.12229 5 -1.81681 0.230008 -0.423411 -0.0197957 3.63935 22 23 32478 1 1 0.481834 0.481834 26 
1.13905 5 2.81242 0.134996 -0.172123 -0.155637 3.74342 22 24 20127 19865 1 0 0 2 
0.864195 4.7747 5 -0.0240297 -0.1256 -0.356404 3.89419 22 25 18810 18809 1 0.1924 0.1924 3 
-1.17924 5 -0.358646 0.21265 -0.450447 0.114005 3.63537 22 26 11496 11495 1 0 0 2 
-2.12401 5 1.15184 0.225845 -0.221274 -0.0148012 3.70135 22 27 2867 2866 1 0.316123 0.316123 27 
-3.84238 5 0.896855 0.0699527 -0.141309 -0.107266 3.70621 22 28 25803 25802 1 0.19028 0.19028 27 
2.83608 0.482643 5 0.140561 -0.110521 -0.28617 4.13827 22 30 8538 8422 1 0 0 6 
-5 -4.01184 1.91308 0.223145 -0.18885 -0.0692918 3.8654 22 32 2230 2229 1 0 0 1 
2.126 5 -0.292455 0.307382 -0.402694 0.0668862 3.61262 22 33 10170 10169 1 0.0825535 0.0825535 7 
-5 -2.10939 -4.04448 0.307538 -0.0950757 0.0017788 3.61685 22 34 52712 52651 1 0.321469 0.321469 26 
-5 0.782085 -1.73757 0.289544 -0.21016 -0.364852 3.73008 22 35 12287 12260 1 0 0 5 
-1.24358 5 -0.253659 0.237996 -0.347554 -0.289283 3.75078 22 36 2496 2495 1 0.510702 0.510702 24 
4.83329 0.332685 5 0.431895 -0.638846 -2.32582 4.16901 22 39 13443 13409 1 0 0 1 
1.20273 1.56061 5 0.0772255 -0.204623 -0.357299 3.88104 22 41 31609 31568 1 0 0 1 
0.65331 -2.53309 5 0.0865915 -0.363719 -0.666316 4.13658 22 44 21842 21841 1 0 0 1 
2.00065 5 0.789968 0.308192 -0.32995 -0.239313 3.72867 22 45 20281 20280 1 0.126817 0.126817 3 
-3.58718 5 3.15746 -0.0640242 -0.430675 -0.15862 3.69323 22 46 47738 47734 1 0.172551 0.172551 25 
2.2784 2.03088 -5 0.606345 -0.819101 0.841305 3.58888 22 47 6291 6290 1 0.0807901 0.0807901 3 
-4.91862 -1.67531 5 -0.147372 -0.535068 -0.772721 4.05535 22 48 31747 31746 1 0 0 1 
-5 3.5108 0.958994 1.69577 -1.0601 0.228037 3.65879 22 49 22879 22877 1 0 0 2 
0.956064 5 2.57953 0.722523 -0.545012 0.148729 3.61108 22 51 51511 49811 1 0 0 1 
-5 1.14425 -1.78114 0.123508 -0.181216 -0.461548 4.23287 22 52 6191 6190 1 0 0 2 
-5 2.02183 2.00842 0.347773 -0.379633 0.0288548 3.6463 22 53 38895 34170 1 0 0 1 
-3.01103 5 0.214116 0.0174049 -0.131967 -0.660528 4.17221 22 55 45419 45320 1 0 0 3 
-1.11282 -1.60446 5 0.115038 -0.184109 -0.174753 3.66939 22 58 23238 22693 1 0 0 1 
-5 -3.77627 -1.62383 0.0731423 -0.502688 0.0554552 3.66875 22 59 37313 37312 1 0 0 1 
4.3048 5 2.26051 0.282457 -0.53336 -0.030651 3.72189 22 61 41102 41101 1 0 0 2 
-1.41668 -2.54678 5 0.0975791 -0.302268 -0.134726 3.65961 22 62 20051 20049 1 0.14812 0.14812 15 
-2.63925 5 3.1517 0.285188 -0.172129 -0.0211655 3.63076 22 63 17579 17577 1 0.188509 0.188509 3 
-0.806199 -3.01206 5 0.145677 -0.203865 -0.417439 3.8835 22 64 2013 2012 1 0.24792 0.24792 24 
2.40837 -2.61628 5 0.127006 -0.309136 -0.24029 3.79356 22 66 19957 19857 1 0 0 1 
-5 1.66648 3.84881 0.176931 -0.302194 -0.204554 3.72603 22 68 27381 27335 1 0 0 2 
3.30805 5 0.388548 0.170485 -0.244712 -0.414934 3.8868 22 69 46243 46240 1 0 0 1 
0.749281 1.36679 5 0.0806734 -0.365324 -0.36705 3.9213 22 70 14103 14025 1 0.523764 0.523764 21 
3.14761 1.53255 5 0.134355 -0.287452 -0.130564 3.96526 22 71 45822 45801 1 0 0 1 
-0.687406 -2.65915 5 -0.0414101 -0.685745 -0.599921 3.87181 22 74 3899 3898 1 0.865364 0.865364 13 
-5 3.72794 -0.87165 0.293685 0.0585126 -0.206086 3.79837 22 75 30129 30110 1 0 0 1 
3.91568 -0.419159 5 0.171822 -0.453095 -0.502967 4.05724 22 76 21602 21574 1 0 0 1 
2.46048 5 4.12825 2.50209 -3.31223 0.0597577 3.67255 22 77 1020 1 1 0 0 2 
-5 2.28318 3.78674 0.157858 -0.230345 0.188552 3.60433 22 78 6785 1 1 0 0 2 
-3.34783 5 -2.5041 0.154522 -0.213505 -0.323468 3.87426 22 80 27449 27448 1 0.197325 0.197325 12 
-5 2.72157 -2.89799 0.108418 -0.150385 -0.0539411 3.65316 22 82 8514 6207 1 0.192849 0.192849 19 
-4.73853 5 1.26801 0.120106 -0.161776 -0.469599 3.97049 22 84 27148 27128 1 0 0 1 
1.48183 3.87503 5 0.198644 -0.127255 -0.281449 3.8227 22 86 11226 11174 1 0 0 2 
3.50042 5 -0.528509 0.17281 -0.405161 -0.259039 3.76044 22 87 20745 20744 1 0 0 1 
-2.70428 3.41816 5 0.220837 -0.364385 -0.347426 3.75858 22 88 9834 9807 1 0.181014 0.181014 2 
-4.26313 -3.45459 5 0.201755 -0.750769 -0.838319 3.99679 22 90 3567 3566 1 0 0 2 
5 0.764063 1.98168 -0.244872 -0.0527556 -0.00798539 3.58612 22 91 52612 52470 1 0 0 1 
-5 -0.83656 -4.40316 1.65837 -0.346413 0.371738 3.56646 22 95 21026 21025 1 0.54681 0.54681 17 
-5 -1.46345 1.80761 0.375129 -0.365743 -0.270495 3.88666 22 96 34692 34691 1 0 0 1 
2.81563 -2.14515 5 0.850661 -2.0889 -3.4401 4.00261 22 97 25029 24975 1 0 0 1 
-5 0.737743 -0.505178 0.449361 -0.0409068 -1.32887 4.5773 22 99 19845 19841 1 0 0 2 
-0.909945 0.55418 5 1.01729 -1.15419 -1.89981 3.86933 22 100 7929 7871 1 0.312686 0.312686 5 
-3.44655 -4.13269 5 0.132352 -0.252293 -0.200191 3.83657 22 101 18287 18286 1 0.197555 0.197555 2 
-1.17081 5 -1.8957 0.284249 -1.14661 0.927234 3.58155 22 102 26358 26265 1 0 0 1 
-0.969082 -4.18492 -5 0.22552 -0.121585 0.121737 5.322 22 103 1902 1789 1 0 0 1 
-5 4.96235 3.72815 0.1625 -0.153894 0.0970959 3.98128 22 107 11218 11217 1 0 0 1 
4.70241 5 -3.31984 0.216318 -0.391628 0.0346289 3.64652 22 108 13271 13159 1 0 0 1 
3.03208 5 -4.22183 0.218712 -0.28569 -0.34018 3.82485 22 109 12341 12340 1 0 0 2 
3.77074 5 4.67379 0.657949 -1.48045 0.603399 3.62456 22 114 3898 3896 1 0 0 1 
0.491057 5 -0.0176087 0.283573 -0.208939 -0.157321 3.75266 22 117 28336 28322 1 0 0 1 
-0.746673 3.95111 5 0.20391 -0.387457 -0.263472 3.77958 22 118 37302 37299 1 0 0 1 
-5 -1.98108 -2.87408 0.152824 -0.267776 -0.0307205 3.71611 22 120 29747 29729 1 0 0 2 
-2.655 5 4.13498 -2.4441 -2.2941 3.04709 3.573 11 123 1161 1160 1 0.562991 0.562991 6 
0.241547 2.14357 5 0.127397 -0.0420667 -0.456994 5.17567 22 124 3143 3111 1 0 0 1 
3.3329 1.76598 -5 0.292039 -0.591009 0.381846 3.58409 22 126 34698 34696 1 0.382233 0.382233 25 
-5 0.829843 -0.468279 0.21594 -0.371176 -0.179496 3.72248 22 128 41270 41248 1 0.176409 0.176409 26 
-2.69289 5 -3.22434 0.343847 -0.632709 0.266609 3.59916 22 133 21517 19302 1 0.219659 0.219659 3 
-5 0.73587 4.18153 0.143758 -0.296289 0.184305 3.94299 22 135 27257 27093 1 0 0 2 
-3.09433 3.14288 5 0.1563 -0.107865 -0.375413 3.856 22 136 52582 52581 1 0 0 1 
-5 3.81836 4.75008 0.0919634 -0.117552 -0.180555 3.87928 22 137 5533 1566 1 0 0 3 
-2.77747 2.44604 5 0.239075 0.0658734 -0.0972673 4.13609 22 138 12565 12564 1 0.060006 0.060006 3 
-4.07498 5 -4.89652 0.084863 -0.351571 -0.258324 3.65361 22 139 51005 51001 1 0 0 1 
2.32592 -3.27402 -5 0.391446 -0.380114 0.508071 3.64393 22 140 28579 28578 1 0.592289 0.592289 18 
1.52417 2.94351 5 0.37748 -0.433754 -0.497439 3.86739 22 143 27202 27201 1 0 0 2 
-2.33564 5 -3.78001 -0.0596601 -0.173669 0.0589307 3.63562 22 144 20778 20735 1 0.192238 0.192238 32 
3.64831 5 2.20656 0.24067 -0.360289 -0.270905 3.8216 22 145 11599 11571 1 0 0 1 
-3.57438 0.894876 5 -0.0922015 -0.179611 -0.147691 3.76584 22 146 10707 9994 1 0 0 1 
-5 4.99154 -2.77492 0.831736 -0.677688 0.401954 3.60015 22 147 22924 22893 1 0 0 1 
-1.50382 1.74947 5 -0.00518318 -0.533389 -0.883992 3.72886 22 151 14001 13927 1 0 0 1 
-0.518268 -2.34118 5 0.187953 -0.0398867 -1.15561 4.07778 22 152 4216 4208 1 0.229673 0.229673 31 
-3.88645 5 0.786657 0.163966 -0.134068 -0.233823 3.77967 22 153 18100 18057 1 0 0 1 
0.754334 -0.169911 5 0.38369 -0.525359 -1.42281 3.88687 22 159 9772 9771 1 0 0 4 
1.1869 1.2571 5 -0.296163 0.063008 -0.0507411 4.22578 22 161 13914 13912 1 0.277057 0.277057 12 
-1.20672 1.50494 5 0.3791 -0.160853 -0.302538 3.75585 22 162 35980 35979 1 0 0 1 
2.17984 5 4.47447 0.16036 -0.293239 0.00334269 3.69367 22 163 18741 18717 1 0 0 2 
-1.47665 5 3.11897 -0.0553678 -0.251273 0.064857 3.63553 22 165 3333 2287 1 0 0 1 
-0.0648397 1.49184 5 0.0480867 -0.263469 -0.435191 3.72875 22 166 34004 34003 1 0.277492 0.277492 3 
-2.89508 5 1.71201 0.977918 -0.319393 -0.57421 3.63249 22 167 8251 8230 1 0 0 3 
-1.80378 -2.72728 5 -0.0804956 -0.0857817 -0.125857 3.9406 22 170 9880 9859 1 0.171949 0.171949 22 
-5 -0.324956 -4.66875 0.293772 -0.713826 0.172653 3.58451 22 171 2892 1 1 0 0 5 
-1.08962 5 -1.14071 2.54867 -4.04412 3.27386 3.58701 22 173 5418 5347 1 0 0 1 
1.78864 5 -1.76272 0.068831 -0.248269 -0.15647 3.71155 22 175 6119 1 1 0.300785 0.300785 43 
-5 3.8048 -2.89324 0.136043 -0.182504 -0.186024 3.86465 22 177 10145 10039 1 0 0 1 
1.18253 5 4.6222 0.150087 -0.255148 -0.416525 3.83126 22 178 20889 20887 1 0 0 1 
2.50275 -5 4.63966 0.122391 0.205349 0.210426 3.66981 22 179 16710 16489 1 0 0 1 
2.46078 5 4.78201 49.9273 -71.6638 -18.5413 5.67384 2112 180 31071 30925 1 0 0 1 
-1.70188 4.73788 5 0.180471 -0.138828 -0.34813 3.98994 22 181 26288 26286 1 0 0 1 
3.15485 5 -3.23465 0.205789 -0.171998 0.000240695 3.60688 22 182 20040 18765 1 0.267734 0.267734 30 
-5 -4.54521 4.31443 4.72886 -0.331619 -11.3379 3.70853 -11 184 5999 5998 1 8.41756 8.41756 46 
-0.532216 4.46744 5 1.18052 -0.638417 -1.90785 3.8258 22 185 3218 3142 1 0 0 2 
1.8209 -3.22904 5 0.546571 -0.552645 -0.874512 3.96394 22 188 6578 6488 1 0 0 1 
1.66801 5 -0.194002 0.490723 -0.26758 0.00247153 3.61454 22 189 26536 26446 1 6.4803 6.4803 7 
-5 0.555015 -1.46676 0.0690745 -0.498748 0.0871741 4.29077 22 190 29938 29935 1 0 0 5 
-1.87474 5 2.9689 1.06016 -2.57661 3.78554 3.57089 22 191 55003 54774 1 0 0 1 
0.858444 5 -1.66406 1.71526 -1.26148 -0.607037 3.70865 22 192 25482 25264 1 0 0 1 
2.95499 -1.69883 5 0.175575 -0.255539 -0.272184 3.83876 22 193 39810 39806 1 0 0 2 
-2.36487 3.911 5 0.449769 -0.502974 -0.759273 3.77158 22 194 30419 30309 1 0.32591 0.32591 20 
-4.3653 1.2761 5 -0.10581 -0.0461165 -0.362124 4.3653 22 197 19864 19863 1 0 0 2 
-5 2.51664 3.48113 0.282928 -0.143301 -0.40067 3.6714 22 199 31080 31079 1 0 0 2 
-0.550268 5 -3.12169 18.7314 -25.8298 -71.3252 7.3402 2112 201 28035 27868 1 0 0 1 
4.85724 5 0.013563 0.516802 -1.28102 -0.162625 3.67036 22 202 5988 5962 1 0 0 2 
0.102437 5 -3.27816 0.375901 -0.236406 -0.252845 3.62021 22 204 23219 23218 1 0 0 5 
5 3.64243 -1.17366 -0.179537 0.128103 0.0902311 3.58156 22 205 32371 32324 1 0 0 1 
-5 -3.67478 1.15494 0.139171 -0.203841 -0.0875472 3.7345 22 207 47113 47112 1 0.261518 0.261518 26 
1.23308 4.37274 5 0.486539 -2.56107 -2.87973 3.78412 22 208 6397 6396 1 0 0 1 
-2.39624 -3.67829 5 0.238912 0.175856 -0.526846 4.04184 22 209 20909 20908 1 0 0 1 
-4.31896 5 2.6753 -0.0387377 -0.222752 -0.378346 3.98429 22 211 36292 36291 1 0.170818 0.170818 2 
1.47737 5 -1.82208 0.173311 -0.459329 -0.0183126 3.64873 22 215 16617 16590 1 0 0 2 
-0.184361 5 2.97258 0.3386 -0.30112 -0.236213 3.76076 22 216 8534 8516 1 0 0 2 
-5 4.9875 0.117587 0.19588 0.00352986 -0.0639948 3.79262 22 218 17077 17075 1 0 0 1 
-4.08634 5 0.980309 0.745496 -1.01906 0.540665 3.58631 22 220 50606 50507 1 0 0 1 
-2.36948 -2.71871 5 0.08686 -0.0250787 -0.201655 4.00374 22 222 4101 3752 1 0 0 1 
4.28759 5 -3.48031 0.265854 -0.432315 -0.0595411 3.65289 22 223 12357 12356 1 0 0 2 
-2.39774 5 -4.53825 -0.0614265 -0.392926 -0.320868 3.76033 22 227 30352 30351 1 0 0 3 
-5 -1.37081 2.23708 0.205864 0.0212814 -0.0369861 3.61277 22 229 32945 29195 1 0.0839813 0.0839813 6 
-5 4.97526 1.74449 0.79634 -0.553992 0.125692 3.63467 22 230 12151 12102 1 0 0 1 
3.48539 5 -0.390814 0.713497 -0.721588 0.462719 3.61552 22 235 17193 17106 1 0 0 1 
-5 2.04029 -3.98045 0.162402 -0.223318 0.0117155 3.6258 22 237 46920 46919 1 0 0 2 
-5 -0.348088 -0.987911 0.176651 -0.40307 -0.259709 3.70901 22 238 3367 3336 1 0 0 1 
0.358551 5 3.74721 -0.494609 -1.56311 -3.23074 4.00685 22 239 8950 8925 1 0.676816 0.676816 32 
3.6282 -2.06445 5 -0.0192162 0.414322 -2.3905 3.77292 11 246 39692 39691 1 1.78344 1.78344 5 
2.23967 -5 0.444474 0.147379 0.081039 -0.107765 3.80759 22 247 26741 21166 1 0 0 2 
0.789446 5 2.95877 0.47342 -0.288434 -0.0484624 3.69681 22 248 49498 49497 1 0 0 1 
4.8573 5 -2.25963 0.00580707 -0.215758 0.0152663 3.61104 22 250 14250 14162 1 0.245605 0.245605 23 
3.72044 0.7105 5 0.478203 -0.575275 -0.493365 3.76651 22 251 30307 30189 1 0 0 2 
-4.34252 5 -1.83458 0.146695 -0.483982 0.073224 3.60041 22 253 42921 42893 1 0.510658 0.510658 24 
-5 4.37657 -2.02995 0.142224 0.00290037 0.0236261 3.66921 22 254 30452 30451 1 0.143873 0.143873 22 
-2.86782 5 2.47516 0.137265 -0.415069 0.0648762 3.63649 22 256 46441 46261 1 0 0 2 
-4.75413 5 4.30623 0.283709 -0.602818 0.328641 3.59013 22 257 25964 25891 1 0 0 6 
-0.135788 5 1.00786 0.246596 -0.395975 0.0118064 3.72261 22 259 15949 15923 1 0 0 2 
-3.5167 3.68573 5 0.377039 -0.338768 -0.0647874 3.65863 22 262 7371 7369 1 0 0 5 
-5 2.50744 -1.17369 0.131111 -0.143294 -0.430488 4.27262 22 271 17915 17810 1 0 0 3 
-2.21793 5 -3.25397 0.247976 -0.270281 -0.355775 3.82225 22 273 27790 27779 1 0 0 1 
-5 3.19834 3.09781 0.261638 -0.330887 -0.288408 3.72969 22 274 49462 49461 1 0 0 1 
-4.13913 4.83667 -5 0.789631 -1.39812 0.467218 3.59607 22 275 37693 37692 1 0 0 1 
-0.00990132 2.8091 5 -0.0235899 -0.333111 -0.386782 3.85889 22 276 1540 1539 1 0 0 2 
0.650735 -0.335174 5 0.101391 -0.143546 -0.314282 3.93142 22 278 14580 14548 1 0 0 1 
-0.90086 5 -1.54317 -0.0233696 -0.185578 -0.0781479 3.99089 22 279 40754 40728 1 0.202149 0.202149 31 
2.22875 5 4.52718 0.0475182 -0.156467 0.0855418 4.0182 22 280 18446 18386 1 0 0 1 
-0.309435 -3.75678 5 -0.256883 -0.0201125 -0.0958634 4.12932 22 282 49741 49722 1 0.274725 0.274725 13 
-3.33395 -2.72491 5 0.263818 -0.419673 -0.124073 3.68673 22 284 2841 2840 1 0 0 2 
-5 1.23531 -1.06603 0.218248 -0.338561 0.0870012 3.65163 22 286 2671 2575 1 0.0643685 0.0643685 5 
-3.0342 5 -4.64511 0.654406 -0.547981 0.184415 3.59364 22 287 12335 12309 1 0 0 1 
-5 -0.405523 4.85052 0.289703 -0.420849 0.0088405 3.64383 22 288 26769 26768 1 0 0 1 
-0.394474 -5 -2.24677 -0.0679904 0.250524 -0.102369 3.6689 22 289 39833 39832 1 0 0 1 
3.82705 -2.64852 5 0.846678 -0.497787 -1.16136 3.8554 22 290 15076 15026 1 0 0 2 
-5 -4.92321 4.39672 0.245555 -0.382777 -0.233033 3.74948 22 291 4365 4327 1 0 0 1 
-2.4491 0.937087 5 -0.0770552 0.106198 -0.298223 3.89429 22 292 28341 28339 1 0.259291 0.259291 3 
0.833014 -2.93989 -5 0.0857137 -0.412351 0.0775246 3.59514 22 293 4467 4209 1 0 0 1 
-3.71382 5 -4.4843 0.119378 -0.516531 -0.290958 3.74949 22 295 46051 46050 1 0 0 1 
-3.58799 4.23889 5 0.300956 -0.379381 -0.163141 3.69173 22 297 7319 7315 1 0.148244 0.148244 4 
0.785835 5 3.46902 0.214034 -0.535166 -0.230025 3.72901 22 298 42947 42839 1 0 0 1 
-5 -0.655066 -1.86318 0.0782637 -0.336603 0.0182449 3.64176 22 299 5893 5871 1 0 0 2 
-4.51776 -1.75943 5 0.499168 -2.06072 -5.60935 5.21345 22 301 12310 12308 1 0.450088 0.450088 16 
-5 3.4807 2.76224 0.372916 -0.245356 0.248704 3.63656 22 302 4142 4129 1 0.54167 0.54167 44 
-5 -1.11972 -4.11721 0.308223 -0.369983 0.18004 3.58253 22 304 1624 1565 1 0 0 1 
-4.43293 5 -0.524458 0.0302435 -0.352246 -0.368955 3.67581 22 306 4708 4692 1 0 0 1 
-5 3.98791 1.73367 0.213985 -0.829714 -0.0487789 3.6412 22 307 30958 30932 1 0.510551 0.510551 30 
-0.14662 -0.431111 5 0.241599 -0.246873 -0.376568 3.84832 22 308 22965 22947 1 0 0 1 
-4.36126 -3.67076 5 0.788163 -0.851537 -2.05779 3.89003 22 309 8445 8360 1 0 0 1 
-5 -1.20235 3.25611 0.784445 -1.77659 0.486831 3.61812 22 310 8556 8481 1 0 0 2 
-3.52742 5 3.19018 0.581308 -0.560733 -0.226963 3.63409 22 311 33871 33869 1 0.202045 0.202045 29 
-5 3.12553 -1.35711 0.069489 -0.246119 -0.600297 3.91461 22 312 5538 5523 1 0 0 4 
-1.99226 5 2.79075 0.219197 -0.461025 -0.0229827 3.69552 22 318 36013 36012 1 0.221313 0.221313 2 
2.36178 0.693755 -5 0.183257 -0.286884 0.391676 3.56539 22 319 30672 30643 1 0 0 2 
3.25919 5 1.14445 0.539188 -0.78347 0.491821 3.62699 22 320 40489 40457 1 0 0 1 
3.34708 5 2.04741 0.229568 -0.213772 -0.145197 3.73588 22 323 5260 4078 1 0 0 1 
2.47915 4.82255 5 0.0330259 -0.131047 -0.191879 3.80493 22 324 18530 18485 1 0.234317 0.234317 27 
-5 -2.67745 4.52289 0.16576 -0.302212 0.103771 3.62949 22 325 34083 33520 1 0 0 1 
-4.57933 5 -1.6095 0.152789 -0.273109 0.202091 3.60123 22 327 61496 61464 1 0.194632 0.194632 3 
4.2577 -4.16713 5 10.1523 -22.1273 -22.2698 3.87288 22 328 16958 16674 1 1.86314 1.86314 19 
-1.25683 1.50158 5 0.114919 -0.209466 -0.155824 3.68535 22 329 1434 1 1 0 0 1 
-5 3.08479 -0.947358 0.202324 -0.237158 -0.0664134 3.79964 22 330 33868 33835 1 0.318242 0.318242 30 
-5 4.98865 -3.90249 0.667203 -1.53926 0.754902 3.57679 22 331 43747 43745 1 0 0 3 
0.69716 2.34389 5 0.199065 -0.357329 -0.306283 3.87855 22 332 3172 3171 1 0.193803 0.193803 30 
-4.15757 -3.31527 5 0.0685537 -0.12996 -0.489419 4.08079 22 335 7927 7903 1 0 0 2 
4.84647 5 3.66995 0.392091 -0.671402 -0.410037 3.83661 22 338 43619 43544 1 0 0 1 
-1.13733 5 -0.760574 0.137277 -0.18421 -0.456444 3.92479 22 340 54335 54314 1 0 0 1 
-5 1.31728 0.078308 0.371455 -0.528244 -0.667791 3.78154 22 341 21686 21685 1 0.273612 0.273612 3 
2.786 5 4.42028 0.157301 -0.337027 0.00982873 3.63771 22 343 34267 34265 1 0.338326 0.338326 12 
-2.88716 5 3.04559 0.0667014 -0.22828 -0.27265 3.82688 22 344 22912 22858 1 0.509519 0.509519 27 
-4.17576 5 1.90194 0.169029 -0.325251 -0.10235 3.65756 22 345 13141 11550 1 0 0 3 
-4.26015 -2.73095 5 0.258416 -0.131012 -0.556849 4.01707 22 346 53966 53965 1 0 0 1 
-5 -1.87923 0.966489 0.414628 -0.646662 0.789981 4.58722 22 347 37573 37551 1 0 0 2 
0.292289 4.79723 5 0.146542 -0.133228 -0.471058 4.07277 22 354 23537 23503 1 0 0 1 
-0.148654 5 1.32173 0.16223 -0.243783 -0.0929406 3.67194 22 355 4914 1 1 0.306954 0.306954 22 
4.03886 -1.63929 5 0.0845186 -0.182952 -0.46958 4.06759 22 357 6093 6067 1 0 0 1 
4.17154 4.53233 5 0.292061 -0.348128 -0.233724 3.7431 22 359 3579 3561 1 0 0 1 
-0.498685 4.19648 5 0.0912526 -0.416836 -0.741734 4.18936 22 360 41715 41660 1 0.407291 0.407291 2 
-0.484462 -0.901145 5 0.406367 -0.489155 -1.69815 4.05331 22 370 41402 41388 1 0 0 2 
-0.00901588 -2.59461 -5 1.42316 -1.36994 0.17838 3.65014 22 372 7755 7754 1 0 0 1 
-2.10998 5 -0.263962 0.25767 -0.561603 -0.275145 3.67865 22 375 18657 18621 1 0 0 1 
3.03843 5 -3.90237 0.438147 -0.387246 0.112529 3.6969 22 376 5535 5508 1 0.399003 0.399003 2 
-0.734895 -4.13234 5 0.147119 0.192438 -0.116658 3.78989 22 378 11257 11243 1 0.268403 0.268403 29 
0.355926 0.810233 5 0.157867 -0.146303 -0.408328 3.79946 22 380 4094 4074 1 0 0 7 
-5 4.22989 3.3512 0.328098 -0.3479 0.0813392 3.69531 22 381 69087 69069 1 0 0 1 
-5 3.21408 0.573379 0.156725 -0.427623 0.142542 3.61365 22 383 11175 11154 1 0 0 1 
-5 4.18267 -1.2587 1.80815 -2.76488 0.1532 3.61089 22 384 23185 23151 1 0 0 1 
-5 4.53067 4.167 0.201688 -0.038199 -0.143912 4.54452 22 386 1301 1238 1 0.00673734 0.00673734 3 
2.05042 -1.98584 5 0.023082 -0.294348 -0.417069 3.96742 22 387 42440 42414 1 0 0 1 
-5 4.48617 -3.71128 0.275906 -0.202836 -0.0991429 3.98068 22 389 8751 8750 1 0 0 2 
0.863416 -4.93019 5 0.188464 -0.367822 -0.300513 3.7678 22 390 8586 8585 1 0 0 2 
-1.3565 5 -0.26915 0.175947 -0.260262 -0.403021 3.82343 22 391 26411 26371 1 0.32016 0.32016 2 
-2.18979 2.88981 5 0.344518 -0.357775 -0.120101 3.80501 22 392 48574 48573 1 0 0 1 
-3.26974 -1.93051 5 0.229918 -0.0322506 -0.191946 3.66996 22 393 11674 11673 1 0.300899 0.300899 20 
-4.65506 5 4.78028 0.0820469 -0.160133 0.478273 3.60098 22 394 23643 23585 1 0 0 1 
3.5179 -0.715516 -5 0.297294 -0.395601 0.12742 3.66305 22 395 17983 17959 1 0.0116168 0.0116168 3 
-5 4.45411 -1.16894 1.59803 -1.78176 1.81311 3.56153 22 396 51450 51448 1 0 0 2 
-0.662068 5 -4.69395 0.217155 -0.441899 -0.136707 3.6472 22 397 35211 35208 1 0 0 1 
0.447812 -1.41116 5 0.0922414 -0.323754 -0.384441 3.87701 22 398 23651 23619 1 0 0 1 
-2.17141 2.0948 5 0.813514 -1.49583 -1.11742 3.74613 22 401 26141 26139 1 0 0 2 
-3.05248 5 0.827504 0.134524 -0.13824 -0.473194 4.02809 22 402 16475 16474 1 0 0 2 
0.708646 5 0.741947 0.960406 -0.970306 -0.8715 3.85756 22 403 53333 53332 1 0 0 1 
-2.43769 5 4.2869 0.131441 -0.229961 -0.224927 3.85015 22 404 36324 36323 1 0.347145 0.347145 24 
-0.484961 5 -2.71457 -0.0806016 -0.215481 -0.0696867 3.67674 22 405 4356 4355 1 0.240073 0.240073 23 
2.91006 5 -2.01914 0.501046 -0.672647 -1.00349 3.83348 22 406 31227 31226 1 0 0 2 
-2.83739 5 -1.43074 3.30795 -9.71945 0.0639393 3.62472 11 410 26827 26670 1 7.54757 7.54757 29 
-3.34357 5 3.55713 3.88121 -2.6532 -5.36702 3.7768 22 412 36733 36731 1 0 0 1 
1.97213 0.529974 5 0.109459 -0.201893 -0.178804 3.9304 22 414 14856 14832 1 0 0 1 
-5 0.835139 3.00539 0.236277 -0.419221 0.171892 3.62786 22 415 26175 26174 1 0 0 2 
0.835154 5 4.84522 0.25437 -1.12079 -2.73314 3.90412 22 416 25141 25140 1 0 0 1 
-2.44579 0.715615 5 0.416115 -0.216042 -0.20321 3.75226 22 418 25117 25116 1 0.186126 0.186126 2 
-5 3.83442 -1.19512 0.197388 0.0708256 0.0992295 3.78323 22 420 29990 29910 1 0 0 1 
-4.84065 1.17127 -5 0.494322 -0.934752 0.853625 3.5686 22 421 53701 53427 1 0 0 1 
-4.55182 5 2.81484 8.713 -22.7589 -31.4352 7.88667 2112 423 10137 10065 1 0 0 2 
1.6436 -3.71378 5 0.260651 -0.339385 -0.222602 3.70842 22 425 32400 32316 1 0 0 2 
-0.161286 5 3.60733 5.81376 -8.7012 0.876026 3.66001 22 426 3140 3118 1 0 0 5 
-5 0.287045 -4.28102 0.209309 -0.46363 0.0485441 3.62277 22 427 54118 54074 1 0 0 1 
-4.35235 5 -0.0715608 0.968996 -2.15054 0.870195 3.57859 22 428 41905 41903 1 0 0 1 
-3.42746 0.270358 5 0.163598 -0.125549 -0.352073 4.06594 22 429 25236 25215 1 0 0 1 
2.2379 -1.78576 5 0.0742106 -1.40991 -1.16701 3.80963 22 430 31845 31710 1 0 0 1 
-3.44542 -2.22794 5 -0.0201277 0.286767 -0.378781 3.93769 22 431 51077 51003 1 0.47533 0.47533 12 
-5 1.82991 -0.172419 0.313576 -0.0723529 -0.305761 3.80955 22 433 13518 13496 1 0.255859 0.255859 3 
4.75011 5 1.98679 0.357458 -0.316894 -0.181445 3.7146 22 434 6636 6635 1 0.208766 0.208766 25 
1.66345 3.38968 5 0.7485 -1.7702 -2.25298 3.85269 22 439 51628 51542 1 0 0 2 
-0.407174 5 -0.921372 0.22765 -0.457321 0.0123666 3.62112 22 440 13489 13488 1 0 0 1 
3.25711 -4.37154 5 20.8921 -31.9702 -33.9647 8.06283 2112 441 42064 41884 1 0 0 1 
-5 1.49137 3.30082 0.490258 -1.33151 0.114726 3.69772 22 442 30433 30432 1 0 0 1 
-5 2.28149 -4.4687 0.330876 -0.0518465 -0.166666 3.70699 22 444 8535 8534 1 0 0 2 
0.211695 5 -2.28872 0.416697 -0.325545 -1.12124 3.99441 22 445 26143 25675 1 0.26842 0.26842 3 
-5 -0.526669 4.08757 0.235739 -0.308605 -0.33213 3.82998 22 446 35952 35951 1 0 0 2 
-5 -1.65641 4.41988 0.121886 0.120632 0.111599 4.04443 22 447 15031 15030 1 0.0524232 0.0524232 3 
-5 -0.53367 3.19663 0.33074 -0.5616 -0.27044 3.66517 22 450 33959 33912 1 0 0 2 
2.7738 -0.927546 5 1.38086 -0.236295 -1.4397 3.91744 22 451 6133 6021 1 0 0 1 
-3.7672 -1.15095 5 -0.0964156 -0.0246686 -0.222576 4.30441 22 452 1736 1735 1 0 0 1 
-2.13128 -3.5444 5 1.16987 -1.90191 -3.50243 4.85267 22 453 16561 16511 1 0 0 2 
-5 -0.0859125 1.56824 0.320653 -0.452596 0.0918711 3.66575 22 454 39791 39790 1 0 0 1 
-1.08405 3.24334 5 0.103329 -0.21811 -0.198859 3.77771 22 456 15689 15667 1 0 0 2 
2.21981 -0.293297 5 0.155279 -0.239718 -0.250843 3.72483 22 457 38129 38128 1 0 0 3 
-1.54579 5 -2.51456 0.0649116 -0.114072 -0.491099 4.15627 22 458 3626 3625 1 0 0 1 
-5 -3.45222 -0.467452 0.210668 -0.0615311 -0.0628542 3.77286 22 459 15021 14782 1 0 0 1 
3.63122 -1.14296 5 0.226861 -0.149383 -0.17799 3.80244 22 460 22395 21791 1 0 0 5 
-4.37758 -3.82161 5 0.187113 -0.167075 -0.24109 3.83286 22 463 41894 41776 1 0 0 1 
-2.59507 5 2.11382 -0.103797 -0.173025 0.069674 3.79055 22 464 11022 11021 1 0.137621 0.137621 4 
-0.314427 0.896231 5 0.0407833 -0.302646 -0.303133 4.39956 22 465 35707 35611 1 0 0 1 
-5 0.0340403 -4.79399 0.428554 -0.567895 0.297484 3.60157 22 467 15804 14469 1 0 0 1 
-0.499681 -1.44471 5 0.235581 -0.352199 -0.285618 3.79263 22 468 19500 19480 1 0.259916 0.259916 2 
0.574493 1.01841 5 0.346091 0.0104526 -0.447007 3.97696 22 469 2974 2973 1 0 0 1 
-5 1.35747 2.27288 0.269481 -0.226552 -0.180151 3.83916 22 470 38230 38208 1 0 0 1 
-0.249722 5 -3.29018 0.366878 -0.338943 -0.262515 3.76069 22 471 1975 1933 1 0.388264 0.388264 9 
-3.92972 -2.17302 -5 0.237371 -0.408915 0.193814 3.60438 22 472 57201 57199 1 0 0 4 
2.79123 5 -3.97366 0.590111 -0.463395 -0.257385 3.65238 22 473 51488 51487 1 0 0 1 
-1.31483 2.06315 -5 1.80322 -2.33355 1.32965 3.58049 22 474 6149 6122 1 0 0 1 
0.26605 5 -1.84127 -0.0550413 -0.169183 0.287767 3.71594 22 475 26167 26166 1 0.110177 0.110177 2 
-4.83108 -1.92555 5 -0.163966 0.0255282 -0.504341 4.02166 22 478 8599 8577 1 0 0 1 
-5 -3.22152 3.44625 0.221847 -0.118571 -0.00239157 3.70184 22 479 19939 19863 1 0 0 2 
-3.1797 -3.66755 -5 0.967369 -3.18664 1.83859 3.60035 22 480 27948 27925 1 0 0 3 
-5 2.35083 1.32108 0.310318 -0.398751 0.00429255 3.66661 22 481 21181 21180 1 0 0 1 
-3.64544 5 1.93388 0.0797967 -0.144789 -0.142021 3.79707 22 482 24931 24930 1 0.217833 0.217833 10 
4.39201 -2.24147 5 0.48828 -0.713788 -2.30576 5.13208 22 483 32122 32092 1 0 0 1 
-5 -0.413559 -1.90743 0.276057 -0.047526 -0.395577 3.79054 22 484 24328 24279 1 0 0 2 
1.82113 5 4.91781 0.230332 -0.200695 -0.366313 3.92551 22 487 3791 3762 1 0.219309 0.219309 4 
-3.41397 -4.26008 5 0.0119906 -0.128427 -0.494452 4.53201 22 488 12598 12597 1 0 0 1 
-5 -1.00123 -0.712577 0.0930079 -0.388505 -0.125163 3.85719 22 489 10329 10303 1 0 0 3 
3.63473 5 1.40728 0.0269419 -0.26295 -0.148741 4.13729 22 491 37354 37353 1 0 0 2 
0.0238326 -2.37926 5 0.206438 -0.163285 -0.408412 3.94647 22 492 35943 35911 1 0 0 1 
0.894981 5 3.88133 0.317214 -0.34639 -0.201268 3.66327 22 493 5358 5339 1 0.459631 0.459631 24 
-3.90005 1.95644 5 -0.561904 -1.15981 -3.39608 4.22006 22 494 24198 24197 1 0 0 1 
-5 -3.3027 3.62288 1.02292 -4.67102 0.100615 3.63917 22 495 5202 5201 1 0 0 2 
-5 -2.70174 -1.3885 0.0715647 -0.195559 -0.146106 3.67688 22 496 43988 43750 1 0 0 2 
-5 2.70662 -1.26584 0.406516 -0.983225 0.14597 3.61823 22 497 5303 5240 1 0.290009 0.290009 24 
1.18617 5 2.78178 0.0885193 -0.109307 -0.49126 4.09028 22 498 21926 21923 1 0 0 2 
-0.256297 -1.54424 5 0.0284566 0.00733078 -0.301292 4.13752 22 499 10100 10099 1 0 0 1 
-4.15714 -4.79405 -5 -0.0842692 -0.0182552 0.283472 3.64343 22 500 26382 26352 1 0 0 1 
-0.899759 3.71704 5 0.262405 -0.39935 -0.181061 3.7509 22 501 21780 21779 1 0 0 1 
3.91713 2.84259 5 0.179569 -0.126477 -0.17382 4.1382 22 502 50125 50091 1 0 0 1 
-1.80163 5 1.84918 0.360297 -0.886395 -0.92607 3.7243 22 503 45484 45405 1 0 0 1 
-4.66745 5 -1.57393 0.240988 -0.37659 -0.579088 3.76134 22 504 26161 26160 1 0 0 2 
3.81899 -1.63019 -5 0.0900615 -0.257734 0.233226 3.58091 22 505 46229 34906 1 0 0 1 
-5 -3.2244 -1.91536 0.676822 -1.25228 2.08726 3.56155 22 506 51310 51282 1 0 0 1 
-5 4.34974 -2.05393 0.0868725 -0.00599255 0.324209 3.58215 22 507 25254 25253 1 0 0 2 
-2.99807 2.11756 5 0.0523556 -0.225182 -0.325152 3.85996 22 508 10435 10434 1 0.398622 0.398622 22 
-1.4275 -1.543 5 0.0615487 -0.149241 -0.394151 4.18486 22 509 10274 10273 1 0.425673 0.425673 17 
-5 4.2409 4.86536 0.21232 -0.453541 0.101689 3.62723 22 515 40590 40569 1 0 0 1 
-2.99773 5 -3.17642 0.161868 -0.354121 0.0199793 3.64326 22 516 13399 13354 1 0 0 2 
-4.46935 5 2.09685 0.0832315 -0.283976 -0.0875991 3.63913 22 517 14039 1 1 0 0 1 
-3.03405 5 1.80166 0.0848055 -0.227925 -0.160181 3.6766 22 518 17560 17431 1 0.29081 0.29081 25 
-0.802384 5 3.10361 0.258107 -0.0940015 0.0507928 3.62465 22 520 29808 29801 1 0 0 1 
0.727128 5 0.87781 0.593017 -0.548586 0.530915 3.58016 22 521 25800 25322 1 0 0 1 
-5 -2.42823 0.818349 0.486828 -0.55678 -0.0715403 3.65932 22 522 6223 6171 1 0.458724 0.458724 6 
2.9284 5 -2.9285 0.419221 -0.257826 -0.137475 3.73149 22 523 21643 21642 1 0 0 2 
0.965821 -2.10755 5 0.0817562 -0.322561 -0.724199 4.17631 22 527 28332 28284 1 0.457353 0.457353 4 
4.77279 2.73008 5 -0.0976988 0.0996559 -0.0819566 3.79567 22 529 14816 14815 1 0.161495 0.161495 24 
1.66273 5 3.74211 0.289818 -0.275583 -0.318088 3.89969 22 533 9533 9532 1 0 0 3 
-1.59867 -0.727991 -5 0.0654624 -0.178125 0.195609 3.57697 22 534 46840 46757 1 0 0 1 
-5 -1.09047 0.625125 0.152226 -0.171867 -0.156535 3.78156 22 535 23806 23805 1 0.277561 0.277561 21 
-1.87747 -1.73199 5 0.338665 -0.262747 -0.27819 3.7791 22 536 32780 32779 1 0 0 1 
-4.18106 -2.78148 5 -0.155302 -0.359609 -0.581146 4.008 22 537 4657 4656 1 0 0 1 
-1.05175 -1.93327 -5 0.382319 -0.412748 0.372011 3.5989 22 538 45134 45075 1 0 0 1 
-1.39598 0.665386 -5 0.259029 0.00336963 0.440469 4.19943 22 540 2125 2102 1 0 0 1 
5 -1.18125 4.73703 -0.129598 0.0102745 -0.3654 4.38321 22 541 12265 12243 1 0 0 1 
-5 3.49286 -4.82925 0.0796307 -0.106414 -0.493412 4.29279 22 542 10055 10054 1 0 0 2 
2.6781 -2.95689 -5 0.109651 -0.107782 0.14434 3.7146 22 543 17097 16262 1 0 0 1 
-0.611835 -5 0.277017 0.248404 0.0942475 0.0332987 3.92525 22 545 44656 44644 1 0 0 1 
-3.2165 -4.26547 5 1.04832 -1.39718 -2.13666 3.8459 22 548 50389 50388 1 0 0 1 
-2.3433 5 1.92781 0.139934 -0.285534 -0.400011 3.77913 22 551 24894 24893 1 0 0 2 
-1.66423 3.07094 -5 0.241677 -0.10641 0.117059 3.67569 22 552 46345 46317 1 0.00494259 0.00494259 5 
-4.695 -1.57265 5 0.121416 -0.235234 -0.250331 3.74409 22 558 20566 20427 1 0 0 1 
-3.69033 5 1.89875 3.93858 -4.30681 0.480461 3.60136 22 559 54671 54670 1 0 0 1 
-3.46141 -0.583757 5 0.0919152 -0.184399 -0.46762 3.9781 22 561 41320 41319 1 0 0 1 
-3.00482 2.49201 5 0.200055 -0.26188 -0.182805 3.72218 22 562 32757 32735 1 0.0936257 0.0936257 3 
-4.05992 5 -3.49284 0.467262 -0.650767 -0.387594 4.68915 22 565 24175 24138 1 0 0 1 
5 -1.15811 2.66833 -0.263308 0.115281 0.201486 4.57259 22 569 1737 1735 1 0 0 3 
0.0902884 2.57981 5 -0.0993951 -0.24962 -0.307994 3.81497 22 570 22278 22277 1 0 0 2 
2.03944 5 -2.21247 0.293015 -0.129705 -0.0638721 3.64327 22 571 3175 2439 1 0.0908758 0.0908758 3 
0.248048 -1.94481 -5 2.49883 -2.54157 1.41796 3.59542 22 573 53360 53329 1 0 0 1 
-0.961573 2.59514 5 0.0844574 -0.140787 -0.483907 4.14255 22 575 21488 21487 1 9.27124e-05 9.27124e-05 1 
-3.04591 5 4.57142 -0.0388719 -0.188174 -0.0953375 3.66749 22 576 17528 17527 1 0.333834 0.333834 6 
-4.09824 0.846429 5 0.21334 -0.0397797 -0.462627 3.86327 22 577 28100 28096 1 0 0 1 
-4.63834 -0.280764 5 0.042584 -0.515424 -0.344132 3.71228 22 578 30994 30971 1 0 0 1 
-0.205292 -0.305829 5 0.112122 -0.325414 -0.377696 3.85559 22 581 24538 24502 1 0 0 4 
-3.6343 5 2.34769 0.151698 -0.337559 0.174576 3.59716 22 583 42844 41862 1 0 0 1 
-4.65204 -3.1222 5 0.109513 -0.0123194 -0.498974 4.14689 22 584 14246 14245 1 0.0333155 0.0333155 20 
1.30176 5 -4.80407 0.253215 -0.0764702 0.0355996 3.82562 22 587 28629 28628 1 0 0 1 
-2.44996 5 -1.81753 2.89274 -2.16679 1.21866 3.62497 22 588 22382 22381 1 0 0 1 
-5 2.16348 -2.60378 0.392417 -0.419984 -0.279837 3.68358 22 589 24368 24367 1 0.0776351 0.0776351 3 
-5 -0.915382 0.623573 0.232166 -0.207863 -0.158633 3.72564 22 591 9288 9216 1 0.349417 0.349417 18 
0.317073 5 -2.84308 0.105162 -0.354575 -0.422058 3.78153 22 592 17433 17311 1 0 0 1 
0.511736 5 -3.22224 0.032103 -0.283818 -0.0711513 3.64838 22 593 57099 57098 1 0 0 1 
-5 2.38156 -4.27843 0.377863 -0.843901 -0.24753 3.66274 22 594 23288 23259 1 0 0 1 
1.40629 -4.20402 5 -0.195725 -0.087652 -0.349275 4.05179 22 595 13373 13372 1 0 0 4 
-2.52591 3.15815 -5 -0.0775714 -0.402311 0.22913 3.5697 22 596 13725 13116 1 0 0 3 
3.10948 -4.32279 5 0.232577 -0.51943 -1.14222 4.01028 22 598 10835 10804 1 0 0 2 
-5 1.30078 -3.98198 0.358637 -0.355443 0.0784838 3.59221 22 600 6015 6014 1 0.388927 0.388927 4 
-3.92519 5 -4.412 0.115016 -0.346403 -0.357626 3.80741 22 603 11049 11048 1 0 0 1 
-5 3.5462 -3.81326 0.241395 -0.099875 -0.341924 4.15617 22 605 8237 8214 1 0 0 2 
2.20355 5 1.83975 -0.139093 -0.136392 0.084662 3.70793 22 606 16985 16859 1 0 0 1 
-0.789253 4.97533 -5 2.98006 -2.42353 1.0909 3.59344 22 607 23661 23591 1 0 0 2 
1.61461 3.65018 5 0.485871 -0.46671 -0.42993 3.88861 22 610 33348 33311 1 0 0 1 
2.86907 -1.81476 5 0.0864368 -0.255083 -0.434259 3.94316 22 611 13218 13217 1 0 0 4 
2.5159 -3.2063 5 0.726878 -2.57976 -1.92188 3.76871 22 612 20201 20095 1 0 0 1 
3.35103 5 -1.07795 0.116144 -0.496907 -0.0267135 3.90069 22 614 12807 12805 1 0 0 1 
5 1.69014 2.56433 -0.190514 -0.462485 0.104556 3.66834 22 615 38483 38456 1 0 0 1 
-1.66326 0.634199 5 0.057521 -0.153494 -0.152227 3.72746 22 616 37843 37809 1 0 0 3 
-2.14857 5 -1.84508 -0.202034 -0.0913587 -0.244963 3.65671 22 617 25639 25567 1 0 0 3 
-5 -1.29843 -1.88547 0.389158 -0.0991243 -0.154373 3.60203 22 620 13037 1 1 0.222817 0.222817 23 
-2.86398 -2.31849 -5 0.231463 -0.452933 0.0489552 3.63256 22 623 13753 13731 1 0.246356 0.246356 38 
2.11534 -0.60171 5 0.291846 -0.2841 -0.522453 3.81909 22 625 31608 31607 1 12.3909 12.3909 93 
-5 2.28229 3.53127 0.141811 -0.2287 -0.143786 3.71536 22 627 23788 23448 1 0 0 2 
-1.38941 -2.73883 5 0.23556 -0.202687 -0.277212 3.85356 22 630 36089 36088 1 0 0 1 
0.230659 5 -2.82604 0.383159 -0.241633 -0.23648 3.71079 22 632 11988 11986 1 0 0 1 
2.08546 5 -1.3548 0.185284 -0.231353 -0.18591 3.71716 22 635 13220 13145 1 0 0 1 
-5 2.40978 2.16297 0.222196 -0.414372 -0.200112 3.71277 22 636 5375 5352 1 0 0 4 
1.93444 5 -0.077626 0.485752 -0.151713 -0.0463463 3.63573 22 637 38759 38758 1 0 0 1 
4.46389 -0.713435 -5 0.0222963 -0.228856 0.0511317 3.60984 22 638 1207 1206 1 0.235169 0.235169 24 
-3.89726 2.29339 -5 -0.108174 -0.0188109 0.155068 3.65085 22 640 48960 47376 1 0.189447 0.189447 35 
4.95726 5 -1.56539 -0.0332925 -0.195108 -0.267671 3.77816 22 642 44423 44422 1 0 0 1 
-3.22472 -1.44291 -5 0.152931 0.070734 0.0334054 3.80659 22 644 28247 27797 1 0.17139 0.17139 27 
2.22584 5 1.62735 0.0675576 -0.381592 -0.269376 3.72233 22 645 25730 25707 1 0 0 1 
-4.50799 -3.71429 5 0.0440707 -0.393963 -1.50908 4.30078 22 646 29723 29670 1 0.936378 0.936378 2 
-5 -3.38234 3.46063 0.507296 -1.0475 0.837303 3.59763 22 647 30387 30325 1 0 0 1 
-3.19375 5 -2.43128 0.252498 -0.224818 -0.11024 3.67061 22 648 23046 22342 1 0 0 1 
4.24472 5 -3.21845 0.368418 -0.368622 -0.0254477 3.73427 22 649 17453 17431 1 0 0 1 
-0.96923 1.188 5 0.18508 -0.241708 -0.410417 3.85228 22 650 6062 6061 1 0 0 3 
-2.30047 0.69817 -5 0.662614 -0.750753 0.658728 3.57483 22 653 42334 42310 1 0 0 1 
-0.46471 5 -2.38766 0.203578 -0.260397 0.162479 3.58518 22 655 19591 19590 1 0.240892 0.240892 3 
-4.70952 5 -2.96088 -0.0361685 -0.111842 -0.0296566 3.57026 22 657 35986 35786 1 0 0 4 
3.87162 5 -3.06989 0.323799 -0.383202 0.097108 3.6232 22 658 36174 36173 1 0 0 2 
-5 4.65961 2.48447 0.0613778 -0.226005 0.0747794 3.67035 22 660 55222 55221 1 0 0 2 
-2.15847 -2.7161 5 0.14045 -0.0795524 -0.139366 3.65995 22 661 12375 12333 1 3.3138 3.3138 41 
-2.60758 5 3.18701 0.26154 -0.340677 0.0690296 3.75677 22 662 22745 22744 1 0.262766 0.262766 3 
-5 4.40907 -2.51396 1.22397 -3.52467 3.52593 3.57528 22 665 16234 16233 1 0 0 1 
-5 -3.79292 1.80332 0.283742 -0.412258 -0.103217 3.70072 22 667 32529 32528 1 0 0 1 
4.10694 5 -0.770912 0.11746 -0.192941 -0.0672082 3.88063 22 668 19713 19712 1 0 0 1 
-5 -0.445209 -3.35778 0.361817 -0.736268 -0.44551 3.71481 22 669 24652 24651 1 0 0 1 
0.176938 -3.3129 5 0.0224277 0.0170632 -0.0182361 3.80572 22 670 7179 7171 1 0.0333782 0.0333782 12 
-0.867862 5 -1.16796 0.368993 -0.334779 -0.113521 3.63738 22 672 23424 23396 1 0 0 3 
-4.09245 5 -1.35294 0.882769 -1.31903 -0.0656358 3.59958 22 675 6210 6171 1 0 0 3 
-0.413556 5 -0.247814 0.362555 -0.35996 0.0101268 4.66464 22 678 21323 21294 1 0 0 4 
-4.30881 5 -1.78271 0.185416 -0.205637 -0.207492 3.96447 22 679 2694 2691 1 0.345676 0.345676 24 
4.55419 5 0.645059 0.19114 -0.307104 -0.360933 3.81446 22 680 57158 57148 1 0 0 1 
-5 4.90116 2.78212 1.48678 -2.61848 2.66991 3.58464 22 682 35624 35571 1 0 0 1 
-5 4.27488 2.79793 0.300819 -0.152466 -0.383904 3.77884 22 683 27791 27790 1 0.142109 0.142109 2 
-5 3.61896 -4.6318 0.0773488 0.0295172 -0.276165 4.36617 22 688 8969 8968 1 0 0 2 
0.142497 5 1.33942 0.148607 -0.252256 -0.265719 3.75577 22 689 12062 12027 1 0.215175 0.215175 3 
-3.44409 -3.8861 5 -0.144505 -0.0366846 -0.0196836 3.78919 22 690 3856 3855 1 0 0 1 
-5 4.74044 0.190145 0.320005 -0.391641 0.236701 3.59089 22 691 33958 31782 1 0 0 1 
4.126 5 -1.59152 0.284554 -0.136127 0.316957 3.57427 22 693 22213 22049 1 3.68925 3.68925 26 
2.12576 5 -3.44401 0.0201302 -0.233233 -0.0594907 3.64309 22 694 2531 2081 1 0 0 1 
-5 0.109156 2.97605 0.307195 -0.292982 -0.169555 4.03925 22 695 27517 27514 1 0 0 1 
-1.83407 5 -0.0893116 0.382837 -0.265757 -0.129021 3.66817 22 697 36833 36832 1 0.0908334 0.0908334 3 
-1.6024 3.33089 5 -0.268627 -1.22366 -1.12171 3.89675 22 698 27344 27333 1 0 0 1 
-5 -0.370966 -4.43138 0.414744 -0.0738479 -0.095918 3.62001 22 699 43684 43659 1 0 0 2 
-4.77913 2.15866 5 0.0506498 -0.343006 -0.375368 3.84637 22 700 29210 29209 1 0.455898 0.455898 13 
-3.01537 -3.43291 5 0.630956 -1.3876 -0.565089 3.76429 22 702 15494 15493 1 0.510649 0.510649 25 
1.34165 0.147055 5 0.161647 -0.457394 -0.160566 3.73206 22 703 12538 12509 1 0 0 3 
0.503701 5 3.98114 3.88037 -2.12998 1.65317 3.62416 22 704 1601 1523 1 0 0 2 
-4.94646 -0.359496 5 -0.412978 0.0444391 -0.297648 3.83735 22 706 19877 19874 1 0 0 1 
-2.48925 -4.01268 -5 0.594655 -1.27269 1.16376 3.56834 22 707 56391 56214 1 0 0 1 
-2.75099 5 -3.41872 -0.0759228 -0.0342947 0.0540853 3.8601 22 712 34906 34000 1 0.0989738 0.0989738 23 
-5 -1.71702 -1.77708 0.499192 -0.332476 -0.920948 4.00848 22 713 33732 33626 1 0 0 2 
-3.98648 5 -3.91835 0.125093 -0.205957 0.168436 3.55578 22 714 23906 23285 1 0.064756 0.064756 7 
2.30521 5 4.74674 0.868106 -0.623017 0.0874821 3.69236 22 715 11716 11674 1 0 0 1 
-2.12513 5 -4.11886 0.05549 -0.202473 0.216874 3.7804 22 716 7606 7605 1 0.0812629 0.0812629 2 
-4.94904 -1.53323 5 0.117945 -0.461429 -0.185182 3.75475 22 717 22981 22980 1 0 0 3 
-5 -1.79431 0.951015 0.0836394 -0.194592 0.0728263 3.71123 22 718 26858 26827 1 0.00818495 0.00818495 2 
-1.18912 -1.18037 5 0.300475 -0.185883 -0.146791 3.92344 22 722 35354 35353 1 0 0 1 
4.44586 4.29369 5 0.259079 -0.0484473 -0.437779 3.84342 22 723 8422 8420 1 0 0 3 
1.4561 5 -0.119082 0.0387021 -0.312077 -0.0927906 3.63302 22 724 37000 36962 1 0 0 1 
-4.10531 0.180479 5 0.58086 -0.526245 -1.9583 5.13359 22 728 21790 21778 1 0 0 1 
-5 -2.96788 2.25212 0.121225 -0.277195 -0.187115 3.8423 22 730 35465 35414 1 0 0 1 
-1.62335 5 1.43775 0.034425 -0.182472 -0.149414 4.05705 22 731 9369 9330 1 0 0 1 
-1.93498 5 -4.54451 0.221939 -0.246973 -0.366763 3.89386 22 732 41169 41142 1 0 0 1 
2.93464 0.490608 5 0.188513 -0.182851 -0.287354 3.73814 22 733 44965 44964 1 0.185892 0.185892 2 
1.71518 -5 4.40603 -0.251792 0.123238 0.0216974 4.01534 22 734 9886 9885 1 0 0 1 
-5 2.95731 -1.56425 13.8938 -5.05699 14.4947 3.59516 11 736 44305 44170 1 3.44814 3.44814 30 
4.69431 5 -0.116827 0.163965 -0.14824 -0.158318 3.79311 22 737 5396 5346 1 0 0 2 
-4.07689 1.87476 5 0.0184665 -0.120572 -0.320131 4.08407 22 739 9893 9840 1 0 0 1 
-5 1.00515 0.958312 0.102427 -0.31674 -0.0531115 3.69334 22 741 14838 14837 1 0 0 3 
1.67261 5 -1.2242 0.432706 -0.597893 -0.422085 3.72152 22 743 38380 38342 1 0 0 1 
-5 4.91094 -3.79092 0.261861 -0.128934 0.0270296 3.68174 22 744 5524 5492 1 0 0 1 
-1.87067 -4.9772 5 0.270794 -0.368347 -0.228278 3.6965 22 746 21480 21463 1 0 0 1 
1.78941 5 4.53723 0.378436 -0.214842 -0.145206 3.74798 22 747 8888 8887 1 0 0 2 
-5 -2.57671 4.96091 0.13617 -0.313218 0.149496 3.63168 22 748 40955 40925 1 0 0 1 
5 -0.962657 1.65357 -0.0612651 -0.00869359 0.224745 4.56742 22 749 14707 14706 1 0.00436325 0.00436325 2 
-4.16437 5 2.89362 -0.0461834 -0.127707 0.526412 3.58885 22 750 17594 1 1 0 0 1 
1.99972 5 1.48403 0.103407 -0.119454 -0.261989 3.97297 22 752 18604 18573 1 0 0 2 
-1.78107 5 1.13561 0.275579 -0.228762 -0.2865 3.91431 22 754 17896 17895 1 0 0 1 
-5 -0.802711 -1.56652 0.212019 -0.27621 -0.121758 4.1279 22 755 21738 21718 1 0 0 2 
0.0818139 -5 3.64921 -0.428792 0.188023 -0.125737 4.30739 22 756 11998 11997 1 0 0 1 
-5 -1.41446 -0.320816 0.0641583 0.219042 -0.0246549 3.64949 22 758 70638 70620 1 0 0 1 
2.06338 5 1.76893 0.476358 -0.248717 0.178877 3.59888 22 759 21016 20909 1 0 0 1 
-1.99081 5 -0.754069 0.0497654 -0.426289 -0.277346 3.67045 22 760 2389 2388 1 0 0 2 
0.448414 1.31278 5 0.099743 -0.369417 -0.338677 3.8067 22 763 5896 5895 1 0.287302 0.287302 28 
-5 -0.956851 2.37181 0.274113 -0.0957549 -0.0519062 3.88971 22 765 28047 27994 1 0.294481 0.294481 28 
-3.10221 4.01814 5 -0.195124 -0.0915035 -0.174008 3.73315 22 766 39011 39010 1 0 0 1 
-4.17338 -2.98562 5 0.0342195 0.118411 -0.112417 3.68737 22 769 7346 7345 1 0.166495 0.166495 26 
-5 1.75864 3.51077 0.0196997 -0.0898696 0.184308 3.63175 22 774 23429 23428 1 0.174277 0.174277 4 
-3.48776 -3.13262 5 0.395345 -0.244352 -0.212401 3.7712 22 776 14416 14414 1 0 0 1 
-4.28365 5 4.02106 0.298571 -0.947297 0.118609 3.62657 22 780 46007 45975 1 0 0 1 
1.62063 5 3.75425 0.503139 -0.389538 -0.097482 3.66445 22 782 36122 36025 1 0 0 1 
-5 2.4241 2.3789 0.214471 -0.452601 -0.101364 3.74029 22 783 29955 29924 1 0 0 1 
-1.75969 0.962392 5 0.0363771 -0.152176 -0.486456 3.93593 22 785 32916 32915 1 0 0 2 
1.09645 -2.58805 -5 0.17295 -0.292125 0.0893719 3.67811 22 787 19470 19469 1 0.367678 0.367678 28 
-2.44137 0.951633 5 0.127064 -0.310644 -0.204751 3.74598 22 789 11636 11635 1 0 0 4 
-5 -3.82935 -1.13306 0.170075 -0.326445 -0.0114695 3.81836 22 790 32443 32442 1 0 0 1 
0.373537 5 -1.8765 4.47041 -4.15289 7.65246 3.56197 22 791 47431 47289 1 0 0 2 
-2.49708 0.858786 5 0.146213 -0.309371 -0.445528 3.79817 22 796 8044 8043 1 0 0 2 
4.26417 -0.420239 5 0.14566 -0.295231 -0.273792 3.87107 22 798 9537 9536 1 0 0 4 
-1.89519 5 1.29232 0.262621 -0.385821 -0.174929 3.69401 22 799 48310 48288 1 0 0 1 
-4.11122 2.40372 5 -0.0336459 0.142886 -0.139369 3.71881 22 800 2885 2884 1 0 0 2 
4.05921 -2.52282 5 0.0702703 -0.0593566 -0.208572 3.70341 22 801 23099 21540 1 0 0 2 
2.98416 5 3.39865 0.117788 -0.166756 0.167209 3.58075 22 802 48897 48867 1 0.0718745 0.0718745 4 
1.75736 -2.2233 5 0.209625 -0.322724 -0.47303 3.84638 22 803 35688 35578 1 0 0 2 
4.39726 4.20936 5 0.253076 -0.275546 -0.348061 3.98251 22 805 15917 15904 1 0.164237 0.164237 24 
-4.12088 5 -3.10564 0.092648 -0.25404 -0.103756 4.11616 22 806 4046 4043 1 0 0 1 
4.50255 -2.12593 5 0.18294 -0.326491 -0.347931 3.86061 22 807 3506 3505 1 0 0 3 
-4.2167 5 2.39188 -0.00584335 -0.505157 0.0768248 3.65101 22 808 13108 13085 1 0 0 1 
-4.17172 5 3.59449 -0.104814 -0.181285 -0.0994909 3.86644 22 811 29249 29216 1 0 0 4 
3.61434 4.5633 5 0.240877 -0.386976 -1.82314 5.17774 22 812 10797 10728 1 0.81705 0.81705 2 
0.0589102 5 1.60422 0.0701009 -0.340704 -0.123191 3.86394 22 814 27175 27071 1 0.0125016 0.0125016 2 
-5 4.45265 -0.907327 0.30388 -0.531464 -0.319716 3.66251 22 815 13691 13690 1 0 0 1 
-5 3.92021 -4.50085 0.183198 -0.399618 -0.260507 3.74293 22 816 14888 14887 1 0 0 3 
5 -2.55558 -2.49056 -0.110102 0.0153758 0.229728 4.54419 22 819 5072 5071 1 0.980531 0.980531 49 
1.3956 -0.674824 5 0.130492 -0.367409 -0.395999 3.78752 22 820 5770 5705 1 0.613719 0.613719 5 
-4.32162 1.25391 5 0.10655 0.04225 -0.120296 3.90394 22 821 30450 30446 1 0.165747 0.165747 25 
2.08 3.15311 5 -0.051865 -0.285468 -0.339433 3.65474 22 822 41186 41152 1 0.207155 0.207155 26 
3.33046 5 -3.79923 0.097061 -0.296015 -0.0893832 3.77735 22 825 33309 33307 1 0.327981 0.327981 29 
-3.21611 -1.10094 5 1.23112 -1.48115 -1.39354 3.79741 22 828 15972 15840 1 0 0 3 
-5 2.23233 1.63404 0.275236 -0.486283 -0.0270312 3.65587 22 829 13697 13684 1 0 0 1 
-0.0175889 -0.974915 5 0.00200099 -0.386689 -0.334047 3.66401 22 833 27623 27602 1 0.311862 0.311862 4 
4.81742 5 -1.5117 0.374052 -0.200279 -0.0765369 3.6484 22 834 32891 32836 1 0.482637 0.482637 5 
-5 2.37984 -2.78173 0.240379 -0.553096 0.0958832 3.59419 22 836 19699 19698 1 0.0081646 0.0081646 4 
5 4.64108 4.97154 -0.200189 0.0634902 -0.105118 4.08056 22 837 16057 16053 1 0.0292279 0.0292279 14 
-3.42418 5 4.06541 0.109908 -0.124645 -0.098315 4.04931 22 841 7958 7957 1 0.192581 0.192581 28 
5 -3.30057 -2.53099 -0.0868503 0.11798 -0.22708 4.03521 22 843 18176 18175 1 0 0 2 
5 4.2903 -0.648667 -43.1679 -26.7266 -39.2269 7.29177 2112 844 29208 29109 1 0 0 1 
-1.64877 5 4.2855 0.162131 -0.193409 -0.311151 3.97207 22 845 8260 8259 1 0.192967 0.192967 25 
0.300275 5 3.8587 0.145535 -0.740029 0.542735 3.61362 22 846 7468 7314 1 0 0 1 
-3.23007 5 -4.96372 0.211962 -0.28185 -0.140782 3.79486 22 847 10976 10950 1 0 0 3 
-5 3.74798 -1.95903 0.203295 -0.0593789 0.132096 3.58945 22 849 12123 12028 1 0.786802 0.786802 28 
3.94554 0.133861 5 0.19663 -0.292397 -0.303154 3.85667 22 850 16561 16560 1 0 0 2 
1.12905 -3.3941 5 5.11515 -13.9504 -11.7184 3.82514 22 855 37528 37527 1 0 0 1 
-5 -0.0345069 -0.115475 0.412008 -1.81485 -1.41509 3.81357 22 858 42332 42221 1 0 0 1 
-4.3332 0.212567 5 3.57349 -6.70227 -6.53988 3.78577 22 860 26970 26951 1 0 0 1 
-2.20896 5 3.6112 0.16631 -0.208434 -0.435909 3.98736 22 863 19514 19513 1 0 0 2 
-3.00519 5 1.31158 -0.154731 -0.471709 -0.121117 3.84094 22 864 26533 26532 1 0 0 1 
1.82218 5 3.59634 0.145719 -0.20124 -0.30454 3.79549 22 865 43476 43445 1 0.0262185 0.0262185 2 
2.071 5 -1.27963 0.340126 -0.289685 0.500992 3.55825 22 867 48039 45038 1 0 0 3 
3.6456 0.43928 -5 0.175514 0.0760803 0.0894086 3.71953 22 868 32229 32228 1 0 0 2 
-4.32785 3.7 5 0.294025 -0.371364 -0.489599 3.97153 22 869 29290 29199 1 0 0 1 
0.723706 4.4517 5 0.194339 -0.22829 -0.16935 3.73145 22 870 37008 36955 1 0 0 1 
-1.13173 5 -4.33855 5.23208 -2.98764 1.25092 3.59393 22 871 31986 31915 1 2.00066 2.00066 45 
3.71518 3.95041 5 0.165437 0.144109 -0.839218 3.92837 22 872 7426 7403 1 0.327493 0.327493 2 
-0.0400366 4.59183 5 0.0511441 -0.0795586 -0.315292 3.80533 22 873 28859 28858 1 0.328715 0.328715 33 
-5 1.06933 -0.478368 0.286829 -0.269006 -0.326321 3.7638 22 875 14741 14718 1 0 0 1 
-4.76763 5 -2.79492 0.261901 -0.237424 -0.316618 3.88225 22 877 7019 6987 1 0.474339 0.474339 16 
-0.0601115 -4.49236 5 0.128383 -0.442717 -0.220543 3.82808 22 878 25919 25916 1 0 0 1 
-4.18369 5 3.12399 0.109221 -0.249427 0.0667224 3.60314 22 879 15447 15421 1 0 0 1 
-1.62764 -0.0606593 5 -0.0133538 -0.252271 -0.0752617 3.73725 22 882 42217 42103 1 0 0 2 
-4.18419 5 3.3681 -0.0282216 -0.258383 -0.458674 3.94605 22 883 28159 28158 1 0.271316 0.271316 2 
4.80454 5 0.222135 1.05813 -0.994161 0.806721 3.60831 22 887 16924 16923 1 0 0 1 
2.33023 -0.638921 5 1.73464 -1.21624 -2.32224 3.93647 22 888 48723 48722 1 0.00444675 0.00444675 3 
2.794 5 -3.05136 0.254054 -0.346235 0.0186551 3.64821 22 889 27636 27611 1 0 0 1 
0.963398 5 -0.834201 0.478487 -0.758685 0.0852971 3.64541 22 890 39158 39086 1 0 0 2 
-5 0.953581 1.66185 0.618306 -0.729453 -0.0451383 3.63835 22 892 36688 36565 1 0.21444 0.21444 28 
-5 2.18808 2.48832 0.788147 -1.33796 -0.209087 3.63308 22 894 1824 1763 1 0 0 1 
-0.0883502 5 -2.48423 0.317624 -0.397365 -0.0483276 3.64132 22 895 39833 39810 1 0 0 3 
-5 -0.317931 -3.0713 2.90733 -3.49557 2.61023 3.57653 22 898 6082 6051 1 0 0 1 
-3.56787 5 -3.0063 -0.084615 -0.309793 0.427294 3.58694 22 899 56645 56439 1 0.534381 0.534381 10 
-1.52367 5 4.96185 0.0879164 -0.135129 -0.235797 3.5927 22 900 44524 44523 1 0 0 1 
-4.5655 -1.41794 -5 0.0943726 -0.105966 0.11279 3.55897 22 901 12621 11665 1 1.33352 1.33352 99 
-1.52167 5 -2.11471 0.272003 -0.328405 0.134972 3.60162 22 902 33150 1 1 0 0 2 
-4.54927 5 -3.42932 -0.132405 -0.0253716 0.195259 3.5731 22 903 38451 38450 1 0.207581 0.207581 20 
-3.78531 2.93368 5 0.670169 -6.17976 -1.45684 3.64412 22 906 11398 11211 1 0 0 3 
-1.82128 1.00034 -5 0.295368 -0.330254 0.138524 3.61122 22 907 17889 16071 1 0 0 1 
-1.15768 5 -3.55212 0.5142 -0.887528 0.44699 3.58423 22 909 44278 44221 1 0.80921 0.80921 4 
2.95953 5 -0.0600931 -0.114928 -0.176031 -0.152302 3.58183 22 914 46766 1 1 0 0 1 
-4.98062 2.84245 5 0.222853 -0.284789 -0.361042 3.80661 22 915 18113 18112 1 0.0725203 0.0725203 27 
-2.2366 -0.34912 5 -0.0421015 0.0470026 -0.381899 4.17798 22 916 20995 20900 1 0 0 2 
0.432825 5 2.96383 0.287264 -0.33824 -0.0192498 3.69869 22 917 24592 24541 1 0 0 1 
2.3151 5 -2.67167 0.294842 -0.0649373 0.412276 3.6206 22 918 41488 41486 1 0 0 1 
4.04302 5 4.16924 0.397763 -0.242907 -0.209525 3.72648 22 920 5819 5763 1 0 0 1 
-5 0.829122 2.13913 0.307507 -0.0898378 -0.231514 3.89048 22 923 6707 6706 1 0.0919061 0.0919061 4 
-2.79693 5 -0.111567 -0.0203557 -0.494334 0.127825 3.66443 22 925 13903 13902 1 0 0 1 
-2.71392 3.54819 5 0.348113 -0.402898 -1.05236 3.96824 22 930 21402 21401 1 0 0 1 
0.552513 0.333584 5 0.0727365 -0.187984 -0.469565 3.92381 22 931 24790 24789 1 0 0 1 
1.71612 4.76594 -5 0.290752 -0.504697 0.784786 3.56134 22 934 1089 1 1 0 0 1 
-1.31425 -3.52028 5 0.0682491 -0.388464 -0.228886 3.74403 22 936 44817 44816 1 0 0 1 
-5 -3.52922 1.40199 0.910001 -1.39641 -0.542999 3.66885 22 937 10427 10394 1 0 0 1 
-1.98241 -3.95253 5 0.120059 -0.297082 -0.18438 3.77469 22 938 34028 33842 1 0 0 1 
-2.90882 5 -2.46708 0.292057 -1.54548 0.333133 3.62155 22 939 31096 31002 1 0 0 2 
-3.29729 5 1.95788 0.598974 -0.717148 -0.0381004 3.69929 22 940 19794 19740 1 0 0 1 
-1.23982 5 -3.55741 -0.00461333 -0.0268101 -0.0196633 3.88693 22 941 40755 40749 1 0.0333782 0.0333782 11 
-1.43075 5 3.21708 0.0597771 -0.0969442 -0.108722 3.64794 22 943 5999 5789 1 3.31635 3.31635 33 
0.45977 -0.492488 5 0.107529 -0.135681 -0.480779 4.03537 22 944 14823 14821 1 0 0 1 
-0.439988 2.25078 5 0.1412 -0.185457 -0.454739 4.06616 22 945 14641 14638 1 0.317714 0.317714 3 
-5 1.22159 -2.04626 0.258549 -0.094584 -0.707372 3.81932 22 947 42908 42907 1 0 0 1 
-5 -2.5047 4.04181 0.146746 -0.143466 -0.0885123 3.6453 22 948 10998 10927 1 0 0 1 
-4.20449 5 1.36286 0.369523 -0.351042 -0.0366363 3.6633 22 950 26176 26153 1 0 0 2 
-5 -2.15165 0.534245 0.0853792 -0.419762 0.247436 3.64538 22 951 41046 41044 1 0 0 1 
-5 -0.453492 0.609901 0.235992 -0.0815802 0.0361662 3.60504 22 953 14324 14319 1 0 0 1 
1.14175 5 0.862669 0.274723 -0.3565 0.218077 3.59324 22 955 33257 33238 1 0 0 1 
1.90431 5 -3.42809 0.190094 -0.164898 -0.403893 3.89276 22 956 29646 29626 1 0 0 1 
-5 2.15089 2.65984 0.882398 -1.39193 0.285124 3.66512 22 957 36003 35925 1 0 0 1 
2.87953 5 2.47828 0.119442 -0.0816013 -0.326938 4.11216 22 959 5337 5303 1 0 0 2 
-3.03146 5 0.799749 0.199096 -0.470283 0.0177458 3.67349 22 961 52623 52586 1 0 0 1 
5 1.77612 3.8993 -0.101586 -0.0222572 -0.118658 4.2128 22 964 23109 23108 1 0.157559 0.157559 12 
3.00233 5 -2.27602 0.250479 -0.357212 0.143133 3.59968 22 966 8549 8403 1 0 0 1 
-5 2.67553 2.33322 0.296803 -0.390817 0.142442 3.66015 22 967 12986 12985 1 0 0 2 
-4.16147 5 3.79337 -2.70433 -3.88069 -4.21365 3.6587 11 969 40429 37404 1 6.29716 6.29716 61 
2.13389 -1.64938 5 -0.0920997 -0.318212 -0.191643 3.74266 22 970 19529 19500 1 0.382312 0.382312 28 
-3.41011 4.73018 5 0.0329978 -0.122502 -0.27534 3.9798 22 971 18786 18527 1 0.302792 0.302792 25 
-4.98546 -2.71364 5 0.125845 -0.408925 -0.279398 3.83141 22 972 26314 26313 1 0 0 1 
-0.522906 5 -2.42559 -0.0346784 -0.213401 -0.463009 3.99074 22 973 6333 6332 1 0.694594 0.694594 52 
-2.56752 2.50201 5 0.172164 -0.334775 -0.34555 3.9155 22 974 9020 8996 1 0 0 1 
-0.123097 5 2.31636 0.634121 -0.565601 0.764191 3.5942 22 975 16623 16612 1 0 0 4 
-3.49472 -0.374983 -5 0.598115 -0.76644 0.603043 3.57743 22 976 38199 38014 1 0 0 1 
-0.47254 5 -1.83838 0.598756 -0.474122 0.0819284 3.67004 22 977 38873 38785 1 0 0 1 
0.587529 5 2.99461 -0.0307785 -0.248054 -0.178049 3.71216 22 978 29894 29862 1 0 0 1 
-5 -1.38941 -4.44618 9.17441 7.78356 -8.47833 44.566 2112 979 35166 35134 1 0 0 1 
3.95787 5 4.42377 0.137337 -0.200589 -0.0824411 3.66054 22 981 51480 51414 1 0 0 1 
-5 -0.886532 1.36646 0.103104 -0.500081 -0.0202058 3.71621 22 983 3692 3632 1 0 0 2 
-3.64948 3.95348 -5 -0.0113915 -0.019481 0.150652 3.75652 22 984 11702 11425 1 0.317645 0.317645 41 
2.8701 5 0.18779 0.0963027 -0.303034 -0.0973762 4.28638 22 985 31750 31676 1 0.332287 0.332287 19 
-2.7416 5 4.23142 0.0645903 -0.218676 -0.387073 3.75986 22 987 3031 3029 1 0.199926 0.199926 21 
-5 -2.5676 -0.896173 0.12108 -0.423652 0.0911349 3.64405 22 988 15766 15706 1 0 0 1 
1.80342 5 3.84015 0.32146 -0.38015 0.11519 3.65862 22 989 19750 19734 1 0.271627 0.271627 3 
4.45041 -3.9644 -5 -0.0766215 0.13068 0.0548752 4.09621 22 990 28706 28681 1 0.160642 0.160642 31 
-0.8697 -1.49728 5 0.278824 0.0170453 -0.255162 4.02254 22 992 31198 31184 1 0 0 4 
-4.99187 3.81952 5 0.0884492 -0.251164 -0.436135 3.9218 22 993 41487 41461 1 0.510653 0.510653 29 
2.02782 5 -0.445148 0.116761 -0.242152 -0.428316 3.79104 22 994 45180 45179 1 0 0 1 
-5 0.579565 3.01273 0.138705 -0.173961 0.0471166 3.64638 22 995 37562 35920 1 0 0 1 
-5 -2.83638 0.791664 0.269389 -0.469845 -0.311205 3.73267 22 996 3731 3690 1 0 0 1 
2.75951 -0.640225 5 0.0690379 0.334212 -0.380336 3.8963 22 997 5347 5319 1 0.25752 0.25752 3 
-2.48324 4.73188 5 0.175405 -0.153598 -0.114443 3.76413 22 998 17530 14771 1 0 0 1 
-5 -4.3656 0.918187 0.210379 -0.354237 0.305622 3.59917 22 999 20073 19956 1 0 0 2 
