# Det7_4_15
#x y z Px Py Pz t PDGid EventID TrackID ParentID Weight Edep VisibleEdep Ntracks
2.73724 4.57367 -5 0.933709 0.0519643 0.222403 3.91793 22 1 2162 2085 1 1.324 1.324 80 
-2.74043 0.089931 -5 0.136776 -0.201631 0.247713 3.84932 22 2 5306 5124 1 0.0933541 0.0933541 36 
-5 -4.23972 0.157542 0.231885 -0.363021 -0.0295391 3.90875 22 3 5398 5186 1 1.32698 1.32698 25 
-3.12948 4.96449 -5 1.91494 -0.403052 0.775859 3.83613 22 4 1414 1291 1 12.4003 12.4003 71 
-5 -3.4416 -1.03507 0.427641 -0.26863 -0.0779786 3.91391 22 5 4979 4978 1 0.32621 0.32621 14 
-0.883757 5 -1.53184 -0.234083 -0.509393 0.606347 3.9267 22 6 1090 1085 1 0 0 4 
-5 -1.83732 -3.16355 0.138169 -0.0794617 -0.291657 4.14404 22 7 14494 14462 1 1.02287 1.02287 64 
1.38526 2.96571 -5 -0.317223 -2.0312 13.6676 3.82224 -11 8 1624 1623 1 10.4547 10.4547 235 
-5 2.97068 2.17807 0.408984 -0.247647 -0.18034 3.92471 22 9 3611 3610 1 0.76782 0.76782 78 
-5 3.74455 1.2532 0.241972 -0.0314386 -0.054743 3.92367 22 10 3614 3613 1 5.85182 5.85182 115 
4.01657 5 2.97481 0.448363 -0.220151 0.107814 3.93672 22 11 15125 15124 1 0 0 6 
-5 -4.8192 -0.302985 0.927181 -0.853225 1.05948 3.87462 22 12 9923 9867 1 5.68685 5.68685 132 
0.597084 5 0.55421 1.04726 -0.847191 6.71212 3.84244 22 13 2914 2551 1 5.83102 5.83102 94 
-1.08606 5 -4.0754 0.178304 -0.213622 0.0303297 3.8789 22 14 2030 2029 1 0.180688 0.180688 35 
-2.67598 -5 4.41601 0.188102 0.0738511 0.134578 3.90881 22 15 2084 2011 1 9.10481 9.10481 221 
-5 -2.55492 3.37761 0.463732 -0.199705 -0.0786829 3.98666 22 16 4109 4108 1 1.38257 1.38257 31 
-5 -3.68773 -0.450708 0.514741 -0.17751 0.979909 3.84564 22 17 1647 1534 1 0.263512 0.263512 49 
-3.51719 5 1.13091 0.203321 -0.435247 -0.174185 4.04945 22 18 10513 10512 1 0.872723 0.872723 54 
-5 -2.49034 -0.120488 0.163849 -0.479752 -0.064122 3.92209 22 19 4515 4513 1 7.00478 7.00478 53 
-5 3.81693 1.35511 0.527473 -0.397018 0.201785 3.88374 22 20 2424 1 1 0.510764 0.510764 17 
-5 -0.505447 1.24058 4.01389 -3.80098 7.02183 3.8514 22 21 4520 4451 1 0.531793 0.531793 60 
-5 -4.11169 -1.18736 0.20825 -0.347983 0.310901 3.89458 22 22 2993 2992 1 0.0958279 0.0958279 5 
-5 -1.73784 0.0916117 2.43781 -3.21289 11.8271 3.84343 22 23 1826 1739 1 3.52041 3.52041 60 
-5 -2.49881 -4.1074 0.163824 -0.141926 0.251019 3.88199 22 24 7102 7101 1 1.43982 1.43982 81 
-5 4.23662 -1.68433 0.413056 -0.159794 0.209232 3.87294 22 25 1968 1966 1 0.819661 0.819661 86 
-0.998021 5 -2.22283 7.90177 -6.10667 6.45472 3.8459 22 26 1970 1952 1 5.15097 5.15097 163 
-5 2.87428 -0.157567 0.449622 -0.236589 2.15757 3.8433 22 27 5074 4943 1 0 0 7 
4.27484 -5 -0.303668 1.26173 0.319839 0.340668 3.95841 22 28 12120 12119 1 7.6046 7.6046 146 
-1.59238 4.38245 -5 0.462868 -0.0934622 3.24258 3.82296 22 29 9702 9048 1 1.07814 1.07814 22 
-4.05772 4.67808 -5 0.473851 0.167212 1.33495 3.83306 22 30 8283 7988 1 1.81809 1.81809 50 
-5 2.27543 3.813 0.165321 -0.0581539 0.192808 3.87659 22 31 3258 3181 1 0.688004 0.688004 56 
-5 4.65683 -1.1843 0.271351 -0.141321 0.379429 3.85739 22 32 11041 10962 1 0.240358 0.240358 5 
-1.00383 -2.30428 -5 0.0947054 -0.0847934 0.315764 3.83087 22 33 5170 5055 1 0.511421 0.511421 44 
4.0212 -4.10992 5 0.153983 -0.262326 -0.115375 3.9727 22 34 8471 8443 1 6.17987 6.17987 71 
-5 3.11546 -3.97688 0.369697 0.232609 -0.265212 3.99131 22 35 4523 4522 1 4.60543 4.60543 32 
-0.567312 5 -1.95321 -0.0657616 -0.384785 0.0160129 3.92537 22 36 10636 10600 1 7.86639 7.86639 94 
-2.61926 -4.25503 5 0.10602 0.097545 -0.390821 4.01754 22 37 23719 23718 1 0.068657 0.068657 4 
-4.8461 0.0224764 -5 0.612084 -0.399995 0.416673 3.84931 22 38 5860 5147 1 1.97463 1.97463 69 
-5 -1.49952 -4.59357 7.52826 -2.44153 4.4074 3.82945 11 39 1144 1120 1 6.79273 6.79273 56 
-3.80342 5 2.45982 0.106494 -0.312162 -0.353901 4.07254 22 40 3638 3637 1 0.103905 0.103905 6 
-0.52408 -5 -0.563648 0.181898 0.101459 -0.312339 3.89165 22 41 3326 3288 1 4.58887 4.58887 114 
-5 4.95325 -2.6295 0.412992 0.291184 -0.0759559 3.88167 22 42 1531 1530 1 0.422244 0.422244 32 
-3.81786 -1.56315 -5 0.163971 -1.42617 2.20272 3.8387 22 43 3440 3333 1 5.94479 5.94479 38 
3.1488 5 0.169893 0.302788 -0.239388 -0.265122 4.05223 22 44 17117 17116 1 0 0 1 
2.03665 1.28665 -5 0.156366 -0.0519873 0.152043 3.85334 22 45 2914 2913 1 4.38381 4.38381 90 
-0.615211 5 1.0331 -0.0798613 -0.148428 -0.138372 3.89279 22 46 4749 4391 1 5.85874 5.85874 156 
-2.94673 -0.945048 -5 0.132252 0.261137 0.47088 3.82458 22 47 1300 1225 1 0.510119 0.510119 20 
-5 1.88846 -3.57675 1.72905 -0.868553 3.05796 3.8361 22 48 1401 1357 1 4.6115 4.6115 27 
-5 2.49102 -1.94517 1.76375 -0.23303 1.33512 3.86335 22 49 18702 18674 1 0 0 3 
-4.81625 4.73726 -5 0.328833 -0.38838 3.09479 3.82235 22 50 1214 1 1 13.6147 13.6147 186 
-3.42943 3.83255 -5 1.60161 -0.555748 5.08668 3.8301 22 51 1225 1 1 7.59567 7.59567 39 
-5 1.82712 4.32045 0.119963 -0.240508 -0.304685 4.23305 22 52 29666 29566 1 0 0 1 
-5 1.08755 1.09985 0.278712 -0.0432163 0.426113 3.87833 22 53 8786 8785 1 1.50089 1.50089 7 
-5 2.73274 -3.62886 0.310813 0.18398 0.0449113 3.99517 22 54 5160 5159 1 8.32415 8.32415 110 
-0.0149523 -2.64184 -5 0.94053 -0.918997 2.65186 3.82657 22 55 1037 1 1 17.0672 17.0672 219 
-5 1.91908 0.869062 0.455169 -0.26892 -0.047871 4.0619 22 56 11351 11350 1 0.0836697 0.0836697 10 
-5 1.7729 4.96496 0.0935626 -0.456892 0.208843 3.90146 22 57 1545 1543 1 0 0 8 
-5 -4.28688 -3.48685 0.129478 -0.0325874 0.538622 3.82888 22 58 3337 3264 1 1.63602 1.63602 13 
-4.0506 2.99915 5 -0.0542698 -0.205648 -0.174247 3.887 22 59 1132 1 1 0.856364 0.856364 73 
-5 -3.73299 0.402674 0.141778 -0.220941 -0.0102893 3.96 22 60 1632 1608 1 0 0 6 
-3.82452 -2.20421 -5 -0.0638355 -0.0379364 0.156135 3.9082 22 61 7679 7678 1 0.373478 0.373478 28 
-1.70066 4.73808 -5 0.386301 0.164026 1.17058 3.82724 22 62 1225 1 1 19.0178 19.0178 201 
2.90461 -3.68006 -5 6.38578 -0.491181 4.00554 3.83092 -11 63 3274 3273 1 5.21792 5.21792 99 
-5 0.809176 -4.55418 2.5661 -1.35841 8.55362 3.82666 22 64 8239 8154 1 2.63957 2.63957 132 
-5 3.92306 -1.72968 0.0172774 -0.067868 -0.385847 4.13349 22 65 1430 1369 1 15.588 15.588 192 
-5 -2.57772 -1.27556 0.0223661 -0.372332 0.19277 3.86206 22 66 6158 6073 1 7.73344 7.73344 19 
-5 -3.06973 -3.96625 0.42223 -0.286959 0.0222803 3.88562 22 67 7649 7646 1 0.425281 0.425281 39 
-2.46904 5 4.96067 0.425798 -0.04349 -0.27915 3.96552 22 68 2506 2505 1 12.2899 12.2899 106 
-2.24072 5 -3.52199 0.0620669 -0.138145 0.441932 3.82958 22 69 6011 5914 1 12.5116 12.5116 143 
-5 -0.0280346 2.18596 0.0283006 0.00550602 -0.296307 4.13133 22 70 3586 3584 1 0.226751 0.226751 49 
-4.56156 5 1.32512 0.0829097 -0.189488 -0.142354 3.97523 22 71 4418 4090 1 0.518802 0.518802 27 
1.02223 -1.94245 -5 0.497416 -0.243996 0.392982 3.86428 22 72 6563 3808 1 0.480599 0.480599 32 
-5 -4.60022 -1.36363 1.00406 -1.48608 1.76121 3.85811 22 73 10644 10578 1 0.609558 0.609558 19 
-5 4.3055 -3.95795 0.307445 -0.0725369 0.190042 3.89764 22 74 4677 4472 1 0.399075 0.399075 38 
3.73167 5 -1.02183 0.164046 -0.201899 -0.177874 4.00495 22 75 4516 4515 1 0.639084 0.639084 40 
-2.09218 5 0.0980136 0.251788 -0.241507 0.933728 3.85399 22 76 8488 8289 1 1.15841 1.15841 102 
-5 -2.69569 0.562482 0.268786 -0.20538 0.111007 3.88914 22 77 9494 9373 1 0.510425 0.510425 48 
-5 2.77167 -2.65431 0.203676 0.372193 0.174638 3.88661 22 78 3189 3188 1 0.773575 0.773575 13 
2.64981 4.32347 5 0.147663 -0.358043 -0.72934 4.12084 22 79 32744 32743 1 0 0 3 
0.0070425 -1.67933 -5 0.189864 -0.047286 0.298187 3.83204 22 80 7965 7693 1 9.81204 9.81204 87 
1.15713 2.73787 -5 0.424316 -0.219804 0.925443 3.84474 22 81 8977 8830 1 0 0 5 
-5 4.05638 0.900019 0.587617 -0.0396246 1.22089 3.84939 22 82 3273 2995 1 1.2853 1.2853 70 
-2.92024 4.46203 5 0.322629 -0.101308 -0.0989502 3.97513 22 83 2686 2684 1 0.178823 0.178823 8 
2.34888 1.13036 -5 0.723852 -0.928845 3.85408 3.82928 22 84 3524 3468 1 5.01454 5.01454 33 
3.07365 -5 2.30664 0.252734 0.142427 -0.420666 3.96296 22 85 1338 1336 1 0.318334 0.318334 23 
0.939959 -2.44232 -5 1.50714 -0.883601 3.34554 3.84487 22 86 5967 5913 1 5.86285 5.86285 74 
2.83562 -2.88979 -5 4.15785 -3.40228 5.78843 3.86697 22 87 3895 3834 1 0 0 8 
-4.95342 -0.844363 -5 0.184085 0.00759545 0.476629 3.84867 22 88 5762 5761 1 0.291874 0.291874 13 
-5 -0.555944 -0.496764 0.209754 -0.170443 -0.160753 3.9585 22 89 4656 4621 1 0 0 6 
-4.75767 4.67049 -5 5.53718 -7.44815 39.3901 3.82665 22 90 5739 5652 1 1.8012 1.8012 63 
-5 4.00165 0.623236 0.998858 0.154901 0.100495 3.96779 22 91 1438 1437 1 59.0699 59.0699 377 
-4.67815 -1.89788 -5 0.385523 -0.310934 0.125747 3.89077 22 92 9755 9754 1 0.786077 0.786077 39 
-3.98716 2.72061 5 0.0540837 0.000738684 -0.212574 4.00372 22 93 2532 2393 1 0 0 4 
-1.93486 3.54571 -5 0.155205 -0.0910247 0.315706 3.83482 22 94 4050 3371 1 0 0 11 
-5 2.10167 0.615502 0.548283 -0.161903 -0.1233 3.94589 22 95 7030 6983 1 1.23868 1.23868 17 
-5 3.0172 -1.79652 0.257111 0.243113 0.162455 3.86877 22 96 5643 4885 1 1.2459 1.2459 15 
-5 -0.704545 3.24915 0.0682668 -0.336348 0.355346 3.87175 22 97 9831 9601 1 0.350905 0.350905 25 
-5 0.321552 -0.647729 0.503577 -0.0685962 0.0531444 3.90479 22 98 4878 4845 1 0.239031 0.239031 46 
-5 -4.88017 -2.66756 1.46517 -0.565446 3.98531 3.83661 22 99 2397 2279 1 5.27484 5.27484 152 
-5 -4.40058 -1.77579 0.183269 -0.00158405 -0.477001 3.97473 22 100 5252 5230 1 0.28183 0.28183 32 
-5 -1.56722 -4.52485 0.0843842 -0.225689 0.115973 3.87021 22 101 9478 9341 1 0.564301 0.564301 9 
-5 2.5166 -1.39279 0.211261 -0.147098 -0.0354435 3.87826 22 102 1162 1 1 0.259555 0.259555 30 
-5 -4.13557 1.91332 0.24596 -0.0353889 0.253029 3.89691 22 103 4391 4390 1 14.1696 14.1696 182 
-4.12638 5 4.70534 0.910868 -0.594095 0.801996 3.88754 22 104 3963 3769 1 0.170238 0.170238 9 
-0.986454 5 2.66415 0.550398 -0.414275 0.71634 3.89608 22 105 9248 9175 1 1.26533 1.26533 36 
-5 1.08536 2.57411 0.528557 -0.12552 0.568712 3.87422 22 106 2059 2058 1 0.503201 0.503201 43 
0.161132 -4.98362 -5 0.855892 -0.949737 1.45864 3.84047 22 107 6945 6944 1 0.271952 0.271952 27 
-3.7835 -0.142939 -5 0.238812 -0.329448 0.572786 3.84881 22 108 2997 2910 1 0.77422 0.77422 23 
-5 -0.79962 -2.53653 2.28694 1.62933 1.35756 3.8335 11 109 2186 2185 1 6.51483 6.51483 73 
3.21521 2.02848 -5 0.0789385 -0.112458 0.492181 3.86043 22 110 11186 11185 1 28.608 28.608 315 
-3.74888 -4.43977 -5 0.717646 -1.43721 0.985958 3.87935 22 111 5669 5668 1 4.27432 4.27432 139 
4.02113 2.92043 -5 0.244027 -0.150749 0.375457 3.85102 22 112 10012 10011 1 2.80134 2.80134 103 
4.72742 5 0.910371 0.271205 -0.311677 0.300708 3.90978 22 113 6091 6090 1 0.879438 0.879438 60 
1.44905 4.8065 5 -0.0790417 0.0504577 -0.240566 4.13394 22 114 2300 2299 1 6.36052 6.36052 136 
-5 3.20559 3.16669 0.140721 -0.119768 -0.198037 3.90508 22 115 3680 3028 1 2.41905 2.41905 36 
0.920161 2.44503 -5 -0.171101 0.018091 0.738527 3.86999 -11 116 12864 12863 1 0.864158 0.864158 6 
4.42136 -5 -2.18779 0.435391 0.205404 -0.114781 4.06987 22 117 7466 7465 1 0.313534 0.313534 11 
-5 4.41612 4.37956 1.28922 -1.64715 -0.281634 3.87279 -11 118 6508 6507 1 2.2287 2.2287 41 
-5 -2.8517 4.51715 0.393791 -0.229662 0.230877 3.89906 22 119 9330 9310 1 0 0 7 
0.928101 5 -2.36229 0.0953755 -0.378089 -0.330261 4.09248 22 120 2096 2065 1 4.17444 4.17444 71 
2.57129 -1.33285 -5 0.426362 0.0791958 0.714471 3.85208 22 121 4671 4656 1 0 0 9 
-0.775734 5 3.30131 0.429555 -0.204246 0.186779 3.89407 22 122 4511 4510 1 0.573877 0.573877 85 
-3.2945 3.19178 -5 0.794924 -1.97168 5.10922 3.82547 22 123 4042 3863 1 0.480944 0.480944 35 
5 3.90714 -0.97993 -0.126809 0.114859 -0.055615 3.99008 22 124 1145 1144 1 0.0150855 0.0150855 11 
-2.89981 1.80079 -5 0.57957 -0.227785 1.00906 3.83846 22 125 20181 20062 1 0 0 3 
-2.40894 5 3.68244 0.311581 -0.350748 0.202518 3.88754 22 126 3548 3547 1 0.411265 0.411265 29 
-5 -2.31537 1.79487 1.14124 -0.977588 -2.2051 4.10337 22 127 7766 7765 1 4.52221 4.52221 71 
-1.77387 -4.91852 -5 7.74492 -7.88692 4.91858 3.91146 -11 128 2081 2080 1 2.51904 2.51904 36 
0.806886 5 2.87237 0.290372 -0.398568 -0.133968 3.96573 22 129 5612 5611 1 2.10776 2.10776 79 
-5 -0.825304 0.0224129 0.394828 0.643655 0.404782 3.92181 22 130 1070 1069 1 7.52178 7.52178 132 
-1.33116 4.12748 5 0.165259 -0.137909 -0.0833824 4.01292 22 131 3327 3314 1 0.248443 0.248443 32 
-5 -0.412223 4.63155 0.222115 -0.0416498 1.01028 3.85938 22 132 1441 1 1 0.613147 0.613147 33 
2.39398 5 2.05628 0.457323 -0.201841 0.105998 3.91542 22 133 4179 4178 1 4.38791 4.38791 41 
-3.57547 -3.33677 5 0.329432 -0.278444 -0.273977 4.02384 22 134 6999 6976 1 0.346018 0.346018 9 
4.523 1.8364 -5 1.12127 -1.19188 2.04329 3.85216 -11 135 1030 1029 1 4.87853 4.87853 98 
-3.22716 3.6025 -5 -0.0407375 -0.00487311 0.611472 3.84969 22 136 1460 1 1 0.177226 0.177226 17 
-0.882653 4.44402 -5 2.00335 -1.4957 6.85226 3.83201 22 137 9154 7146 1 0.170413 0.170413 29 
4.06453 2.74302 -5 1.69186 -0.332424 1.45176 3.84533 22 138 3235 3062 1 0.235045 0.235045 18 
-1.07236 5 -4.55493 -0.0884302 -0.605211 -0.0563476 3.8665 11 139 5773 5752 1 1.11729 1.11729 50 
-5 0.8041 -1.41404 0.458384 -0.114808 0.194483 3.88428 22 140 6173 6172 1 0.202385 0.202385 12 
-5 -3.66212 -3.08138 0.269015 -0.0973701 0.0914409 3.93047 22 141 5541 5540 1 0 0 3 
-3.4561 0.0547396 -5 0.559437 -0.128693 0.226829 3.89057 22 142 1457 1441 1 0 0 8 
-5 -2.02217 1.61711 0.989819 -0.495523 1.32304 3.87165 22 143 24339 24038 1 0 0 2 
5 4.88469 -3.64386 -0.243959 -0.124581 -0.0131183 3.89721 22 144 1001 1 1 15.4574 15.4574 166 
-4.82549 0.925124 -5 0.151473 -0.194413 0.43114 3.83808 22 145 6805 6624 1 0 0 3 
1.0574 -4.45735 -5 0.647365 -0.41269 0.247849 3.87125 22 146 10929 10928 1 1.26071 1.26071 36 
-5 4.04095 -3.5327 0.293279 0.0533034 -0.102297 3.92253 22 147 1291 1245 1 3.75283 3.75283 86 
4.45397 -4.95438 -5 0.249783 0.0357698 0.484332 3.85319 22 148 5742 5635 1 0.510743 0.510743 22 
-5 -0.161584 -0.194928 0.391715 -0.283025 0.16606 3.8798 22 149 3473 3472 1 3.98857 3.98857 61 
-0.474789 5 2.19921 0.0847825 -0.319928 -0.0221381 3.90471 22 150 1272 1249 1 7.51447 7.51447 74 
2.04427 5 -4.19073 -0.0493507 -0.37116 0.38595 3.85215 22 151 8537 8208 1 5.34121 5.34121 39 
-1.71065 2.36699 -5 0.277677 -0.102963 0.823233 3.83044 22 152 5186 4784 1 0.7164 0.7164 26 
-5 4.18323 -0.518082 0.639802 -0.289833 0.509001 3.85754 22 153 5962 5850 1 1.29857 1.29857 25 
-5 4.21655 0.922058 0.458705 -0.265712 0.649903 3.8674 22 154 1104 1 1 0.514928 0.514928 7 
-0.700281 2.26129 -5 1.76639 -0.773527 1.38215 3.85385 22 155 10075 10074 1 0.232537 0.232537 32 
-5 -3.05062 1.39636 0.165326 -0.193266 -0.0346634 3.92606 22 156 8237 8142 1 0.37195 0.37195 77 
1.66513 5 0.246909 0.149084 -0.144727 0.0281624 3.88833 22 157 7793 7304 1 8.76907 8.76907 76 
-2.72159 5 -0.0772089 0.0761477 -0.147259 0.186239 3.85596 22 158 1800 1 1 0.508907 0.508907 29 
-5 1.0005 -1.52028 0.266246 -0.0029672 -0.275656 3.9468 22 159 4136 4104 1 1.23935 1.23935 35 
4.93063 4.82511 5 0.516914 -0.0566132 -0.0922598 3.9156 22 160 1969 1968 1 2.60992 2.60992 40 
-5 2.36753 3.41128 0.0863289 -0.10373 0.244049 3.8723 22 161 8233 7666 1 0 0 6 
-2.35813 -5 4.84031 0.266997 1.24515 0.392585 3.88506 22 162 1204 1183 1 1.67042 1.67042 25 
-5 -1.21547 -3.80383 0.458608 -0.200391 0.103163 3.9004 22 163 16286 16259 1 0.225561 0.225561 12 
-5 1.45288 -2.66005 2.47239 -1.22802 1.97856 3.87089 22 164 25859 25761 1 0 0 4 
-4.46353 -3.32703 -5 0.930619 -0.620906 7.37156 3.82324 22 165 1278 1 1 2.08036 2.08036 50 
-5 -0.291037 -3.09543 6.12304 2.74424 84.5263 3.82599 11 166 1 0 1 34.8168 34.8168 416 
-5 -3.24733 -3.19975 1.51573 2.68977 5.01729 3.83325 -11 167 6114 6113 1 12.9076 12.9076 189 
-5 0.470802 2.38531 0.218996 -0.482011 0.103013 3.90151 22 168 1394 1 1 0 0 7 
2.09566 5 -1.77116 -0.010271 -0.184336 0.0938362 3.87263 22 169 1376 1309 1 16.854 16.854 241 
-5 2.7567 1.60593 3.21834 -1.73551 5.54384 3.85522 22 170 3628 3313 1 0.265509 0.265509 20 
-1.55142 -2.20256 -5 0.0885193 -0.139547 0.511756 3.83833 22 171 5488 5296 1 11.271 11.271 97 
0.448317 -0.798271 5 1.34672 -0.418699 -2.46866 4.21767 22 172 3817 3816 1 0 0 13 
0.890978 1.77145 -5 0.920358 -0.187235 0.779844 3.85486 22 173 8905 8243 1 1.31408 1.31408 11 
-5 4.82204 1.82807 0.309128 0.391964 0.109197 3.89381 22 174 2234 2232 1 25.3814 25.3814 299 
-5 1.06547 4.17546 0.194666 -0.333491 -0.334678 4.11987 22 175 7109 7079 1 2.32652 2.32652 45 
-5 -4.42998 4.16621 0.414503 -0.181426 0.219373 3.88619 22 176 11837 11833 1 0.773677 0.773677 91 
-1.00304 -3.28482 -5 4.99652 3.39112 4.50654 3.86465 11 177 4361 4250 1 4.1494 4.1494 33 
2.80643 1.51591 -5 2.13154 -1.0694 16.6819 3.8226 22 178 1410 1143 1 5.78971 5.78971 77 
-5 4.96815 1.25056 0.327773 -0.0398937 0.179874 3.88375 22 179 6537 6536 1 0.649057 0.649057 12 
-5 3.02928 1.03808 0.475638 -0.795556 -0.0179696 3.87302 22 180 1580 1568 1 0.896992 0.896992 62 
0.123154 5 -0.864452 -0.184802 -0.238735 -0.197004 3.93798 22 181 11676 11661 1 3.84892 3.84892 65 
-2.37545 -4.47917 -5 0.171864 -0.0916675 0.28997 3.83177 22 182 3434 3419 1 14.9228 14.9228 132 
4.44374 0.881875 -5 0.0435894 0.381203 0.521097 3.85941 22 183 5514 5438 1 0.860541 0.860541 84 
-5 -4.77039 1.19043 0.717833 -0.731264 0.607657 3.88123 22 184 5673 5609 1 1.87815 1.87815 74 
4.86319 2.29907 -5 0.850883 -0.261309 1.00837 3.85139 22 185 7247 6527 1 2.1063 2.1063 76 
-0.51368 5 -0.563565 0.0043848 -0.327456 0.348556 3.91438 22 186 4792 4791 1 0.341012 0.341012 33 
-4.43462 -3.26265 -5 0.112221 -0.0393478 0.927101 3.82136 22 187 2757 2573 1 6.23054 6.23054 32 
-5 4.6679 -0.140433 2.43324 -1.36524 0.54073 3.88168 11 188 1390 1191 1 1.8114 1.8114 30 
0.561302 3.49081 5 0.437108 0.252966 -0.730284 4.07115 22 189 1734 1733 1 0.204561 0.204561 33 
-0.567836 0.69421 -5 0.406861 -0.16049 0.92788 3.83153 22 190 1586 1308 1 23.8392 23.8392 252 
-1.07217 -1.27168 5 0.0248689 -0.0621011 -0.490158 4.18965 22 191 2181 2180 1 12.8885 12.8885 186 
-3.23368 -0.175294 -5 0.244768 -0.0786928 0.944638 3.829 22 192 18342 18272 1 0.420892 0.420892 38 
-1.75469 5 -4.11433 -0.133595 -0.0861055 -0.054771 3.87689 22 193 11466 11372 1 3.21428 3.21428 72 
1.21948 -4.30382 -5 0.17215 -0.338631 0.994739 3.83518 22 194 1520 1356 1 3.41302 3.41302 120 
-2.33078 4.14754 -5 0.393171 -0.179082 1.41052 3.82922 22 195 1217 1 1 4.51402 4.51402 70 
-5 3.40805 -2.3127 0.335304 -0.0328545 0.384203 3.8893 22 196 1650 1647 1 2.24055 2.24055 146 
-5 2.17184 4.75492 3.41224 -4.15719 5.385 3.87505 22 197 18555 18441 1 6.97845 6.97845 111 
2.14135 5 0.705953 0.491144 -0.15075 -0.30345 4.01304 22 198 5536 5535 1 0.143963 0.143963 23 
-5 -0.43925 -4.5423 0.473901 -0.151281 0.11684 3.91078 22 199 7420 7419 1 1.12144 1.12144 78 
3.22494 -4.3079 5 0.20322 -0.0919082 -0.394968 4.01975 22 200 4590 4589 1 4.34255 4.34255 72 
4.70401 5 -2.36656 -0.097065 -0.263937 -0.426656 3.94949 22 201 1004 1003 1 12.8261 12.8261 190 
-5 -4.66662 -4.98653 10.5625 -9.27317 8.88813 3.85096 22 202 1081 1 1 2.86147 2.86147 73 
-5 -1.35523 1.46377 0.391176 -0.220574 -0.469217 4.15943 22 203 1850 1804 1 1.43237 1.43237 93 
-2.77731 -4.72519 -5 0.173732 0.0288167 0.293437 3.83153 22 204 1730 1729 1 9.90941 9.90941 160 
-5 -3.86174 0.0476631 0.14443 -0.0447388 -0.0552718 3.88054 22 205 1855 1854 1 10.3303 10.3303 135 
-5 4.52794 -1.49395 0.199511 0.123717 0.161648 3.86534 22 206 4018 4017 1 2.347 2.347 65 
4.31206 -2.5657 -5 -0.0319723 -0.223582 0.385616 3.87312 22 207 12539 12538 1 0.268909 0.268909 7 
-2.25896 5 -4.49865 -0.243881 -2.65613 1.95962 3.8293 -11 208 1119 1118 1 15.9146 15.9146 176 
0.674303 5 2.6852 0.314692 -0.129016 -0.381371 4.19979 22 209 2885 2884 1 0.336824 0.336824 6 
-5 3.40655 3.53258 0.157334 -0.0892785 0.733888 3.85183 22 210 4344 3998 1 2.30873 2.30873 101 
1.43693 5 2.76922 -0.189272 -0.157918 -0.0485092 3.87215 22 211 1735 1642 1 1.49354 1.49354 97 
-4.8269 0.258347 5 -0.0282675 -0.131954 -0.12499 4.1026 22 212 7063 6949 1 1.00474 1.00474 48 
-5 -3.15779 1.75891 0.305725 -0.110525 0.0878059 3.88688 22 213 4229 4027 1 0.865607 0.865607 64 
1.30001 5 1.13977 2.45183 -1.04579 2.59831 3.8813 22 214 5218 5045 1 0.158633 0.158633 28 
2.23033 3.80794 -5 0.510745 -0.0874894 0.89799 3.83116 22 215 4429 4314 1 2.03498 2.03498 27 
2.14525 -3.61082 5 0.114987 -0.111725 -0.234104 3.97931 22 216 13197 13004 1 0.159037 0.159037 8 
-4.81742 -1.6964 -5 0.0521108 -0.731449 4.17303 3.82348 22 217 1359 1 1 0.549437 0.549437 19 
-5 -4.42547 -3.89319 1.02324 -0.0535256 0.462946 3.86024 22 218 1276 1 1 2.54459 2.54459 117 
-2.91611 0.217089 -5 0.273773 -0.0828588 0.207724 3.84958 22 219 3205 2996 1 4.28515 4.28515 15 
-5 -1.6669 1.94046 0.293207 -0.073724 0.663642 3.85408 22 220 7586 6655 1 0.324517 0.324517 11 
2.89312 4.14341 -5 0.245058 -0.150228 0.563645 3.83306 22 221 10727 10684 1 14.2227 14.2227 110 
1.64909 5 1.39482 3.59928 -3.85582 13.1592 3.85395 22 222 1304 1114 1 4.58305 4.58305 49 
-1.15466 0.6097 -5 1.93848 -2.02447 11.639 3.82675 22 223 10283 10130 1 0.929807 0.929807 33 
-0.0281299 5 3.94257 0.20469 -0.185685 0.423886 3.89156 22 224 12022 11909 1 0.268307 0.268307 8 
-4.63788 5 1.52967 2.63272 -2.01861 2.99352 3.86222 22 225 9748 9638 1 0 0 7 
-0.755846 -0.861091 -5 0.103214 0.354969 -0.134772 3.85808 11 226 2313 2288 1 1.37236 1.37236 104 
-2.68964 -4.8274 -5 0.673036 0.0500252 3.56706 3.82325 22 227 2215 1 1 7.138 7.138 189 
-5 -2.55788 -2.45896 0.439033 -0.18549 -0.184291 3.92811 22 228 2012 2011 1 0 0 6 
4.70771 5 -3.73625 0.133461 -0.132483 0.338222 3.84731 22 229 1186 1109 1 9.39083 9.39083 159 
-5 1.51386 1.23828 0.444924 -0.174584 0.684761 3.86734 22 230 5937 5784 1 0.962914 0.962914 79 
-4.8303 -3.48747 -5 1.088 -0.10897 2.30549 3.83021 22 231 2939 1311 1 2.90553 2.90553 80 
-2.70358 2.10673 5 0.0450333 -0.0220005 -0.197928 3.89507 22 232 7636 7587 1 2.32807 2.32807 62 
-5 -1.60651 4.79819 0.181694 -0.0607586 0.613702 3.86176 22 233 3034 2832 1 6.89551 6.89551 73 
2.94516 5 1.23592 0.354841 -0.31215 -0.194346 4.01795 22 234 4604 4581 1 1.05086 1.05086 83 
-5 2.17445 -3.07528 1.09985 -0.392604 1.95959 3.84423 22 235 3563 3388 1 0 0 5 
-5 -0.0782904 0.785281 2.74268 -1.54527 2.50271 3.86736 22 236 1017 1 1 8.48904 8.48904 57 
-4.53577 5 -1.11941 0.226668 -0.349628 0.130501 3.90412 22 237 3783 3712 1 1.9442 1.9442 27 
-5 3.38487 3.23662 0.320095 -0.0881244 0.38845 3.89301 22 238 1676 1675 1 0.0389439 0.0389439 10 
-5 2.21643 -0.974971 1.23133 -1.2064 2.69597 3.83806 22 239 1256 1 1 5.61749 5.61749 144 
4.83014 2.50906 -5 0.105903 -0.471982 0.775832 3.86304 22 240 8253 8224 1 0.208859 0.208859 10 
-2.8199 5 -1.34634 0.49463 -0.0640054 -0.111195 3.89761 22 241 3845 3844 1 0.816779 0.816779 25 
-5 -0.912649 -0.504706 0.0992592 -0.385024 -0.320973 4.03669 22 242 1266 1263 1 1.6711 1.6711 37 
-3.74911 0.331849 -5 0.12811 0.161572 0.106878 3.90332 22 243 7285 7284 1 0.233297 0.233297 12 
-0.165336 0.244108 -5 0.0623537 0.174951 0.182357 4.00494 22 244 1381 1380 1 1.06732 1.06732 75 
-4.82602 -1.67573 -5 1.53384 -0.495053 1.44105 3.86564 22 245 1331 1330 1 0 0 3 
2.30496 4.31444 -5 0.0607325 -0.103491 0.116372 3.83733 22 246 8554 8462 1 14.7654 14.7654 119 
0.42681 5 -1.8294 -0.0579509 -0.095218 -0.207849 3.96131 22 247 1001 1 1 0.0492538 0.0492538 11 
-1.67717 -1.15145 5 0.151323 0.020807 -0.487635 4.02284 22 248 3780 3779 1 0.258964 0.258964 13 
3.04706 5 -3.67438 0.849252 -0.530026 1.82208 3.84479 22 249 8223 1 1 6.22865 6.22865 115 
-4.26981 5 0.980838 0.0406506 -0.201666 -0.0836695 3.98214 22 250 1659 1658 1 7.24922 7.24922 161 
-0.478334 -0.724878 -5 0.370922 -0.312608 0.160666 3.91812 22 251 5959 5958 1 2.33177 2.33177 98 
-5 -4.04367 -4.50338 1.83967 -5.27342 -8.34213 3.9176 11 252 1586 1461 1 0.858545 0.858545 35 
-0.691824 5 -4.02576 0.284777 -0.244241 -0.0971584 3.89267 22 253 1299 1298 1 0.963061 0.963061 22 
-5 4.66738 1.39646 0.114977 -0.0927174 -0.182511 3.88366 22 254 6790 6565 1 1.58983 1.58983 35 
-5 -4.95127 -1.00111 0.800471 -0.821042 0.126264 3.88041 22 255 2790 2736 1 0.305773 0.305773 29 
4.38956 -5 -4.03314 -0.135021 0.279028 -0.406242 4.03306 22 256 5571 5569 1 0.394748 0.394748 12 
1.04263 -2.13339 -5 0.26694 -0.0231057 0.348466 3.83578 22 257 1195 1 1 14.171 14.171 205 
-5 2.3866 3.25135 1.40475 -0.801996 2.05233 3.87306 22 258 1398 1232 1 1.02561 1.02561 38 
-5 1.32618 4.72849 0.224499 -0.155702 -0.0118884 4.07539 22 259 13873 13871 1 0.480236 0.480236 41 
-5 2.42497 -4.92413 0.284572 0.16993 0.240527 3.9813 22 260 5618 5592 1 20.2072 20.2072 229 
-2.141 5 -3.25746 0.060463 -0.231966 0.0864389 3.90376 22 261 1962 1243 1 4.8554 4.8554 26 
-5 2.72272 -4.88308 5.48395 -1.38789 6.44872 3.83459 22 262 4618 4591 1 1.06867 1.06867 57 
1.57803 5 4.9279 0.26476 -0.184371 0.346045 3.89587 22 263 12912 12911 1 0 0 7 
-4.65168 5 -1.18667 0.0623764 -0.200502 0.53528 3.84069 22 264 17248 17111 1 0.257311 0.257311 6 
-4.42459 3.37592 -5 0.294492 -0.41898 0.502196 3.83414 22 265 1269 1 1 2.24058 2.24058 19 
-2.00507 5 1.55887 0.116433 -0.0814973 -0.173166 3.96778 22 266 5826 5785 1 0 0 6 
-5 4.03415 -2.10691 0.272398 -0.143464 -0.163745 3.92077 22 267 2152 2097 1 0 0 12 
-3.5347 5 -0.595721 0.199291 -0.161654 0.146682 3.88084 22 268 1951 1569 1 0.654243 0.654243 48 
-3.8587 3.78037 -5 0.222457 -0.0846651 0.307659 3.84037 22 269 3066 2989 1 8.19821 8.19821 144 
4.73884 5 -4.62261 0.48524 -0.309716 0.0196898 3.86037 22 270 10287 10151 1 0.510827 0.510827 20 
-5 -3.99462 -0.29981 0.786541 -0.0994549 0.623046 3.87453 22 271 22020 20018 1 0.510035 0.510035 60 
1.52192 5 0.17469 0.295412 -0.174333 -0.138533 3.98248 22 272 4734 4733 1 2.5235 2.5235 14 
-3.73093 1.72209 -5 2.13789 -1.47556 3.94358 3.84188 22 273 13625 13604 1 1.06632 1.06632 11 
-5 4.87672 -4.49478 0.373808 -0.122221 -0.326266 3.89672 22 274 1084 1081 1 0.972351 0.972351 89 
-2.99387 5 -3.45569 0.0922774 -0.479272 -0.151338 3.86807 22 275 1210 1208 1 0 0 12 
-5 3.34738 0.892406 0.236102 -0.0915184 0.549685 3.8473 22 276 4370 4201 1 14.1208 14.1208 79 
-1.47769 5 -2.77272 -0.0963132 -0.0621387 -0.175408 3.8729 22 277 1080 1 1 12.888 12.888 154 
1.08167 2.75038 5 -0.152966 -0.0909419 -0.402455 4.18892 22 278 1329 1326 1 3.72731 3.72731 65 
-5 -3.19326 -2.87973 4.0804 0.620026 0.617113 3.8879 22 279 7406 7259 1 0.324612 0.324612 45 
-1.04525 5 2.30677 -0.0196684 -0.192265 0.0248719 3.91961 22 280 2889 1 1 0.262429 0.262429 7 
-1.43833 1.83451 -5 0.326813 -0.288379 0.26674 3.90936 22 281 20220 20219 1 0.0130673 0.0130673 10 
-5 0.278359 -3.66833 0.386767 -0.516882 0.99224 3.8457 22 282 1333 1332 1 0.104029 0.104029 17 
-5 -2.54195 2.68598 4.8367 1.84473 -1.20896 4.0783 22 283 1991 1990 1 0 0 4 
-5 -0.874526 -0.148908 0.27726 -0.255683 0.301864 3.86512 22 284 1566 1456 1 8.83418 8.83418 68 
-5 3.29353 2.53709 0.305534 0.401106 -0.00726931 3.93576 22 285 10492 10490 1 10.9436 10.9436 245 
-5 -2.903 4.12115 1.20389 -0.0028224 2.80211 3.87294 22 286 10970 10945 1 0.196701 0.196701 11 
-5 -1.6085 1.97018 0.263306 0.071562 -0.158527 3.89519 22 287 4174 4146 1 2.45966 2.45966 55 
-5 -4.05118 2.74252 0.48604 0.138356 0.0757797 3.88301 22 288 2865 2864 1 2.31018 2.31018 91 
-1.748 -4.41709 -5 0.382193 -0.214053 0.197845 3.85693 22 289 2969 2582 1 2.54305 2.54305 115 
-5 3.50733 2.69034 0.408007 -0.0619251 0.301356 3.88362 22 290 6914 6913 1 3.07737 3.07737 46 
-5 -0.965279 1.22875 0.194003 0.218705 0.289418 3.88494 22 291 1936 1 1 0.262884 0.262884 39 
-5 3.68947 -4.2744 0.940316 -0.292746 0.0994673 3.85528 22 292 3597 3409 1 3.47567 3.47567 30 
-5 -2.06205 0.402236 0.436562 -1.10164 -0.369935 3.97947 22 293 1655 1621 1 0.0985261 0.0985261 16 
3.7657 -2.9718 -5 1.32362 -0.977874 3.6668 3.84501 22 294 10794 10635 1 0 0 11 
-5 3.02571 1.86218 0.218261 -0.0337806 0.0769484 3.91346 22 295 3157 3156 1 8.69713 8.69713 183 
-5 2.23762 -0.745603 0.529059 -0.094004 0.232858 3.87554 22 296 2425 1 1 5.52183 5.52183 99 
-3.00411 4.88232 -5 2.73798 -3.26712 0.894141 3.85169 11 297 1 0 1 9.49698 9.49698 177 
-5 0.664306 3.80482 0.617101 -0.572147 2.0056 3.85907 22 298 2202 1919 1 0.205069 0.205069 15 
-0.513361 5 -1.86857 -0.0661869 -0.121327 -0.491954 3.96951 22 299 2561 2560 1 2.552 2.552 27 
-5 2.67743 1.11105 0.292743 -0.253417 -0.139402 3.87773 22 300 1401 1380 1 0.433115 0.433115 54 
-5 4.4422 -3.42539 5.69233 -4.91957 3.97087 3.83838 11 301 3242 3154 1 8.79922 8.79922 84 
-4.18626 -0.950192 -5 -0.0267242 -0.0110955 0.254553 3.90607 22 302 2998 2996 1 4.78861 4.78861 132 
-3.85037 0.681695 -5 0.685499 -0.577029 3.14246 3.82652 22 303 3811 3606 1 0.168909 0.168909 37 
1.06069 2.40248 -5 0.611757 -0.0341162 1.11029 3.8385 22 304 14582 14549 1 7.12725 7.12725 88 
-1.46378 5 0.349365 0.404364 -0.188117 -0.249443 3.90848 22 305 1504 1503 1 2.10568 2.10568 80 
1.32441 5 -0.892632 0.144022 -0.136918 0.138061 3.86643 22 306 8482 8481 1 11.8617 11.8617 103 
4.37936 1.20688 -5 0.416086 -0.271805 1.20178 3.83351 22 307 1928 1343 1 5.81944 5.81944 94 
3.81871 4.14091 -5 0.363713 -0.0331067 0.563666 3.83886 22 308 2155 2005 1 0.256101 0.256101 48 
-5 4.43761 1.10964 0.375115 0.0848187 -0.336473 4.11594 22 309 3937 3936 1 3.93007 3.93007 42 
-4.07812 -1.23013 5 0.380128 -0.195128 -0.280264 3.9828 22 310 1839 1822 1 0.219929 0.219929 25 
-5 -1.64385 3.15398 0.190483 -0.145931 0.12261 3.85933 22 311 2627 2266 1 8.18349 8.18349 101 
-3.39375 0.484683 -5 1.7117 -0.619056 3.60843 3.82757 22 312 1041 1 1 12.6985 12.6985 125 
-2.73531 2.42921 -5 -0.0076775 0.0556866 0.329948 3.97983 22 313 12645 12612 1 0 0 2 
-3.48236 2.1513 5 0.208737 0.0791564 -0.211086 4.04291 22 314 2522 2521 1 0.759982 0.759982 64 
-0.770904 5 -3.00064 0.292495 -1.07769 0.0895831 3.99074 22 315 2673 2672 1 0.203749 0.203749 40 
3.12638 0.161179 -5 -0.5299 -1.32302 4.88451 3.83831 11 316 1092 1062 1 4.84812 4.84812 24 
-5 -0.742998 2.90487 0.140351 -0.436578 0.0813196 3.8839 22 317 1383 1 1 2.4404 2.4404 38 
-3.93483 -1.26971 5 0.247409 -0.0175637 -0.446766 3.99061 22 318 3968 3967 1 1.44727 1.44727 56 
-3.85162 2.0821 -5 0.0424908 -0.0144261 0.213193 3.82469 22 319 2705 2426 1 5.74403 5.74403 63 
-5 0.114253 -0.618468 0.232472 -0.22502 -0.0818964 3.93381 22 320 5261 5254 1 5.84205 5.84205 153 
-1.28145 2.08964 -5 1.66822 -0.745861 1.01314 3.86026 22 321 4272 4271 1 0 0 4 
-5 -1.70745 -2.36296 0.0241177 0.119096 0.0340221 3.91951 22 322 1647 1512 1 4.51523 4.51523 109 
0.268899 2.55618 5 0.422549 -0.0865385 -0.493835 4.07252 22 323 1613 1610 1 3.6102 3.6102 41 
-3.84924 4.35785 5 0.0185477 -0.0447814 -0.231589 3.96327 22 324 2329 2295 1 0 0 14 
-5 -2.8716 1.32475 0.266889 -0.177697 -0.130733 3.91654 22 325 2818 2817 1 0.0293456 0.0293456 17 
-4.93354 -0.331584 -5 0.191612 -0.225335 1.05723 3.83379 22 326 9092 8871 1 0.376389 0.376389 4 
-5 -1.7643 3.72253 0.291146 0.0982042 0.408301 3.89293 22 327 17689 17661 1 6.22532 6.22532 55 
4.37167 5 4.87345 0.146007 -0.0507048 -0.222831 4.04306 22 328 4714 4557 1 17.6474 17.6474 103 
-5 4.39215 1.98584 0.189652 -0.028287 0.870452 3.845 22 329 3766 3760 1 23.4242 23.4242 152 
-5 -3.89228 -0.762989 0.735144 -0.456687 -0.396978 3.91843 22 330 5382 5358 1 0 0 4 
1.72319 3.73826 -5 8.66 -0.259259 28.4451 3.82792 22 331 2119 2031 1 5.48009 5.48009 113 
-5 1.36009 2.14408 0.0733128 -0.261478 0.000434186 3.92088 22 332 23555 23500 1 3.40748 3.40748 48 
-5 1.89879 0.206553 0.245009 0.0582249 -0.283727 3.9742 22 333 4569 4568 1 0.429266 0.429266 11 
0.342441 5 4.01986 0.252159 -0.199255 0.397282 3.88924 22 334 3436 3435 1 11.0676 11.0676 104 
-3.6597 -0.654609 -5 0.139653 -0.305224 0.385299 3.86529 22 335 1755 1754 1 0.0303118 0.0303118 13 
-1.53928 -2.99096 5 0.0959694 -0.154334 -0.246157 4.17282 22 336 4501 4454 1 0 0 4 
-2.51151 5 -0.268302 0.332969 -0.548623 3.12536 3.84296 -11 337 3850 3849 1 3.71836 3.71836 67 
-5 4.77935 4.03349 0.295198 -0.161475 -0.384582 3.97512 22 338 4126 4125 1 0.765011 0.765011 77 
-0.16528 -2.07863 -5 0.244782 -0.274444 0.354799 3.86394 22 339 3035 3031 1 0 0 12 
-5 -2.62428 3.11165 0.189785 -0.126169 -0.457365 4.09017 22 340 2224 2223 1 1.06376 1.06376 30 
-2.26088 -4.0794 -5 0.297654 -0.123776 0.340324 3.8441 22 341 4644 4594 1 14.9898 14.9898 189 
-2.26713 4.5995 5 -0.11706 -0.474959 -0.147751 4.18937 22 342 10289 10288 1 5.53041 5.53041 78 
-5 -3.61945 -0.892775 0.343041 -0.0215483 0.0434305 3.84999 22 343 1696 1695 1 16.5755 16.5755 241 
2.62843 3.14974 -5 0.110158 -0.0179719 0.511457 3.82553 22 344 1223 1053 1 6.61731 6.61731 212 
0.126332 5 -4.53966 2.64596 -0.766177 0.77996 3.83014 11 345 1609 1607 1 11.0116 11.0116 77 
-5 -3.78233 -1.06734 0.180886 0.165762 0.0973539 3.89506 22 346 7310 7244 1 0.072051 0.072051 12 
-5 2.00648 2.6345 0.172666 -0.0156886 -0.082166 3.99301 22 347 14524 14523 1 1.05453 1.05453 66 
3.00548 -2.08059 5 0.350551 -0.881493 -1.37987 4.0834 22 348 3525 3508 1 6.95635 6.95635 71 
-2.27179 -4.09822 -5 0.219824 -0.323594 0.499351 3.84354 22 349 7582 7387 1 0.608912 0.608912 35 
-5 2.86244 3.39523 0.486757 -0.0953616 0.104975 3.90028 22 350 4188 4121 1 0.770289 0.770289 9 
-4.23649 2.55039 5 0.369529 -0.104878 -0.336999 4.2037 22 351 3939 3938 1 0.150131 0.150131 24 
-1.59259 -1.28852 -5 0.427496 -0.165992 0.456897 3.84846 22 352 1263 1194 1 1.4543 1.4543 76 
-5 1.32123 3.88521 0.312447 -0.0772635 1.5746 3.85466 22 353 1189 1 1 0.0111355 0.0111355 4 
-2.72644 -5 1.05225 0.0905992 0.188027 -0.0589856 3.93085 22 354 1554 1553 1 8.43063 8.43063 232 
-2.10307 1.0971 -5 0.236859 -0.0689343 0.5219 3.83606 22 355 8893 8798 1 7.69218 7.69218 102 
-5 2.59649 0.473215 0.269448 -0.209506 0.314395 3.85714 22 357 1852 1787 1 8.23752 8.23752 80 
4.42687 5 2.87066 0.598192 -0.13548 2.42339 3.85602 22 358 1456 1201 1 0.880115 0.880115 60 
-5 -1.14251 -1.82945 0.214961 -0.061453 0.0445996 3.86013 22 359 2573 2237 1 0.611413 0.611413 46 
2.6567 -2.74107 5 0.43636 -0.138102 -0.22724 4.0199 22 360 2286 2285 1 1.49078 1.49078 19 
-5 -4.67742 0.275025 0.182305 -0.295011 -0.0764555 3.9381 22 361 6149 6148 1 1.14698 1.14698 32 
4.27076 3.52365 -5 0.453866 -0.0618235 0.431335 3.86217 22 362 1749 1748 1 0 0 4 
0.95856 -2.49092 5 0.147278 0.023733 -0.238341 3.97835 22 363 5530 5096 1 4.69217 4.69217 101 
-5 4.50184 2.7248 0.197469 -0.399603 0.249886 3.90865 22 364 6718 6717 1 0 0 6 
-0.0110356 -1.79283 5 0.176891 0.0389137 -0.199945 4.08895 22 365 1200 1 1 0.468405 0.468405 54 
-4.59473 5 4.70294 0.863297 -0.734812 3.71235 3.85739 22 366 1924 1795 1 6.98263 6.98263 115 
-1.85127 -0.230355 -5 0.188146 0.049865 1.12526 3.83605 22 367 1242 1198 1 2.97854 2.97854 23 
-5 -4.47074 3.63115 1.17645 -0.991806 3.70226 3.86514 22 368 6101 6056 1 0.470444 0.470444 28 
-3.83888 2.28626 5 0.433402 0.222915 -0.153596 3.8827 22 369 16211 16210 1 10.6783 10.6783 85 
0.869862 0.0863901 -5 3.68569 -2.552 29.3189 3.82237 22 370 1328 1 1 12.4454 12.4454 120 
-5 3.03614 2.44283 0.127055 -0.101691 0.16093 3.8742 22 371 10578 10526 1 0.321098 0.321098 17 
3.48745 4.47759 -5 24.5441 -4.30008 87.5249 3.83318 22 372 7329 7328 1 0.371876 0.371876 51 
-5 -1.16131 4.44449 0.409923 0.128207 0.116977 3.90783 22 373 3331 1201 1 0.192926 0.192926 40 
-2.47005 -0.443359 -5 0.0315019 -0.160557 0.856284 3.82782 22 374 6376 6340 1 2.26409 2.26409 28 
-2.18826 4.96603 5 0.130367 -0.0397812 -0.349434 3.9943 22 375 4028 4026 1 19.9041 19.9041 218 
-4.66943 -3.74446 -5 0.573433 -0.414812 0.609729 3.8534 22 376 4056 3548 1 2.66738 2.66738 87 
-2.92494 -3.21873 5 0.352216 0.00899593 -0.207277 4.04727 22 377 1197 1196 1 0.744193 0.744193 34 
-3.68402 3.31101 -5 0.188769 -0.11532 0.629575 3.83032 22 378 3236 3039 1 3.93217 3.93217 49 
-4.65709 5 -4.93943 0.301547 -0.303303 0.565235 3.84355 22 379 2091 2055 1 3.9375 3.9375 43 
4.36255 1.98373 -5 0.312304 0.0523854 0.111915 3.85103 22 380 2664 2642 1 20.4478 20.4478 316 
3.28972 5 2.49879 0.262912 -0.100734 0.00164922 3.99067 22 381 17428 17321 1 6.5737 6.5737 61 
-4.79508 5 3.46553 1.15463 -0.239809 1.56465 3.86738 22 382 4451 3497 1 1.32093 1.32093 88 
2.57517 5 4.92983 -0.0187768 -0.209696 0.0558538 4.02171 22 383 3679 3364 1 1.0504 1.0504 36 
-5 -2.46256 3.72855 0.372072 -0.177179 0.988093 3.86135 22 384 4800 4707 1 0 0 2 
1.15751 -3.51865 5 0.448941 0.0357724 -0.241438 4.00592 22 385 8883 8882 1 0 0 6 
-4.99539 3.02235 5 0.168955 -0.116616 -0.0632473 3.9687 22 386 1721 1613 1 1.91089 1.91089 62 
-5 0.0368157 4.61133 0.333096 -0.276463 0.271542 3.92717 22 387 11381 11357 1 0.164902 0.164902 5 
-2.0462 -1.00219 -5 1.44381 -0.534723 0.625969 3.90709 22 388 27986 27984 1 0 0 1 
0.37853 5 -1.27612 -0.131569 -0.452958 -0.196566 3.95026 22 389 1509 1508 1 0.154038 0.154038 46 
-4.3198 -1.89705 5 -0.0249955 -0.0437264 -0.508511 3.96956 22 390 1151 1149 1 0.166721 0.166721 27 
-5 0.0196737 -2.77848 0.369308 -0.163292 0.313158 3.89198 22 391 1519 1517 1 0.999278 0.999278 43 
-5 -1.47416 -2.20338 0.369736 -0.124009 -0.330207 3.90913 22 392 3116 3095 1 0.681974 0.681974 76 
-1.16394 -5 0.819587 0.165425 0.358658 -0.0790262 3.89526 22 393 4332 3717 1 3.35752 3.35752 72 
-2.92294 -0.254337 -5 0.519967 -0.219345 0.563487 3.85346 22 394 2263 2209 1 1.87165 1.87165 121 
1.85953 5 -1.96991 0.0228246 -0.116073 -0.114698 4.00524 22 395 2606 2605 1 10.6022 10.6022 95 
-5 -4.30032 -0.482612 0.464122 -0.153189 -0.149144 3.90217 22 396 2399 2398 1 5.38021 5.38021 104 
-5 -2.15764 -1.67985 0.201042 -0.228913 0.316306 3.85572 22 397 2688 2615 1 1.58163 1.58163 53 
-3.36693 5 -0.313656 0.390047 -0.187763 0.271529 3.87938 22 398 1446 1445 1 0.328507 0.328507 8 
-5 -1.13903 -0.556777 0.452057 0.139624 -0.193054 4.05367 22 399 11285 11284 1 0.57091 0.57091 92 
-3.00053 0.714722 -5 -0.00360811 -0.270623 0.360205 3.84778 22 400 10883 10860 1 3.70515 3.70515 36 
-1.66459 5 2.44093 -0.254633 -0.276324 0.324289 5.00933 22 401 8781 8778 1 1.69108 1.69108 57 
-2.67953 0.697772 -5 4.59029 -1.52888 4.09775 3.85543 22 402 6980 6777 1 0.564957 0.564957 66 
-1.45475 0.14466 5 -0.033027 -0.213367 -0.222668 4.16418 22 403 6594 6593 1 24.6467 24.6467 225 
-5 2.50083 4.26855 5.06428 -1.45177 5.0828 3.87563 22 404 1004 1 1 5.19379 5.19379 58 
-5 -2.45796 1.03468 0.196972 0.0284634 0.0949758 3.88603 22 405 10922 10696 1 0.323958 0.323958 10 
0.655723 1.36416 5 0.318016 -0.304776 -0.259032 3.93632 22 406 2366 2297 1 6.53307 6.53307 66 
-5 0.0408411 3.92382 5.39668 -1.73362 -0.673725 3.87305 -11 407 12615 12614 1 6.34591 6.34591 58 
-5 -3.59571 -2.97931 1.31541 -1.13098 -0.913094 3.95439 22 408 2783 2750 1 0 0 8 
-5 -2.69773 -4.9192 0.295204 -0.434275 0.212627 3.96842 22 409 2131 2130 1 0.396348 0.396348 13 
-0.222428 5 1.96403 2.05069 -0.691465 6.73532 3.85256 22 410 1131 1 1 0.00744252 0.00744252 10 
-5 2.83457 -1.51266 0.198077 -0.0663203 0.151348 3.8842 22 411 6865 6864 1 1.61288 1.61288 51 
-5 0.879184 -2.74989 0.395692 -0.0793892 0.185669 3.86822 22 412 2178 2101 1 0 0 7 
-5 -3.16073 2.53154 0.964589 -0.739824 2.11681 3.87001 22 413 7284 7179 1 1.87325 1.87325 10 
-1.77946 -0.233178 -5 1.92786 -0.813331 9.15895 3.82673 22 414 10050 8705 1 0 0 4 
-5 -4.99276 3.44075 2.96417 -1.77282 -0.540678 3.89291 22 415 7371 7337 1 0.544217 0.544217 71 
-5 -0.940445 -4.63777 0.233509 -0.123256 1.42556 3.82242 22 416 1250 1 1 60.1936 60.1936 597 
-5 -1.67111 -2.2579 5.89332 0.999771 11.0293 3.84448 22 417 3516 3515 1 0.353485 0.353485 12 
3.52595 5 1.28493 0.349777 -0.157571 0.0210562 3.92399 22 418 14301 14189 1 0.611414 0.611414 51 
-5 1.45988 3.76322 0.552242 -1.70811 1.27196 3.8575 -11 419 1140 1139 1 6.7961 6.7961 97 
0.466918 0.00335205 -5 0.728373 -0.520736 2.78114 3.83493 22 420 1453 1 1 0.541657 0.541657 8 
-5 -3.99136 3.83528 1.35174 -0.775795 0.56946 3.88182 22 421 1714 1648 1 2.17036 2.17036 88 
0.769725 3.02354 -5 0.0319679 -0.364035 0.357179 3.8497 22 422 4671 4652 1 15.046 15.046 192 
-5 0.449619 3.74563 0.533637 -0.604179 0.928615 3.86213 22 423 3141 3054 1 1.89952 1.89952 61 
-1.25192 -3.20968 -5 0.946876 -0.661578 1.96837 3.83527 22 424 5175 4276 1 0.416191 0.416191 27 
-5 -1.85007 -1.02925 1.01239 -1.1119 0.298794 3.88992 22 425 11015 10908 1 3.80968 3.80968 77 
1.56597 5 -2.18649 0.323236 -0.269154 1.94136 3.8358 22 426 5471 5046 1 0.702477 0.702477 44 
-1.50822 -4.36621 -5 0.203506 -0.125069 0.192622 3.84896 22 427 7122 6291 1 0.785259 0.785259 82 
-5 3.34203 3.51144 0.515711 0.239355 0.264886 3.87472 22 428 1470 1 1 0.932301 0.932301 47 
-5 4.97775 -1.3656 0.224546 0.00528933 -0.210477 4.02103 22 429 1808 1807 1 0 0 4 
-5 3.99265 -4.11527 0.00636937 -0.0113344 0.257703 3.82393 22 430 1274 1 1 37.7238 37.7238 207 
-5 4.15241 -1.79796 0.44627 -0.0703961 0.110976 3.87043 22 431 6070 5997 1 2.95998 2.95998 67 
4.44282 3.51405 -5 0.192018 -0.0217078 0.507309 3.83355 22 432 1226 1 1 4.79135 4.79135 42 
-3.57125 1.32395 -5 0.675665 -0.343907 1.29337 3.84507 22 433 6956 3635 1 0.115245 0.115245 8 
-5 -2.45943 -2.01823 5.39002 -5.48773 12.2453 3.8498 11 434 2477 2011 1 3.55193 3.55193 53 
-5 -3.65539 0.547392 13.3019 2.25934 51.0141 3.85683 -11 435 10628 10627 1 2.38885 2.38885 26 
2.6125 -2.90932 5 0.0903332 -0.0895366 -0.232502 4.12439 22 436 5223 5222 1 0.190325 0.190325 17 
2.69832 -1.87989 5 1.25707 -0.439047 -2.27925 4.19168 22 437 4553 4480 1 2.88377 2.88377 40 
-5 -0.696279 -2.13334 0.162555 -0.120102 -0.0971072 3.9991 22 438 1546 1527 1 0.812262 0.812262 58 
-4.00001 0.70471 -5 0.131953 -0.375062 0.159991 3.8437 22 439 2863 2766 1 7.80706 7.80706 189 
-1.63013 5 1.71388 0.161072 -0.17117 -0.360272 3.90251 22 440 1611 1589 1 4.72083 4.72083 78 
-5 3.98933 -2.42274 0.59276 -0.0689347 0.873537 3.84128 22 441 3812 3684 1 5.55201 5.55201 25 
-5 -4.30685 2.20339 0.711176 -1.08672 2.10688 3.85468 22 442 2057 1918 1 2.58804 2.58804 88 
-5 -4.81921 4.81456 0.620354 -0.161223 -0.114228 3.94158 22 443 11490 11487 1 0.149609 0.149609 27 
-0.62069 1.4475 -5 0.207079 0.0538296 0.36579 3.84117 22 444 1763 1549 1 2.3205 2.3205 39 
-4.93658 -1.03556 -5 0.692073 -0.169924 1.53461 3.84027 22 445 6231 6127 1 1.26689 1.26689 53 
1.08783 3.94426 -5 3.17774 -0.506749 3.07422 3.84558 22 446 5522 5521 1 2.39738 2.39738 89 
-1.33705 2.44855 -5 0.238591 -0.0630242 0.0208835 4.01109 22 447 8988 8693 1 2.05424 2.05424 60 
-5 0.240256 1.64304 0.241621 -0.130371 -0.284691 4.12894 22 448 9586 9585 1 0 0 6 
-5 -2.83873 3.58267 0.461729 -0.10589 0.481879 3.88236 22 449 21344 21104 1 0 0 7 
0.0509226 5 2.49072 0.374518 -0.147876 -0.314625 4.00412 22 450 2357 2356 1 10.8689 10.8689 172 
0.042582 5 -1.34877 0.564056 -0.247229 0.589558 3.85266 22 451 2962 2959 1 0.398547 0.398547 10 
-3.01091 4.47304 -5 0.615373 -0.433901 0.513903 3.85757 22 452 3422 3380 1 1.04837 1.04837 57 
-5 -2.90323 -1.246 2.38672 -0.0283737 2.82892 3.84881 22 453 5293 5275 1 2.26559 2.26559 190 
-2.49656 2.92454 -5 0.14069 -0.0668198 0.360457 3.85483 22 454 3940 3907 1 1.01257 1.01257 66 
-4.01725 -0.169745 -5 0.623483 -0.604694 0.995916 3.83962 22 455 1493 1418 1 6.24749 6.24749 106 
-0.351288 5 2.92616 0.49067 -0.370107 1.12654 3.8592 22 456 13239 13236 1 1.3155 1.3155 71 
-1.32958 5 3.09126 0.14513 -0.270176 -0.170108 4.13751 22 457 1533 1531 1 0.957124 0.957124 68 
4.01463 4.72334 -5 0.128484 0.0110804 0.201382 3.83805 22 458 2959 2733 1 18.7735 18.7735 185 
-5 2.94531 4.9186 0.211395 -0.201217 1.75149 3.85742 22 459 1385 1 1 0.670962 0.670962 42 
-5 4.8348 3.85925 0.26874 -0.157813 -0.079234 4.13155 22 460 10745 10719 1 0 0 5 
4.23129 2.76457 5 0.206189 0.102827 -0.257892 4.01306 22 461 1672 1648 1 0.78743 0.78743 63 
1.17804 5 1.30132 0.289062 -0.114861 -0.396933 4.16004 22 462 4986 4948 1 0 0 2 
1.42532 -1.32282 -5 13.7258 -9.17259 20.5651 3.85925 22 463 5769 5696 1 7.59275 7.59275 114 
-5 -4.07873 2.84317 11.8246 -4.15594 34.9177 3.85955 22 464 7089 7060 1 0 0 8 
-3.85273 5 -2.64314 0.330802 -0.239906 -0.120166 3.91072 22 465 2062 2035 1 0 0 12 
-3.83648 -3.71341 -5 3.90368 -5.18798 12.0256 3.84919 -11 466 1749 1748 1 1.08804 1.08804 34 
4.81267 -2.46643 -5 2.28935 -0.789332 1.99692 3.868 22 467 2324 2257 1 0.983727 0.983727 55 
-5 -2.87733 -4.8663 1.00828 -0.937923 -1.52133 3.95364 22 468 1173 1172 1 0.440307 0.440307 46 
3.86374 -1.35136 -5 0.500253 -0.18435 0.645748 3.85134 22 469 2909 2830 1 4.31911 4.31911 48 
-5 -3.14524 0.755458 0.930261 -0.320372 2.47644 3.85104 22 470 5806 5632 1 14.1551 14.1551 163 
-4.73135 -1.38421 -5 0.49717 -0.520009 0.49057 3.86845 22 471 4322 4059 1 0 0 3 
-5 2.4827 -2.95184 0.948571 -0.0249951 0.882755 3.85764 22 472 3376 3237 1 2.27397 2.27397 48 
4.49808 -1.23703 -5 0.062735 0.0237387 0.354184 3.83175 22 473 1832 1613 1 3.86868 3.86868 138 
2.88339 0.619009 -5 0.195984 -0.160901 0.171437 3.86469 22 474 2098 2004 1 2.34624 2.34624 38 
2.6292 5 3.27031 0.812485 -0.70254 -0.0871228 3.96501 22 475 36945 36846 1 0 0 2 
-5 1.98274 1.18379 1.93696 -0.214296 0.279057 3.87026 22 476 5015 5014 1 2.14512 2.14512 81 
-4.84851 5 -1.09851 0.34064 -0.291241 0.245486 3.98901 22 477 3066 3065 1 1.15704 1.15704 64 
3.88006 5 -3.43622 4.06935 -3.4385 2.31359 3.88397 22 478 6369 6368 1 2.4138 2.4138 42 
-5 1.05056 -0.564656 0.452664 0.0145229 0.236653 3.88118 22 479 23215 23189 1 0 0 3 
-3.69845 5 4.94323 0.347568 -0.0995022 0.361131 3.87669 22 480 10250 10249 1 0.328123 0.328123 11 
-2.01058 3.38805 5 -0.404023 -0.433422 -0.441176 3.94886 22 481 1407 1405 1 0.367443 0.367443 40 
1.4826 -3.01178 -5 0.376364 -0.591578 1.14375 3.84204 22 482 1395 1 1 2.23623 2.23623 147 
-2.84954 -2.95486 -5 0.347013 0.175414 0.33156 3.90081 22 483 3169 3167 1 21.13 21.13 278 
-5 4.57378 -4.48839 2.8068 -0.432884 2.44137 3.85381 22 484 1628 1528 1 4.52107 4.52107 119 
0.0485609 3.27963 -5 0.370373 -0.052252 0.848412 3.83677 22 485 2636 2415 1 2.20311 2.20311 47 
0.794287 5 2.36061 0.272585 -0.329166 0.400393 3.89068 22 486 23180 23158 1 0 0 2 
-5 -1.98055 2.08035 25.7658 -21.8467 117.52 3.8458 11 487 1 0 1 14.5277 14.5277 202 
-4.40695 4.46952 -5 1.94158 0.362855 2.22416 3.84423 22 488 7682 7681 1 1.90168 1.90168 72 
5 -0.169534 -0.338438 -0.155524 -0.414531 -0.0869368 3.98912 22 489 5953 5952 1 1.06931 1.06931 17 
-2.63391 3.6946 -5 3.28939 -0.34756 9.43105 3.83803 22 490 2204 2203 1 0.270597 0.270597 44 
-2.11688 3.95228 -5 3.60128 1.14323 1.17749 3.86998 22 491 11174 11150 1 0.473751 0.473751 64 
-5 4.71199 -1.11252 0.791754 -0.114118 0.329038 3.85412 22 492 2091 1742 1 2.88892 2.88892 39 
-5 -4.08873 -4.42718 5.50377 -4.20817 -1.21063 3.90079 -11 493 11240 11239 1 4.0101 4.0101 138 
0.064623 2.80315 -5 24.9295 -2.56979 30.4334 3.83759 11 494 1 0 1 3.52419 3.52419 59 
3.53866 -0.43007 -5 1.26 0.347232 3.027 3.82863 22 495 1204 1124 1 9.78852 9.78852 140 
-5 -2.36226 4.06851 0.451187 -0.207398 0.120567 3.9026 22 496 2177 2176 1 4.87828 4.87828 50 
-5 0.37549 -1.42079 0.211238 -0.277385 0.0740946 3.90066 22 497 2158 1884 1 1.1933 1.1933 23 
-5 -1.08266 1.55827 0.227525 -0.0546512 -0.333976 3.99264 22 498 1362 1361 1 7.42814 7.42814 167 
-0.145015 5 3.3144 -0.186643 -0.475647 -0.00662742 3.87806 22 499 8546 8545 1 0.043654 0.043654 5 
-5 -4.54665 4.44227 0.141804 -0.185873 -0.00307357 3.95607 22 500 3329 3016 1 0.19306 0.19306 28 
-5 0.427608 3.12698 3.94139 -1.78272 0.805435 3.89939 -11 501 9505 9504 1 3.87995 3.87995 49 
4.77289 2.66852 -5 0.205244 -0.0227203 0.498337 3.8362 22 502 2026 1770 1 8.96713 8.96713 140 
-5 -2.852 1.4643 0.184173 -0.0213568 -0.137883 3.91967 22 503 1386 1321 1 3.10921 3.10921 85 
-4.3457 0.107922 5 -0.126296 -0.185357 -0.116895 3.97859 22 504 1837 1794 1 1.3796 1.3796 49 
-3.03596 -1.41706 -5 -0.0634545 -0.164709 0.251334 3.83978 22 505 1878 1 1 8.34226 8.34226 110 
-5 0.922677 0.348669 0.0766858 -0.251455 0.152045 3.86212 22 506 2020 1803 1 0.59422 0.59422 73 
-4.47275 -3.40885 -5 0.13576 -0.0751074 0.277725 3.83195 22 507 11059 11032 1 0.14159 0.14159 23 
-5 1.18635 0.29526 0.0578551 0.161457 -0.0320889 3.8777 22 508 2724 2492 1 11.4349 11.4349 255 
-5 4.2084 0.823424 0.303685 -0.146392 0.384011 3.86045 22 509 9242 9241 1 1.75156 1.75156 43 
-5 1.35196 -3.84576 0.293112 -0.234314 -0.32387 3.96254 22 510 2136 2135 1 0.510669 0.510669 20 
-2.59279 -4.15637 -5 0.109962 -0.235182 0.202694 3.85231 22 511 2125 2124 1 8.44064 8.44064 69 
-1.48863 -4.01005 5 0.380111 0.00432149 -0.341492 4.05263 22 512 9211 9209 1 0 0 11 
-5 1.32751 2.41221 0.886312 -0.141019 2.31799 3.85891 22 513 9129 8765 1 2.40968 2.40968 20 
-3.72508 5 4.54081 0.178455 -0.102128 0.0191631 3.97598 22 514 3339 3338 1 0 0 2 
-4.42281 3.88797 -5 2.30788 -3.99806 9.44268 3.82714 11 515 1102 1 1 14.0145 14.0145 189 
1.6801 3.14448 -5 0.498157 -0.313134 1.47591 3.83277 22 516 2728 2650 1 0.279408 0.279408 38 
-1.0367 0.42369 -5 0.102223 -0.0557019 0.495596 3.82381 22 517 2672 1 1 12.8837 12.8837 114 
-0.811331 5 -3.919 0.18025 -0.082076 0.0427781 3.85837 22 518 3027 2971 1 4.31453 4.31453 62 
3.1453 -1.27793 -5 4.8846 -4.45591 13.0302 3.84365 22 519 14048 13973 1 0 0 2 
-5 0.634767 3.97824 0.25161 -0.12781 0.266322 3.86912 22 520 6257 5872 1 0.0458655 0.0458655 30 
-5 4.43439 3.04304 0.426423 0.00318866 0.731546 3.85936 22 521 11675 11498 1 0.318504 0.318504 41 
-5 -3.37255 -3.00032 0.201283 -0.171645 -0.000461689 3.98805 22 522 8508 8488 1 0.541141 0.541141 55 
-5 0.263787 2.01922 0.233761 -0.059462 0.0492104 3.91796 22 523 3876 3330 1 0 0 13 
1.9693 5 -4.12529 3.86396 -2.96774 1.89808 3.88439 22 524 1468 1392 1 0.498196 0.498196 31 
-1.89073 3.3872 -5 2.55441 -1.12073 23.9203 3.82164 22 525 2282 1 1 0 0 10 
-3.34502 5 -2.65634 1.8307 -2.94245 3.06981 3.90978 -11 526 2857 2856 1 7.11511 7.11511 31 
-1.02018 5 3.85456 0.0789276 -0.187246 -0.0104377 3.89195 22 527 5905 5904 1 5.07415 5.07415 63 
-2.87222 4.65498 -5 -3.24403 -6.12906 20.9439 3.82134 11 528 1 0 1 19.6332 19.6332 272 
-1.1483 -3.72108 -5 0.0506445 -0.281038 0.371525 3.84329 22 529 10307 10218 1 5.54534 5.54534 106 
-5 4.82471 -3.75415 0.32164 -0.088857 0.152436 3.83728 22 530 3512 2482 1 1.00732 1.00732 88 
4.8831 0.43688 5 0.338445 -0.132505 -0.137663 4.00276 22 531 4969 4968 1 0.37274 0.37274 30 
1.67259 5 3.97087 0.104544 -0.281524 -0.246023 3.89014 22 532 1095 1094 1 19.3908 19.3908 332 
-5 -1.07063 -2.695 0.605969 -0.0535071 0.265769 3.86206 22 533 3402 3293 1 3.362 3.362 36 
-2.03624 3.47355 -5 0.320217 -0.0823981 2.04391 3.82381 22 534 3248 2862 1 4.94678 4.94678 99 
-5 -1.59037 -1.26773 0.145622 -0.124725 -0.0136518 3.89374 22 535 2283 2259 1 1.20369 1.20369 42 
-5 3.16527 4.02189 10.128 0.542162 5.59113 3.88728 22 536 1842 1816 1 7.20967 7.20967 93 
-2.72708 5 0.193826 -3.608 -5.91411 -0.497457 3.91468 11 537 20550 20521 1 3.27057 3.27057 17 
-3.9156 3.93488 5 0.318609 -0.330761 -0.224066 3.9763 22 538 1475 1474 1 0.510683 0.510683 23 
-5 -3.5914 1.94549 0.309035 0.0278459 0.079847 3.88368 22 539 3616 3480 1 0.668414 0.668414 19 
-5 -3.2324 -2.79673 0.413007 0.0664533 0.214758 3.8841 22 540 14435 14434 1 1.1161 1.1161 6 
-5 -0.359522 2.11235 0.207226 -0.305964 -0.19128 3.96457 22 541 5365 5316 1 0.47923 0.47923 35 
-5 3.20974 3.67835 2.29196 -2.47164 -3.18842 3.91871 11 542 10877 5656 1 3.14022 3.14022 108 
1.47846 5 -3.32638 0.171913 -0.23002 -0.422678 4.2653 22 543 2126 2124 1 4.46464 4.46464 92 
2.71388 4.53969 5 0.244249 -0.121232 -0.204249 4.05123 22 544 1862 1735 1 1.31374 1.31374 20 
-5 -1.2159 4.07139 0.429137 -0.0952261 0.260563 3.90449 22 545 2958 2934 1 1.20879 1.20879 64 
-5 1.03738 0.544875 0.270936 -0.295456 -0.121026 3.92091 22 546 39512 39399 1 3.49789 3.49789 63 
-5 -1.28445 -4.56104 0.789312 -0.192057 0.903274 3.84665 22 547 6138 6054 1 0.243727 0.243727 25 
-5 0.32564 -3.49025 0.489163 -0.128807 -0.0724442 3.91422 22 548 1904 1903 1 1.08438 1.08438 71 
-3.19572 3.90001 -5 0.268004 -0.231381 0.245524 3.86061 22 549 9110 9051 1 0.114705 0.114705 13 
-5 1.78895 -2.4349 0.0707631 -0.194075 -0.19752 4.03464 22 550 2267 2215 1 0.735688 0.735688 67 
-5 4.89678 0.288911 0.198154 -0.038634 1.49235 3.83932 22 551 1099 1 1 18.1808 18.1808 149 
4.63416 0.72878 -5 3.93316 -1.86822 8.42739 3.83917 22 552 19965 19830 1 1.25579 1.25579 18 
0.554139 -4.82835 5 0.529126 -0.459178 -0.904058 4.06632 22 553 11272 11252 1 0.000769655 0.000769655 12 
-5 2.91131 -3.24794 0.458034 -0.00193598 -0.208806 3.91652 22 555 2273 2272 1 3.08309 3.08309 13 
2.7348 -0.68087 -5 -0.0510182 0.240533 0.118124 3.8683 22 556 2961 2858 1 0.44853 0.44853 6 
-5 -3.18214 -4.60011 0.948893 -0.264051 0.189608 3.89745 22 557 1702 1575 1 0.0286312 0.0286312 9 
1.39228 -0.204251 5 -0.165788 -0.0142959 -0.348747 3.92622 22 558 7771 7770 1 0.615934 0.615934 33 
-4.25788 5 2.22703 0.140966 -0.205337 -0.446189 3.98278 22 559 9059 9058 1 0.22807 0.22807 44 
2.01971 5 0.848599 2.94779 -3.94456 6.05418 3.89126 -11 560 5809 5808 1 2.85209 2.85209 64 
-4.67531 4.30324 -5 1.36294 0.119017 1.95602 3.83339 22 561 3998 2345 1 6.79185 6.79185 93 
0.541238 0.832339 5 0.10495 -0.0766558 -0.239625 4.15093 22 562 6682 6680 1 0.84959 0.84959 60 
0.954208 -0.517494 -5 -0.125614 0.203985 0.287701 3.84474 22 563 8707 8638 1 0.198422 0.198422 32 
-3.28833 3.85767 -5 3.24634 -0.74334 2.68141 3.85576 22 564 5404 5326 1 0.721873 0.721873 30 
-4.58432 5 -4.62341 0.128208 -0.208581 0.0542653 3.87103 22 565 14209 14188 1 0.514182 0.514182 31 
-4.65031 5 1.29443 6.11751 -5.56023 -5.96783 3.87537 11 566 7247 5139 1 4.26185 4.26185 11 
-5 0.478866 4.89135 0.384951 -0.29819 -0.137838 3.99225 22 567 1264 1262 1 0.785076 0.785076 61 
-5 -3.54549 -2.69435 0.622704 -0.175515 2.18158 3.83721 22 568 7154 6846 1 0.428501 0.428501 5 
-0.804248 -4.94717 5 -2.49716 1.38905 -0.881869 3.93391 -11 569 6220 6219 1 4.12589 4.12589 110 
-2.784 5 0.901671 0.892631 -0.844247 1.73638 3.84996 22 570 1120 1029 1 6.6013 6.6013 95 
-5 -1.71811 -4.39984 17.4392 3.38259 32.4032 3.83143 11 571 6884 5120 1 11.6289 11.6289 92 
-3.77899 1.23404 -5 0.0740348 -0.00969325 0.213388 3.82565 22 572 9066 8861 1 9.12208 9.12208 176 
-5 2.03491 -4.77688 0.676004 -0.125194 1.24813 3.83794 22 573 3577 3572 1 2.47074 2.47074 63 
-0.310713 -4.75763 -5 0.206942 -0.232865 0.295223 3.84317 22 574 4622 4404 1 8.72147 8.72147 54 
-5 -0.435715 -0.901822 0.0967086 0.194765 -0.143573 3.89361 22 575 14543 14448 1 0.541485 0.541485 39 
-0.00629635 -2.83236 -5 2.42601 -1.48183 11.4306 3.82849 22 576 6718 6592 1 6.77251 6.77251 98 
-5 1.33424 -1.57771 0.425019 -0.787099 0.928523 3.85586 22 577 7748 5519 1 0.246758 0.246758 48 
-3.53817 5 3.91705 0.149448 -0.310352 -0.0835727 3.90097 22 578 3636 3555 1 6.53368 6.53368 85 
-1.54906 5 -1.26498 1.416 -0.65378 3.36987 3.84463 22 579 1680 1 1 4.16131 4.16131 94 
-5 4.56744 -0.692153 0.201695 -0.462646 -0.0799866 3.91127 22 580 8113 8112 1 4.34155 4.34155 73 
-5 0.412326 4.67842 0.0434298 -0.066963 0.515098 3.85754 22 581 1204 1 1 6.54681 6.54681 86 
3.79997 1.08347 -5 0.600009 -0.123422 2.67669 3.82547 22 582 1413 1 1 9.99391 9.99391 215 
0.266676 5 2.07746 0.3506 -0.146973 0.668323 3.85873 22 583 1657 1629 1 5.49437 5.49437 214 
-4.34083 3.44817 -5 0.305989 -0.0179266 0.408864 3.84064 22 584 3457 3426 1 9.97064 9.97064 78 
-4.56691 5 1.07358 -0.217407 -0.16869 0.0333849 3.89471 22 585 12418 9423 1 2.12892 2.12892 55 
-3.24738 3.84739 -5 0.426225 -0.346484 0.528831 3.83803 22 586 7280 7089 1 0.620298 0.620298 34 
-5 -0.459036 -3.33607 0.809708 -0.774141 0.993602 3.85755 22 587 1873 1769 1 0 0 17 
-2.24752 5 0.873053 0.220036 -0.00938567 0.154475 3.90821 22 588 3573 3568 1 0.38631 0.38631 14 
-5 -3.57001 -1.13317 0.498154 0.113547 -0.0083205 3.92321 22 589 14765 14762 1 0.910159 0.910159 74 
-5 3.10834 4.37298 0.118831 -0.229238 0.187471 4.01513 22 590 12955 12954 1 0.180506 0.180506 42 
-5 3.86238 0.484912 0.142898 -0.134304 -0.471871 4.16777 22 591 3993 3991 1 0.420558 0.420558 15 
4.57376 -5 4.40052 0.0387943 0.212692 -0.016526 3.94972 22 592 1491 1439 1 9.29252 9.29252 75 
-3.28569 4.86346 -5 1.22464 0.430191 4.06422 3.82899 22 593 1961 1257 1 1.25982 1.25982 71 
-3.78294 5 3.91794 5.12531 -8.94361 15.014 3.85994 22 594 14030 13892 1 0.472104 0.472104 31 
4.62676 4.92637 5 0.122026 -0.00915514 -0.177224 3.90959 22 595 3037 1 1 1.21286 1.21286 17 
-5 -0.836883 -3.85341 0.145074 0.005637 -0.10252 3.85476 22 596 7215 7214 1 0.528468 0.528468 38 
-5 -3.15283 1.51761 0.532074 -0.232282 0.418724 3.90713 22 597 14887 14812 1 0 0 2 
4.81746 2.67892 -5 -3.02277 1.53449 3.1061 3.85698 -11 598 1541 1540 1 9.8244 9.8244 122 
-2.34668 5 -2.9025 0.29067 -0.216256 0.360367 3.8642 22 599 5647 5646 1 0 0 6 
0.435786 -2.97577 -5 0.552056 0.169898 1.25419 3.8331 22 600 1597 1434 1 1.79892 1.79892 11 
-3.67703 2.42285 -5 1.37927 -0.783341 1.3926 3.84397 22 601 7546 7197 1 3.02838 3.02838 69 
-3.86434 2.55688 5 0.00865136 -0.240048 -0.27529 4.27034 22 602 9182 9181 1 0 0 3 
-4.44735 -4.3427 5 0.145952 -0.0333152 -0.228884 4.0331 22 603 1964 1931 1 8.01583 8.01583 93 
-5 1.59917 -2.75907 3.90728 -1.24873 -0.808068 3.89052 22 604 4134 4115 1 3.76244 3.76244 16 
-5 4.46343 4.04436 0.414868 -0.27224 0.122023 3.92922 22 605 2812 2811 1 0.54613 0.54613 20 
-4.38639 2.1693 -5 0.763001 -0.889036 3.31898 3.82969 22 606 6010 5692 1 6.79588 6.79588 68 
-5 -2.61973 3.69014 0.132999 0.042106 -0.491587 4.20198 22 607 4166 4165 1 3.79439 3.79439 39 
-1.17295 4.37027 5 0.05482 -0.101961 -0.247224 3.88516 22 608 9563 9468 1 2.59214 2.59214 24 
1.54918 5 4.3895 2.4019 -1.1687 4.41875 3.88108 22 609 2900 2801 1 1.50606 1.50606 36 
-5 -4.19945 -2.54097 0.202416 -0.262352 0.117305 3.94365 22 610 1608 1607 1 0.565174 0.565174 53 
-5 3.51317 -3.03327 0.332099 -0.153224 0.318454 3.83865 22 611 2026 1929 1 2.31605 2.31605 70 
-0.167411 3.54631 -5 0.15181 -0.0595646 0.0641777 3.84381 22 612 2792 2735 1 7.22299 7.22299 114 
-5 3.68399 0.149718 0.0217562 -0.0784186 -0.158232 3.90955 22 613 1269 1103 1 1.24281 1.24281 63 
-3.45942 5 -0.55361 0.694563 -0.391242 -0.490074 3.9331 22 614 2573 2572 1 0.466882 0.466882 46 
-5 4.56713 2.0701 0.172621 0.0102487 0.235127 3.84513 22 615 1270 1 1 42.4978 42.4978 368 
-2.91901 -5 4.3388 4.72929 3.37222 8.25714 3.87013 11 616 2683 2313 1 15.8571 15.8571 148 
-5 -1.67028 2.53849 0.177731 -0.282352 -0.361997 4.02671 22 617 4566 4565 1 0.347331 0.347331 27 
-5 2.20634 -3.21286 1.95161 -0.36709 4.92477 3.84792 22 618 9006 8892 1 0.268905 0.268905 31 
0.11127 4.90487 -5 0.218486 0.0413153 0.056426 4.17118 22 619 4553 4551 1 3.19433 3.19433 90 
-4.1124 5 0.609036 0.285328 -0.159708 0.257353 3.85773 22 620 1399 1 1 2.10241 2.10241 24 
-5 2.04146 -3.70598 0.207782 -0.376319 0.135269 3.8788 22 621 1611 1610 1 0 0 11 
-5 1.77768 -3.59007 0.392465 -0.326901 0.0150679 3.89084 22 622 9480 9479 1 0.732527 0.732527 83 
-5 1.79537 1.26845 0.237819 -0.157695 0.423903 3.86289 22 623 7263 7239 1 14.9586 14.9586 212 
-5 2.75421 1.20591 1.87877 -0.703254 0.748421 3.89396 22 624 8704 8650 1 0 0 2 
3.96267 5 0.224034 2.69853 -0.37452 0.450007 3.88325 22 625 2800 2799 1 14.3651 14.3651 112 
-5 0.459885 4.20351 0.379171 -0.332713 0.081552 3.88418 22 626 1640 1639 1 0.0135186 0.0135186 5 
-5 2.31692 -4.12247 0.469777 0.102384 -0.173051 3.8848 22 627 3336 3308 1 7.7753 7.7753 63 
-5 -1.82817 -4.89081 0.912108 -1.68202 2.00053 3.86102 22 628 1816 1763 1 0.0495928 0.0495928 27 
-5 3.02313 -2.9473 0.53652 -0.576159 0.771079 3.86435 22 629 25427 25400 1 0 0 5 
-0.36766 1.93785 -5 2.62298 -3.10808 8.65588 3.82989 22 630 5495 5269 1 5.25574 5.25574 100 
-2.18216 -0.798601 -5 2.8861 -0.654555 11.3211 3.82518 22 631 3061 3042 1 5.00207 5.00207 71 
-4.76852 4.0133 -5 7.13947 -4.25857 5.03144 3.85991 22 632 9520 9519 1 0.087869 0.087869 6 
-1.70366 5 2.7494 0.376713 -0.267658 0.178035 3.87668 22 633 7917 7685 1 0.451698 0.451698 29 
0.0270919 -4.82639 -5 0.378897 -0.626905 1.45417 3.834 22 634 18867 18843 1 4.83623 4.83623 97 
-0.12435 5 1.418 0.244174 -0.27536 0.147309 3.8915 22 635 1223 1124 1 4.78649 4.78649 99 
0.0652762 -5 -1.06265 0.383616 0.337211 0.0157424 3.95732 22 636 10065 10063 1 0.667209 0.667209 75 
-5 -1.49707 1.7209 0.578614 -0.608624 0.112286 3.8836 22 637 8011 7872 1 0.225985 0.225985 16 
-0.489953 -3.50336 5 0.363781 -0.19642 -0.300337 4.07895 22 638 2494 2492 1 0.690286 0.690286 40 
-0.569948 -4.4739 -5 1.9265 -0.734261 3.06213 3.84975 22 640 15728 15657 1 0.202983 0.202983 24 
-5 -4.59919 -2.9477 0.255507 -0.0986476 -0.116609 3.97266 22 641 12260 12259 1 1.62441 1.62441 84 
-0.262408 5 3.03202 0.0173047 -0.0530907 0.213574 3.8788 22 642 4208 4160 1 4.23956 4.23956 86 
-5 0.566039 0.171844 0.145577 -0.190009 -0.107521 3.92479 22 643 2032 2030 1 1.30798 1.30798 45 
-0.636033 5 -0.458282 0.070553 -0.248988 -0.0187053 3.90642 22 644 5291 5290 1 0.258984 0.258984 34 
-4.55057 -0.433608 5 -0.611447 0.802146 0.0361147 3.89425 11 645 1 0 1 2.18047 2.18047 59 
-3.61642 5 3.542 0.108449 -0.0391597 0.43153 3.85137 22 646 2509 2298 1 2.69367 2.69367 242 
-5 4.59674 -1.06684 1.02933 -0.351169 1.53673 3.8501 22 647 4327 4153 1 6.39211 6.39211 89 
1.15757 0.0803001 -5 2.87886 -0.386359 5.22927 3.84182 22 648 3790 3698 1 0.115971 0.115971 20 
-5 -2.14458 4.42268 0.230218 0.074895 0.0916452 3.96335 22 649 4517 4346 1 0.0291458 0.0291458 26 
-5 1.78596 0.794598 0.451623 -0.0889525 0.307505 3.86691 22 650 3029 3028 1 26.9258 26.9258 277 
-5 -1.53278 -2.77225 0.381341 -0.308958 0.653535 3.85617 22 651 5563 5178 1 0.59672 0.59672 7 
-5 -0.766119 -1.26664 0.597641 -0.24157 0.378286 3.88485 22 652 17794 17426 1 0.184148 0.184148 2 
-5 -1.75795 3.59278 2.41163 2.55887 -0.109275 3.91553 11 653 6015 5623 1 1.10032 1.10032 25 
-5 0.0704357 -1.16827 0.364882 -0.35238 0.0617206 3.94593 22 654 10096 10095 1 0.18292 0.18292 30 
2.28462 -0.813754 -5 2.89138 -0.566982 4.87521 3.83965 22 655 6621 6405 1 0.161614 0.161614 12 
5 -1.10073 0.484574 -0.147486 -0.131994 0.0707621 3.93078 22 656 4921 4886 1 0 0 9 
-5 -0.125185 4.53412 3.08327 0.426088 0.140535 3.87796 22 657 2433 2432 1 6.72664 6.72664 147 
-5 -2.53159 1.51423 0.286409 -0.254774 0.392384 3.86914 22 658 14054 13639 1 0.584033 0.584033 44 
-5 -2.79892 0.283682 0.930321 -2.24732 1.76116 3.89564 22 659 1221 1185 1 2.03441 2.03441 118 
-1.21434 0.196793 -5 0.257855 -0.0162323 0.440871 3.84353 22 660 2663 2644 1 16.8556 16.8556 232 
-0.618486 -4.66005 5 0.27633 -0.103913 -0.187628 3.91188 22 661 3301 3177 1 3.10234 3.10234 48 
-5 2.31136 -4.96443 0.781103 0.121432 0.0286432 3.96577 22 662 2042 2013 1 1.10403 1.10403 52 
-5 3.7232 3.37284 0.411571 -0.134976 -0.271128 3.91655 22 663 5900 5899 1 0.039882 0.039882 8 
-5 -3.14327 -3.53747 0.24423 -0.0367509 -0.0583221 3.95454 22 664 8029 8028 1 0.782194 0.782194 52 
-5 -3.37144 3.78091 0.208502 -0.100163 0.178462 3.88669 22 665 3338 3267 1 0.745558 0.745558 30 
-5 -2.99946 -1.88853 4.26926 -2.88134 -4.46879 3.86727 -11 666 19652 19651 1 2.20202 2.20202 68 
4.29407 -3.10567 5 0.619558 -0.468106 -0.731469 4.08143 22 667 25311 25310 1 0 0 2 
-2.33804 1.03752 -5 1.2707 -0.3426 1.23078 3.84494 22 668 6626 6513 1 0.265948 0.265948 9 
-4.18899 -2.91766 -5 0.581235 -0.236933 1.60527 3.83138 22 669 8344 7700 1 18.4841 18.4841 168 
4.46768 5 1.31856 0.209442 -0.312646 0.0667227 3.96781 22 670 11581 11580 1 0 0 2 
1.48942 0.156946 5 0.62044 -0.343149 -0.820111 4.12359 22 671 4620 4619 1 1.17945 1.17945 38 
-5 3.83598 3.08309 1.97149 -0.261111 1.57035 3.87876 22 672 3337 3262 1 7.44402 7.44402 73 
-5 3.5943 4.2458 0.445869 -0.192406 0.159062 3.93314 22 673 15965 15963 1 0.370259 0.370259 48 
-5 -4.27651 -1.30457 0.368677 -0.149923 -0.3205 4.02988 22 674 1766 1765 1 36.9117 36.9117 370 
-5 -2.50952 2.36905 0.0424345 0.13805 0.150137 4.01713 22 675 7229 7201 1 2.19951 2.19951 20 
-4.38394 5 -4.51386 2.41496 -3.59422 3.64074 3.85122 22 676 3925 3920 1 0.221798 0.221798 28 
-3.55057 5 -0.236579 0.02462 -0.288077 -0.058218 4.03785 22 677 16221 16220 1 0.610649 0.610649 21 
-5 1.06186 -0.347152 0.279917 -0.367356 0.218669 3.8765 22 678 14989 14983 1 2.74406 2.74406 65 
-5 -3.27518 -0.310925 3.91595 -1.52831 5.1325 3.87349 -11 679 1434 1433 1 6.25981 6.25981 48 
-2.44056 -2.14321 -5 0.141588 -0.141963 0.253114 3.8466 22 680 4156 4126 1 0.573646 0.573646 34 
-1.36351 2.01946 -5 0.200169 -0.0308598 0.0746305 3.9028 22 681 8513 8108 1 0.160583 0.160583 10 
-5 0.521156 -3.32838 0.628998 -0.0788764 0.535738 3.85357 22 682 1871 1869 1 7.1426 7.1426 105 
-5 -3.83911 -4.0207 0.831945 -0.113021 0.240363 3.85356 22 683 1910 1696 1 13.5992 13.5992 77 
0.208183 -0.114446 -5 0.134465 -0.235266 0.083804 3.91625 22 684 6371 6370 1 2.70686 2.70686 28 
-5 -3.95041 -4.68078 0.410284 -0.592475 0.650692 3.8523 22 685 4374 3617 1 0.0582585 0.0582585 24 
-5 3.25952 3.97607 6.84593 -3.30407 12.8611 3.86426 22 686 1454 1452 1 4.33066 4.33066 152 
1.65846 4.32784 -5 0.147611 -0.189681 0.240648 3.8751 22 687 3164 1 1 7.67412 7.67412 93 
-5 -2.20746 3.53945 0.111601 -0.0972551 0.156713 3.87204 22 688 3299 3111 1 0.934499 0.934499 54 
5 4.79932 -2.38621 -0.123016 0.165405 -0.208088 4.01343 22 689 2591 2588 1 1.64229 1.64229 62 
-2.63094 -0.312091 -5 0.106382 -0.246529 1.50635 3.82377 22 690 4155 3588 1 0.723245 0.723245 16 
-5 2.3406 -0.853101 0.327297 -0.0790576 0.384378 3.85622 22 691 2345 2343 1 0.0681411 0.0681411 12 
3.1976 2.35241 -5 0.344474 0.332355 0.178879 3.9061 22 692 15405 15378 1 1.86826 1.86826 45 
-5 -2.14714 -1.25538 0.35235 -0.165715 0.330919 3.87102 22 693 5176 5148 1 0.33224 0.33224 18 
-4.22372 5 -1.75316 0.0704642 -0.47493 0.174917 3.84673 22 694 3476 3474 1 8.58305 8.58305 108 
-1.30909 5 -2.51217 -0.129082 -0.387756 -0.306762 3.94514 22 695 4858 4857 1 8.1051 8.1051 96 
3.40531 -0.792016 -5 0.0730817 0.179448 0.449348 3.85512 22 696 4389 4298 1 0.646207 0.646207 25 
-5 -3.76789 -3.88655 0.73442 -0.165051 0.442159 3.87258 22 697 12873 12463 1 0.110473 0.110473 8 
-5 3.55027 2.43761 0.146603 -0.230255 -0.047717 3.87182 22 698 1109 1 1 4.5676 4.5676 53 
4.11753 1.70673 -5 0.384831 -0.161796 0.885662 3.84021 22 699 3568 3414 1 9.07673 9.07673 103 
-5 4.59111 3.50897 0.381152 -0.255422 0.853132 3.86157 22 700 1657 1 1 0.813808 0.813808 37 
4.56415 5 -1.77915 0.260192 -0.279321 -0.173753 3.96193 22 701 6832 6802 1 0.240358 0.240358 37 
4.8061 -2.95599 -5 0.387954 0.0871502 0.320961 3.86061 22 702 13998 13997 1 0.189333 0.189333 24 
-5 -0.358024 -0.515235 12.1099 -17.8623 15.6995 3.86252 -11 703 17416 17415 1 7.30648 7.30648 85 
-5 3.10827 -0.0960932 0.36726 0.194087 0.110489 3.92212 22 704 9236 9235 1 0.166201 0.166201 30 
-5 -2.65532 0.418836 0.578295 -0.571921 1.83026 3.85873 22 705 5629 1 1 0.428721 0.428721 11 
-5 3.67377 1.14636 1.57887 -1.32853 1.96657 3.8699 11 706 6259 6078 1 2.58976 2.58976 52 
-5 -0.56713 -3.02752 0.643727 -0.501638 0.701246 3.84218 22 707 1421 1326 1 9.72859 9.72859 166 
1.29156 5 0.832709 2.86974 -3.04805 7.40145 3.85632 22 708 1067 1 1 0.114311 0.114311 3 
-5 -4.29847 3.7243 1.33471 -0.431457 0.976018 3.8822 22 709 5666 5599 1 2.86836 2.86836 51 
0.815032 4.26882 5 0.236753 0.167712 -0.420643 4.05852 22 710 9974 9971 1 6.70834 6.70834 81 
-5 -0.418262 -2.10357 5.5284 -2.38628 10.2441 3.84543 22 711 5512 5320 1 0 0 7 
-1.80555 2.61918 5 -0.0747498 -1.30886 -2.51917 3.93362 -11 712 5183 5182 1 4.12326 4.12326 66 
-1.24399 3.56963 5 0.268012 -0.223888 -0.044146 3.98197 22 713 12796 12795 1 0 0 1 
3.05943 -5 -2.30522 0.131404 0.324943 0.196979 3.91972 22 714 1285 1284 1 3.4212 3.4212 96 
-5 -0.244677 -0.480659 0.387468 -0.376833 0.547311 3.86947 22 715 5372 5370 1 0 0 4 
-5 3.33292 -2.33396 1.83787 0.613085 1.98817 3.85714 22 716 17019 16876 1 0.078405 0.078405 6 
-5 1.72102 -1.1031 0.324115 -0.252518 0.14016 3.87485 22 717 3241 3240 1 0.957025 0.957025 73 
-2.67631 -2.105 -5 0.191023 -0.133738 0.499281 3.83263 22 718 11248 11081 1 6.84268 6.84268 117 
-2.68559 1.18676 -5 -0.0171191 -0.0115733 0.541206 3.82552 22 719 1430 1397 1 28.3252 28.3252 178 
-5 3.67007 3.8167 0.582512 -0.0227856 0.603207 3.87034 22 720 10669 10581 1 0.232043 0.232043 7 
-0.701999 0.699528 -5 2.49565 -1.87595 10.5825 3.82884 22 721 1171 1 1 2.15458 2.15458 105 
-3.71951 5 -4.59389 0.289685 -0.167621 -0.109795 3.93439 22 722 7900 7899 1 0.149527 0.149527 18 
-5 -3.7644 0.295989 1.23893 0.102712 3.41084 3.84688 22 723 5442 5361 1 0.207761 0.207761 34 
-1.41432 5 0.880352 -0.0333217 -0.147067 0.0101548 3.85409 22 724 4535 4444 1 49.1328 49.1328 368 
-5 -3.57253 2.57332 0.450497 0.106966 0.216173 3.89434 22 725 1165 1131 1 0 0 17 
-0.330604 -2.06519 5 0.202119 -0.272672 -0.341238 4.10245 22 726 3821 3820 1 1.78568 1.78568 37 
-4.97608 -5 -0.833505 0.17 0.170877 -0.101555 3.86582 22 727 5542 5510 1 0 0 6 
-5 3.76552 -0.206225 0.408891 -0.107203 0.287115 3.87702 22 728 9727 9726 1 5.32843 5.32843 51 
-5 0.991324 -0.486828 0.765955 -0.389014 0.783175 3.87934 22 729 15393 15375 1 0.0884871 0.0884871 8 
-4.56453 5 4.22149 0.324486 -0.148089 0.245391 3.88731 22 730 15401 15378 1 0.364905 0.364905 46 
-3.73367 -0.329434 -5 0.273387 -0.25637 0.347352 3.90136 22 731 1766 1765 1 2.93764 2.93764 26 
-5 1.35521 -2.14291 0.130843 -0.21419 -0.213377 3.9236 22 732 11185 11154 1 9.13246 9.13246 68 
-5 4.49477 -0.940424 0.517607 0.0401298 0.299841 3.86091 22 733 1457 1456 1 6.30365 6.30365 176 
-5 -1.49326 -3.76772 9.49871 -1.39913 -1.20042 3.90689 22 734 2407 2406 1 2.11013 2.11013 42 
-1.15536 -0.951165 5 0.667456 0.251353 -0.281658 3.98076 11 735 4850 4839 1 4.69825 4.69825 20 
-4.51378 0.217984 -5 0.0650587 -0.113153 0.273697 3.90498 22 736 5321 5290 1 0.997544 0.997544 42 
-5 4.57071 0.167792 0.462362 -0.174288 -0.13025 3.91095 22 737 7226 7225 1 0.121391 0.121391 12 
3.37093 1.35653 5 0.29547 -0.154485 -0.206571 4.97592 22 738 1817 1664 1 0 0 3 
-1.89535 1.01964 -5 0.448646 -0.143417 1.1259 3.83044 22 739 3204 3047 1 17.3128 17.3128 196 
-3.90285 -5 -2.36688 0.110877 0.0991707 -0.026878 3.86755 22 740 1002 1 1 7.22432 7.22432 118 
-2.92168 3.33537 -5 0.483624 -0.267794 1.25661 3.83703 22 741 4788 4758 1 10.0755 10.0755 143 
2.14225 5 -0.72879 0.248782 -0.209027 -0.108291 3.89524 22 742 2830 2621 1 3.19676 3.19676 60 
-5 2.27942 2.87004 0.391831 -0.201856 0.316152 3.87116 22 743 2285 2223 1 4.57145 4.57145 73 
2.74968 -0.953219 -5 0.0956716 -0.0867221 0.126619 3.90197 22 744 1274 1167 1 1.71485 1.71485 54 
-5 2.63394 3.79644 7.40129 -4.43625 12.0569 3.85875 22 745 1647 1635 1 11.4016 11.4016 142 
-2.5073 -3.50367 5 -0.173022 -0.151235 -0.347438 4.06004 22 746 4545 4544 1 2.96306 2.96306 27 
-5 -0.243337 3.23022 6.71389 -6.20534 4.28 3.89738 11 747 2540 2521 1 5.99903 5.99903 46 
-4.09955 -3.67516 5 0.103714 -0.483935 -0.127161 4.0259 22 748 6626 6625 1 1.67597 1.67597 44 
-5 4.28825 0.849446 0.290049 0.112948 0.698301 3.85485 22 749 2172 2056 1 1.96734 1.96734 67 
-5 -4.36526 -0.769038 0.484408 -0.0432109 0.398912 3.85288 22 750 1081 1 1 0.979289 0.979289 3 
-3.7208 0.459833 -5 4.51157 -2.28268 11.0845 3.82864 22 751 19651 19592 1 2.52742 2.52742 68 
-5 4.51116 4.84609 0.969677 -0.652512 1.23733 3.87278 22 752 10150 10088 1 0.451743 0.451743 28 
-5 1.92906 -4.96033 0.266666 0.158621 0.29749 3.8521 22 753 4175 3998 1 1.29846 1.29846 38 
-1.65155 3.80968 5 0.255813 -0.0343739 -0.351334 4.12281 22 754 2225 2224 1 0.435416 0.435416 43 
-2.08377 5 -3.1486 -0.811417 -0.569666 1.22959 3.85108 11 755 1 0 1 2.6887 2.6887 85 
-5 4.76515 -4.28097 0.105432 0.24126 0.15816 3.90145 22 756 1582 1468 1 6.22148 6.22148 15 
-3.4804 -3.09873 -5 0.417756 -0.254174 0.30993 3.85987 22 757 2378 1 1 2.36511 2.36511 79 
-2.31043 5 1.35232 0.134182 -0.0408455 0.278466 3.86277 22 758 8394 8283 1 0.638234 0.638234 34 
-4.76759 2.36708 -5 0.406985 -0.0212605 0.308272 3.85505 22 759 2327 2325 1 0.693441 0.693441 43 
-0.617135 5 -2.34832 0.203041 -0.229462 -0.408952 4.02857 22 760 12997 12968 1 11.9127 11.9127 95 
-5 -0.575346 4.1107 0.415413 0.0816516 -0.286155 3.9442 22 761 1336 1293 1 3.47637 3.47637 32 
0.587455 0.388197 -5 0.319826 0.30628 0.266803 3.88117 22 762 2961 2712 1 0 0 3 
-5 -1.66228 -2.35375 0.442531 0.128207 0.176955 3.92125 22 763 1877 1876 1 8.73948 8.73948 98 
-5 4.91623 0.341362 0.495552 -0.124148 -0.0116324 3.91304 22 764 6316 6314 1 0.115187 0.115187 9 
-0.220589 3.38875 -5 0.389124 0.0816095 0.0983916 3.87874 22 765 5106 4900 1 0.571808 0.571808 89 
-5 4.18357 4.50916 0.277702 -0.0934019 -0.0483373 4.0217 22 766 3564 3563 1 22.3576 22.3576 271 
0.249085 -5 -3.18946 -0.102309 0.408982 -0.288768 4.02743 22 767 6150 6147 1 4.59174 4.59174 55 
0.873786 4.91451 5 0.417202 -0.211387 -0.20586 4.03253 22 768 4738 4699 1 1.93359 1.93359 104 
-1.65102 5 0.98545 -0.00468038 -0.353197 0.0198972 4.01427 22 769 5200 5199 1 16.9113 16.9113 244 
-5 4.46593 0.384216 0.354825 0.280501 -0.0169205 3.88439 22 770 6381 1 1 3.14786 3.14786 74 
-1.61654 -0.228101 -5 0.0829202 0.370716 0.401878 3.85779 22 771 5582 5581 1 0 0 7 
-5 -3.06475 -3.56033 0.219681 -0.0689306 0.224846 3.8561 22 772 3467 1 1 0.638016 0.638016 42 
-1.16003 3.54294 -5 0.694231 -0.586051 1.71455 3.84221 22 773 7052 6985 1 1.16029 1.16029 27 
0.427296 5 4.70997 0.23631 -0.117691 0.0260547 4.00985 22 774 2357 2331 1 12.6247 12.6247 118 
-0.665235 5 1.2612 0.0168248 -0.223686 0.284302 3.854 22 775 1857 1794 1 8.06305 8.06305 84 
-5 -0.158506 1.24878 0.43159 -0.188454 -0.0180714 3.97608 22 776 5374 5373 1 1.89106 1.89106 145 
0.629641 5 -4.43335 0.0355992 -0.271907 -0.0427637 4.00061 22 777 3398 3369 1 0.516857 0.516857 38 
-5 1.09041 3.38551 0.319108 -0.230736 0.325655 3.89761 22 778 11440 11439 1 0.719542 0.719542 38 
-5 3.69671 -2.90078 0.199028 0.210492 0.137919 4.04926 22 779 22725 22724 1 0 0 2 
-5 2.36858 3.01271 0.215622 -0.126413 -0.445698 4.08551 22 780 1364 1362 1 8.70243 8.70243 140 
-5 3.83244 -4.022 0.216518 -0.0227873 -0.0317729 3.9096 22 781 12649 12648 1 0.139113 0.139113 30 
-4.08735 1.21861 -5 0.144722 -0.270417 0.180654 3.87216 22 782 4571 3429 1 0.784554 0.784554 62 
-1.88873 -0.155928 -5 0.165557 -0.177734 0.605805 3.84071 22 783 27389 26392 1 0.85003 0.85003 41 
-3.59624 5 -2.27138 0.239433 -0.450341 -0.0313792 3.90316 22 784 2955 2954 1 16.2052 16.2052 157 
-5 2.2133 -4.05409 0.445151 0.150588 -0.200708 3.8899 22 785 1340 1315 1 0.0173932 0.0173932 13 
-5 1.58148 3.20964 1.84655 -1.32751 0.989182 3.90451 22 786 6958 6932 1 0.205304 0.205304 36 
-5 -4.56747 2.07179 0.21154 -0.201558 -0.0445644 3.92069 22 787 7074 6641 1 0 0 7 
-3.24081 5 1.14101 0.346229 -0.213178 0.679639 3.85497 22 788 2008 1555 1 5.59455 5.59455 175 
-4.7596 5 -3.10622 6.63781 -6.79799 8.14618 3.83737 -11 789 2580 2579 1 4.29901 4.29901 40 
1.26337 -3.49639 5 0.433345 -0.234954 -0.134642 4.198 22 790 1128 1096 1 7.51055 7.51055 85 
-5 3.69125 -4.4817 0.260993 -0.0340886 0.282901 3.83013 22 791 1728 1 1 0.618824 0.618824 48 
-5 3.59704 -1.58474 0.500235 -0.047323 0.0929782 3.87304 22 792 5899 5897 1 0 0 4 
-3.25553 -0.311098 -5 0.451226 -0.117392 0.952303 3.83764 22 793 2516 2420 1 0.454222 0.454222 5 
2.44355 4.13676 -5 -0.0152909 -0.0927714 0.18123 3.86471 22 794 11319 11074 1 0.203757 0.203757 25 
-0.703596 0.517264 -5 0.785274 -1.31122 1.62158 3.88618 22 795 5996 5995 1 8.41039 8.41039 76 
4.83047 -2.02913 -5 0.207561 -0.130184 0.734698 3.83364 22 796 2411 2086 1 7.12825 7.12825 104 
0.00462052 1.01683 -5 0.241336 -0.141179 0.697707 3.8278 22 797 2867 2662 1 12.5012 12.5012 129 
-5 -0.900704 -1.32578 1.08383 -0.713697 3.42112 3.84139 22 798 5475 5326 1 7.80259 7.80259 79 
-0.58757 0.894636 -5 2.74396 -0.559769 1.31758 3.87236 22 799 5608 5583 1 5.59133 5.59133 113 
2.52631 5 -3.59236 0.262602 -0.179828 -0.200491 3.94305 22 800 4290 4289 1 14.5078 14.5078 145 
-5 4.88941 1.09758 0.144214 -0.0448317 0.983272 3.842 22 801 3452 3303 1 8.51939 8.51939 121 
-1.87807 -1.2814 -5 3.0585 -4.69676 0.30785 3.82081 -11 802 1978 1977 1 36.636 36.636 362 
-0.925709 0.528492 5 0.344352 0.0703634 -0.348856 3.89551 22 803 1627 1625 1 1.68136 1.68136 171 
-5 3.32117 1.39401 1.35426 -0.688594 2.37835 3.85796 22 804 3457 3420 1 0.554562 0.554562 58 
0.815839 5 -0.670159 0.300597 -0.425213 0.312714 3.87507 22 805 1327 1 1 6.23744 6.23744 44 
-2.09273 2.5254 -5 -0.00586769 -0.758787 0.817016 3.8585 22 807 5215 5214 1 4.86363 4.86363 63 
-3.76357 5 2.90907 -0.242456 -0.206443 0.169598 3.85731 22 808 2782 2717 1 7.145 7.145 104 
1.30888 5 -2.10347 1.49792 -0.771246 3.04619 3.84935 22 809 5416 5354 1 0.364752 0.364752 36 
-3.71444 5 2.16428 0.376961 -0.926812 -1.07148 4.02705 22 810 11614 11534 1 0.350657 0.350657 9 
-5 -1.08658 3.7214 0.273793 0.018752 0.2264 3.85974 22 811 1132 1131 1 7.12943 7.12943 49 
-5 -4.94608 2.80139 0.96198 -0.574765 -0.780405 3.92305 22 812 2571 2556 1 1.51672 1.51672 32 
3.902 4.48533 -5 2.24934 -0.972757 2.369 3.8558 22 813 4196 4045 1 0 0 1 
-5 2.09917 -2.98172 0.32632 -0.0148033 0.578838 3.84887 22 814 3177 3099 1 0 0 6 
1.75749 -1.04879 -5 0.0233612 -0.0585501 1.29169 3.86478 22 815 3182 3121 1 1.11767 1.11767 17 
-5 -1.17784 0.17746 0.719174 -1.28413 -0.162929 3.97304 22 816 1974 1972 1 0 0 7 
-4.17549 -3.33621 -5 0.140271 -0.0990336 0.580542 3.87323 22 817 9995 9913 1 1.41549 1.41549 52 
-5 4.41093 4.34531 0.306154 0.21784 0.346317 3.87702 22 818 2613 2612 1 2.65461 2.65461 48 
0.844867 1.85628 5 0.145958 0.388658 -0.297928 4.09442 22 819 2522 2521 1 0.863055 0.863055 51 
-4.38118 5 0.743732 0.852617 -0.37686 5.06826 3.84347 22 820 5609 5381 1 0.501249 0.501249 42 
-5 -3.18034 -4.23521 0.268109 -0.192437 0.390135 3.87856 22 821 19557 19556 1 0.465273 0.465273 15 
-1.62744 2.23303 -5 0.198997 -0.259008 0.875355 3.83318 22 822 3530 3403 1 2.69561 2.69561 41 
-2.58874 2.61878 5 0.287205 -0.276124 -0.319982 3.92135 22 823 1093 1091 1 5.92262 5.92262 143 
-4.96555 4.99599 -5 3.56544 -8.55909 14.1825 3.83255 11 824 1135 1070 1 4.97397 4.97397 15 
-5 -2.72403 -0.707742 0.315313 -0.121116 0.214051 3.87754 22 825 5928 5539 1 0.399642 0.399642 22 
-0.642595 -3.96899 5 -0.0372761 0.00591729 -0.293816 3.99231 22 826 8952 8951 1 0.295965 0.295965 23 
-5 4.1703 -3.76348 11.3536 -6.90384 4.2296 3.84789 22 827 19081 19019 1 1.32092 1.32092 16 
-5 -4.39687 -4.57884 0.272356 -0.248972 0.107175 3.87022 22 828 3689 3465 1 0 0 11 
-3.29495 1.99762 -5 0.783267 -0.371729 2.23543 3.83064 22 829 7936 7840 1 4.23978 4.23978 38 
-5 1.16466 -4.46623 0.376118 -0.264666 0.222726 3.89002 22 830 6947 6946 1 0.302489 0.302489 10 
0.37698 -0.663613 -5 -0.0983445 -0.114965 0.681417 3.85974 22 831 10560 9587 1 1.0014 1.0014 31 
-3.62151 -1.18498 -5 -0.11512 -0.232774 0.279911 3.86579 22 832 16152 16123 1 6.97685 6.97685 83 
-5 3.69576 -1.13978 3.72158 -0.423273 19.9126 3.83771 22 833 2039 1385 1 2.24985 2.24985 40 
-4.20451 4.43353 -5 0.958454 0.429715 0.7971 3.85103 22 834 7053 1 1 1.06781 1.06781 14 
2.20682 5 -2.99978 0.296065 -0.221178 0.0120285 3.92292 22 835 13456 13340 1 0.298175 0.298175 40 
-5 0.410259 0.904981 0.864885 -0.241016 2.92603 3.84443 22 836 3925 3801 1 11.7944 11.7944 113 
-3.10794 2.07503 5 0.173132 -0.0394706 -0.327686 4.09521 22 837 3736 3734 1 0.457707 0.457707 62 
-0.959779 5 -4.55601 -0.0428298 -0.394894 0.185675 3.86396 22 838 3793 3246 1 0.43824 0.43824 19 
1.41942 -3.54295 -5 0.17982 -0.103 0.163546 3.86528 22 839 1910 1 1 0.510627 0.510627 25 
-5 4.05425 -2.01182 0.47723 0.17332 -0.0577185 3.88433 22 840 6615 6614 1 0.446309 0.446309 43 
-0.847127 2.0514 -5 0.518283 -0.123191 0.292397 3.85525 22 841 1552 1550 1 0.790837 0.790837 53 
-0.487578 -4.28167 -5 1.17614 -0.853859 1.94469 3.85368 22 842 8234 2540 1 0.355845 0.355845 8 
-0.144542 -1.49067 5 0.129677 0.0676242 -0.128144 3.98595 22 843 2889 2859 1 0 0 7 
-3.83106 5 -2.16809 0.438266 -0.894263 0.274481 3.85492 22 844 4793 4792 1 12.0615 12.0615 77 
4.32615 5 0.020853 0.0154635 -8.7886 3.27483 3.85859 11 845 11367 11063 1 7.94807 7.94807 63 
-5 1.96714 -1.80805 0.182183 0.500964 1.09883 3.84809 22 846 18772 18706 1 3.33086 3.33086 16 
-1.04808 -4.00632 -5 1.68735 -1.18665 4.06827 3.83967 22 847 13986 13369 1 1.74767 1.74767 58 
-3.29994 4.73961 -5 0.736642 -0.10381 0.956324 3.82704 22 848 1744 1679 1 37.0569 37.0569 322 
-5 -4.02058 -0.372622 0.484549 0.016801 -0.161401 3.93041 22 849 28189 28188 1 1.32642 1.32642 9 
-5 3.34575 -4.65301 0.446458 -0.0754406 1.00775 3.82967 22 850 8747 8217 1 4.8235 4.8235 67 
-5 4.89308 -0.980895 0.104793 -0.313562 0.0036424 3.91446 22 851 6132 6026 1 9.65828 9.65828 125 
-5 -3.41076 -0.538317 0.38119 -0.0678314 -0.333486 3.87123 22 852 2859 2858 1 6.02782 6.02782 92 
-4.23139 -5 -2.54256 0.0178608 0.0639839 0.219141 3.85336 22 853 1065 1 1 5.85185 5.85185 109 
-5 0.159555 -4.94002 0.659187 -0.229576 0.623174 3.84302 22 854 3423 3323 1 5.10751 5.10751 56 
-5 1.96467 -1.58949 0.353692 -0.232692 0.26685 3.87501 22 855 1179 1 1 4.05901 4.05901 35 
-5 0.128624 -3.81544 0.474489 -0.0368318 -0.0599822 3.92767 22 856 2626 2625 1 2.53545 2.53545 7 
-4.73002 5 1.72088 0.429186 -0.331326 0.300579 3.8899 22 857 4120 3837 1 4.72921 4.72921 80 
-3.16168 -1.42787 -5 0.374461 -0.608032 0.183706 3.88979 22 858 21562 21418 1 0 0 2 
-1.03059 -2.12842 -5 0.239795 -0.399555 0.209701 3.96339 22 859 8367 8366 1 0.32499 0.32499 55 
-2.92766 5 1.28914 -0.317423 -0.989059 -0.616809 3.89172 22 860 1002 1 1 0.963094 0.963094 56 
2.51196 0.683705 5 0.236895 -0.198021 -0.407171 4.17729 22 861 4111 4090 1 0.256194 0.256194 32 
4.10373 5 -0.602158 0.481754 -0.394336 0.613609 3.87385 22 862 1473 1452 1 0.293898 0.293898 37 
-4.38889 5 4.68359 -0.00136044 -0.43209 -0.0877304 3.90986 22 863 2211 2167 1 3.52731 3.52731 74 
-5 -4.25539 -1.48233 0.506009 -0.0354668 -0.0617772 3.95429 22 864 10031 10003 1 0.0813637 0.0813637 8 
1.10441 3.13036 5 0.348343 -0.237816 -0.50456 4.08572 22 865 7746 7742 1 0.330374 0.330374 12 
-1.5506 -1.16331 -5 0.4677 0.308126 1.12347 3.85723 22 866 3226 3093 1 4.08015 4.08015 83 
-0.177118 -3.00821 5 0.122368 0.134876 -0.134059 3.98359 22 867 2959 2956 1 4.27779 4.27779 122 
-5 4.45382 -2.54262 0.329666 0.098647 0.21288 3.85019 22 868 2422 2421 1 0.777593 0.777593 77 
-5 2.48574 -2.67689 0.143633 -0.0461372 -0.156318 3.87085 22 869 2608 2280 1 4.31921 4.31921 57 
-3.08501 1.10493 -5 1.7301 -0.739884 9.42939 3.8249 22 870 1330 1 1 0.322576 0.322576 31 
-5 -4.03482 1.16368 1.40965 0.542053 1.76068 3.85958 22 871 7555 7525 1 0.621818 0.621818 31 
4.00636 -3.17684 5 0.343192 0.268209 -0.267213 3.93265 22 872 2135 2134 1 1.91472 1.91472 45 
-0.405573 4.81147 5 0.331841 -0.0715408 -0.359615 3.99715 22 873 3450 3388 1 0.528879 0.528879 24 
-5 2.03411 4.95834 0.853894 -0.0619824 0.638294 3.88397 22 874 8816 8658 1 8.24604 8.24604 56 
0.624642 5 -1.10792 0.196384 -0.4634 -0.0883934 3.90054 22 875 2665 2640 1 0.766403 0.766403 66 
-0.399145 4.01568 5 0.297425 -0.233938 -0.232655 4.05346 22 876 5018 5017 1 0.86897 0.86897 67 
-4.18553 5 0.665234 0.195274 -0.419687 1.00038 3.85183 22 877 5322 4938 1 0.753077 0.753077 42 
-2.87957 5 0.463368 0.369092 -0.085513 -0.342897 4.00665 22 878 5869 5867 1 0.910136 0.910136 11 
-3.689 -4.14389 -5 9.63306 -20.3902 23.6752 3.8323 -11 879 3047 3046 1 5.30325 5.30325 108 
-3.49841 -3.14618 5 0.108674 -0.08437 -0.175334 4.0869 22 880 5977 5976 1 1.70451 1.70451 14 
-5 -1.3324 2.55165 6.76425 -4.20599 -1.35172 3.86806 11 881 3524 3436 1 4.53009 4.53009 132 
1.45718 -0.411494 -5 5.19523 -3.08275 15.1214 3.83205 22 882 4951 4851 1 0 0 28 
4.82581 5 -3.10433 0.472199 -0.0997501 0.167923 3.87998 22 883 2551 2550 1 12.4556 12.4556 73 
-0.386389 3.45042 -5 0.366348 -0.00616664 0.750868 3.83422 22 884 6948 6420 1 0 0 6 
0.654543 0.668928 5 0.0196496 0.0240375 -0.012924 4.03116 22 885 5066 5058 1 0.267078 0.267078 18 
-0.114434 -4.25732 5 0.132671 -0.216711 -0.443345 4.02691 22 886 3070 3038 1 7.82966 7.82966 140 
-3.8054 5 1.11532 0.156165 -0.142241 0.0206873 3.87291 22 887 3298 3260 1 5.77447 5.77447 144 
-4.84827 5 -0.381759 -0.186973 -0.430479 0.159497 3.89622 22 888 13635 13607 1 1.64499 1.64499 28 
-5 2.29576 -0.59301 0.159671 -0.137533 0.0704078 3.88256 22 889 3979 3977 1 0.504027 0.504027 47 
0.3124 0.187395 -5 2.60587 -1.14351 5.02509 3.8431 22 890 1453 1402 1 1.30318 1.30318 42 
-1.54299 2.62305 5 0.215457 -0.444637 -0.13037 3.94333 22 891 5710 5684 1 0 0 15 
-0.231136 -3.11308 5 0.059737 -0.262051 -0.410576 4.13708 22 892 1059 1057 1 2.13761 2.13761 48 
3.87215 5 -0.0231567 0.836434 -1.10559 1.8096 3.86987 22 893 1047 1 1 0.153199 0.153199 28 
-5 -2.37305 1.34168 0.366213 -0.0265915 0.297847 3.85925 22 894 2161 1909 1 6.28149 6.28149 33 
-4.61084 5 -1.6452 0.172779 -0.201495 -0.101845 3.87659 22 895 12272 12144 1 5.46468 5.46468 65 
-2.30725 -5 -1.99871 -1.29721 3.34675 0.427187 3.88551 11 896 9930 9014 1 3.13899 3.13899 44 
-5 -0.000238849 0.616967 0.215595 -0.0655786 -0.10914 4.00818 22 897 15199 14580 1 0.645146 0.645146 50 
-1.36756 -5 -2.1303 0.132901 0.214397 0.0221875 3.90679 22 898 2277 2262 1 0.500424 0.500424 44 
-5 4.69137 -3.12215 0.2417 -0.272824 0.244632 3.85932 22 899 1403 1402 1 6.86179 6.86179 108 
-5 0.601584 -1.2002 0.364913 -0.0665604 0.351465 3.9467 22 900 1206 1205 1 30.3788 30.3788 266 
-2.65223 -5 -3.0632 3.7954 -2.04849 12.5838 3.82844 11 901 1559 1463 1 135.77 135.77 1020 
-1.43377 5 -0.0412906 -0.28744 -0.398393 -0.140644 4.00542 22 902 13482 13480 1 0.124403 0.124403 11 
-3.89782 2.37298 -5 0.139405 -0.27309 0.246545 3.841 22 903 5654 5529 1 0.935613 0.935613 73 
-5 -1.58592 -3.65473 0.827823 -0.0671545 0.0635123 3.93426 22 904 11368 11348 1 0.895457 0.895457 53 
-5 1.77644 -2.26188 4.7182 -2.92016 4.32418 3.84774 22 905 2122 2090 1 1.91408 1.91408 33 
-5 -4.92579 4.34813 0.464976 -0.407228 0.780237 3.86153 22 906 3220 3165 1 4.54816 4.54816 155 
-2.70037 4.69492 -5 2.26794 -0.304382 4.83335 3.83731 22 907 13744 13528 1 0.338743 0.338743 37 
-5 -1.17639 4.05868 0.3019 -0.230468 -0.341849 4.02284 22 908 4835 4834 1 0.787571 0.787571 20 
-5 -1.14437 1.60878 0.690948 -0.340436 0.301272 3.87853 22 909 3636 3573 1 0.240176 0.240176 41 
4.88821 2.83213 -5 0.360319 -0.151275 0.36826 3.8683 22 910 10632 10021 1 0 0 3 
-3.67804 4.97679 -5 0.309772 -0.156377 0.59391 3.90769 22 911 3627 3518 1 0 0 4 
-5 4.75454 -3.17042 0.374508 -0.341874 -0.0631297 3.96817 22 912 5901 5870 1 0 0 7 
-5 0.943965 -4.54186 2.68036 -0.268083 33.2248 3.82208 11 913 1 0 1 33.5727 33.5727 235 
-5 3.83929 -0.797924 0.18359 -0.0260757 0.073239 3.88106 22 914 2515 2495 1 0.425642 0.425642 57 
-5 3.3894 -0.111236 0.990176 0.238405 0.878315 3.86623 22 915 1214 1 1 2.2494 2.2494 41 
-5 3.54318 4.87513 1.13394 -0.0526836 -0.562767 3.97056 22 916 6386 6375 1 0 0 9 
-5 -0.913179 -4.64531 0.747206 -0.552927 -1.14834 4.07334 22 917 2928 2850 1 11.1404 11.1404 32 
-5 3.74373 0.0607472 0.14419 0.230596 -0.151181 3.88565 22 918 1839 1494 1 1.00407 1.00407 61 
-5 4.92755 0.968479 0.43324 -0.145106 -0.228839 3.93062 22 919 1438 1436 1 0.421547 0.421547 49 
-5 -2.1965 -2.61959 0.453768 -0.10671 0.324993 3.86539 22 920 9492 9411 1 2.38296 2.38296 29 
3.51478 2.52276 -5 0.468361 0.129549 0.656925 3.86754 22 921 3870 3869 1 0.286483 0.286483 32 
-5 -4.00593 -4.54239 0.418082 0.198931 0.0708261 3.84443 22 922 8762 8703 1 0.81666 0.81666 64 
-4.14034 -3.0182 5 0.00504075 0.196812 -0.120475 3.97973 22 923 4478 4477 1 0.393391 0.393391 43 
2.08849 -4.78993 5 0.617962 -0.00764511 -0.595142 4.00652 22 924 10115 10114 1 4.96646 4.96646 117 
-5 4.14803 -3.72098 0.240683 -0.116439 -0.236555 3.99553 22 925 8302 8301 1 0.771828 0.771828 25 
5 -4.90715 -4.98528 -0.0340666 0.0013152 -0.263408 4.21427 22 926 10704 10702 1 3.35527 3.35527 42 
-5 0.195062 4.54342 1.54624 -0.595679 -0.771812 3.97865 22 927 9612 9591 1 4.84864 4.84864 61 
-4.50181 3.01698 -5 0.25106 -0.163027 0.23432 3.8527 22 928 3701 3649 1 1.25965 1.25965 49 
1.97257 -0.413137 -5 0.279456 -0.395036 0.164228 3.91283 22 929 3671 3670 1 7.52979 7.52979 88 
1.28444 5 1.70609 0.555616 -0.160979 -0.130388 3.92701 22 930 6395 6394 1 0.882824 0.882824 37 
-5 2.12254 3.74848 0.340451 0.253765 -0.284282 4.05005 22 931 17380 17379 1 0.14708 0.14708 29 
-3.00733 -2.09039 -5 1.13571 -0.675212 2.50785 3.83108 22 932 1278 1 1 5.37509 5.37509 121 
-5 0.299777 -2.93677 1.54705 -1.21799 0.174078 3.92466 22 933 3018 2998 1 0 0 8 
0.939182 4.42389 5 0.319549 -0.320149 -0.237725 3.97601 22 934 11598 11572 1 1.1934 1.1934 39 
-5 -2.25843 -4.733 0.10546 -0.226455 0.0957985 3.85006 22 935 16700 16610 1 2.74197 2.74197 34 
-5 -0.333087 0.707198 0.403815 0.0681915 0.30562 3.88005 22 936 9031 8996 1 3.54119 3.54119 24 
-5 0.213305 -2.77269 0.509485 -0.00305363 -0.0391846 3.88774 22 937 6030 6029 1 0.510357 0.510357 45 
-4.62083 3.82867 -5 -0.249486 -0.243142 0.36162 3.8519 22 938 7518 7514 1 2.41994 2.41994 41 
0.579448 4.27902 -5 0.172441 -0.305487 1.03293 3.83098 22 939 11042 10954 1 0.671207 0.671207 17 
-3.10543 5 -2.52118 0.265532 -0.0718108 -0.0771323 3.93683 22 940 20979 20978 1 0.0372714 0.0372714 5 
0.39926 -5 -3.41032 -0.040759 0.19451 -0.044862 3.98571 22 941 10881 10830 1 0.583938 0.583938 15 
-5 3.47911 -1.39984 6.74067 -8.83631 13.9218 3.84392 22 942 1050 1 1 6.21847 6.21847 158 
-4.84209 -5 3.57425 4.2856 5.0247 15.5977 3.84868 -11 943 2166 2165 1 8.42148 8.42148 134 
-5 -1.17588 -4.92693 0.447841 -0.371396 1.21365 3.82983 22 944 6324 6206 1 2.60368 2.60368 137 
-0.916514 -5 4.97524 0.268915 0.144076 0.0110248 4.00612 22 945 5586 5548 1 1.98626 1.98626 34 
5 -3.56007 -2.90015 -0.402118 -0.0658827 0.119959 3.91342 22 946 4574 4519 1 14.1256 14.1256 205 
-5 -2.57072 3.42487 0.390855 0.163195 0.841688 3.85934 22 947 1001 1 1 12.7167 12.7167 134 
4.75398 5 4.20402 -0.132587 -0.119738 -0.0764296 3.91774 22 948 9581 9538 1 6.40119 6.40119 52 
-4.87092 1.00219 -5 1.81912 -1.96617 6.61738 3.83295 22 949 14970 14895 1 5.77186 5.77186 46 
-5 -1.64369 0.667733 0.116863 0.846334 1.6253 3.86157 -11 950 9688 9687 1 0.813058 0.813058 47 
-0.318239 1.54729 -5 0.323449 -0.178045 0.353272 3.87885 22 951 7252 7249 1 1.20198 1.20198 83 
-2.58394 5 -0.246967 -0.034556 -0.336278 -0.212427 3.98537 22 952 4983 4982 1 18.267 18.267 140 
-5 2.04937 -1.04278 0.229623 -0.109302 -0.0593909 3.91519 22 953 9464 9072 1 0.310045 0.310045 29 
-5 2.11185 -2.10544 0.340038 -0.566512 2.80197 3.83416 22 954 3523 1929 1 8.02997 8.02997 123 
-5 1.65884 1.39302 0.510533 0.00767827 0.820172 3.85743 22 955 2579 2520 1 0.228732 0.228732 33 
-3.60577 1.82817 5 0.985293 -0.925442 -0.903956 3.89952 22 956 2149 2108 1 16.9985 16.9985 217 
0.989196 5 -1.56618 1.45006 -0.396276 0.102281 4.11062 22 957 1003 1002 1 11.8061 11.8061 159 
-3.02573 4.31039 -5 0.92483 -7.97584 15.491 3.82432 -11 958 5690 5689 1 14.4099 14.4099 179 
-3.5204 4.6126 -5 0.54499 -0.251804 1.53084 3.82606 22 959 3313 3271 1 0.622944 0.622944 63 
-1.7169 5 3.86886 1.5257 -0.467073 -1.01843 3.99144 22 960 5258 5257 1 4.51055 4.51055 57 
0.77754 5 -1.65815 0.0615005 -0.234574 0.0897451 3.8706 22 961 15567 15407 1 0.258214 0.258214 36 
-5 -0.360547 -4.86154 1.85762 0.220045 1.69594 3.85388 22 962 9977 9976 1 0.429818 0.429818 35 
-5 3.45225 -1.82195 0.155762 -0.169099 0.456359 3.89396 22 963 4120 4119 1 4.06362 4.06362 128 
-1.86074 4.76248 -5 0.908955 -0.581754 3.62101 3.83007 22 964 1129 1 1 6.34079 6.34079 128 
-5 -1.73467 3.57986 0.454825 -0.171265 0.410114 3.87961 22 965 1535 1534 1 0.199284 0.199284 36 
-0.777885 5 1.70054 0.135142 -0.442604 -0.216699 3.94728 22 966 2795 2759 1 3.76731 3.76731 100 
-2.97983 -0.683018 5 0.232962 -0.24969 -0.380137 4.02511 22 967 4361 4360 1 0 0 5 
-5 4.56171 -1.13653 0.19371 0.149884 0.0510398 3.89552 22 968 17081 17038 1 0.278563 0.278563 23 
1.19801 5 -2.5146 0.0556362 -0.201854 -0.0923589 3.88594 22 969 13600 13166 1 1.20098 1.20098 43 
-0.537205 2.95113 -5 2.0179 -0.680813 3.64477 3.84618 22 970 11116 11046 1 0 0 7 
-5 0.141397 4.16257 2.71365 -2.81156 2.55222 3.88164 22 971 14023 13945 1 3.73757 3.73757 62 
1.54319 1.51596 -5 0.126039 -0.138425 0.284986 3.84422 22 972 3275 3171 1 0.0824874 0.0824874 16 
1.21988 1.16551 -5 0.0678404 0.0983877 1.09925 3.83021 22 973 4635 4545 1 3.1913 3.1913 120 
-2.4592 -4.34628 5 0.308803 -0.31425 -0.258858 4.05352 22 974 7539 7524 1 0 0 3 
-4.12889 -5 3.03605 0.400791 0.316976 0.00355862 3.97223 22 975 3695 3694 1 0.441328 0.441328 42 
-5 0.206342 0.934469 0.373242 0.118542 0.225384 3.8976 22 976 14889 14852 1 0.525426 0.525426 29 
-5 -3.73404 -3.27999 0.0997288 -0.331337 0.244723 3.85597 22 977 13896 13679 1 0.235324 0.235324 11 
-0.431538 5 -0.793093 0.126423 -0.332214 0.857047 3.85384 22 978 1554 1442 1 8.12044 8.12044 179 
-5 0.21021 -4.60744 8.93597 -4.01986 16.8858 3.8295 -11 979 2322 2321 1 5.30448 5.30448 102 
-5 -0.70997 -0.202193 0.178189 -0.445815 0.184861 3.87454 22 980 6745 6653 1 0.489646 0.489646 24 
4.81135 4.92131 5 0.249547 -0.25702 -0.3644 4.0231 22 981 2276 2261 1 10.4726 10.4726 131 
-3.84313 1.24413 -5 -0.00771427 -0.127737 0.292329 3.92406 22 982 10017 10015 1 3.63172 3.63172 102 
-4.46241 1.60862 5 -0.00368574 -0.310112 -0.406124 4.15697 22 983 16120 16119 1 0 0 8 
-5 -0.17517 -4.82853 0.348837 -0.0335732 0.364274 3.85385 22 984 2574 2573 1 6.10894 6.10894 68 
-5 2.86029 3.02607 0.506891 -0.0355561 0.054015 3.88606 22 985 1981 1958 1 0.499618 0.499618 58 
-0.863998 1.44213 -5 0.495163 0.677636 2.49337 3.83183 22 986 1685 1616 1 1.79255 1.79255 7 
-5 2.10745 4.74851 0.145742 -0.0664065 -0.0296331 3.86501 22 987 2773 2638 1 31.7678 31.7678 229 
-1.03325 5 -4.32233 0.345954 -0.325419 0.563322 3.83196 22 988 1380 1 1 2.26135 2.26135 74 
0.667263 -4.55332 5 -0.0102548 0.0886589 -0.260078 4.10501 22 989 4397 4223 1 1.12272 1.12272 70 
-5 -2.23963 0.440126 0.0641295 0.0559151 -0.158147 3.98364 22 990 19261 19220 1 0.179242 0.179242 26 
0.899822 1.00417 -5 0.219663 -0.0248764 0.4864 3.82864 22 991 7319 7290 1 13.985 13.985 223 
3.78657 -5 -0.188318 -0.109478 0.0728089 -0.0624433 3.94534 22 992 13659 13569 1 1.08697 1.08697 101 
3.24995 -3.96079 5 0.43379 -0.125072 -0.23938 4.13667 22 993 2961 2960 1 5.04217 5.04217 19 
1.22872 -0.645148 -5 0.134712 -0.2175 0.442342 3.87211 22 994 2489 2488 1 1.19734 1.19734 79 
-5 -3.33477 1.03361 0.090514 0.0407645 -0.250771 4.06997 22 995 7126 7068 1 5.2273 5.2273 29 
-0.269879 -3.20742 -5 10.1155 -5.61277 16.6156 3.85245 -11 996 27601 27600 1 1.88497 1.88497 39 
-5 4.95406 1.97285 0.221478 0.20585 0.128351 3.91641 22 997 1934 1933 1 6.10264 6.10264 120 
-5 -1.76793 -1.48357 1.82449 0.13349 -2.33534 3.91881 11 998 36365 36222 1 1.30703 1.30703 3 
5 -0.407617 0.0841292 -0.0800777 0.039886 0.153785 4.88221 22 999 2219 2181 1 1.38352 1.38352 50 
-5 0.513387 -4.82253 0.415165 0.191622 -0.228121 3.86605 22 1000 2536 2515 1 0.0153161 0.0153161 9 
