# Det7_9_13
#x y z Px Py Pz t PDGid EventID TrackID ParentID Weight Edep VisibleEdep Ntracks
3.87283 -5 0.719396 0.280952 0.398111 -0.153927 3.9862 22 1 1458 1457 1 0 0 4 
2.49387 4.57922 -5 0.167861 0.454196 0.468295 3.83811 22 3 2275 2209 1 0 0 5 
-0.188294 -3.77277 5 0.253271 0.273076 -0.123938 4.04996 22 4 12144 12143 1 2.1436 2.1436 6 
-1.87309 -5 1.15254 0.419721 0.691666 -0.388491 4.06977 22 5 52641 52616 1 0 0 1 
2.24269 2.43672 5 0.144451 0.397036 -0.287431 3.97064 22 6 15414 15411 1 0 0 3 
3.45251 -5 1.71302 1.2815 1.1811 1.30699 3.81999 22 7 8804 8761 1 0.583248 0.583248 49 
2.98845 -4.35009 5 0.112362 0.216436 -0.265989 4.1224 22 8 3146 3145 1 0.000775314 0.000775314 4 
-2.46469 2.97057 -5 1.06073 2.31725 5.20609 3.79078 22 9 1026 1 1 0 0 3 
1.60782 -5 4.85359 0.101291 0.324636 -0.0385218 3.93557 22 10 4734 4709 1 0.341983 0.341983 20 
-3.40758 -5 2.57534 0.267124 1.09835 -0.517944 3.90081 22 11 18008 18007 1 0.40376 0.40376 5 
-4.64367 -5 1.61754 0.16395 0.378137 0.29629 3.82249 22 13 37934 37854 1 0.154305 0.154305 2 
-4.05635 -0.850595 -5 0.24005 2.1676 4.24836 3.77851 22 14 15525 15437 1 0.209611 0.209611 28 
-4.55222 3.46218 -5 0.612316 2.14395 0.609748 3.90233 22 15 16987 16964 1 0 0 2 
-5 2.2842 -0.31862 0.980817 2.96685 2.91034 3.82484 22 16 3081 3014 1 0 0 5 
2.24378 -1.804 5 0.232747 0.42646 -0.158367 4.0518 22 17 10606 10605 1 0 0 1 
-5 -1.9567 -0.962422 0.138717 0.262287 0.0973688 3.84102 22 18 4176 4077 1 0.00343537 0.00343537 6 
0.0329471 -5 -0.407946 0.0592678 0.325081 -0.165074 3.91274 22 19 14244 14239 1 0 0 2 
2.7152 -5 0.0680416 0.00538704 0.344402 0.25848 3.91548 22 20 8862 8808 1 0 0 1 
-0.0761008 -5 3.2979 0.136013 0.353468 -0.343046 4.09876 22 21 11246 11215 1 0.311651 0.311651 2 
-2.21507 -5 -2.31375 0.164583 0.27006 -0.181363 4.19019 22 22 1886 1867 1 0 0 2 
-5 2.78943 -0.258434 0.131237 0.2519 -0.0534162 3.86068 22 23 28097 16413 1 0 0 2 
-5 -3.18236 -4.89365 0.213311 0.399825 0.384076 3.8108 22 24 7338 7313 1 0.593683 0.593683 23 
-0.0141023 -5 1.71252 0.318634 0.467263 0.666193 3.83082 22 25 34356 33267 1 0 0 1 
-5 -0.657818 -2.19559 0.0854636 0.371745 -0.00482047 3.91092 22 26 10559 10519 1 0 0 2 
0.980537 -3.09676 5 0.993146 1.37255 -1.21842 4.06897 22 27 8616 8595 1 0 0 1 
-4.79128 -3.19757 -5 0.00621948 0.160604 0.485065 3.83586 22 28 1108 1068 1 0.788535 0.788535 22 
-1.91522 -1.39326 -5 0.22058 0.322169 0.0803703 3.87183 22 29 23676 23103 1 0 0 3 
2.25037 -5 -3.91362 -0.0907585 0.418914 0.370489 3.8567 22 30 18575 17557 1 1.20485 1.20485 4 
-5 2.877 2.13026 0.178123 0.116165 -0.18389 4.00646 22 31 14830 14518 1 3.9898 3.9898 43 
0.872292 -0.853208 5 0.0193709 -0.153846 -0.0899134 3.96437 22 32 2349 2178 1 0 0 5 
0.668285 -3.39265 -5 0.736595 0.907103 1.0317 3.80259 22 33 42831 42759 1 0 0 1 
-4.61467 -3.24403 -5 0.216721 0.415111 0.175464 3.84613 22 34 20089 19940 1 0 0 3 
-1.10351 -5 -3.54982 0.249904 0.590951 -0.167201 3.87527 22 35 26572 26515 1 0 0 3 
2.97297 3.01184 5 0.255698 0.415329 -0.363241 5.02284 22 36 25395 25364 1 0 0 1 
-0.641797 -2.83199 -5 0.199286 0.177355 0.343292 3.82726 22 37 6809 6737 1 0 0 1 
-0.281142 -5 1.18853 -0.0137783 0.28902 -0.253826 4.04794 22 38 20260 20259 1 0.471377 0.471377 6 
-2.84509 -0.405835 5 0.169353 0.393384 -0.236173 4.04716 22 40 36310 36294 1 0.243574 0.243574 3 
-2.74628 -4.12566 -5 -0.0125368 0.236141 0.263072 3.89107 22 42 2942 2921 1 0.35329 0.35329 31 
-5 2.4234 4.27231 0.278761 -0.0188437 0.134571 3.85395 22 43 4248 4083 1 0.0353005 0.0353005 9 
-5 -3.07794 -3.48399 0.191808 0.0505328 -0.0993969 3.91837 22 44 13954 13930 1 0 0 2 
2.24454 -5 -3.09215 -0.194823 0.149626 -0.0894633 4.25648 22 46 1872 1870 1 0 0 1 
-3.3231 3.5968 5 0.11325 0.335645 -0.368289 4.26843 22 47 32242 32241 1 0 0 1 
-0.288408 -2.15279 5 0.190579 0.398886 -0.2563 4.02961 22 48 5007 5006 1 0 0 2 
1.64937 -5 0.191825 -0.0804666 0.341848 -0.138993 4.11452 22 50 5081 5080 1 0.377342 0.377342 26 
2.41655 -5 0.935048 0.227677 0.440426 -0.115328 4.00074 22 51 18576 18575 1 1.03067 1.03067 42 
-5 -4.69798 4.6161 0.150614 0.457175 0.171541 3.85542 22 52 7938 7936 1 0.264939 0.264939 34 
2.52915 -5 -1.39963 -0.0781209 0.414066 -0.0979422 3.84905 22 53 12829 12791 1 1.31134 1.31134 61 
-0.738734 -5 -1.66142 0.204136 0.772514 -0.0311381 3.88166 22 55 33068 32959 1 0 0 1 
-2.95355 -0.106645 -5 2.0148 2.08897 0.560483 3.84511 22 56 22993 22880 1 0 0 2 
3.2498 -5 -3.05358 0.0434726 0.333607 -0.0582944 3.87609 22 57 14500 14499 1 0.206814 0.206814 34 
3.74661 -5 -2.05028 0.209771 0.451044 0.00259487 3.92907 22 58 4764 4154 1 0 0 1 
-5 -1.04304 -2.09225 0.10679 0.164687 -0.471799 4.21865 22 59 13009 13007 1 0.510902 0.510902 31 
-5 3.08991 3.15347 0.252813 0.301212 -0.0582909 3.91694 22 60 25431 25353 1 0 0 1 
-5 3.73405 -2.99182 0.119498 -0.08254 0.0759721 3.93523 22 61 23048 22991 1 0.020069 0.020069 3 
-0.357364 1.05558 -5 0.10965 0.378598 0.325208 3.84364 22 62 25776 25773 1 0 0 3 
-5 -4.76596 1.1969 1.64932 3.25736 6.22731 3.80449 22 63 16545 16543 1 0 0 1 
-2.42473 -2.67832 -5 0.215147 0.374001 0.273779 3.86059 22 64 6196 6195 1 0.705448 0.705448 36 
4.70523 -5 -4.79747 0.25233 0.440723 -0.0566787 3.89689 22 65 9175 9152 1 0.434113 0.434113 21 
-4.39878 4.57331 -5 0.166147 0.890709 0.338618 3.84202 22 66 4539 4198 1 0.908764 0.908764 26 
3.06939 -5 -2.58858 1.42313 1.91392 -0.828877 3.94199 22 68 17440 17411 1 0.248274 0.248274 9 
3.70866 -5 1.75904 0.308792 0.597592 0.242007 3.85511 22 69 14523 14475 1 0 0 4 
-5 0.110814 -2.65547 0.752451 2.43581 -0.0148914 3.90698 22 70 6364 6363 1 0.616772 0.616772 27 
3.09567 -5 0.107986 -0.0870614 0.198561 -0.034273 3.81702 22 71 2081 1882 1 0.577751 0.577751 47 
-5 -2.46599 3.34128 0.21336 0.232115 0.654202 3.81879 22 72 44717 44671 1 0 0 1 
3.64563 -5 1.47698 0.543429 0.748019 0.407057 3.86894 22 73 11264 11263 1 0 0 4 
-3.06084 -5 3.48443 0.163837 0.378517 0.301665 3.85661 22 74 10856 10855 1 0 0 4 
-5 0.0977661 1.20306 0.232384 0.433634 -0.138126 4.00001 22 75 4214 4211 1 0.331394 0.331394 6 
-4.55066 -5 1.82206 0.1039 0.25272 0.149995 3.84057 22 76 8342 8289 1 0 0 4 
-5 -1.27673 0.292799 7.27318 4.44275 -0.222849 3.8668 11 77 11527 11024 1 4.96991 4.96991 39 
0.0451318 -5 -3.06885 0.259249 0.436762 0.354218 3.8502 22 79 2995 2885 1 0 0 1 
-1.0828 -5 3.9337 0.12892 0.443627 0.401262 3.83773 22 80 3126 3049 1 0 0 3 
3.33037 -5 -4.29502 -0.0411882 0.407791 0.0468059 3.87631 22 81 10017 8830 1 0.005013 0.005013 6 
-5 3.85959 2.37968 0.169428 0.339272 0.0412856 3.88394 22 82 9826 9390 1 0 0 3 
4.17262 -5 -2.42551 0.143317 0.260269 0.315899 3.80574 22 84 29006 28928 1 0 0 1 
-1.10798 -5 1.25669 0.370154 0.340192 -0.0915187 3.92279 22 85 6286 6285 1 0 0 4 
-4.80071 -1.72498 -5 -0.0200162 0.14903 0.091932 4.01963 22 86 8598 8568 1 0 0 5 
-2.27305 2.84032 -5 -0.31195 -0.0360128 0.46769 3.89169 11 87 4477 4458 1 0.0194783 0.0194783 1 
-1.63291 3.08149 -5 0.342066 1.10618 1.12237 3.82649 22 88 14873 11584 1 0 0 1 
5 -4.95992 -2.36271 -0.211294 0.194421 -0.0919476 3.86631 22 90 5083 4413 1 0.222554 0.222554 32 
-0.0132359 -5 1.43436 0.0887508 0.502753 -0.0219757 3.93379 22 91 43628 43596 1 0 0 2 
4.43506 -5 -0.915063 0.0408992 0.86628 1.11826 3.81826 22 92 36227 36029 1 0 0 1 
-0.624051 -5 -0.0937605 0.255357 0.536776 -0.745271 4.34011 22 93 19921 19920 1 0 0 3 
-3.2421 -5 -4.03739 -0.0147965 0.221897 -0.0176622 4.01708 22 94 32424 32423 1 0.0606712 0.0606712 2 
-1.69641 -5 2.49018 0.754554 1.75685 -0.226855 3.96392 22 96 38816 38724 1 0 0 1 
2.93497 -5 -1.39419 0.147987 0.052476 0.214306 3.97754 22 97 3961 3960 1 0.315165 0.315165 27 
-5 -3.66252 4.17575 0.132948 0.400713 0.247617 3.91713 22 98 13695 13694 1 0 0 2 
1.94003 -5 2.11404 1.47658 3.87694 1.5972 3.87803 22 99 40518 40517 1 0 0 1 
-4.8736 -5 2.76786 1.83607 4.06046 3.33956 3.84885 22 100 28643 28573 1 0 0 4 
-1.90778 -5 0.0133442 0.293236 0.345963 0.235462 3.83398 22 101 18021 17990 1 0.510612 0.510612 29 
-5 2.48648 -3.43561 0.164155 0.344246 -0.255074 4.07015 22 102 5005 4985 1 0 0 1 
3.42625 -5 2.09262 0.106669 0.222679 0.164092 3.85568 22 103 28387 28286 1 0 0 1 
-5 1.31912 -3.62686 0.263381 0.399965 0.178265 3.9159 22 104 25157 25156 1 0 0 1 
-5 -4.68344 3.89272 0.164539 0.37681 -0.186044 3.91126 22 105 25173 25120 1 0.349192 0.349192 5 
1.4413 -5 2.11039 0.612689 0.79212 0.225983 3.89127 22 106 3802 3642 1 0.167782 0.167782 26 
1.14208 -5 -0.899901 0.146723 0.453487 -0.184234 3.97635 22 107 6684 6683 1 0 0 1 
0.882245 0.573679 -5 2.17413 1.96071 1.65744 3.82387 22 108 17452 17398 1 0 0 4 
-5 -4.07592 -1.23749 0.195568 0.307987 0.0238802 3.90245 22 109 1572 1571 1 0.540392 0.540392 28 
-1.16409 -5 0.202529 0.100582 0.411214 0.116151 3.86361 22 110 54221 53918 1 0.220465 0.220465 17 
-4.33861 -5 0.506303 0.10008 0.330983 0.098028 3.96121 22 111 18701 18700 1 0 0 3 
0.898282 -0.795162 5 0.618807 0.773959 -0.657101 4.03728 22 112 41225 41179 1 0 0 1 
-3.47429 4.77842 -5 0.795617 2.52321 3.92882 3.78296 22 113 21745 21699 1 2.53361 2.53361 45 
2.97048 -5 -0.456676 0.0577952 0.139962 -0.169624 4.07538 22 114 19006 19005 1 0.0808286 0.0808286 35 
3.2219 -5 3.02966 0.0754118 0.332254 0.285636 3.83398 22 115 16741 16713 1 0.0249856 0.0249856 5 
-1.89477 -2.9859 -5 0.228487 0.391706 0.235543 3.87245 22 117 19525 19524 1 0 0 2 
-5 1.52977 1.13612 0.170375 0.0350561 -0.0476672 3.85968 22 118 5977 5976 1 0.180215 0.180215 10 
-1.42884 -5 -4.73696 -0.143905 0.38339 -0.175812 3.88597 22 119 42415 42413 1 0 0 1 
-1.83444 -5 2.16826 0.129196 0.399533 0.09529 3.87767 22 120 12792 12791 1 0.430203 0.430203 27 
0.925927 -4.07662 5 0.162298 0.420021 -0.241582 4.01046 22 122 22651 22592 1 0 0 1 
5 -2.54144 1.2252 -0.101032 0.0559774 -0.497774 4.19013 22 123 8693 8692 1 0 0 2 
-5 1.88194 1.33195 17.8629 30.2337 -32.5312 9.69609 2112 124 3278 3238 1 0 0 4 
-2.8213 -5 3.68515 0.695573 1.29717 2.73339 3.81214 22 125 18178 18154 1 0 0 2 
2.46648 -5 3.37966 0.171654 0.396877 0.486781 3.82412 22 126 2130 2024 1 0 0 2 
2.72377 -5 1.06018 0.540684 0.405212 -0.348641 4.02824 22 128 8378 8304 1 0 0 4 
-5 -0.923517 -2.074 0.220343 0.544287 -0.84341 4.20992 22 129 2723 2700 1 0.142324 0.142324 38 
2.99861 -5 -0.975977 0.104544 0.285628 -0.0786635 3.98273 22 130 34225 33813 1 0 0 1 
4.91918 -5 1.46876 0.137851 0.218911 -0.196982 4.05381 22 131 28453 28165 1 1.19442 1.19442 5 
4.84756 -5 4.157 5.34486 5.61579 7.28753 3.8548 11 132 40332 40269 1 0.0720252 0.0720252 2 
4.45756 -5 -3.46726 -0.109533 0.267746 0.0792171 4.07209 22 133 23493 23488 1 0 0 2 
1.75885 -5 3.83418 0.297131 0.321141 0.138625 3.92495 22 134 22272 22266 1 0 0 3 
1.33712 -5 0.424759 0.214577 0.87 0.349735 3.86003 22 135 11116 11044 1 0 0 2 
-2.08118 -1.59787 5 0.262304 -0.155593 -0.121256 4.27505 22 136 19228 19225 1 0.906788 0.906788 36 
-2.34108 -5 2.69758 0.156597 0.306081 -0.227545 3.95598 22 137 1570 1566 1 0 0 4 
-5 -2.26734 0.481125 0.25404 0.666047 0.42063 3.85139 22 138 4839 4193 1 0 0 1 
2.33024 -5 -0.821755 0.114228 0.412939 -0.0878882 3.87069 22 139 19404 19403 1 0 0 1 
-0.915114 -5 2.28849 0.196121 0.434119 -0.184924 4.08931 22 140 9311 9309 1 0.206415 0.206415 9 
4.08135 1.28251 -5 1.32348 1.61043 1.69565 3.82078 22 141 1226 1 1 0 0 3 
-5 3.25249 2.90745 0.33839 0.195325 -0.140337 4.09266 22 142 12393 12391 1 0 0 2 
3.25694 -5 -3.46777 0.0343983 0.261642 0.00942884 3.9396 22 144 13514 13070 1 0.0927762 0.0927762 2 
-4.0058 -5 2.4871 0.0335324 0.260764 -0.438175 4.11004 22 145 14724 14723 1 0.0785017 0.0785017 3 
-4.85629 0.303285 5 0.0233975 0.307795 -0.407228 4.17104 22 149 5844 5842 1 0 0 4 
-3.36458 -5 -3.5891 -0.166354 0.478876 0.0994594 4.92431 22 150 22548 22546 1 1.02692 1.02692 46 
-4.82804 3.36249 5 -0.0192796 0.664301 -0.685128 4.02622 22 151 2529 2439 1 0 0 2 
-0.881274 3.93619 5 0.176342 -0.146176 -0.126667 4.03944 22 152 10273 10272 1 0.0800841 0.0800841 3 
0.639028 1.44034 -5 0.0619591 0.502222 0.269653 3.86939 22 153 1160 1130 1 0.00618509 0.00618509 4 
-4.42845 -5 4.4585 0.576154 0.48311 0.930281 3.82186 22 154 16849 16521 1 0 0 2 
4.31133 -5 -3.26031 0.227445 0.456511 -0.0314068 3.98167 22 155 3408 3407 1 0 0 3 
-5 -4.18039 -4.07165 0.184995 -0.0414863 0.145285 3.8736 22 156 5191 5190 1 0.64633 0.64633 4 
0.0845288 -5 -1.89133 0.0955694 0.249883 0.0614135 3.86769 22 157 4163 4112 1 2.09658 2.09658 58 
-4.82125 -5 1.98845 0.136241 0.429931 0.707638 3.79333 22 158 34453 34376 1 0 0 1 
1.521 -0.418257 5 0.0689952 0.263132 -0.0604196 4.08114 22 159 13163 13125 1 0.501705 0.501705 3 
-5 -4.77647 -4.21577 0.506314 0.181639 -0.295766 4.35237 22 160 2881 2880 1 0 0 1 
-3.06986 -3.21056 -5 0.234499 0.495409 0.383679 3.82756 22 163 27403 27402 1 0.383607 0.383607 3 
-3.86385 2.95294 -5 0.164552 0.332231 0.240158 3.89618 22 164 25170 25111 1 0 0 2 
-0.58548 -4.85239 -5 -0.0341941 0.23679 0.0827121 3.82096 22 165 5065 5011 1 0 0 4 
2.30215 -3.91467 5 -0.16013 0.318771 -0.231726 4.28203 22 166 3283 3221 1 0 0 2 
-4.73885 -5 4.8807 0.116443 0.582736 0.356135 3.89421 22 167 39932 39931 1 0 0 1 
-5 -3.49905 1.95235 0.264043 0.189802 0.178185 3.81855 22 168 27724 27701 1 0.370344 0.370344 29 
-2.67818 -5 3.97587 1.58449 2.36243 -0.726549 3.98024 22 169 10506 10474 1 0 0 1 
-3.45277 -5 0.202607 0.231775 0.404637 -0.479978 4.12251 22 170 22299 22269 1 0 0 2 
-0.807749 -5 2.38397 0.229397 0.450153 -0.0765468 3.99039 22 171 7031 7013 1 1.13969 1.13969 47 
2.61621 -5 3.89999 0.879818 0.529303 -0.311231 3.99153 22 172 6152 6038 1 0.459735 0.459735 28 
1.27882 -5 -4.30817 0.220745 0.372431 0.872199 3.78922 22 173 1378 1 1 0 0 3 
-2.11763 4.92217 -5 1.27708 1.2041 1.25391 3.82205 22 175 11955 11881 1 0.547122 0.547122 49 
-3.13227 -5 3.1975 0.0855185 0.309105 -0.314876 4.1193 22 176 19347 19344 1 0 0 2 
1.32049 -5 -2.01211 0.241873 0.746153 -0.195121 3.92757 22 177 21252 21055 1 0.00379093 0.00379093 2 
-0.617931 -5 4.68276 0.0423655 0.227663 -0.106959 3.96154 22 178 2815 2764 1 0.385336 0.385336 25 
1.70604 -5 0.328389 0.188022 0.236271 -0.0421752 3.85629 22 179 13515 13120 1 0.304572 0.304572 22 
-5 0.164204 4.45718 0.560581 0.843797 -1.46604 4.26797 22 180 28085 27933 1 0 0 1 
0.532848 -5 3.21909 0.185663 0.316481 0.0259427 4.03114 22 181 9340 9338 1 1.28005 1.28005 31 
3.56717 -5 3.44267 0.496987 0.700878 0.586353 3.84981 22 183 12658 12268 1 0 0 2 
-3.86705 -3.83735 5 0.344696 0.284754 -0.0180164 3.93058 22 184 12352 12351 1 0.156875 0.156875 25 
-4.92938 -3.91233 5 0.0175029 0.567965 -1.89772 4.10716 22 186 3929 3900 1 1.71709 1.71709 28 
-1.7797 -2.88229 -5 0.879238 3.14246 3.86412 3.81164 22 187 18864 18843 1 0 0 2 
-2.13011 -5 1.96092 -0.0177468 0.394163 -0.249236 4.2475 22 189 1036 1034 1 0 0 2 
-5 -0.158322 3.19775 0.175031 0.167592 0.193822 4.03322 22 190 7043 7041 1 0.28035 0.28035 18 
-4.76874 -5 2.29806 -0.091299 0.112744 -0.629764 4.25593 22 191 8760 8758 1 0.196322 0.196322 35 
-1.48376 -5 1.04692 0.239732 0.284685 -0.257472 4.04729 22 193 24668 24643 1 0.39034 0.39034 26 
1.18034 0.019091 5 0.224233 0.399141 -0.212799 3.98683 22 194 18162 18161 1 0 0 2 
-3.71285 -5 1.20913 0.330075 0.383441 -0.442592 4.00375 22 196 9848 9847 1 0.310071 0.310071 3 
2.37026 -5 -0.437706 0.22978 0.307376 0.344182 3.82829 22 197 17654 17526 1 0.375155 0.375155 22 
-5 -4.41137 1.89822 0.108349 0.286781 0.219751 3.90428 22 198 44415 44414 1 0 0 3 
-5 -2.23197 -4.73389 0.314889 0.424368 -0.208597 3.89396 22 199 1693 1311 1 0 0 1 
3.39575 -0.14611 -5 0.623151 1.25631 0.277473 3.88706 22 200 24020 23976 1 0 0 1 
-4.64174 -5 -3.28338 -0.0935502 0.501489 0.0296191 3.89598 22 201 9743 9742 1 0 0 3 
-4.6202 -5 0.248952 0.301857 0.580878 -0.575985 3.98081 22 202 7348 7326 1 0 0 4 
4.72692 -4.28032 -5 -0.0784766 0.0855613 0.186795 3.98203 22 203 35717 35685 1 0.219352 0.219352 37 
-2.43535 3.21272 5 0.475028 1.13794 -0.167036 4.03933 22 205 5786 5785 1 0 0 2 
0.820627 4.12596 5 0.129285 0.267214 -0.246099 4.17918 22 206 20946 20945 1 6.77552 6.77552 111 
-5 -3.49524 -1.27874 0.29916 0.213833 -0.0170901 4.06473 22 207 5179 5177 1 0.367556 0.367556 34 
-3.11967 -5 0.779348 0.0550257 0.404542 0.288979 3.82868 22 208 2873 1970 1 0.0555779 0.0555779 3 
3.49179 -2.2876 -5 1.14146 1.2793 2.00873 3.81066 22 209 39226 38900 1 0 0 1 
-0.424889 0.0855962 5 0.139885 0.463106 -0.164575 3.94127 22 210 3030 3004 1 0.169996 0.169996 19 
-2.92675 3.27935 -5 0.0868327 0.335301 0.375704 3.81186 22 211 10493 10490 1 0.357128 0.357128 25 
1.42288 -5 -3.1823 -0.0147788 0.509345 0.0383338 3.9169 22 212 7502 7494 1 0.360001 0.360001 30 
-1.55769 -1.89543 5 0.0989793 0.0769505 -0.337058 4.22158 22 213 23897 23875 1 0 0 1 
4.3763 -1.19946 -5 0.55944 0.51809 0.331509 3.84797 22 214 37518 37138 1 0 0 1 
-3.27757 1.21365 -5 0.0158397 0.498674 0.416456 3.83524 22 215 2390 1795 1 0.233887 0.233887 6 
3.93278 -5 4.52603 0.0993201 0.118129 -0.052013 3.91489 22 216 29017 28979 1 0 0 1 
1.43923 -5 -4.08908 0.290084 0.158297 -0.383837 4.03459 22 217 4905 4903 1 0 0 2 
-2.12071 -5 2.20984 0.613697 1.1109 0.0328281 3.89649 22 218 13726 13689 1 0 0 1 
3.62446 -2.9235 5 0.0334328 0.266761 -0.434558 4.14069 22 219 7038 7037 1 0.196997 0.196997 15 
-3.5112 -5 1.2803 0.318643 1.5071 -0.212631 3.89585 22 221 7328 7099 1 0.561762 0.561762 5 
-0.585008 -5 4.96268 -0.0829567 0.492272 -0.0570157 3.86834 22 222 6193 5745 1 0.502179 0.502179 19 
-1.74366 -1.13089 -5 0.381843 0.435113 0.102291 3.83298 22 223 27166 26897 1 0.587461 0.587461 27 
-5 0.0291156 2.98484 0.34028 0.298041 -0.128595 3.87227 22 224 17276 17213 1 0.510682 0.510682 31 
-5 -1.51648 2.3192 0.169542 0.426936 0.112745 3.86793 22 225 4275 3809 1 0 0 1 
-1.16782 -4.30438 -5 0.222609 -0.00316172 0.288654 3.86573 22 226 13716 13668 1 0.364089 0.364089 31 
2.17128 -2.31674 5 0.863281 1.45644 -1.59958 4.18961 22 227 8936 8875 1 0.0613891 0.0613891 2 
2.63797 -5 -1.08589 1.07279 1.98382 0.509492 3.89062 22 229 2943 2787 1 0 0 5 
-5 0.53555 3.69243 0.242635 0.355263 0.0716653 3.95166 22 230 13803 13802 1 0 0 3 
-5 -0.186488 0.845669 0.224565 0.258655 0.0417518 3.88702 22 231 18299 18207 1 0 0 1 
-2.81468 -5 -3.68335 0.110803 0.481079 0.109359 3.82153 22 232 8656 8594 1 0.333769 0.333769 36 
-5 -0.463697 0.105319 0.111448 0.335452 0.175305 3.85721 22 233 2113 2084 1 0 0 6 
-5 -0.95131 -0.184246 1.19417 0.178628 0.290707 3.80252 22 234 2496 2460 1 0.00955537 0.00955537 7 
-3.41792 -3.38424 -5 0.322757 0.542288 0.828192 3.79834 22 235 6657 6316 1 0 0 3 
-5 -1.50138 -1.68525 0.260957 0.727839 0.322725 3.86653 22 236 23543 23454 1 0.237444 0.237444 4 
-4.72629 -3.54854 5 0.140447 0.316399 -0.375881 4.23646 22 237 14590 14588 1 0.317701 0.317701 4 
-2.91442 -5 0.629973 0.115327 0.387177 -0.102154 3.96773 22 238 1723 1675 1 0.157632 0.157632 30 
3.28976 -5 -4.59587 0.0610296 0.408857 -0.126412 4.01094 22 239 9488 9486 1 0 0 2 
1.4546 -5 0.852068 0.547004 0.594168 0.865776 3.83137 22 240 21775 21719 1 0 0 3 
-4.91845 4.56971 5 0.222686 0.721246 -0.238721 4.0487 22 241 1641 1640 1 0 0 4 
-0.203136 -5 1.62401 0.286043 0.423277 -0.0116624 3.90201 22 242 34224 34223 1 0 0 1 
0.124836 -5 -4.40354 0.309103 0.546711 0.217399 3.83394 22 243 24477 24135 1 0.281597 0.281597 17 
2.72046 3.71713 -5 -0.11572 -0.208051 0.167131 3.92416 22 244 2285 2258 1 0.290519 0.290519 25 
-3.12573 3.20577 5 0.0181906 0.238452 -0.451585 4.06385 22 245 30664 30649 1 0.104511 0.104511 2 
-5 -4.16528 -1.24082 0.0706572 0.370594 -0.344655 4.01184 22 246 3891 3888 1 0.21674 0.21674 7 
-5 2.98097 -0.526648 1.52871 1.11609 -1.13869 3.98844 22 247 11819 11817 1 0 0 2 
-5 -0.0578487 2.69294 0.304341 0.407643 0.0482006 3.91872 22 249 15496 15495 1 0.18898 0.18898 23 
-3.02769 -5 -0.181005 0.219837 0.829764 0.418223 3.86487 22 250 7223 7068 1 0 0 2 
-5 -2.10866 2.02616 0.238273 0.420895 0.0202365 3.8982 22 251 20768 20767 1 0 0 4 
-5 4.72654 -3.81438 0.189219 0.467992 -0.079369 3.98044 22 252 22713 22688 1 0 0 1 
3.14573 -4.64816 -5 0.548747 0.981338 2.06958 3.78442 22 253 10912 10785 1 0 0 4 
0.748406 2.59668 -5 0.214693 0.778929 0.91207 3.80504 22 254 1392 1 1 0.00895133 0.00895133 6 
-5 -3.3354 -0.566951 0.383635 -0.269538 0.203206 3.8412 22 255 1005 1004 1 0 0 4 
-2.3245 -5 -1.00241 0.148854 0.20923 -0.0675642 4.05887 22 256 9588 9587 1 0 0 4 
-3.92705 -5 -2.66849 -0.0245462 0.452421 0.530202 3.8343 22 257 23644 23525 1 0 0 2 
1.37678 -5 3.73156 0.327589 0.327144 0.198658 3.86422 22 258 5412 5411 1 0.510576 0.510576 32 
0.658298 2.44383 -5 0.991107 1.05327 1.28469 3.81592 22 259 35401 35400 1 0 0 3 
0.221573 -4.52349 -5 -0.127272 0.048113 0.224682 3.92019 22 260 5359 5241 1 0.262541 0.262541 13 
-5 0.58942 -2.56953 0.250391 0.420479 -0.147044 3.97233 22 261 6084 6083 1 0.00884928 0.00884928 4 
3.26947 -5 -0.72033 1.23593 1.92806 2.0451 3.83423 22 262 40560 40000 1 0.052848 0.052848 3 
-3.37093 -1.32591 5 0.115061 0.424488 -0.0897893 3.91873 22 263 19316 19287 1 0 0 4 
-0.156175 -5 -4.86255 -0.0593768 0.325303 0.022261 4.01871 22 264 8376 8375 1 0.331074 0.331074 23 
-4.0907 -4.49974 5 0.0114438 0.00571902 -0.0311009 3.87946 22 265 12825 12818 1 0.0334065 0.0334065 13 
-1.37848 -5 2.56634 0.14225 0.382381 -0.0952576 3.96193 22 266 18315 18314 1 0 0 3 
3.77889 -5 2.17956 0.482719 1.03025 0.871811 3.84011 22 267 26650 26649 1 0.263542 0.263542 15 
-4.37713 -5 4.99594 -0.0712403 0.0573577 0.241582 3.89355 22 268 3698 3697 1 0.338572 0.338572 40 
-2.11981 -0.894942 5 0.097219 0.225705 -0.16276 4.05005 22 269 5311 4964 1 0 0 3 
-5 -0.757531 -1.81724 1.50892 2.34062 -0.292072 3.9202 22 270 15795 15768 1 0.158978 0.158978 29 
-3.23749 3.27633 5 0.178117 0.296023 -0.376516 4.02948 22 272 4041 4040 1 0.018318 0.018318 8 
3.07093 -5 -4.0282 0.226634 0.338208 0.268111 3.83632 22 273 5799 5774 1 0.495772 0.495772 4 
0.0956397 -5 -0.220529 1.07488 1.78116 -1.77641 4.02888 22 274 11189 11188 1 0 0 2 
-2.41132 -3.68715 5 0.340527 0.89061 -1.3866 4.18903 22 275 27388 27386 1 0 0 3 
-5 0.927815 -2.97045 0.239956 0.475709 0.640634 3.80627 22 276 2974 2973 1 0 0 2 
-2.09661 -5 -3.01954 0.169376 0.409151 0.255005 3.84005 22 277 11916 11894 1 0.18911 0.18911 4 
-5 -3.24635 -3.64307 0.191726 0.263632 0.263326 3.87655 22 278 7628 7627 1 0.259557 0.259557 4 
-5 -3.27691 -4.82249 0.419213 0.200274 -0.1857 3.92595 22 279 16247 15011 1 0.703807 0.703807 4 
-5 -1.82072 4.71166 0.212442 0.245341 0.0138295 4.08353 22 280 21251 21226 1 0 0 2 
-2.61264 -5 -2.00258 0.253055 0.418145 0.149123 3.87574 22 281 9094 9056 1 0.510811 0.510811 17 
1.33539 -5 -0.140705 -0.0295431 0.184222 -0.226131 4.09285 22 282 23256 23255 1 0 0 4 
-5 -2.3404 -2.09212 0.182997 -0.0195417 -0.201076 4.01932 22 283 15182 14998 1 0 0 1 
-4.54825 -5 -2.92828 0.335807 1.31284 1.1548 3.82299 22 285 8208 8207 1 0.289216 0.289216 29 
-5 -1.23463 1.25909 0.375609 0.0460955 -0.0987282 3.88532 22 286 19132 18994 1 0.18677 0.18677 19 
3.20068 1.46731 -5 2.27109 4.12036 4.12869 3.82917 22 289 7695 7552 1 0 0 2 
-2.68082 -5 1.05923 0.676195 1.40427 -0.341831 3.9067 22 290 41535 41512 1 0 0 1 
2.15727 -3.29548 5 -0.0503456 0.226497 -0.210802 4.07797 22 291 7952 7926 1 0 0 1 
3.13764 -5 -2.63207 0.260059 0.437853 0.0421187 3.91183 22 292 27944 27880 1 0.634127 0.634127 21 
4.34928 -5 1.03444 -0.279577 0.21712 0.0399498 4.25265 22 293 41709 41525 1 0 0 1 
1.96684 -5 -2.00807 0.423176 0.450616 0.38213 3.8412 22 294 9505 9504 1 0 0 3 
1.0019 -5 0.58934 0.0103897 0.709239 0.0798346 3.9066 22 295 2728 2624 1 0.311632 0.311632 15 
3.74811 2.45697 -5 0.236064 0.293247 0.398901 3.81184 22 296 3739 3593 1 0.507185 0.507185 21 
-5 -1.39003 -4.27021 0.205474 -0.0775829 -0.0500155 3.95589 22 297 19937 19936 1 0.224947 0.224947 28 
0.413449 -5 -3.0764 0.797334 2.38882 2.94971 3.81321 22 298 16951 16930 1 0.52251 0.52251 3 
0.453069 -5 -0.110999 0.202585 0.581016 0.367779 3.83479 22 299 12370 8659 1 0.0257991 0.0257991 5 
-5 -3.66038 -0.323229 1.69469 3.973 0.950901 3.86077 22 300 4456 4438 1 0 0 3 
-3.36368 -5 0.192571 -0.171595 0.376492 -0.299881 4.11018 22 301 10508 10507 1 0 0 4 
-5 0.701851 -4.76616 1.10286 2.84494 4.09178 3.80756 22 302 13155 13062 1 0.542664 0.542664 2 
-2.95112 -5 -2.02777 0.310209 0.502282 0.111401 3.89185 22 304 5115 5025 1 0 0 3 
1.61128 -0.509402 5 -0.104046 0.267736 -0.20877 4.43322 22 307 12462 12461 1 0 0 2 
-1.21511 -2.16169 -5 2.99387 5.79627 4.1852 3.8423 22 308 20570 20527 1 0.248453 0.248453 4 
-0.490316 -5 1.98147 0.48297 1.03262 1.01944 3.83068 22 309 7050 7049 1 0 0 5 
3.11286 -5 4.8282 0.199814 0.190087 0.430188 3.86711 22 310 16230 16197 1 0 0 1 
1.28597 -5 1.21377 0.31124 0.720111 0.695373 3.82746 22 311 16696 16695 1 0 0 3 
3.1163 -5 -4.62096 0.673995 1.20546 0.0789198 3.88645 22 312 7669 7639 1 0.0291815 0.0291815 20 
-3.5258 -5 3.4374 0.294418 0.878601 -0.460397 3.99079 22 313 30471 30442 1 0 0 1 
-2.36958 -1.91346 5 0.029558 0.483114 -0.163852 4.03396 22 314 37522 37520 1 0 0 1 
5 -2.17988 1.66282 -0.208769 0.0321468 -0.136047 3.84385 22 315 31745 31669 1 4.22038 4.22038 23 
-5 3.58486 -0.42512 0.551613 0.927637 0.0498865 3.8792 22 316 22644 22594 1 0 0 3 
-2.95732 -5 2.80932 0.133642 0.322477 0.373187 3.84668 22 317 12142 12141 1 0.0271742 0.0271742 5 
0.431396 -5 -1.89582 0.635505 1.51497 -0.413116 3.95807 22 318 5552 5521 1 0 0 1 
5 3.58779 -2.37166 -0.105793 0.134804 -0.0336905 3.8595 22 319 1211 1210 1 0.187234 0.187234 17 
-4.51659 -5 -1.21557 -0.13242 0.413022 -0.300106 3.96916 22 320 11078 11047 1 0 0 1 
-3.80403 -5 -1.79336 0.152725 0.236317 -0.426555 4.17996 22 321 6811 6810 1 0.197854 0.197854 32 
-2.78919 0.39163 -5 0.0693287 0.328688 0.389638 3.80756 22 322 8356 8290 1 0 0 2 
2.18083 -5 4.5906 0.0807451 0.583616 0.216443 3.86696 22 323 24062 23864 1 0 0 1 
-2.86711 2.49968 -5 -0.0966393 0.692658 0.401079 3.9488 11 324 20987 20950 1 0.337388 0.337388 2 
-0.981791 -5 1.76021 0.276323 0.429672 -0.0121262 3.9211 22 325 4159 4156 1 0 0 1 
-5 4.10991 -4.05256 1.08807 1.61381 1.6529 3.81215 22 326 6458 6363 1 0.619404 0.619404 6 
-0.488176 -5 -3.61139 0.122665 0.133727 0.253459 3.96932 22 327 7422 7421 1 0 0 3 
0.989389 -4.66802 5 0.126127 0.321023 -0.118603 4.01652 22 328 24075 24073 1 0.112628 0.112628 4 
2.33295 -5 -1.4738 0.144031 0.644453 0.5253 3.83037 22 329 43724 43451 1 0 0 1 
-1.6021 -5 -2.46858 0.0419109 0.311766 -0.343232 4.09819 22 330 9447 9420 1 0 0 3 
-4.84149 -5 -4.85577 0.0825989 0.494613 0.0982601 3.89645 22 331 43370 43369 1 0.678252 0.678252 27 
-3.7573 -3.04468 -5 0.516361 0.470508 0.312168 3.82326 22 332 14988 14957 1 0.862821 0.862821 16 
1.65038 -5 -3.40916 0.0675767 0.108422 -0.157244 4.14106 22 333 23629 23565 1 0 0 2 
-0.189272 -5 -1.92441 0.361413 0.34756 -0.0985016 4.18561 22 334 3750 3726 1 0.274448 0.274448 7 
4.00925 -3.0619 -5 -0.556138 0.156177 0.443307 3.77897 22 335 27598 27446 1 0.673576 0.673576 3 
-5 -3.88583 -0.0435712 0.100316 0.149034 -0.112737 3.9374 22 336 6822 6585 1 1.26584 1.26584 47 
-0.177928 -2.27472 -5 0.730756 1.87642 0.85758 3.85829 22 337 34567 34531 1 0 0 1 
0.502148 -2.8003 5 0.406705 0.558379 -0.626391 4.19467 22 338 11824 11823 1 0.184214 0.184214 29 
-1.20866 -5 4.72964 0.576902 1.14111 -0.613638 3.96544 22 339 10166 10165 1 0.336843 0.336843 3 
-4.9048 -5 1.93132 0.125579 0.151467 0.105672 3.92615 22 340 30254 30223 1 0.423498 0.423498 31 
-2.51151 -5 1.29385 0.167763 0.213358 -0.43296 4.24603 22 342 3579 3578 1 0 0 1 
4.56339 -5 4.55696 0.210714 0.140936 -0.00644881 4.12978 22 343 16897 16896 1 0 0 1 
1.45968 -5 -1.66236 0.183448 0.916785 0.0394353 3.90074 22 344 11402 11370 1 0.0555797 0.0555797 6 
-2.949 -5 -2.43515 0.0231743 0.230111 -0.0161274 3.89451 22 345 20019 19416 1 0.231583 0.231583 23 
1.75868 -5 3.91506 0.362276 0.225875 -0.150372 3.96159 22 346 48021 47694 1 0.21903 0.21903 3 
-5 -2.21191 4.68005 0.285244 0.417977 -0.0710695 3.96236 22 347 10298 10268 1 0 0 4 
3.47266 -5 1.66323 0.187328 0.0916874 0.101472 3.8714 22 348 15583 15582 1 0 0 1 
3.3889 -5 2.86851 0.668146 0.947028 -0.0419145 3.90862 22 349 1758 1704 1 0.0398285 0.0398285 5 
3.79194 -2.90115 -5 0.27367 0.104808 0.16799 4.0416 22 350 19677 19675 1 0 0 1 
4.06616 1.9387 -5 0.421264 0.7039 0.53617 3.81734 22 351 8160 8062 1 0 0 5 
-2.92338 4.36176 -5 -0.0308586 0.607352 0.660513 3.92849 22 352 15665 15638 1 0 0 2 
1.07558 -5 -4.22251 0.111113 0.525751 0.00348493 3.8804 22 353 39225 38985 1 0.114639 0.114639 2 
-0.396106 -5 0.998934 0.498206 2.41887 -0.353348 3.88017 22 354 11741 11616 1 0 0 2 
2.02857 -4.8754 -5 0.763171 0.740823 0.57712 3.80387 22 355 23900 23430 1 0 0 1 
0.187193 -5 -4.99676 -1.68913 15.4006 7.71403 3.78592 11 356 1048 1020 1 8.00291 8.00291 51 
-2.31252 -5 4.12516 -0.019488 0.227654 0.10731 3.85438 22 357 19057 19056 1 0.226074 0.226074 16 
2.89644 -5 -1.23506 0.209336 0.297506 0.202854 3.83939 22 358 7699 7660 1 0 0 4 
2.83086 2.92435 5 0.602455 1.40609 -1.12365 4.18475 22 359 13719 13680 1 0.227941 0.227941 4 
-0.0822236 -5 -4.47924 0.201073 0.469425 0.018161 3.9177 22 360 4488 4461 1 0.510722 0.510722 20 
3.15069 -5 -4.05396 0.838124 0.533681 0.219012 3.84714 22 361 10812 10800 1 0.406111 0.406111 36 
3.86097 -5 -3.4736 0.132012 0.227474 0.123327 4.07022 22 363 8413 8412 1 0 0 1 
-1.05936 -5 -4.03604 0.374375 0.344538 0.0278405 3.86141 22 364 19082 17318 1 0.509338 0.509338 14 
-5 -1.22859 -0.411836 1.02814 1.54946 -1.57848 4.02962 22 365 15323 15322 1 0 0 3 
-4.13684 0.769451 5 -0.0776141 0.416171 -0.286178 4.09672 22 366 17826 17825 1 0 0 2 
-2.83833 -5 2.51038 1.58702 3.80589 -0.405546 3.88881 22 367 3025 2910 1 0 0 2 
-5 0.709604 -4.92823 0.0828645 0.495412 0.0939139 3.88185 22 368 18136 18109 1 0 0 2 
-1.6648 -2.49748 -5 0.0313095 0.346616 0.0468354 4.07993 22 369 36943 36942 1 0.350708 0.350708 25 
-2.86459 -5 1.83395 -0.00502325 0.337147 -0.383962 3.99604 22 370 10607 10606 1 0.481993 0.481993 26 
-5 -2.90093 -3.2072 0.529177 0.2788 -0.182877 4.00913 22 371 19551 19550 1 0.136637 0.136637 3 
0.21061 -5 -3.10882 0.404236 0.129227 0.0857215 3.86161 22 372 25448 25447 1 0 0 2 
3.0238 -5 4.85019 0.281871 0.2918 -0.310679 4.1312 22 373 4624 4623 1 0 0 5 
-2.27504 -1.19872 5 0.184142 0.198488 -0.433376 4.19852 22 374 3016 2981 1 0 0 3 
4.621 1.90362 5 0.0989037 -0.125021 -0.485497 4.12318 22 375 14758 14747 1 0.0581788 0.0581788 4 
-4.32934 -5 1.07866 0.135402 0.152329 0.112896 3.97299 22 376 4502 4110 1 0.575069 0.575069 33 
-2.94656 0.201748 -5 0.240559 0.262182 0.197767 3.88623 22 378 3467 3347 1 0.48314 0.48314 40 
-4.67014 -5 -0.271402 0.204383 0.455555 0.108708 3.96047 22 379 12830 12829 1 0 0 2 
-3.98864 -5 -4.4343 0.557434 1.90758 1.33644 3.82539 22 380 6507 6445 1 2.39435 2.39435 37 
-2.44827 -5 -0.848803 0.256014 0.320384 -0.233386 3.85794 22 381 10272 10207 1 0 0 3 
1.0622 -5 -1.93477 0.138464 0.312232 0.166325 3.84943 22 382 18424 18268 1 0.379573 0.379573 24 
-3.64531 1.30042 -5 -0.127728 0.223741 0.258083 4.01184 22 383 27543 27514 1 0.0901973 0.0901973 3 
4.02497 -5 0.61339 0.152042 0.274723 0.0430141 3.88603 22 384 4648 4647 1 0.214433 0.214433 3 
1.8564 -5 -2.69132 0.120265 0.163237 0.00194612 3.93994 22 385 19641 19577 1 0 0 2 
-5 -1.97564 2.26828 0.334217 0.362248 0.134892 3.89816 22 386 31918 31901 1 0.711898 0.711898 49 
-4.82082 -5 3.41647 0.104169 0.19765 -0.0588082 3.87094 22 387 24756 24751 1 0.164073 0.164073 15 
1.7229 -5 0.306442 0.234845 0.149816 -0.0708685 3.90302 22 388 1348 1 1 0 0 3 
2.15502 -2.90013 5 0.105252 0.318801 -0.0586602 3.88172 22 389 8245 8244 1 0 0 2 
-5 -2.17228 -2.11545 0.128106 0.467874 0.160631 3.9502 22 393 33023 33022 1 0 0 1 
1.37795 4.33564 -5 1.87286 3.07837 5.81384 3.79945 22 394 22063 22030 1 0 0 2 
1.49564 -5 2.38672 -0.000859194 0.225217 -0.0740525 4.03357 22 395 31016 30967 1 0.236738 0.236738 19 
-1.80492 4.66512 -5 0.399233 0.656301 0.337935 3.87046 22 396 52930 52768 1 6.87128 6.87128 28 
3.88836 -4.81066 5 0.156925 0.256288 -0.413293 4.27021 22 397 6074 6073 1 0 0 2 
2.89251 1.94603 5 0.191338 0.214324 -0.354088 4.2084 22 398 13058 13017 1 0 0 2 
0.687211 -5 -1.81169 0.26991 0.407187 0.149891 3.91762 22 399 4628 4599 1 0.285427 0.285427 18 
-3.739 -0.156411 -5 0.0859183 0.415453 0.309694 3.80093 22 400 24215 24099 1 0 0 5 
0.999067 1.06968 5 0.0427614 0.146887 -0.451578 4.23204 22 401 3466 3435 1 0 0 5 
-0.086769 -5 1.74688 0.0871546 0.4786 -0.156415 3.9887 22 403 38919 38918 1 0 0 3 
-1.08711 -5 -4.97697 0.26243 0.381314 0.0709064 4.31521 22 404 14737 14700 1 0 0 1 
-0.253428 -2.62996 -5 0.0781416 0.15741 0.216066 3.87002 22 405 42565 42564 1 0.107467 0.107467 2 
-5 -3.69814 3.98639 0.185718 0.63315 0.107063 3.91469 22 406 24444 24443 1 1.16076 1.16076 8 
-1.54234 -2.55881 -5 0.26084 0.72274 0.805706 3.81286 22 407 20587 20311 1 0 0 1 
-5 3.31254 -2.9296 0.260703 -0.0629554 0.212478 3.85438 22 409 3508 3411 1 0.17815 0.17815 5 
-3.20144 -5 -3.11641 0.134971 0.302516 0.175426 3.82221 22 410 2754 2666 1 0 0 2 
-3.15409 -5 2.62144 0.383298 2.52509 0.315935 3.89411 22 411 4624 4623 1 1.26647 1.26647 7 
1.49744 -5 2.8318 0.00697586 0.374101 0.177945 3.93592 22 412 4949 4937 1 0 0 1 
-0.186168 -5 1.73704 0.272991 0.234075 -0.363049 4.11864 22 415 28544 28543 1 0 0 1 
1.76202 -5 3.61142 0.261516 0.653906 -0.238562 3.97357 22 416 7932 7898 1 0 0 2 
-2.32672 -5 3.13191 0.308925 0.643071 0.0196224 3.91093 22 417 2396 2357 1 0 0 3 
0.540251 2.05289 5 -0.123587 0.0395388 -0.49425 4.06689 22 418 9506 9505 1 0.250085 0.250085 6 
-4.51002 -5 -4.74297 0.0389455 0.448882 -0.241056 3.92414 22 419 28158 28157 1 0 0 1 
-5 -1.08771 -1.91635 0.336552 0.383672 0.0254658 3.92122 22 420 20115 20114 1 0.327586 0.327586 23 
0.169074 -1.29153 -5 0.194106 0.418801 0.337935 3.82469 22 421 14242 12247 1 0.240586 0.240586 59 
3.13044 -5 3.35048 0.0761792 0.215886 0.483127 3.80837 22 422 10132 9874 1 0 0 2 
0.133176 -5 -1.01068 0.162647 0.476055 -0.0896537 3.90236 22 423 4386 4385 1 0.167716 0.167716 9 
4.82845 -5 -4.01192 0.320783 0.562945 0.302758 3.84224 22 424 11449 10495 1 0 0 2 
2.21722 4.97969 -5 0.0986561 0.200512 0.14494 3.82206 22 426 29993 29808 1 0 0 3 
0.234798 1.04871 5 0.354401 0.911322 -0.925373 4.16317 22 427 15135 15057 1 0.983241 0.983241 4 
1.68018 -5 3.60125 0.408185 0.616775 0.406389 3.86689 22 428 14995 14745 1 0 0 3 
4.09571 -5 2.9715 1.28 3.71977 -0.374846 4.00368 22 430 4942 4906 1 0 0 2 
-2.20154 2.81387 5 0.148595 0.35344 -0.337816 4.13712 22 431 2543 2542 1 0 0 4 
1.3166 -5 -2.06928 0.325362 0.600894 0.232603 3.86559 22 432 13905 12955 1 1.26674 1.26674 47 
4.50516 -5 1.19715 0.266401 0.235665 0.173982 3.84122 22 433 24992 24761 1 0.121201 0.121201 27 
-1.2027 -5 4.41988 0.192441 0.637192 0.740794 3.87521 22 434 18856 18792 1 0 0 4 
-3.50553 -5 3.37822 2.64428 5.63401 1.66614 3.87128 22 436 19756 19755 1 0 0 2 
-1.87877 -5 0.959433 0.0938825 0.310635 -0.39473 4.00374 22 437 18759 18758 1 0 0 1 
-2.47796 -5 0.638848 0.284447 0.436035 0.313158 3.84589 22 438 25689 25291 1 0 0 1 
0.409072 -5 -2.4199 -0.0546755 0.378468 -0.109513 4.205 22 439 4203 4202 1 0 0 2 
-0.658292 -5 -4.98542 0.0563685 0.278271 -0.212619 4.278 22 440 30280 30279 1 0 0 1 
-5 2.5265 -0.436203 1.71424 2.86357 -0.182632 3.91418 22 441 12649 12561 1 0 0 1 
-3.70148 -5 -2.75901 0.032311 0.240804 0.118719 3.83367 22 442 7644 7580 1 0.510764 0.510764 18 
5 -0.541164 0.721531 -0.113121 0.170524 -0.148558 4.05447 22 443 10091 10090 1 0 0 2 
3.49455 -5 4.34148 0.498456 0.339877 0.13501 3.90973 22 444 1048 1 1 0 0 2 
4.6848 -5 4.90662 0.229384 0.068282 0.0540397 3.96841 22 446 32859 32858 1 0 0 1 
4.39671 4.64379 -5 0.141534 0.358716 0.319446 3.8269 22 447 19029 18733 1 0 0 3 
-5 -2.97772 3.55387 2.5127 3.06692 5.06819 3.8356 22 448 12670 12668 1 0 0 3 
4.60624 -1.39456 5 0.21494 0.356288 -0.296613 4.15197 22 450 1930 1929 1 0 0 2 
-5 -4.91418 -1.23886 1.33392 1.02233 -1.90812 4.00249 22 451 14406 14380 1 0 0 4 
-2.33939 -5 -1.71056 0.0940752 0.249303 0.174724 3.90381 22 452 1815 1814 1 0.403219 0.403219 44 
-5 -3.6861 1.0511 0.293458 0.362215 -0.209291 4.08228 22 453 4451 4430 1 0 0 6 
-0.0105059 2.36887 -5 0.208497 0.0893695 0.282605 3.8459 22 454 4337 4310 1 0.376875 0.376875 26 
0.579937 -3.03409 -5 0.102464 0.396967 0.19698 3.87481 22 455 5228 5227 1 0.721856 0.721856 37 
5 -2.88168 3.89855 -0.179534 -0.0448981 0.040873 4.12916 22 456 3192 3191 1 0.0191884 0.0191884 5 
1.81015 -5 -2.144 0.0590277 0.169204 -0.0177332 3.85523 22 457 2690 2684 1 0.48676 0.48676 42 
-5 -2.30281 1.06184 0.123901 0.487526 0.0899287 3.8988 22 458 32892 32891 1 0 0 3 
2.51689 -5 0.352982 1.01889 0.794756 -1.0909 4.04186 22 459 23421 23362 1 0 0 1 
1.80334 -5 2.41912 0.348121 0.334606 0.0388382 3.89538 22 461 1213 1212 1 0 0 3 
4.99123 -5 -3.84919 0.313603 0.342934 0.0989328 3.88441 22 462 6441 6440 1 0 0 1 
3.92276 4.11965 5 -0.037467 0.446772 -0.245175 4.20461 22 463 9193 9172 1 0 0 3 
-5 -4.26046 -3.83269 0.066847 0.132899 -0.217524 3.93612 22 464 65330 65065 1 0 0 1 
-3.79835 0.315906 -5 0.152298 0.599086 0.578785 3.80419 22 465 13351 13192 1 0.587482 0.587482 3 
2.29771 -0.115975 5 0.141596 0.162456 -0.179648 4.07847 22 466 22608 22300 1 0 0 2 
3.92658 -5 -4.40312 0.342737 0.346125 -0.16289 3.92531 22 467 7628 7108 1 0 0 1 
3.69489 4.41022 -5 0.454751 0.854822 0.9633 3.81896 22 468 19185 19058 1 0.207561 0.207561 13 
-4.45902 -4.7553 5 0.00839036 0.375767 -0.346192 4.34592 22 470 46059 46056 1 0 0 1 
-2.48305 -5 -4.69833 0.313467 0.345897 -0.207879 3.96672 22 471 6367 6337 1 0.510604 0.510604 31 
-0.517968 -4.00482 -5 0.169853 0.284325 0.321511 3.81254 22 472 15292 4146 1 0.122287 0.122287 6 
-5 1.7374 3.70089 0.110883 0.344224 0.361019 3.84854 22 473 21759 21758 1 0 0 6 
-4.91588 -5 -1.47943 0.155567 0.202207 -0.16406 4.11637 22 474 13579 13578 1 0.302843 0.302843 29 
-1.67793 -5 -3.79477 2.44007 1.32648 0.881026 3.82153 22 475 9082 8997 1 0 0 3 
5 4.27677 -4.15463 -0.292844 -0.00142013 0.102857 3.8798 22 477 22463 22401 1 0.35689 0.35689 21 
3.91919 -5 -0.419916 0.191444 0.470788 0.0531808 3.86408 22 478 17112 17096 1 0 0 2 
1.42522 -5 -2.49952 0.3064 0.31587 -0.2043 3.99731 22 480 5604 5573 1 0 0 1 
1.31129 -5 4.05323 0.318722 0.408871 -0.226331 4.02649 22 481 12893 12741 1 1.07575 1.07575 56 
1.13283 2.59227 -5 -0.120135 0.543483 0.35797 3.83369 22 482 5587 5520 1 0.307114 0.307114 41 
3.43644 -5 -2.37257 1.88806 3.49264 2.40235 3.88824 22 484 10916 10915 1 0 0 4 
-1.22182 -5 3.72582 0.233094 0.479405 0.68777 3.83029 22 485 22782 22011 1 0 0 2 
-5 -0.529607 -0.744238 0.482132 0.852774 0.731566 3.81068 22 486 12574 8759 1 0 0 3 
4.35164 -5 4.56868 0.290825 0.388269 0.0290703 3.96039 22 487 5903 5902 1 0 0 5 
0.889165 -5 1.62687 0.208691 0.384086 -0.264662 4.05695 22 488 4731 4730 1 0 0 2 
-2.6428 -2.92973 -5 1.86421 2.04298 1.66571 3.92394 -11 489 3431 3430 1 1.06292 1.06292 45 
-5 -0.136235 3.3125 0.461586 0.576298 0.260051 3.92608 22 491 58219 58140 1 0 0 1 
2.21011 -1.42553 -5 1.16474 5.84575 4.22226 3.84567 22 492 5908 5891 1 0.84407 0.84407 9 
5 -3.46496 1.35194 -0.368996 0.192697 0.0555358 3.90278 22 493 6083 1 1 0 0 2 
2.77363 -5 -0.64817 0.426931 0.628434 -0.391477 4.9712 22 494 4602 4553 1 0 0 2 
2.62775 -2.07514 -5 0.0793523 0.142024 0.168613 3.81613 22 495 15090 15087 1 0.62017 0.62017 28 
-0.553449 -5 1.0719 0.355384 0.574168 0.292098 3.84707 22 496 44386 44269 1 0 0 1 
-5 -4.27814 3.83126 0.124584 0.468334 -0.157199 3.92401 22 497 8929 8928 1 0 0 6 
3.66716 -5 -2.76832 0.280649 0.406647 -0.130363 3.98341 22 498 20390 20389 1 0.00184915 0.00184915 3 
4.39865 -5 -0.887117 0.47945 0.966199 0.0255458 3.86708 22 499 5507 5506 1 0 0 2 
3.93943 1.0614 -5 0.278699 0.406949 0.570279 3.79725 22 501 3319 3175 1 0 0 4 
-2.06078 0.778494 -5 0.49338 0.11391 0.236217 3.83843 22 502 23560 23388 1 0 0 7 
2.09982 -5 -1.76568 -0.083651 0.35316 0.0641858 3.86788 22 503 2733 2493 1 0 0 3 
5 2.57054 -4.7108 -0.084629 0.357181 0.242903 3.85501 22 505 14442 14441 1 0.0175619 0.0175619 6 
3.85062 -5 1.41017 0.0272936 0.299933 -0.224531 3.91069 22 506 19103 19004 1 0 0 2 
-4.45587 -5 1.35192 -0.132355 0.488274 -0.0720461 3.9881 22 507 10754 10753 1 0 0 3 
-3.72042 -3.6548 5 0.148087 0.322104 -0.368021 4.08752 22 508 17784 17783 1 0.958636 0.958636 4 
-2.35147 3.16197 5 -0.188074 0.444025 -0.916437 4.27775 22 509 12561 12560 1 0.221748 0.221748 26 
4.49439 0.319663 -5 -0.0525032 0.225005 0.171863 3.89429 22 511 5581 5487 1 0 0 3 
0.474942 -1.14464 -5 0.430892 1.37237 0.31755 3.91789 22 512 47806 47759 1 0 0 1 
-0.0818359 3.87215 5 0.0629725 0.151777 -0.146689 4.00963 22 513 17984 17939 1 0 0 5 
1.67713 -5 2.11114 -0.0107131 0.504074 -0.0831539 4.03933 22 514 7046 7036 1 0 0 3 
-5 -2.88027 0.774677 0.11035 0.395902 0.303652 3.87928 22 515 20242 20241 1 0 0 4 
-0.484693 -5 -0.974583 0.277551 0.529036 0.168298 3.84192 22 516 2964 2755 1 0.739914 0.739914 68 
-1.47731 0.255447 -5 0.242855 0.4012 0.202928 3.88093 22 517 3157 3156 1 0 0 6 
-4.3411 -5 -4.87831 -0.0802126 0.177206 -0.18151 4.27192 22 518 15753 15752 1 0 0 4 
-1.41716 -5 -1.01531 0.348564 0.373622 -0.00543551 3.8963 22 519 21660 21659 1 0 0 2 
-5 0.872091 1.04456 1.26838 1.28205 0.568941 3.88726 22 520 8723 8657 1 0 0 1 
1.69027 -4.4955 -5 1.00691 1.90956 3.04029 3.80317 22 521 27503 27456 1 0 0 1 
4.64689 -0.359513 -5 0.57643 1.24974 0.502621 3.87777 22 522 52642 52387 1 0 0 2 
-0.772948 -0.436305 -5 0.338431 0.465023 0.682221 3.80449 22 523 12205 11811 1 0 0 1 
3.82587 -5 -3.18886 2.41779 3.50482 3.5694 3.85984 22 524 22095 22094 1 0 0 2 
-1.11508 -5 -2.12017 0.250224 1.74522 2.27045 3.81242 22 525 3207 3110 1 0 0 1 
-3.58505 -5 4.9253 0.227567 0.436901 -0.135833 3.94557 22 526 4488 4487 1 0.249693 0.249693 6 
3.44992 -5 -3.72045 0.152879 0.332763 -0.159245 3.93562 22 527 4895 4869 1 0.143848 0.143848 4 
-2.609 -4.453 -5 2.6983 12.317 15.3603 3.80086 22 528 10140 10105 1 0 0 7 
2.94542 -5 2.56515 0.0842943 0.376056 0.335553 3.85753 22 529 8813 8785 1 0 0 1 
-5 -2.67463 -1.36719 0.252695 0.343806 0.22436 3.84639 22 533 2285 2172 1 0 0 2 
-1.58006 -2.78475 -5 0.111849 0.398549 0.139584 3.84368 22 534 25441 25440 1 0 0 2 
3.45553 -5 -3.25167 0.126201 0.187289 -0.204751 4.11864 22 535 16139 16110 1 0.321987 0.321987 8 
0.891664 5 -1.68407 0.173801 -0.11029 -0.467706 4.11916 22 536 30564 30562 1 0 0 1 
-5 2.13629 -0.0868232 0.781071 -1.29719 2.21281 3.84235 11 537 7538 7510 1 0.0818571 0.0818571 2 
0.964323 -5 -1.85397 0.149115 0.210963 0.0459412 3.95615 22 538 10574 10550 1 0 0 2 
-4.96844 -5 0.950319 0.269263 0.369589 0.228082 3.84678 22 540 1416 1403 1 0.125427 0.125427 17 
5 -0.529715 -1.92799 -0.114283 0.151887 -0.243406 4.01315 22 541 11122 11042 1 0.30853 0.30853 25 
4.54718 1.92906 -5 0.706182 1.11714 1.9064 3.80119 22 542 26153 26031 1 0 0 1 
-2.11486 -5 -1.90456 1.49131 2.5728 3.96034 3.80558 22 543 24413 24412 1 0.589154 0.589154 9 
-5 -2.60733 -0.502762 0.373402 -0.0197829 0.0257103 3.85665 22 545 11921 9418 1 0.570398 0.570398 27 
-4.04835 -5 3.53199 1.19083 1.64509 -1.63202 4.1219 22 546 21535 21419 1 0.0292302 0.0292302 21 
-4.08744 -5 0.0295394 0.0437976 0.364699 -0.158203 4.27262 22 547 12286 12285 1 0 0 5 
-0.773696 -5 2.88027 0.155618 0.303709 -0.0503148 3.95055 22 548 17622 14636 1 0.344688 0.344688 18 
-5 -1.40374 -1.1577 0.165224 0.129114 -0.465994 3.93478 22 549 16688 16659 1 0.0868628 0.0868628 6 
-3.36137 -5 0.233776 0.449744 1.54603 0.413349 3.86548 22 551 9067 9066 1 0 0 3 
-5 -4.38939 -4.26973 0.327824 0.671423 1.74253 3.78028 22 552 22237 22095 1 0 0 2 
1.93691 -1.83147 -5 0.485895 1.27131 2.16385 3.79193 22 553 8805 8757 1 0.128483 0.128483 9 
2.5801 -2.06083 -5 0.703897 1.40292 1.53586 3.82331 22 555 19147 19058 1 0 0 1 
3.94489 -5 1.60476 0.268739 0.655968 0.513808 3.83179 22 556 18394 18139 1 0 0 2 
-4.83672 -5 4.26189 0.430166 0.963495 0.7903 3.86009 22 557 31744 31601 1 0 0 1 
-0.942873 -5 4.14822 0.534284 0.512749 0.181125 3.83773 22 558 1606 1521 1 0 0 5 
-4.54769 -2.95472 5 0.248163 0.23932 -0.27227 4.04078 22 559 15434 15433 1 0.0808768 0.0808768 3 
-3.17305 -5 -3.32254 0.253347 0.351956 -0.2703 4.06673 22 560 14394 14366 1 0 0 1 
0.22172 -5 -1.91929 0.273827 0.252159 0.239435 3.83394 22 561 33688 33687 1 0 0 3 
0.195899 -5 0.800974 0.324924 0.993483 -0.090874 3.8659 22 562 15565 15544 1 0 0 2 
-4.12547 -4.04862 -5 0.10082 0.429829 0.30836 3.82389 22 563 9340 9255 1 0 0 3 
-5 -2.61252 1.89914 0.220585 0.240085 0.177506 3.83781 22 564 25961 25947 1 0.0240786 0.0240786 2 
2.17733 2.09567 -5 2.2022 3.20376 5.58194 3.8009 22 565 28725 28565 1 0 0 3 
-3.01849 -0.637973 5 0.275758 -0.0720669 -0.0627159 3.9204 22 566 6109 6108 1 0.472744 0.472744 54 
3.56348 -5 3.33918 0.100316 0.246434 -0.0383511 3.95461 22 567 13434 13390 1 0 0 1 
2.10222 1.22793 -5 0.131561 0.37388 0.183395 3.8541 22 568 1166 1 1 0 0 2 
0.510291 -5 -1.79475 -0.018 0.188327 -0.114263 3.87901 22 569 14498 14407 1 0.220465 0.220465 34 
3.26073 -5 -4.2072 0.178194 0.264446 -0.30557 4.05984 22 570 15567 15566 1 0 0 2 
3.59772 0.589632 -5 0.106649 0.292069 0.310229 3.80607 22 571 3486 3384 1 0.204028 0.204028 29 
1.61266 -5 -3.44002 0.267321 0.415117 0.13167 3.88955 22 572 21609 21582 1 0.373036 0.373036 34 
-5 2.8938 -0.0519428 1.68818 4.21431 3.16913 3.85207 22 573 17014 16947 1 0 0 6 
-5 3.56847 -1.7842 0.480908 -0.870178 0.24035 3.83959 11 575 19569 19543 1 0.632404 0.632404 2 
-5 -2.88043 -2.28837 0.40268 0.170703 0.220996 3.81398 22 576 6282 6280 1 0.510496 0.510496 28 
4.85615 -5 4.88281 0.0308477 0.249758 0.0414608 3.90621 22 577 8844 8807 1 0 0 3 
-0.815716 -4.9179 -5 0.489439 0.562094 0.913189 3.79597 22 578 22767 22696 1 0 0 3 
2.07909 -2.17941 -5 -0.0431154 0.207882 0.196504 3.8636 22 579 26524 26087 1 0.36332 0.36332 30 
-5 0.484801 0.210776 0.118744 0.496947 0.00792922 3.92354 22 580 6276 6275 1 0 0 2 
-0.854859 -5 -3.33542 -0.00096567 0.384502 -0.202196 3.95544 22 581 11258 11257 1 0.424961 0.424961 36 
-0.672079 0.46073 -5 0.133749 0.434015 0.108855 3.90475 22 582 4714 4692 1 0.46667 0.46667 21 
-0.0546912 -3.75058 -5 0.605061 1.47067 1.35229 3.81196 22 583 24376 24375 1 0 0 3 
4.30911 -5 -1.19255 0.263174 0.423739 -0.110925 3.97286 22 584 46047 46045 1 0.406883 0.406883 29 
-4.49944 -5 2.94734 0.178513 0.252517 0.290451 3.83704 22 585 10243 10202 1 0 0 5 
-1.80789 -5 -1.5802 0.354016 0.313033 -0.194429 3.92351 22 586 9417 9390 1 0 0 5 
-5 2.60474 1.33395 0.126814 0.200167 -0.255525 3.98251 22 587 6842 6592 1 0.355801 0.355801 31 
0.394364 -5 -0.148704 0.296332 0.412401 -0.0568591 3.94759 22 588 17478 17477 1 0.107556 0.107556 5 
-1.21987 -3.72869 5 -0.146981 -0.104809 -0.247865 4.00294 22 589 12909 12863 1 0 0 2 
0.0343348 -5 -3.46978 0.239218 0.351506 0.00224246 3.87982 22 590 17408 17384 1 0.414593 0.414593 34 
-2.73906 -5 -2.96914 -0.312401 0.281757 0.61261 3.90537 22 591 8083 7972 1 0 0 2 
0.282757 -5 1.53628 0.152239 0.487431 0.225698 3.85762 22 592 18264 18217 1 0 0 2 
-4.22947 -5 -1.49488 0.665789 1.31992 0.608687 3.8939 22 593 4448 4439 1 0 0 1 
3.56974 -5 1.78065 0.275947 0.334112 -0.0665672 3.94552 22 594 16144 16005 1 0 0 2 
4.89897 -5 -3.54148 0.103444 0.202394 -0.457664 4.26196 22 595 6337 6335 1 0 0 1 
2.92311 2.71658 -5 0.320581 0.523642 0.782158 3.8157 22 596 8100 8057 1 3.99373 3.99373 33 
-5 -4.22183 0.873288 0.213635 0.186366 -0.0611227 4.06075 22 597 15647 15624 1 0 0 1 
0.893797 -5 -4.94419 -0.137796 0.110349 0.0397212 3.82521 22 598 24720 24656 1 0.180926 0.180926 4 
0.703676 -5 0.807504 2.00167 4.16448 2.21059 3.85068 22 599 28956 28928 1 0 0 5 
5 0.990522 0.52155 -0.291782 0.0419837 0.0143906 4.25635 22 601 2217 2216 1 0.294837 0.294837 24 
0.659774 -5 -1.15321 0.253715 0.249045 -1.1436 4.22231 22 602 26067 26066 1 0 0 2 
-2.96653 4.11952 -5 0.10786 0.293985 0.315908 3.83209 22 603 24239 24238 1 0.0738805 0.0738805 4 
-0.623305 -5 -1.57976 0.115194 0.377431 -0.204578 3.87966 22 604 49834 49796 1 0 0 1 
-3.84565 -2.14207 -5 0.171119 0.467448 0.189497 3.84593 22 605 30550 30537 1 0 0 1 
1.95894 -5 1.12585 0.215062 0.346796 0.307572 3.84153 22 606 4876 4875 1 0 0 4 
-2.79759 -5 2.58109 0.197119 0.687723 0.762052 3.82431 22 608 20453 20398 1 0 0 1 
-5 1.30309 -4.38581 0.213237 0.331892 0.169924 3.84307 22 609 3378 1 1 1.46886 1.46886 80 
4.83822 -5 1.49627 0.39839 0.371607 0.470013 3.83327 22 610 2811 1 1 0 0 2 
2.13872 -5 2.56567 0.107492 0.100627 -0.187136 4.00104 22 611 14582 14501 1 0 0 3 
1.13502 -4.99062 -5 0.0966824 0.368227 0.628197 3.79052 22 612 10935 10924 1 0.326613 0.326613 4 
4.78286 -5 -3.27086 0.214421 0.282802 0.36765 3.88155 22 613 22980 22958 1 0 0 2 
1.98199 -3.80745 5 0.473692 0.117984 -0.151049 3.89351 22 614 6974 6973 1 0 0 3 
-3.57501 -4.69127 5 0.108737 1.62248 -1.53691 4.10877 22 615 4660 4632 1 0 0 1 
5 -3.26737 4.9162 -0.211719 0.115799 0.0674575 3.94876 22 616 3653 3652 1 0.187512 0.187512 32 
-3.55654 -5 3.66657 0.421392 1.32292 2.18515 3.82431 22 617 3780 3739 1 0 0 5 
-5 4.80433 0.603924 0.158733 0.165529 -0.0928097 4.14065 22 618 22720 22719 1 0.127388 0.127388 35 
2.1039 -5 -3.33344 0.560681 0.936881 0.78422 3.84255 22 619 40894 40820 1 0 0 1 
3.70587 1.63853 -5 0.337312 0.964484 0.111913 3.90168 22 620 7469 7440 1 0 0 3 
-2.46942 1.61623 5 0.110144 0.20322 -0.549731 4.02294 22 621 5519 5502 1 0.67056 0.67056 34 
2.98936 -2.94653 -5 0.00933157 0.0254688 0.0122958 3.8638 22 622 17782 17772 1 0.397174 0.397174 20 
-5 -1.45599 -0.192208 0.193548 0.539776 0.601438 3.81703 22 623 11452 11214 1 0 0 3 
-0.0973222 -5 0.555534 0.203217 0.308198 0.388948 3.83844 22 624 6614 6505 1 0.464003 0.464003 3 
-5 4.78177 1.97907 0.217868 0.286992 -0.0750811 4.19399 22 625 18891 18863 1 0 0 3 
-2.45008 -5 -2.48444 -0.00417133 0.174842 0.155598 3.78813 22 626 30208 30090 1 0 0 2 
-2.55721 1.47008 5 0.222656 0.122688 -0.122218 3.9846 22 627 1209 1 1 0 0 8 
0.811165 -5 -2.39986 0.160159 0.462714 -0.146166 3.89924 22 628 2215 2212 1 0.583531 0.583531 33 
0.425995 -5 -4.86081 0.255449 0.190779 -0.119681 3.88165 22 629 8125 7503 1 2.47132 2.47132 37 
0.549655 2.39172 -5 0.1805 0.426405 0.335447 3.82357 22 630 6034 5924 1 1.56859 1.56859 23 
-5 -4.86822 -1.5274 0.274054 -0.0684465 0.0069536 3.92867 22 631 17336 17335 1 0 0 2 
-4.63256 -5 3.63141 0.131417 0.401401 0.224702 3.90375 22 632 14906 14905 1 0.00453122 0.00453122 4 
3.70779 -0.0861488 -5 0.165557 0.364862 0.282076 3.8134 22 633 34097 33984 1 0 0 1 
-4.2338 -5 -0.379062 0.249294 0.727749 0.324718 3.84337 22 634 6178 6160 1 0.352515 0.352515 24 
-2.38952 -5 -3.85101 -0.16171 0.415382 -0.0675556 3.91762 22 635 13959 13954 1 0 0 2 
-1.91818 -5 -2.09996 0.581222 0.693445 0.422658 3.84617 22 636 35240 35222 1 0 0 3 
-2.84833 -5 4.49021 0.137676 0.384596 -0.250184 4.06336 22 637 1803 1802 1 0.204449 0.204449 13 
5 0.585664 -4.37363 -0.0562319 0.048977 -0.2388 4.01161 22 638 13458 13457 1 0 0 1 
-2.60067 -1.64347 5 0.430648 0.121382 -0.122307 3.97725 22 639 20414 20399 1 0.194689 0.194689 2 
2.5821 -3.83314 5 0.113542 0.31647 -0.329085 3.97098 22 640 2546 2543 1 0 0 2 
-5 -0.783192 -4.3819 0.192492 0.0980985 0.0448251 3.86848 22 641 1315 1261 1 0.730085 0.730085 20 
3.65315 -5 0.784859 -0.109411 0.266649 -0.0228132 3.85911 22 642 29214 29133 1 0 0 7 
-1.14136 -5 0.535579 0.263762 0.421881 -0.116471 3.9043 22 643 4495 4463 1 0.299959 0.299959 6 
2.18805 -5 -2.3409 0.277809 0.263528 0.198335 3.81735 22 644 13848 13719 1 0 0 3 
-4.21302 -5 -4.74927 0.0745585 0.45186 0.925646 3.77608 22 645 16810 16305 1 0 0 4 
-3.73004 1.46535 -5 0.0605498 0.132507 0.380227 3.82118 22 647 30255 30254 1 0.0142595 0.0142595 4 
0.0025773 -5 -3.33016 0.171482 0.333048 -0.347553 4.14945 22 648 18373 18372 1 0 0 1 
1.30265 -2.38271 -5 4.50456 3.23023 7.56847 3.79962 22 649 30813 30704 1 0.180188 0.180188 25 
-5 -4.63549 -3.79204 4.40969 10.868 5.3283 3.84084 22 650 12006 12005 1 0.332942 0.332942 54 
-5 -1.48359 -4.63403 46.2578 83.0568 45.5119 5.87683 2112 651 15848 15568 1 0 0 3 
-5 -2.2422 -4.513 0.420705 0.283512 0.0612211 3.92481 22 652 14540 14539 1 0 0 3 
-1.64494 -5 4.49641 1.30339 1.52194 2.1127 3.84765 22 653 28919 28841 1 0 0 1 
-3.07001 2.34788 5 0.0892475 -0.206946 -0.458616 3.98797 22 654 5892 5891 1 0.323645 0.323645 26 
-4.34548 -5 4.41113 0.139986 0.412731 0.0353424 3.91512 22 655 2689 2477 1 0.43679 0.43679 33 
2.36593 -5 1.64059 0.280211 0.331543 0.269594 3.87789 22 658 1693 1692 1 0 0 3 
-3.46126 -5 4.47759 1.45713 4.2066 4.56699 3.81359 22 659 2980 2900 1 0 0 4 
-2.31828 -3.6184 5 0.250861 0.230015 -0.165898 4.02869 22 662 41706 41681 1 0.289663 0.289663 6 
1.40381 -5 4.31522 0.0844925 0.266082 0.129359 3.88014 22 663 2602 2601 1 0.176865 0.176865 22 
-2.23399 3.58162 -5 0.618354 1.83022 0.837516 3.88922 22 664 32231 32167 1 0 0 3 
2.21389 -5 -1.59564 0.13427 2.02513 -0.581195 4.07227 22 665 4278 4192 1 0.260661 0.260661 5 
-5 -4.37261 2.13944 0.0856587 0.125696 -0.223967 4.15718 22 666 19966 19965 1 0.270244 0.270244 32 
-2.03844 -5 1.06839 0.415996 0.453324 0.11903 3.88417 22 667 14564 14468 1 0.626539 0.626539 12 
-0.62539 -5 4.06857 0.330074 0.760616 0.792279 3.86302 22 668 58752 58679 1 0 0 1 
-4.59326 -5 0.0622532 0.936856 0.919693 -0.0270239 3.92563 22 670 16143 16064 1 0 0 1 
-2.43407 4.82409 -5 0.116164 0.424846 0.15168 3.89677 22 672 5806 5805 1 0 0 2 
1.36098 -5 0.392128 0.356072 0.338038 0.0530424 3.88875 22 673 15751 13449 1 0 0 1 
2.51547 3.3655 5 0.310443 0.0624812 -0.263859 4.08424 22 674 15038 15037 1 0 0 2 
-4.72508 -5 0.373961 -0.131657 0.0444957 -0.0617173 4.05866 22 675 2082 2081 1 0.151801 0.151801 19 
3.03535 -5 1.32042 0.363259 0.557349 1.31276 3.8069 22 676 16304 16199 1 0 0 1 
-5 4.58976 -4.86852 0.279172 0.173842 0.0822525 3.93675 22 677 20521 20493 1 0 0 1 
-5 3.33939 2.90387 0.208788 0.457681 -0.375814 4.07758 22 679 13550 13549 1 0 0 2 
-2.29542 -5 2.09796 0.0796442 0.412512 -0.290878 4.10248 22 680 10471 10468 1 0.00962944 0.00962944 5 
-1.97257 -3.2312 -5 0.221276 0.203295 0.497721 3.82257 22 681 21593 21527 1 0 0 2 
2.65943 -5 0.450603 0.403485 0.739495 0.322101 3.87366 22 682 2719 2599 1 0.23424 0.23424 4 
-5 2.56856 -0.0363486 0.15672 0.726527 1.0881 3.83093 22 683 45706 45655 1 0 0 2 
-2.37149 -5 2.69149 0.359963 0.671022 0.83781 3.82899 22 684 9010 8965 1 0.0532228 0.0532228 5 
-4.32864 -4.20092 5 -0.00291505 0.12261 -0.103204 3.93701 22 685 2655 2623 1 0.347547 0.347547 36 
3.96681 -3.02542 5 0.359371 0.352696 -0.119457 3.97424 22 686 28510 28509 1 0 0 1 
-5 3.93088 4.53691 0.0560405 -0.0749476 0.349487 3.88946 22 687 15364 15363 1 0 0 1 
-2.63786 -5 -0.730299 0.264995 0.358031 -0.194437 4.03116 22 688 5263 5262 1 0.221981 0.221981 25 
-5 1.50588 -4.9354 0.382996 0.146987 0.304678 3.80984 22 689 18526 18503 1 0 0 2 
-1.96734 -5 1.23262 -0.0885875 0.213458 -0.583701 4.06591 22 690 21156 21133 1 0 0 3 
-5 4.35391 0.522515 0.417703 1.94476 -1.04121 4.03349 22 691 7680 7611 1 0.232242 0.232242 16 
4.09795 -5 -3.29565 0.334071 0.236783 -0.305696 3.96554 22 692 9356 9355 1 0 0 3 
2.91382 -5 3.1703 0.190221 0.468916 -0.0710893 3.92157 22 694 15699 15655 1 0.00413643 0.00413643 4 
-0.53958 -5 4.28279 0.344616 0.93849 1.56948 3.8173 22 695 6879 6704 1 0.330592 0.330592 6 
-2.27299 -5 -0.69819 0.892857 0.834871 -0.0923795 3.93836 22 696 10239 10238 1 0 0 1 
2.5214 -5 4.9378 0.281661 0.534571 0.774716 3.8306 22 698 9746 9697 1 0 0 3 
-2.4454 -5 -2.73745 0.192983 0.424546 -0.00228427 3.90027 22 699 11509 9669 1 0.59317 0.59317 46 
-3.17632 -5 -3.26123 0.175749 0.434783 0.202967 3.8413 22 700 3837 3836 1 0 0 3 
3.99383 -5 0.0833493 0.210036 0.332479 -0.326286 4.01909 22 701 4361 4336 1 0.966321 0.966321 97 
3.24818 -5 -2.05427 0.804147 0.900717 2.00441 3.79667 22 702 9307 9218 1 0 0 5 
-5 -3.44857 -4.15714 0.55625 1.27133 0.868261 3.82004 22 703 1145 1144 1 0.154357 0.154357 30 
-5 -2.01186 4.32928 4.00155 7.09871 2.01977 3.845 -11 704 14744 14743 1 0.75515 0.75515 35 
-1.55351 -2.28987 5 -0.000476443 0.211845 -0.29803 4.07865 22 706 23030 23024 1 0 0 1 
-3.54816 -5 -2.98669 7.05085 17.2064 -5.07733 9.74404 2112 707 11195 11171 1 0 0 3 
-4.29613 -1.20355 -5 0.0327029 0.334275 0.385111 3.80895 22 708 8236 8213 1 0.226617 0.226617 33 
4.10754 -5 -4.79235 0.278637 0.641099 0.365739 3.83236 22 710 15111 14997 1 0.367171 0.367171 7 
-0.59621 -5 -2.92845 0.983045 0.585239 -0.109956 3.8337 22 711 2994 2849 1 5.40747 5.40747 39 
0.762211 -5 3.21275 0.00973076 0.186682 -0.219138 4.05438 22 712 16404 15192 1 0.651434 0.651434 47 
-2.66043 -4.02167 5 0.0510216 0.175747 -0.434581 4.08129 22 714 13553 13552 1 0.1692 0.1692 4 
-5 2.721 1.46856 1.15337 1.57415 0.425434 3.87389 22 715 32981 32888 1 0 0 1 
-0.121331 -5 2.71472 1.24415 1.82485 2.9647 3.83826 22 716 48198 48196 1 0 0 2 
-1.94811 -5 0.891428 0.0232063 0.183196 0.0687535 3.85122 22 717 2192 2160 1 0.196588 0.196588 30 
-5 1.15336 3.72571 0.381043 0.69019 0.304502 3.86311 22 718 28219 28073 1 0 0 3 
4.45203 -5 -0.18585 1.33052 3.972 4.51354 3.82957 22 719 20732 20704 1 3.8708 3.8708 30 
-5 1.66279 -1.73072 0.179754 0.438214 -0.191773 4.05767 22 720 24488 24487 1 0 0 1 
-4.63384 -5 1.38473 0.231325 0.961954 -0.914662 3.92635 22 721 7520 7515 1 0.379316 0.379316 8 
-3.37741 4.69422 -5 0.146075 0.283157 0.57576 3.78916 22 722 43362 43338 1 0 0 1 
2.75912 -5 2.52539 0.356806 0.76164 1.24873 3.83487 22 723 37252 36719 1 0 0 1 
2.33973 5 4.53954 -0.0284905 -0.0218062 -0.207537 4.09357 22 724 9901 9643 1 0.210347 0.210347 20 
3.60282 3.00337 -5 0.239163 0.49594 0.504345 3.81167 22 725 8704 8627 1 0.493646 0.493646 4 
-1.80476 -4.49641 5 0.0291845 0.398607 -0.238962 4.09672 22 726 11065 11062 1 0 0 4 
-2.86502 -5 -4.15642 -0.185592 0.348158 0.0377764 3.94639 22 727 6854 6853 1 0.137521 0.137521 5 
0.142713 -5 2.62959 -0.120125 0.203685 -0.144335 3.89186 22 728 11792 11738 1 0 0 5 
-5 -0.655561 -3.56679 0.488756 0.781805 -0.0168739 3.89005 22 729 24253 24186 1 1.43241 1.43241 47 
-5 -4.8881 2.41836 0.754729 0.556303 0.359278 3.87554 22 730 30222 30221 1 0 0 1 
0.048689 2.90567 5 0.200237 0.372622 -0.286667 4.00976 22 731 50291 50290 1 0 0 2 
-5 3.15767 -0.228553 0.571988 0.464199 -0.143337 3.98984 22 734 30100 30027 1 0 0 1 
-5 -4.05554 -1.09462 0.142499 0.364473 -0.091639 3.99026 22 735 21480 21479 1 0 0 1 
0.275649 -5 -3.32188 0.265955 0.334213 0.167461 3.91577 22 736 13208 13181 1 0.150513 0.150513 5 
-4.49067 -5 -1.71233 0.188004 0.395118 -0.263924 3.96797 22 738 12220 12219 1 0 0 3 
4.14245 -5 -2.99038 0.00585685 0.2441 0.209733 3.86446 22 739 24024 23998 1 0.0360961 0.0360961 3 
-5 -3.71087 -1.80965 2.42005 4.8372 5.14508 3.81655 22 740 29097 29015 1 0 0 1 
-4.44628 -5 -0.42486 0.107396 0.355019 0.0523744 3.8492 22 741 16553 16552 1 0.1006 0.1006 3 
-4.9954 -5 -2.07127 0.367182 0.538744 -0.562444 4.1069 22 742 8071 8070 1 0 0 1 
0.318866 1.62291 5 0.162674 0.0243864 -0.273269 4.10031 22 743 15897 15866 1 0.161321 0.161321 26 
-4.57618 -5 -4.95946 -0.0820332 0.860233 0.835509 3.79275 22 744 6006 5913 1 0 0 1 
4.27403 -5 -4.4788 0.18641 1.68497 1.2432 3.83336 22 745 15505 15384 1 0 0 3 
-2.77462 -5 -0.882905 0.57843 1.39059 0.404385 3.8989 22 746 30217 30090 1 0 0 1 
-3.8496 -5 -1.41631 0.240673 0.39032 0.225492 3.84208 22 747 6069 6068 1 0 0 3 
4.4296 -5 -2.38541 1.97633 3.36409 -0.717767 3.9248 22 748 1801 1713 1 0 0 3 
-5 -2.87908 -2.57245 0.153211 0.115782 -0.502186 4.20237 22 750 6040 6039 1 0.0833289 0.0833289 2 
-1.29505 -3.65113 5 0.00963288 0.10566 -0.484163 4.34008 22 751 39002 39000 1 0 0 1 
-1.91656 2.52263 -5 0.158017 0.274971 0.54004 3.79393 22 752 11637 11579 1 0.200455 0.200455 17 
-2.86959 -5 1.35844 0.716691 0.683931 0.123712 3.92374 22 753 39418 39173 1 0 0 2 
0.140618 -4.21131 5 0.255107 0.357059 -0.261819 3.98779 22 754 11641 11615 1 0 0 2 
1.97272 -5 2.77642 0.692918 1.04542 0.776312 3.83188 22 755 15342 15252 1 0.531582 0.531582 20 
-0.214367 -5 4.33268 0.12106 0.335625 0.0449217 3.88578 22 756 18180 18179 1 0.378035 0.378035 53 
1.95244 -5 -3.97166 1.82604 2.36612 -2.04674 4.02625 22 757 2937 2862 1 0 0 4 
4.48223 3.34919 5 0.111202 0.227277 -0.443959 4.14286 22 758 6184 6154 1 0.00626041 0.00626041 8 
-0.541375 -1.83987 -5 1.40954 4.88854 8.45257 3.79277 22 760 2230 2042 1 7.71529 7.71529 72 
-2.44481 -3.83738 -5 0.213851 0.297579 0.356138 3.82497 22 763 8446 8405 1 1.1488 1.1488 9 
3.30608 -2.14474 5 0.0227821 0.452009 -0.237252 4.04095 22 764 46379 46378 1 0.258149 0.258149 25 
-5 -3.95855 1.29489 0.303008 0.0441536 -0.209689 3.88066 22 765 9271 9251 1 0 0 2 
3.81756 3.03905 -5 0.207535 0.57696 0.49535 3.8222 22 766 33081 33033 1 0 0 2 
-5 0.0323366 -0.767697 0.1501 0.400823 -0.127674 3.95407 22 767 16629 16610 1 0 0 2 
-2.52374 0.196309 5 -0.0370375 -0.111258 -0.276571 4.11617 22 768 14803 14782 1 0.120716 0.120716 3 
-3.58993 -5 1.35602 0.22386 0.425699 -0.172588 3.95233 22 769 11748 11747 1 0.193666 0.193666 6 
4.68009 -4.74699 -5 0.512652 0.624759 1.69608 3.80915 22 770 6757 6752 1 0 0 1 
4.64107 3.24549 -5 -0.0795636 -0.0611225 0.241107 3.8665 22 771 4020 4019 1 0 0 2 
-2.12438 3.33545 5 -0.181731 0.251369 -0.213561 3.9142 22 773 3018 2538 1 3.82949 3.82949 84 
-3.41521 4.51066 5 -0.14576 -0.221467 0.225556 4.02603 11 774 15569 15552 1 0.329036 0.329036 7 
-5 -1.82195 -2.55151 2.19333 2.45022 -1.60091 3.80901 -11 775 6386 6385 1 1.04323 1.04323 5 
-5 -2.00418 -0.304986 0.257561 -0.437191 0.0603879 3.90199 22 776 8532 8530 1 0 0 4 
-1.76644 -5 4.8042 -0.268144 0.281928 0.331263 3.87387 22 777 14593 14551 1 0 0 3 
1.6194 -5 1.10692 1.70022 2.05944 -4.45034 4.16857 22 778 4415 4201 1 0.383718 0.383718 33 
-1.85851 -2.08209 5 0.0427556 0.595619 -1.14548 4.26373 22 780 18923 18922 1 0 0 3 
-5 -4.44626 -0.963272 0.251474 0.258949 -0.317545 3.98256 22 781 19605 19604 1 0 0 1 
1.33719 -5 2.76855 0.451823 0.604193 0.497402 3.85589 22 782 21776 21534 1 0 0 2 
-3.73302 -5 -3.66149 0.292914 0.365658 0.203999 3.82498 22 783 4199 4196 1 0.181179 0.181179 7 
4.37466 -5 2.64106 0.0265086 0.484565 0.160043 3.88428 22 784 27773 27772 1 0 0 2 
1.47283 -5 0.439151 0.446623 0.647911 0.172557 3.81867 22 786 4599 4514 1 0 0 4 
-1.02204 -5 -1.80071 0.22575 0.398563 0.937156 3.7966 22 787 16068 15906 1 0 0 2 
1.27961 -3.75569 5 0.191478 0.574336 -0.408508 4.06992 22 788 37515 37475 1 0.246959 0.246959 6 
-2.07419 -5 -2.68153 0.0824777 0.887891 -1.85205 4.27934 22 789 2972 2944 1 0 0 2 
2.81292 -1.03734 -5 -0.0313395 0.425842 1.62242 3.79538 22 790 32480 32442 1 0 0 2 
-1.35659 -5 -4.12736 0.087757 0.383934 0.109775 3.8504 22 791 55595 55262 1 0.149278 0.149278 2 
-5 3.03851 4.85565 0.524068 0.464107 0.122054 3.89808 22 792 11289 11277 1 0 0 2 
-5 -2.91795 -0.499738 0.297823 0.40471 0.0929034 3.89754 22 793 2224 2200 1 0 0 2 
-2.18425 -5 -2.72127 -0.121781 0.10034 -0.288318 4.35354 22 794 15430 15428 1 0 0 1 
5 -4.45735 -0.84155 -0.210958 0.147213 -0.149969 4.14759 22 795 2181 2179 1 0.297332 0.297332 30 
-2.82121 -5 -4.67971 -0.225114 0.431014 -0.157068 3.98271 22 796 3726 3725 1 0 0 1 
2.18416 4.57606 5 0.0740612 0.43093 -0.2961 4.12011 22 797 47955 47954 1 0 0 2 
5 -1.17457 2.3588 -0.187495 0.0944204 0.0439887 5.12126 22 798 6431 6430 1 0.257272 0.257272 28 
-1.4991 1.29352 5 0.198035 0.266885 -0.0857437 3.96867 22 799 32165 32082 1 0 0 2 
-5 -4.51353 1.8136 1.00059 5.06938 3.06497 3.86179 22 800 9972 9951 1 0 0 3 
-3.07483 -5 -2.65548 -0.0465478 0.495943 -0.113992 3.85932 22 801 3521 3519 1 1.10387 1.10387 9 
-5 2.04997 4.57361 0.164673 0.527369 -0.140141 4.04385 22 802 40555 40553 1 0 0 2 
-5 -4.10801 0.593382 0.792168 0.00502283 1.21415 4.01336 11 803 8121 8097 1 1.02615 1.02615 2 
0.0709564 -5 3.70901 1.44755 2.63851 0.960415 3.88046 22 804 3387 3386 1 0 0 1 
5 -3.65444 3.67802 -0.079598 -0.0575793 0.261687 3.90707 22 805 25628 25627 1 0 0 2 
-0.735063 -5 -0.534287 0.149486 0.103486 0.00891562 3.86963 22 807 3608 3527 1 0.346252 0.346252 8 
3.07331 -5 1.73821 -0.0617839 0.165248 0.0823771 3.87913 22 808 6767 5068 1 0.323908 0.323908 47 
0.233938 -5 3.4535 0.788175 1.21789 1.98837 3.81981 22 809 5323 5186 1 0.0707374 0.0707374 4 
0.238338 -5 0.0286817 0.0991451 0.236406 -0.028512 3.88349 22 810 13637 13177 1 0 0 3 
-5 -2.81633 -0.278292 0.0772354 -0.137952 0.00379163 3.8742 22 811 32901 32800 1 0.255968 0.255968 24 
-5 -2.91611 3.57786 1.9925 1.43343 0.206507 3.97009 22 814 46027 46011 1 0 0 1 
-4.73826 -5 1.25233 0.0337502 0.359981 -0.151057 4.10338 22 815 10646 10604 1 0 0 2 
4.62581 -3.59981 -5 1.45222 1.54843 4.42492 3.77871 22 816 10920 1 1 1.05289 1.05289 25 
-1.08305 -5 2.79311 0.614218 0.387833 -0.842205 4.21518 22 817 17604 17572 1 0.214016 0.214016 3 
0.957327 -0.0750274 5 0.282706 0.438987 -0.171626 4.0352 22 818 1126 1104 1 0 0 3 
-1.46063 -5 -1.0545 0.162204 0.262103 0.301259 3.81271 22 819 1919 1678 1 1.81143 1.81143 9 
2.06981 -5 -4.65885 0.516432 1.11448 -1.25001 4.01753 22 820 7959 7952 1 0 0 5 
-5 0.647271 -3.53474 0.23693 0.234533 0.0089202 4.01283 22 821 25556 25533 1 0 0 1 
5 2.1564 3.52925 -0.0885701 0.117067 -0.12786 3.84693 22 822 4678 4677 1 1.0666 1.0666 54 
4.60691 -5 -3.78044 -0.00527945 0.194963 -0.472315 4.27348 22 823 4144 4142 1 0 0 2 
0.970612 -5 4.1014 1.39154 1.95417 -0.727388 3.97948 22 825 4329 4201 1 0 0 2 
-0.0126847 -5 1.11659 0.324508 0.679833 -0.524653 4.04727 22 826 9066 9065 1 0 0 2 
0.33154 -5 0.0881673 0.343237 0.519225 0.935753 3.8069 11 827 4465 4464 1 0.215001 0.215001 5 
1.44569 -5 0.276027 0.124796 0.237106 0.0341739 4.0164 22 828 3825 3824 1 0 0 1 
-3.42324 -5 -0.0671226 0.108149 0.365685 -0.340144 4.06861 22 829 2640 2614 1 0.209043 0.209043 32 
2.67557 -0.836354 5 0.315614 0.209506 -0.342951 4.022 22 830 20964 20963 1 1.69874 1.69874 7 
-4.24418 -5 -4.14836 0.174211 0.372666 0.0199588 3.84695 22 831 10585 10584 1 0.571757 0.571757 30 
-4.94873 5 -3.03365 -0.194625 -0.393414 -0.261661 3.94721 22 832 5062 5060 1 1.00186 1.00186 9 
-4.29128 1.36587 -5 -0.280654 0.239262 0.199592 3.87782 22 833 8402 8180 1 0 0 5 
-5 -0.263119 -2.87814 0.197737 0.460312 0.10066 3.88416 22 835 5375 5374 1 0.309162 0.309162 7 
-1.00528 -5 -1.84492 0.172381 0.262413 -0.200373 3.99887 22 836 19765 19733 1 0 0 3 
0.150815 -2.7885 -5 0.272462 0.428173 0.356281 3.82731 22 837 3556 3501 1 0 0 1 
-5 4.94906 -1.29925 0.293984 0.396698 -0.13162 3.95546 22 838 22554 22552 1 0 0 1 
2.5117 5 -3.51983 -0.0223914 -0.129106 -0.129362 4.19129 22 839 16786 16764 1 0 0 1 
-5 -2.77588 -3.97202 0.302012 0.408705 0.0660874 3.84641 22 840 2809 2710 1 0.510604 0.510604 28 
0.788492 -5 3.1478 3.40183 3.2491 -2.07354 3.94657 22 842 18515 18495 1 0 0 2 
-2.83469 4.71483 -5 0.623478 1.08791 1.43584 3.81422 22 843 40535 40534 1 0 0 1 
0.781843 -5 4.65748 0.153766 0.517497 -0.147699 3.924 22 844 4827 4826 1 0.215674 0.215674 6 
2.25002 -5 -3.56635 0.51078 0.829866 1.06578 3.78534 22 845 5158 4978 1 0.863046 0.863046 38 
3.26414 -4.56917 5 1.03541 -0.825539 -3.16321 4.00269 22 846 33525 33524 1 0 0 2 
3.63114 -5 -2.50676 0.260012 0.541672 0.462152 3.85014 22 847 13862 13369 1 0 0 1 
0.525757 -5 0.173921 -0.0335841 0.262879 0.0833908 4.11817 22 848 29903 29873 1 0 0 2 
2.66724 -4.83194 5 0.634872 1.59269 -0.444593 3.96129 22 850 2619 2617 1 0.241681 0.241681 6 
2.04847 -5 -1.88287 0.259773 0.317868 0.290297 3.82205 22 851 11238 11212 1 0 0 1 
-4.57501 5 -2.79737 0.809329 -1.31682 0.697335 3.89119 -11 852 21410 21409 1 1.77025 1.77025 53 
-1.68604 -5 -0.957106 1.40804 2.17553 0.391472 3.89204 22 853 51851 51829 1 0 0 1 
-3.94962 3.25295 5 -0.0379165 0.078167 -0.208244 4.04121 22 854 31865 31779 1 0 0 1 
3.70645 -5 3.80922 0.410656 0.405534 0.494822 3.83128 22 855 16529 16521 1 0 0 1 
-5 3.75643 -0.592661 0.444382 0.0327771 0.0206646 3.83819 22 856 1262 1 1 0 0 1 
-2.96972 0.566158 -5 0.191053 0.349809 0.148125 3.82611 22 858 1256 1113 1 0.424974 0.424974 19 
-0.639187 -4.79056 5 0.363251 0.165374 -0.319093 3.95202 22 859 6303 6302 1 0 0 4 
1.2949 -5 0.238382 0.176954 0.472788 -0.0792403 3.92442 22 860 7911 7909 1 0 0 1 
-3.39181 -4.37561 -5 0.101267 0.174078 0.46964 3.7764 22 862 2781 2780 1 0 0 6 
-0.844176 -3.76955 5 0.847837 1.57251 -1.32693 4.00665 22 863 9157 9140 1 0 0 1 
3.33175 -5 -2.03798 0.301574 0.41411 0.524333 3.82004 22 864 19899 19719 1 0 0 2 
2.27947 -1.60268 5 0.0679053 0.45488 -0.416167 4.1138 22 865 41363 41331 1 0 0 1 
-3.29323 1.63499 -5 0.368837 0.540324 0.238092 3.89849 22 866 12539 12538 1 0.240747 0.240747 4 
-4.79791 -5 -2.44804 -0.0415698 0.507965 0.0369187 3.89406 22 867 5092 5072 1 0 0 2 
3.02841 -5 3.99179 1.38676 1.9128 4.74848 3.82424 22 868 32551 32362 1 0 0 1 
0.655431 -5 -3.91016 0.235364 0.434656 0.129605 3.86837 22 869 12710 12709 1 0.308117 0.308117 3 
-5 2.05887 2.4538 0.541329 0.379881 -0.228741 3.90117 22 870 12698 12625 1 0 0 3 
0.152075 -4.12749 -5 0.0960423 0.264883 0.270051 3.82711 22 871 44598 43416 1 0 0 1 
-4.72581 -2.3745 -5 0.23403 1.49772 1.16364 3.81979 22 872 1348 1283 1 0 0 5 
0.364291 -5 3.71885 0.635705 1.3522 -0.919538 3.90911 22 873 11579 11467 1 0 0 3 
-0.737991 -2.13501 -5 0.520101 0.611055 0.903308 3.87358 22 874 57188 57164 1 1.20803 1.20803 14 
-0.78018 -5 3.5023 0.283746 0.437787 0.536629 3.84661 22 875 2264 2175 1 0.0993394 0.0993394 4 
-2.88145 -5 4.99687 0.921161 1.55374 0.949169 3.84367 22 876 1062 1 1 0.267959 0.267959 8 
-5 -4.57807 1.8694 0.158865 0.262532 0.101946 3.83416 22 877 5568 4938 1 0 0 1 
-5 1.92956 -4.14008 0.35388 0.314838 -0.148625 3.81192 22 878 10301 10300 1 0.365285 0.365285 41 
-2.29767 -0.213747 -5 0.146076 0.43168 0.231158 3.86519 22 879 2235 2234 1 0 0 2 
-5 -4.9764 2.78535 0.299262 0.183585 0.109212 3.87463 22 880 23769 23727 1 1.05843 1.05843 55 
4.71925 -5 3.63927 0.104663 0.259058 -0.427849 4.30218 22 881 37479 37478 1 0 0 1 
0.874675 -5 -3.69549 0.464019 0.172413 0.0630498 3.87816 22 882 34288 34287 1 0 0 2 
1.79789 -3.18769 -5 0.0581884 0.31212 0.379491 3.80391 22 883 1985 1660 1 0.493958 0.493958 54 
2.39809 -5 1.99704 2.06069 3.4728 3.38743 3.83529 22 884 7502 7452 1 0 0 3 
-5 3.94333 4.60541 0.135674 0.3971 -0.291589 4.15084 22 885 21788 21760 1 0 0 1 
1.479 -0.824033 5 0.0655831 0.280883 -0.247448 4.04126 22 886 13224 13205 1 0 0 2 
-0.986459 -5 1.66768 0.0360564 0.108229 -0.115382 3.9366 22 887 15485 15430 1 0.161702 0.161702 33 
-2.9406 -5 -3.06749 0.574228 0.961489 0.309002 3.86207 22 888 22655 22654 1 0.211074 0.211074 23 
1.16559 -5 3.90932 0.103414 0.347463 -0.360132 4.13485 22 889 9262 9261 1 0.303118 0.303118 6 
-5 -0.0469292 -2.59118 0.17822 0.103497 0.235004 3.85499 22 890 42255 42225 1 0 0 2 
-5 -4.73979 0.269152 -0.607765 -0.412751 -3.2302 3.81952 11 891 32008 31747 1 0.476389 0.476389 14 
-0.798153 -5 -1.98103 0.319617 2.06061 1.54347 3.83085 22 892 39024 38995 1 0 0 2 
4.83489 -5 3.41531 0.229234 0.254622 0.122559 3.84225 22 893 21469 21408 1 0 0 5 
-4.4097 -5 2.48533 0.131469 0.342744 0.355475 3.82965 22 895 26957 26953 1 0 0 1 
-1.92129 -5 1.97359 0.227342 0.288936 -0.0959869 4.02595 22 897 6185 6184 1 0.033584 0.033584 20 
-0.215713 -5 4.93867 0.165097 0.357699 -0.325445 4.15392 22 898 16747 16745 1 0 0 1 
3.75319 -5 0.290431 0.530968 1.05199 0.964521 3.83065 22 899 39982 39978 1 0 0 2 
4.24191 -3.90156 5 0.256239 0.496572 -0.574072 4.18802 22 900 24659 24658 1 0 0 1 
-3.11439 -5 -4.4903 0.116889 0.142762 -0.14294 3.93874 22 901 27189 27187 1 0 0 2 
-5 -0.717527 4.11935 0.381706 0.904468 0.0468629 3.90976 22 902 9655 9654 1 0 0 1 
-2.60389 3.84663 -5 0.491661 1.67493 2.11259 3.80831 22 903 40864 40757 1 0 0 1 
4.35626 4.23887 -5 -0.339854 0.10688 0.382469 4.0216 22 904 21268 21266 1 0 0 1 
5 -1.99104 0.246059 -0.0317966 0.0498898 -0.218866 4.19572 22 905 4995 4994 1 0 0 1 
4.5484 -4.90002 -5 0.133998 0.402148 0.108061 3.9535 22 906 5025 5024 1 0.40745 0.40745 18 
-5 -2.8053 4.09576 0.131001 0.457094 -0.187147 3.93998 22 907 2196 2195 1 0 0 1 
-5 2.28952 -4.37518 0.0775015 0.242358 -0.0635023 3.96345 22 908 22039 22001 1 0 0 1 
-3.88087 -5 2.17793 0.213448 0.449522 0.116144 3.92644 22 909 8982 8981 1 0.072343 0.072343 2 
-5 1.67679 -4.35859 0.0450209 0.374821 -0.019889 3.91327 22 910 3134 2835 1 0.071546 0.071546 3 
-0.927707 -3.90812 5 0.124448 0.289202 -0.152994 4.18404 22 911 26523 26522 1 0 0 1 
4.84215 -1.41662 -5 0.784513 0.597444 0.13144 3.85546 22 912 10360 10216 1 0 0 5 
2.74725 4.53698 -5 -0.102029 -0.0158453 0.208355 3.93092 22 913 13409 13408 1 0.232196 0.232196 28 
-3.65711 -5 -3.49868 0.10253 0.3028 -0.184665 4.02294 22 914 11897 11864 1 0.549803 0.549803 38 
-3.40186 -5 -2.18446 0.134821 0.118256 -0.354273 4.06854 22 915 10347 10299 1 0.671216 0.671216 59 
2.58909 3.8094 5 0.174582 0.339526 -0.234534 4.00053 22 916 12728 12727 1 0 0 3 
-3.09631 3.66943 -5 1.102 1.15409 2.22298 3.80568 22 917 14683 14663 1 0.444653 0.444653 32 
5 -1.09163 3.19845 -0.192995 0.13554 -0.0533223 4.17495 22 919 9245 9244 1 1.51625 1.51625 55 
-5 -3.20422 3.43754 0.116498 -0.052692 0.0466323 4.1122 22 920 2639 1 1 0 0 1 
-1.01671 -5 3.40884 0.0277575 0.388863 -0.0490857 3.89759 22 921 19918 19864 1 0.380831 0.380831 35 
2.00665 0.872412 -5 0.39479 0.58831 1.05112 3.7859 22 922 15040 14851 1 0 0 6 
-3.25304 -5 1.72006 1.01707 0.955188 -0.0360516 3.91434 22 923 9369 9138 1 0.195807 0.195807 5 
2.97039 -5 4.58551 0.703332 0.722725 1.24859 3.82866 22 924 1181 1115 1 0.339833 0.339833 32 
3.1157 -5 -2.56477 0.277669 0.29635 -0.0932816 3.87785 22 925 42352 1 1 0 0 2 
-4.09001 -5 4.66375 0.247787 0.286641 -0.0116611 3.89225 22 926 3112 3055 1 2.9846 2.9846 54 
-0.89522 -5 3.13738 26.7134 30.3894 19.2418 6.02405 2112 927 5933 5860 1 0 0 3 
0.0127541 -5 4.98496 0.207395 0.379558 0.167238 3.87793 22 928 13483 13268 1 0 0 1 
-2.6487 -2.25344 -5 0.342142 0.169434 0.339634 4.0236 22 929 6415 6414 1 0.976884 0.976884 56 
2.4007 -1.5092 -5 0.187114 0.364012 0.305947 3.82597 22 930 16438 16437 1 0.241197 0.241197 2 
-5 -4.0924 2.42313 0.220771 0.357846 -0.29039 4.09836 22 931 4422 4420 1 0 0 1 
0.134885 -5 3.46655 0.0405622 0.507742 -0.0409042 3.95101 22 932 24914 24896 1 0 0 1 
-3.52783 -0.04287 -5 0.345415 0.140638 0.205706 3.89092 22 933 8421 8417 1 0.118619 0.118619 23 
-2.10255 -5 0.501724 0.490945 0.768179 0.453524 3.82768 22 934 24237 24236 1 0.51079 0.51079 20 
-5 -2.8796 2.0351 0.263284 0.710128 0.967732 3.81193 22 935 9721 9645 1 0.597593 0.597593 7 
1.12858 3.60249 5 0.0174157 0.0464071 -0.567421 4.17087 22 936 29716 29644 1 0 0 1 
1.17962 -5 -3.23497 0.169837 0.29675 0.165358 3.83308 22 938 20879 20812 1 0 0 6 
2.47489 -5 -3.09304 0.641687 1.17613 0.026768 3.82183 22 939 30615 30614 1 0.434044 0.434044 7 
-5 0.603824 -0.682464 0.290264 0.394118 0.146759 3.8671 22 940 27301 27300 1 0 0 1 
-2.08496 -5 -1.81684 0.137535 0.416171 -0.0724451 3.93574 22 941 13362 13312 1 0.443859 0.443859 28 
-5 -4.50471 3.6885 0.208556 0.0214359 -0.129699 3.93293 22 942 4854 4853 1 0 0 4 
3.60203 -5 -0.0695864 0.178238 0.180736 0.000174358 3.93706 22 944 6233 6206 1 0.253432 0.253432 29 
-2.32415 -1.13016 5 -0.00236436 1.98317 -1.42249 4.02036 22 946 10083 10058 1 0.0620874 0.0620874 7 
-4.68438 -3.61988 -5 0.272273 -0.309707 0.255442 3.88243 22 947 46206 46012 1 0.198595 0.198595 4 
-3.37525 -5 -1.91886 0.247164 0.622446 0.100702 3.85856 22 948 21622 19313 1 0.676736 0.676736 33 
-5 -2.37915 4.68981 0.413237 0.168775 0.248737 4.01997 22 950 4271 4270 1 0 0 2 
-5 0.786183 2.92758 2.2498 -4.11148 0.392343 3.87203 -11 951 14733 14732 1 0.809681 0.809681 6 
-5 1.56627 -0.770078 0.146823 0.561584 0.310286 3.85379 22 952 1713 1712 1 0 0 2 
3.85263 3.84572 -5 0.415994 0.73892 0.681435 3.83442 22 953 5982 1 1 0 0 1 
-2.47315 -4.52144 -5 0.911316 0.102865 0.563234 3.79381 22 954 1312 1311 1 0.645574 0.645574 33 
-2.47321 -5 3.48725 0.364102 1.52283 1.55916 3.83584 22 956 9053 9048 1 0 0 4 
-5 -3.22633 2.92077 1.09566 0.805952 0.194109 3.93962 22 957 2042 2041 1 0 0 2 
0.42134 -5 -0.922648 1.30186 3.99147 3.37256 3.81802 22 958 23795 23794 1 0 0 1 
2.80187 -5 -3.17315 0.459275 1.09904 1.68693 3.8026 22 959 14637 12456 1 0 0 2 
4.33796 -5 -2.37673 0.10739 0.447144 0.0255815 3.85727 22 961 21754 21735 1 0 0 4 
3.03112 -5 -0.865643 0.205039 0.21222 -0.309043 4.40163 22 962 18630 18629 1 0 0 1 
-5 4.87247 1.63967 0.339111 0.347338 -0.241309 4.16579 22 963 24119 24071 1 0.397172 0.397172 43 
-4.60262 0.683109 -5 0.179892 0.803278 0.357248 3.83883 22 964 18673 18601 1 0 0 2 
-5 -0.518217 -2.27366 0.2146 0.532206 -0.479064 4.05112 22 965 14680 14677 1 0 0 2 
-0.414488 -5 -0.354722 0.0460261 0.159889 -0.209186 4.13348 22 968 28245 27784 1 0 0 1 
2.83415 -5 -3.27823 0.274871 1.35335 1.2583 3.80412 22 969 1253 1 1 0.510856 0.510856 14 
4.14664 -5 -0.0333149 0.79126 1.01834 1.62587 3.82744 22 970 7540 7261 1 0 0 2 
-0.740831 -5 -3.18639 0.599584 0.446247 0.00589798 3.8472 22 971 1565 1469 1 0.185382 0.185382 23 
-2.73294 -4.65193 5 0.0185033 0.0648894 -0.392027 4.21581 22 972 3370 3368 1 0.13507 0.13507 32 
-3.86378 -0.0031781 -5 1.55247 2.40478 3.61448 3.82079 22 973 35906 35651 1 2.31063 2.31063 29 
1.68612 -3.95696 -5 0.214466 0.172762 0.225842 3.89258 22 974 24674 24673 1 0.0436442 0.0436442 2 
-0.882515 -5 3.42646 0.179675 0.379108 -0.291743 4.0466 22 975 4424 4391 1 0.722828 0.722828 35 
-5 3.43994 4.76471 0.360282 0.789865 1.01037 3.84829 22 976 28980 28787 1 0 0 1 
-5 -1.95101 -2.50012 0.423655 1.23776 -0.397689 4.02561 22 977 10301 10244 1 0 0 5 
-3.31796 -5 -2.50465 0.127575 0.293887 -0.020339 3.88441 22 978 21124 21123 1 0.351487 0.351487 28 
-3.50619 -5 2.67693 0.438033 1.01616 -0.0329955 3.93644 22 979 39566 39565 1 0 0 1 
2.37603 -5 2.77462 0.126293 0.482809 0.047609 3.88192 22 980 23304 23303 1 0 0 2 
-0.0748621 -5 -4.31876 0.488456 2.44577 3.13193 3.79506 22 981 31538 31363 1 0 0 5 
-2.08637 -5 -4.02669 1.75361 2.42194 0.748954 3.87694 22 982 1732 1731 1 0.081305 0.081305 6 
2.20114 3.09075 -5 0.331189 0.752016 0.45573 3.84579 22 983 46524 46445 1 0 0 1 
-0.0157889 -5 -2.13554 -0.056 0.185428 0.0513902 3.91327 22 984 15032 14972 1 0.200072 0.200072 23 
-4.46082 -5 -3.41533 0.0351198 0.119728 -0.163079 3.90462 22 985 33045 32950 1 0 0 1 
-4.51 -1.17026 5 0.231255 0.960129 -1.27739 4.23134 22 986 3241 3237 1 0 0 1 
-3.239 1.8824 -5 0.0564649 1.12287 0.315706 3.87785 22 988 1215 1168 1 0.156487 0.156487 7 
0.793472 -5 3.97789 2.62742 2.38934 0.381562 3.91745 22 989 1049 1 1 1.04403 1.04403 44 
-4.81811 5 0.138086 0.137997 -0.0493191 -0.177119 3.95762 22 990 15984 15980 1 0 0 2 
3.31036 0.344129 -5 0.083208 0.412857 0.412678 3.84469 22 991 9297 9263 1 0.730959 0.730959 48 
-5 0.239382 -4.54665 1.82134 3.50619 2.99379 3.8156 22 993 14810 14716 1 0 0 1 
-2.0255 -5 -0.368691 0.196298 0.426747 -0.201182 3.97487 22 994 27689 27688 1 0.14772 0.14772 3 
3.86755 -5 4.9422 0.738981 1.06888 0.116039 3.91231 22 996 21053 21005 1 0 0 4 
1.31194 -4.887 5 0.121608 0.238153 -0.435447 4.2301 22 997 8513 8501 1 0.266609 0.266609 2 
-4.86018 -2.96403 -5 -0.213716 0.56238 0.377806 3.82097 22 998 1888 1555 1 3.65754 3.65754 59 
-3.26807 -5 -4.6285 0.217718 0.226111 -0.0522742 3.87571 22 1000 6378 5165 1 0 0 5 
