# Det7_2_12
#x y z Px Py Pz t PDGid EventID TrackID ParentID Weight Edep VisibleEdep Ntracks
0.136953 5 2.84418 0.210534 -0.541742 0.156716 3.83522 22 1 5331 5313 1 0.364344 0.364344 5 
3.68264 5 -3.18498 -0.0997625 -0.0597963 -0.172325 3.83344 22 2 6619 6599 1 0 0 3 
0.0390912 3.44427 5 0.379305 -0.260758 -0.696075 3.97044 22 3 42457 42401 1 0 0 1 
2.88638 5 4.84706 0.162719 -0.430422 0.222214 3.84382 22 4 26993 26992 1 0.296894 0.296894 24 
-3.00802 3.61185 -5 0.191709 -0.183426 0.283465 3.76114 22 5 9102 8945 1 0.387854 0.387854 31 
3.43431 2.05288 -5 0.137127 -0.335521 0.317988 3.78773 22 6 39364 39363 1 0 0 1 
-0.119941 5 0.274022 0.316919 -0.394828 0.0692323 3.83829 22 7 13776 13775 1 0 0 2 
4.2947 2.55459 -5 0.395446 -0.812323 0.578841 3.77065 22 8 4588 1 1 0.239214 0.239214 19 
1.21808 5 4.6782 0.379884 -0.334413 0.0705409 3.93718 22 9 10865 10851 1 0.0379507 0.0379507 9 
4.75034 5 -3.33334 0.355703 -1.12795 0.315233 3.8301 22 10 12390 12388 1 0.300033 0.300033 38 
3.03897 -0.796718 -5 0.085394 -0.21845 0.465556 3.75285 22 11 35370 35088 1 0.3062 0.3062 29 
-2.04214 -1.62422 -5 0.33326 -0.572911 0.997857 3.76022 22 12 3447 1 1 0 0 2 
0.566676 5 -3.43306 0.329233 -0.390363 -0.0185087 3.82344 22 14 16225 16224 1 0.316115 0.316115 4 
1.7205 5 -2.72855 -0.223828 -0.111956 0.100349 4.07199 22 15 3659 3612 1 4.11556 4.11556 6 
3.36506 4.41969 -5 1.30639 -4.77537 5.60393 3.76045 22 16 18358 18326 1 0.180027 0.180027 4 
-3.02782 5 4.44348 2.03255 -1.49351 4.55266 3.77096 22 17 6137 5842 1 0 0 2 
-1.35514 4.12819 -5 0.186828 -0.264413 0.276575 3.83567 22 18 40241 40240 1 0.121595 0.121595 3 
-5 3.39521 3.91108 2.17136 -2.63449 13.2404 3.75815 22 19 5483 5344 1 0.435033 0.435033 56 
-5 4.92476 2.77799 0.364001 -0.524458 0.600306 3.7944 22 20 3064 2925 1 0 0 3 
-5 -1.15866 -2.94547 0.0588201 -0.422297 0.279915 3.79059 22 21 7740 7728 1 1.09519 1.09519 31 
3.99754 5 -0.0777852 0.180963 -0.247121 -0.375215 4.15645 22 22 9797 9796 1 0 0 2 
-1.82042 -2.10717 5 -0.0460964 -0.237199 -0.217676 3.95706 22 23 8471 8470 1 0.32425 0.32425 23 
0.465204 -4.75203 -5 0.425171 -0.740032 0.538294 3.8027 22 24 10354 1 1 0.169323 0.169323 8 
-0.762841 5 2.3446 0.262887 -0.419794 0.125632 3.8246 22 26 3826 3825 1 0.229238 0.229238 26 
3.22147 3.51376 5 0.0448753 -0.357271 -0.643887 4.22211 22 27 14471 14422 1 0 0 1 
-5 3.44151 2.49331 0.18129 -0.243309 -0.336048 4.2444 22 28 47179 47177 1 0 0 2 
-1.36851 5 2.84392 0.107716 -0.199234 0.0341338 3.83965 22 29 9196 9048 1 0.228634 0.228634 26 
-5 4.01831 -2.57783 0.963052 -0.831141 1.13982 3.76355 22 30 9052 9003 1 0.218914 0.218914 21 
-2.87853 3.1806 5 -0.0939773 -0.334246 -0.374923 4.03458 22 31 6429 6405 1 0.290013 0.290013 28 
-5 3.36604 -4.11822 0.435976 -0.507513 -0.358524 3.97199 22 32 19968 19834 1 0 0 1 
-0.726984 -3.39813 5 0.0200555 -0.204479 -0.140207 3.87545 22 34 6095 6094 1 0 0 4 
-5 3.27879 3.62139 0.169293 -0.145079 0.0918706 3.80565 22 35 9288 8494 1 0.486193 0.486193 50 
2.63599 -0.0563548 5 0.183799 -0.298396 -0.371884 3.99364 22 36 16885 16883 1 0 0 4 
0.129424 5 3.78979 0.415196 -0.322078 -0.566273 4.02688 22 37 45239 45238 1 0 0 2 
-4.66082 -2.56944 5 -0.226829 0.00378194 -0.0421378 4.8882 22 38 42538 42442 1 0 0 2 
0.0267399 3.13604 -5 2.85474 -4.15528 3.02049 3.76525 22 39 1380 1324 1 0.290572 0.290572 22 
-5 2.1023 -3.10101 0.246227 -0.0243268 -0.206137 3.99975 22 41 17257 17232 1 0.255453 0.255453 14 
3.91169 5 1.90879 2.36672 -2.70148 -1.24941 3.89352 22 42 2290 2289 1 0 0 3 
1.47748 5 2.29032 -0.34944 -2.01153 -0.223644 3.83994 22 43 2656 2579 1 0 0 1 
-5 1.85109 1.28284 0.0960128 -0.273488 -0.193046 3.86542 22 45 30473 30472 1 0 0 2 
0.0783949 5 -1.0754 0.143146 -1.62585 1.02704 3.78674 22 46 5872 5640 1 0.0332295 0.0332295 27 
2.17294 4.85491 -5 0.138788 -0.273417 0.23027 3.7609 22 47 1922 1038 1 0.383089 0.383089 27 
-3.31939 5 -3.42828 0.433917 -0.651286 0.939536 3.75752 22 48 10268 10250 1 0.808335 0.808335 24 
-1.07642 0.257996 -5 2.16978 -1.41129 3.96213 3.77923 22 49 22878 22877 1 0 0 2 
1.67588 5 3.365 0.135004 -0.304864 0.077238 3.81962 22 50 1212 1 1 0.683304 0.683304 27 
-5 0.86721 -4.39468 0.323059 -0.660451 0.275623 3.79838 22 51 13398 12260 1 0 0 4 
-4.81441 5 -4.53699 1.97916 -3.33484 2.46476 3.78438 22 52 32863 32679 1 0 0 1 
-1.26895 3.60124 5 0.198131 -1.71886 -2.03348 3.96441 22 53 17185 17047 1 0 0 2 
-1.1575 5 3.08899 0.142646 -0.218587 0.0533536 3.83214 22 54 2283 2153 1 0 0 2 
-1.55475 1.98284 5 0.0363386 -0.381288 -0.338259 4.03713 22 55 1890 1868 1 0.798609 0.798609 27 
-4.07977 -1.91012 5 0.229666 -0.301873 -0.192068 3.93131 22 56 27279 27251 1 0 0 1 
-2.87386 5 3.89244 0.190503 -0.473098 -0.0317331 3.89058 22 57 10358 10357 1 0.703059 0.703059 5 
-5 3.87889 -3.10313 0.394274 -0.324621 -0.0170069 3.7879 22 58 5330 5328 1 0.41574 0.41574 44 
-5 4.04374 2.60817 4.06992 -5.31628 2.202 3.80646 22 59 36263 36187 1 0 0 1 
3.18859 5 -2.1919 0.209971 -0.343426 0.314787 3.85919 22 60 24028 24027 1 0 0 1 
-0.462427 5 2.08692 0.484355 -0.341145 0.14546 3.81556 22 61 5375 5341 1 0 0 2 
-3.27618 4.30691 5 0.15565 0.362087 -0.325248 3.95905 22 62 4947 4946 1 0.531591 0.531591 51 
-5 -2.4872 1.72958 0.32576 -0.297386 -0.257996 3.85337 22 63 6792 6791 1 0.74751 0.74751 39 
-3.57043 -2.6744 -5 0.250613 -0.516501 0.255193 3.76285 22 64 3042 2876 1 0.498662 0.498662 60 
-5 2.06794 -3.53404 0.215339 -0.60483 1.21076 3.74847 22 65 21309 20397 1 0.129592 0.129592 5 
-0.604047 5 -4.07902 0.0686559 -0.218034 0.0287237 3.75597 22 66 6869 6867 1 0 0 4 
-5 -0.583567 3.18949 0.190614 -0.310714 0.0619225 3.85605 22 67 22969 22775 1 0 0 2 
-0.401095 5 4.78271 0.194703 -0.470783 -0.0396781 3.90375 22 68 2815 2813 1 0 0 7 
4.52736 0.880894 5 0.0160355 -0.199934 -0.281442 3.94503 22 69 27900 27875 1 0 0 4 
-0.519706 5 1.09242 -0.0292953 -0.21295 0.226971 3.76284 22 70 27075 27071 1 0 0 2 
-4.32266 -4.26446 -5 0.0659211 -0.374454 0.303563 3.8186 22 71 37452 37451 1 0 0 1 
2.42645 -0.164232 -5 0.86062 -0.743349 1.36694 3.78043 22 72 17467 17383 1 0 0 6 
-2.14114 0.984874 -5 0.560493 -1.18914 1.61923 3.75961 22 73 32305 32253 1 0 0 1 
-2.50896 2.31607 5 0.0529997 -0.20792 -0.337247 4.22825 22 74 11945 11898 1 0.256421 0.256421 30 
-2.4632 5 2.75326 0.163347 -0.307855 -0.157453 3.87343 22 75 19256 19224 1 0 0 2 
-4.34306 5 -1.8642 0.146458 -0.150912 -0.155087 3.96078 22 76 20663 19889 1 0 0 1 
-3.84039 5 4.58592 -0.0295615 -0.24137 0.128588 3.93964 22 77 17633 17611 1 0 0 2 
-0.525783 5 0.485795 0.294861 -0.211416 0.0535681 3.86544 22 78 4936 4918 1 0.71853 0.71853 48 
3.95304 1.94497 5 0.198543 0.00589851 -0.326859 4.18072 22 79 4187 4153 1 0 0 2 
-4.33828 1.45977 -5 -0.621773 -2.19867 0.500503 3.80509 22 80 7698 7693 1 4.09273 4.09273 70 
-5 -0.525903 -2.14557 0.133173 -0.281176 0.220832 3.80689 22 81 15722 15478 1 0 0 1 
-1.33697 4.77454 -5 0.0593803 -0.21897 0.170484 3.8797 22 82 1739 1738 1 0.364417 0.364417 23 
-5 1.54462 0.0790733 0.139842 -0.177865 -0.458179 4.14643 22 83 11824 11822 1 0.139914 0.139914 3 
3.00195 5 -0.873104 0.466508 -0.985138 1.48324 3.76581 22 84 2584 2472 1 0.196596 0.196596 35 
-1.20062 4.2906 -5 0.161513 -0.0316927 0.137477 4.1554 22 85 20850 20849 1 0.214 0.214 30 
-3.10797 5 -4.33563 0.205847 -0.317437 0.00541672 3.82996 22 86 8956 8318 1 0 0 3 
-4.56814 -0.567626 -5 0.118112 -0.192896 0.390593 3.7592 22 87 40668 34711 1 0 0 1 
-3.22392 5 4.21701 0.116854 -0.143359 0.414782 3.7648 22 88 32465 32348 1 0.293189 0.293189 15 
-3.49676 5 -1.03492 1.0091 -2.30832 1.12275 3.81171 22 90 16799 16720 1 3.57427 3.57427 26 
-0.67812 -1.79451 5 0.126858 -0.135341 -0.306328 3.98207 22 91 2989 2987 1 0 0 9 
-1.04003 5 4.37925 -0.0212597 -0.478474 0.498827 3.87734 22 92 5020 5019 1 0 0 3 
-5 -0.245754 4.55261 0.252137 -0.292656 -0.104925 3.89972 22 93 10512 10479 1 0 0 4 
-2.1357 1.17607 -5 0.0914771 -0.144548 0.295341 3.76073 22 94 18411 18308 1 0 0 3 
-5 -2.64289 -4.29314 0.315418 0.0140114 -0.161795 3.82345 22 95 10239 10176 1 0 0 8 
2.17471 5 -3.50678 -0.0613174 -0.22683 0.191379 3.79491 22 96 12626 11966 1 14.1178 14.1178 130 
-5 4.00904 2.42886 0.29065 -0.183268 -0.16716 3.96022 22 97 38668 38667 1 0.381526 0.381526 33 
-1.62215 5 -0.667974 2.71853 -2.09156 -1.57313 3.84282 22 98 31762 31724 1 0 0 4 
-0.285154 5 2.34224 0.626512 -0.778549 0.936615 3.77555 22 99 11813 11787 1 0 0 9 
-5 -2.08471 -4.07024 0.929244 -1.90449 -0.32761 3.82021 22 100 10287 10229 1 0 0 2 
-0.683553 5 -1.72093 0.0732896 -0.416083 0.177562 3.79435 22 101 12611 9906 1 0 0 1 
4.80751 5 3.70673 0.337499 -0.236454 0.21472 3.7912 22 102 14637 14248 1 0 0 2 
1.02876 5 2.72597 -0.0684891 -0.123125 -0.491192 4.04626 22 103 23609 23569 1 0 0 4 
-0.155399 5 2.44398 0.0139345 -0.0238269 0.0111818 3.84623 22 104 26865 26847 1 0.0464467 0.0464467 22 
-1.49341 -4.46466 5 0.838097 -2.83718 -1.34172 3.95105 22 105 8636 8562 1 0 0 4 
-0.44151 -3.97472 -5 0.527959 -0.639494 1.0917 3.7743 22 106 17250 17249 1 0 0 2 
4.29578 0.790061 -5 -0.0319903 -0.399298 0.119089 3.83194 22 107 2399 2384 1 1.74475 1.74475 52 
-5 0.612014 2.41301 0.277628 -0.317738 -0.126585 3.94619 22 108 48660 48659 1 0 0 1 
-1.23346 2.1953 -5 0.424546 -0.0744538 0.274475 3.78728 22 109 8186 8160 1 4.85553 4.85553 89 
-5 -3.29094 1.73377 0.470152 -0.120727 0.159694 3.82549 22 110 3829 3828 1 2.32844 2.32844 46 
-1.94247 2.37546 -5 0.213176 0.0890752 0.206803 3.83859 22 111 2251 2226 1 0.510696 0.510696 23 
-2.34219 -1.87813 5 0.283818 -0.174666 -0.190467 4.1102 22 112 16918 16894 1 0 0 1 
0.156754 3.51427 5 0.19701 -0.314974 -0.350854 4.04863 22 113 28488 28476 1 0.510744 0.510744 20 
4.52231 5 3.42406 0.235225 -0.525586 -0.0305412 3.87758 22 114 4849 4805 1 0.258065 0.258065 25 
-2.36949 5 -2.31696 0.197267 -0.80485 0.395533 4.92937 22 116 21254 21131 1 0 0 1 
-1.28255 5 2.28046 0.191044 -0.146972 -0.0307987 3.85239 22 117 4889 4564 1 0.169524 0.169524 6 
-0.290299 5 -3.00461 0.350672 -0.676523 -0.302595 3.87433 22 118 8156 8079 1 0 0 3 
2.10239 -1.2225 5 0.126781 -0.309653 -0.386214 3.99415 22 119 16288 16287 1 0 0 2 
-5 -2.90347 -0.960798 0.34102 -0.256917 -0.280748 3.89328 22 120 1592 1567 1 0 0 3 
-5 2.12914 -1.56272 0.593092 -0.599393 0.800215 3.77188 22 121 6510 5563 1 0 0 4 
-3.40148 5 -2.01415 0.0898311 -0.276355 0.0362409 3.84356 22 122 1169 1 1 0 0 2 
4.53968 -1.83233 -5 0.165468 -0.16508 1.18099 3.74554 22 123 1205 1161 1 0 0 3 
2.98138 -3.25278 5 0.754071 -0.634939 -1.19548 4.13831 22 124 35879 35716 1 0 0 2 
-4.03885 -2.99008 5 0.0665327 -0.477041 -0.739965 4.26445 22 125 4776 4775 1 0 0 3 
-2.62092 5 2.03966 0.358714 -0.318392 -0.0260416 3.79592 22 126 2773 1 1 0.223444 0.223444 29 
1.63617 5 -2.18347 1.48251 -1.61845 0.46989 3.85942 22 127 13247 13246 1 0 0 5 
-3.01654 2.03398 5 0.0740454 -0.257587 -0.25291 4.20037 22 128 24784 24782 1 0.367969 0.367969 35 
-3.28561 5 2.78136 0.0705682 -0.167035 0.20699 3.79246 22 129 13911 13886 1 1.03967 1.03967 51 
-1.75548 5 -2.06619 0.111241 -0.324479 0.185552 3.7908 22 130 3228 3210 1 0 0 3 
-1.82804 5 -3.72737 0.942898 -1.5091 1.83312 3.76343 22 131 7687 7609 1 0.984446 0.984446 4 
-5 -3.24681 -3.47838 0.247882 -0.39611 0.206813 3.79594 22 132 9735 9713 1 0.194435 0.194435 30 
-3.71734 5 1.48621 0.114263 -0.18776 0.111994 3.80371 22 133 10961 10884 1 0.634085 0.634085 14 
-5 3.76438 -4.43358 0.273305 -0.557332 0.161084 3.79711 22 134 17730 17092 1 0 0 1 
-2.00226 5 -3.09252 0.279101 -0.643749 -0.192433 3.86086 22 135 11433 11413 1 0 0 3 
-0.618763 5 4.05951 0.353095 -0.417117 0.33549 3.81484 22 136 8840 8826 1 0 0 7 
2.81928 5 -1.72389 -0.171446 -0.186859 0.443633 3.91196 22 137 1315 1285 1 0 0 1 
-4.38464 0.814269 -5 0.0296385 -0.286893 0.342648 3.76235 22 138 5776 5697 1 0 0 4 
-4.56997 0.466888 5 0.0129072 -0.420562 -0.209726 3.99524 22 139 16526 16525 1 0.0824753 0.0824753 3 
-5 -3.41122 4.10473 0.509885 -0.532217 -1.49565 4.25432 22 140 48548 48506 1 0 0 1 
-5 1.79277 -3.58802 0.212947 -0.260073 -0.179812 3.94958 22 141 6653 6628 1 0 0 2 
-2.95381 4.83695 -5 0.257774 -0.29108 0.331579 3.78861 22 142 9173 9139 1 0.510598 0.510598 23 
-3.61017 -4.99419 -5 3.7751 -4.20726 2.38278 3.80692 22 143 27144 27021 1 0 0 1 
0.614134 5 3.31518 0.075502 -0.525565 0.160599 3.81091 22 144 5006 5005 1 0.0729395 0.0729395 4 
1.31093 -1.36922 -5 0.168958 -0.151263 0.204081 3.81456 22 147 26965 26964 1 0 0 1 
1.65914 -0.421794 -5 0.617082 -0.783572 2.64979 3.74382 22 148 8123 7959 1 0 0 2 
0.504103 -4.1418 -5 0.34292 -0.935529 1.11689 3.76491 22 151 4463 4388 1 0.542021 0.542021 33 
-4.99192 1.9318 5 0.311687 -0.115498 -0.477263 4.11378 22 153 9081 9080 1 0 0 6 
4.56734 5 2.03468 0.380402 -0.338788 0.653489 3.78609 22 155 25438 25436 1 0 0 2 
-5 3.90766 -4.09859 0.0686547 -0.40677 -0.30157 4.08408 22 156 6407 6405 1 0 0 2 
1.23101 5 -4.6234 0.227928 -0.438185 -0.131006 3.86398 22 157 5483 5465 1 0.125155 0.125155 4 
4.06228 5 -0.217428 0.694168 -2.29316 -0.383462 3.89127 22 158 6546 6406 1 0.0867158 0.0867158 16 
-5 -1.59233 4.92955 0.394158 -0.409524 0.382223 3.79329 22 159 33210 33122 1 0 0 1 
2.36992 5 0.534909 2.06314 -1.60305 -0.0810658 3.84551 22 160 26858 26806 1 0 0 2 
-5 -2.65244 3.30077 0.117452 -0.686315 -0.227342 4.00475 22 161 22859 22825 1 0 0 2 
-5 0.923903 -0.2136 0.236293 -0.143799 -0.0432857 3.88366 22 162 5944 5816 1 0 0 4 
-5 2.70793 1.31029 0.0910257 0.111378 0.178349 3.79628 22 163 18783 18758 1 0.391884 0.391884 57 
3.37962 1.7149 5 0.0207937 -0.208225 -0.159016 3.96078 22 164 25819 25761 1 0.264715 0.264715 19 
0.510695 5 -2.94345 1.37282 -1.10476 1.40975 3.76068 22 165 2412 2287 1 0 0 3 
-0.444955 -2.39291 -5 0.203604 -0.646084 0.831007 3.74554 22 166 5010 1 1 0.305869 0.305869 26 
-3.66601 -1.57007 -5 0.366839 -0.363936 1.31085 3.73378 22 167 9765 9730 1 0.353796 0.353796 7 
1.6676 -3.04221 -5 0.150268 -0.561179 0.544007 3.79279 22 168 16944 16873 1 0 0 2 
-2.51539 -1.64352 -5 0.208403 -0.441102 0.152043 3.79176 22 169 13039 13018 1 0.441629 0.441629 13 
-2.13738 1.06475 -5 0.302661 -0.444744 0.830322 3.75316 22 170 8260 8204 1 0 0 1 
2.90593 5 -1.95746 0.260695 -0.437005 -0.0467426 3.85767 22 171 6405 6404 1 2.69515 2.69515 15 
1.03449 3.25434 5 0.243778 -0.136154 -0.297975 4.072 22 172 26966 26844 1 0.141497 0.141497 4 
-1.08401 5 0.473566 0.0561151 -0.496156 -0.108627 3.88139 22 173 3028 3027 1 0.0969824 0.0969824 3 
2.32651 5 -2.7717 0.265925 -0.883368 -0.319287 3.8097 22 174 17681 17649 1 0.211199 0.211199 35 
0.783844 5 -1.598 1.02064 -0.750973 -0.562729 3.92397 22 175 8539 8538 1 0.313641 0.313641 3 
-5 1.96125 4.8643 0.27396 -0.429122 -0.0438253 3.85018 22 176 6409 6408 1 0 0 4 
-2.57845 1.34034 5 0.222004 -0.241109 -0.0770727 3.87665 22 177 5755 5724 1 0 0 2 
-3.11637 -3.46118 -5 -0.0585939 -0.930286 0.636549 3.77097 22 178 1734 1532 1 0.672539 0.672539 7 
-5 -4.69773 -0.134345 0.553541 -2.43751 1.18228 3.81139 22 179 7251 7231 1 0.147577 0.147577 5 
0.419334 5 -1.70168 0.119441 -0.918842 0.687419 3.78037 22 180 23369 23368 1 0 0 3 
-0.0447744 5 0.506975 -0.0861773 -0.111185 0.098612 3.89677 22 181 3908 3884 1 0.93469 0.93469 28 
0.96038 0.343781 5 0.131335 -0.0630338 -0.43395 3.84818 22 182 16342 16341 1 1.18302 1.18302 30 
-5 0.865015 -2.13736 0.11226 -0.492486 0.0772997 3.82918 22 183 11389 11368 1 0 0 4 
-5 3.12481 0.0661904 0.145799 -0.307494 -0.185902 3.86923 22 184 15936 15935 1 0.370268 0.370268 26 
1.2885 5 0.631875 -0.149354 -0.488403 0.0165935 3.83957 22 185 12724 12723 1 0.171157 0.171157 7 
-1.29519 -5 -0.485086 0.437452 0.118951 0.0879078 3.91147 22 186 16219 16179 1 0 0 2 
-3.90728 -4.59169 -5 0.758791 -1.71708 2.19329 3.7621 22 187 2431 2421 1 0 0 4 
0.368456 4.4309 5 0.116796 -0.177565 -0.498112 4.17394 22 188 31872 31765 1 0.215187 0.215187 4 
0.884241 5 1.71984 0.455422 -0.211811 -0.0940577 3.84082 22 189 16371 16335 1 0.160077 0.160077 12 
-1.32278 3.06208 -5 0.629311 -1.30519 4.18853 3.73381 22 190 42656 42369 1 0.338454 0.338454 9 
0.245253 5 3.11201 -0.0821365 -0.48841 0.125813 3.9698 22 191 10596 10595 1 0 0 5 
2.514 -5 2.68875 0.174025 0.28683 -0.00808827 4.0304 22 192 9009 8973 1 1.07292 1.07292 44 
-5 1.57844 2.80166 0.175696 -0.365055 -0.311425 3.98285 22 193 6888 6886 1 0 0 2 
0.412773 5 2.02497 0.0122846 -0.171203 -0.124404 3.8505 22 194 1487 1356 1 0.00267087 0.00267087 6 
-5 -2.80704 -3.54676 0.143571 -0.490156 0.0159377 3.87416 22 196 14426 14403 1 0.49888 0.49888 16 
4.64763 -2.23877 5 0.50666 -0.891897 -1.24656 4.12578 22 197 9046 9002 1 0 0 3 
1.56788 -0.601186 -5 0.355295 -0.610783 0.398664 3.79806 22 198 7396 1 1 0 0 1 
1.0312 0.648273 -5 0.214753 -0.258593 0.286462 3.75494 22 199 4395 4274 1 0.16937 0.16937 4 
-1.27715 4.10208 -5 0.13204 -0.204556 0.0765863 3.78236 22 200 29380 29378 1 0.0188467 0.0188467 2 
-2.65116 5 -4.69675 -0.097065 -0.263937 -0.426656 4.07865 22 201 1004 1003 1 0 0 3 
2.39301 5 -2.57835 0.229015 -0.41702 0.19166 3.80645 22 202 20765 20698 1 0 0 4 
-4.9567 5 -0.247367 8.19098 -10.3706 2.56846 3.8487 22 203 7189 7110 1 0 0 2 
-5 2.42915 -4.60122 0.119513 0.0693856 0.0632454 3.81849 22 204 4443 4442 1 0 0 11 
-4.78235 5 0.112627 -0.260611 -0.359505 0.244529 3.78185 22 205 7264 7070 1 0.435865 0.435865 5 
-5 0.404094 0.850521 1.196 -1.71712 0.0829738 3.84675 22 206 24463 24395 1 0.510718 0.510718 20 
-3.86687 5 0.56282 0.323458 -0.26501 0.0135654 3.85196 22 207 5644 5411 1 0 0 5 
-3.66718 0.781917 -5 0.0629768 -0.306536 0.343513 3.75568 22 208 30624 30623 1 0.21032 0.21032 3 
-5 -3.61713 2.94286 0.244818 -0.228449 0.00823967 4.16474 22 209 4445 4444 1 0.0950161 0.0950161 6 
-5 4.44873 -0.605565 0.191464 -0.352683 0.0108247 3.82988 22 210 8301 8186 1 0.340804 0.340804 27 
-4.9517 -4.44164 -5 0.139096 -1.1148 1.17291 3.77489 22 211 6049 5661 1 0.510836 0.510836 14 
-5 1.36992 4.17767 0.406243 -0.910183 -0.191272 3.83507 22 212 1002 1 1 0.314458 0.314458 11 
-5 2.93586 -0.958076 1.31192 -1.32998 3.15257 3.75819 22 213 22392 22237 1 0.522144 0.522144 47 
-0.772924 5 3.26372 0.264863 -0.129391 -0.112899 3.87544 22 214 23000 22847 1 0.312744 0.312744 30 
5 3.42459 1.02524 -0.310863 -0.0913262 -0.39515 3.9178 22 215 4034 4033 1 0.510671 0.510671 19 
0.894569 5 -2.17647 0.35355 -0.382092 -0.0744471 3.85967 22 216 30931 30930 1 0 0 2 
-4.56938 5 -4.79707 3.25816 -8.23724 9.05645 3.75061 22 217 2666 2436 1 6.54685 6.54685 56 
4.01046 5 4.70371 -0.108984 -0.231408 -0.0130772 3.80881 22 218 10919 10918 1 0.255797 0.255797 27 
0.428891 3.86589 5 0.331996 -0.505314 -0.615435 4.08775 22 219 17171 17160 1 0.227009 0.227009 10 
-0.427168 -0.553384 5 0.158942 -0.240416 -0.421969 4.04466 22 220 17659 17657 1 0 0 6 
5 -0.0931813 0.191829 -0.0812389 -0.0561092 0.245831 3.77697 22 221 8539 8354 1 0.666489 0.666489 35 
-2.79098 -2.76834 5 0.183928 -0.351478 -0.322108 4.07076 22 222 7861 7860 1 0 0 2 
-1.55049 5 -3.58433 -0.0455899 -0.286622 -0.336261 4.03379 22 223 11055 10991 1 0 0 2 
2.93874 5 1.50853 18.5175 -22.2799 6.28516 3.85086 22 224 10939 10898 1 0 0 2 
-5 0.604998 -1.28983 0.341965 -0.294661 0.598586 3.75466 22 227 6892 6782 1 1.4688 1.4688 93 
1.57125 5 4.40546 0.332809 -0.281537 0.00219887 3.96321 22 228 1515 1512 1 0.169331 0.169331 17 
-5 -0.0440571 -0.48682 0.343068 0.0360603 -0.538158 3.83382 11 229 7496 7482 1 0.339188 0.339188 20 
-5 1.04692 3.80733 0.283753 -0.0822699 -0.0403 4.14636 22 230 3752 3701 1 0 0 2 
-5 -0.675351 -0.0481793 0.306142 -0.406776 0.043936 3.82081 22 231 7522 7521 1 0 0 8 
0.600405 5 -1.7904 0.293882 -0.140044 -0.126787 3.85224 22 232 13413 12865 1 0 0 5 
-3.47605 -2.6086 5 -0.0553602 0.0261711 -0.175983 3.91885 22 233 9546 9513 1 0.192011 0.192011 23 
-0.4987 -0.664936 -5 -0.283895 -0.965567 1.14023 3.7661 22 234 14863 14861 1 0 0 6 
2.27653 -0.796343 -5 0.307804 -0.613073 0.72191 3.78594 22 235 22572 22541 1 0 0 1 
-3.00584 -2.59368 5 0.271791 -0.307745 -0.304208 3.94889 22 236 3073 3059 1 0 0 6 
-3.3341 4.61991 5 -0.0653885 -0.280384 -0.422172 4.05211 22 237 12581 12580 1 0.51068 0.51068 24 
-5 -1.31586 0.112165 0.394475 -0.430688 0.102389 3.80816 22 238 11684 11642 1 0 0 1 
-1.11433 5 -1.01916 0.1706 -0.406358 0.100918 3.80913 22 239 7549 7548 1 0 0 9 
-2.18654 5 4.38911 -0.106315 -0.268688 0.132746 3.83585 22 240 14289 14288 1 0.261719 0.261719 6 
5 3.76281 0.747908 -0.142341 0.0371503 -0.0275932 3.82626 22 241 47087 47012 1 0.149301 0.149301 25 
0.508961 5 1.69731 0.247152 -0.34602 0.0716396 3.94352 22 242 3799 3798 1 0 0 5 
-1.0836 5 -2.70753 0.26079 -0.286893 -0.332867 4.09 22 243 5795 5794 1 0 0 1 
-5 4.6367 -1.98944 0.120818 -0.261881 0.313866 3.76542 22 244 4324 4278 1 0.782923 0.782923 50 
0.530835 2.30276 5 -0.0653134 -0.0481223 -0.198647 3.84551 22 245 12723 12677 1 0.0697583 0.0697583 38 
2.50657 5 0.0238333 0.325497 -0.816386 2.28009 3.76069 22 246 27821 27712 1 0.129548 0.129548 3 
-5 -1.78114 -2.46706 0.373637 -0.0824024 0.0517886 3.96663 22 247 11100 11098 1 0.270194 0.270194 12 
-2.13049 5 3.82462 0.275587 -0.219394 -0.247452 4.07363 22 248 2482 2446 1 0.685779 0.685779 24 
5 -4.50769 1.24251 -0.544965 -1.17461 -0.26104 3.95366 22 249 1114 1113 1 0.214361 0.214361 9 
-4.46781 -2.37662 -5 0.368419 -0.712025 1.61252 3.73883 22 250 15485 15461 1 1.09752 1.09752 14 
-1.55918 5 2.34504 0.455267 -0.354659 -0.0677996 3.86993 22 251 17181 17039 1 0.245229 0.245229 34 
-3.16822 5 4.46701 0.124515 -0.368118 -0.129023 3.86562 22 252 28469 28468 1 0 0 2 
-3.80645 5 -3.1921 0.588256 -1.69595 1.53221 3.77053 22 253 28569 28515 1 0.0990936 0.0990936 3 
-0.497192 5 1.8935 0.663825 -1.60591 -1.53772 3.9938 22 254 5315 5314 1 4.79179 4.79179 81 
1.14371 -0.32451 5 0.199472 -0.334717 -0.330598 3.97692 22 255 2763 2736 1 0 0 4 
-5 -1.35332 -3.95831 0.164384 -0.195813 -0.415393 4.15041 22 256 11357 11356 1 0.364632 0.364632 39 
2.52369 5 -4.51683 0.0749483 -0.240198 -0.444756 3.97291 22 257 1479 1447 1 2.84288 2.84288 11 
-1.43189 5 -3.87272 1.21701 -1.34543 1.27687 3.79629 22 259 47953 47639 1 0 0 1 
-1.43108 5 3.22821 0.178622 -0.26919 0.189408 3.7874 22 260 16388 16387 1 0 0 1 
3.08428 5 -2.51137 0.269404 -0.363823 0.39607 3.78604 22 261 12084 11922 1 0 0 1 
-4.02931 4.72406 5 -0.540762 -0.320228 -0.499765 3.85442 22 262 1068 1043 1 0.812661 0.812661 32 
4.59348 -2.58869 -5 0.29805 -0.284876 0.274217 3.8035 22 263 12234 12210 1 0 0 1 
4.70547 5 1.75131 1.1156 -2.68735 4.39389 3.77391 22 264 4526 4400 1 0 0 3 
0.638126 -0.898882 -5 0.581556 -1.05817 1.97136 3.74873 22 265 24112 23874 1 0.233224 0.233224 23 
-0.704729 5 -4.45559 0.56262 -0.354952 0.121994 3.96361 22 266 2099 2077 1 0.168024 0.168024 19 
-2.34662 5 3.31222 0.327396 -0.392228 -0.00943905 3.9201 22 267 33671 33670 1 0 0 2 
1.964 5 -0.764829 0.132216 -0.227332 -0.162589 3.97379 22 268 14143 13907 1 0 0 3 
-4.22669 5 0.287641 0.2672 -0.300825 -0.192165 3.9428 22 269 3652 3616 1 0 0 5 
-4.58815 4.59922 -5 1.36169 -1.44078 0.662258 3.80897 22 270 8817 8783 1 0.426353 0.426353 4 
-3.68757 5 0.803441 0.226962 -0.157568 -0.187537 3.91812 22 271 7972 7956 1 2.01567 2.01567 8 
-4.48187 5 1.35035 0.132224 -0.355698 0.198489 3.80098 22 272 34033 33812 1 0.427778 0.427778 32 
1.56311 5 -0.13938 0.163453 -0.624775 0.495456 3.78407 22 273 10821 9743 1 0.0432126 0.0432126 4 
-1.07329 -1.48342 5 0.286226 -0.28338 -0.314468 3.95849 22 274 22928 22927 1 0.146588 0.146588 25 
2.14558 3.85236 -5 0.319571 -0.518607 0.254853 3.79632 22 275 2493 2466 1 0 0 2 
-1.09119 1.74481 5 -0.24808 0.117539 -0.431 3.92077 22 277 17192 17140 1 0.439535 0.439535 48 
-5 -4.16421 2.24491 0.472746 -0.878931 0.793624 3.79463 22 278 12541 12244 1 0 0 2 
3.86739 3.09441 -5 0.272627 -0.151498 0.404775 3.76546 22 279 19780 19777 1 0 0 5 
0.424714 5 2.6991 0.48486 -0.665239 0.370201 3.80404 22 280 17055 17052 1 0.216138 0.216138 24 
-5 3.59259 2.80105 0.295774 -0.401624 0.111066 3.84359 22 281 12458 12453 1 0 0 3 
-2.40588 5 -0.504455 0.199099 -0.413563 -0.2246 3.91962 22 282 17584 17583 1 0.249708 0.249708 6 
0.391557 5 -2.27586 0.000757845 -0.4877 0.152537 3.7825 22 283 1262 1261 1 0 0 1 
-5 4.55965 -1.58813 0.225151 -0.293157 -0.2069 3.85774 22 284 39491 39490 1 0 0 1 
4.09192 5 4.98131 0.143966 -0.158119 0.380151 3.77733 22 285 19733 19688 1 1.16137 1.16137 64 
-1.36555 -2.79909 5 0.121925 -0.29349 -0.365853 3.91571 22 286 4893 4855 1 0.90427 0.90427 6 
-2.90126 -4.806 -5 2.41514 -2.78797 3.23511 3.77799 22 287 10414 10306 1 0.465225 0.465225 4 
1.29602 5 -3.88289 0.0672711 -0.415571 0.142397 3.8282 22 288 9006 9005 1 0 0 3 
-1.95405 -2.1904 -5 1.17447 -2.94956 1.44522 3.79967 11 289 16232 15824 1 3.05575 3.05575 34 
4.65203 5 2.66934 0.14505 -0.468996 -0.141857 3.87263 22 290 1824 1823 1 0 0 4 
2.31886 5 1.13031 1.65365 -1.10349 1.32505 3.79029 22 291 5007 4987 1 0.596684 0.596684 30 
4.32959 5 -1.55545 0.697922 -0.952877 -0.386625 3.88037 22 292 23705 23704 1 0 0 5 
-3.41392 -4.64381 5 -0.0262196 0.192389 -0.309791 3.907 22 293 6581 6579 1 0.201574 0.201574 4 
-2.04841 -2.18791 -5 1.28486 -1.87374 3.86163 3.7604 22 294 35842 35396 1 0 0 1 
-3.02738 1.21359 -5 0.603245 -0.868684 1.10189 3.75793 22 295 9302 8763 1 0 0 8 
-2.55164 5 2.7281 0.955464 -1.65605 1.92871 3.79022 22 296 4673 4672 1 0 0 2 
-2.87662 0.256528 -5 -0.0939982 -0.484473 0.23749 3.76236 22 297 3287 3142 1 0.411667 0.411667 17 
-1.44552 5 -2.12055 0.252917 -0.461037 0.225239 3.79578 22 298 8260 7830 1 0 0 3 
0.531641 4.31374 -5 0.0992487 -0.186441 0.30494 3.7481 22 299 12819 12536 1 0 0 3 
-2.29914 5 4.13035 0.27353 -1.11786 0.143649 3.90027 22 300 17369 17368 1 0 0 3 
4.56374 -1.89916 5 0.278613 -0.395745 -0.163952 4.00289 22 301 35042 35041 1 0 0 2 
2.28178 5 -4.67501 0.34467 -0.158588 0.297026 3.82981 22 302 5124 5123 1 2.07972 2.07972 42 
4.5491 5 -4.26554 0.254723 -0.622012 -1.68817 4.10271 22 303 14142 14139 1 0.0840931 0.0840931 5 
-2.6583 2.58355 -5 0.343644 -0.322794 1.35206 3.73501 22 304 1786 1565 1 0 0 7 
-1.93196 1.9044 5 0.0627843 0.129839 -0.0749031 3.85446 22 305 13058 13006 1 1.13965 1.13965 28 
-0.13548 5 -1.19653 -0.0200575 -0.200452 -0.099352 3.90531 22 306 1445 1444 1 0.22422 0.22422 23 
4.8013 4.43842 -5 2.406 -3.81838 2.88632 3.79389 22 307 3011 2974 1 0.485046 0.485046 54 
4.04732 5 -3.83213 0.227029 -0.130145 0.0637581 3.8886 22 308 22602 22481 1 0.0793419 0.0793419 6 
-4.92235 5 -3.44595 0.788158 -0.93672 0.698083 3.77288 22 309 12292 12161 1 0.3635 0.3635 25 
2.35319 3.20353 -5 1.5694 -2.36247 1.40251 3.77421 22 310 10047 9928 1 3.13938 3.13938 45 
-5 0.395804 -3.30356 0.0955231 -0.180564 0.213068 3.76019 22 311 1692 1 1 0 0 11 
-0.239287 -3.99999 5 0.145542 -0.289764 -0.478724 4.11244 22 312 11361 11355 1 0 0 8 
0.168879 -1.14374 5 0.218192 -0.0279751 -0.350905 3.96174 22 313 19798 19796 1 0.413536 0.413536 39 
-5 3.78985 4.32641 0.117607 0.108692 0.184151 3.81022 22 314 3506 3488 1 0 0 4 
-4.59775 5 -3.77983 0.111122 -0.449459 0.216237 3.82043 22 315 21169 21152 1 0 0 1 
4.05047 5 -2.26817 0.12911 -0.523998 0.532948 3.79588 22 316 2700 2699 1 0 0 2 
-1.24603 5 0.496003 0.260962 -0.594481 0.631018 3.7877 22 317 6012 5357 1 0 0 1 
-3.13059 -4.56432 -5 0.0903747 -0.203678 0.273824 3.75571 22 318 36075 36012 1 0 0 2 
2.81462 0.899773 -5 0.553943 0.0474989 0.730142 3.79745 22 319 1930 1929 1 6.46486 6.46486 70 
-3.3162 -4.88886 5 0.144525 -0.278496 -0.131412 3.95432 22 320 8196 7795 1 0 0 1 
-0.936625 5 -4.71566 -0.194794 -2.13202 -0.0207194 3.7888 11 322 3947 3776 1 10.1278 10.1278 131 
-3.26841 5 4.50886 0.0470557 -0.280396 -0.424598 4.21048 22 323 9365 9364 1 0 0 2 
0.665631 5 2.72647 0.304418 -0.344847 -0.222553 3.95893 22 324 3512 3487 1 4.08861 4.08861 99 
-5 -4.87888 -2.37257 0.232136 -0.388107 0.216744 3.80571 22 325 36645 35475 1 0 0 1 
1.70155 5 -1.50211 1.71323 -2.37811 5.1253 3.772 22 326 9090 8871 1 0 0 1 
-5 -4.73933 1.41791 0.0926808 -0.192386 0.167028 3.82553 22 327 36019 35975 1 0.0965247 0.0965247 4 
-1.18324 5 -4.28584 0.174014 -0.394274 0.236051 3.78687 22 328 26253 26212 1 0.148107 0.148107 28 
-4.75085 5 -3.91203 -0.0611011 -0.353042 -0.364346 3.93125 22 329 6540 6522 1 0.557194 0.557194 76 
-5 -1.82959 -0.856325 1.56163 -8.08182 4.59676 3.82105 22 330 15940 15910 1 0 0 2 
-3.66753 -1.93013 -5 0.550507 -0.663067 1.29123 3.76456 22 331 2252 2201 1 0.547299 0.547299 43 
-3.0264 5 4.01839 -0.189987 -0.0404767 0.172978 3.87121 22 332 31506 29337 1 0 0 3 
4.90275 5 -1.76791 -0.0944892 -0.165369 0.0358477 4.3493 22 333 6013 6012 1 0.193389 0.193389 29 
-5 1.53569 2.2537 0.841424 -1.07954 -0.189322 3.87762 22 334 53975 53898 1 0.299446 0.299446 29 
3.55359 5 -2.45496 0.213584 -0.21137 0.0759962 3.82824 22 335 4361 4321 1 0 0 4 
4.53782 5 1.53582 0.225563 -0.236335 -0.371036 3.99849 22 336 41990 41887 1 0 0 1 
-1.06702 0.617966 -5 0.218178 -0.23144 0.470427 3.78009 22 337 24358 24355 1 0.316926 0.316926 4 
-4.50619 5 2.02629 0.123192 -0.338158 0.119639 3.82353 22 338 16708 16707 1 0 0 2 
-5 1.33305 -1.44151 0.112834 -0.171367 0.0900811 3.79849 22 340 10761 10671 1 0.675199 0.675199 19 
-5 -3.21419 0.0641388 0.0767783 0.29988 0.23332 3.84405 22 341 17811 17810 1 0 0 4 
-4.47635 5 -2.25956 0.952257 -1.91242 1.33512 3.74866 22 343 7423 7393 1 6.54631 6.54631 35 
-1.50589 5 -1.98668 0.109059 -0.603358 0.484776 3.76585 22 344 1050 1 1 2.04945 2.04945 55 
-1.79182 0.327472 -5 0.0724328 -0.254667 0.227766 3.7782 22 345 3322 3321 1 0 0 10 
-0.357144 5 -3.92662 0.387134 -0.294322 0.156913 3.81465 22 346 10829 10828 1 0.0552112 0.0552112 5 
-5 3.06698 1.99556 0.281139 -0.366168 -0.219094 3.90869 22 347 31943 31925 1 0.153128 0.153128 3 
-0.548511 5 2.05756 -0.00321738 -0.443003 0.254672 3.84232 22 348 3986 3965 1 0 0 2 
-4.60319 5 2.71686 0.458359 -0.887091 1.36083 3.78509 22 349 1099 1 1 0 0 5 
-5 4.19168 1.0019 0.848598 -0.748335 0.212623 3.84339 22 350 5660 5659 1 0.239346 0.239346 35 
-1.56511 5 -1.35355 0.462927 -1.20914 0.654723 3.81059 22 351 2096 2011 1 0 0 4 
-4.30603 5 3.92816 0.560132 -1.68078 3.13283 3.76972 22 352 10139 10063 1 0 0 3 
-1.77473 5 -0.290485 0.211849 -0.244701 0.412667 3.76596 22 353 18378 18377 1 0.748985 0.748985 65 
-2.01558 -1.43664 5 0.223784 -0.112693 -0.403972 4.05391 22 354 7024 7001 1 2.3313 2.3313 26 
5 1.47924 -4.75786 -0.209485 -0.276346 -0.00691004 4.06863 22 355 24824 24822 1 0 0 2 
-5 1.53965 1.67796 0.254303 -0.2361 -0.262335 3.92731 22 357 1051 1050 1 0.488506 0.488506 13 
-4.3232 5 -0.152602 0.242968 -0.387735 0.241443 3.80398 22 358 5526 5447 1 0.14111 0.14111 20 
3.9667 -0.953279 5 0.32817 -0.414877 -0.269836 4.01123 22 359 9623 9620 1 0.412349 0.412349 14 
2.3448 -1.4939 5 0.167552 0.0221096 -0.238258 3.82948 22 360 20796 20651 1 0.345077 0.345077 46 
0.22083 5 0.843429 0.477565 -0.410054 -0.834275 4.02897 22 361 23076 23075 1 0 0 1 
-3.26671 5 4.92598 0.271252 -0.323325 0.288103 3.80955 22 362 21578 21558 1 0 0 4 
-3.22715 5 -0.86911 0.321651 -0.279288 0.0785863 3.81571 22 363 16713 16552 1 0.633658 0.633658 44 
2.95035 5 2.51908 0.137336 -0.0991413 0.438725 3.809 22 364 34378 34036 1 0.635667 0.635667 5 
2.00058 -2.6489 -5 0.18121 -0.224036 0.111981 3.99105 22 365 9110 9109 1 0 0 3 
-0.669533 5 -3.92597 0.159974 -0.113308 -0.249684 3.83523 22 366 13645 13644 1 0 0 4 
-2.03334 5 0.578201 0.195946 -0.382279 -0.276745 3.91658 22 367 34191 34190 1 0.145506 0.145506 21 
-4.70188 2.54515 5 0.22029 -0.769742 -1.01186 3.81783 22 368 26945 26944 1 0 0 1 
1.42235 4.96152 5 0.213835 -0.213272 -0.412201 4.04815 22 369 6191 6190 1 0 0 5 
-2.95187 -1.15157 -5 -0.0278112 -1.48276 3.23834 3.75941 -11 370 1042 1041 1 1.88552 1.88552 36 
-1.61912 -4.46246 5 22.924 2.71583 -38.5488 10.143 2112 371 12784 12738 1 0 0 4 
-5 -4.20608 -2.3609 0.308944 -0.300534 0.133064 3.932 22 372 3702 3604 1 0 0 7 
1.00733 1.96226 -5 0.09899 0.0384141 0.225173 3.81689 22 373 10890 10727 1 0 0 4 
-2.44862 5 3.71436 0.395986 -1.28696 -0.21167 3.83939 22 374 17918 17917 1 0.170199 0.170199 7 
4.79408 -3.65012 5 -0.0370142 0.00737576 -0.253048 4.0019 22 375 7198 7197 1 0 0 1 
4.73979 -2.13382 -5 0.74674 -0.707464 0.268757 3.83326 22 376 13171 13170 1 0.574928 0.574928 5 
-5 3.94304 -4.81253 0.364281 -0.356525 -0.0361832 3.86461 22 377 21835 21834 1 0 0 1 
5 -4.65509 0.7088 -0.094544 -0.00128771 -0.243736 3.96329 22 378 22874 22849 1 0 0 9 
-4.45162 -1.09108 5 -0.0127332 -0.463248 -0.21531 3.96568 22 380 16489 16467 1 0 0 6 
-3.36256 5 1.78953 -0.101237 -0.143811 -0.0402314 3.89622 22 381 35033 35013 1 0.198895 0.198895 24 
2.459 4.5725 -5 0.359135 -0.323763 0.0942428 3.83735 22 382 9818 9793 1 0.801547 0.801547 43 
1.59462 2.98734 5 0.237561 -0.350487 -0.0708525 3.86348 22 383 18550 18317 1 0 0 3 
-0.526425 5 -0.306002 0.981316 -2.33232 3.68842 3.77064 22 384 19918 19855 1 0 0 1 
4.53879 -0.867765 5 0.610553 -0.391258 -0.896431 3.95744 22 385 9316 9275 1 0.16332 0.16332 5 
-5 -1.02866 2.7838 0.373314 -0.637027 0.235553 3.80945 22 387 29355 28924 1 0.388231 0.388231 48 
-0.93713 3.62427 5 0.261415 -0.206521 -0.387467 3.93053 22 388 26892 26872 1 0 0 1 
-5 1.85101 4.13654 0.240111 -0.343209 0.292701 3.80894 22 389 29492 29459 1 0.0811219 0.0811219 3 
2.2595 5 -1.09972 0.276681 -0.289876 -0.317079 3.87136 22 390 10930 10915 1 0.262973 0.262973 4 
2.46345 5 4.97025 0.147291 -0.235752 0.321925 3.83981 22 391 15758 15745 1 0.346259 0.346259 26 
-5 1.76311 4.23635 0.318158 -0.291069 0.784266 3.76651 22 393 1251 1233 1 0.644825 0.644825 60 
4.83519 5 -0.199692 0.00149595 -0.397497 -0.196252 3.7944 22 394 3063 3027 1 3.10889 3.10889 98 
-5 -3.88695 -3.59353 0.231304 -0.39674 0.224089 3.86544 22 395 16191 16190 1 0.449586 0.449586 8 
-4.07258 2.46399 5 0.0194503 -0.18184 -0.183298 3.86064 22 396 9172 9171 1 0 0 9 
-5 -1.86364 -1.41859 0.0429419 -0.135758 -0.181512 3.91567 22 397 30666 30359 1 0.230238 0.230238 29 
5 -0.579877 0.561228 -0.0984893 -0.145876 -0.0146109 4.06327 22 398 9260 9222 1 0 0 3 
-4.12427 -3.79153 5 0.4982 -0.340097 -0.120868 3.93413 22 399 4937 4916 1 0.86804 0.86804 46 
1.46367 -0.0658832 5 0.0736492 -0.198451 -0.149835 3.98891 22 400 3913 3885 1 0 0 2 
0.727717 5 1.846 2.95792 -4.24933 5.31986 3.78469 22 401 49419 49375 1 0 0 1 
-4.2901 5 -1.3435 0.360264 -0.447668 0.352531 3.78769 22 402 23657 21712 1 0.31139 0.31139 24 
0.340839 -3.93001 -5 0.118992 -0.369931 0.21568 3.82443 22 403 5787 5762 1 0 0 4 
1.61135 2.05641 5 0.178235 -0.172499 -0.446762 4.18895 22 404 5002 5001 1 0 0 3 
-1.40763 5 0.760428 0.524421 -0.44075 1.5853 3.7554 22 405 1169 1 1 0.388405 0.388405 24 
2.53723 5 2.25977 0.145453 -0.217405 -0.126766 3.81754 22 406 4164 4150 1 0.405257 0.405257 5 
-5 3.32529 -2.29013 0.582315 -0.417356 0.565705 3.76239 22 407 7093 7007 1 0 0 6 
-5 4.75741 -0.931512 0.334582 -0.159152 -0.118136 3.97089 22 408 14620 14619 1 0 0 1 
-4.77809 5 2.06369 0.149286 -0.183079 -0.0458652 3.86238 22 409 12307 12306 1 0 0 5 
2.96803 4.44799 5 0.161692 -0.191175 -0.445452 4.30543 22 410 10113 10112 1 0.185954 0.185954 19 
1.53574 5 2.17826 0.284134 -1.23606 -1.39502 3.99855 22 411 12316 12314 1 0 0 7 
-5 -0.849151 0.829066 0.264139 -0.199597 0.163829 3.83299 22 412 8285 8284 1 0.0922322 0.0922322 4 
-3.44665 3.24996 -5 0.759631 -0.322926 0.752699 3.818 22 413 25673 25606 1 0.284263 0.284263 32 
-3.2268 5 2.66711 0.111062 -0.350045 -0.17763 3.92113 22 414 28083 28082 1 0.40763 0.40763 21 
-5 0.798571 4.41175 0.511222 -0.563835 -0.553712 3.88921 22 415 2680 2679 1 0 0 6 
-0.108389 5 -2.09865 0.208055 -0.18734 -0.204169 3.843 22 416 3615 3614 1 0.649433 0.649433 47 
-0.0500135 5 -1.18204 0.127099 -0.170585 0.0904606 3.79406 22 417 44227 44198 1 0.230873 0.230873 20 
2.85647 5 -3.32765 0.365249 -0.428202 0.0406757 3.84449 22 418 32201 32120 1 0 0 2 
4.07992 -3.15205 -5 0.396193 -2.65148 0.860558 3.83638 -11 419 4101 4100 1 1.78465 1.78465 31 
-4.83895 5 2.52997 0.164493 -0.258602 0.188925 3.8043 22 420 20940 20908 1 0 0 5 
4.63269 5 -4.42303 0.236143 -0.302607 0.33732 3.77843 22 421 5169 5147 1 0.510695 0.510695 24 
-0.0630132 5 -4.71724 -0.22856 -0.4556 0.0361734 3.85036 22 422 5027 5024 1 0.26745 0.26745 30 
-5 -0.419592 -2.21954 0.350008 -0.781174 0.633704 3.77272 22 424 11598 11466 1 0 0 5 
-5 -3.47831 0.881655 0.313693 -0.314852 -0.172472 3.771 22 425 31853 31705 1 0.550175 0.550175 5 
4.91526 2.89192 -5 1.59625 -2.76785 5.24214 3.75555 22 426 6195 6194 1 0 0 4 
-5 1.87073 -2.64547 0.211453 0.00212237 0.12138 3.81553 22 427 42765 38777 1 0.243356 0.243356 33 
-5 1.02293 -4.85096 3.25285 -4.04302 8.39215 3.73842 22 428 16546 16501 1 0.573997 0.573997 40 
-5 -4.29458 -1.96428 0.324167 -0.385255 -0.917863 4.22909 22 429 2585 2490 1 0 0 1 
-5 -2.71379 0.827451 0.401685 -0.021464 -0.431688 3.9934 11 430 11428 11399 1 0.239596 0.239596 8 
-5 -2.6761 2.56243 0.18832 -0.272288 0.326602 3.79624 22 431 15621 15606 1 0.18579 0.18579 5 
0.60641 5 1.87317 0.239109 -0.103602 -0.43956 4.03774 22 432 6145 6120 1 0.353844 0.353844 6 
-3.11151 -5 2.67545 0.429472 0.885991 -0.669107 3.88804 22 433 13008 13007 1 0.297029 0.297029 5 
2.40623 5 -0.540932 0.0897168 -0.476972 1.18567 3.77992 22 434 20397 20355 1 0.0894918 0.0894918 2 
4.98545 5 -3.49919 0.10257 -0.455883 -0.166417 3.97499 22 435 3791 3789 1 0 0 3 
-5 -2.13194 -4.68287 0.133739 -0.198209 0.148317 3.78387 22 436 10803 1 1 1.6165 1.6165 56 
2.0458 5 -4.67955 0.318841 -0.314453 0.348554 4.77592 22 437 18032 18002 1 0 0 4 
-4.34679 3.63322 5 0.428755 -0.64867 -0.509484 4.0065 22 438 4615 4611 1 0 0 3 
0.278583 3.18588 -5 0.362736 -1.26311 1.17779 3.76573 22 439 17983 17945 1 0.452322 0.452322 55 
-0.706255 5 -4.03448 0.575783 -1.328 3.29115 3.74141 22 440 4197 4077 1 0 0 9 
4.87631 5 -0.976383 0.37602 -0.85101 0.251117 3.80896 22 441 7539 7534 1 0 0 2 
-1.77075 -3.81582 5 -0.055351 -0.316761 -0.169445 3.98741 22 442 1648 1647 1 1.28347 1.28347 4 
-0.06744 -3.67621 5 -0.140806 -0.161418 -0.224329 4.17306 22 443 10871 10788 1 0.102992 0.102992 4 
-5 3.48284 4.22131 0.361197 -0.341857 -0.117431 3.84992 22 444 3155 3154 1 1.02814 1.02814 51 
0.825973 -2.31457 5 0.445827 0.335711 -0.124993 3.87755 22 445 20389 20388 1 0 0 4 
-4.92863 5 -4.06844 -0.153986 -0.419192 0.265224 3.99126 22 446 12282 12278 1 1.56109 1.56109 9 
0.686106 -0.977947 -5 0.923546 -0.984902 1.66928 3.83177 22 447 40240 40176 1 0.106348 0.106348 3 
2.48241 3.89007 -5 -0.0971742 -0.411929 0.212652 3.82505 22 449 23076 23053 1 0 0 2 
-5 -4.19462 -1.10302 0.319737 0.236312 0.103293 3.90983 22 450 17881 17880 1 0.410472 0.410472 26 
-5 -2.62661 4.6405 0.249407 -0.255667 -0.0611876 3.90542 22 451 16246 16212 1 0 0 2 
-3.22446 5 0.681953 0.212088 -0.543642 0.623715 3.78538 22 452 3015 2401 1 0 0 3 
-0.027857 5 1.00438 2.38231 -1.91449 -0.512302 3.79403 22 453 3595 3577 1 0.0980429 0.0980429 10 
4.19175 5 -2.28442 0.808011 -0.758511 0.766657 3.80379 22 454 4233 4198 1 0 0 3 
4.32569 5 -4.12698 0.285028 -0.41816 0.0708623 3.82287 22 455 5659 5658 1 0.100555 0.100555 9 
-3.19091 4.38444 5 0.219293 -1.57347 -1.25949 4.035 22 456 42372 42371 1 0 0 1 
2.45651 4.35376 5 0.046327 -0.252494 -0.386475 4.17444 22 458 38188 38187 1 0 0 2 
1.17736 1.05032 -5 1.22827 -2.43905 5.73714 3.74912 22 459 2512 2393 1 0 0 1 
1.14296 5 3.96266 0.134557 -0.473613 0.136766 3.91245 22 460 38848 38829 1 0 0 2 
3.25377 5 1.21101 0.22102 -0.321681 0.28464 3.79169 22 461 10899 10898 1 0 0 2 
4.42071 0.743432 -5 -0.0344664 0.15201 0.257083 4.81433 22 462 4452 4398 1 0 0 2 
-1.07557 -1.30225 -5 3.10773 -2.94257 5.91675 3.75884 22 464 21857 21547 1 0 0 3 
4.66149 5 -4.54082 0.382829 -0.402302 -0.239514 3.90425 22 465 11894 11825 1 0 0 1 
-3.64934 5 -2.33061 0.372494 -0.725625 0.137331 3.83507 22 466 32308 32176 1 0 0 5 
-5 -2.98645 4.98401 0.123597 -0.106247 -0.145673 3.90948 22 467 4951 4873 1 0.984499 0.984499 80 
-2.05754 -0.517474 -5 -0.0369505 -0.168835 0.141644 3.82085 22 468 17903 17819 1 0 0 4 
2.0985 5 2.72846 0.521984 -0.247743 0.207638 3.8193 22 469 32811 31505 1 0 0 1 
-5 2.64399 2.94819 0.211462 -0.46519 -0.00152189 3.8372 22 470 20633 20632 1 0.0923345 0.0923345 11 
-5 3.86355 3.34459 0.320562 -0.327637 -0.00660102 3.83047 22 471 29055 29034 1 0 0 4 
3.69124 -4.59347 5 0.23999 -0.338818 -0.297871 4.04283 22 472 4148 4146 1 0.891348 0.891348 31 
-4.90713 5 4.57087 0.00788939 -0.241043 0.0567538 3.83043 22 473 5501 5473 1 0 0 4 
-5 -4.69837 -4.67416 0.409988 -1.6699 -1.09874 4.01736 22 474 7445 7425 1 0.332037 0.332037 29 
-5 -2.66201 -0.0971251 0.0785304 -0.464013 1.3418 4.04447 22 475 6789 6787 1 0.55472 0.55472 2 
-5 0.349217 1.15494 0.161529 -0.43215 -1.10563 4.00244 22 476 13458 13336 1 0.200627 0.200627 15 
3.27432 5 -1.49113 0.160323 -0.319207 -0.0777229 3.80912 22 477 5581 1 1 0 0 1 
-1.26322 5 4.25708 0.194649 -0.318581 0.0177163 4.07988 22 478 11165 11108 1 0 0 3 
-5 -3.82211 4.59752 0.407249 -0.295401 0.0894765 3.84144 22 479 9893 9892 1 0 0 4 
-5 2.30232 -4.71376 0.110872 -0.443311 -0.228697 3.95044 22 480 22282 22281 1 0 0 3 
-2.9257 -4.40245 5 0.130416 -0.252539 -0.424659 4.11209 22 481 30237 30235 1 1.10751 1.10751 16 
-4.15227 0.933231 -5 0.130029 -0.544013 0.432981 3.78249 22 482 1295 1 1 0.387502 0.387502 20 
-5 -0.800207 1.61402 0.0489434 -0.138071 -0.189313 3.91068 22 483 17561 16883 1 0 0 2 
-5 0.954961 2.01118 0.316825 -0.214831 0.0783397 3.82585 22 484 3069 3068 1 0.233369 0.233369 25 
-2.18097 5 -1.90478 0.0766013 -0.206691 0.143896 3.92104 22 485 7739 7660 1 0.133346 0.133346 4 
1.28485 -0.87336 -5 0.271365 -0.100822 0.0905233 4.01545 22 486 11937 11936 1 0 0 1 
-5 -0.89594 4.71267 0.26266 -0.655295 0.626452 3.78648 22 487 4367 4288 1 0 0 7 
-1.08364 3.81378 -5 1.52804 -1.19527 3.25008 3.7445 22 488 2862 2737 1 0 0 3 
4.71624 1.52657 -5 1.8389 -4.11187 2.89827 3.78271 22 489 18875 18839 1 0.24372 0.24372 23 
1.02062 5 1.5735 0.118675 -0.331476 0.0124672 3.82025 22 490 6814 6583 1 0.0637986 0.0637986 4 
-5 -1.73492 4.15145 0.424195 -0.269906 0.0912642 3.87093 22 491 14375 14374 1 0 0 3 
0.472426 5 2.68998 0.0010179 -0.231198 -0.029036 4.18257 22 492 4107 4106 1 0.26401 0.26401 22 
-5 -2.59058 -3.38044 0.155315 -0.480463 -0.0784392 3.91846 22 493 20162 20161 1 0 0 4 
-5 -1.24261 2.52073 0.237648 -0.404085 0.203368 3.82268 22 494 8318 8289 1 0 0 2 
-2.68625 5 2.43476 0.0796343 -0.119408 0.288268 3.76213 22 495 6441 6175 1 0.176426 0.176426 24 
-1.40494 -4.54018 5 0.149536 -0.221668 -0.638046 4.18138 22 496 6579 6578 1 0.17889 0.17889 13 
-4.69963 5 1.07912 0.0813946 -0.503212 0.0356703 3.84963 22 497 47859 47857 1 0 0 1 
4.98506 5 3.25975 0.17946 -0.129761 -0.460517 4.17118 22 498 1998 1994 1 0.232699 0.232699 32 
-3.6004 5 -4.06089 0.0888282 -0.489214 0.117895 3.80918 22 499 4325 4314 1 0 0 1 
-3.42626 5 -0.992217 0.40054 -0.281673 -0.146109 3.95162 22 500 17488 17487 1 0 0 1 
4.46428 -0.866623 5 0.308629 -0.331235 -0.236964 4.01089 22 501 15848 15847 1 0 0 3 
-5 -1.92259 -2.03597 2.60851 -4.38343 6.3588 3.7699 22 502 2062 2029 1 0.864634 0.864634 41 
-0.63031 5 -0.870712 0.216403 -0.379464 0.113518 3.80599 22 503 1322 1321 1 0.0185373 0.0185373 11 
-3.99469 5 0.587619 0.212064 -0.46488 0.00595763 3.88189 22 504 19897 19896 1 0.00816879 0.00816879 5 
-5 -2.79067 -2.65503 0.418476 -0.14522 -0.0157407 3.77848 22 505 19888 19629 1 0 0 4 
-1.03602 -0.259386 5 -0.0905998 -0.345701 -0.084667 3.85338 22 506 5393 5392 1 0.621106 0.621106 48 
2.72744 5 -3.19376 0.186431 -0.0997556 0.215955 3.85037 22 507 11033 11032 1 0.237705 0.237705 4 
4.84337 5 -1.94754 0.496921 -0.290346 0.187362 3.81126 22 508 7805 7757 1 0 0 8 
-2.57742 3.79402 5 0.267028 -0.365093 -0.237747 3.91335 22 509 17833 17832 1 0.239252 0.239252 3 
2.15456 5 -2.93572 0.0780598 -0.194277 -0.1687 3.86038 22 511 2290 1 1 0 0 4 
-1.36331 1.92485 5 0.162423 -0.139117 -0.426677 4.1118 22 512 3595 3593 1 0 0 2 
-5 -4.48348 -1.41024 0.202423 -0.423209 -0.202582 3.90954 22 513 17853 17820 1 0.757339 0.757339 19 
-2.79119 5 -3.71156 -0.197666 -0.468565 0.0499498 4.06084 22 514 2562 2561 1 0 0 3 
-1.73572 4.69708 5 0.1773 -0.010002 -0.31286 3.89719 22 515 8273 8225 1 0 0 4 
-1.90271 5 -3.13324 0.186262 -0.654926 0.110285 3.78271 22 516 1071 1 1 0.662434 0.662434 27 
-5 3.48661 3.28492 0.592752 0.124041 0.0807662 3.84082 22 517 6945 6944 1 0.774618 0.774618 31 
-1.68828 -4.25246 -5 0.139086 -0.748464 0.877561 3.76521 22 518 16005 15360 1 0 0 3 
-4.97163 -4.47888 5 0.141002 -0.297477 -0.390827 4.04281 22 520 9881 9879 1 0 0 4 
1.64072 5 4.73515 0.152167 -0.206245 -0.251143 4.10065 22 521 2438 2436 1 0 0 5 
2.79551 2.82866 5 0.312864 -0.17927 -0.362075 4.39202 22 522 9954 9953 1 0 0 5 
-5 -2.57348 -2.66029 2.71884 -3.07744 5.44624 3.76816 22 523 1021 1 1 0.560451 0.560451 38 
-3.52545 -3.9109 -5 -0.0242573 0.0406072 0.335072 3.81978 22 524 30912 30882 1 0 0 2 
-4.29459 5 -0.748028 0.225474 -0.166948 -0.0462241 3.81053 22 525 11033 7289 1 0.283766 0.283766 40 
-2.91848 -0.0344359 5 0.361033 -0.618684 -0.369973 3.92987 22 526 8580 8579 1 0.601388 0.601388 7 
-1.11396 4.69036 -5 0.118789 -0.35568 0.388617 3.7648 22 527 12452 12451 1 2.05669 2.05669 24 
-5 -2.11069 -1.36377 0.306796 -0.100542 -0.27623 3.91997 22 528 26208 26206 1 0.634637 0.634637 29 
-3.04612 -2.73502 -5 0.168897 -0.0591201 0.212978 3.81538 22 529 16058 16011 1 0 0 6 
5 2.14792 3.9055 -0.153531 -0.259501 -0.144241 3.86188 22 530 10192 9787 1 0 0 1 
-5 -0.590666 -0.796203 0.143733 -0.178107 -0.456879 4.12491 22 531 14516 14515 1 0.848915 0.848915 8 
3.38996 2.38306 5 0.628895 -0.906769 -2.43616 4.24724 22 532 5813 5666 1 0.754904 0.754904 29 
1.35589 1.7882 -5 0.197725 -0.21414 0.0808523 3.81396 22 533 8940 8863 1 0 0 3 
2.17491 -3.8628 -5 0.259605 -0.435328 1.09252 3.74704 22 534 1160 1 1 1.64031 1.64031 56 
2.11214 5 2.29563 -0.0560601 -0.121891 -0.411982 4.24959 22 535 7683 7658 1 0 0 3 
1.23621 3.52759 5 0.439189 -0.117643 -1.08388 4.17011 22 536 4918 4887 1 0 0 5 
5 -1.18529 -3.56626 -0.0619625 -0.266887 0.116679 3.8865 22 537 14055 14054 1 0 0 1 
0.805968 5 -4.79371 0.136277 -0.359812 0.0327297 3.87398 22 538 16574 16489 1 0.272187 0.272187 7 
-4.49968 5 -2.17562 1.39318 -2.45011 1.89259 3.79368 22 539 9724 9723 1 0.0874725 0.0874725 3 
2.91623 5 4.87138 1.73728 -1.91635 -0.412611 3.87873 22 540 6241 6174 1 0.311634 0.311634 7 
-1.69552 5 2.61993 0.169371 -0.341342 -0.053611 3.9846 22 541 1096 1052 1 0.384376 0.384376 32 
-5 2.10657 1.98594 0.233722 -0.333779 0.118809 3.8105 22 542 32631 32465 1 0 0 3 
4.7957 5 -4.40349 2.74062 -1.48477 0.097021 3.81357 22 544 5722 5659 1 0.192939 0.192939 35 
-5 1.8011 0.68169 0.295817 -0.212605 -0.00561557 3.8426 22 545 10078 10077 1 0.0950916 0.0950916 27 
-4.67827 -1.74393 5 0.0693135 -0.25527 -0.207378 4.12737 22 546 18863 18859 1 0 0 3 
2.93658 5 -4.5623 10.3094 -7.6281 -2.47821 3.84698 22 547 5909 5828 1 0 0 5 
-5 -4.9763 0.680956 0.63678 -0.822414 0.516414 3.8171 22 548 29308 29276 1 0 0 4 
-3.25667 2.8161 5 0.0432354 0.0947634 -0.257814 4.13987 22 549 29098 29097 1 0 0 1 
0.181586 5 2.48355 0.198623 -0.173538 -0.0156136 3.85769 22 550 8266 6942 1 0 0 3 
-2.56279 5 -0.399166 -0.0405095 -0.508641 0.0276327 3.87605 22 551 4973 4939 1 0.490362 0.490362 4 
1.36339 -3.53935 5 0.0854199 0.134556 -0.11145 3.98038 22 552 7462 7461 1 0.145612 0.145612 23 
-5 4.51189 3.66084 2.20597 -5.32097 3.6444 3.80735 22 553 3325 3231 1 0.113161 0.113161 8 
0.0345403 5 -4.32881 1.22532 -0.857535 0.786662 3.78055 22 555 6409 6408 1 0 0 5 
2.11111 0.455891 5 0.226091 0.100196 -0.111062 3.91758 22 556 10207 9861 1 0.606902 0.606902 40 
0.660869 -1.00936 -5 0.0618583 -0.286071 0.136683 3.79732 22 557 10488 10452 1 0.455122 0.455122 53 
-1.09666 5 0.0757029 0.0223075 -0.0124152 -0.015335 3.76314 22 559 11437 11423 1 0.862542 0.862542 65 
0.484224 5 -0.237397 0.382085 -0.331954 0.0702665 3.84593 22 560 35989 35986 1 0.510463 0.510463 41 
-4.90435 5 -3.16864 0.457991 -0.649179 1.18834 3.74403 22 561 1145 1 1 3.91127 3.91127 73 
-1.54104 5 -3.12878 0.197857 -0.4312 0.408729 3.81334 22 562 31600 31599 1 0 0 5 
4.80919 5 -1.91556 0.478266 -0.295792 0.385477 3.77493 11 563 19592 19556 1 0.341025 0.341025 3 
-4.89102 5 0.47575 0.102211 -0.261168 -0.135512 3.96603 22 564 2745 2744 1 0 0 2 
0.976678 5 -4.17664 0.275836 -0.390416 0.180581 3.83261 22 565 6462 6461 1 0 0 2 
1.29625 0.754797 5 0.708983 -0.834674 -0.646702 4.18502 22 566 5774 5770 1 0 0 6 
-4.61422 0.064906 -5 0.200177 -0.486785 0.186684 3.81206 22 567 29592 29591 1 0 0 1 
-2.44566 3.46514 -5 0.183507 -0.22336 0.320974 3.74364 22 569 19167 19035 1 0.54474 0.54474 28 
-5 -2.59668 -4.22214 0.0789724 -0.491013 0.11101 3.83326 22 570 19555 19471 1 4.06162 4.06162 22 
1.14208 5 2.91605 0.214724 -0.348457 -0.311558 3.95024 22 571 17123 17091 1 0 0 2 
-2.44911 3.45687 -5 0.236656 -0.383954 0.294094 3.77473 22 572 6904 6903 1 5.29844 5.29844 77 
-3.71348 4.82204 5 -0.0816334 -0.240502 -0.139783 3.82802 22 573 16256 16251 1 0.844245 0.844245 28 
-3.38448 5 4.25533 1.12165 -1.8418 1.50911 3.80101 22 574 1970 1891 1 0 0 2 
-1.34316 3.95022 5 0.332808 -0.180892 -0.342983 4.00335 22 575 8012 8011 1 0.0273752 0.0273752 5 
2.38043 5 -3.27128 1.12569 -2.00116 -0.09962 3.84063 22 576 17853 17812 1 0.16707 0.16707 7 
-4.25227 5 -2.16513 0.034713 -0.377455 0.100486 3.92851 22 577 8734 8733 1 1.11383 1.11383 39 
-3.91831 5 0.440738 0.197021 -0.465236 -0.0765365 3.87679 22 578 2212 2211 1 0.956558 0.956558 62 
-4.34349 4.96566 5 -0.0266863 -0.00683048 -0.510256 3.85413 22 579 15073 15072 1 0.58756 0.58756 7 
2.10331 -1.91279 5 0.30899 -0.555249 -0.330953 4.04315 22 580 16522 16375 1 0.371812 0.371812 17 
-5 -3.79783 -0.0126902 0.318827 -0.0560331 0.138893 3.91082 22 581 1115 1092 1 0 0 6 
-5 4.80268 -3.16994 0.311715 -0.399395 0.0666099 3.80318 22 582 2625 2603 1 0 0 6 
-1.53049 -4.10459 -5 0.112751 -0.329211 0.364314 3.76364 22 583 1796 1760 1 0 0 8 
1.52135 -2.836 5 0.188811 -0.299923 -0.314944 4.18023 22 584 15982 15965 1 0.683956 0.683956 10 
-4.58858 5 -3.57376 2.07785 -3.71108 4.62566 3.77188 22 585 32635 32458 1 0 0 1 
-5 0.211317 0.515508 0.237194 -0.673594 0.505505 3.80916 22 586 46837 46289 1 0 0 2 
-5 3.04893 -3.69245 0.477479 0.122056 -0.13504 3.86843 22 587 4621 4618 1 0 0 2 
-0.201432 5 0.267505 0.311484 -0.27027 -0.301748 3.99646 22 588 18288 18269 1 0 0 2 
-5 -0.69854 -1.97963 0.876189 -0.954908 -0.160954 3.8196 22 589 1038 1 1 0 0 4 
0.648089 4.79773 5 0.158679 -0.266235 -0.335325 4.20158 22 590 22016 22013 1 0 0 3 
2.05485 5 1.19001 -0.129661 -0.214636 0.248972 3.86838 22 591 27653 27651 1 0 0 3 
1.06313 5 3.49398 0.0279346 -0.338561 -0.248768 3.86103 22 592 15513 15511 1 0.401481 0.401481 23 
-4.25545 5 -1.82285 0.285584 -0.269591 -0.262351 3.95505 22 593 14439 14438 1 6.78046 6.78046 21 
-2.76229 -3.73191 -5 0.20507 -0.462268 0.0733111 3.84961 22 594 1824 1789 1 0 0 6 
1.99711 5 2.38738 0.406314 -0.761046 -0.113532 3.8715 22 595 5478 5476 1 8.14752 8.14752 86 
-5 2.20297 -1.89358 0.487447 -0.662736 0.517362 3.77198 22 596 33067 32797 1 0.0859237 0.0859237 4 
-5 3.60142 1.94413 0.510226 -0.491546 0.761309 3.79294 22 597 11971 11682 1 0.300818 0.300818 12 
-2.59881 4.33386 5 -0.11018 -0.339421 -0.365751 3.98933 22 598 1542 1541 1 0.115566 0.115566 7 
0.0116113 5 0.0167872 -0.018783 -0.304773 -0.257201 3.98375 22 599 9506 9505 1 3.39385 3.39385 62 
-5 -3.79389 -2.01878 0.135331 -0.0509253 -0.0958387 3.76991 22 600 6223 6014 1 0 0 4 
-3.05695 5 2.4269 0.848973 -1.46459 1.28952 3.80892 22 601 26779 26657 1 0 0 2 
-2.92155 -3.6026 5 0.00865136 -0.240048 -0.27529 4.40315 22 602 9182 9181 1 0 0 4 
3.78536 -0.282798 -5 0.335666 -0.400557 0.473465 3.78024 22 603 13518 13429 1 0.124848 0.124848 20 
-0.0738862 1.5327 -5 0.327887 -0.281647 0.33753 3.77112 22 604 4856 4474 1 0.197852 0.197852 24 
-0.224594 -0.991123 5 -0.167654 -0.0349467 -0.144329 3.90377 22 607 7491 7330 1 0.194359 0.194359 17 
-3.78939 5 1.39136 -0.0540123 -0.419474 -0.286783 3.94155 22 608 12156 12140 1 0.117873 0.117873 5 
-5 4.79412 2.76753 0.337094 -0.129404 0.315802 3.90503 22 609 41755 41733 1 0 0 1 
3.45594 -4.14343 -5 -0.0814504 0.0914758 0.361459 3.82202 22 610 3372 1 1 0.513663 0.513663 8 
-0.618745 5 -1.91185 0.0202493 -0.0537341 0.231458 3.86765 22 611 2197 2196 1 0 0 6 
3.42057 5 3.92492 0.641144 -4.09973 -3.84768 3.82918 11 612 7427 4948 1 1.03122 1.03122 5 
-0.431907 5 -1.79844 0.35022 -1.20902 -1.43337 4.09772 22 613 7984 7768 1 0 0 2 
-0.11041 5 -0.60656 0.00132656 -0.358315 -0.286041 3.90325 22 615 6830 6779 1 0 0 6 
-4.69671 0.0970988 -5 -0.222206 -0.185166 0.208109 3.78808 22 616 6927 5012 1 0.254495 0.254495 64 
-5 -3.35618 -2.01808 0.261045 -0.401576 0.180509 3.81939 22 617 22592 22381 1 0 0 3 
-1.97976 1.42788 5 -0.0645486 -0.0587383 -0.156821 3.87392 22 618 33274 33250 1 0.179227 0.179227 17 
0.00875365 5 -3.34583 0.33805 -0.249401 0.252076 3.77029 22 619 4459 4418 1 0.191975 0.191975 33 
-5 -1.36228 3.71249 0.0735552 -0.026348 0.225033 3.86391 22 620 2613 2612 1 5.5823 5.5823 53 
0.865083 5 2.21946 0.476219 -0.609975 0.593406 3.80832 22 621 58440 57688 1 0 0 1 
0.837292 5 -0.746649 6.22094 -6.72354 5.34147 3.78496 22 622 24694 24665 1 0.0295362 0.0295362 20 
-2.95379 5 1.2341 0.276584 -0.252255 -0.10035 3.89415 22 623 9539 9538 1 0.323476 0.323476 42 
-2.49254 5 -2.76553 0.271889 -1.64697 -0.24227 3.81858 22 625 24082 24081 1 0.57169 0.57169 11 
0.752483 3.32522 -5 2.33176 -3.78449 5.49518 3.75643 22 626 4992 4891 1 0 0 3 
-1.35421 5 2.23293 0.0872117 -0.451027 0.223806 3.7989 22 627 15685 15660 1 0.275778 0.275778 33 
-1.31109 5 2.89212 0.792993 -0.790682 -0.345279 3.91443 22 629 8217 8216 1 0 0 7 
-3.21736 5 3.86445 0.157147 -0.481786 -0.0656271 3.86801 22 630 30616 30593 1 0 0 3 
-1.88954 2.14336 -5 0.191577 -0.875959 0.1512 3.77434 22 631 3079 3042 1 0 0 3 
-2.26213 5 0.514794 0.869331 -1.07708 0.392714 3.82784 22 632 9846 9792 1 0 0 3 
0.494694 5 -4.64264 0.252954 -0.77798 -0.449901 3.95762 22 634 9969 9909 1 1.62499 1.62499 8 
-0.753926 5 1.9842 -0.216159 -1.29246 0.552413 3.79667 22 635 14332 14298 1 0 0 2 
1.03134 -3.27133 -5 0.613597 -0.233536 0.415643 3.77594 22 636 5376 5352 1 6.69209 6.69209 22 
-1.98037 -2.30342 5 0.0946766 -0.341271 -0.368362 4.0097 22 637 7873 7872 1 0 0 4 
-3.65731 2.54108 -5 0.126382 -0.103034 0.305496 3.74532 22 638 3235 3117 1 0.497685 0.497685 26 
-5 4.39499 -2.29777 0.219383 -0.249178 -0.217722 3.912 22 639 1893 1892 1 0.312128 0.312128 37 
3.63335 -0.0138124 5 -0.0302591 0.0255333 -0.204583 4.36545 22 640 32683 32680 1 0.207986 0.207986 27 
-1.58199 5 -3.15503 0.471299 -0.450937 0.00926445 3.82682 22 641 7175 7174 1 0.390511 0.390511 15 
-0.65008 5 -1.00981 0.129033 -0.475676 0.134919 3.84493 22 642 12655 12629 1 0.858924 0.858924 30 
-5 2.89926 -1.98091 0.0721765 -0.247374 -0.10647 3.90492 22 643 13801 13535 1 0.278382 0.278382 26 
-5 -4.91462 2.62707 0.308008 -0.389155 -0.0403125 3.9677 22 644 5882 5869 1 0 0 1 
-3.47632 -2.48628 -5 -0.0155852 -1.73087 0.864878 3.79164 22 645 26522 26502 1 0.269471 0.269471 34 
-3.70728 5 3.91625 0.0786585 -0.327717 -0.384102 3.97695 22 646 1294 1278 1 0.235872 0.235872 6 
-5 3.12558 2.16975 0.184379 -0.321896 -0.0630804 3.86438 22 647 4571 4542 1 0.476868 0.476868 24 
-1.74111 5 -4.24314 0.383039 -0.491016 -0.462069 4.91995 22 648 6855 6726 1 0.203201 0.203201 9 
-5 -0.638976 2.74358 0.446522 -0.105003 -0.05242 3.86214 22 649 1986 1960 1 0 0 5 
2.11043 5 -1.14405 0.192724 -0.233183 -0.118813 3.88438 22 650 5462 5018 1 0.00293596 0.00293596 7 
-3.30445 5 -1.87343 0.124957 -0.367872 0.345913 3.80444 22 651 20997 20971 1 1.64314 1.64314 19 
-1.60005 5 -1.10897 -0.0609104 -0.234277 -0.275255 4.18536 22 652 5033 5032 1 0 0 2 
-3.43839 0.117015 -5 1.18326 -0.925064 1.97303 3.75246 22 653 24488 24411 1 0 0 5 
-5 -2.36975 -1.80306 2.02739 -1.75885 0.26782 3.86916 22 654 32590 32468 1 0 0 1 
-5 -2.27198 2.22142 0.216964 -0.388301 -0.251533 3.96225 22 655 1340 1339 1 0.175071 0.175071 20 
-5 -0.89949 4.82801 0.227065 0.192729 0.415231 3.96809 22 656 37486 37484 1 0 0 1 
-3.30524 5 -1.48652 0.435081 -0.961039 0.523524 3.76792 22 657 20434 20363 1 0.577455 0.577455 41 
2.25979 0.695286 -5 0.449 -0.676728 1.05503 3.76106 22 658 41044 41042 1 0.121755 0.121755 3 
-5 2.211 3.55333 0.205025 -0.217256 0.104692 3.90439 22 660 37871 37870 1 0 0 4 
-5 2.79817 -4.4081 1.28561 -1.29707 4.88767 3.73461 22 661 12657 12582 1 4.65066 4.65066 48 
-5 -4.99576 -2.01539 0.16191 -0.306421 0.424823 3.77389 22 662 42936 42383 1 0 0 1 
1.55763 5 2.90243 1.08258 -1.41129 0.042203 3.8457 22 663 9287 9286 1 0 0 4 
3.28221 2.94257 -5 1.36587 -0.619821 1.68237 3.76161 22 664 10115 10088 1 1.31608 1.31608 18 
0.699385 5 3.73344 0.639918 -0.899711 -0.127017 3.85544 22 665 1357 1251 1 1.25426 1.25426 93 
-1.26327 5 -1.46976 0.162159 -0.14108 -0.108331 3.9377 22 666 43112 43093 1 0.219696 0.219696 4 
0.17186 5 -4.33461 0.0883993 -0.232974 -0.141752 3.98892 22 667 9080 9049 1 0 0 2 
-5 1.44453 0.582763 0.37178 -0.241717 -0.253914 3.91078 22 668 58336 58309 1 0 0 1 
4.87046 1.41851 -5 0.0655264 -0.103948 0.237585 3.75175 22 669 1598 1465 1 0.421813 0.421813 38 
1.98055 -5 -4.98089 0.0156258 0.20181 -0.142575 4.13826 22 671 6993 6992 1 0 0 4 
-5 4.26929 -1.52305 0.216417 -0.381142 0.257693 3.77535 22 672 7008 6980 1 0.394322 0.394322 37 
2.36101 5 1.8281 0.29161 -0.291231 0.0413245 3.92307 22 673 22632 22537 1 0 0 1 
5 1.32824 -1.4723 -0.196495 -0.159612 0.0298794 4.18134 22 674 15454 15330 1 1.14998 1.14998 34 
-0.183823 -5 1.46494 0.316007 0.225503 -0.332276 3.82266 22 675 6717 6716 1 0 0 2 
0.94888 5 4.31432 0.33807 -0.697928 -0.485536 3.93372 22 676 3989 3987 1 0 0 5 
-3.46982 4.68555 5 -0.198124 0.724884 -0.444011 4.29045 11 677 6043 6036 1 0.500423 0.500423 2 
-2.74386 5 4.48826 0.127446 -0.804857 0.153514 3.86446 22 678 14693 14682 1 0 0 3 
-5 -3.8919 -2.1858 0.520181 -2.19552 0.504314 3.82506 22 679 16761 16739 1 0 0 1 
-2.59623 5 -3.68035 0.0464729 -0.469615 -0.196014 3.83391 22 680 18031 18030 1 0.0444874 0.0444874 6 
1.55313 5 4.78877 -0.0745858 -0.386976 -0.265148 3.94355 22 682 2490 2486 1 0.379511 0.379511 6 
4.35882 5 4.41173 1.05163 -0.818921 2.2362 3.77431 22 683 9424 9321 1 0 0 5 
-5 2.79359 -1.74792 0.345027 -0.341381 -0.159798 3.84504 22 684 12332 12331 1 0 0 1 
3.07095 -1.32009 5 0.135607 -0.213061 -0.125664 3.94815 22 685 12414 12386 1 0.285019 0.285019 22 
1.05988 5 -0.134514 0.308599 -0.285871 0.29011 3.79654 22 686 1030 1029 1 0 0 8 
-5 -3.16006 0.584563 0.159687 -0.282262 0.748923 3.77094 22 687 34938 34787 1 0 0 2 
2.85376 5 -1.63357 0.265232 -0.210719 0.133202 3.82077 22 688 21913 21893 1 0.197998 0.197998 36 
-4.07407 5 1.57582 0.341557 -0.380043 0.00512392 3.86081 22 689 26611 26609 1 0.174776 0.174776 15 
5 -2.73413 2.60655 -0.159274 -0.229035 -0.20963 3.81009 22 690 25253 24956 1 0 0 3 
-4.8459 5 -0.192766 0.0291188 -0.96179 -0.441448 3.80023 22 691 35380 35293 1 0 0 2 
-5 3.30829 3.07083 1.98942 -2.30197 4.17231 3.78234 22 692 15376 15139 1 0.162867 0.162867 16 
1.95425 5 -2.66776 0.186996 -0.878407 0.727811 3.77069 22 694 27485 26950 1 1.89018 1.89018 30 
2.2455 5 -4.96686 0.175874 -0.471482 -0.0888418 3.88152 22 695 5919 5917 1 0.310204 0.310204 29 
-3.23494 5 2.4901 0.288158 -0.407087 0.111196 3.8768 22 696 38757 38755 1 0 0 1 
2.7394 -1.02168 5 0.224816 -0.106695 -0.202404 3.89351 22 697 6943 6448 1 0 0 5 
-5 3.68126 -1.50826 1.29671 -1.48682 -0.036798 3.79812 22 698 28024 28023 1 0 0 1 
3.06381 3.36429 5 0.611921 -0.633213 -0.527539 4.00638 22 699 13608 13568 1 0.291574 0.291574 8 
-1.26012 5 -3.71231 0.228874 -0.404926 0.0519284 3.81638 22 700 1653 1 1 0.00287047 0.00287047 8 
-2.58869 -4.34369 5 0.0992387 -0.333729 -0.371037 4.13819 22 701 34843 34781 1 0 0 1 
-2.43843 5 -0.66692 0.227652 -0.352167 -0.292016 3.92882 22 702 6784 6757 1 0.301613 0.301613 4 
-4.30415 5 -2.00358 1.09409 -2.76732 1.00974 3.80654 22 703 1100 1 1 0.480985 0.480985 19 
-1.01928 5 4.42019 0.324244 -0.328923 0.234077 3.81689 22 704 12000 9924 1 0.173999 0.173999 33 
-5 0.968058 2.45701 0.072284 -0.204106 0.174805 3.8548 22 705 11076 11075 1 0.244501 0.244501 12 
-3.82734 5 -4.03671 0.176235 -0.326628 -0.351248 4.0364 22 706 28635 28634 1 0 0 3 
-3.1208 5 -1.97833 -0.0329926 -0.273642 -0.362161 4.32585 22 707 20641 20541 1 0 0 2 
0.115981 5 -3.31673 0.362378 -0.784724 0.37601 3.80619 22 708 37163 37133 1 0 0 1 
5 -3.64621 -1.60235 -0.0804186 -0.318921 0.0984694 3.81575 22 709 17097 17096 1 0 0 2 
-5 4.14762 3.93281 0.178778 -0.089514 -0.0518537 3.86169 22 710 6734 6705 1 0.260524 0.260524 3 
0.171631 -3.99599 5 -0.0760297 -0.10856 -0.128249 3.86271 22 711 6973 6925 1 0.0442343 0.0442343 19 
1.78542 5 -3.20527 0.316708 -0.289992 0.0106046 3.91007 22 712 1440 1396 1 0.280191 0.280191 27 
-3.99975 2.31339 -5 6.26117 -9.96366 39.5453 3.73112 22 714 1283 1 1 1.91511 1.91511 68 
0.0927436 -4.05175 5 0.10908 -0.28451 -0.230473 4.05202 22 715 18816 18815 1 0 0 2 
3.34284 5 -3.1795 0.397215 -0.221905 -0.374707 4.05291 22 716 7976 7889 1 0 0 5 
-4.28386 3.76436 5 0.133981 -0.0840402 -0.221537 3.89428 22 717 14861 14562 1 0.873135 0.873135 38 
-1.37637 5 4.50682 0.27339 -0.345889 -0.258339 4.01763 22 718 13063 13062 1 0 0 1 
-2.1494 5 -1.57186 0.231068 -0.445849 0.0945858 3.78369 22 719 10967 10904 1 2.09813 2.09813 29 
3.00864 5 2.89125 0.713628 -0.349017 0.40045 3.81684 22 720 3459 3458 1 0.412684 0.412684 26 
-3.31405 5 -0.579993 0.115452 -0.414169 -0.122378 3.86439 22 721 2743 2742 1 0 0 5 
-5 0.998471 2.32082 4.63843 -8.36563 1.2012 3.8656 22 722 34744 34743 1 0 0 3 
-5 -0.561593 -1.03684 0.139849 -0.143586 -0.0830938 3.78309 22 723 9229 9182 1 2.219 2.219 32 
2.46419 5 3.07973 0.266704 -0.401661 -0.169286 3.97453 22 724 1084 1030 1 0 0 4 
1.27532 5 -3.7189 0.0109201 -0.305232 -0.0640967 3.80735 22 725 39001 38845 1 0 0 2 
-3.74948 5 -3.79211 0.0327634 -0.321349 -0.395956 4.0329 22 726 10638 10637 1 0 0 1 
-1.85453 5 4.96065 0.141786 -0.134652 0.17475 3.84038 22 728 21655 21556 1 0 0 3 
-5 4.02679 1.91398 0.496679 -0.548211 0.412195 3.82979 22 729 29327 29315 1 0.846509 0.846509 24 
-0.658299 1.98781 5 3.44192 -2.46243 -4.30858 4.09916 22 730 6595 6570 1 0 0 2 
-1.01649 5 3.23299 0.0480571 -0.275163 0.00356138 4.14362 22 732 5733 5732 1 0.585162 0.585162 46 
-5 -2.03288 -2.37585 0.19146 -0.0716618 0.123417 3.78184 22 733 1803 1 1 0.304006 0.304006 36 
-5 0.496097 0.314773 0.705205 -0.687801 0.0809061 3.82035 22 734 10003 9885 1 0.553176 0.553176 6 
-1.62757 5 3.09008 0.19272 -0.169465 0.293545 3.82056 22 735 34953 34910 1 0 0 1 
1.94085 -2.06632 -5 -0.127097 -0.0773848 0.139589 3.88787 22 736 13106 13083 1 0.20363 0.20363 26 
-5 -0.676387 4.62666 0.0819769 -0.18788 0.451062 3.77492 22 737 13530 13149 1 0 0 3 
-5 -3.42572 3.11622 0.112213 -0.498364 0.0126897 3.89545 22 738 15658 15657 1 0 0 1 
-5 2.29624 -4.09363 0.342361 -0.857382 0.886228 3.76155 22 739 1998 1 1 1.16757 1.16757 36 
2.04144 4.80428 -5 0.258455 -0.296181 0.410571 3.76101 22 740 17774 17313 1 0.315007 0.315007 29 
0.0097096 5 4.22761 0.0203633 -0.186548 0.0289827 4.11842 22 741 25498 25497 1 0.187508 0.187508 23 
1.33078 1.89177 -5 0.397416 -1.17654 0.894119 3.78723 22 742 31882 31829 1 0 0 2 
-5 -1.54968 -2.49231 0.0590487 -0.000399501 -0.567481 4.00612 22 743 26864 26802 1 0 0 5 
-5 3.79761 4.06672 1.19661 -2.94481 -1.86245 3.89112 22 744 36607 36606 1 0 0 1 
-5 1.54067 -1.77516 0.258264 -0.841569 1.07551 3.76269 22 745 14364 14343 1 2.36598 2.36598 45 
2.10972 2.43947 -5 0.485654 -0.258305 0.355702 3.7674 22 746 15079 14679 1 0.654723 0.654723 24 
-5 1.56933 -1.31975 0.255036 0.0461991 -0.107637 3.86509 22 747 6749 6729 1 0.490301 0.490301 33 
4.13119 5 -0.868804 0.328494 -0.333402 -0.205072 3.94806 22 748 12372 12369 1 0 0 2 
-5 2.0093 -1.13888 0.440607 -0.765252 1.08432 3.76548 22 749 1915 1755 1 0 0 6 
-1.67945 5 2.34642 0.680684 -1.44449 1.36373 3.77849 22 751 17933 17905 1 0 0 2 
-4.77663 2.39442 5 0.200653 -0.0179055 -0.337879 4.02956 22 752 4529 4528 1 0.36976 0.36976 31 
-3.21679 5 4.58723 0.364012 -0.217356 0.0079451 3.85555 22 753 22783 22588 1 0.264524 0.264524 31 
-5 2.02069 -4.27345 0.164241 -0.311851 0.282481 3.78984 22 754 9065 9064 1 0.312134 0.312134 4 
-5 2.55884 0.975347 0.653011 -1.50958 0.113677 3.87343 22 755 2788 2691 1 3.39869 3.39869 25 
-3.1877 3.24941 5 0.150642 -0.204044 -0.443614 4.21663 22 756 6753 6708 1 0 0 3 
0.782088 5 0.801259 0.447566 -0.236979 -0.0681586 3.8539 22 757 13645 13644 1 0.162346 0.162346 15 
-5 4.44733 4.14524 1.35981 -0.447126 -2.00803 3.98223 22 758 17658 17579 1 0 0 5 
3.83129 5 -4.52396 0.213397 -0.139744 0.537259 3.7413 22 759 17610 17103 1 3.21131 3.21131 50 
-3.86348 2.94764 -5 0.29979 -0.717215 1.57019 3.74025 22 760 17823 1 1 0.214674 0.214674 5 
4.09435 5 -3.20153 0.353937 -0.146487 0.0814013 3.79568 22 761 28357 27993 1 0 0 1 
2.93845 5 0.0850632 0.426676 -0.216845 -0.179014 3.93025 22 763 16151 16150 1 0 0 8 
-0.426561 5 3.70684 0.0156126 -0.198907 -0.0531908 4.17743 22 764 24982 24951 1 0.130829 0.130829 20 
-1.21834 0.956565 5 0.202909 -0.170149 -0.437033 4.12441 22 765 1407 1405 1 1.38349 1.38349 48 
-5 3.74273 1.30104 0.188969 -0.0424222 0.282401 3.8007 22 766 7969 7892 1 0.837214 0.837214 68 
-3.14534 5 2.72641 0.106592 -0.185374 0.220839 3.78107 22 767 20528 20527 1 0 0 7 
-5 1.52864 -4.1273 0.432681 -0.153138 -0.199987 3.80649 22 768 7891 7854 1 0 0 2 
1.92243 5 3.46147 0.38598 -0.708758 2.17633 3.76434 22 769 9529 9237 1 0.330832 0.330832 37 
-4.37438 5 -1.56644 0.234141 -0.13313 0.181478 3.77434 22 770 2312 2090 1 0 0 5 
-0.584622 -3.81683 5 0.283978 -0.00341969 -0.0558137 4.14591 22 771 5918 5916 1 0.289186 0.289186 18 
-5 -4.2435 -1.06219 0.194978 -0.170651 0.170685 3.80931 22 772 7711 7603 1 0.275345 0.275345 13 
2.55049 2.9347 5 0.161254 0.00367714 -0.203276 3.94314 22 773 13765 13743 1 0.102414 0.102414 6 
-4.51794 -2.03355 5 0.333036 -1.09583 -1.85554 4.09922 22 774 4071 4070 1 1.73003 1.73003 30 
4.94574 5 -3.84169 1.26917 -2.01232 1.68944 3.77605 22 775 2826 2798 1 0.809019 0.809019 33 
0.379642 5 -1.93915 0.327588 -0.311277 0.12141 3.83479 22 776 29699 29696 1 0 0 2 
1.4514 5 1.78439 0.100712 -0.188992 -0.112116 3.90633 22 777 6546 6545 1 0.193832 0.193832 42 
-3.79945 1.06129 5 0.029602 0.0630478 -0.120088 3.90678 22 778 11864 11730 1 0.138519 0.138519 20 
-2.08086 5 1.20533 0.0536359 -0.500217 0.0895856 3.81222 22 780 13314 13311 1 0.284168 0.284168 3 
-5 4.29128 0.112722 0.248498 -0.285244 0.345341 3.78268 22 781 22760 22620 1 0.275011 0.275011 28 
4.93942 5 -2.37047 0.258841 -0.431781 0.0419973 3.88934 22 782 10771 10768 1 0 0 3 
-1.00201 5 1.08705 -0.0713451 -0.345036 -0.307122 3.92999 22 784 13796 13795 1 0.782987 0.782987 49 
-0.468406 5 -2.16608 0.250849 -0.136099 -0.423877 3.93596 22 785 24011 23994 1 0 0 4 
-5 -1.63497 -0.4526 0.726464 -0.376138 -0.449296 3.96986 22 786 26748 26688 1 0 0 1 
-4.62787 1.89031 5 -1.26189 -3.10505 -2.42809 3.88634 22 787 1650 1591 1 1.02396 1.02396 67 
-5 -0.159748 3.66355 0.428061 -1.08373 0.443412 3.81862 22 788 3246 3196 1 0 0 3 
4.9553 -3.54663 5 -0.237675 0.0356111 -0.145204 5.05865 22 789 3714 3695 1 0.501651 0.501651 50 
3.65081 -4.71698 -5 -0.191935 -0.0698657 0.124561 4.0306 22 790 10187 10184 1 0.230898 0.230898 25 
-0.863458 5 -0.54729 0.334939 -0.448946 0.256258 3.7895 22 791 5642 5492 1 0.151278 0.151278 9 
4.82281 5 -4.35192 0.498487 -0.766795 1.01902 3.76317 22 792 32484 32420 1 0.0293682 0.0293682 4 
0.262927 5 -0.684 0.500931 -0.409341 0.193153 3.82995 22 794 17880 17879 1 0 0 1 
-2.79907 5 -1.53969 -0.0341748 -0.366379 -0.354568 3.96794 22 795 42603 42602 1 0 0 1 
-4.78694 5 -2.81193 0.0857681 -0.487196 0.128076 3.78377 22 796 2701 2700 1 0.51073 0.51073 20 
-3.85112 1.66034 -5 0.135596 -0.337382 0.900996 3.73677 22 797 8413 8060 1 0.51071 0.51071 27 
-1.5289 5 -3.69828 0.169079 -0.423918 0.11364 3.80414 22 798 25289 25260 1 0.0541396 0.0541396 6 
2.06149 -1.78125 -5 1.28283 -2.22713 4.34565 3.75779 22 799 20293 20253 1 4.27721 4.27721 121 
-4.39371 -3.80142 -5 -0.0991595 -0.172152 0.148374 3.86035 22 800 2152 2150 1 0.368305 0.368305 18 
2.80325 -0.20989 -5 0.337093 -0.441502 1.16824 3.75352 22 801 2760 2618 1 0.221749 0.221749 37 
-2.35385 3.72755 -5 0.823139 -1.85976 1.11891 3.75964 22 802 12306 12262 1 1.79488 1.79488 33 
-2.8124 -1.39429 -5 0.160129 -0.313035 0.370793 3.75059 22 803 13936 13904 1 0 0 4 
-5 3.28788 -4.67217 0.220983 -0.348138 -0.203878 3.89553 22 804 34467 34462 1 0 0 2 
0.756329 5 0.46153 0.250883 -0.297544 0.215624 3.82006 22 806 16456 16455 1 0 0 2 
-2.73272 5 -1.63488 0.18061 -0.39428 0.213338 3.80693 22 807 16790 16789 1 0 0 1 
1.35843 5 4.5059 -0.0492532 -0.793299 -0.355036 3.91658 22 808 8286 8285 1 0.632821 0.632821 14 
2.03743 5 -0.568423 -0.281452 -0.32555 0.275539 3.89978 22 809 4658 4657 1 0 0 5 
5 0.709932 4.87597 -0.115289 0.0970769 0.16385 4.17449 22 810 11614 11534 1 0.0296408 0.0296408 15 
-2.53463 5 -2.33196 0.154372 -0.354821 0.191128 4.76805 22 811 14635 14510 1 0 0 7 
0.969999 2.61838 -5 0.140161 -0.366899 1.2305 3.73915 22 812 2460 2292 1 0.305226 0.305226 18 
-3.74877 5 -3.67062 0.247243 -0.712511 0.255695 3.78523 22 813 6528 6360 1 0 0 1 
0.711912 5 4.53984 0.378841 -0.281134 0.196376 3.83268 22 814 12726 12704 1 0.335421 0.335421 8 
-5 -4.84345 -2.19286 0.195025 -0.434499 0.185192 3.78982 22 815 3864 3863 1 0.910006 0.910006 49 
-2.7869 -0.636327 -5 0.202943 -0.185588 0.193989 3.86743 22 816 11602 11574 1 0.0319804 0.0319804 3 
-3.59664 -1.06842 5 0.143797 -0.305188 -0.385416 4.95166 22 818 3052 2971 1 0.148242 0.148242 19 
-0.260626 5 -4.40546 1.97043 -3.2856 1.63283 3.80423 22 819 14026 14025 1 0 0 3 
-5 -0.176015 0.589396 0.0986047 -0.327529 0.257215 3.80214 22 820 21774 21704 1 0 0 3 
4.22974 5 -3.70156 1.48643 -1.88699 0.851427 3.80486 22 821 38860 38847 1 0 0 2 
-2.87155 -0.744627 -5 0.0546464 -0.284675 0.484795 3.75984 22 822 4279 4239 1 0.662861 0.662861 31 
-2.11832 1.55346 -5 1.75619 -3.47843 -0.19343 3.78719 11 823 13760 13730 1 6.50674 6.50674 48 
1.71558 5 4.5325 0.0862277 -0.292718 -0.010072 3.84089 22 824 14537 14331 1 0 0 1 
-5 -1.53465 -1.54418 0.283464 -0.37864 0.333348 3.79079 22 825 37604 37306 1 4.66494 4.66494 39 
1.8699 -1.4426 -5 0.159093 0.146423 0.794286 3.77954 22 826 2648 2609 1 0.461361 0.461361 33 
3.02032 -1.28695 -5 5.02364 -5.3661 4.92314 3.78763 22 827 6211 6039 1 0.113451 0.113451 35 
-4.07709 1.29294 -5 4.39317 -5.63988 8.61321 3.76318 22 828 36635 36548 1 0 0 3 
3.8122 -0.0671518 -5 0.710096 -0.991281 1.76051 3.75868 22 829 13683 1 1 0 0 1 
4.10208 5 1.16803 0.32683 -0.33112 -0.211334 4.01473 22 830 5550 5548 1 0.208117 0.208117 4 
-0.363825 5 -3.7137 0.839211 -1.47525 -0.448861 3.8686 22 831 13506 13453 1 0.345592 0.345592 35 
4.97301 5 4.06518 0.140342 -0.437153 0.112427 3.8608 22 832 17473 17450 1 0 0 3 
4.95833 1.77709 5 0.186851 0.134736 -0.456128 4.10456 22 833 5975 5973 1 0.11843 0.11843 6 
0.0545863 -0.284467 -5 0.414944 -0.258984 0.0904836 3.82144 22 834 29198 29016 1 0 0 5 
-5 4.87714 1.83687 0.304447 -0.401188 -0.0864899 3.8848 22 835 6425 6423 1 0 0 2 
-5 4.94371 1.2182 0.042926 0.160858 -0.07435 3.85346 22 836 2188 2187 1 2.30862 2.30862 50 
-5 -2.57157 1.57268 0.339686 -0.513715 0.414222 3.80317 22 837 10717 10697 1 0 0 4 
0.388277 5 -1.78856 0.417434 -0.545863 0.635339 3.78628 22 838 2486 2411 1 0 0 1 
-4.17672 5 2.10309 -0.0602923 -0.373404 0.543585 3.86447 22 839 4544 4479 1 0 0 1 
-5 -0.830108 -3.83437 0.641854 -0.881076 -2.35363 4.26098 22 840 17114 17113 1 0 0 4 
-2.22338 5 -0.950361 0.350037 -0.592416 0.527333 3.78131 22 841 4522 4435 1 0 0 2 
1.09869 5 -3.33585 0.0434626 -0.255109 -0.440625 4.05842 22 844 9869 9844 1 0 0 9 
0.753581 5 -1.19397 -0.194861 -0.517666 0.26905 3.79778 22 845 42273 42170 1 0.368441 0.368441 3 
-3.04397 5 -0.372513 0.41445 -0.56123 1.87159 3.75079 22 846 7026 6611 1 0 0 5 
-5 -0.375621 -3.24534 0.446605 -0.114475 -0.0846625 3.88735 22 847 8811 8810 1 0.555962 0.555962 25 
-1.47724 5 -1.34727 0.0469649 -0.108486 -0.188447 3.78748 22 848 6065 6046 1 0 0 6 
0.71686 5 -1.14893 -0.00351419 -0.0286986 -0.00560929 3.89311 22 849 7456 7438 1 0.0292032 0.0292032 15 
-4.54898 5 2.43917 0.0446475 -0.234725 -0.174167 3.96442 22 850 2620 2617 1 0.585097 0.585097 41 
-0.981355 5 -4.8869 -0.00631943 -0.32363 -0.265614 3.83436 22 852 5035 5034 1 1.91558 1.91558 38 
-5 -0.393605 0.433453 13.7133 -9.21285 18.4027 3.76787 22 853 1303 1 1 0.142397 0.142397 33 
1.60527 -5 -3.22274 0.261775 0.324565 -0.295384 3.91213 22 854 5233 5232 1 4.70005 4.70005 105 
-4.81409 5 2.86971 0.155251 -0.541626 -0.0626965 3.93266 22 855 4741 4736 1 1.9183 1.9183 32 
0.456671 5 1.73805 0.66415 -0.83158 -0.79163 3.98876 22 857 38099 38072 1 0 0 2 
-3.84495 -3.46813 5 -0.0705671 -0.273859 -0.0411144 4.3063 22 858 2208 2206 1 0.331758 0.331758 10 
0.690571 -5 -3.45004 0.0511566 0.17049 -0.120017 4.26026 22 859 5440 5437 1 0.288908 0.288908 35 
1.67498 5 -2.92026 0.00517161 -0.251429 -0.0732916 4.98742 22 860 14291 14084 1 0.261711 0.261711 20 
3.13438 5 1.044 0.393753 -0.48061 0.420399 3.80445 22 861 11232 10022 1 0.622274 0.622274 5 
-1.29675 5 -0.0959718 0.704953 -1.63858 0.884036 3.81089 22 862 1600 1571 1 0 0 2 
-2.71153 5 -0.0347632 0.198633 -0.576509 0.113401 3.83584 22 863 21835 21807 1 0.299366 0.299366 35 
-0.790437 5 0.253373 0.165001 -0.401501 0.50706 3.78269 22 864 14072 14023 1 0 0 3 
1.3692 5 2.482 0.382514 -0.622496 0.631694 3.79913 22 865 24711 24660 1 0 0 1 
3.97272 4.57609 5 -0.304319 -0.0123309 -0.410314 3.93138 22 866 8907 8906 1 0 0 4 
3.84352 1.51257 -5 0.507332 -0.327917 1.11756 3.74293 22 867 39713 39643 1 0.27173 0.27173 2 
2.64005 5 1.27145 0.349307 -0.361455 -0.0919484 3.90037 22 868 2413 2376 1 6.71207 6.71207 46 
-5 2.01342 -3.0123 0.116719 -0.173323 -0.0504385 3.9056 22 869 18639 18638 1 0 0 3 
3.66922 5 -1.94782 0.712446 -0.504679 -0.876166 4.01417 22 870 5644 5622 1 1.12298 1.12298 26 
3.05352 0.658468 5 0.305769 -0.165621 -0.374426 3.958 22 871 2312 2311 1 0.222909 0.222909 13 
-3.04927 0.299282 5 0.241643 -0.210159 -0.321655 4.00114 22 872 24420 24388 1 0.288688 0.288688 3 
-1.64221 5 2.46352 -0.163709 -0.167936 0.0472649 3.83241 22 873 19412 19210 1 0.238808 0.238808 26 
-5 -4.18447 2.6073 0.609149 -0.829747 2.05212 3.7736 22 874 4563 1 1 0.0144682 0.0144682 3 
-5 4.73752 -0.294668 0.423026 -0.344167 -0.0326271 3.82387 22 875 8351 1 1 0 0 3 
5 -2.43626 -0.727008 -0.13395 -0.210241 -0.0222957 3.90674 22 876 11968 11709 1 0.490447 0.490447 15 
1.08423 -3.87087 -5 0.0243293 -0.154754 0.340401 3.82091 22 877 4568 4507 1 0 0 5 
3.72577 0.470009 -5 0.214186 -0.540751 0.527651 3.77716 22 878 39746 39696 1 0 0 2 
-2.19419 -4.70978 5 0.123822 -0.312288 -0.750012 4.20135 22 879 7894 7862 1 0 0 10 
-0.616444 5 -4.29045 0.357536 -0.336279 -0.08639 3.93004 22 880 50277 50239 1 0 0 1 
-3.78893 5 -1.96116 -0.286562 -0.659336 1.01052 3.75688 22 881 2307 2261 1 0 0 4 
-4.72799 4.86473 5 0.291589 -0.114976 -0.299283 4.13386 22 882 40303 40302 1 0 0 2 
-3.38434 5 -4.31331 0.22182 -0.386894 0.0643758 3.79232 22 883 1454 1299 1 0.547826 0.547826 28 
-5 -0.316614 4.20348 3.11713 -2.39763 -0.803922 3.83358 22 884 6708 6669 1 3.20554 3.20554 33 
-5 -2.52946 -1.48336 0.169605 -0.380772 -0.279146 3.93368 22 885 3042 3020 1 0 0 2 
1.59344 1.57964 5 0.227096 -0.0892828 -0.224435 4.18311 22 886 13559 13558 1 0.797622 0.797622 7 
-4.87551 5 2.37011 -0.00767727 -0.168285 0.0430345 3.93203 22 887 10902 10901 1 6.3659 6.3659 17 
4.39316 5 -2.44885 0.0352361 -0.352659 -0.368116 4.08718 22 888 26771 26770 1 0 0 3 
1.5094 5 -4.65707 0.265108 -0.168116 -0.340371 4.31369 22 889 7323 7322 1 0 0 2 
1.9334 5 1.73472 0.358616 -0.387802 0.293023 3.80719 22 890 8095 8050 1 0 0 5 
0.187023 4.21158 -5 0.0269915 -0.362752 0.633949 3.76699 22 891 5107 4919 1 0 0 2 
4.13373 -2.26065 5 0.059737 -0.262051 -0.410576 4.25668 22 892 1059 1057 1 0 0 7 
-0.818254 -2.1025 5 0.163591 -0.400575 -0.271841 4.07756 22 893 9482 9479 1 0 0 4 
-4.40196 3.83586 -5 0.0960979 -0.203218 0.376106 3.77365 22 894 13824 13823 1 0 0 3 
-5 -1.53616 -3.46076 2.62084 -3.89585 -0.329248 3.83579 22 895 7660 7659 1 0 0 1 
0.344055 4.10358 5 0.010595 -0.191548 -0.196298 3.96285 22 896 13353 13159 1 0 0 2 
-5 -3.99031 2.1031 0.486875 0.0742732 0.136222 4.1787 22 897 15877 15875 1 0.00686764 0.00686764 6 
1.26608 5 -3.72464 0.352875 -0.315054 -0.193236 3.89803 22 898 10445 10442 1 0 0 1 
1.32124 5 2.93718 0.348712 -0.370984 -0.0434797 3.88912 22 899 19143 19111 1 0.129208 0.129208 8 
2.5521 -0.392181 5 0.190134 -0.443654 -1.82541 4.0282 22 900 2693 2674 1 0 0 8 
-5 2.11806 2.5954 0.296948 -0.0198696 -0.138058 3.83858 22 901 5500 5447 1 7.2541 7.2541 106 
0.140268 5 1.25797 0.129267 -0.207708 0.033424 3.85847 22 902 23199 23198 1 0.246619 0.246619 26 
-5 3.3337 -4.2711 0.111535 -0.454381 -0.20547 3.84364 22 903 11104 11103 1 0.261856 0.261856 28 
-5 3.72842 -4.49847 0.194255 -0.20063 -0.266382 3.92329 22 904 28519 28518 1 0 0 1 
-1.20557 5 2.71142 -0.0640718 -0.349341 0.036179 3.84646 22 905 15933 15880 1 0.0402147 0.0402147 13 
-4.90515 5 3.97392 0.241696 -0.391343 -0.222607 3.9523 22 906 6641 6619 1 0.355552 0.355552 41 
-5 1.38637 2.41294 0.590335 -0.650578 0.783264 3.79055 22 907 21752 21676 1 0 0 2 
-1.7391 5 -0.0397128 0.251174 -0.311374 0.317802 3.8298 22 908 19034 19007 1 0 0 1 
-5 0.798824 -0.815369 0.693951 -1.67321 -0.255085 3.86625 22 909 4779 4655 1 0 0 1 
-5 0.799751 1.3148 0.950811 -1.36046 2.59296 3.77584 22 910 23735 23581 1 0 0 2 
-3.03122 1.86564 5 0.108582 -0.35217 -0.353986 4.23351 22 912 32589 32588 1 0 0 1 
4.02061 5 3.7573 0.0515618 -0.487401 -0.144575 3.95566 22 913 2480 2479 1 0.43764 0.43764 25 
-5 2.9529 -3.06907 1.29 -1.61416 -0.273823 3.79596 22 914 17530 17456 1 1.34174 1.34174 31 
-3.30213 5 -0.268846 -0.143791 -0.339848 -0.353479 4.09362 22 915 1122 1121 1 0.73342 0.73342 42 
-2.47584 5 -4.50857 -0.0264092 -0.135906 -0.383379 4.07929 22 916 1572 1571 1 0 0 2 
-1.51776 0.592075 5 0.150935 0.00320211 -0.201301 3.88185 22 917 14514 14342 1 0 0 1 
4.72802 4.83773 -5 1.48652 -1.0978 2.31968 3.74572 22 918 2415 2414 1 0 0 3 
-5 2.39836 3.74067 0.703198 -0.161516 -0.573277 4.0972 22 919 2751 2728 1 0.60862 0.60862 9 
-2.68309 5 2.92648 2.38177 -2.49121 3.69293 3.78779 22 920 3803 3736 1 0.834193 0.834193 36 
3.91811 5 1.48456 0.306837 -0.393426 -0.110393 3.91567 22 921 3930 3929 1 0 0 4 
2.47276 -4.34889 5 0.471621 -0.0482685 -0.292967 4.45307 22 923 37807 37806 1 0 0 2 
-4.70502 5 -4.35711 0.310911 -0.232369 0.317239 3.76754 22 924 20432 20431 1 0 0 6 
-5 -0.229323 3.00088 0.207839 -0.598152 0.242816 3.81172 22 925 13058 12842 1 2.64533 2.64533 57 
0.135329 5 3.71168 0.229435 -0.314081 0.0104269 3.80808 22 926 28633 27951 1 0 0 1 
-0.733246 5 -4.43625 0.160429 -0.434025 0.216806 3.81571 22 927 36116 36115 1 0 0 1 
0.653645 5 3.00528 0.164563 -0.203296 0.0521973 3.89395 22 928 20285 20232 1 0 0 3 
3.36151 -3.68111 -5 -0.156887 -0.361758 0.501432 3.77829 22 929 4735 4670 1 0.249992 0.249992 24 
1.80655 5 2.39566 0.0644986 -0.313431 -0.398397 4.06661 22 930 10715 10714 1 0.278044 0.278044 30 
-5 -0.228166 1.93629 0.522852 -0.191085 -0.604529 4.90834 22 931 16103 15978 1 0 0 2 
-5 2.60287 0.521981 0.227014 -0.34456 0.265255 3.78254 22 932 6456 6455 1 0 0 5 
-5 -1.18223 4.93248 2.21582 -3.05251 3.64698 3.80933 22 933 5275 5200 1 0 0 3 
4.68467 5 3.24735 0.399137 -0.507604 -0.102805 3.8154 22 934 29640 29075 1 0 0 1 
-3.92652 3.67543 5 0.156977 -0.555096 -1.20887 4.16601 22 935 9517 9474 1 3.08331 3.08331 53 
3.09167 -2.71998 -5 -0.02452 -0.0896892 0.142053 3.99387 22 937 5166 5036 1 1.55889 1.55889 42 
-5 -0.0934462 0.694019 0.428838 -1.64587 0.560668 3.80638 22 938 34918 34884 1 0 0 3 
-3.07891 5 0.0883289 0.0324539 -0.351571 -0.129191 3.91893 22 939 36387 36358 1 0 0 2 
-3.47426 -4.18571 5 0.0440964 0.0038395 -0.170342 3.97108 22 940 15564 15563 1 0.175614 0.175614 25 
0.220291 5 -4.63065 0.666029 -0.221165 0.372518 3.78991 22 941 11552 10749 1 0.0795244 0.0795244 4 
1.72041 -4.77036 5 0.217137 -0.104705 -0.364225 4.09932 22 943 19660 19647 1 1.24753 1.24753 41 
-5 3.53817 4.41549 0.0455508 -0.484018 0.040171 3.92597 22 944 8174 8147 1 0 0 1 
-0.954953 5 4.76644 0.164418 -0.372962 0.308198 3.81765 22 946 20805 20804 1 0 0 2 
-5 -3.458 1.86766 0.217067 -0.196287 0.0234005 3.79177 22 947 2511 2466 1 0 0 6 
3.94418 3.25146 5 0.184634 -0.184026 -0.168536 3.94854 22 948 15601 14638 1 1.73726 1.73726 32 
2.8345 -1.27864 -5 0.473315 -0.821205 0.625777 3.79185 22 949 41769 41710 1 0 0 1 
-0.577798 5 2.76857 0.122419 -0.355265 -0.346295 4.13122 22 950 29778 29739 1 0 0 1 
-5 3.22502 -4.60404 0.143805 0.133997 -0.0166834 3.82959 22 951 6184 6183 1 0 0 4 
-1.29055 5 -1.19197 0.6506 -1.16272 1.39872 3.7684 22 952 13203 13071 1 0.584975 0.584975 35 
-1.25586 -1.23198 5 0.24979 -0.123218 -0.0975338 3.90343 22 953 10055 10022 1 0 0 1 
-5 -2.03233 0.659205 0.361929 -0.110148 -0.159249 4.02554 22 954 1597 1596 1 0.442162 0.442162 21 
-3.27329 5 3.01631 0.808435 -0.925706 -0.0348725 3.82343 22 955 1086 1 1 0.260776 0.260776 33 
-1.14761 1.04849 -5 0.0541088 -0.480574 0.165049 3.82827 22 956 6697 6696 1 0.224406 0.224406 38 
-5 4.92839 -1.39386 5.6966 -12.7028 13.3747 3.77302 22 957 5852 5718 1 0.233022 0.233022 4 
-4.19587 1.30957 5 -0.094725 -0.3468 -0.363149 4.09574 22 958 12434 12430 1 0 0 1 
4.19713 5 1.72163 1.11349 -1.06442 0.0991812 3.78108 -11 959 5766 5765 1 2.39521 2.39521 9 
-5 -3.36953 -4.80008 0.213017 -0.136864 -0.326314 4.02532 22 960 10877 10850 1 0.510543 0.510543 27 
-5 -1.24322 -1.16191 0.472208 -0.335262 0.318582 3.79087 22 962 6314 6217 1 0.524335 0.524335 48 
-5 1.46428 -3.1573 0.46574 -0.924124 -0.0282165 3.86753 22 963 19137 19107 1 0.332045 0.332045 2 
-0.804729 5 -0.884636 2.7859 -2.51075 0.167975 3.83778 22 964 36676 36675 1 0 0 2 
0.822793 5 -1.38373 2.08622 -4.10468 -0.325137 3.84064 22 965 25944 25943 1 0 0 1 
-0.9678 5 -0.0611679 0.175369 -0.477001 -0.0532537 3.84379 22 966 4005 4004 1 0 0 3 
4.8458 -0.186777 5 0.502139 -0.370505 -0.917772 4.25366 22 968 8909 8887 1 0 0 4 
4.43082 5 -3.25349 0.127214 -0.291956 0.0466835 3.87838 11 969 39154 39128 1 0.00666661 0.00666661 1 
-1.80743 -2.21884 -5 0.286747 -0.3798 0.186139 3.82034 22 970 21212 21211 1 0 0 2 
3.51628 5 -0.164751 0.145104 -0.0436701 -0.287284 4.14301 22 971 20428 20382 1 0 0 2 
-5 -4.33183 1.22647 0.117585 0.00358896 -0.157737 3.95503 22 972 3349 3333 1 0.196552 0.196552 21 
2.10457 -0.827889 -5 0.449276 -0.72144 0.148082 3.79461 22 973 2131 2105 1 0.185348 0.185348 47 
-4.21498 5 3.757 0.128738 -0.123334 0.154572 3.80076 22 974 16702 16634 1 0.235649 0.235649 24 
-5 2.15826 -0.727604 1.22919 -3.1842 0.467981 3.81074 22 975 29361 29360 1 0 0 2 
2.69403 2.3002 5 0.243235 -0.0410105 -0.235867 4.32654 22 976 6394 6393 1 0.234508 0.234508 24 
-0.470989 5 1.09843 -0.150873 -0.0882415 0.0720587 3.83494 22 977 24275 23991 1 1.10494 1.10494 29 
-5 3.33314 1.6047 0.236554 -0.271656 -0.12519 3.91527 22 978 11566 11565 1 0.628608 0.628608 57 
-5 -2.54818 2.00023 0.147903 -0.217219 0.174684 3.90683 22 979 1340 1339 1 0.0325335 0.0325335 7 
0.00131879 -2.77786 5 0.167138 -0.370515 -0.162985 3.95718 22 980 18853 18851 1 0 0 3 
4.76166 1.59803 5 0.0929212 -0.210251 -0.0234281 3.87936 22 981 22364 22363 1 4.90561 4.90561 42 
-5 1.67003 3.80885 0.165475 -0.259813 -0.182158 3.82635 22 982 7748 4860 1 0 0 1 
-1.28149 5 0.692218 0.203468 -0.15159 -0.245159 3.77717 22 983 5881 5676 1 0.783968 0.783968 7 
-4.13527 5 4.58431 -0.120279 -0.246602 0.133951 3.89304 22 984 1480 1424 1 1.64929 1.64929 18 
-3.6244 -3.55519 -5 1.42695 -3.36372 4.3934 3.76239 22 985 38302 38188 1 2.3515 2.3515 8 
-4.58979 5 -3.45084 -0.029533 -0.111051 0.12802 3.83208 22 986 1877 1876 1 0 0 2 
-2.41632 4.08425 5 -0.233513 -0.38546 -0.240857 3.90973 22 987 16154 16153 1 0 0 2 
0.167201 5 -4.01677 0.554271 -0.862657 -0.822382 3.919 22 988 3306 3275 1 0.292337 0.292337 42 
5 3.15878 1.78031 -0.199044 -0.101263 -0.355001 3.92569 22 989 26567 26566 1 0.635063 0.635063 23 
-3.36096 5 -3.26199 0.235692 -0.416946 0.178116 3.82806 22 991 32294 32263 1 0.265226 0.265226 25 
-5 1.41771 4.76765 0.205328 -0.245059 0.393676 3.78534 22 992 16874 15611 1 1.54143 1.54143 8 
-5 -3.89099 -2.83669 0.134902 -0.436395 0.229087 3.84268 22 993 25845 25823 1 0.254028 0.254028 17 
1.01865 5 -0.032666 0.081356 -0.498703 0.0761349 3.82323 22 994 2372 2342 1 1.35375 1.35375 33 
0.165186 5 3.25304 0.253622 -0.194149 -0.127965 3.93064 22 995 20261 20130 1 0 0 3 
-2.0949 0.236058 -5 0.233259 -0.140109 0.36251 3.76143 22 996 4712 4587 1 0 0 1 
-5 1.98805 0.0204947 0.183508 -0.18164 -0.313655 4.06898 22 997 11093 11092 1 0 0 5 
3.19809 4.78879 5 0.240767 -0.333492 -0.303207 3.95592 22 999 18239 18211 1 2.72145 2.72145 31 
-5 3.98084 -4.07098 0.408965 -0.732012 1.2039 3.76115 22 1000 6889 6823 1 0 0 3 
