# Det8_0_17
#x y z Px Py Pz t PDGid EventID TrackID ParentID Weight Edep VisibleEdep Ntracks
-4.39828 -2.05641 -5 0.418209 -0.267181 0.449395 4.06124 22 1 41061 41036 1 0 0 2 
-5 4.34575 3.96285 0.158358 -0.353981 -0.0619509 4.14604 22 2 39944 39805 1 0 0 1 
-3.97435 5 3.27862 0.436708 -0.458201 0.405524 3.99879 22 3 32001 31819 1 0 0 2 
2.71362 5 -0.0445089 -0.0778512 -0.347305 0.105668 4.06482 22 4 15406 15383 1 0.713068 0.713068 28 
-2.18882 5 4.85244 2.24346 -2.82108 3.38286 3.99479 22 5 12846 12608 1 0.212872 0.212872 16 
-3.87888 5 -0.809907 0.153295 -0.468242 -0.135535 4.1619 22 6 17000 16999 1 0.106537 0.106537 4 
-0.110041 5 4.51076 0.615558 -1.34122 0.486203 4.04128 22 7 29520 29391 1 0 0 1 
-4.99511 5 -1.51555 -0.139628 -0.288356 -0.139016 4.11056 22 8 8484 8335 1 0 0 2 
-5 2.14884 3.36391 0.50489 -0.892388 -0.619587 4.22511 22 9 35786 35764 1 0 0 1 
-4.09351 5 -1.46212 0.204268 -0.255426 -0.0771299 4.0941 22 10 19791 19363 1 0.335644 0.335644 28 
-2.71812 5 1.08166 0.541153 -1.76058 1.63352 3.99851 22 11 2236 2126 1 0.20355 0.20355 4 
-2.4476 -2.29064 5 -0.114956 -0.0992038 -0.179258 4.15709 22 12 12489 12485 1 0.23469 0.23469 16 
2.7945 -2.77514 -5 0.24336 -0.375346 0.247005 4.10087 22 13 34881 34848 1 0 0 1 
-5 4.39242 -1.23422 0.323657 -0.1191 0.040962 4.0641 22 15 1022 1 1 0 0 1 
1.10683 -2.60604 -5 0.328618 -0.696007 0.521365 4.00199 22 16 5615 3394 1 0 0 1 
-1.63836 -0.553567 -5 0.0972941 -0.355867 0.287146 4.00579 22 17 19035 19034 1 0 0 2 
1.42627 0.0750512 -5 0.214711 -0.135779 0.283255 3.99569 22 18 2622 2557 1 0 0 1 
3.88094 1.67507 -5 0.0575635 -0.280182 0.048325 4.08177 22 19 5118 4865 1 0 0 3 
0.374231 5 0.707788 0.23192 -0.826046 1.18828 3.96093 22 21 10284 10107 1 0 0 4 
-2.54311 5 4.01168 0.0898128 -0.463843 -0.194687 4.22472 22 22 9881 9879 1 0.510619 0.510619 27 
-3.76181 3.5104 -5 0.553906 -1.23189 1.33217 3.95171 22 23 8814 8627 1 0.256658 0.256658 3 
1.94391 5 -2.86768 0.545957 -0.893769 0.385492 4.02637 22 24 38966 38936 1 0.00356405 0.00356405 3 
2.31873 5 3.44349 0.547147 -0.488212 0.459418 4.03666 22 25 20124 19996 1 0.0341163 0.0341163 2 
-5 -1.8728 -3.51863 0.428911 -0.303086 0.301939 3.99541 22 26 6601 6427 1 0 0 5 
-2.56138 5 1.6958 0.22434 -0.73992 -0.12646 4.18934 22 27 14469 14422 1 0.133621 0.133621 2 
-5 -3.88639 -2.93429 0.358193 -0.355422 -0.0805751 4.28388 22 28 23147 23145 1 0 0 2 
-5 -2.96571 -2.27138 0.21175 -0.397476 0.241442 3.99934 22 29 31920 31894 1 0 0 2 
-3.53637 5 1.11444 0.371082 -0.21159 -0.280442 4.0838 22 30 3334 3332 1 0 0 5 
2.65574 5 4.79498 1.05402 -1.9898 1.27103 4.02817 22 31 3281 3181 1 0 0 3 
2.20034 5 2.2949 0.42784 -0.423676 0.502625 4.00406 22 34 9689 9688 1 0 0 5 
3.68416 5 3.83739 0.149113 -0.0561915 0.115199 5.03271 22 35 10827 10821 1 0.114722 0.114722 5 
-5 -4.88067 4.9686 0.234614 -0.115108 0.20581 4.04149 22 36 4306 4272 1 0.0291447 0.0291447 19 
0.755117 5 -0.00701399 1.92191 -1.14027 -0.382648 4.08932 22 37 2770 2739 1 0.241524 0.241524 2 
2.01805 -0.00973423 -5 0.366933 -0.344395 0.0887232 4.15208 22 38 9583 9580 1 0 0 2 
-2.39224 5 -2.48385 0.175002 -0.916644 0.0860602 3.98201 22 39 20457 20355 1 0 0 2 
-1.98915 -1.71293 5 0.34561 -0.0853377 -0.256436 4.07302 22 40 20260 20219 1 0 0 2 
-5 -1.55122 -3.4949 0.501577 -0.570619 -0.395887 4.20456 22 42 26904 26902 1 0 0 1 
-2.17573 5 3.06332 0.0144218 -0.737729 0.55832 3.95671 22 43 10000 9783 1 0 0 3 
-4.49758 -1.07219 -5 0.32181 -1.14154 0.929342 3.97239 22 46 5123 5063 1 0 0 6 
2.7602 -2.64219 -5 0.968292 -1.65438 1.89325 3.96549 22 47 9453 9374 1 0 0 1 
-1.35583 5 2.23363 1.48804 -2.3106 -0.96776 4.09456 22 48 14461 14333 1 0 0 3 
1.85876 3.72016 -5 0.145585 -0.33559 0.138214 4.04556 22 49 34479 34433 1 0 0 1 
0.530981 5 -0.817606 0.13021 -0.579209 -0.154409 4.07309 22 50 4363 4349 1 0 0 2 
4.3708 5 4.21202 4.79562 -5.95006 4.90727 4.00377 22 51 17937 17936 1 0 0 1 
-2.77228 5 -0.999 0.306207 -0.262053 0.14232 4.0202 22 52 7933 7850 1 0 0 1 
-3.56341 -3.60459 -5 0.273627 -0.40873 0.66182 3.9532 22 53 29608 27231 1 0 0 1 
-5 1.25403 3.89143 0.645625 -1.38479 0.3144 4.02856 22 54 4001 3971 1 0 0 2 
-0.240109 5 -0.53597 1.12698 -2.22341 -1.42432 4.05417 22 55 33361 33360 1 0 0 1 
4.04767 5 -2.0658 2.43082 -3.86489 0.268283 4.07979 22 56 5506 5448 1 0 0 3 
-0.631587 -0.272314 -5 0.463731 -1.64419 2.31851 3.95068 22 57 24491 24396 1 0 0 3 
0.649284 5 -1.05458 1.19282 -1.32771 -0.575775 4.05509 22 58 6281 6217 1 0 0 2 
-5 3.95069 1.70021 0.222152 -0.438368 0.140006 4.04111 22 59 15971 15970 1 0.281225 0.281225 3 
1.37882 5 3.90273 0.300288 -0.334159 0.234276 4.0102 22 61 5794 5766 1 0.884622 0.884622 4 
-5 3.40134 4.67418 0.317111 -0.0287614 0.232893 3.97331 22 62 10174 8645 1 0 0 2 
-5 4.11092 4.38357 0.301158 -0.0438326 0.0997649 4.14219 22 63 26076 26075 1 0 0 1 
-4.87547 5 4.14657 2.00538 -3.30885 5.27667 3.97216 22 64 2398 2352 1 0 0 1 
-3.56572 5 -1.64033 0.124439 -0.456437 -0.0185902 4.1356 22 65 8880 8879 1 0 0 4 
-3.6708 5 3.98123 0.290199 -0.0506661 -0.0491196 4.07697 22 66 3661 3627 1 0.282931 0.282931 21 
-0.809532 0.548273 5 -0.140416 -0.161355 -0.210231 4.11965 22 68 1505 1504 1 0 0 3 
-2.3131 5 -0.356435 0.156785 -0.404974 -0.0359609 4.1323 22 69 38231 38230 1 0.435413 0.435413 21 
-1.6307 5 3.79296 0.141503 -0.29345 -0.144628 4.07713 22 71 12978 12923 1 0 0 2 
-4.85274 -1.89506 -5 0.23915 -0.46936 0.189474 4.02141 22 72 4154 4149 1 0 0 3 
-3.72324 5 2.04321 0.159348 -0.298928 0.289 3.97857 22 73 18062 17973 1 0 0 1 
-5 -0.307831 -1.56008 0.216739 -0.455086 -0.0839114 4.10373 22 74 2533 2509 1 0 0 2 
3.1856 0.829176 -5 0.686797 -0.289855 0.424527 4.01364 22 76 17412 17400 1 0 0 3 
-5 -0.844278 1.52616 0.275148 -0.383757 0.195304 4.0446 22 77 41323 41322 1 0.510859 0.510859 9 
-4.46708 5 2.51227 -0.124582 -0.341607 0.243191 3.97863 22 78 24355 24306 1 0 0 2 
4.49051 4.75935 -5 0.602498 -0.522794 0.988641 3.95215 22 79 37613 37517 1 0.148147 0.148147 3 
-5 0.747208 4.56845 0.986864 -2.2118 0.395847 4.06432 22 80 4681 4680 1 3.14526 3.14526 7 
-5 -0.792967 -1.21324 0.340317 -0.271298 0.0206952 4.04488 22 83 10790 10619 1 0 0 1 
-2.96555 5 0.271013 0.186685 -0.390832 0.121061 4.04965 22 84 9452 9279 1 0 0 1 
1.17779 0.834301 -5 0.196347 -0.270124 0.474072 3.95354 22 86 26304 26249 1 0 0 1 
-4.47732 5 3.30668 0.0499203 -0.370687 -0.173893 4.17658 22 87 8310 8290 1 0 0 1 
-5 -1.49288 4.2045 0.21884 -0.492914 0.0832237 4.04954 22 88 8503 8502 1 0 0 2 
5 4.19014 2.09917 -0.0728527 -0.47655 0.169447 4.19521 22 89 22674 22646 1 0 0 2 
4.40012 5 -1.57171 0.284392 -0.423723 -0.0264513 4.12411 22 90 21237 21235 1 0 0 1 
-5 3.4217 -2.27459 0.250145 -0.568652 0.216084 4.0005 22 91 1796 1795 1 0 0 5 
-5 2.27728 -1.33083 0.20675 -0.321307 0.339317 4.02608 22 92 7397 7396 1 0.51066 0.51066 22 
1.76702 0.204451 -5 0.699505 -0.793428 0.0852428 4.11947 22 93 5118 5078 1 0.443045 0.443045 22 
-5 2.19081 3.47277 0.23174 -0.418761 -0.179041 4.18946 22 94 29378 29376 1 0.696327 0.696327 22 
-5 0.10287 -4.53264 1.79262 -1.50216 2.82976 3.93287 22 95 13535 13438 1 0 0 3 
-5 1.05928 -4.75997 0.170191 -0.162744 -0.0783467 3.96129 22 96 5005 4885 1 0 0 4 
-2.80675 4.10454 -5 -0.0212579 -0.189127 0.21269 4.02115 22 97 21748 21113 1 0.3021 0.3021 31 
0.0802752 -1.5391 -5 0.223324 -0.325074 0.373421 3.97401 22 98 1840 1782 1 0.510587 0.510587 29 
1.46223 5 -3.26848 0.500318 -0.241799 0.0956524 4.01132 22 99 11548 11497 1 0.228973 0.228973 5 
1.8332 5 -4.87719 0.263701 -0.392302 0.123949 3.96055 22 100 10288 10229 1 0 0 1 
3.36173 -4.47554 -5 0.104617 -0.137714 0.332086 3.99757 22 101 7799 7770 1 0 0 1 
0.0604038 5 1.01896 0.264111 -0.733616 -0.199902 4.10149 22 102 3888 3887 1 0.697918 0.697918 3 
-5 4.4974 1.14426 0.218864 -0.450495 0.101357 4.05189 22 103 2241 2240 1 0.286059 0.286059 33 
-5 1.50495 2.60908 0.253225 0.0216628 0.026287 4.04757 22 104 32493 32461 1 0.0687858 0.0687858 3 
0.191333 5 2.04532 0.267241 -0.397697 -0.177593 4.15816 22 105 2769 2768 1 0.233325 0.233325 4 
-5 -3.34805 -0.937025 0.403995 -0.70113 1.29255 3.95816 22 106 34935 33564 1 0 0 2 
3.9088 5 3.5764 0.128758 -0.308514 0.12165 4.06276 22 108 23978 23946 1 0 0 1 
-3.041 1.01073 -5 0.328856 -0.237158 0.311014 4.00523 22 109 5716 5714 1 0.305352 0.305352 32 
1.51083 5 -4.03501 0.717646 -1.43721 0.985958 4.01303 22 111 5669 5668 1 0 0 2 
-1.24572 -1.51888 -5 -0.0938567 -0.0677176 0.17785 4.25845 22 112 47208 47207 1 0.211829 0.211829 22 
-5 1.24545 0.0272839 0.453435 -0.638906 0.340353 4.07509 22 115 47487 47474 1 0 0 1 
-2.83168 5 3.76544 0.407698 -0.984601 0.464683 3.98588 22 117 6578 6361 1 0 0 3 
2.90186 5 -2.29112 0.883605 -1.28019 1.16189 3.98009 22 118 7222 7189 1 0 0 1 
-5 -0.534328 -3.63057 0.329311 -0.355697 0.00762955 4.10598 22 120 4367 4364 1 0 0 4 
-2.31594 5 -1.57329 0.31357 -0.392061 0.095298 4.03189 22 121 26210 26209 1 0 0 1 
-5 0.90331 2.78945 0.162546 -0.465257 -0.135034 4.21273 22 122 10384 10359 1 0 0 1 
-5 -0.552426 1.46375 0.490903 -0.373085 0.31231 3.96192 22 125 18798 18715 1 0 0 2 
1.86996 5 -1.0697 0.200484 -0.295354 0.195001 3.9862 22 126 21717 21711 1 0.246587 0.246587 2 
-5 -1.693 -3.85371 5.77727 -6.56804 4.70294 3.99341 22 127 15595 15522 1 0 0 2 
-3.57457 5 -3.68918 0.224059 -0.434414 -0.149003 4.13914 22 128 24471 24470 1 0 0 1 
4.58713 5 -3.81533 4.9259 -9.57626 -2.03395 3.96289 11 130 1569 1465 1 0.993065 0.993065 10 
-4.71957 5 2.34 0.175055 -0.47944 0.0247584 4.06381 22 131 3786 3784 1 0.510693 0.510693 18 
-2.72228 4.91931 -5 0.511279 -4.30826 1.45876 4.04664 22 133 12746 12719 1 0 0 2 
-2.7404 5 2.35962 0.00417432 -0.231529 0.309633 4.03877 22 135 9055 9054 1 3.01103 3.01103 6 
2.31819 -2.9416 -5 -0.00347064 -0.257581 0.137545 4.12727 22 136 56640 56639 1 0 0 1 
-3.58601 1.79002 -5 0.806791 -1.35275 2.59694 3.93602 22 138 1819 1 1 0 0 1 
-5 1.1497 2.58739 0.269879 -0.416177 0.12281 4.11911 22 139 31183 31182 1 0 0 1 
-4.60782 1.9453 5 0.229736 -0.367684 -0.126431 4.13053 22 140 21175 21129 1 0.451288 0.451288 21 
2.40269 5 -2.5195 0.949318 -1.05281 0.395353 4.03019 22 142 16976 16974 1 0 0 2 
4.21447 0.445756 -5 0.182343 -0.249734 0.19709 4.08548 22 143 5454 5433 1 0 0 1 
3.13684 5 4.78109 0.229372 -0.437933 0.518521 3.97283 22 144 47383 47179 1 0 0 1 
-3.53104 5 0.43642 1.57633 -4.07089 2.51229 4.01908 22 145 13777 13710 1 0 0 1 
-2.37675 0.475336 -5 0.250551 -0.262366 0.161259 3.95432 22 148 5897 5635 1 0 0 3 
-0.195047 5 -2.01195 0.191475 -0.437784 0.181113 4.04071 22 149 14320 14319 1 0 0 2 
-5 4.0473 -0.465593 0.347679 -0.414239 0.187668 3.98263 22 150 22542 22459 1 0 0 1 
-5 0.367129 4.95723 0.126018 0.0624133 -0.063848 4.10113 22 152 14661 14633 1 0.154037 0.154037 27 
-2.48895 5 1.2557 0.538101 -0.653288 0.39774 4.01253 22 153 18018 17974 1 0.934757 0.934757 27 
-0.555692 5 0.0122852 0.21422 -0.461933 0.0429782 4.08288 22 154 40049 40026 1 0 0 1 
5 -0.877407 0.314861 -0.0693986 -0.154476 -0.0203726 4.09326 22 157 26007 25977 1 0 0 3 
-5 -2.6813 0.127813 0.284931 -0.181883 -0.269707 4.12213 22 159 16495 16493 1 0.222594 0.222594 3 
-5 0.454861 3.91899 0.280174 -0.362491 -0.183033 4.18347 22 160 17005 17004 1 0 0 3 
-2.98257 5 -4.94022 0.283667 -0.257296 0.306054 3.9851 22 162 6865 6835 1 0 0 2 
3.58344 5 -0.912647 0.323953 -0.356169 0.580571 3.97069 22 163 30187 30119 1 0 0 2 
1.32829 5 2.11139 0.207549 -0.583514 0.639305 4.02542 22 164 13066 11949 1 0.0158056 0.0158056 2 
-0.98012 5 -1.74787 -0.167469 -0.176404 0.0658517 4.22724 22 165 13211 13114 1 0 0 2 
-4.58159 5 1.61443 0.257551 -0.730263 0.0796224 4.01448 22 166 1879 1856 1 0 0 5 
-5 1.60979 -3.72205 0.633254 -0.794386 2.7024 3.91579 22 167 8284 8230 1 0.180351 0.180351 15 
-5 2.27938 -4.44547 0.374868 -0.185852 -0.275397 4.2139 22 168 26254 26230 1 0 0 1 
-0.463694 5 4.74066 -0.00200539 -0.311549 -0.214517 4.18484 22 169 24937 24913 1 0.244046 0.244046 6 
2.28101 5 3.94547 0.699544 -0.882316 0.927678 3.97512 22 171 13336 13106 1 0 0 4 
-1.54843 -1.70669 5 0.0676182 -0.261687 -0.0415623 4.36202 22 172 42758 42677 1 0 0 1 
-0.00784676 5 2.37049 0.278373 -0.418801 0.13488 4.04036 22 174 2302 2289 1 0.209136 0.209136 24 
3.74985 -3.49133 5 -0.0468703 -0.204174 -0.189729 4.10863 22 175 18228 18206 1 0.510636 0.510636 29 
2.11385 5 -1.88368 0.737314 -0.70258 -0.209469 4.08189 22 176 10240 10212 1 0.180445 0.180445 3 
-2.08307 5 -3.65527 -0.0432604 -0.296313 0.414062 3.95929 22 178 12042 12019 1 0 0 1 
-5 -4.57775 0.0688377 -0.56208 -4.33572 -0.418525 4.02733 11 179 9930 9929 1 0.606327 0.606327 6 
-2.86209 -4.06957 -5 -0.0848564 -0.42635 0.309021 4.06184 22 180 1580 1568 1 0 0 5 
-1.72682 5 3.14496 0.272195 -1.86019 0.289345 4.06034 22 181 7181 7055 1 0 0 3 
2.39249 5 0.506394 -0.0822381 -0.277483 -0.0268305 4.00097 22 182 19281 18765 1 0 0 2 
-3.52209 5 4.4859 0.154823 -0.281249 -0.0563826 4.1173 22 183 30640 30609 1 0 0 2 
-3.55814 5 1.25174 0.0956624 -0.497072 -0.0699156 4.11512 22 184 7133 7113 1 0 0 1 
-1.87987 -0.115232 -5 0.624655 -1.17338 1.36583 3.9621 22 185 19379 19372 1 0 0 3 
-1.65572 5 3.93951 19.2343 -43.2507 -13.9943 8.54166 2112 186 11753 11657 1 0 0 1 
1.07615 5 4.67081 1.03559 -1.49623 4.30305 3.94695 22 187 2756 2573 1 0 0 4 
-2.97756 -0.33558 5 0.345687 -0.843779 -0.215764 4.1599 22 188 11905 11900 1 0 0 1 
4.93262 5 -3.38058 0.285556 -0.323852 -0.0105085 4.00103 22 189 5920 5758 1 0.241315 0.241315 31 
2.92605 3.25308 -5 0.328372 -0.215454 0.326912 3.99837 22 190 38686 38685 1 0.129827 0.129827 13 
3.65621 5 -0.2505 2.6412 -4.09241 4.45314 3.95553 22 191 9384 9307 1 0 0 5 
3.3355 5 -3.92594 0.302447 -0.405406 0.0727449 4.09626 22 193 7287 7264 1 0 0 2 
-1.50161 1.53627 -5 0.179687 -0.375851 0.29592 3.98249 22 194 16430 16429 1 0 0 2 
5 -3.97818 -2.53175 -0.161133 -0.191509 -0.0362886 4.08454 22 196 18677 17895 1 0 0 1 
-2.3733 5 3.98451 0.379399 -0.837938 0.849909 4.00142 22 197 14324 12586 1 0 0 2 
-0.426464 5 4.23758 -0.0284734 -0.364817 -0.0388964 4.03922 22 198 51867 51833 1 0.367402 0.367402 34 
-5 3.61323 1.9074 0.303518 -0.37297 0.172888 4.00946 22 199 3569 3544 1 0 0 2 
-5 -1.23938 0.154803 0.213018 -0.493395 -0.137318 4.12639 22 200 15732 15624 1 0 0 1 
-5 -1.37253 2.38731 0.117551 -0.488291 -0.0941989 4.13229 22 201 22152 22125 1 0 0 2 
-5 -2.93082 0.260286 0.479165 -0.637864 0.827522 3.9822 22 202 7745 7619 1 0 0 2 
1.90238 5 -2.16501 1.19356 -0.852018 0.429129 4.05377 22 203 15568 15567 1 0.135078 0.135078 5 
-0.616787 2.26633 -5 4.06663 -4.90486 4.20235 3.9602 22 204 9770 9733 1 0.140934 0.140934 23 
-4.29303 5 -2.29115 0.575796 -0.866791 0.572622 3.9491 22 205 32711 32527 1 0 0 1 
-5 2.15905 0.665366 0.203982 -0.437493 -0.167663 4.14261 22 206 2199 2198 1 0 0 1 
-5 -1.11793 -1.32385 0.120626 -0.295093 -0.399361 4.09737 22 207 34017 34015 1 0 0 1 
-5 -0.268584 0.997593 0.143531 -0.390974 -0.296071 4.17513 22 208 33850 33833 1 0 0 1 
-5 4.44282 3.77051 0.224444 -0.314437 0.334476 4.00451 22 209 12735 12732 1 0.222613 0.222613 4 
-1.78283 4.41279 -5 1.23199 -2.52579 4.6527 3.93018 22 210 35757 35406 1 0 0 2 
-0.12393 5 -0.411348 0.2585 -0.417492 0.141414 4.05681 22 212 56589 56563 1 0 0 1 
4.13327 2.37153 -5 1.41719 -1.59769 1.78536 3.96878 22 213 11796 11441 1 0 0 3 
-0.298836 5 0.803413 0.0633185 -0.177088 0.201538 3.9881 22 215 6845 6814 1 0 0 1 
-2.82133 -0.361024 -5 0.441807 -0.609983 0.930326 3.96134 22 216 41902 41128 1 0 0 1 
3.47951 1.41074 -5 1.05513 -1.71827 2.8849 3.94136 22 217 2645 2436 1 0 0 2 
4.47942 4.82293 -5 0.22734 -0.294818 0.180248 4.01698 22 218 9498 9494 1 0 0 5 
-5 4.21033 -0.416305 0.140076 -0.333301 0.0846399 4.00154 22 219 10843 10653 1 0.500839 0.500839 25 
-5 0.473495 -3.8295 0.399365 -0.729765 0.631306 3.97114 22 220 18718 18493 1 0 0 5 
-5 -2.71053 -0.179144 0.446794 -1.05892 0.00142806 4.12491 22 222 21859 21831 1 0 0 2 
3.4065 2.74224 -5 1.14128 -3.03043 2.0926 3.99823 22 223 21850 21823 1 0 0 2 
-2.49617 -0.351778 -5 0.356749 -0.745694 0.716361 3.98096 22 224 30815 30440 1 0.0949378 0.0949378 4 
4.59528 -1.10223 -5 0.235487 -0.504551 0.676898 3.95959 22 225 2000 1918 1 0.00273146 0.00273146 3 
-5 3.48196 2.97582 0.203771 -0.371243 -0.0417675 4.02326 22 227 33031 32973 1 0.271668 0.271668 5 
-4.89617 -2.37376 -5 -0.120239 -0.434145 0.556059 3.94392 22 229 13676 13675 1 0 0 4 
-5 -1.8439 4.17506 0.235637 -0.206097 0.330866 3.97448 22 231 31979 31892 1 0.3882 0.3882 2 
4.99052 5 3.42872 0.901124 -1.1165 0.416625 4.05199 22 233 13755 13716 1 0.315947 0.315947 16 
-5 2.60023 4.46457 0.34866 0.161865 0.414819 3.98785 22 234 27102 26808 1 0 0 1 
1.20589 5 0.770897 0.228736 -0.451781 0.638339 4.00442 22 235 5739 5644 1 0 0 3 
1.68733 5 -4.67521 1.31009 -1.59023 1.88805 3.95754 22 236 21051 20800 1 0 0 3 
-4.03114 3.50909 5 0.0250153 -0.196803 -0.169641 4.02558 22 237 18742 18730 1 0.40856 0.40856 8 
-2.17831 -0.817828 5 0.206834 -0.0562658 -0.463868 4.11096 22 239 3051 3049 1 0.177566 0.177566 31 
-4.83989 5 -1.82009 -0.241114 -0.214966 -0.055034 4.23595 22 240 19057 19021 1 0.284564 0.284564 36 
-5 3.29975 0.686275 0.237072 0.0166924 0.10884 4.0642 22 241 38004 38003 1 0.129878 0.129878 2 
-5 1.23217 1.97202 0.912176 -1.82116 2.83876 3.95776 22 244 21956 21446 1 0 0 2 
2.9204 5 3.02248 0.515573 -0.554139 0.28151 4.04684 22 245 18257 18176 1 0 0 3 
-2.22106 5 -0.366376 0.404874 -0.279971 0.137163 4.07688 22 246 6286 6283 1 0.319623 0.319623 8 
-3.06115 5 -2.42394 0.441128 -0.603095 0.626142 3.98288 22 247 6377 6326 1 0.306793 0.306793 2 
-5 -0.894333 -1.43555 1.21718 -0.819987 -0.482166 4.23713 22 248 11228 11164 1 0 0 1 
-2.96366 -3.95191 -5 0.401814 -0.55116 1.63811 3.92456 22 250 15485 15461 1 0.221444 0.221444 18 
-0.931901 5 2.20393 1.37359 -1.6271 1.92684 3.98349 22 251 2572 2470 1 0 0 1 
0.526795 5 4.97266 0.305758 -0.409303 -0.0101679 4.20556 22 252 18960 18941 1 0 0 1 
3.73772 5 4.56604 0.134302 -0.469702 0.220522 4.06485 22 253 8976 8953 1 0.510649 0.510649 25 
-5 -3.37652 4.60596 0.906244 -1.52758 -0.155447 4.14333 22 254 18409 18408 1 0 0 1 
-3.27311 -2.66064 -5 0.409697 -0.433184 0.49025 3.98173 22 255 2323 2322 1 0 0 3 
-5 -0.740293 0.18866 0.271964 -0.164207 -0.180655 4.15111 22 256 12186 12091 1 0.365305 0.365305 11 
-5 1.39142 -3.1983 0.24402 -0.114433 0.434142 4.35543 22 257 5114 5113 1 0 0 8 
-4.68627 3.60446 -5 0.478607 -0.698433 1.1361 3.95251 22 258 19411 19302 1 0.0290588 0.0290588 2 
-5 1.04084 -2.10659 0.178492 -0.459285 0.019279 4.08364 22 261 3875 3874 1 0 0 2 
2.82 2.75299 -5 0.544429 -0.872327 0.830629 3.95421 22 262 38688 38568 1 0.272372 0.272372 2 
-0.566351 5 -0.57644 0.181538 -0.615914 0.6734 3.97846 22 264 2055 1 1 0 0 1 
0.0693019 5 -1.98304 0.0210863 -0.366729 0.161386 4.0087 22 265 36401 36400 1 0 0 1 
-5 1.03866 -4.34264 0.11674 -0.163233 -0.143795 4.11494 22 267 35537 35534 1 0 0 1 
-3.58116 -1.49323 5 0.286132 -0.360053 -0.145898 4.19857 22 268 34354 34353 1 0 0 2 
-4.18304 5 4.17426 0.166416 -0.419457 0.239752 4.03139 22 269 12003 11980 1 0 0 1 
-5 3.13487 -4.63752 0.345256 -0.374039 -0.0448664 4.07197 22 271 9827 9798 1 0 0 1 
2.59647 -4.1315 -5 0.33239 -0.465901 0.550073 4.0401 22 272 7650 7586 1 0 0 1 
-4.43526 5 2.35094 0.464049 -0.692122 0.701996 3.98887 22 274 5739 5673 1 4.66649 4.66649 27 
-4.53266 5 4.95953 0.819546 -3.8463 1.86842 4.00359 22 276 20776 20775 1 0 0 1 
-5 2.04902 0.612306 0.104544 -0.220765 0.133145 4.14012 22 277 1132 1131 1 0.277722 0.277722 32 
-2.21266 5 -1.60006 0.475536 -0.944674 -0.335268 4.10843 22 278 10576 10575 1 0 0 2 
-0.839363 -0.557427 -5 4.87752 -5.50451 12.6083 3.93237 22 279 31066 30986 1 0 0 2 
0.0405701 5 0.662369 2.58359 -3.0084 1.44972 4.02688 22 280 21724 21647 1 0 0 2 
-1.81409 5 -2.53548 -0.147056 -0.150368 0.209096 3.98702 22 281 24481 24415 1 0.157932 0.157932 3 
3.12086 5 2.87126 0.334655 -0.383011 -0.0492793 4.15893 22 282 51420 51419 1 0 0 1 
3.67584 5 4.46928 12.5078 -12.5325 12.2327 3.99453 22 284 21716 21662 1 0 0 2 
-5 3.68854 1.62557 0.226782 0.0528721 0.409251 4.05802 22 285 17172 17147 1 0.251962 0.251962 21 
-1.46669 5 1.91529 0.175656 -0.582671 1.16173 3.96613 22 286 1211 1109 1 0.0785442 0.0785442 4 
2.41432 0.971866 -5 0.225576 -0.246405 0.435106 3.94866 22 287 17131 16516 1 0 0 1 
-4.54783 5 -1.81426 0.0967961 -0.197282 -0.121547 4.0894 22 288 11137 11136 1 0 0 2 
3.07999 5 2.54424 0.123303 -0.198574 0.110417 3.99711 22 289 4333 4294 1 0.258371 0.258371 13 
-0.34721 5 3.91696 -0.0948599 -0.707735 -0.251918 4.05875 22 292 3963 3893 1 0.756887 0.756887 26 
1.55765 5 -3.48364 0.28667 -0.451982 -0.0236233 4.08715 22 293 23590 23552 1 0.426305 0.426305 25 
3.14686 5 -3.45376 0.200225 -0.368375 0.052532 4.17535 22 295 9083 9059 1 0 0 4 
5 2.6171 1.45595 -0.274019 -0.0941185 -0.0364871 4.00147 22 297 26446 25305 1 0.291647 0.291647 21 
-5 3.1837 -4.22742 0.115112 -0.188991 0.161589 3.96671 22 298 4759 4118 1 0 0 4 
-5 3.54738 3.16729 0.166019 -0.0634719 -0.11077 4.19957 22 299 4687 4574 1 0.209079 0.209079 23 
-0.707834 4.50296 -5 1.56866 -0.541933 0.56265 3.96574 22 302 2565 2482 1 0 0 2 
-5 -3.92956 -2.45937 0.138562 -0.19137 -0.0251647 4.15678 22 303 7299 6843 1 0.237072 0.237072 31 
-5 1.90043 -0.441829 0.266317 -0.203734 0.128447 4.14344 22 304 15351 15240 1 1.04366 1.04366 27 
-2.3172 5 -4.48777 0.311417 -0.412172 0.504246 3.95589 22 306 3366 3297 1 0.686645 0.686645 42 
0.173752 5 1.73041 0.192239 -0.599024 0.255719 4.01037 22 307 21066 21030 1 0.678524 0.678524 35 
-5 1.08612 3.22018 0.253734 -0.310569 0.31668 4.04148 22 308 16800 16799 1 0 0 2 
-2.2609 -1.22722 -5 1.17588 -2.04427 2.54517 3.96432 22 309 6820 6749 1 0.403919 0.403919 35 
-0.49537 5 -3.62028 0.648136 -0.809697 0.816469 3.97191 22 310 8916 8875 1 0.0711762 0.0711762 5 
-1.67128 -2.42431 5 0.192556 -0.444659 -0.162236 4.17257 22 311 51287 51286 1 0 0 1 
-3.15376 5 -1.3505 0.680015 -0.996028 0.356693 4.02287 22 312 38220 38186 1 0 0 1 
-5 -4.05149 -4.4422 0.141534 -0.165127 0.0164095 4.01854 22 314 10870 10816 1 0.0293709 0.0293709 9 
-5 3.78856 1.67936 1.85606 -1.97631 1.34745 4.03954 22 315 28893 28705 1 0 0 2 
-4.30763 5 -3.11219 0.126646 -0.468848 -0.158942 4.18854 22 316 19801 19800 1 0.202022 0.202022 12 
-0.759965 5 1.3249 0.220232 -0.458185 -0.0518127 4.13059 22 317 17618 17617 1 0 0 3 
-2.11563 5 2.50506 1.64433 -2.79566 2.02205 4.00656 22 318 13178 13177 1 0.269699 0.269699 23 
2.46058 4.76508 -5 0.545111 0.045408 0.123536 3.9858 22 319 17153 17101 1 1.10308 1.10308 21 
-1.07596 5 -2.34764 1.03007 -2.0947 3.91347 3.94077 22 320 32209 31707 1 0 0 1 
0.369815 5 2.84391 1.23617 -2.01213 4.60094 3.94836 22 322 7297 7226 1 4.92848 4.92848 38 
1.05525 5 -1.38695 1.66389 -1.6505 1.39582 3.99216 22 323 14070 13969 1 0 0 1 
-5 -0.74383 4.66415 0.202371 -0.0702535 0.390559 4.00106 22 324 14754 14753 1 0 0 1 
-4.71518 -3.12447 -5 0.218654 -0.333265 1.16345 3.95139 22 327 48177 48139 1 0 0 3 
-4.03303 4.80492 -5 -0.109112 -0.172272 0.352933 3.97405 22 328 3265 3264 1 0 0 3 
0.966374 5 -0.693761 1.65783 -1.80935 3.26054 3.94293 22 329 14995 14849 1 0 0 2 
1.98084 5 -3.21764 0.0727898 -0.595987 -0.0160184 4.08609 22 330 50009 50008 1 0.311069 0.311069 2 
0.446257 5 -3.11783 0.425086 -0.25471 -0.124679 4.11463 22 331 30927 30926 1 0 0 1 
3.04825 5 2.42305 2.58422 -3.00925 0.214808 5.0937 22 333 3693 3621 1 0 0 3 
3.36961 5 1.84472 0.183136 -0.278369 -0.204807 4.03244 22 334 2649 2099 1 0 0 3 
3.01658 -4.68859 5 0.100976 -0.0621684 -0.49705 4.17337 22 335 4474 4473 1 0 0 3 
0.652694 5 4.03497 2.44033 -4.84262 2.161 4.05728 22 336 26922 26859 1 0 0 1 
-2.69666 5 4.01382 32.8436 -50.6382 -8.11546 7.26979 2112 337 16244 16134 1 0 0 1 
0.043588 5 -1.59571 0.766111 -0.995484 1.38454 3.96218 22 341 35963 35733 1 0 0 1 
0.0699279 5 -1.28961 0.158345 -0.22749 0.453984 3.93322 22 343 15738 15656 1 0 0 5 
-2.92919 1.77392 -5 0.284587 -0.7788 0.755251 3.95702 22 344 13840 13449 1 0 0 2 
-5 -2.58797 4.33398 0.603099 -0.298149 0.465236 3.99003 22 345 20662 20565 1 0 0 3 
2.65247 1.69246 -5 0.192983 -0.261557 0.0965452 4.01767 22 346 15967 15372 1 0 0 2 
-5 -3.20764 4.19791 0.833351 -0.574835 0.800137 3.99531 22 347 20011 20010 1 0 0 1 
-4.81123 5 0.796512 0.157623 -0.770264 0.399651 3.99475 22 348 24757 24081 1 0 0 2 
3.99933 3.68472 5 0.105222 -0.0104657 -0.122092 4.02246 22 350 17733 17660 1 0 0 3 
2.13746 5 -4.70583 0.130099 -0.450671 -0.1365 4.09698 22 352 40389 40213 1 0 0 2 
-5 2.78007 -4.51008 0.661458 -0.397352 0.0208506 3.97575 22 353 26453 26422 1 0 0 1 
0.0488025 5 2.00545 0.285376 -0.381414 -0.184942 4.13354 22 354 19950 19920 1 0 0 2 
-0.591266 5 0.671756 0.0836052 -0.470784 -0.180256 4.19597 22 355 14643 14630 1 0 0 1 
1.72535 5 3.47062 0.510081 -0.954941 0.873901 3.98905 22 357 17603 17313 1 0 0 1 
-1.58905 2.99557 -5 0.507855 -0.529958 1.37504 3.94882 22 359 1914 1 1 1.31854 1.31854 29 
0.711104 5 4.5534 0.178533 -0.245602 0.494292 3.96581 22 360 48475 48391 1 0 0 1 
-5 3.70536 0.496958 0.58232 -1.03075 0.119258 4.05072 22 363 12234 12229 1 0.74802 0.74802 20 
0.961517 5 4.77186 0.358953 -0.474483 0.155651 4.0587 22 365 17415 17388 1 0.360206 0.360206 21 
-5 3.76288 1.4457 0.152334 -0.204949 0.140861 4.01312 22 366 18562 18190 1 0.291111 0.291111 36 
-1.97224 5 -4.9967 0.072385 -0.731799 -0.124337 4.08157 22 367 24609 24579 1 0 0 1 
-5 -4.63208 -3.63689 0.707252 -1.39609 1.79243 3.97805 22 368 22401 22331 1 0 0 1 
-3.13296 5 -2.32168 0.171992 -0.249633 0.411366 3.95391 22 369 8398 8397 1 0 0 1 
4.43368 5 -3.93911 2.4276 -3.0827 2.63082 3.96806 22 370 6453 6374 1 0 0 3 
3.85661 -0.560478 5 0.336526 -0.528159 -0.240803 5.21104 22 371 12714 12606 1 0.401608 0.401608 4 
-1.99632 5 4.46886 0.747175 -1.04117 1.22906 5.00077 22 372 17860 17748 1 0 0 2 
2.12708 5 2.05798 0.183146 -0.249654 0.175674 4.00748 22 373 13036 12616 1 0.123681 0.123681 3 
-1.60202 5 3.85505 0.0403124 -1.04172 -0.975701 4.19086 22 374 6790 6789 1 0 0 2 
1.01672 5 2.35016 1.29759 -1.99719 2.64143 3.97772 22 375 3753 3703 1 0 0 3 
3.16441 5 -2.72778 0.59693 -0.634207 0.278133 4.0291 22 376 3784 3756 1 0.387969 0.387969 25 
1.71946 -1.42219 -5 0.388935 -0.0435803 0.328557 3.95405 22 378 11360 11359 1 1.30009 1.30009 6 
-0.954283 5 2.67994 0.198205 -0.19955 -0.0696895 4.08017 22 380 5469 5007 1 0.644126 0.644126 4 
-0.928992 4.69063 -5 0.36441 -0.389045 0.345402 4.00355 22 381 18249 18176 1 0.325509 0.325509 4 
-5 -3.05729 2.20441 0.570574 -0.386766 0.225751 4.05201 22 382 3956 3955 1 2.90015 2.90015 39 
1.5274 -3.64865 -5 0.981316 -2.33232 3.68842 3.95391 22 384 19918 19855 1 0 0 1 
3.00123 5 1.74925 0.610819 -0.985848 0.739019 3.97221 22 385 19288 19194 1 0 0 3 
-5 0.0241707 3.53747 0.261498 -0.423787 -0.114642 4.08303 22 387 5765 5764 1 0.0955907 0.0955907 7 
0.697307 1.85348 -5 0.815782 -1.74345 1.42834 4.02217 22 388 29201 29144 1 0 0 2 
0.651803 5 3.83811 0.21354 -0.456777 0.5325 4.00529 22 389 48353 48274 1 0 0 1 
-5 -1.14876 2.93047 0.742521 -0.564738 -0.112393 4.07136 22 392 5538 5481 1 0.894634 0.894634 31 
3.3232 5 -0.596544 0.318158 -0.291069 0.784266 3.93844 22 393 1251 1233 1 0.0846886 0.0846886 31 
-3.13544 2.81829 -5 0.184347 -0.26271 0.397643 3.969 22 394 8752 8751 1 0 0 1 
1.77309 5 3.34481 0.475302 -0.369459 -0.159924 4.05968 22 395 18804 18803 1 0 0 2 
-5 -2.85098 2.1033 0.182239 -0.286541 0.381842 3.96561 22 396 1701 1664 1 0 0 5 
3.07869 5 1.00334 0.182366 -0.378037 0.325632 4.02442 22 398 5842 5813 1 0 0 1 
-5 -1.23838 3.72681 1.0149 -1.36939 1.22937 4.00479 22 399 29100 29099 1 0 0 1 
-2.52028 5 4.02405 0.17049 -0.272862 -0.0464669 4.08789 22 400 19340 15874 1 0 0 1 
-5 0.0461157 3.42267 0.442907 -0.0792641 -0.242219 4.01436 22 401 48061 48060 1 0 0 1 
-5 -4.76383 0.172968 0.308453 -0.288812 -0.0803861 4.07791 22 402 30782 30558 1 0.258726 0.258726 4 
-5 0.782733 -4.31174 0.164451 -0.445944 0.550318 4.0109 22 403 14712 14670 1 0.137371 0.137371 5 
-4.53716 1.77666 -5 0.561978 -1.09683 1.45776 3.93978 22 405 14721 14641 1 0 0 2 
1.04969 0.843905 -5 0.290723 -0.537835 0.543433 3.96231 22 406 3497 3349 1 0 0 2 
2.18634 1.49069 -5 0.0064208 0.00912632 0.0272564 3.99247 22 407 25748 25732 1 0.0293229 0.0293229 12 
4.04528 5 4.90948 0.54248 -0.204681 0.110825 4.06532 22 408 39878 39693 1 0 0 1 
1.70907 5 -0.355321 0.363446 -0.455259 0.264458 3.98195 22 411 23405 23208 1 0 0 1 
-5 -2.75688 2.02792 0.864981 -1.13121 0.163294 4.03266 22 412 11044 10883 1 0 0 3 
-3.31583 5 -3.11874 0.494106 -0.987464 0.0263451 4.08186 22 413 24707 24393 1 0 0 2 
4.54687 -1.73081 -5 0.100182 -0.272899 0.257365 3.97943 22 414 11124 11091 1 0 0 1 
1.92133 2.47216 -5 0.38447 -0.665917 0.418535 3.96682 22 415 43874 43795 1 0 0 1 
0.279765 5 -4.84835 -0.163308 -0.113012 -0.0842987 4.04371 22 416 8361 8360 1 1.92407 1.92407 24 
-0.520353 -2.01124 -5 0.0685835 -0.449575 0.531465 3.96817 22 417 47575 47265 1 0 0 1 
-5 -0.268382 1.21427 0.821088 -0.877819 -0.032354 4.09085 22 418 6000 5977 1 0 0 2 
-5 4.54029 -1.23736 0.224059 -0.237792 -0.0501672 4.04506 22 420 20944 20943 1 0.330366 0.330366 13 
3.43763 5 3.5324 0.200213 -0.294358 0.00508209 4.16701 22 421 17269 17243 1 0 0 3 
-3.74808 5 3.74526 -0.198825 -0.287254 0.0615704 4.13791 22 422 10749 10243 1 0 0 1 
-3.71384 5 1.98002 0.65409 -0.907725 0.255206 3.96425 22 423 20572 20410 1 0 0 1 
-3.40442 3.20206 -5 1.01634 1.01405 0.354691 3.93701 -11 424 21348 21347 1 2.19107 2.19107 65 
-2.31509 5 -3.48705 0.300379 -0.340452 -0.147793 4.20101 22 425 20594 20593 1 0 0 1 
-1.84801 5 -2.64326 0.104896 -0.329495 -0.288547 4.15936 22 426 18234 18131 1 0 0 2 
-5 1.04641 -4.72931 0.78375 -1.00914 -0.298939 4.06413 22 427 13893 13892 1 0 0 2 
-5 0.716442 2.00571 0.189607 -0.200217 0.114491 4.03092 22 428 7365 1 1 1.64715 1.64715 57 
-5 1.6498 -1.82544 0.989788 -0.917501 -0.521778 4.17792 22 429 10613 10586 1 0 0 2 
-5 3.39343 2.16161 0.25739 -0.22796 -0.153652 4.07948 22 430 13722 13721 1 0.376236 0.376236 25 
-1.33431 5 -2.55332 1.31127 -2.21066 0.728123 4.03107 22 431 9417 9401 1 0 0 2 
-4.13331 5 4.53713 6.4218 -7.30873 5.74605 3.99041 22 432 15301 15300 1 0 0 2 
-5 -1.72185 -4.86012 1.57183 -2.73359 2.51144 3.98356 22 433 9202 9080 1 0 0 2 
-0.3095 5 -4.97165 1.77673 -2.50728 2.95454 3.9565 22 434 1023 1 1 0.191578 0.191578 23 
-0.278731 5 -0.684104 0.273375 -0.456421 0.0649197 4.26551 22 435 19860 19842 1 0 0 1 
-5 2.59738 -3.15431 0.169906 -0.269436 0.444112 3.94833 22 436 16307 16123 1 0.148512 0.148512 3 
-2.7918 5 2.89837 0.283196 -0.459957 -0.0725894 4.10172 22 437 5310 5248 1 0 0 1 
0.958294 3.94702 -5 -0.164691 -0.0504146 0.269299 4.07999 22 438 3043 3028 1 0.319303 0.319303 24 
-2.7395 5 -2.97719 0.299187 -0.685207 0.499326 3.98359 22 439 14452 14407 1 0 0 2 
-2.0348 5 -4.46881 0.575783 -1.328 3.29115 3.92203 22 440 4197 4077 1 3.30581 3.30581 4 
4.25683 5 -0.274638 27.146 -31.3505 -23.9073 8.83727 2112 441 2767 2732 1 0 0 2 
-2.94623 3.60584 -5 0.143788 -0.3257 0.366558 3.96076 22 442 24852 24851 1 0.151656 0.151656 2 
0.543556 -1.85724 -5 8.36333 -9.64291 18.626 3.93799 22 444 25963 25801 1 0 0 1 
2.39129 5 -2.32818 3.4272 -4.08494 5.33736 3.9601 22 446 10363 10316 1 0 0 3 
-2.85296 5 2.27361 0.406759 -0.494954 0.270157 4.05975 22 447 23128 23103 1 0 0 1 
-5 4.97393 -1.44091 0.243398 -0.44763 -0.00393631 4.054 22 448 2261 2238 1 0 0 3 
0.0316298 5 -4.51643 0.240202 -0.277862 0.355268 4.01395 22 449 16417 16416 1 0 0 1 
3.68026 4.69591 -5 0.0776565 -0.3685 0.345395 3.98943 22 450 6578 6572 1 0.409382 0.409382 14 
-2.98264 -2.64676 -5 0.592353 -0.87783 1.94951 3.93771 22 451 41090 40895 1 0 0 1 
0.972445 3.97244 5 0.0584204 -0.278223 -0.257585 4.2259 22 452 12239 12214 1 0.383466 0.383466 12 
-5 2.63205 3.70532 0.536503 -0.990139 1.68654 3.96029 22 453 23059 22970 1 0 0 2 
-3.28344 5 3.9476 0.729954 -1.18336 -0.262285 4.15775 22 454 49745 49743 1 0 0 1 
2.96472 4.02265 5 0.181191 -0.124731 -0.192707 4.2778 22 456 41869 41868 1 0 0 1 
2.52718 5 -2.41677 0.194522 -0.425257 0.206004 3.98234 22 458 24705 24685 1 0.383888 0.383888 32 
-5 -2.49888 -1.00331 0.481949 -0.224299 -0.143666 4.17651 22 459 5438 5409 1 0.262382 0.262382 5 
-0.72584 5 1.51937 -0.146025 -1.27326 0.634808 4.02064 22 460 5923 5866 1 0 0 2 
2.80372 4.74721 -5 1.75837 -2.51861 4.99911 3.93951 22 461 45813 45588 1 0 0 2 
-0.830638 5 4.79789 0.171743 -0.398821 0.237245 4.06188 22 462 3497 3181 1 0 0 1 
-4.75154 5 -3.98036 -0.000614257 -0.116236 0.188548 4.14352 22 463 25060 25059 1 0 0 3 
1.76244 5 1.24953 0.507134 -0.52187 0.357234 4.02129 22 464 3471 2444 1 0 0 4 
-2.03179 -4.26132 -5 0.0271182 -0.0895473 0.182705 4.39954 22 465 6861 6859 1 0 0 3 
-5 4.85241 -1.24035 0.630242 -0.47547 0.120284 3.99516 22 466 17293 17292 1 0.781384 0.781384 24 
0.642949 5 2.96176 0.510676 -0.726758 0.9308 4.02609 22 468 1505 1476 1 0 0 3 
4.07179 5 4.2448 0.139823 -0.491052 -0.153629 4.31573 22 469 18227 18225 1 0 0 4 
-5 -4.4728 -4.69094 1.84386 -3.64729 1.74576 4.02645 22 470 12829 12828 1 0.338199 0.338199 38 
-0.585504 -0.210555 -5 0.464604 -0.621204 1.3629 3.94461 22 471 57394 1 1 0 0 1 
-5 3.97111 1.71392 0.273131 -0.345903 0.224658 4.04943 22 472 5834 5816 1 0.335683 0.335683 16 
-1.74581 3.07909 -5 0.260725 -0.374157 0.498701 3.95625 22 474 2960 1 1 0.675395 0.675395 28 
-1.65571 -0.0243839 -5 -0.0824116 -0.545183 0.513777 4.07191 22 475 33071 33070 1 0 0 1 
-4.67065 5 1.3168 -0.106628 -0.528994 0.293779 3.97599 22 476 20328 20263 1 0 0 4 
0.740882 -2.55768 5 0.284342 -0.319394 -0.0337647 4.13603 22 478 9669 9652 1 0.420311 0.420311 29 
-5 0.797511 -2.76681 0.349229 0.363929 -0.0819419 3.99561 22 479 28933 28932 1 0 0 5 
-0.748804 5 -1.40419 0.520486 -0.985906 1.96404 3.94127 22 480 30870 30304 1 0 0 1 
-5 2.53998 2.68723 0.422472 -0.0827708 0.275293 4.00741 22 481 8598 8597 1 0 0 2 
4.55132 5 -0.0772689 0.226971 -0.41498 -0.193381 4.2137 22 482 23441 23439 1 0 0 1 
-5 -4.39092 -1.78069 0.421929 0.00177445 0.00910663 4.04141 22 485 28004 27902 1 0 0 1 
-0.938302 5 -2.8114 0.0118627 -0.250832 1.17203 3.9816 22 486 18106 18017 1 0 0 2 
-3.66849 5 -3.62406 0.0943615 -0.700728 -0.129146 4.03143 11 487 3502 3487 1 0.653066 0.653066 20 
0.282502 5 3.25762 0.264671 -0.427699 -0.0902376 4.17902 22 489 29838 29807 1 0 0 1 
-5 -1.60129 1.28373 0.215502 -0.291766 -0.225407 4.15567 22 491 4275 4186 1 0.23483 0.23483 25 
-3.0605 5 -1.79363 0.230713 -0.252678 0.363832 3.9715 22 492 24516 24175 1 0 0 1 
-3.39239 5 2.4626 2.1071 -12.3985 11.0442 3.96775 22 495 1282 1261 1 0 0 1 
0.440005 0.145328 -5 0.188777 -0.485354 0.224254 4.00509 22 496 6203 5526 1 0.246729 0.246729 8 
-5 -4.35427 -3.63341 0.123752 -0.482481 -0.114096 4.14484 22 498 3441 3440 1 0 0 7 
-5 1.28272 3.57456 0.498104 -0.155477 -0.220855 4.25668 22 502 28439 28379 1 0.345963 0.345963 25 
-4.31155 2.02303 -5 0.56568 -1.12937 1.63761 3.94842 22 503 40262 40177 1 0 0 1 
-5 -2.86642 2.15146 0.295052 -0.378758 -0.133011 4.19195 22 504 27555 27554 1 0 0 1 
0.40554 0.769755 5 0.190279 -0.120565 -0.121347 3.99403 22 505 21975 21974 1 0 0 1 
3.59353 5 1.68823 0.307997 -0.323978 -0.0813977 4.09769 22 506 10962 10930 1 0.119442 0.119442 4 
0.583508 5 -2.42766 0.0385614 -0.259984 0.00469285 4.05056 22 507 1881 1797 1 0.634319 0.634319 20 
4.85675 5 0.838663 0.337031 -0.563835 0.0880135 4.03679 22 508 14008 13960 1 0 0 3 
-0.0276365 1.81387 -5 0.195026 -0.40197 0.680237 3.94197 22 509 27304 27003 1 0 0 1 
3.61294 5 -2.22605 0.388149 -0.249398 0.105765 4.05095 22 510 16888 16887 1 0.533766 0.533766 27 
-3.38545 -4.64445 5 0.315955 -0.0141816 -0.0489436 4.20373 22 511 4693 4692 1 0.12336 0.12336 3 
-5 -3.12142 3.23194 0.274494 -0.0189127 -0.0665175 4.2172 22 513 14529 14462 1 0.0879081 0.0879081 3 
2.85626 5 3.74368 0.489453 -0.61489 -0.250359 4.18729 22 514 15418 15405 1 0 0 1 
4.02865 4.25451 -5 1.17963 -1.77696 1.10651 4.00214 22 516 48187 48142 1 0 0 1 
-5 0.843347 -4.20218 0.318296 -0.356368 0.0637478 4.22734 22 517 31895 31894 1 0 0 2 
4.54068 5 2.9858 0.205674 -0.47873 0.137233 4.09115 22 518 13389 13322 1 0.0329169 0.0329169 3 
-4.77115 -2.43852 5 0.13979 -0.432675 -0.174281 4.25614 22 519 19662 19661 1 0 0 1 
-2.21071 5 1.10579 0.233763 -0.325691 -0.305984 4.21555 22 521 4529 4528 1 0.136135 0.136135 3 
-5 -4.55762 -1.76881 0.924316 -1.59804 0.738568 4.02937 22 522 29131 29077 1 0 0 1 
0.668323 5 2.02917 0.250106 -0.265542 0.52712 3.97744 22 523 18862 18678 1 0.43511 0.43511 4 
-4.79625 5 3.09394 0.190372 -0.305056 -0.0228128 4.08899 22 525 22553 22476 1 0 0 6 
2.24901 5 2.03711 0.291941 -0.417436 0.0404612 4.03054 22 526 17491 17467 1 0.133816 0.133816 4 
1.43873 0.104541 -5 0.0935945 -0.0968111 0.256759 4.0479 22 527 5976 5672 1 0 0 5 
2.70021 5 -2.85364 0.945151 -1.63174 0.301224 4.03807 22 528 9186 9095 1 0 0 1 
-3.39217 5 -3.2779 0.12877 -0.489112 -0.0728549 4.1166 22 529 4314 4291 1 0.231276 0.231276 3 
1.97557 -1.38159 -5 0.159673 -0.375236 0.295798 3.98333 22 530 26525 26522 1 0 0 1 
-5 4.20445 2.52183 0.359037 -0.363252 -0.0161364 4.1111 22 531 7726 7725 1 0 0 3 
-5 -2.27536 -0.0315556 0.143133 -0.469756 -0.141286 4.22018 22 532 5667 5666 1 0 0 2 
3.56631 5 -2.67154 0.220683 -0.3623 0.284881 4.01661 22 533 14137 14109 1 0 0 2 
-1.10541 5 -3.22678 1.25362 -2.34183 1.78308 3.97546 22 534 15857 15793 1 0 0 1 
-4.06217 0.214954 -5 0.18204 -0.414229 0.462288 3.95591 22 535 8808 8677 1 0 0 3 
-4.29872 5 -0.0840351 0.116076 -0.359055 0.369682 3.99742 22 536 17816 17717 1 0.325936 0.325936 35 
-5 -4.62677 2.79984 0.485243 -0.852423 0.742623 4.01996 22 537 36636 34622 1 0 0 1 
-4.61717 5 2.31418 0.141511 -0.554492 0.448824 3.99927 22 541 20609 20582 1 0 0 1 
5 2.94024 -4.5946 -0.045431 0.12284 -0.125859 4.09286 22 542 7866 7862 1 0 0 1 
-5 2.74932 -0.745898 0.864584 -1.7318 -0.041501 4.18087 22 543 21964 21930 1 0 0 3 
1.35176 0.782792 -5 0.32932 -0.885084 0.828298 3.97675 22 544 29083 28882 1 0 0 1 
0.842777 5 -2.32977 0.249931 -0.182331 -0.158923 4.08401 22 545 17385 17358 1 0 0 3 
0.696434 5 4.08936 0.239916 -0.226629 0.0770617 4.121 22 546 23645 23644 1 0.112057 0.112057 5 
3.17868 5 -0.310045 -0.133753 -0.124585 0.121398 4.13157 22 548 11903 11647 1 0.219061 0.219061 21 
3.04114 5 4.38239 0.463899 -0.72137 0.518787 4.03239 22 549 17216 16804 1 0 0 2 
-5 0.324896 0.0863973 0.479387 -1.06946 -0.261672 4.07299 22 550 18461 18338 1 0 0 2 
-4.08016 5 -2.685 0.330126 -0.877224 0.602479 3.96465 22 551 15722 15478 1 0 0 2 
0.725177 5 4.72449 0.78541 -0.629254 1.71705 3.97601 22 558 21178 21067 1 0.510482 0.510482 34 
-5 -1.77211 3.86528 0.269404 -0.57593 -0.10493 4.12069 22 559 3716 3614 1 0 0 1 
-5 -0.846562 -2.54193 0.298334 -0.414644 -0.0136803 4.08788 22 560 25920 25919 1 0 0 1 
3.65998 -1.31403 -5 0.457991 -0.649179 1.18834 3.9373 22 561 1145 1 1 6.66347 6.66347 9 
-3.71299 0.790756 -5 1.00974 -1.24578 0.875393 3.98877 22 562 11344 11186 1 0 0 5 
4.01456 5 -0.168434 0.308569 -0.319011 0.122707 4.06531 22 564 17639 17625 1 0 0 1 
-0.285431 5 -0.505088 0.276004 -0.426701 -0.053556 4.09405 22 565 25188 25187 1 0 0 1 
-5 0.845141 -4.40891 0.279897 -0.260397 0.121586 4.08323 22 566 27706 27705 1 0 0 1 
1.60255 5 -0.366666 0.743239 -0.560039 0.381633 4.01219 22 568 20990 20931 1 0 0 1 
-5 4.62314 3.92406 0.123142 -0.190404 0.0500728 4.0057 22 569 3768 3595 1 0 0 2 
-5 4.13085 -3.30847 0.368983 -0.143847 0.0028632 4.08422 22 571 5382 5326 1 0 0 2 
-5 -1.41058 3.15515 0.120757 -0.271067 -0.0893565 5.13716 22 572 34021 34017 1 0 0 2 
-0.497723 5 0.653855 0.758458 -0.857105 0.228532 4.05058 22 573 5541 5405 1 0 0 3 
2.88925 5 4.29914 0.179976 -0.0928006 0.407263 4.02338 22 575 33083 33082 1 0 0 1 
3.46816 1.92989 -5 0.985992 -1.50899 1.66828 3.96573 22 576 1090 1 1 0.0707869 0.0707869 5 
-0.590388 5 2.86872 0.663503 -1.8435 3.179 3.97429 22 577 14821 14785 1 0 0 2 
-5 -0.93664 -4.6208 0.993685 -2.41503 1.62629 3.99399 22 579 2431 2357 1 4.79314 4.79314 12 
-5 2.11973 0.337291 0.276658 -0.496697 -0.351779 4.24025 22 580 32541 32540 1 0.386854 0.386854 3 
-2.1718 2.75266 -5 0.134697 -0.201589 0.331735 3.99593 22 581 54641 53997 1 0 0 2 
-0.942083 5 -1.60342 0.184078 -0.414137 0.121548 4.01925 22 582 19471 19292 1 0 0 2 
-2.25769 5 -2.51947 0.226025 -0.443186 -0.116699 4.08985 22 583 6137 6136 1 0 0 4 
1.6439 0.738396 5 0.0099546 0.0521275 -0.169932 4.07461 22 584 14329 14245 1 0.177582 0.177582 31 
-4.13923 -1.48975 5 1.56519 -2.79704 -0.881119 4.19543 22 586 37452 37393 1 0 0 2 
-1.11537 5 -1.71158 0.167303 -0.692755 -0.0516084 3.98438 22 587 21233 19387 1 0 0 3 
4.969 5 -1.1842 0.354615 -0.332549 -0.157414 4.16418 22 588 26285 26281 1 0 0 2 
-5 -1.08804 0.721067 0.591486 -1.32331 -0.131369 4.15753 22 590 8562 8542 1 0 0 3 
-3.96717 5 -2.07507 0.904125 -3.41296 6.12919 3.94195 22 592 16102 16023 1 0 0 3 
-1.76791 5 4.51329 1.73371 -1.74271 3.25659 3.96305 22 593 55438 55175 1 0 0 1 
-5 3.28014 2.01456 0.713072 -1.12364 1.35576 3.98148 22 594 10669 10555 1 0 0 2 
1.32954 -3.54885 5 0.0653086 -0.143643 -0.198731 4.23054 22 595 6362 6340 1 0 0 3 
-5 -3.48134 -4.74442 0.878374 -0.937042 0.664389 4.00154 22 597 23400 23244 1 0 0 1 
-1.2808 1.52561 5 0.0348774 -0.476239 -0.114019 4.08238 22 598 11951 11912 1 0 0 1 
0.845226 -2.79725 5 0.199591 -0.213417 -0.419209 4.18183 22 599 6719 6718 1 0 0 5 
-5 0.101362 -2.01421 0.818673 -0.237669 -0.799446 4.07822 22 600 2393 2392 1 0 0 2 
0.824491 5 -1.10704 0.332913 -0.303895 -0.165783 4.23448 22 602 37921 37919 1 0 0 1 
-1.46398 -0.811183 5 0.130218 -0.195909 -0.0933769 4.10358 22 603 20044 19833 1 0.252777 0.252777 20 
3.2218 5 2.84091 0.251948 -0.359451 -0.261605 4.17661 22 604 14780 14779 1 0 0 2 
-5 4.68727 4.14684 0.161841 -0.00736637 -0.230722 4.17672 22 605 4543 4134 1 0 0 1 
-5 -2.15951 -3.8023 0.411895 -0.297492 0.0544162 4.00756 22 607 12463 12462 1 0.118835 0.118835 2 
-0.0163537 5 -2.34304 0.253917 -0.418019 0.148008 4.06186 22 609 14038 14037 1 0.297429 0.297429 18 
2.37014 5 0.226747 0.147869 -0.358266 0.303454 4.02259 22 611 38788 38753 1 0 0 1 
-0.639355 5 1.56513 -0.0945666 -0.37087 0.0513743 4.00604 22 612 4072 1 1 0 0 1 
-3.34102 5 1.99435 0.639 -2.11508 1.4469 4.01795 22 613 23903 23725 1 0.573643 0.573643 29 
-5 -1.17918 -2.53656 0.168675 -0.218617 -0.179762 4.23059 22 614 8263 8032 1 0 0 2 
-3.12386 2.06126 5 0.0717019 -0.211045 -0.0947403 4.16519 22 615 8131 8130 1 0.201006 0.201006 26 
-3.68259 5 -2.87737 0.0274413 -0.0892163 0.196117 3.95267 22 616 43097 42841 1 0.431625 0.431625 26 
-2.63026 0.647735 -5 0.381063 -0.205828 1.03639 3.95706 22 617 21130 10281 1 0 0 2 
-5 -4.03205 0.0166092 0.340564 -0.284139 -0.0170974 4.06192 22 619 1817 1426 1 0 0 3 
0.318569 1.17817 -5 0.451721 -0.738013 1.22204 3.93603 22 620 3047 2941 1 0 0 3 
0.112105 5 3.28144 0.375006 -0.655594 -0.286492 4.10421 22 621 3781 3775 1 0 0 1 
-4.68837 -1.2999 5 0.034908 -0.496473 -0.105787 5.13784 22 622 8151 8150 1 2.91014 2.91014 47 
3.2449 -4.36724 -5 4.01364 -5.27012 0.969977 4.11282 22 625 17868 17863 1 0.262218 0.262218 4 
2.31226 -2.60724 -5 -0.325388 -0.0876683 0.526305 3.99074 22 629 22172 22057 1 0.480487 0.480487 3 
-5 2.51139 -3.72814 0.11757 -0.294899 0.117131 4.04744 22 630 14503 14401 1 0 0 1 
-5 -0.88039 -1.55104 1.55958 -1.31601 3.88855 3.93538 -11 632 20678 20677 1 0.355106 0.355106 4 
-5 0.986839 3.08092 0.864587 -2.0603 -0.301932 4.08725 22 634 31670 31630 1 0 0 2 
4.69242 5 -0.459705 0.253148 -0.25809 0.29435 3.98652 22 636 8296 8267 1 0 0 3 
1.48847 5 -2.4629 0.508258 -0.421345 0.86416 3.96439 22 637 22970 22890 1 1.35393 1.35393 7 
-1.90135 5 0.601936 2.30733 -3.00669 4.4334 3.98718 22 639 18136 18063 1 0 0 1 
-3.07002 5 -1.83193 0.0921684 -1.46357 0.974921 4.03817 22 641 33741 33740 1 0.0226739 0.0226739 3 
-3.71647 -2.39356 -5 1.57184 -1.86473 0.625907 4.02427 22 642 26441 26439 1 0 0 5 
-3.46165 4.4477 -5 -0.0183945 -0.0525261 0.0684802 4.15818 22 645 39287 39286 1 0.0880205 0.0880205 14 
-4.22659 -4.20113 -5 0.165243 -0.493504 0.61176 3.95038 22 646 29068 28954 1 0.51087 0.51087 10 
-0.0877868 -0.440462 5 0.145252 -0.517338 -0.452682 4.2228 22 647 14053 14007 1 0 0 3 
-4.67045 1.12336 -5 2.10847 -2.05465 2.91037 3.94861 22 648 27217 27091 1 0 0 2 
-3.30214 5 -1.28396 0.654195 -0.719788 -0.178389 4.08722 22 649 51220 51219 1 0 0 1 
-1.53792 -4.66699 -5 0.123009 -0.222752 0.254491 4.02298 22 650 6273 6272 1 0 0 2 
-0.764204 5 3.72872 0.281236 -0.0295576 -0.123325 4.109 22 651 21738 21690 1 0 0 1 
-4.99289 1.28827 -5 0.562001 -0.808628 2.04556 3.9232 22 653 25296 25119 1 0 0 3 
-3.87953 5 2.01903 0.278785 -0.79413 0.31792 4.09355 22 655 10435 10433 1 0.488427 0.488427 3 
-2.91212 5 4.02748 0.382583 -2.28954 -0.0186103 4.0386 22 657 7064 7061 1 0 0 1 
-3.01062 5 4.76553 0.380088 -1.5756 0.895922 4.0148 22 658 23434 23109 1 0 0 3 
0.453473 -2.65742 5 0.0979958 -0.5266 -0.334755 4.0712 22 659 1221 1185 1 0.19315 0.19315 6 
0.228857 -0.359352 -5 0.166155 -0.245948 0.472554 3.94933 22 660 40753 40752 1 0.280093 0.280093 30 
-0.147282 5 -3.71704 -0.145622 -0.719366 0.41241 3.94857 22 661 13399 13213 1 0 0 1 
-3.00067 5 -2.70105 0.302933 -0.223626 -0.0564415 4.03439 22 662 4216 4178 1 0 0 5 
-5 -3.29242 2.04864 0.392197 -0.228672 0.0595033 3.98149 22 663 17146 17129 1 0 0 1 
-1.6926 3.71923 -5 -0.0509835 0.121395 0.195108 4.02032 22 664 12384 12383 1 0 0 2 
-5 2.68059 -0.269236 0.205213 -0.454805 0.110273 4.06511 22 665 7919 7872 1 0 0 3 
-5 1.3608 -1.88004 0.188079 -0.098701 0.254906 3.95847 22 667 38631 38443 1 0 0 1 
-5 1.14968 -2.24346 6.93507 -8.56828 11.9106 3.95812 22 668 4585 4291 1 0 0 1 
-4.75226 5 2.71061 0.147777 -0.234478 0.35454 3.959 22 669 6074 5881 1 0 0 3 
-2.62405 -3.94109 -5 -0.198759 -0.232423 0.0398719 4.03361 22 670 1056 1055 1 0 0 1 
3.1636 5 -4.15102 3.53233 -2.12691 -1.96903 4.20718 22 671 8694 8690 1 0 0 3 
-2.49852 -0.634508 -5 0.378856 -1.04217 1.80685 3.92631 22 672 23025 22989 1 0 0 1 
-2.45909 5 -2.34955 0.435953 -0.518243 0.118054 4.02162 22 673 42698 40702 1 0 0 1 
-5 2.33996 -2.74271 0.0724515 -0.415833 0.354746 3.97988 22 674 1181 1 1 0.108679 0.108679 3 
-5 3.70888 4.8537 0.413728 -0.168812 -0.247894 4.10869 22 677 15468 15467 1 0.0945743 0.0945743 2 
-5 -1.97206 1.7448 0.635701 -0.832717 0.252581 4.05554 22 678 31914 31817 1 0 0 2 
-5 3.88971 -4.44539 0.316942 0.0767428 -0.0640524 4.07226 22 679 29592 29567 1 0 0 1 
1.13382 5 -4.55098 0.273404 -0.409884 0.135519 4.07767 22 680 16029 16028 1 0.0858808 0.0858808 2 
3.37714 -2.28972 5 0.331776 -0.282947 -0.144406 4.18492 22 681 6219 6218 1 0 0 1 
-5 -2.72596 0.34827 0.31519 -0.212819 0.311153 4.0184 22 683 2284 2138 1 0.640184 0.640184 32 
3.07563 5 -4.84344 0.223807 -0.361703 -0.247543 4.23436 22 684 8821 8819 1 0 0 1 
3.83482 5 4.29522 1.78946 -2.28213 -0.368571 4.12592 22 685 2498 2493 1 0 0 4 
-3.2232 -1.19974 5 0.164969 -0.340456 -0.0865417 4.22899 22 686 6597 6596 1 0.127556 0.127556 3 
-3.7863 5 1.6414 0.15333 -0.453646 -0.0491248 4.11135 22 687 8217 8216 1 0 0 2 
3.64782 -0.852543 -5 0.328745 -1.42292 0.425667 4.04036 22 688 27905 27904 1 0.183643 0.183643 27 
1.24138 5 3.1328 0.155061 -0.347039 -0.0492326 4.10824 22 690 17943 17886 1 0 0 3 
-5 3.16539 -2.11764 0.172422 -0.472594 0.0896995 4.03842 22 691 26796 26794 1 0 0 2 
-4.08472 5 -4.81682 0.184666 -0.294856 0.00599801 4.17473 22 692 10035 9873 1 0 0 2 
4.22779 -2.1874 -5 0.350234 -0.247975 0.105403 4.29472 22 693 8727 8726 1 0.127762 0.127762 4 
1.62607 -2.51543 5 0.0906507 -0.353369 -0.0684184 4.09963 22 694 16326 16325 1 0 0 2 
0.159779 2.86301 -5 0.294211 -0.386582 0.158475 4.06073 22 695 1007 1006 1 0 0 1 
-5 2.50038 4.94462 0.346223 -0.447438 0.0377268 4.06462 22 696 1396 1395 1 0 0 1 
-5 4.40851 -3.02943 1.14683 -1.09861 0.209978 4.01893 22 697 4615 4582 1 0 0 1 
4.68654 1.93846 5 0.178672 -0.30603 -0.161458 4.09627 22 698 3024 2855 1 0 0 3 
3.09983 -3.59748 -5 0.892071 -1.72283 2.0589 3.97306 22 703 44590 44539 1 0 0 1 
-5 -0.620375 0.067584 1.70525 -0.156312 1.5534 4.00335 22 704 6982 6919 1 0 0 5 
-5 0.183798 -0.165914 0.29966 -0.172823 0.0611723 4.12314 22 706 5050 4891 1 0 0 3 
-5 2.58772 -1.04894 0.25726 -0.608958 0.765423 3.95716 22 707 30695 30691 1 0.371167 0.371167 25 
-0.534085 5 -3.23433 0.615075 -1.53872 0.112803 4.01379 22 709 23981 23949 1 0 0 2 
-5 0.278649 1.75058 0.188261 -0.309405 0.17962 4.00344 22 710 1992 1991 1 0 0 5 
-5 4.39189 -0.256436 0.597338 -0.695809 0.479262 3.98264 22 711 5218 4949 1 0 0 2 
-5 -0.661075 -0.471426 0.0585666 -0.171578 0.0945637 4.0351 22 713 35871 35869 1 0 0 1 
1.93172 5 -1.61515 0.282065 -0.377413 0.588948 3.95562 22 714 15868 15044 1 0.342746 0.342746 4 
-0.747322 5 -2.67913 1.65763 -1.61526 0.111405 4.10523 22 715 45750 45749 1 0 0 1 
4.54893 -1.06227 -5 0.790131 -0.796886 0.317206 4.03841 22 716 15493 15444 1 0 0 3 
4.55009 3.93947 -5 0.502211 -0.494479 0.766172 3.95058 22 717 41250 41101 1 0 0 2 
-5 0.0115097 2.50736 0.812413 -1.34404 0.960527 4.00007 22 718 22713 22599 1 0 0 1 
3.92202 4.07914 -5 0.37172 -0.541868 1.28738 3.92362 22 719 20878 20704 1 0.510775 0.510775 18 
-0.129482 -2.52371 -5 0.15776 -0.280115 0.297219 3.98043 22 720 6201 6200 1 0 0 1 
1.57865 5 1.79481 0.103346 -0.365854 0.115807 4.07585 22 721 13954 13926 1 0 0 1 
-0.439333 5 -2.47376 -0.0158115 -0.31981 0.445217 4.09819 22 722 12108 12039 1 0.0489459 0.0489459 3 
0.811148 4.41787 -5 0.522219 0.0180158 0.637041 3.94016 22 723 36891 36800 1 7.08856 7.08856 24 
5 0.351248 -2.12262 -0.386819 -0.277012 0.203465 3.97451 22 724 16476 16474 1 0 0 3 
-5 -1.27483 -2.75311 0.242418 -0.448337 -0.036704 4.14173 22 725 7899 7898 1 0 0 3 
1.56927 5 4.40804 0.446794 -0.247507 0.0153371 4.12336 22 726 23230 23228 1 0 0 2 
0.312313 0.932792 -5 0.145466 -0.231104 0.169744 4.06921 22 728 26005 26004 1 0 0 2 
-5 2.93604 1.94936 0.23106 -0.248531 -0.077901 4.11475 22 729 52308 52307 1 0 0 1 
-0.0194154 -2.63318 -5 0.0585458 -0.207183 0.10696 4.03657 22 730 28446 28445 1 0.240063 0.240063 21 
0.517778 5 0.891084 0.240905 -0.25121 0.344242 4.00322 22 732 3480 3479 1 0 0 6 
-5 3.31862 2.7388 0.206909 -0.242674 -0.129717 3.99532 22 733 15240 15111 1 0.121722 0.121722 6 
-3.39121 2.17322 -5 1.01979 -1.38963 2.71889 3.9446 22 736 7738 7523 1 0.284941 0.284941 15 
-5 4.08737 -1.39781 0.352598 -0.120435 -0.147585 4.17844 22 737 29971 29970 1 0.134623 0.134623 2 
5 -0.421664 -3.56628 -0.163219 -0.42223 -0.329877 4.13093 22 738 7377 7333 1 0 0 1 
2.00841 2.52863 -5 0.132606 -0.312379 0.515834 3.93143 22 739 16330 16278 1 0 0 5 
-5 0.774564 0.568747 0.0916415 -0.116699 0.0682959 4.10831 22 740 24538 24535 1 0.341023 0.341023 32 
-4.62108 5 0.93045 0.371655 -0.66921 0.094555 4.03157 22 741 47160 47158 1 0 0 2 
-0.130851 5 -2.87233 -0.109414 -0.189415 -0.00687835 4.19726 22 742 20522 20521 1 0.218561 0.218561 21 
2.30583 -4.31267 -5 0.478258 -1.11446 1.3058 3.95804 22 743 29054 29029 1 0 0 1 
0.739371 -2.3466 -5 0.286465 -0.163903 0.273048 4.09476 22 744 8310 8276 1 0.0417752 0.0417752 4 
-3.51782 4.73443 5 0.0654218 -0.109524 -0.166108 4.08394 22 745 24568 24522 1 0.209203 0.209203 20 
0.00890578 4.09178 -5 1.12078 -0.822378 0.838854 3.95116 22 746 20379 20329 1 0 0 4 
-4.5642 2.98162 -5 -0.0258341 0.0713494 0.240538 4.04538 22 748 23375 23324 1 0 0 4 
-5 -3.68495 1.47585 0.218422 -0.223125 0.00963114 4.10095 22 749 31937 31731 1 0 0 1 
-2.97668 5 0.143067 0.15082 -0.286159 0.261588 4.07042 22 751 16310 16309 1 0.169314 0.169314 4 
0.853935 5 3.0567 0.122271 -0.597127 0.728053 3.99619 22 752 39707 39464 1 0 0 2 
-5 4.37311 1.55238 0.227299 -0.338831 0.30765 3.9665 22 753 1419 1418 1 0 0 3 
-0.42625 -2.84855 5 0.216371 -0.328089 -0.348158 4.16329 22 754 3805 3742 1 0 0 2 
0.808517 5 -3.17431 -0.0313033 -0.449754 0.294073 3.95745 22 756 7652 7274 1 0 0 3 
2.90589 5 4.03048 0.165238 -0.569068 0.267567 4.17106 22 757 5926 5894 1 0 0 1 
2.98323 1.01017 5 0.217215 -0.255275 -0.0107181 4.11942 22 758 25675 25555 1 0 0 2 
-5 -4.77984 2.42727 0.216887 -0.351482 0.300899 3.99372 22 759 26917 26895 1 0 0 1 
-5 1.45908 -2.65866 0.048436 0.0670348 0.212963 4.12363 22 761 12872 12871 1 0 0 2 
1.4573 5 2.74625 0.693582 -1.02059 1.78113 3.96922 22 763 14870 14690 1 0 0 2 
0.333429 2.9271 5 2.25155 -2.70746 -0.367624 4.14338 22 764 15427 15426 1 0.384796 0.384796 29 
-5 4.93403 4.29112 0.761677 -1.009 2.37933 3.94859 22 765 30258 30013 1 0 0 1 
-5 -1.46697 3.35053 0.32116 -0.448424 -0.176831 4.06195 22 766 41793 41792 1 0 0 1 
3.84072 5 -3.69017 0.32379 -0.174102 0.0454597 3.98359 22 767 6148 6147 1 0 0 1 
-1.49366 1.49879 -5 1.50598 -2.23471 2.31238 3.98281 22 768 33938 33884 1 0 0 2 
4.47189 5 -4.48962 1.69948 -3.16593 3.65008 3.95315 22 769 26961 26809 1 0 0 3 
-5 4.34752 3.83866 0.433827 -0.437617 0.734767 3.96967 22 770 22030 22028 1 0 0 4 
-5 -2.78496 -4.80797 0.0359606 -0.283673 -0.0261226 4.19569 22 771 32056 32021 1 0 0 1 
-3.74837 4.42207 5 0.046375 0.00372533 -0.231985 4.06851 22 772 17360 17359 1 0 0 2 
4.86064 5 3.22394 0.252974 -0.428652 -0.115677 4.15456 22 773 10347 10322 1 0 0 3 
2.73066 -4.60922 -5 5.18322 -6.83368 6.8635 3.98411 22 774 5380 5300 1 0 0 4 
4.87618 5 0.645477 0.197838 -0.262044 -0.123038 4.18111 22 775 4487 4469 1 0 0 3 
-5 3.80084 -2.55614 0.690454 -0.912244 1.75114 3.9456 22 776 14002 13838 1 0 0 4 
-2.77882 5 1.81516 0.00899117 -0.0240613 -0.0150711 4.02917 22 777 17201 17188 1 0.0294171 0.0294171 20 
-2.77043 2.8231 -5 0.225533 -0.17014 0.228964 3.96116 22 778 31901 31820 1 0 0 1 
-5 1.05472 2.7592 0.496366 -0.509229 0.555107 4.03008 22 780 35800 35742 1 0.572976 0.572976 5 
-2.31692 -3.1567 -5 -0.116212 -0.109255 0.189797 4.22955 22 781 10501 10472 1 0.247386 0.247386 33 
4.94712 5 3.84605 0.0308375 -0.114651 0.221687 4.10606 22 782 45591 45590 1 0 0 2 
2.01255 5 1.51435 0.254934 -0.433094 -0.0925102 4.19452 22 783 31860 31859 1 0 0 1 
-3.42516 5 2.18582 -0.199573 -1.06034 1.42854 3.98831 22 784 21734 21733 1 0 0 3 
5 -3.24982 0.139262 -0.123871 -0.250358 -0.118119 4.1219 22 785 6802 6801 1 0 0 3 
0.065435 5 4.98475 0.73244 -1.1415 0.628833 4.03183 22 787 17232 17184 1 0.846846 0.846846 19 
0.0268777 5 -3.34128 0.189777 -0.438593 -0.180944 4.1541 22 788 21816 21813 1 0 0 1 
3.33027 5 0.211816 1.96073 -3.05402 6.68112 3.9453 22 789 16462 16389 1 0.385316 0.385316 22 
3.32317 -3.24314 -5 0.259849 -0.469654 0.115779 4.09327 22 790 2000 1950 1 0 0 2 
4.85148 5 3.47816 1.90256 -2.95896 3.20495 3.98885 22 791 1532 1378 1 0 0 2 
-3.52607 4.50564 -5 0.0678898 -0.274258 0.419509 3.95264 22 792 16865 5229 1 0 0 2 
-5 -0.51354 4.83301 0.142894 -0.299935 -0.0970105 4.18328 22 793 16890 16764 1 0 0 1 
-4.282 4.70851 -5 0.340821 -0.484568 0.732859 3.95398 22 794 27601 27296 1 0 0 1 
-5 4.8262 4.09256 0.139615 -0.149846 0.182775 3.94749 22 796 28452 28416 1 0 0 1 
-4.62776 5 -3.55482 3.33829 -5.97053 -1.3844 4.0066 -11 797 9447 9446 1 4.04341 4.04341 9 
-2.5637 4.92872 -5 0.100934 -0.450807 0.253141 3.96392 22 798 36901 36845 1 0 0 2 
2.12567 5 -4.69773 -0.130361 -0.373133 0.323879 4.00386 22 799 29937 29936 1 0.339716 0.339716 6 
5 -4.95896 -3.21455 -0.0967549 -0.165494 0.160532 4.06293 22 800 28068 28065 1 0.407168 0.407168 27 
-2.96224 5 -4.5347 0.313008 -0.329273 0.688584 3.92692 22 803 16906 16071 1 0 0 3 
-3.25533 5 -0.430796 -0.106252 -0.21975 -0.27244 4.00974 22 804 15380 14997 1 0.0420901 0.0420901 3 
-2.09432 5 0.170701 0.201011 -0.387274 -0.194161 4.07462 22 807 27018 27017 1 0 0 2 
-1.73993 5 -1.4331 0.0659629 -0.664778 0.251696 3.99609 22 808 4158 3539 1 0 0 1 
-2.29952 5 4.08837 0.140161 -0.366899 1.2305 3.94605 22 812 2460 2292 1 0.225347 0.225347 32 
-5 -3.62094 1.23287 0.553087 -0.633287 0.594937 4.00736 22 814 6144 1 1 0.233228 0.233228 5 
-2.03267 5 4.07292 0.0303576 -0.301086 0.00944769 4.00668 22 815 14223 13690 1 0.35185 0.35185 66 
-5 2.59121 4.64182 0.109354 -0.0940463 -0.0128342 4.10771 22 816 46717 46702 1 0.144427 0.144427 21 
0.0859001 5 -0.351322 0.267134 -0.301668 0.0926941 4.18769 22 817 32395 32371 1 0.197398 0.197398 2 
4.65388 5 2.95816 0.0781042 -0.344895 -0.02132 4.17739 22 818 13877 13876 1 0 0 1 
-5 3.09777 -2.97939 0.343843 -0.320222 0.251172 4.0213 22 819 46007 46003 1 0 0 2 
-3.65289 -2.61309 -5 0.313529 -1.19849 1.27316 3.96831 22 820 20669 20555 1 0.594737 0.594737 5 
-5 -2.19676 -0.582508 0.700928 -1.42404 4.26098 3.93619 22 821 49670 49506 1 0 0 1 
3.13165 5 -0.535582 0.405358 -0.671175 0.776839 4.00186 22 822 34980 34866 1 0 0 1 
1.28754 5 3.63996 0.178836 -0.228779 0.215429 4.24048 22 823 15033 15012 1 0 0 2 
-2.35677 5 -0.198437 0.413094 -0.0449832 -0.410036 4.12206 22 824 6971 6970 1 0 0 2 
-5 4.76298 0.395404 0.172194 -0.179954 0.0656142 4.02805 22 825 17926 17925 1 0 0 1 
-5 -4.29188 -2.26822 0.227331 -0.412911 0.0284449 4.08898 22 827 2441 1795 1 0 0 4 
-4.04059 5 0.297495 0.383733 -0.602656 -0.180924 4.0598 22 828 22450 22449 1 0 0 1 
-1.83729 4.63848 5 0.489952 -0.777408 -0.695878 4.14655 22 830 10612 10584 1 0.729124 0.729124 2 
-5 -3.13811 0.120751 0.229604 -0.320558 0.1754 4.05831 22 832 17707 17671 1 0 0 2 
2.21826 -0.522723 -5 0.234714 -0.772094 1.67985 3.94132 22 833 35195 35129 1 0 0 1 
-2.37333 3.27368 -5 2.8626 -4.409 4.57408 3.96189 22 835 42199 42000 1 0.282336 0.282336 21 
-2.23204 5 0.145497 0.150557 -0.156492 -0.297859 4.07725 22 836 6506 6504 1 0.107293 0.107293 6 
-1.35266 2.26739 5 1.21012 -2.38648 -0.618014 4.18761 22 837 9477 9476 1 0.0315534 0.0315534 6 
1.19985 -4.09039 -5 0.0145947 -0.250335 0.0710299 4.08456 22 839 1534 1 1 0 0 2 
-5 0.126087 4.78276 0.952067 -2.39543 -0.292522 4.21443 22 840 35739 35702 1 0 0 1 
-2.91584 5 -0.994517 0.122177 -0.256064 0.38449 4.00406 22 841 1158 1130 1 0 0 1 
-3.44102 5 4.64996 -0.0796928 -0.338005 0.171399 4.06872 22 842 13632 13630 1 0 0 1 
-5 1.52368 -4.36609 0.153022 -0.257422 -0.0598697 4.26785 22 843 2099 2098 1 0 0 4 
0.455936 1.88454 5 0.0424472 -0.060731 -0.340105 4.24961 22 844 14978 14947 1 5.84429 5.84429 5 
1.02769 1.27955 -5 0.283518 -0.519197 0.788736 3.94242 22 846 3244 3175 1 0.140448 0.140448 5 
-5 0.533112 0.0786553 0.271739 -0.254271 0.625035 3.95294 22 847 11213 11158 1 0 0 1 
-1.25803 4.11251 -5 0.546349 -1.02531 1.23825 3.93301 22 848 13131 13128 1 0.511838 0.511838 93 
0.656544 5 4.74154 0.414653 -0.200251 -0.0262536 4.09793 22 850 20193 20192 1 0 0 2 
-5 3.07639 1.93679 1.04329 -3.48826 -0.238407 3.99573 22 852 10849 10815 1 0.454291 0.454291 3 
1.20704 1.66109 5 0.22507 -0.381045 -0.255476 4.03396 22 853 7264 7263 1 0 0 5 
-1.26729 1.97276 -5 0.231843 -0.315211 0.32865 3.9953 22 854 33612 33611 1 0 0 3 
3.32091 5 -4.14651 0.520351 -0.696206 -0.240839 4.10997 22 855 11066 10984 1 0 0 3 
5 3.99856 3.05071 -0.445077 -0.250963 0.00664359 4.03314 22 857 16907 16905 1 0.329915 0.329915 3 
-0.159211 5 2.92725 1.39666 -3.19311 -0.674808 4.15676 22 858 2357 2300 1 0 0 1 
-5 1.75834 -2.95255 0.211721 -0.147266 -0.338464 4.22597 22 860 12600 12598 1 0 0 2 
-0.386128 5 4.24178 0.167496 -0.320247 -0.181683 4.15529 22 861 4054 3386 1 0.404047 0.404047 29 
-5 -0.575182 4.88328 0.640618 -1.63378 0.343827 4.06528 22 863 12737 12688 1 0 0 1 
0.818029 5 1.39577 0.314277 -0.422403 0.6383 3.97555 22 864 9701 9647 1 0.0632057 0.0632057 3 
-5 2.31352 0.794068 0.834429 -1.43887 -0.447843 4.12255 22 865 32328 32290 1 0 0 1 
-3.22994 -0.63199 -5 0.381632 -0.451747 0.422937 3.99841 22 866 46457 45941 1 0 0 1 
-5 -3.97468 -4.76132 0.202746 -0.351799 0.255647 3.97613 22 867 13783 13770 1 0 0 2 
0.54934 4.90384 -5 0.394931 -0.49049 0.0952491 4.02959 22 868 3929 3927 1 0 0 5 
-4.33974 5 3.52078 0.167912 -0.233558 0.380965 3.97101 22 869 27075 27042 1 0 0 1 
0.530728 -4.61608 -5 0.347375 -0.20977 0.170195 4.01465 22 870 8835 8805 1 0 0 1 
-5 3.4672 0.737003 0.824243 -1.18706 0.553087 4.00705 22 871 1588 1366 1 8.47085 8.47085 54 
-4.66758 -0.270167 -5 0.995223 -1.26162 1.95516 3.95159 22 873 23479 23408 1 0 0 1 
-2.41622 -1.32536 -5 0.609149 -0.829747 2.05212 3.93179 22 874 4563 1 1 0 0 2 
1.6033 1.73272 5 0.0277052 -0.139747 -0.303729 4.29994 22 875 45788 45787 1 0 0 1 
1.47389 5 4.44631 0.931042 -1.71373 -0.232907 4.26311 22 876 9990 9937 1 0 0 3 
-2.53326 5 2.89149 0.810549 -1.78319 1.24095 3.99969 22 877 33637 33580 1 0 0 1 
2.12013 5 1.75445 2.58017 -3.92037 3.64343 3.97938 22 879 3105 3047 1 0.604536 0.604536 52 
-0.304103 5 0.533606 0.0340083 -0.632411 0.147951 4.00216 22 882 4952 4851 1 0.292071 0.292071 4 
-2.35069 5 1.92727 0.315123 -1.5053 0.320535 4.05198 22 883 20725 20685 1 0 0 1 
-4.40753 5 -0.871385 11.9625 -24.5355 11.0738 4.0024 22 884 4071 3968 1 0 0 4 
4.19273 5 0.190614 0.366026 -0.26635 0.0684234 4.01258 22 887 6541 6524 1 0 0 1 
3.52232 5 -0.941767 0.330813 -0.317204 0.356926 4.07004 22 890 14225 14224 1 0 0 4 
-5 -3.96559 -2.58461 0.374764 -0.354721 -0.13862 4.26078 22 891 9121 9067 1 0 0 4 
0.96666 2.55798 -5 0.164048 -0.280391 0.297076 3.96315 22 892 21201 20989 1 0 0 5 
0.440784 4.93535 5 0.0631018 0.0296504 -0.191636 4.00049 22 894 10571 10446 1 0 0 2 
-4.91965 5 -1.57684 0.3831 -0.578829 0.0698586 4.0195 22 895 32393 32349 1 0.216265 0.216265 2 
-1.43771 5 -0.224355 0.215065 -0.463218 -0.0171941 4.14678 22 899 6141 6140 1 0 0 1 
-2.66451 5 1.93539 0.109694 -0.192263 0.29254 3.9534 22 900 1323 1205 1 0.0851165 0.0851165 4 
-0.688326 5 -2.54259 0.358098 -0.709264 -0.0799854 4.05149 22 901 30188 30166 1 0.265571 0.265571 38 
0.214024 5 1.74822 0.0622614 -0.337766 0.149835 4.00377 22 903 5654 5529 1 0 0 3 
-3.49208 5 0.388044 0.323631 -0.300397 0.667966 3.95865 22 904 38730 38317 1 0 0 1 
-0.495247 5 -4.69633 0.322779 -0.271623 0.231141 3.97037 22 905 19932 19901 1 0.480659 0.480659 25 
-5 2.31738 2.25869 0.213439 -0.244916 -0.132651 4.08799 22 906 23309 23278 1 0 0 2 
-4.14957 -0.252192 -5 1.8483 -2.66672 4.25689 3.94942 22 907 21784 21676 1 0 0 3 
-0.668952 -4.45871 -5 0.304141 -0.780273 1.21461 3.96804 22 908 30634 30574 1 0 0 1 
-5 3.22198 1.29236 1.56692 -1.6288 -0.400756 4.16567 22 909 1269 1268 1 0.248359 0.248359 33 
4.47126 -1.85987 -5 0.994356 -1.47766 1.20831 4.00054 22 910 2812 2811 1 0 0 1 
-5 2.07292 -3.19541 0.167068 -0.240441 0.228761 4.06681 22 912 4969 4491 1 0.0683121 0.0683121 3 
-3.68717 4.77547 5 0.126229 -0.165291 -0.188877 4.13373 22 914 14600 14578 1 0.295809 0.295809 25 
1.97493 5 -1.75152 0.237067 -0.447104 0.0708337 4.03807 22 915 12271 12270 1 0 0 2 
-5 2.6114 0.878761 0.279743 -0.419942 0.0806981 4.06929 22 916 7334 7333 1 0 0 2 
2.8385 5 -4.55623 0.165268 -0.294814 0.383264 4.00596 22 917 40183 40181 1 0.136314 0.136314 21 
3.38142 4.73196 -5 0.344151 -0.427403 0.257658 3.98734 22 918 19579 19459 1 0 0 3 
5 3.1206 4.0121 -0.142965 -0.313878 -0.0638682 4.02984 22 919 35731 35650 1 0 0 1 
3.90401 5 4.23093 0.648101 -0.854862 0.463375 4.03164 22 920 1390 1389 1 0 0 1 
-5 4.45533 0.924552 0.11347 -0.199657 -0.0205779 4.04384 22 923 4553 4477 1 0.23016 0.23016 29 
-1.79754 5 3.54938 0.0371998 -0.143579 0.165907 4.00112 22 924 2063 1986 1 0.263828 0.263828 5 
-5 2.1433 4.64453 0.465989 -0.171129 0.241749 4.06332 22 925 23296 23295 1 0 0 2 
-2.55687 5 4.90005 0.0933969 -0.268695 0.119229 4.15679 22 928 21061 20997 1 0 0 1 
4.6491 5 0.0795059 -0.155943 -0.320126 0.223134 4.03734 22 929 7569 7568 1 0.00408466 0.00408466 3 
-3.56186 1.26815 -5 0.3196 -0.241928 0.246183 4.00038 22 931 16870 16869 1 0 0 1 
-5 3.81249 -3.83483 0.304751 -0.518462 1.15505 3.97188 22 935 18500 18403 1 0.949341 0.949341 4 
-1.1822 -0.480967 -5 0.864172 -1.02421 0.668282 3.98789 22 937 34896 34824 1 0 0 2 
-5 -3.58788 -2.56602 0.213576 -0.442129 0.330152 3.99908 22 938 17287 17222 1 0 0 2 
-5 3.91934 2.80745 0.405119 -0.46866 0.472695 4.01954 22 939 29780 29738 1 0 0 1 
4.39322 5 -4.71151 -0.0291657 -0.408101 -0.220972 4.1207 22 941 2909 2908 1 0 0 1 
-5 -4.70067 -3.19415 0.330025 -0.265521 -0.0590893 4.10749 22 943 7513 7512 1 0 0 3 
-4.56825 5 4.51333 0.227016 -0.30149 0.13205 4.05991 22 945 3716 3676 1 0.261853 0.261853 11 
-2.3185 5 0.438861 -0.0104696 -0.417703 -0.346685 4.20967 22 946 4835 4834 1 0 0 5 
-5 -0.645654 0.504967 0.242847 -0.282256 0.194579 3.98443 22 947 14940 14910 1 0.212625 0.212625 28 
-5 -3.83994 1.84842 0.101411 -0.264215 0.0359502 4.08206 22 948 10318 10191 1 0 0 2 
0.180855 5 2.72433 0.34347 -0.634241 0.633471 3.99816 22 949 23717 19536 1 0.338371 0.338371 4 
-1.62252 5 -1.98196 0.484697 -0.440205 0.207747 4.03884 22 950 8449 8446 1 0 0 5 
-4.24562 5 -3.79814 2.19102 -4.61331 4.543 3.97852 22 952 7855 7854 1 0 0 4 
-1.66407 4.3609 -5 0.25445 -0.406089 0.17739 4.03128 22 953 9522 9521 1 0 0 2 
-5 -3.76918 3.6307 0.182293 -0.366565 -0.0608133 4.14784 22 954 33792 33791 1 0 0 2 
-1.47712 5 -3.61156 0.420559 -1.00026 0.0749729 4.20515 22 956 7186 7151 1 0 0 4 
1.17082 5 4.9187 0.460639 -0.749316 0.0756378 4.06453 22 959 7776 7676 1 0 0 3 
4.22489 5 3.40213 0.352594 -0.581115 0.224695 4.0929 22 960 25711 25685 1 0.401914 0.401914 3 
-4.17566 5 0.210204 0.384925 -1.45339 0.18143 4.05154 22 961 29698 29663 1 1.39287 1.39287 13 
2.33323 -1.00011 -5 -0.046953 -0.0574836 0.237308 4.11582 22 962 9732 9731 1 0 0 2 
-5 3.48113 -1.10982 0.390458 -0.0265149 0.17835 4.01298 22 963 11513 11490 1 0 0 2 
-4.99951 5 1.4275 0.186398 -0.379158 0.760959 3.95099 22 964 2618 2500 1 0.736076 0.736076 6 
1.01609 5 2.0818 0.269852 -0.314794 0.272942 4.03163 22 965 26065 26064 1 0 0 1 
-2.24518 5 4.83332 0.489405 -0.690313 0.483111 3.98903 22 966 23616 20362 1 0 0 3 
3.11562 5 -4.44878 0.0188275 -1.04295 0.614668 4.0139 22 967 11162 11101 1 0 0 3 
0.0767355 5 -2.84468 0.46257 -0.477399 0.611561 3.97493 22 968 28869 28769 1 0 0 1 
-1.42488 5 -4.73287 0.361323 -0.531487 0.0274779 4.06725 22 970 51055 50947 1 0 0 1 
-4.82965 1.35255 5 0.36915 -0.0214431 -0.305952 4.19817 22 972 52129 52100 1 0.26263 0.26263 2 
2.833 5 3.36831 0.724273 -0.552889 0.913468 3.96642 22 973 16906 16679 1 0.286783 0.286783 17 
2.57915 5 2.54612 3.81107 -3.95404 5.36637 3.9863 22 976 9427 9352 1 2.04997 2.04997 55 
-3.27074 3.97398 -5 0.213825 -0.498952 0.286378 3.99304 22 977 1741 1 1 0 0 4 
3.52947 -0.798669 -5 0.61148 -1.08829 1.73973 3.93917 22 978 24743 24740 1 0 0 2 
4.56496 5 2.38253 0.35659 -0.333148 0.151579 4.3667 22 980 4403 4400 1 0.514241 0.514241 14 
-2.55634 2.99105 -5 -0.251502 -0.0601121 0.211484 3.95056 22 981 7229 7214 1 0.333695 0.333695 28 
-5 1.10189 -2.34643 0.725407 -1.66737 -0.239466 4.12029 22 982 9487 9486 1 0 0 1 
-5 2.35585 -0.246746 0.349079 -0.236748 0.461119 3.95452 22 984 9476 9218 1 0 0 2 
-4.98399 5 3.08918 0.502836 -0.47336 0.63181 3.99689 22 985 6921 6716 1 0.408781 0.408781 6 
-5 1.17356 -1.37554 0.241539 -0.443528 -0.0778532 4.0518 22 986 6859 6858 1 0 0 1 
-3.85666 5 -2.86573 0.0677711 -0.354463 0.361778 3.96667 22 987 11522 11506 1 0.510694 0.510694 21 
-0.907515 1.10632 -5 0.0335434 -0.442567 0.108195 4.10489 22 988 37103 37034 1 0 0 1 
-1.16657 1.96324 -5 0.0845555 -0.257288 0.409689 4.09032 22 989 8620 8616 1 0.670012 0.670012 33 
-0.673141 -4.43066 -5 -0.215393 -0.252033 0.370609 3.99542 22 990 44394 44355 1 0 0 1 
-4.63124 5 -0.519349 0.261763 -0.69283 1.04343 3.94696 22 991 26298 26092 1 0.115243 0.115243 5 
-1.96587 -2.53717 5 0.0874232 -0.299895 -0.456938 4.14633 22 992 9499 9498 1 0 0 4 
1.67248 5 -3.77353 0.193611 -0.239904 -0.00933428 4.09172 22 993 1571 1570 1 0 0 3 
-0.612384 4.47737 -5 -0.230877 -0.251304 1.53692 3.94414 22 994 15564 15454 1 0 0 7 
-5 3.26411 -0.803531 0.31973 -0.389398 -0.108901 4.04238 22 997 45557 45497 1 0 0 1 
-2.64159 5 -2.43716 0.20487 -0.35499 -0.116072 4.13444 22 998 18721 18719 1 0 0 1 
1.85575 5 3.9199 0.318116 -0.308514 0.202266 4.04095 22 999 8691 8657 1 1.39494 1.39494 7 
-4.93385 5 3.01471 1.93154 -3.37549 6.72032 3.96461 22 1000 26903 26866 1 0 0 1 
