# Det8_4_6
#x y z Px Py Pz t PDGid EventID TrackID ParentID Weight Edep VisibleEdep Ntracks
-5 0.758163 1.58437 0.374775 -0.107646 -0.760588 4.98444 22 1 7940 7901 1 0 0 2 
-5 -2.25691 -0.386483 0.537008 -0.382307 0.414254 3.59205 22 2 8547 7766 1 0.274374 0.274374 3 
-5 -3.01392 -2.82995 0.434411 -0.207241 -0.648423 3.804 22 3 7338 7337 1 0 0 2 
-5 -2.51192 -2.52431 0.30456 -0.297377 0.275532 3.56597 22 4 23340 23153 1 0.0759751 0.0759751 5 
-5 0.31589 1.54127 0.958758 -0.20619 0.409987 3.61167 22 5 37520 37509 1 0.659096 0.659096 11 
3.0205 5 -1.40354 0.542613 -0.342408 -1.24393 4.23094 22 7 5469 5358 1 0 0 3 
-5 2.70992 2.48324 0.482428 -0.0968366 0.158388 3.61255 22 9 9670 9202 1 0 0 1 
-5 3.91232 -3.30893 0.230134 -0.0393367 -0.0385447 3.60374 22 10 9176 1 1 0.236235 0.236235 28 
-4.50102 -2.54329 5 24.3932 2.94903 -13.0189 21.5868 2112 11 46190 46111 1 0.0116517 0.0116517 2 
-3.95209 1.82402 5 0.110472 0.128585 -0.11974 3.6668 22 15 37528 37525 1 0.207135 0.207135 26 
-5 4.19145 2.8894 0.273842 -0.132314 -0.633227 3.85562 22 16 11202 11139 1 0.00269173 0.00269173 3 
-5 4.29493 -0.467468 0.310486 -0.150221 -0.0616457 3.67126 22 18 49329 49314 1 0 0 1 
-5 2.36336 -4.17096 1.54886 -0.493765 -3.21555 3.55214 11 19 36134 28667 1 2.08723 2.08723 20 
-0.782982 1.99292 5 0.329541 0.01754 -0.330678 3.76782 22 20 25840 25838 1 0 0 1 
-5 4.75395 1.22624 0.365249 0.0039807 -0.331488 3.69747 22 21 8246 8245 1 0 0 1 
3.38689 -1.72496 5 0.0542629 -0.107537 -0.223812 3.97162 22 22 17129 17115 1 0.0972521 0.0972521 26 
-5 -1.67982 -4.57403 0.131439 -0.194065 -0.0561827 3.69648 22 23 32223 32222 1 0 0 1 
-2.52081 5 -4.38508 1.54312 -0.130139 0.0921146 3.63544 22 25 32909 32793 1 0 0 3 
-5 0.585403 -4.32317 0.546914 -0.133967 0.145963 3.57306 22 26 22504 19025 1 0 0 3 
-5 -1.04205 -2.50927 0.406981 -0.198675 0.280097 3.58832 22 27 22610 21368 1 0 0 1 
-5 -3.58695 0.0397207 0.466469 -0.207884 -0.0176411 3.67539 22 28 3988 3954 1 0 0 4 
-4.75635 -4.21165 5 0.29707 -0.214843 -0.178821 3.68649 22 29 5070 5024 1 0 0 6 
3.35368 -4.13482 5 0.724709 -0.0571268 -1.22897 4.03859 22 30 42570 42507 1 0.137116 0.137116 3 
-3.54509 4.79533 5 1.37621 -0.494287 -1.66042 3.80973 22 31 18968 18967 1 0 0 2 
-5 2.12718 0.651588 0.110822 -0.099886 -0.175036 3.87624 22 33 9942 9939 1 0.229188 0.229188 54 
-5 0.42072 -0.0122601 0.139701 -0.132702 -0.0167467 3.63741 22 34 9652 9622 1 0.192899 0.192899 39 
-5 0.00338564 1.02061 0.510135 -0.00387245 0.0294535 3.63212 22 35 11717 11716 1 0 0 2 
-5 0.933273 4.87189 0.283401 -0.115032 -0.176892 3.67247 22 38 34574 34529 1 0 0 1 
-5 -0.754862 -1.98937 0.293489 -0.0135733 0.530406 3.55036 22 39 53850 53813 1 0 0 1 
-5 -0.416976 1.60299 0.283815 -0.351491 -0.0504633 3.65634 22 40 40040 39921 1 0 0 1 
1.66554 -2.03901 5 0.455915 -0.228373 -0.0332691 3.65139 22 41 26168 26167 1 0 0 3 
1.86679 5 -1.59051 0.417057 -0.120629 0.269504 3.67037 22 42 18977 18976 1 0 0 4 
-5 -2.48928 -2.60871 1.01425 0.419721 0.821898 3.59347 11 43 9783 9591 1 1.80065 1.80065 47 
0.821626 -3.92956 5 0.0997246 0.153674 -0.353972 3.88857 22 44 24454 24426 1 0.398205 0.398205 19 
-2.81086 5 -3.98839 0.154877 -0.109878 -0.14238 3.68793 22 45 6630 6202 1 0 0 2 
-5 2.78078 4.53126 0.305561 -0.346787 0.183191 3.58381 22 46 17413 17000 1 0 0 1 
-5 1.99815 4.69314 0.566133 0.0306713 0.102664 3.61854 22 47 35567 35473 1 0 0 1 
2.31866 -4.88189 5 0.359367 -0.0614731 -0.358045 3.94534 22 48 21912 21911 1 0 0 1 
0.844744 5 -0.639056 0.113736 -0.241052 -0.279791 3.85974 22 52 21357 21251 1 0 0 1 
-4.73217 -1.23401 -5 0.325578 -0.0755879 0.0985619 3.60208 22 53 40563 39221 1 0 0 1 
-5 3.19497 3.51318 0.44821 -0.255853 -0.201992 3.78912 22 54 3744 3717 1 0 0 1 
-5 4.13161 0.728395 0.419546 -0.187672 0.22334 3.56633 22 55 46528 46527 1 0 0 2 
3.83495 1.18001 5 -0.222253 -0.127359 -0.442158 3.96463 22 57 18670 18669 1 0 0 1 
-3.95894 5 3.46659 0.967111 -0.107311 0.663169 3.58539 22 59 30382 30158 1 0 0 1 
-5 0.774265 4.35897 0.764916 -0.401873 1.07303 3.68122 22 62 41455 41389 1 0 0 1 
4.46106 -1.38602 5 0.411192 0.0896073 -0.612596 3.84249 22 64 2877 2876 1 0.198477 0.198477 4 
-5 3.68898 -2.79618 0.434976 -0.0456129 -0.100744 3.7006 22 65 21512 21480 1 0 0 3 
-4.22388 4.64258 5 0.109621 -0.0408963 -0.235673 4.11136 22 66 23972 23971 1 0 0 2 
-5 1.56706 1.97406 1.50891 -1.49108 -0.27671 3.60538 22 68 42937 42896 1 0 0 3 
-5 0.601714 3.23822 1.13934 -0.457257 0.0111353 3.64389 22 72 51123 51079 1 0 0 1 
-5 0.241437 -0.0302339 0.469571 -0.100581 -0.174662 3.66196 22 73 24292 24290 1 0.45349 0.45349 15 
-5 2.44412 2.00601 0.4948 -0.0826624 -0.0972633 3.75387 22 74 47349 47348 1 0 0 1 
-3.9277 5 4.56426 0.741214 -0.26559 -0.265716 3.66273 22 75 24579 24578 1 0 0 1 
-0.623621 -1.41688 5 0.528767 -0.0803808 -0.291228 3.67653 22 76 17802 17716 1 0 0 2 
-1.44114 -1.83946 5 0.459096 -0.333574 -0.77959 4.4977 22 77 37633 37603 1 0 0 1 
-5 -1.09612 3.18053 0.513394 0.0793779 -0.241175 3.97104 22 78 3647 3646 1 0.195712 0.195712 38 
-5 -4.35672 -4.93353 0.472565 -0.192538 0.0270433 3.63941 22 79 9481 9462 1 0.133837 0.133837 2 
-5 3.65735 -0.841554 0.489492 -0.063539 0.132212 3.6152 22 82 16801 16776 1 0 0 1 
-2.90024 1.39953 5 0.831326 -0.75509 -0.310135 3.68174 22 83 38764 38678 1 0 0 1 
0.691746 5 -4.3346 0.0767755 -0.25493 -0.315092 3.95026 22 84 19404 19403 1 2.12567 2.12567 27 
-5 3.61575 1.42712 0.451997 -0.161631 -0.0929629 3.70634 22 85 24236 24235 1 0.238934 0.238934 25 
0.0590815 -1.84002 5 0.192266 -0.108952 -0.460742 4.08082 22 86 20460 20459 1 0 0 2 
-4.40183 5 0.266482 -0.0220422 -0.025201 0.00316023 4.01201 22 87 5377 5367 1 0 0 3 
-5 -2.56196 3.04193 0.364967 -0.348945 -0.0784606 3.75706 22 88 28236 28234 1 0 0 1 
-5 -0.106823 4.86025 0.445414 -0.412042 -1.07391 3.8071 22 90 7896 7895 1 0.793886 0.793886 3 
1.94417 5 3.84852 0.649693 -0.388304 -0.707473 3.80348 22 91 9746 9722 1 0.916484 0.916484 8 
-3.75223 1.41556 5 -0.14337 0.135598 -0.167068 4.92178 22 92 30131 30027 1 0.0967697 0.0967697 3 
-5 -3.11057 -0.970902 0.369759 -0.167034 -0.256346 3.72512 22 93 22964 22962 1 0 0 1 
-5 1.87541 1.35253 0.152516 -0.238206 0.0910518 3.60701 22 94 52564 52552 1 0.428258 0.428258 48 
1.10579 3.36838 5 0.373979 -0.155703 -0.118853 3.72893 22 96 30359 30358 1 1.23448 1.23448 6 
-5 -0.220699 -2.06859 0.295 -0.132903 -0.107103 3.62938 22 97 32400 31953 1 0 0 2 
-5 0.118113 0.558806 2.17139 -0.053864 -1.59966 3.68881 22 99 51844 51710 1 0 0 1 
-1.32718 -2.26371 5 0.151266 -0.451946 -0.914932 3.82986 22 102 15647 15513 1 0.384703 0.384703 39 
-3.44535 -5 4.31816 0.0683152 0.140882 -0.486421 3.72993 22 103 38031 38030 1 0.203061 0.203061 2 
-4.16106 -2.86189 5 0.306918 -0.0228715 -0.331553 3.83002 22 104 37569 37568 1 0 0 2 
-2.63817 5 -1.8018 2.52786 -1.28787 -4.86146 3.85543 22 105 50546 50509 1 0.685428 0.685428 26 
-5 2.33716 -4.61844 0.186751 -0.00186421 -0.0972051 3.72236 22 106 32895 32844 1 0 0 1 
-5 -1.62898 4.72898 1.90668 -2.28584 0.681609 3.57662 11 107 4120 4106 1 0.523491 0.523491 1 
3.2939 0.250117 -5 0.337983 -0.122393 0.157077 3.59498 22 108 13724 13650 1 0 0 1 
-5 -2.01853 0.345148 0.190091 -0.0695915 -0.469193 3.95856 22 109 20687 20661 1 0 0 4 
-5 2.3787 1.13472 0.459029 -0.197891 0.159736 3.57917 22 110 30071 28949 1 0.22589 0.22589 17 
-2.62346 2.95537 5 -0.011514 -0.0151594 -0.022903 3.87769 22 111 17141 17128 1 0.0294736 0.0294736 16 
-0.729555 5 -3.83514 0.267839 -0.251593 -0.355082 3.79949 22 113 31478 31477 1 0 0 1 
-5 -4.3849 2.14758 0.112595 -0.0948444 -0.489333 3.94362 22 114 23262 23235 1 2.72502 2.72502 37 
0.830495 4.40366 5 0.324265 -0.0705199 -0.388586 3.82208 22 115 19291 19290 1 0.26147 0.26147 3 
3.24436 3.00807 5 0.193774 -0.00349974 -0.288282 3.82587 22 118 22402 22376 1 0.274098 0.274098 20 
-5 4.06204 1.18171 0.611631 -0.190119 -0.211754 3.63971 22 120 12617 12570 1 0 0 4 
-5 0.221799 -0.763856 0.464728 0.0793991 -0.0122103 3.62835 22 121 30540 30192 1 0 0 2 
5 1.38974 4.24473 -0.201224 -0.0801028 -0.214187 4.06086 22 122 22082 22081 1 0 0 1 
-1.72363 2.87782 5 0.0806106 -0.283205 -0.049801 3.642 22 123 37328 37238 1 0 0 1 
3.13831 0.614511 5 1.69034 -2.03936 -8.65702 4.12497 22 125 39489 39334 1 0 0 1 
-5 -0.141991 4.9873 3.76562 -2.46265 5.88274 3.57512 22 126 30047 29989 1 0 0 3 
-4.51612 5 -3.87679 0.248111 -0.371104 -0.248682 3.59712 22 127 11461 11459 1 0 0 1 
-5 -1.065 0.234632 0.231931 -0.0241281 0.246372 3.58111 22 130 42031 42029 1 0.338825 0.338825 26 
-2.35137 -1.13289 5 0.102911 0.000349899 -0.384565 4.14817 22 132 20728 20699 1 0.123768 0.123768 4 
1.29296 -1.83728 -5 0.323952 -0.176933 0.294191 3.58094 22 133 17762 17727 1 0.291202 0.291202 2 
-1.63797 5 -3.2869 -0.229211 -0.205054 -0.19586 4.03208 22 134 1010 1 1 0 0 2 
-5 -3.3805 0.863529 0.436643 -0.249408 -0.324308 3.75971 22 135 21735 21690 1 0.342594 0.342594 3 
-5 -4.59231 2.10413 0.243309 -0.0884633 -0.093462 3.70806 22 136 2420 2419 1 0 0 1 
-3.33979 5 3.5898 0.307453 -0.13249 -0.248939 3.74231 22 137 15187 15165 1 0 0 1 
-4.97838 1.36419 5 0.0123462 -0.290374 -0.0265953 3.65723 22 138 6718 6717 1 0 0 1 
-5 4.8271 -3.66643 0.567378 -0.47352 -0.159573 3.59466 22 139 2532 2344 1 0.755561 0.755561 31 
2.77725 5 -0.428523 0.392811 -0.242508 -0.21911 3.70767 22 140 27208 27207 1 0.208226 0.208226 4 
-5 4.6431 -3.71297 0.411018 -0.143576 -0.267526 3.75417 22 141 15438 15435 1 0 0 1 
-5 -3.63239 4.02166 0.168117 -0.00680051 -0.0779072 3.77193 22 142 25703 25672 1 0 0 2 
-2.90928 3.95909 5 0.267307 -0.339796 -0.272407 3.62162 22 144 9604 9601 1 0.210673 0.210673 32 
-5 -2.98723 0.179476 0.197678 -0.0213854 -0.140166 3.66888 22 148 8149 7959 1 0 0 2 
3.16836 -2.50642 5 0.595793 -0.23396 -0.324155 3.79886 22 149 42074 42072 1 0 0 1 
0.143445 5 -1.41761 -0.029769 -0.137195 -0.00319205 3.81272 22 150 11593 11575 1 0.140074 0.140074 28 
-2.34549 -1.59072 5 0.341311 -0.151409 -0.348858 3.86333 22 152 1236 1235 1 0 0 3 
-4.00062 -1.17088 5 0.324998 0.237629 -0.314688 3.62328 22 153 1247 1218 1 0.324991 0.324991 26 
-5 1.37371 4.5972 0.21859 -0.0967941 0.241563 3.59347 22 154 18211 18024 1 0 0 1 
-5 -2.96025 3.08913 2.76861 -1.20726 -1.28946 3.69879 22 155 25437 25436 1 0 0 1 
-3.89698 0.732735 5 0.485845 -0.215488 -0.561586 3.75636 22 157 31478 31454 1 0.754332 0.754332 29 
-4.27552 -2.28102 5 0.259317 -0.0918951 -0.430616 4.13606 22 159 10954 10916 1 0 0 1 
-4.84177 -4.44856 5 0.406866 -0.18409 -0.248376 3.70355 22 163 27513 27501 1 0 0 2 
-3.82797 -4.30024 5 0.290885 -0.109973 -0.405477 3.7898 22 165 6108 6083 1 0.659263 0.659263 36 
-5 -0.349281 -1.21433 0.293802 0.0359683 0.00686296 3.57287 22 166 34400 33619 1 0.295594 0.295594 30 
-5 -4.28059 1.67471 0.273432 0.294589 0.111452 3.60048 22 167 1790 1762 1 0.00943834 0.00943834 2 
-5 0.154327 -4.11603 0.364322 -0.0966667 -0.113175 3.59983 22 168 29413 29335 1 0 0 1 
-5 4.04356 3.90335 0.943438 -0.0995838 -0.530372 3.67986 22 169 32015 32014 1 0.477315 0.477315 9 
2.85583 -3.24119 5 0.298436 -0.069588 -0.245476 3.93502 22 170 19320 19319 1 0 0 1 
-5 -2.02863 4.36411 0.720255 -0.204507 0.589514 3.58555 22 171 28161 26921 1 2.61468 2.61468 21 
-5 4.73927 -2.53157 0.397661 -0.000903465 0.327127 3.56763 22 173 28975 28832 1 0.223363 0.223363 2 
-5 0.302341 -3.04747 0.180549 -0.115131 0.335726 3.53847 22 174 32023 31949 1 2.94032 2.94032 42 
-5 0.391096 1.58392 3.31765 0.00780046 0.842685 3.63933 22 175 15783 15751 1 0 0 1 
4.13176 -1.4339 5 0.20617 0.101717 -0.254804 3.94691 22 176 10342 10317 1 0 0 3 
-5 -3.83544 -1.08094 0.139614 -0.049691 0.245518 3.56084 22 177 41337 41312 1 0 0 1 
-5 -4.39484 -3.81883 1.62382 0.183739 0.666794 3.55191 22 178 14415 14414 1 0 0 1 
-5 2.08247 0.281989 0.15801 -0.0644576 -0.157899 3.61597 22 181 5161 3167 1 0.232095 0.232095 25 
-5 -4.53202 -3.36637 0.278397 -0.074719 -0.115919 3.63009 22 182 8303 1 1 0 0 3 
3.10312 5 -4.83573 0.401716 -0.131633 -0.287084 3.69864 22 183 3913 3912 1 0.0254681 0.0254681 3 
-0.384857 -4.40259 5 0.498487 -0.191428 -0.510479 3.80201 22 185 3078 3077 1 0 0 2 
-0.00803531 5 -4.85091 0.33138 -0.15307 -0.180818 3.67284 22 186 15753 15730 1 0 0 2 
-5 1.8832 3.20707 0.194362 -0.0444872 0.0128205 3.60685 22 187 9845 9841 1 0.199474 0.199474 24 
-5 4.63173 -1.47497 0.245791 0.0889539 0.139512 3.77502 22 189 16658 16656 1 0 0 1 
-5 -3.96785 3.20417 0.284492 -0.154075 -0.0311195 3.62747 22 190 26649 23262 1 0 0 1 
-5 -2.15403 -3.96266 0.345518 -0.145491 -0.0521709 3.58428 22 191 53352 53330 1 0 0 3 
-5 3.72819 -1.59135 0.196568 0.0567391 0.278619 3.65285 22 192 19482 19481 1 0 0 1 
-1.68898 5 4.91962 0.105753 -0.148047 -0.0190462 3.6341 22 193 23789 1 1 0.153244 0.153244 18 
-5 -4.44767 -0.940468 0.495351 -0.116841 0.0457789 3.62316 22 195 2131 2130 1 0.0947306 0.0947306 2 
-3.58515 5 2.31153 0.381489 -0.189541 0.282241 3.60051 22 197 34826 34825 1 0 0 1 
-5 4.81671 3.32508 0.485813 -0.202137 0.0978876 3.61871 22 198 12697 1 1 0 0 2 
-5 3.51916 2.03531 0.424217 -0.259461 -0.117642 3.65582 22 199 5697 5675 1 0.510847 0.510847 10 
-4.59158 5 0.464988 0.319796 -0.235234 -0.0416067 3.68401 22 200 38352 38348 1 0.398661 0.398661 36 
-1.57289 4.7142 5 0.581411 -0.118948 -3.95102 4.23339 22 201 4647 4607 1 0 0 3 
-0.0499185 3.39429 5 0.278365 -0.0645435 -0.423635 3.89907 22 202 26118 26117 1 0 0 1 
-5 -4.24132 -3.96952 0.508199 0.0612111 -0.110027 3.5911 22 204 23105 23104 1 0 0 4 
-5 -1.19327 3.17521 0.220983 -0.150271 0.153516 3.59595 22 206 24955 24952 1 0 0 1 
-5 2.23063 -0.274459 0.484287 -0.162814 0.00881889 3.59215 22 208 33771 33740 1 1.77349 1.77349 20 
-4.76944 5 1.11253 0.196394 -0.0427318 -0.244091 3.71235 22 210 18284 11591 1 0 0 1 
-0.834728 3.13209 5 0.264886 -0.0621441 -0.0603298 3.75659 22 212 27775 27774 1 0 0 5 
-1.3733 0.204845 5 0.403179 0.248288 -0.545166 3.67662 22 213 39102 39019 1 0 0 1 
-4.64523 2.23341 5 0.989385 -0.0956755 -0.678152 3.78177 22 214 12465 12348 1 0 0 1 
-5 4.82345 3.35301 0.378984 -0.112581 0.30388 3.57969 22 215 16721 16590 1 1.41789 1.41789 28 
0.686815 -5 1.32959 0.153927 0.0703103 -0.0789778 3.70918 22 217 33328 33290 1 0.186245 0.186245 28 
-1.21315 -4.70192 5 0.327974 -0.212655 -0.285025 3.69264 22 220 25813 25789 1 0.0235717 0.0235717 4 
-2.53572 5 -3.59293 0.320659 -0.146105 -0.0719745 3.60645 22 221 32639 30560 1 0 0 1 
-3.06317 -2.08993 5 0.0021906 -0.198832 -0.060545 3.7157 22 222 26010 25805 1 0 0 1 
-3.99214 5 1.42012 0.39261 -0.198408 0.260022 3.58995 22 223 26423 26402 1 0 0 1 
-2.83495 5 -2.52835 0.178057 -0.141836 0.0909264 3.73148 22 224 8665 8663 1 0.445687 0.445687 48 
4.85029 -2.07898 5 0.352899 0.260102 -0.159077 4.19715 22 225 6167 6166 1 0 0 1 
-0.666143 -1.00038 -5 1.69174 -0.955584 2.12468 3.59534 22 226 51627 51626 1 0 0 1 
-5 1.29993 -3.61733 0.129362 0.09559 -0.374739 3.71199 22 227 30529 30351 1 0 0 2 
-3.67326 5 -3.99471 -0.00204382 -0.0332696 -0.00445999 4.06907 22 229 46879 46868 1 0.543774 0.543774 52 
-5 1.92918 -1.31252 0.460038 0.00900775 -0.0899749 3.76292 22 230 7541 7516 1 0 0 1 
-5 -0.847066 1.16615 0.782212 0.0320741 0.520165 3.5823 22 231 16073 1 1 0 0 1 
-5 3.19028 3.63184 0.240258 -0.0275848 -0.139206 3.76917 22 232 1745 1744 1 0.278734 0.278734 17 
-5 -2.06768 2.86462 0.70312 -0.424157 -1.29356 3.8457 22 233 31435 31434 1 0 0 2 
-5 -4.57276 -4.8758 0.269873 -0.285612 -0.326671 3.73291 22 234 13313 13282 1 0 0 2 
3.73535 0.48744 5 0.294761 -0.142361 -0.392389 3.96472 22 235 23588 23575 1 0 0 1 
-5 -2.22629 -3.49645 0.276834 -0.112438 -0.286794 4.11456 22 237 10579 10578 1 0.413731 0.413731 31 
1.23402 -4.92319 5 0.217326 -0.211713 -0.378001 3.85641 22 239 31491 31458 1 0 0 1 
-5 2.77144 2.92894 1.16367 -0.105808 2.17229 3.56462 22 241 46793 46479 1 0 0 1 
1.00917 5 -3.18612 -0.048373 -0.0467016 -0.146081 3.62787 22 244 19113 18961 1 0 0 4 
-4.03665 -2.35787 5 0.0904564 -0.0729588 -0.454236 4.05147 22 246 12778 12777 1 0 0 2 
-5 3.78861 -2.88495 1.87606 -0.350066 -3.35413 3.95677 22 247 37918 37917 1 0 0 1 
-5 3.59464 -3.34763 0.350519 0.0403327 -0.0441695 3.60579 22 248 42941 42663 1 0 0 2 
-5 1.3328 -3.43785 0.297561 -0.238061 0.390861 3.56232 22 249 9873 1 1 0 0 3 
-5 -2.29688 0.780412 0.230508 0.0275342 -0.455223 3.84415 22 250 5557 5556 1 0 0 3 
-5 -3.11804 -1.31879 0.480252 -0.416654 0.132685 3.59429 22 251 34068 33261 1 0 0 2 
3.08927 5 2.04537 25.2336 -4.51394 -9.63074 17.4451 2112 252 7603 7547 1 0 0 1 
-0.204753 -0.833308 5 0.313685 -0.123798 -0.383922 3.82652 22 254 10507 10506 1 0.202559 0.202559 6 
0.515228 -3.59358 5 0.240395 0.0243609 -0.437376 4.00982 22 255 25023 24997 1 0.0824958 0.0824958 2 
1.87713 -1.73635 -5 2.6957 -0.312256 2.41776 4.55435 22 257 18141 18138 1 0.00150709 0.00150709 5 
1.75479 5 4.71227 0.457995 -0.452469 -0.757743 4.24396 22 258 21672 21671 1 0 0 1 
0.490548 2.75095 5 0.213569 -0.327157 -1.12492 4.10812 22 259 8948 8945 1 0 0 2 
-1.23619 5 -1.7944 0.455323 -0.211767 0.0946323 3.62004 22 260 8464 8460 1 0 0 2 
-2.54987 0.350149 5 0.474849 -0.174245 -1.17755 3.90316 22 261 11172 11139 1 0.766592 0.766592 86 
-5 -2.7772 3.1819 0.140783 -0.0832459 -0.170001 3.79809 22 262 9356 9304 1 0 0 1 
-2.57968 -1.92706 5 -3.56346 1.13009 -2.37462 3.73759 11 263 2726 2586 1 4.08443 4.08443 5 
-5 -0.922648 -3.84099 0.0964466 -0.255587 -0.325917 3.73445 22 264 6583 6581 1 0 0 2 
2.81726 -3.94761 -5 0.3179 -0.19657 0.100462 3.59398 22 265 24223 23874 1 0 0 1 
0.0600653 -2.77251 5 0.165647 -0.129904 -0.465624 4.37804 22 266 32827 32826 1 0 0 2 
2.15512 -5 2.65037 -0.0787501 0.138385 -0.0407052 3.98626 22 268 28539 28410 1 0.163871 0.163871 24 
-5 -1.2922 0.117939 0.294936 -0.0610866 -0.401145 3.85476 22 270 11645 11643 1 0 0 2 
-5 4.96728 0.0158662 0.441015 -0.109184 -0.23389 3.68713 22 273 30861 30860 1 0.0593717 0.0593717 2 
-0.353369 4.29741 5 1.84819 -0.161006 -1.47487 3.76506 22 274 25389 25342 1 0 0 1 
-5 -0.394047 2.99005 0.56268 -0.707178 0.329585 3.58438 22 276 7819 7742 1 0.208223 0.208223 6 
-5 0.808962 -0.0439436 0.246077 -0.173357 -0.116134 3.62571 22 277 50461 49902 1 0.322228 0.322228 26 
-5 -0.592637 3.36604 0.429882 0.0149074 -0.275861 3.72735 22 279 10600 10599 1 0.085668 0.085668 5 
0.972927 5 -2.5613 0.428437 -0.0651312 -0.181402 3.64098 22 282 25527 25504 1 0.107391 0.107391 3 
-5 -2.12353 -0.331737 0.467869 -0.11302 0.171596 3.61091 22 284 32268 32267 1 0.115484 0.115484 5 
-5 -0.287955 0.0532225 1.90313 -1.72327 -0.311708 3.67956 22 285 55486 55424 1 0 0 1 
1.97805 1.27805 5 0.225393 0.0735017 -0.412718 3.96413 22 286 46843 46842 1 0.0592408 0.0592408 2 
0.128913 2.28128 5 0.252703 -0.161011 -0.0717116 3.71035 22 287 20189 20170 1 0.00435293 0.00435293 2 
-5 -2.11771 -4.37693 0.307224 -0.0536706 -0.250731 4.19514 22 288 16452 16451 1 0 0 1 
-5 1.88657 -4.72925 5.49082 -1.15669 7.61678 3.55131 22 289 41032 40829 1 0 0 1 
-3.8095 -1.6826 -5 0.300316 -0.0547406 0.161869 3.5941 22 291 7189 7188 1 0 0 1 
-5 2.66539 2.16331 0.245596 0.0231016 0.148278 3.71498 22 293 17040 17039 1 0 0 3 
0.517751 -2.65293 5 0.365577 -0.0197883 -0.211016 3.70272 22 295 8551 8550 1 0 0 1 
3.67336 1.52569 5 0.808258 0.30512 -1.82854 4.01233 22 296 26091 26024 1 0 0 1 
-3.81844 -3.09787 -5 0.43231 -0.277867 0.412845 3.58011 22 297 16094 16020 1 0 0 1 
-5 1.63546 -2.33543 0.587225 -0.360583 0.557778 3.5676 22 298 16304 15374 1 0 0 1 
-5 3.34031 -2.89423 0.401534 -0.0905939 -0.183787 3.6773 11 300 31644 31616 1 0.170422 0.170422 1 
-1.25404 4.20022 5 0.0347489 0.15911 -0.273213 3.83027 22 301 20331 20292 1 0 0 2 
-5 -3.38179 -4.8218 0.539363 -0.224798 -0.41183 3.71681 22 302 22880 22849 1 0 0 1 
-2.78516 5 -4.45774 0.367602 -0.0786583 0.346124 3.55135 22 303 41864 41825 1 0 0 1 
-3.72442 -2.35122 -5 0.305341 0.08678 0.150491 3.61747 22 304 29536 29520 1 0 0 1 
3.67406 5 -3.23261 0.146486 -0.246203 0.0432271 3.63519 22 305 28046 26671 1 0 0 2 
-5 2.7497 -2.522 0.653648 -0.294488 0.0405612 3.59718 22 306 1731 1730 1 0.410178 0.410178 3 
-5 -3.29492 -0.143649 0.374173 -0.072798 0.340315 3.58354 22 308 48488 48487 1 0 0 1 
-2.92031 1.75439 5 0.256587 0.14491 -0.36062 3.82798 22 310 10289 10288 1 0.103679 0.103679 27 
-4.60949 -5 4.21817 0.240893 0.118671 0.201542 3.65382 22 311 49661 49660 1 0 0 3 
-5 1.80145 -3.56709 0.444156 -0.356877 -2.54726 3.78269 22 312 28333 28309 1 0 0 1 
2.4057 5 3.35333 0.740254 -0.171475 0.0213707 3.70722 22 313 28107 27978 1 0 0 1 
-5 -4.55205 -4.05821 1.42684 -0.198376 3.10916 3.53634 22 314 44693 1 1 0 0 1 
2.00871 5 2.92786 0.103656 -0.140795 -0.480159 3.80104 22 315 25672 25671 1 0 0 1 
-3.95457 5 0.788861 0.13062 -0.493136 0.0295848 3.6178 22 316 31490 31489 1 0.128535 0.128535 2 
-5 2.10802 -0.766746 0.407362 0.0251572 -0.00768946 3.6339 22 319 3208 3207 1 0 0 1 
-4.62425 -0.302882 5 0.246098 -0.135199 -0.120686 3.76872 22 321 11183 11180 1 0 0 1 
1.59874 5 2.42454 1.09663 -0.786688 -0.920034 3.64819 22 322 9478 9434 1 0.338113 0.338113 9 
-5 1.24851 0.621958 1.32177 -0.490539 -2.11642 3.87878 22 324 46695 46671 1 0 0 1 
5 -1.89671 -0.538096 -0.0943927 -0.0485304 -0.229242 3.76777 22 326 1068 1067 1 0 0 1 
-5 -3.86714 4.02763 0.178946 0.0475753 -0.400367 4.01385 22 327 24324 24279 1 0 0 1 
5 2.82038 3.21776 -0.0602346 -0.172703 -0.223987 3.7165 22 328 14624 14614 1 0.305361 0.305361 21 
-5 -2.59042 1.84247 0.37662 -0.246286 -0.242116 3.59435 22 329 11987 11986 1 0 0 3 
-1.91242 3.06987 5 0.335563 -0.0943528 -0.812106 4.07367 22 330 10818 10817 1 0 0 2 
0.758643 1.1684 5 -0.0231301 -0.0565143 -0.185819 3.68958 22 332 29338 29337 1 0 0 2 
-5 -2.18936 -2.54901 0.397125 -0.157234 -0.280516 3.75005 22 333 31615 31587 1 0.0925509 0.0925509 2 
-1.27788 5 0.747546 0.292697 -0.347908 -0.233256 3.66338 22 335 25493 25492 1 0.132638 0.132638 4 
1.78351 -1.37064 -5 3.3612 -0.551173 5.78577 3.54581 22 337 43442 43028 1 0 0 1 
3.00758 5 -0.242776 0.211986 -0.150409 -0.200998 4.28795 22 338 3374 3373 1 0.00336375 0.00336375 3 
-5 -1.91649 0.955126 1.08628 -0.764468 -0.643017 3.79547 22 339 33662 33657 1 0 0 1 
-5 -3.70056 0.733389 1.33217 -0.361023 -1.30888 3.7569 22 340 26499 26410 1 0.0224797 0.0224797 3 
-5 -2.32535 4.34083 0.281102 -0.0830954 0.265646 3.59224 22 341 16129 16128 1 0.0958317 0.0958317 6 
-5 -3.19691 2.66954 0.251271 -0.0979745 -0.525601 3.90892 22 343 17550 17501 1 0 0 1 
-5 2.71056 4.97003 0.463428 -0.144016 0.160043 3.5933 22 344 11011 10994 1 0 0 2 
-0.369161 -2.91629 5 0.102593 -0.0301787 -0.215618 3.84417 22 345 50556 50529 1 0.240307 0.240307 22 
0.754457 1.6033 5 0.0794174 0.167089 -0.312707 3.83859 22 346 15136 15114 1 0 0 2 
-5 -2.33142 -1.00047 0.798305 -0.103745 -0.872008 3.7732 22 347 32703 32566 1 0.18616 0.18616 33 
4.36022 -4.32644 5 0.0787745 0.0365442 -0.552296 4.08184 22 350 35051 34962 1 0 0 1 
-1.71519 -0.682253 5 -0.0271245 -0.176598 -0.228658 3.92973 22 351 41243 41242 1 0 0 2 
-5 -4.26153 3.81055 0.181024 -0.198336 -0.0534292 3.63333 22 352 1001 1 1 0 0 2 
-5 2.9613 -1.51462 0.391285 -0.0162877 -0.170161 4.22835 22 355 21507 21480 1 0.426552 0.426552 32 
2.51297 4.28615 5 0.250707 -0.0624997 -0.433425 3.95899 22 359 40858 40856 1 0 0 1 
-5 3.82403 3.90493 0.536484 -0.0635108 -0.38777 4.66634 22 360 47664 47635 1 0 0 3 
-1.63537 5 -4.0025 -0.0685696 -0.162783 -0.102859 3.63227 22 361 40948 39993 1 0 0 1 
-3.15598 5 -1.84479 0.32106 -0.141831 -0.29052 3.72715 22 365 20531 20483 1 0 0 1 
-5 0.692326 3.91118 0.344487 -0.222687 -0.0118621 3.6371 22 366 32407 32406 1 0 0 1 
-1.84179 -3.99349 5 0.295504 -0.287099 -0.302277 3.75563 22 367 36917 36876 1 0.307631 0.307631 3 
-5 4.9415 -3.98123 5.73269 0.292326 2.55822 3.57627 22 369 36516 36329 1 0 0 1 
0.186045 -0.13174 -5 1.12676 -0.309229 0.725054 3.556 22 370 45113 45057 1 0 0 2 
-4.61388 -3.6528 5 0.301984 -0.224874 -0.345481 3.90034 22 372 5971 5936 1 0 0 1 
-5 0.716912 0.0969525 2.2378 -1.13876 -0.68202 3.65559 22 375 18485 18453 1 0 0 1 
0.853929 4.38735 -5 0.580643 -0.135774 0.467231 3.57002 22 378 10898 10853 1 0.173247 0.173247 20 
-5 -0.0446968 -3.68807 0.507045 -0.0627572 0.00929848 3.59367 22 380 11629 11628 1 0.224632 0.224632 4 
-5 1.27301 -1.70465 0.319069 -0.115686 -0.38201 3.91463 22 381 17053 17052 1 0 0 2 
-5 0.481594 4.2412 0.449215 -0.185657 -0.157663 3.69509 22 382 23764 23763 1 0 0 1 
-5 -2.97132 -0.233183 1.0237 -0.640567 0.442967 3.59133 22 383 11176 11154 1 0 0 2 
-2.24323 5 -2.03524 0.363715 -0.335209 -0.261608 3.65593 11 386 13275 13249 1 0.246769 0.246769 1 
1.52958 -5 -2.39633 0.00953754 0.143 -0.147283 3.8836 22 389 29962 29811 1 0 0 2 
2.60645 -5 -0.937973 0.0465701 0.235728 -0.0100268 3.80651 22 390 14565 14564 1 0 0 1 
-5 2.73005 -2.5445 1.49692 0.073271 0.15418 3.58231 22 391 40275 40274 1 0 0 2 
-5 -1.997 2.42865 0.487184 0.0470903 -0.0113264 3.61947 22 393 10143 9297 1 0.361448 0.361448 20 
-5 1.33202 -1.03035 0.237976 -0.264378 -0.0102028 3.64365 22 395 45877 45858 1 0 0 1 
-5 1.99586 -2.86421 0.42424 -0.2846 -0.0119574 3.60439 22 396 35899 35898 1 0 0 1 
-5 1.40588 1.54638 1.06373 -0.485112 -0.198147 3.67209 22 397 11662 11661 1 0.664241 0.664241 2 
-5 -2.28147 0.828126 0.374112 -0.23777 0.0606993 3.62143 22 399 26487 26471 1 0 0 1 
2.59308 5 2.92931 0.517209 -0.138632 0.258811 3.60614 22 401 43899 43851 1 0 0 1 
-2.85471 3.86951 -5 0.763605 -0.127826 0.303421 3.5869 22 402 44195 43521 1 0.0787633 0.0787633 3 
-2.72238 5 3.57133 0.131863 -0.230952 -0.0645903 3.66552 22 404 42416 42415 1 0 0 1 
-1.53735 1.69061 5 0.177573 0.0106184 -0.300184 3.86736 22 405 36576 36575 1 0 0 2 
1.98338 5 3.44527 0.119604 -0.217991 0.0559374 3.66171 22 407 7669 7640 1 0.861249 0.861249 41 
-5 -2.06266 -1.98999 0.179905 0.0563918 -0.424039 4.10104 22 409 24851 24850 1 0 0 1 
2.60595 0.717678 5 0.148392 -0.132739 -0.470617 4.16503 22 410 18392 18364 1 0.136803 0.136803 2 
-5 -2.65481 -0.776938 0.398928 -0.136541 -0.288674 3.76625 22 411 26147 26127 1 0 0 2 
-5 4.02175 -4.78599 1.12805 -0.347309 -0.908861 3.6421 22 415 32651 32535 1 0 0 3 
-3.73587 -0.769291 5 0.483852 -0.0772202 -0.145068 3.66884 22 419 20136 20109 1 0.0293959 0.0293959 7 
-4.98784 5 0.758068 0.349465 -0.363397 -0.0832905 3.65264 22 422 4290 4288 1 0 0 1 
-5 4.97495 -3.14539 0.432185 -0.157223 0.222749 3.58567 22 423 27446 27445 1 0.190136 0.190136 3 
-5 -0.359067 4.07662 0.904536 0.0222749 0.117936 3.58376 22 427 57954 53644 1 0 0 1 
1.48022 -4.27676 5 1.43697 0.584203 -4.25932 3.79486 22 429 33152 33151 1 0 0 1 
-5 -3.3719 0.029421 0.96089 -0.0775599 -0.110326 3.58851 22 430 7881 7849 1 0 0 2 
5 -0.928849 1.49103 -0.392484 0.19528 -0.100323 4.27534 22 435 3155 3154 1 0 0 2 
-1.96766 0.301501 5 0.680077 -0.377871 -1.69683 3.9666 22 436 17220 17137 1 0 0 1 
-2.91195 0.751537 -5 0.785789 -0.456239 1.50128 3.54355 22 438 42531 42362 1 0 0 1 
-5 -4.42545 -4.36306 1.32074 -0.873345 -4.30683 3.87892 22 439 46173 46120 1 0 0 1 
-5 0.590206 4.35058 4.48385 -2.0597 8.77233 3.56699 22 440 44436 44430 1 0 0 1 
-5 1.87906 4.56662 49.178 -11.3876 -26.4501 7.91122 2112 443 45306 45248 1 0 0 1 
-5 -0.447629 -0.560269 2.18747 0.178955 1.33986 3.57785 22 444 6136 6134 1 0 0 2 
-5 -3.23624 -3.23118 0.218555 -0.171553 0.337824 3.58021 22 446 1002 1 1 0.436956 0.436956 31 
-5 -1.1978 -2.24202 0.606583 -0.362623 0.105979 3.65066 22 447 32963 32926 1 0 0 1 
4.43048 5 -1.41986 0.161823 -0.209872 -0.0983926 4.06583 22 448 21304 21303 1 0 0 2 
-3.4338 1.38035 5 0.914758 -0.05811 -0.788772 3.76081 22 449 1771 1660 1 0 0 1 
-5 -3.20232 4.04324 0.284628 -0.251375 -0.118017 3.66569 22 452 1163 1 1 0 0 3 
-5 0.834522 -0.466412 0.211231 -0.0948282 -0.455531 4.12268 22 453 39686 39684 1 0 0 1 
-4.93389 5 -3.4131 -0.129438 -0.230009 -0.0844931 3.75188 22 455 32027 32009 1 0 0 1 
1.4552 5 4.9658 1.13334 -0.607278 -0.0534345 3.64443 22 456 23545 23543 1 0 0 1 
-2.45549 3.70239 5 0.195773 -0.0606279 -0.468099 3.89843 22 457 2978 2977 1 0 0 1 
-2.39957 5 1.42922 0.158597 -0.172673 0.0366866 3.80088 22 458 26997 26996 1 0 0 3 
1.94561 -5 -4.00853 0.184958 0.46232 0.00458598 3.63156 22 460 39988 39942 1 0 0 1 
-3.60335 -1.09741 5 0.202096 -0.0532212 -0.309152 3.96114 22 462 1060 1058 1 0 0 1 
-5 -0.793899 0.403852 1.59462 -0.335935 0.823119 3.59999 22 463 8067 7988 1 0.345386 0.345386 2 
0.767079 -4.56665 5 0.163302 0.0327976 -0.467311 4.42608 22 464 34513 34512 1 0 0 1 
-2.60284 -3.29336 5 0.252199 -0.240815 -0.584357 3.90731 22 465 12423 12421 1 0.999237 0.999237 54 
-4.38938 4.61059 5 0.0271093 0.273916 -0.089945 4.0416 22 466 48130 48078 1 0 0 1 
-0.38298 -4.91306 5 0.494775 -0.351531 -1.07693 4.03307 22 468 1169 1118 1 0 0 3 
-5 -2.73556 -4.61556 0.197605 -0.108682 -0.0724763 3.63932 22 469 17037 17007 1 0 0 1 
-5 -4.6987 4.72968 0.414252 -0.211358 0.211762 3.60621 22 470 32497 32479 1 0 0 1 
-5 4.79555 4.95288 0.757074 -0.147254 0.76854 3.59235 22 474 40201 1 1 0 0 1 
-5 -3.89001 0.214635 0.403426 -0.313603 -0.00455404 3.72323 22 475 5679 5677 1 0.407783 0.407783 30 
-5 3.02232 -0.0763088 0.475202 -0.125066 -0.140219 3.66978 22 477 12674 12673 1 0 0 1 
-5 -4.13069 -0.573135 0.95534 0.0210229 0.701342 3.59628 22 479 36213 35877 1 0.085501 0.085501 3 
-5 2.95279 0.461096 0.141141 0.065181 -0.088529 3.82834 22 480 23460 23433 1 0.178595 0.178595 20 
-1.27092 3.57682 5 0.354317 -0.184031 -0.318923 3.77018 22 482 24926 24925 1 0 0 1 
-5 1.61034 4.81181 0.440934 -0.151979 -0.155662 3.66036 22 483 25609 25574 1 0.26195 0.26195 3 
0.260815 0.993816 5 0.26103 0.0337725 -0.185407 3.73029 22 484 3157 1 1 0 0 3 
-0.502754 1.64042 5 0.223823 -0.0282301 -0.171463 3.77368 22 485 14243 14214 1 0 0 1 
1.4772 -5 -3.72924 0.118925 0.177523 0.0817275 3.96557 22 486 21282 21262 1 0 0 1 
4.50113 -4.85308 5 0.211424 -0.179977 -0.491001 4.0855 22 489 54905 54904 1 0 0 1 
-5 0.990583 -1.47209 0.529161 -0.127421 -0.256758 3.66907 22 490 9021 8971 1 0 0 1 
-5 -4.33027 0.5301 0.220474 -0.131394 -0.574954 3.73287 22 491 3295 3269 1 0.0900528 0.0900528 3 
-5 -1.7248 3.71281 0.151354 -0.0656949 -0.0642652 3.67078 22 493 41989 40236 1 0.17686 0.17686 14 
3.67566 2.49228 -5 0.407513 -0.134773 0.602608 3.55428 22 494 29934 1 1 0 0 1 
2.24582 2.95989 -5 0.163461 -0.00471126 0.159489 3.6305 22 496 18507 18506 1 0 0 2 
-5 -3.98851 -2.49069 0.206091 -0.229342 -0.286935 3.87735 22 497 3301 3300 1 0 0 4 
-5 3.37931 -2.11713 0.695819 0.0738597 0.256735 3.57936 22 498 49324 46936 1 0 0 1 
-5 4.23491 -3.83101 0.244515 -0.193818 0.0487622 3.58118 22 499 33651 30079 1 0 0 1 
-5 -1.24996 0.168715 0.191323 -0.159692 0.0258263 3.72437 22 501 7261 7260 1 0.169883 0.169883 29 
2.96184 -0.933735 5 0.0362192 -0.197782 -0.163336 3.71747 22 502 6461 6460 1 0.258566 0.258566 27 
-3.95026 4.35776 -5 0.813226 -0.182006 0.117227 3.59356 22 503 41400 41399 1 0 0 1 
0.390689 -1.25134 5 0.198266 -0.0305827 -0.469974 4.03924 22 504 5810 5791 1 0 0 1 
-5 -0.943259 -1.43536 0.155543 -0.153979 -0.113208 3.80771 22 505 9293 9268 1 0.544216 0.544216 6 
-5 -1.2162 -1.96707 0.359719 0.0328906 -0.361442 3.80053 22 506 1485 1484 1 0 0 1 
5 3.6772 -1.66517 -0.251599 -0.150023 -0.137393 4.35454 22 507 5132 5099 1 0.0835744 0.0835744 6 
1.9799 -2.45926 5 1.54988 -0.123204 -2.40427 4.05384 22 509 27700 27698 1 0 0 1 
-0.421542 -2.4261 5 -0.0665601 0.152774 -0.389844 4.14636 22 514 10385 10360 1 0 0 4 
4.98597 -5 2.6985 0.0515293 0.17716 -0.456711 4.51529 22 515 13087 13086 1 0 0 1 
4.13426 1.09476 5 0.456415 -0.193091 -0.124583 3.68611 22 516 7166 7141 1 0 0 1 
4.95231 5 3.85854 0.00409334 -0.223823 0.233134 4.7982 22 517 21827 21824 1 0 0 3 
0.972984 -2.57924 5 0.165047 -0.117352 -0.469156 3.93119 22 518 14609 14608 1 3.15874 3.15874 39 
-5 -4.9231 3.70172 0.269376 -0.292909 -0.0153638 3.66641 22 519 44543 44494 1 0 0 1 
-2.71446 5 -1.48526 0.157966 -0.152543 -0.162487 3.73072 22 520 9194 9193 1 0 0 2 
-5 1.44673 -1.90078 0.97363 -0.0156123 0.306927 3.58409 22 521 23939 23827 1 0 0 1 
-5 -1.37217 -0.0629137 1.37455 -0.416656 -2.35194 3.86525 22 522 15735 15669 1 0.0621171 0.0621171 5 
1.88713 -0.600424 5 0.159189 -0.0956135 -0.386169 4.03208 22 523 5966 5965 1 0 0 1 
2.29205 5 -3.59013 0.373437 -0.129595 -0.0480007 3.67364 22 524 44301 44271 1 0 0 1 
-5 1.19721 4.8866 0.384262 -0.159763 -0.296544 3.67812 22 525 30421 30420 1 0 0 1 
-5 4.9532 3.9293 0.228632 -0.0828494 0.107286 3.59578 22 527 54702 54644 1 0 0 1 
-5 3.6596 2.83874 2.79786 -0.267232 2.62293 3.56777 22 528 29666 29604 1 0 0 1 
-3.04052 5 -4.09879 -0.236026 -0.380215 0.246675 3.67462 22 532 30354 30353 1 0.856183 0.856183 62 
-5 0.327263 0.230321 0.76838 -0.339037 -0.169939 3.71723 22 533 52648 52647 1 0.856303 0.856303 34 
-5 4.21588 -2.21536 0.478382 -0.0852081 -0.158144 3.63813 22 534 10018 10017 1 0 0 1 
-5 0.551678 -1.01238 0.530592 0.226869 0.378641 3.60464 22 536 27432 27358 1 0 0 2 
-5 -0.592583 -4.57218 0.326556 -0.15209 -0.362422 3.83962 22 537 39895 39866 1 0 0 1 
0.287824 5 -0.111981 0.1342 -0.243714 -0.415256 4.26455 22 542 45942 45913 1 0.163071 0.163071 6 
-5 2.00648 -3.75636 0.56949 -0.198117 -0.672865 3.8359 22 543 23969 23941 1 0.02915 0.02915 23 
4.84528 -3.7624 5 0.479075 -0.067471 -0.164484 3.7315 22 544 24870 24869 1 0 0 2 
-2.00409 0.159374 5 0.025851 0.18781 -0.203689 3.72949 22 545 43364 43363 1 0 0 1 
-3.176 -1.30626 5 0.348759 -0.0863246 -0.134785 3.74662 22 546 13721 11862 1 0 0 1 
-5 4.47843 4.15361 1.59648 0.242699 -0.514107 3.62785 22 548 34468 34432 1 0 0 1 
-3.42322 -3.20864 5 0.264523 -0.236384 -0.233647 4.38979 22 549 43283 43282 1 0 0 3 
-3.19488 -5 -1.35765 -0.157224 0.110682 0.0280951 3.88538 22 552 17770 17740 1 0.0295104 0.0295104 20 
-3.40267 -4.68077 5 0.0531138 0.0211437 -0.356628 3.81482 22 553 45148 45146 1 0 0 1 
-5 1.59739 3.61552 0.261941 0.417575 0.134679 3.67977 22 554 2884 2882 1 0 0 2 
-5 3.90362 -0.990604 0.537733 0.0195356 0.294345 3.62041 22 555 45889 45859 1 0 0 1 
3.85442 3.3415 5 0.264443 -0.0432659 -0.109385 3.76494 22 556 12786 12363 1 0 0 1 
-5 4.8293 -1.43162 0.100078 -0.0503625 -0.337357 4.06169 22 561 11814 11813 1 0 0 1 
-5 -0.136922 4.22648 0.39401 0.0323889 -0.25996 3.74486 22 562 28875 28874 1 0.236179 0.236179 4 
-5 -4.47256 -3.51456 0.378563 -0.0387607 -0.165243 3.65298 22 563 8006 8005 1 0 0 2 
-4.52988 5 1.72987 0.160017 -0.410898 -0.177937 3.91308 22 564 16348 16347 1 0 0 1 
-5 3.7447 -3.93678 1.69884 -0.983181 1.11446 3.57579 22 567 26511 26448 1 0.0854621 0.0854621 3 
-4.38487 5 1.38623 -0.0891462 -0.159188 -0.205011 3.7245 22 568 9461 9460 1 0 0 2 
-5 -1.86306 -3.50739 1.55335 -0.152485 -5.45362 4.10029 22 569 1734 1733 1 0 0 2 
2.27161 3.65258 5 0.11553 0.0042409 -0.139113 3.80003 22 570 19900 19880 1 0.180515 0.180515 20 
2.60974 -2.32374 5 0.323722 0.0787349 -0.13138 3.75 22 571 41489 41470 1 0 0 1 
-3.19085 0.34429 5 0.0678118 0.228614 -0.275495 4.36599 22 572 4746 4745 1 0.225775 0.225775 34 
-5 -2.00799 -2.77432 0.0870715 0.216176 -0.0122096 3.58403 22 574 18706 18685 1 0.233112 0.233112 15 
0.119731 1.08182 5 0.624793 -0.338759 -0.229217 3.66871 22 576 6605 6592 1 0 0 2 
-5 2.8663 1.23519 0.316738 -0.331901 0.225029 3.60937 22 577 12409 12408 1 0.320973 0.320973 20 
-5 -1.32841 0.83495 0.25735 -0.340339 0.281177 3.61566 22 581 1384 1383 1 0 0 3 
-1.91623 0.123066 5 0.561283 0.00529754 -1.94688 4.05604 22 582 26859 26858 1 0 0 1 
-5 0.191754 1.23931 0.350501 -0.157073 -0.0273279 3.612 22 583 15929 13039 1 0.420698 0.420698 24 
-5 0.00346078 -0.347853 0.362423 0.15272 -0.283567 3.65062 22 584 10957 10905 1 0 0 5 
-4.99294 5 -2.16238 1.01478 -0.923005 -1.48532 3.77989 22 585 32533 32458 1 0 0 1 
-1.78743 2.18973 -5 0.390629 -0.036901 0.327364 3.60251 22 586 17040 17039 1 0.330374 0.330374 25 
-4.75593 2.18215 5 0.354165 -0.274941 -0.296711 3.83255 22 588 25732 25731 1 0 0 1 
-5 3.65883 -3.1509 0.468741 0.0354067 -0.200371 3.68127 22 589 13562 13561 1 0 0 1 
-5 4.44561 0.19826 0.369548 -0.110064 -0.335321 3.71979 22 591 9077 9054 1 0.0612485 0.0612485 2 
2.65782 3.95533 5 0.170327 -0.0718998 -0.135826 3.70981 22 592 15978 6024 1 0 0 1 
-4.06435 1.16521 5 0.0300498 -0.166541 -0.237849 3.81221 22 593 2879 2823 1 0.291652 0.291652 17 
-5 -3.75808 -3.73586 0.22497 -0.0809476 -0.065125 3.65538 22 594 23289 23259 1 0 0 1 
-5 -2.79565 0.837562 0.317486 -0.121516 -0.0856512 3.65008 22 596 6507 5366 1 0 0 3 
-5 4.87826 -3.84123 0.347875 0.351277 -0.129255 3.65231 22 598 25340 25313 1 0 0 3 
0.253432 5 4.91073 0.406093 -0.173785 0.256918 3.61239 22 599 37411 37410 1 0 0 2 
4.925 5 1.71384 0.157668 -0.162405 0.138711 3.6828 22 600 9072 9071 1 0 0 1 
-1.37842 5 -2.07654 0.109633 -0.272573 -0.127271 3.83382 22 601 28122 28104 1 0 0 1 
2.97416 -5 -0.959939 -0.072739 0.180946 -0.472321 3.83724 22 603 28742 28705 1 0 0 2 
-5 -0.29553 -0.611376 0.327106 0.0051798 -0.392549 3.74772 22 604 4478 4474 1 0 0 1 
1.17516 2.02727 -5 -0.0159491 0.152605 0.291195 3.88444 22 605 30899 30898 1 0.15361 0.15361 25 
-5 3.78375 -4.13317 0.300815 -0.256302 -0.0363299 3.61058 22 606 16985 16859 1 0 0 2 
-5 -0.156713 -3.68233 0.0994853 -0.162824 0.0880932 3.5604 22 608 21943 21904 1 4.28675 4.28675 29 
3.82226 5 1.54838 0.212713 -0.134357 -0.180347 4.06503 22 609 55646 55613 1 0 0 1 
4.48015 -3.81751 5 0.255437 -0.244429 -0.200199 3.73807 22 610 3987 3834 1 0 0 2 
-4.05955 -2.1259 5 0.328054 -0.204875 -0.333956 3.72134 22 611 19053 19052 1 0 0 2 
4.96506 -1.22979 5 0.0328886 0.0827009 -0.247148 3.66767 22 612 40652 40599 1 0 0 3 
-3.32601 5 0.437061 1.50693 3.46224 -2.01799 3.80259 -11 613 1833 1832 1 2.07876 2.07876 32 
1.49274 5 -2.40362 2.15234 -0.508889 -0.0791703 3.57472 22 615 38455 38454 1 0.599206 0.599206 5 
-5 0.274686 -3.79652 0.22027 -0.160066 -0.432412 3.71562 22 616 38122 38121 1 0.0883242 0.0883242 3 
3.02064 0.37614 5 0.26447 0.00411448 -0.437217 3.92255 22 618 19936 19935 1 0 0 3 
2.40547 -5 2.96016 -0.115365 0.414664 -0.4484 3.90761 22 619 59706 59546 1 0 0 1 
-5 -3.8208 1.27705 0.44261 -0.246131 -0.0680867 3.92622 22 620 16109 16086 1 0.671937 0.671937 45 
4.97079 -2.36561 5 0.285976 -0.0882891 -0.291172 3.91716 22 622 52812 52811 1 0 0 2 
-5 -1.92479 2.707 0.140486 -0.0734898 -0.485781 3.93523 22 625 2981 2980 1 0 0 2 
-5 3.14054 -1.10022 0.472709 -0.138482 -0.135974 3.70498 22 626 24021 23970 1 0 0 1 
-5 -2.67761 4.63719 0.183553 -0.203154 -0.116377 3.70934 22 627 20350 20349 1 0.120265 0.120265 2 
-0.417139 -5 2.79743 0.15504 0.127379 -0.259786 3.94791 22 628 25440 25420 1 0 0 1 
-5 4.71386 -0.46194 0.412324 -0.0248496 0.171333 3.59487 22 631 20184 20183 1 0 0 1 
-5 3.84439 -4.65122 0.321902 0.18354 -0.342457 3.7052 22 632 20270 20244 1 0 0 2 
-3.30437 5 -0.717823 0.199068 -0.218606 0.0167971 3.66163 22 633 33609 33608 1 0 0 1 
-5 -2.09299 -4.91849 0.40191 -0.233807 -0.00737342 3.60274 22 636 13029 13028 1 0.16286 0.16286 7 
-5 3.02312 3.68168 0.375058 -0.0431358 -0.118723 3.70383 22 640 4514 1 1 0.367647 0.367647 21 
-5 2.5204 -2.80404 0.261199 -0.100619 -0.166462 3.67277 22 641 53813 53731 1 0 0 1 
-5 4.92366 2.24205 0.509967 -0.00187946 0.0324042 3.65182 22 642 47822 47821 1 0 0 1 
-5 -4.06272 -0.340051 0.240095 -0.308659 -0.0881321 3.63416 22 643 52941 52632 1 0 0 1 
-5 1.8626 3.76873 0.294933 -0.419325 -0.41326 3.74963 22 644 3849 3804 1 0.0687444 0.0687444 4 
-3.56357 5 0.90763 0.147541 -0.0710533 -0.502863 4.08616 22 645 32550 32549 1 0 0 1 
-5 0.62711 -1.68094 0.436959 0.015387 -0.119313 3.63716 22 646 27284 27255 1 0 0 1 
-5 -1.17781 3.34488 0.507865 0.0208156 0.0525379 3.65153 22 647 14426 14424 1 0 0 2 
-5 4.06472 1.24347 0.428216 -0.0262499 0.289654 3.59384 22 648 45691 1 1 0 0 1 
-4.35905 -4.15226 5 0.0171247 -0.193708 -0.388916 3.68472 22 649 16371 16328 1 0 0 2 
3.98297 5 -3.53502 0.351556 -0.236964 0.11543 3.63346 22 650 33604 33603 1 0 0 2 
-1.36783 0.468653 5 0.370476 -0.146113 -0.117224 3.70713 22 651 39386 38464 1 0 0 1 
-5 2.85083 -4.13971 0.461459 -0.368983 -0.183169 3.65847 22 653 6646 6594 1 0 0 2 
5 -4.30313 0.903435 -0.337196 -0.0804012 -0.390769 4.11471 22 654 13008 12895 1 0 0 1 
-3.4037 5 -1.41712 0.357291 -0.229018 -0.284629 3.62417 22 655 34789 34761 1 0 0 1 
4.32755 -5 -4.88244 0.248286 0.235591 -0.499984 4.27561 22 656 23555 23554 1 0 0 1 
-5 -0.669263 -2.25967 0.335042 -0.207322 -0.325398 3.71133 22 658 30760 30757 1 0 0 2 
-2.61713 1.379 5 0.753661 -0.319627 -1.97928 4.07602 22 659 40489 40488 1 0.193944 0.193944 3 
-2.43636 1.26104 5 0.193581 -0.315071 -0.398869 3.83197 22 660 17942 17941 1 0.252552 0.252552 26 
-0.96418 -3.39307 5 0.426349 -0.2336 -0.459754 3.90064 22 662 16946 16925 1 0.267749 0.267749 17 
1.2901 0.636166 5 0.441158 -0.108483 -0.205969 3.67333 22 663 8532 8530 1 0.337004 0.337004 4 
-5 2.10074 -0.684547 2.17088 0.404229 -0.469013 3.6535 22 664 23169 22996 1 2.0044 2.0044 4 
-1.68239 5 2.67947 0.125471 -0.42182 0.0763597 3.59791 22 665 20158 20156 1 0.510245 0.510245 45 
4.03024 3.69468 5 0.00366787 0.206155 -0.201404 3.97441 22 666 6823 6790 1 0.222303 0.222303 35 
-5 0.532523 1.77326 0.387835 -0.101172 0.0802482 3.63767 22 667 12024 1 1 0.0328443 0.0328443 2 
-5 3.73332 -2.06133 0.483884 -0.0580019 -0.15366 3.65466 22 669 36051 36024 1 0 0 1 
-5 -3.78818 2.96525 0.0468225 -0.242684 -0.0375702 3.68881 22 671 49897 49896 1 0 0 2 
-3.57169 1.41693 -5 0.272217 0.196169 0.722398 3.55031 22 672 27694 27677 1 0.530097 0.530097 2 
-1.7121 5 2.49052 0.220381 -0.138863 0.134855 3.68988 22 673 24254 24225 1 0 0 1 
-5 2.94385 1.77949 0.360436 0.0108828 -0.134013 3.62568 22 675 20039 20011 1 0 0 2 
-5 -1.62289 2.51024 0.690925 -0.508838 -0.270163 3.65795 22 676 14858 14839 1 0 0 1 
0.643631 -0.0330984 5 0.253346 -0.0432183 -0.441665 4.16896 22 677 2485 2484 1 0.226515 0.226515 33 
-0.331187 1.23226 5 0.285614 -0.0168142 -0.185854 3.8032 22 678 25233 25098 1 0.197384 0.197384 4 
-5 2.45036 3.1523 1.42789 -0.405476 -0.520329 3.65391 22 679 25749 25722 1 0.439604 0.439604 17 
-5 -0.753044 -1.96258 0.197592 -0.164682 -0.193368 3.67194 22 680 13746 13620 1 0 0 1 
-5 -3.07892 -3.81819 0.318573 -0.184022 -0.0357697 3.72877 22 681 32607 32550 1 0 0 1 
-5 3.97869 2.73345 2.80982 -0.410315 3.98448 3.57139 22 682 39347 39259 1 0 0 2 
-4.02476 3.53735 5 0.0928148 0.107139 -0.447683 4.09884 22 683 5035 4911 1 0.0506554 0.0506554 5 
-5 1.60516 -1.27949 0.172834 -0.00439729 -0.0257484 3.61811 22 684 16060 15949 1 0.174311 0.174311 32 
-4.6807 5 3.66635 0.458216 -0.182012 0.148325 3.61625 22 685 32555 32527 1 0 0 1 
-5 0.946329 1.69806 0.314819 -0.0820548 0.00534638 3.63446 22 686 4457 3112 1 0 0 1 
-1.7327 5 3.72177 0.163616 -0.236959 0.449385 3.61828 22 689 17989 17988 1 0 0 3 
-5 1.38491 1.74403 0.357614 -0.163494 -0.326346 3.76976 22 690 4768 4746 1 0.163837 0.163837 5 
-5 -4.86736 3.45434 0.213403 -0.296441 0.0193388 3.59121 22 691 34899 34871 1 0 0 2 
-5 3.28819 -3.623 0.316546 -0.149167 0.0644771 3.56609 22 694 39917 39068 1 0 0 1 
-5 -0.346215 4.44633 0.453175 -0.209569 0.108778 3.58617 22 695 2010 2009 1 0 0 3 
-5 -4.41565 -0.140458 0.408205 -0.107004 -0.253412 3.90933 22 696 27558 27557 1 0 0 1 
-2.81235 4.1807 5 0.176284 0.0205067 -0.261673 3.8316 22 697 24169 23911 1 0 0 1 
-1.44446 -3.40351 5 0.365376 0.00588401 -0.357191 3.71508 22 699 31189 31188 1 0.173752 0.173752 4 
-0.440138 5 3.98551 1.40854 -0.655669 0.124795 3.62984 22 701 28244 28211 1 0 0 1 
-5 -3.92084 1.11962 0.182139 -0.202133 -0.158307 3.68064 22 703 12595 12509 1 0 0 2 
-5 -0.235062 3.23605 0.189692 0.0345355 -0.122204 3.92796 22 704 1738 1737 1 0.0270214 0.0270214 3 
-5 -4.22767 -3.64321 0.243788 -0.176878 -0.412797 3.91881 22 705 15611 15610 1 0 0 1 
-5 2.26186 3.14414 0.102077 -0.0868948 -0.460857 4.0154 22 707 16532 16504 1 0.000695036 0.000695036 2 
-4.39519 -4.38979 5 0.470945 -0.583032 -0.353109 3.71866 22 708 3786 3785 1 0 0 1 
-5 0.583186 0.139402 0.429255 0.0834517 -0.307499 3.70118 22 709 39150 39149 1 0 0 1 
-5 -4.13764 -4.56091 0.317143 -0.0633982 -0.0769608 3.65673 22 710 16278 16277 1 0 0 4 
-2.37007 -4.73863 5 1.02329 -0.0743897 -1.28241 3.8264 22 711 14602 14585 1 0.72774 0.72774 65 
-5 1.95543 2.72237 0.409733 -0.253545 -0.170158 3.68382 22 712 4492 4465 1 0 0 1 
-5 0.944378 -1.02359 0.29792 -0.170635 -0.24089 3.86736 22 713 8998 8997 1 0.179996 0.179996 2 
3.5848 -0.89201 5 0.385853 -0.0425323 -0.0367696 3.67064 22 714 6458 3729 1 0 0 2 
-1.41045 -3.1479 5 0.0427136 0.204794 -0.330978 4.20651 22 716 10105 10089 1 0 0 1 
-5 4.20108 2.20074 0.278455 -0.502551 -0.195123 3.65188 22 717 40810 40808 1 0.406883 0.406883 22 
-3.42498 1.94515 5 0.319943 -0.0960156 -0.386701 3.85676 22 718 21977 21967 1 0.152779 0.152779 4 
-5 2.03146 1.53259 4.60425 -2.09292 4.58625 3.56642 22 719 11120 11016 1 0 0 6 
-2.37217 5 -0.205325 0.0339944 -0.499034 -0.104545 3.88961 22 721 44643 44641 1 0 0 1 
-5 -0.361679 3.74457 0.386222 -0.257073 0.181468 3.58768 22 724 15751 15624 1 0 0 3 
1.83071 4.87046 5 0.263584 0.0182252 -0.276568 3.76565 22 725 8628 8627 1 0 0 2 
-5 1.95295 0.180717 0.135774 -0.139774 -0.165268 3.78513 22 727 26644 26643 1 0 0 1 
4.28925 5 4.23453 0.447251 -0.107074 0.0898923 3.71858 22 728 47911 47879 1 0 0 1 
-5 -1.15492 3.32382 4.0467 -2.72527 0.427425 3.70113 22 731 26623 26587 1 0 0 1 
3.57973 -2.4591 5 0.201857 -0.144033 -0.578198 4.08814 22 733 20780 20615 1 0 0 1 
-3.32526 5 4.9706 0.645243 -0.414715 -0.258328 3.80416 22 734 12427 12404 1 0 0 3 
-5 -0.357046 -4.16454 0.357921 -0.104387 -0.306322 4.09278 22 735 15359 15358 1 0 0 2 
-5 -0.332002 1.44731 0.26929 -0.152881 -0.143416 3.68084 22 736 4264 4263 1 0.319458 0.319458 5 
-2.8318 5 0.329904 0.112177 -0.085673 -0.06838 3.63748 22 737 22184 22117 1 2.0454 2.0454 18 
-5 1.98128 1.65394 1.75985 -0.194603 -1.62222 3.69999 22 739 18018 17973 1 0 0 1 
-4.17075 -0.372246 5 0.184577 -0.0917395 -0.21864 4.20298 22 740 12126 12009 1 0.300113 0.300113 24 
4.54799 -2.79502 5 0.182362 -0.0933545 -0.181729 3.73184 22 741 43341 42589 1 0 0 2 
0.655496 4.99739 5 0.056283 -0.262565 -0.346764 4.03941 22 744 5143 5112 1 0 0 1 
-5 -4.69337 -2.52092 0.467636 0.00329555 -0.205975 3.6578 22 746 25514 25488 1 0 0 1 
-2.85896 -5 0.247031 0.29182 0.242021 0.0152446 3.74403 22 747 42628 42626 1 0 0 1 
-5 3.6348 -2.6342 0.681609 -0.344797 -0.0489534 3.61717 22 748 38505 38475 1 0 0 2 
-5 0.21014 -0.70223 4.54774 -2.06989 3.48492 3.56506 22 751 29623 29492 1 2.9103 2.9103 4 
4.23401 -3.11446 5 0.376738 -0.100118 -0.330401 3.86222 22 753 39880 39877 1 0 0 1 
-0.299264 3.86033 5 0.401305 -0.275027 -0.156314 3.72111 22 754 7534 7533 1 0.140706 0.140706 2 
-5 2.65508 0.462499 0.290471 -0.0588231 -0.360893 3.83464 22 755 11159 11127 1 0.263661 0.263661 3 
-5 -4.98169 -4.15262 0.42542 -0.214929 -0.184235 3.68816 22 757 32993 32992 1 0 0 1 
0.622846 5 4.60939 0.488678 -0.106598 0.104645 3.64831 22 758 40846 40845 1 0 0 2 
-1.98962 -2.72816 5 0.206649 -0.11298 -0.252495 4.4354 22 759 3102 3101 1 0 0 2 
2.12292 1.95964 -5 1.39595 -0.336452 2.29703 3.54344 22 760 26987 26869 1 0 0 1 
-5 -2.8459 0.736969 0.328434 -0.0516845 0.00560824 3.695 22 762 1704 1703 1 0 0 1 
-5 1.39073 0.438051 0.274468 -0.0486403 -0.428277 3.84719 22 763 3096 3071 1 0.302894 0.302894 3 
-5 1.67905 0.279915 0.34922 0.124977 -0.121899 3.71096 22 764 44389 44388 1 0 0 2 
-5 4.404 3.09071 0.36375 -0.0796543 0.349945 3.58165 22 766 24641 24637 1 0 0 1 
-3.15112 4.41168 5 0.365032 -0.0107003 -0.357431 3.7927 22 767 13207 13205 1 4.57053 4.57053 12 
-4.88186 4.39912 5 0.354006 -0.095227 -0.141979 3.70151 22 768 29510 29427 1 0 0 1 
-1.72505 -2.76001 5 0.171778 -0.0600175 -0.411622 3.82629 22 769 46770 46719 1 0 0 4 
-5 -2.36356 1.13485 0.126435 -0.0113727 -0.200552 3.95381 22 771 24472 24433 1 0 0 1 
3.31494 3.71908 5 0.380202 -0.0413816 -0.57505 3.88375 22 772 25656 25645 1 0 0 1 
3.40697 1.86222 5 0.0458634 -0.0350676 -0.495631 4.07266 22 774 20347 20335 1 0 0 5 
3.03278 5 4.0023 0.18648 -0.0768464 -0.00662586 3.65215 22 775 29893 29844 1 0.201346 0.201346 28 
-5 0.490289 -3.43976 0.726664 -0.196797 0.304157 3.59254 22 776 6518 1 1 0 0 2 
-1.3934 -2.27818 -5 0.196822 -0.183573 0.192911 3.71561 22 782 6562 6488 1 0.180569 0.180569 2 
-5 -0.325508 3.22116 0.289617 -0.227161 -0.167807 3.92338 22 783 9777 9758 1 0 0 3 
3.29667 -5 -0.956606 0.0847897 0.0735865 -0.211328 3.77568 22 784 20999 20998 1 0.239099 0.239099 16 
-4.03524 1.9066 5 0.323518 -0.545919 -0.188136 3.77889 22 786 3020 3019 1 0 0 1 
-1.95232 -5 -0.134325 0.148349 0.0307046 -0.123969 3.92401 22 787 31045 31043 1 3.60105 3.60105 31 
-5 0.217688 -2.88492 0.336859 -0.452201 -0.114099 3.69244 22 788 29801 29776 1 0.264944 0.264944 20 
-4.71153 5 2.79289 0.77263 -0.292614 0.230047 3.58601 22 789 6155 6098 1 0 0 2 
2.3123 -3.60155 -5 0.398367 -0.198651 0.250921 3.60529 22 791 15628 15627 1 0.0154224 0.0154224 4 
1.32839 -4.37429 5 0.43332 -0.137502 -0.0714791 3.68169 22 792 4162 1 1 1.64739 1.64739 3 
-5 -4.49896 -4.40292 0.667369 -0.362178 -0.419963 3.72025 22 794 18438 18437 1 0 0 1 
-1.60079 -0.408567 5 0.403269 -0.323344 -0.664156 4.28464 22 795 4101 4002 1 0 0 1 
-5 4.59073 -2.21348 0.81512 0.68237 -0.641745 3.79163 22 796 29430 29429 1 0 0 1 
1.79184 5 -4.27399 -0.00263012 -0.362811 -0.359835 3.68224 22 797 5022 5021 1 0.258562 0.258562 27 
-2.06001 3.82004 5 0.0179118 -0.209332 -0.075991 3.63823 22 798 53763 53571 1 0 0 1 
0.576931 5 -3.90261 0.488651 -0.488629 0.466629 3.60394 22 800 30403 30402 1 0.0310732 0.0310732 4 
-5 -0.383327 0.798321 1.52721 -0.200551 1.0186 3.56427 22 802 2340 2212 1 5.21699 5.21699 89 
0.0184158 1.28123 5 0.182937 -0.0573665 -0.267571 4.30326 22 804 11171 11144 1 0.161883 0.161883 29 
-5 0.878275 -3.51051 0.238446 -0.0697779 0.0944196 3.67257 22 806 21828 21794 1 0 0 1 
-5 3.58871 -3.19547 0.475105 -0.175569 0.0676043 3.60301 22 807 18159 18158 1 0.0294927 0.0294927 22 
-5 0.826856 -0.0727742 3.47159 -3.51983 -3.81072 3.56989 -11 808 15407 15406 1 5.05545 5.05545 5 
-5 2.02354 1.69828 5.44095 -0.473063 4.1165 3.56102 22 811 34322 34192 1 0 0 4 
-4.50531 1.23048 -5 0.516157 -0.114469 0.242231 3.56965 22 812 35611 35590 1 0 0 1 
-5 2.04958 1.84198 0.164351 -0.134366 -0.114476 3.61435 22 813 5218 5037 1 0.240883 0.240883 20 
1.48747 -5 1.4044 0.24711 0.223011 -0.229244 3.69405 22 814 46751 46716 1 0 0 1 
-5 1.2233 -0.1802 0.446105 -0.0317214 -0.153347 3.64695 22 815 13932 13876 1 0.422675 0.422675 32 
4.50974 5 4.67732 0.286447 -0.13807 -0.00160369 3.7573 22 816 30512 30511 1 0.320683 0.320683 6 
-5 0.819096 -0.642727 0.221945 0.034791 -0.259444 3.83636 22 817 1719 1685 1 0 0 1 
-5 -3.50424 0.15179 1.82924 -0.570457 3.71548 3.55372 22 818 30996 30865 1 0 0 2 
-5 -1.61456 -2.58832 0.209536 -0.117155 -0.265741 3.78901 22 819 1798 1678 1 0 0 1 
-5 4.95774 2.83503 4.75122 0.337488 -4.32946 3.63394 -11 820 4293 4292 1 0.691663 0.691663 25 
-1.62063 5 -4.87547 1.34507 -0.405183 -1.09878 3.70586 22 821 34137 34107 1 0 0 2 
3.2697 4.58277 -5 0.75652 -0.329847 0.558431 3.5726 22 822 42018 41956 1 0 0 2 
-5 -3.98425 3.2421 0.244759 -0.191753 -0.81572 3.88848 22 823 20677 20656 1 0 0 2 
-5 1.8636 -4.58281 0.521734 -0.116943 0.240733 3.60512 22 825 19998 19997 1 0.586064 0.586064 23 
-2.94645 0.0212204 5 0.229969 -0.109488 -0.237893 3.74407 22 827 30046 29958 1 0 0 1 
4.43759 3.3084 5 0.477009 -0.0816567 -0.164057 3.77018 22 828 42766 42744 1 0 0 1 
-1.09128 5 -0.762784 -0.0191171 -0.132264 -0.233326 3.93864 22 829 28067 28044 1 0 0 1 
-4.95596 -1.6957 -5 1.0609 -0.587212 0.460016 3.58732 22 830 52660 52613 1 0 0 1 
1.06906 0.884271 5 29.3058 -34.8488 -92.8808 6.72291 2112 831 17748 17690 1 0 0 1 
-5 -1.36078 -0.39503 0.996272 -0.63321 0.409528 3.6021 22 832 19191 19077 1 0 0 2 
-5 -2.35859 1.368 0.207978 -0.00607272 0.0493225 3.65972 22 834 31459 30939 1 0.213644 0.213644 15 
-5 -3.76115 3.19973 1.52208 -0.154918 0.509082 3.59621 22 836 12545 12484 1 0 0 2 
-5 -2.14455 -1.15405 0.160449 -0.0177112 -0.476257 4.11175 22 837 13206 13172 1 0 0 2 
-5 4.73089 0.390558 0.156848 -0.0554528 0.101588 3.59878 22 838 14921 13162 1 0 0 2 
-5 2.51812 1.34304 0.387441 -0.0280257 -0.181827 3.76678 22 842 19135 19134 1 0.428506 0.428506 28 
-5 0.955396 2.69997 0.236159 -0.110703 -0.0109525 3.64917 22 843 35516 35478 1 0.0371455 0.0371455 2 
3.76886 -3.46443 5 0.167852 -0.0700458 -0.0730046 3.64101 22 844 21091 21090 1 0 0 4 
2.9657 -1.18136 5 0.490147 -0.660462 -0.364361 3.70257 22 845 26702 26701 1 0 0 1 
-2.61597 -3.04067 5 0.218233 -0.292329 -0.958728 3.95438 22 846 3444 3379 1 0 0 2 
-1.63131 -5 -0.0485362 -0.0774891 0.289577 -0.00624987 3.59352 22 848 36791 36788 1 0 0 2 
-5 -2.72538 -1.40668 0.16105 -0.397101 -0.652538 3.95065 22 850 28274 28185 1 0.780291 0.780291 24 
1.87144 -0.700923 5 0.252844 -0.0899653 -0.434852 3.86638 22 852 31429 31426 1 0 0 1 
-2.44226 5 -0.966501 0.023598 -0.226022 -0.0584111 3.69393 22 853 2471 2431 1 0.937371 0.937371 49 
-4.95194 5 -2.83237 0.188481 -0.0628879 -0.141175 3.59058 22 854 4088 1 1 0.340266 0.340266 3 
-3.94534 4.52692 5 0.615291 -0.642189 -1.54092 3.88155 22 859 28221 28220 1 0.198996 0.198996 2 
-4.75599 -3.26416 5 0.79878 -0.427905 -0.836749 3.80369 22 860 7316 7213 1 0.482122 0.482122 27 
-0.0227916 -1.33068 5 0.238004 0.016799 -0.198984 3.83852 22 861 10493 10492 1 0 0 2 
-1.38244 5 -3.59369 0.47673 -0.195558 -0.632894 4.04915 22 862 19740 19739 1 0.111201 0.111201 5 
3.82649 2.71336 5 -0.0489498 0.0152866 -0.410692 4.14913 22 863 6502 6483 1 0 0 5 
-5 0.11457 4.66817 0.137273 -0.253123 -0.422143 3.84337 22 864 12729 12725 1 0 0 2 
-4.8714 0.531995 5 0.300072 -0.322003 -0.259597 3.73724 22 865 42156 42154 1 0 0 1 
-5 -4.85267 -1.56068 2.72139 -0.559129 3.73818 3.5528 22 867 48292 48253 1 0.98803 0.98803 8 
-5 -2.15787 0.249619 0.250675 -0.0281503 -0.444398 3.78767 22 868 27680 27679 1 0 0 2 
-5 3.03665 -4.77404 0.2733 -0.0390972 -0.429998 3.80858 22 869 24812 24792 1 0 0 2 
-3.92569 -2.53304 5 0.0363945 0.0870821 -0.251574 4.91763 22 870 39673 39672 1 0.057783 0.057783 2 
-1.33644 2.40372 5 0.263083 0.0541858 -0.493225 3.91031 22 871 15001 14998 1 0 0 2 
2.60553 -3.76008 5 0.649367 -0.823947 -0.64674 3.67039 22 872 6305 6304 1 0 0 1 
-5 2.19387 3.02241 0.409045 0.0416647 -0.376779 3.69734 22 873 18292 18267 1 0 0 2 
-5 0.4451 0.623713 0.34159 -0.221722 0.0374436 3.65316 22 874 5212 5210 1 0.408687 0.408687 16 
-3.05945 0.670068 5 0.438412 -0.199889 -0.170175 3.74868 22 876 10301 10275 1 0.206211 0.206211 3 
3.13245 5 4.80774 0.0975499 -0.224207 0.0925845 3.75658 22 878 6682 6658 1 0 0 1 
4.86061 -4.40018 -5 0.287566 -0.039832 0.122871 3.58496 22 879 34162 34161 1 1.18742 1.18742 4 
-5 3.90957 3.88667 0.156879 -0.301105 -0.471498 3.91641 22 880 7612 7601 1 0.449324 0.449324 29 
-1.94096 4.70054 5 0.796221 -0.298537 -0.0950632 3.62446 22 882 52380 52379 1 0.424784 0.424784 2 
3.12821 4.6445 5 0.33933 0.0463514 -0.379245 3.9332 22 884 30377 30359 1 0 0 1 
-5 2.05359 -4.03859 0.500615 0.102212 -0.00755014 3.64588 22 887 16466 16465 1 2.04719 2.04719 4 
-5 -0.437666 -3.84239 0.509967 -0.247393 0.298625 3.59435 22 888 39925 39924 1 0 0 1 
4.97358 2.61393 5 0.203874 -0.0507512 -0.149295 3.73727 22 889 24860 24775 1 0 0 1 
-5 -3.86158 -0.224994 0.158868 -0.00247338 -0.161879 3.92113 22 890 6064 6063 1 0.467893 0.467893 22 
1.58269 1.79858 5 0.350636 -0.107575 -0.355812 3.8568 22 891 22568 22566 1 0 0 1 
-5 -4.11275 -2.24399 0.435346 -0.263345 0.0473687 3.71815 22 892 6849 6822 1 0.196157 0.196157 19 
-3.93942 3.8511 -5 -1.60474 -2.77917 0.958419 3.59716 -11 894 14433 14432 1 2.16128 2.16128 32 
-4.86775 4.02095 5 0.199629 -0.0523532 -0.105859 3.69213 22 895 36788 36523 1 0.231477 0.231477 30 
-5 -3.19543 2.24987 1.26662 -0.112789 0.0420438 3.66715 22 896 31243 31242 1 0 0 1 
-2.64698 5 0.675633 0.327211 -0.127824 -0.112599 4.10134 22 897 4124 4123 1 0 0 1 
-5 3.65173 -4.04291 0.802487 0.00797892 0.338513 3.57765 22 898 5738 2665 1 0 0 1 
-4.51006 1.2423 5 0.315969 -0.320274 -0.242298 3.63012 22 899 49400 49399 1 0 0 1 
2.30719 -3.19662 -5 6.97106 -2.74662 2.00628 3.58354 22 900 44064 44063 1 0 0 1 
-5 -4.43296 3.7738 1.35627 1.06566 4.18147 3.55891 11 901 5685 5252 1 2.62722 2.62722 30 
-5 -4.89059 0.681773 1.44124 -1.22897 0.48908 3.62318 22 902 37163 37135 1 0 0 2 
-5 -3.96804 -0.532131 0.330624 -0.201407 -0.464558 3.76899 22 903 11981 11950 1 0 0 3 
-2.00159 1.45711 5 1.35941 -0.223041 -0.929279 3.72559 22 905 19851 19850 1 0 0 1 
-5 -0.998687 2.74512 0.365551 -0.252143 -0.0674025 3.60294 22 906 12479 12436 1 0 0 2 
-5 -4.96012 -0.0715272 0.73177 -0.39291 0.0950413 3.61941 22 907 35710 1 1 0 0 2 
-1.73065 -4.28286 5 0.0835059 -0.0380883 -0.254453 3.92771 22 908 27180 25987 1 0 0 2 
-5 -1.01399 -4.9819 0.220777 -0.219476 -0.0582745 4.013 22 911 6870 6841 1 0 0 1 
-5 -3.27877 0.0471702 0.33904 -0.148885 -0.110823 3.60413 22 913 30511 30510 1 2.77551 2.77551 19 
-5 3.37993 -2.49057 0.48541 0.0183317 -0.158622 3.64061 22 914 26114 26112 1 0.246091 0.246091 3 
-3.8295 -3.99865 5 0.255014 -0.191247 -0.122152 3.64698 22 915 8566 8265 1 0.225714 0.225714 5 
-5 -0.127544 2.28569 0.482296 -0.111445 0.12685 3.68961 22 916 21648 21647 1 0 0 1 
-5 4.42939 2.04265 0.462595 0.0903207 -0.197404 3.67938 22 918 34071 34022 1 0 0 1 
-5 4.67801 -4.89195 0.336872 -0.0628419 0.238644 3.57716 22 919 61500 61499 1 0 0 1 
0.834704 2.95242 5 0.240458 -0.297562 -0.338758 3.81604 22 921 51324 51323 1 0 0 1 
-4.39641 4.6579 5 0.507572 -0.114787 -0.0463655 3.67701 22 923 32162 32161 1 0 0 3 
-5 -1.66432 0.0385859 0.47565 -0.13679 -0.127142 3.67447 22 924 36585 36584 1 0.26148 0.26148 17 
-5 -2.33308 -0.340175 2.84172 -1.2911 3.65373 3.5671 22 925 51872 51871 1 0 0 1 
-1.69567 -0.997908 5 0.380294 -0.38232 -0.211282 3.65274 22 928 37522 37487 1 0 0 1 
-4.1549 4.85795 -5 1.50544 0.0953885 2.59018 3.53202 22 929 4735 4670 1 0.179272 0.179272 8 
4.37906 -1.13346 5 0.142988 0.0479263 -0.425207 3.9301 22 930 41528 41527 1 0 0 2 
-4.92339 1.15947 5 0.118896 -0.0827663 -0.385133 3.97164 22 932 36227 36226 1 0 0 1 
2.21145 5 1.48396 0.232421 -0.257189 -0.196901 3.79482 22 935 48854 48816 1 0.398548 0.398548 9 
-2.84951 2.92988 5 0.116567 -0.180461 -0.365142 4.10301 22 936 10878 10861 1 0 0 1 
-5 -4.17546 2.73744 0.319683 0.158709 -0.17554 3.91084 22 937 23937 23839 1 0 0 1 
-5 2.8162 3.56682 2.72645 -0.92709 0.354409 3.57664 11 938 13667 13646 1 2.34656 2.34656 18 
2.01527 2.83763 5 0.228374 -0.151581 -0.431264 3.86411 22 939 14435 14434 1 0 0 3 
-5 -3.7833 3.22062 0.640069 -0.0874267 -0.992843 3.81269 22 941 47242 47240 1 0 0 1 
-5 4.51842 -4.85565 0.10615 -0.37675 -0.0326193 4.1443 22 942 34317 34316 1 0.305942 0.305942 16 
-5 -4.9332 -3.82808 0.412319 0.0665637 0.185587 3.55353 22 943 5756 1 1 0.169249 0.169249 5 
-5 -1.91587 4.04759 0.295689 -0.191884 -0.369957 3.7609 22 944 23982 23979 1 0 0 2 
-4.96546 0.858519 -5 0.194614 -0.279168 0.292614 3.54412 22 946 12653 12636 1 0 0 2 
-4.32479 4.30168 5 0.0248148 0.131934 -0.143321 3.64538 22 947 46902 46788 1 0 0 1 
-0.117624 3.55258 5 0.0897043 -0.0509753 -0.500474 4.48233 22 948 36306 36304 1 0.510364 0.510364 36 
-5 -0.59707 1.04637 0.079009 -0.0902524 -0.388166 4.02229 22 949 41063 41061 1 0 0 1 
-5 -4.21229 -0.351958 0.28635 -0.106499 -0.00677315 3.63092 22 950 27324 27323 1 0.478424 0.478424 21 
-5 -4.17762 0.066655 0.297071 -0.322775 0.143644 3.63018 22 952 14606 14603 1 0 0 2 
4.48258 1.8606 5 0.342172 -0.191488 -0.327675 3.78401 22 954 23848 23847 1 0 0 1 
-5 4.22076 1.15375 0.377329 -0.0829896 -0.334448 3.70203 22 955 14195 14153 1 0 0 1 
-5 -4.91432 1.81628 0.335677 -0.138729 -0.359438 3.74934 22 956 11838 11837 1 0.212369 0.212369 25 
-5 -2.33295 3.81783 2.43154 -0.973313 -1.23891 3.71469 22 957 6629 6628 1 1.63802 1.63802 4 
-3.44008 1.69333 -5 5.97686 -2.93912 3.48629 3.55002 22 958 43040 43008 1 0 0 1 
-5 -3.26236 4.0246 0.159621 -0.0490567 -0.156946 3.6563 22 959 1988 1826 1 0 0 1 
4.19622 -4.11624 5 0.585995 -0.346341 -0.510433 3.83792 22 960 4110 4095 1 0 0 1 
-2.30226 2.85159 5 1.64138 -0.990265 -1.02444 3.69021 22 961 3980 3854 1 0.132555 0.132555 6 
3.08102 5 1.76905 0.287209 -0.0868539 -0.134727 4.36901 22 962 23021 23020 1 0 0 1 
-5 -2.24222 -4.24659 0.447851 -0.0345199 0.202058 3.69257 22 966 8873 8872 1 0.510684 0.510684 26 
-5 -3.90909 -4.23835 0.365791 -0.148187 -0.0577517 3.67093 22 967 22954 20997 1 0.0182539 0.0182539 4 
-5 -1.82617 2.0526 0.174829 -0.110414 -0.209778 4.03837 22 968 16483 16481 1 0 0 3 
-5 -1.16196 -0.913728 0.2418 -0.274574 -0.356737 3.70135 22 969 33721 33675 1 0 0 1 
-2.17228 -3.62721 -5 0.222213 0.0663445 0.212276 3.61865 22 970 12261 10495 1 0.314088 0.314088 20 
-5 -1.04802 -0.680787 0.13092 -0.242527 -0.430303 3.88876 22 972 3686 3685 1 0 0 2 
-3.85998 5 1.44292 0.23653 -0.431522 1.17935 3.57562 22 973 1060 1 1 0.176401 0.176401 7 
-5 3.26613 -2.39152 0.28707 0.138616 -0.0915169 4.13069 22 976 40835 40809 1 0 0 1 
-5 1.123 3.84548 0.352298 0.190364 -0.196707 3.8139 22 977 24405 24404 1 0 0 1 
4.69102 2.79546 -5 0.0623615 -0.0626162 0.143348 3.8614 22 978 40005 39960 1 0 0 1 
-4.03663 2.03312 5 4.11713 -0.131778 -8.6759 4.01627 22 979 4188 4123 1 0 0 3 
3.97271 3.13998 5 -0.179619 -0.0350467 -0.152039 3.78876 22 980 2126 2090 1 0 0 2 
-4.80467 1.46672 5 0.215932 -0.048757 -0.328357 3.86839 22 981 45327 45304 1 0 0 2 
-5 0.060499 3.84861 1.75348 -0.813043 0.815862 3.62694 22 982 13968 13914 1 0 0 3 
3.59694 5 -1.38892 0.419826 -0.194693 -0.19108 3.71687 22 983 2433 2430 1 0 0 1 
-5 4.85511 2.6673 0.306919 -0.0232217 0.0429243 3.62595 22 984 12916 12850 1 0.540605 0.540605 33 
-3.30829 -4.33503 -5 1.73339 -0.777679 3.30232 3.54232 22 985 50069 49947 1 0 0 1 
-5 -2.32913 -2.58006 0.061583 -0.0468283 0.22753 3.57257 22 987 25292 25267 1 0.240149 0.240149 12 
-5 1.82779 1.72299 0.263312 -0.310417 0.108438 3.66805 22 989 27172 27171 1 0 0 1 
1.27749 -5 -1.65449 0.155201 0.386276 -0.394433 4.31874 22 990 15712 15710 1 0 0 1 
0.0516677 -0.558967 5 3.21108 -0.162389 -3.66605 3.76398 22 991 3195 3167 1 0 0 1 
-5 -1.59385 -3.05535 7.23222 -0.973567 3.39218 3.58548 22 992 3888 3858 1 0.338843 0.338843 29 
-1.81281 3.89631 5 0.310746 -0.0957267 -0.394199 3.87309 22 994 38867 38848 1 0 0 4 
-4.74941 -4.11019 5 0.208104 -0.203362 -1.05703 4.18284 22 997 2254 2253 1 0 0 1 
-5 -1.32064 -2.33682 0.203987 -0.0576344 -0.384557 3.963 22 998 2592 2591 1 0.100592 0.100592 3 
-0.64427 -2.25597 5 28.018 24.1516 -24.3254 8.12687 2112 999 2292 2015 1 0.540926 0.540926 32 
0.111943 5 3.19576 0.182203 -0.152149 0.0515148 3.67525 22 1000 26933 25759 1 0 0 2 
