# Det8_0_1
#x y z Px Py Pz t PDGid EventID TrackID ParentID Weight Edep VisibleEdep Ntracks
-1.63958 3.72635 5 0.017038 -0.109384 -0.692275 4.34872 22 3 42457 42401 1 0 0 1 
-2.57721 5 4.19068 -0.0915715 -0.250782 -0.161061 4.49886 22 4 32464 32391 1 0.311421 0.311421 27 
3.2551 5 -2.34663 -0.0313392 -0.546405 -0.625825 3.69846 22 8 35022 35019 1 0 0 2 
4.61979 1.82979 5 0.577037 -0.559951 -0.661738 3.72587 22 19 24965 24869 1 0 0 1 
2.63454 -4.8211 5 0.213008 -0.135436 -0.0721757 3.71885 22 26 48513 48511 1 0 0 1 
-5 4.09633 -3.94113 0.166247 -0.178973 0.0986129 4.11055 22 34 34288 34287 1 0.0340106 0.0340106 2 
-2.27855 2.88701 5 0.260529 -0.124943 -0.421466 4.11813 22 44 20797 20772 1 0 0 1 
-2.75114 -2.41793 5 -0.109624 -0.255892 -0.303643 4.35021 22 50 26100 26099 1 0 0 1 
-3.43488 4.17533 5 0.123508 -0.181216 -0.461548 4.39248 22 52 6191 6190 1 0 0 1 
-2.79186 5 -0.721457 0.13697 -0.275982 -0.407668 3.73829 22 61 28042 28041 1 0 0 1 
-0.302473 5 3.22002 0.168318 -0.337781 -0.344518 3.77423 22 66 33218 33215 1 0 0 1 
-2.71787 5 -4.78829 0.141368 -0.413153 -0.852473 4.08454 22 76 29581 29557 1 0 0 1 
-5 2.84464 -4.17484 0.210442 -0.357885 -0.328565 3.96444 22 124 32783 32748 1 0 0 1 
3.88307 5 -0.824625 0.110093 -0.175832 -0.223046 3.73255 22 139 33212 1 1 0 0 1 
-4.91158 -0.932141 5 -0.0836538 -0.131655 -0.23655 3.79009 22 140 50169 49886 1 0 0 2 
-5 4.67725 1.94596 0.465609 -0.596997 -0.994013 4.04111 22 172 49074 48976 1 0 0 1 
-5 -3.81135 4.65636 0.225911 -0.325439 -0.322759 3.62286 22 173 35297 35296 1 0 0 1 
3.2055 -1.97839 5 0.0684463 -0.0251926 -0.426609 3.97375 22 190 57797 57796 1 0 0 1 
-5 -0.358717 3.83559 0.188925 -0.537287 -0.0239631 3.55495 22 191 54148 54089 1 0.148112 0.148112 2 
-5 4.56679 -3.64579 0.189604 -0.275271 -0.1391 3.61368 22 192 47306 1 1 0 0 1 
0.811689 2.83562 5 3.11598 -5.29184 -4.7439 3.73491 22 212 19408 19407 1 0 0 2 
4.22133 5 0.682397 0.0702647 -0.427789 -0.079581 3.61368 22 218 28833 28832 1 0 0 1 
-0.724721 4.15531 5 0.198996 -0.50849 -0.537051 3.79122 22 221 43816 43785 1 0 0 1 
-5 -0.468548 3.91644 4.47401 -3.18478 -13.4026 4.17165 22 231 9018 9017 1 0 0 2 
-0.288891 5 4.66061 0.140898 -0.266008 -0.533263 4.01498 22 239 15153 15152 1 0.612148 0.612148 17 
-5 -3.89088 2.64845 0.599943 -0.885481 -0.879467 3.88588 22 242 23234 23169 1 0 0 1 
0.483685 1.87821 5 -0.0525442 -0.245929 -0.844599 4.13262 22 250 10152 9942 1 0 0 1 
-0.283766 4.75068 5 0.283247 -0.276587 -0.711057 3.92565 22 279 33795 33794 1 0.617969 0.617969 2 
2.08784 5 4.24232 -0.262475 -0.317603 -0.3556 4.20601 22 280 12709 12662 1 0 0 1 
-5 -0.211366 -1.76131 0.842276 -0.615919 -1.02241 3.7332 22 284 9065 9064 1 0 0 2 
3.41116 5 2.67133 0.173955 -0.213424 -0.430476 3.97083 22 293 49171 49170 1 0 0 1 
0.759627 -3.58239 5 -0.297108 -0.157995 -0.558089 4.08108 22 309 8448 8446 1 0.0834028 0.0834028 3 
1.92353 4.54929 5 0.207526 -0.234642 -0.155005 3.68013 22 320 37027 37026 1 0.0650028 0.0650028 2 
-4.54881 5 -4.68485 0.107911 -0.351818 -0.861295 4.13406 22 322 32218 32217 1 0 0 1 
-5 3.26881 -0.0757208 0.134824 -0.213738 -0.444138 4.12754 22 332 42939 42938 1 0 0 1 
1.83495 -4.04399 5 0.234004 -0.367218 -1.19723 3.95331 22 340 15331 15305 1 0.0293478 0.0293478 4 
3.7892 3.50035 5 0.193572 -0.32187 -0.346482 3.89984 22 368 32957 32917 1 0 0 1 
-2.47317 4.919 5 -0.480952 -0.106011 -0.484758 4.23523 22 370 41402 41388 1 0 0 1 
0.462116 -0.842369 5 0.19467 -0.308141 -0.358152 3.8515 22 378 66181 66180 1 0 0 1 
-5 2.25818 -3.48207 0.273002 -0.607814 -0.124188 3.63183 22 387 36761 36760 1 0 0 1 
3.34525 4.47535 5 0.764347 -0.693504 -0.873833 3.7144 22 393 14484 14483 1 0 0 2 
-3.01128 -3.35286 -5 -0.043139 -0.212912 0.105868 3.93535 22 432 43614 43613 1 0 0 1 
-3.40047 5 -4.15391 0.164052 -0.181605 -0.429305 4.02505 22 438 39851 39850 1 0 0 1 
4.37121 5 -4.91017 0.281334 -0.342184 -0.249154 3.6519 22 441 42513 42479 1 0 0 1 
-5 -4.51587 -3.74101 0.266151 -0.436852 -0.30528 3.666 22 444 32873 32872 1 0 0 1 
-1.12832 5 4.67296 30.515 -48.0578 -41.0128 6.00871 2112 446 12012 2130 1 0 0 1 
-5 0.6732 2.65734 0.27275 -0.252388 -0.189818 3.95856 22 479 52181 52180 1 0 0 1 
4.45643 5 -1.13396 0.283806 -0.280435 -0.0796208 3.61344 22 485 3356 3355 1 0 0 1 
-3.70751 5 -2.76864 0.0585126 -0.234335 -0.253728 3.88864 22 486 25074 24670 1 0.116362 0.116362 23 
1.65388 5 -2.94608 0.535737 -0.845139 -1.38042 3.83049 22 487 7392 7347 1 0 0 1 
3.40435 -3.24067 5 0.240988 -0.37659 -0.579088 3.94434 22 504 26161 26160 1 0 0 1 
-3.96712 -1.41266 5 0.154763 -0.237995 -0.367375 4.01279 22 521 24322 24291 1 0.271318 0.271318 2 
-2.6745 -1.43344 5 0.590993 -0.827205 -2.1689 4.35908 22 542 13963 13912 1 0 0 1 
-0.229271 -2.65783 5 0.779117 -0.872442 -2.48153 4.36491 22 545 38894 38872 1 0 0 1 
4.04422 5 -1.06607 -0.0715569 -0.242325 -0.203166 4.16546 22 560 39295 39266 1 0.029747 0.029747 5 
-3.63343 -0.30051 5 0.0919152 -0.184399 -0.46762 4.16035 22 561 41320 41319 1 0 0 1 
0.887544 4.19326 5 0.587422 -0.622385 -1.15488 4.16554 22 566 12013 11985 1 0 0 1 
-3.95865 1.49097 5 0.0799009 0.0648489 -0.344543 4.62181 22 578 32539 32537 1 0.35908 0.35908 32 
-5 0.826889 -2.88275 0.206586 -0.190592 -0.371386 3.83953 22 592 20993 20992 1 0 0 1 
-1.37796 5 0.784945 0.603994 -1.2753 -0.540114 3.59883 22 595 40132 40065 1 1.0744 1.0744 2 
0.573242 5 -2.17563 0.560224 -1.10108 -1.11909 3.81245 22 599 2241 2240 1 0 0 1 
2.38213 2.25734 5 0.220095 -0.364716 -0.619068 3.98827 22 607 19747 19746 1 0 0 1 
5 0.356735 -4.08816 -0.382535 -0.0990286 -0.324006 3.7358 22 611 22340 22339 1 0 0 1 
-4.78754 2.855 5 0.160095 -0.0270322 -0.369706 3.69504 22 618 45853 45742 1 0 0 1 
-3.03133 4.97035 5 0.222474 -0.437062 -0.827157 4.00529 22 620 48558 48539 1 0.53862 0.53862 2 
-4.87635 5 -4.6247 0.189014 -0.884926 -2.1289 3.86065 22 625 56192 56140 1 0 0 1 
3.62777 5 3.93107 0.365417 -0.310222 -0.471383 4.63479 22 629 17050 17001 1 0 0 1 
1.23614 5 3.63229 0.0466479 -0.502956 0.0773228 3.80454 22 650 68971 68933 1 0 0 1 
-1.90478 -4.59495 5 0.59461 -0.656818 -1.28315 4.10675 22 652 26992 26972 1 0 0 1 
0.514747 -1.93978 5 0.12412 -0.32299 -0.302477 3.85829 22 657 20492 20440 1 0 0 1 
-5 -0.899855 1.0796 0.142644 -0.25909 -0.416707 3.91966 22 660 40751 40747 1 0 0 1 
-2.89412 5 2.01388 0.069365 -0.145467 -0.211042 3.89109 22 664 50273 50223 1 0.161872 0.161872 26 
-3.75384 5 -0.66867 0.00274331 -0.320179 -0.22983 3.80252 22 667 38760 38759 1 0 0 1 
-5 -0.44286 1.76333 0.0905144 -0.21388 -0.455173 4.0855 22 672 31617 31616 1 0 0 1 
-0.881785 3.60769 5 0.143085 -0.355654 -0.265997 3.7785 22 691 39543 39541 1 0 0 1 
5 0.252254 3.07869 -42.9912 -11.9786 15.1686 17.8097 2112 717 54889 54793 1 0 0 1 
-3.32364 5 -0.414192 0.779114 -0.987058 -0.58323 3.57705 22 723 37788 37764 1 0 0 1 
2.65063 5 -1.49076 0.58086 -0.526245 -1.9583 5.33656 22 728 21790 21778 1 0 0 2 
0.705768 -0.751619 5 0.00835286 -0.211653 -0.409035 4.5337 22 739 16011 15991 1 0 0 1 
-5 2.37176 -3.6525 0.104263 -0.143638 -0.417755 4.49803 22 745 43361 43360 1 0 0 1 
3.7508 5 -4.6349 0.237843 -0.332247 -0.443305 3.87621 22 755 35031 34973 1 0 0 2 
-4.24852 4.00052 5 0.165524 -0.361436 -0.32107 3.75292 22 766 38962 38949 1 0.0205499 0.0205499 2 
-2.66316 5 4.45737 0.335441 -0.55924 -1.03685 4.13991 22 768 37620 37619 1 0.12 0.12 2 
-2.96529 3.03299 5 0.147927 -0.260402 -0.414039 3.92741 22 777 10730 10729 1 0 0 2 
-5 -0.837479 3.34399 0.203575 -0.149048 -0.250365 3.86651 22 791 24983 24982 1 0 0 1 
-4.96424 4.24265 5 -0.0269813 -0.0979406 -0.4467 4.03037 22 808 48210 48209 1 0 0 1 
-5 -3.91243 1.61742 0.249037 0.00321931 -0.015886 3.72844 22 818 16151 16150 1 0.249334 0.249334 16 
3.02824 -1.83182 5 0.333445 -0.758748 -0.895173 3.96045 22 820 35118 35041 1 0 0 1 
-5 -3.46174 4.84169 0.154404 -0.300249 -0.485185 4.09476 22 838 18011 17934 1 0 0 1 
-3.22025 1.86272 5 0.303555 -0.240027 -0.333709 3.73641 22 849 36341 36340 1 0 0 1 
-1.05732 -3.21459 5 -0.0389009 -0.0186294 -1.83496 4.02879 22 855 37567 37566 1 0 0 1 
2.71533 5 -4.09274 0.343943 -0.965871 -0.634537 3.80507 22 857 34664 34604 1 0 0 1 
-1.26662 -3.28473 5 -0.0703697 0.00422963 -0.412072 4.09641 22 879 27640 27639 1 0 0 1 
3.96988 -1.15378 5 0.144225 -0.307213 -0.38202 4.11561 22 886 20458 20457 1 0 0 1 
-1.19881 5 0.262465 0.0676286 -0.220355 -0.116462 3.55981 22 901 7560 6470 1 0.0474822 0.0474822 2 
-0.339052 2.38991 5 0.107414 -0.103458 -0.488752 4.37742 22 913 42771 42770 1 0 0 1 
-5 -0.249804 -4.04512 0.24316 -0.0256478 -0.410327 3.81119 22 914 45883 45872 1 0 0 1 
0.0787647 5 3.59441 0.409458 -0.648143 -0.726139 3.69329 22 918 42481 42480 1 0 0 1 
-3.23443 5 4.1913 0.822521 -2.95333 -1.61224 3.67894 22 939 32073 32052 1 0.510592 0.510592 25 
3.21733 1.76096 5 0.195729 -0.343701 -1.35982 4.48114 22 948 39127 39062 1 0 0 1 
-0.211744 -3.89464 -5 0.0134329 -0.172012 0.107129 3.72819 22 950 17538 17537 1 0 0 2 
-5 2.40155 4.60393 0.632727 -0.806453 -0.982855 3.91339 22 964 2012 2011 1 0 0 1 
-3.28816 5 -1.23562 0.426818 -0.496515 -0.784925 3.98798 22 970 9542 9513 1 0 0 1 
-5 4.98594 3.57523 0.186592 0.160903 -0.145586 3.93586 22 982 18979 18978 1 0 0 1 
-4.52642 -2.81318 5 0.0645903 -0.218676 -0.387073 3.95045 22 987 3031 3029 1 0 0 1 
4.17372 -0.189445 5 0.116761 -0.242152 -0.428316 3.96651 22 994 45180 45179 1 0 0 1 
