# Det9_8_20
#x y z Px Py Pz t PDGid EventID TrackID ParentID Weight Edep VisibleEdep Ntracks
-5 -4.63615 -1.79476 1.12092 1.39484 -0.219587 4.14434 22 2 5067 5066 1 0 0 2 
-1.68562 -5 -2.18492 0.331509 0.656517 0.48594 4.06199 22 3 31796 31687 1 0.2468 0.2468 27 
-5 0.864116 0.774351 0.396838 0.00555594 0.163328 4.11084 22 4 6585 6574 1 0 0 4 
-5 4.29634 -2.74895 0.319366 0.296269 0.15113 4.05931 22 5 9073 8945 1 0.302556 0.302556 4 
-5 -2.24332 -1.92335 0.99096 0.866627 0.154786 4.07103 22 6 27267 27224 1 0.335947 0.335947 29 
-3.33236 -5 -0.266945 0.284342 0.28892 0.244559 4.17621 22 7 7628 7627 1 0.487592 0.487592 4 
2.07124 -5 -2.54517 0.88945 1.17795 2.41832 4.03725 22 8 1106 1 1 0.562027 0.562027 39 
-4.45373 -4.98292 -5 0.484845 0.626201 1.12524 4.06278 22 9 16971 16941 1 0 0 1 
-5 -1.90396 3.48598 0.421525 0.166635 0.235943 4.1146 22 10 8679 8662 1 0 0 1 
-4.08461 2.57883 -5 0.121981 0.0911783 0.27831 4.01609 22 11 6929 6857 1 0.287518 0.287518 20 
-3.14966 -1.45892 -5 0.980983 0.732203 3.47621 4.01473 22 12 1504 1452 1 0.587082 0.587082 7 
-5 2.69682 4.43926 0.504811 0.144211 1.12763 4.05152 22 14 27648 27255 1 0 0 1 
1.95609 -5 3.08803 0.194268 0.365911 0.0581695 4.15709 22 15 26477 26476 1 0.41797 0.41797 25 
-5 -1.19599 -3.65591 0.144344 -0.0187835 0.0537042 4.13289 22 16 28147 28036 1 0 0 1 
-0.405138 -5 -0.0205332 1.22527 0.909181 1.07016 4.08431 22 17 37071 36959 1 0 0 2 
-2.36562 -5 -2.13182 0.149077 7.8095 0.831124 4.02302 11 18 30546 30531 1 6.47352 6.47352 69 
5 0.157294 -1.94229 -0.0683989 0.0119211 0.246175 4.27635 22 19 2835 2834 1 0.255359 0.255359 30 
3.03047 -5 -1.74175 -0.0681509 0.2517 0.131452 4.13127 22 20 1297 1257 1 0.129895 0.129895 24 
-5 -0.994463 -2.45476 2.11843 1.95551 2.65636 4.06269 22 21 15634 15533 1 0 0 2 
5 0.206674 -2.86159 -0.274299 0.168136 0.276901 4.32713 22 22 7249 7222 1 0 0 4 
-4.57091 -5 -4.09309 1.10774 0.579381 -0.117283 4.1531 22 23 24315 24188 1 0.591221 0.591221 5 
0.113622 -0.289385 -5 0.227034 0.802125 0.55833 4.03899 22 24 21346 21314 1 0 0 2 
-5 -3.53834 1.06013 2.15702 1.91132 -0.0471904 5.10101 22 25 1205 1156 1 0 0 1 
-0.196207 -5 -1.22036 0.925092 0.664072 0.322463 4.13048 22 26 5461 5415 1 0 0 1 
3.05387 -5 -3.03473 1.1492 0.693771 1.33066 4.07975 22 27 9612 9575 1 0 0 2 
1.01917 -5 0.793453 1.31557 0.394005 -0.228524 4.07896 22 28 5655 5654 1 0.252445 0.252445 4 
-1.04372 -2.49734 -5 0.788516 0.611844 0.932626 4.05231 22 29 17261 15824 1 0 0 3 
3.24327 -5 -2.50707 2.61865 1.87977 2.51302 4.08947 22 30 10461 10396 1 2.41084 2.41084 46 
-4.93486 3.13643 -5 0.943949 0.672637 2.12403 4.0183 22 31 4529 4330 1 1.41539 1.41539 4 
-5 -3.53864 -2.73804 0.520965 0.434939 0.202588 4.08735 22 32 32235 32205 1 0 0 2 
3.70886 -2.07675 -5 0.208022 0.234514 0.156811 4.08761 22 33 19419 19389 1 0.0827241 0.0827241 4 
-4.40934 -3.0905 -5 0.339459 0.230105 1.4958 4.00126 22 34 26922 26818 1 0 0 4 
3.7876 -4.93122 -5 2.13351 1.93128 6.51137 4.02838 22 35 44202 44097 1 2.92739 2.92739 26 
-3.2675 -5 4.01799 0.311697 0.300635 0.517584 4.06439 22 36 5992 5285 1 0 0 4 
1.81089 -2.307 -5 0.159902 0.106836 0.473431 4.02289 22 37 32866 32817 1 0 0 1 
2.58039 3.57426 -5 -0.127355 0.246809 0.199477 4.07644 22 38 7362 7361 1 2.35616 2.35616 56 
-1.97037 4.44398 -5 -0.295889 0.156958 0.383862 4.06478 22 39 14080 13909 1 0 0 1 
-4.73471 -5 -0.785832 0.551685 0.384587 0.370637 4.12091 22 40 5022 4682 1 0 0 3 
-5 4.58419 2.87446 0.763529 0.807271 1.9839 4.0496 22 41 16254 16191 1 0.027933 0.027933 6 
-5 -0.944898 -2.81356 0.644492 0.868058 1.42982 4.04129 22 42 17624 17329 1 0.373255 0.373255 6 
4.0577 -5 -1.49182 0.642895 1.4681 -0.0496817 4.23079 22 43 12400 12349 1 0.470366 0.470366 25 
1.55505 -1.56967 -5 0.390616 0.477941 0.235954 4.04871 22 45 2454 1 1 0 0 1 
-5 1.11713 -0.75006 0.148001 -0.0568887 -0.117138 4.0855 22 46 13963 13962 1 0.219373 0.219373 27 
0.167162 -5 -4.19799 0.354718 0.27413 0.245251 4.08356 22 47 36117 36116 1 0 0 1 
-0.163773 2.73471 -5 3.0143 3.14513 5.57991 4.05086 22 48 13588 13587 1 3.54474 3.54474 36 
-5 -1.92104 -1.03539 0.318495 0.317949 0.242053 4.13225 22 49 11859 11858 1 0 0 1 
-1.53276 -5 -4.96835 0.240054 0.339178 0.0262156 4.07777 22 50 1860 1859 1 2.26663 2.26663 50 
2.35805 -5 -3.13265 1.37898 0.818187 5.19577 4.01668 22 51 24518 23435 1 0 0 2 
3.66203 2.89279 -5 1.0513 0.673801 1.61593 4.04401 22 53 19606 19506 1 0 0 2 
-2.48708 5 4.6777 0.58295 -0.419905 0.353462 4.09339 22 54 10789 10757 1 0.0701575 0.0701575 5 
-4.96751 0.533458 -5 0.555381 0.793346 1.74954 4.02639 22 55 9234 9153 1 0 0 2 
-2.62658 4.04195 -5 0.362339 0.209214 0.446743 4.1187 22 56 4230 4194 1 0 0 4 
-4.67194 5 2.80034 -0.400772 -0.299808 0.103039 4.06107 22 57 4294 4293 1 0.791138 0.791138 8 
-1.38234 -5 0.0286104 0.993904 0.809399 1.73061 4.05713 22 58 11004 10522 1 1.87531 1.87531 2 
-2.7106 1.80304 -5 0.705414 0.713967 3.03575 4.01063 22 59 30032 28873 1 0 0 1 
4.59927 5 -1.18784 0.179867 -0.140068 0.141333 4.14637 22 60 15376 15374 1 0 0 3 
-4.91663 -4.24822 -5 0.315507 0.292864 0.476384 4.04855 22 61 10985 9307 1 0.641506 0.641506 33 
-4.55548 -5 1.58653 0.148246 0.0694905 0.304845 4.08797 22 62 7973 7942 1 0 0 2 
4.311 -5 4.54903 0.22185 0.144711 0.298021 4.07676 22 63 29880 29861 1 1.76994 1.76994 53 
-2.67854 -3.76905 -5 1.34922 1.14214 5.00575 4.01484 22 64 5068 4975 1 0.011062 0.011062 5 
0.669684 2.98378 -5 0.443658 0.381331 0.93464 4.03188 22 65 9110 8728 1 0 0 3 
-5 -3.23422 -1.42729 0.340877 0.0584321 -0.0707414 4.20183 22 66 4222 4198 1 1.16025 1.16025 41 
2.29372 -3.98072 -5 1.31911 0.78735 2.47946 4.03656 22 67 9595 7720 1 0 0 1 
0.58611 1.46678 -5 2.62409 2.17598 7.74552 4.02047 22 68 20146 19941 1 5.76631 5.76631 47 
-5 -3.3779 -3.14238 0.216661 0.17543 0.42001 4.03161 22 69 8336 8309 1 0.417628 0.417628 40 
0.52673 -2.8622 -5 0.642009 -0.0819008 3.01679 4.0123 22 70 21068 20952 1 0 0 2 
-5 -0.656687 -2.67784 1.88686 0.903286 0.672294 4.08729 22 71 8116 8071 1 0.575869 0.575869 7 
2.75597 1.20283 -5 1.07233 0.428011 1.55422 4.03021 22 72 8876 8817 1 0 0 3 
-1.95001 -5 4.97084 0.138516 0.783884 1.38828 4.0523 22 73 33759 33738 1 0 0 1 
-3.45921 -5 -1.39319 0.332941 0.737761 1.34098 4.04412 22 74 1180 1 1 0.986058 0.986058 3 
-3.36457 -5 1.21703 1.34555 1.14388 1.44636 4.06888 22 75 4661 4576 1 0.0662866 0.0662866 5 
-2.37629 -4.01614 -5 1.0602 0.777673 3.45059 4.01289 22 76 24528 24228 1 0.082816 0.082816 5 
-5 0.832101 -1.99622 0.635566 0.102055 0.185123 4.13787 22 77 17210 17205 1 0.6694 0.6694 26 
-5 4.39032 -3.75828 0.172899 0.301396 0.0499476 4.1793 22 78 39659 39658 1 0 0 1 
-2.9902 -1.12224 -5 0.407506 0.377862 1.24815 4.05086 22 79 14155 12206 1 0 0 1 
-2.3504 -5 -2.52095 0.488779 1.13018 0.75315 4.05616 22 80 12507 12478 1 0 0 2 
1.67476 2.99134 -5 0.775934 0.482362 1.64621 4.05803 22 81 7885 7884 1 0 0 2 
4.43567 -5 3.83063 0.111894 0.858555 1.07148 4.05934 -11 82 7289 7288 1 5.16863 5.16863 76 
-5 -0.795827 4.61144 1.5159 0.12538 0.232445 4.14414 22 83 1415 1353 1 0 0 1 
-5 4.27745 1.29414 1.28845 0.572887 1.03744 4.15786 22 84 7576 7522 1 0.60368 0.60368 5 
-0.418065 -5 -2.0968 0.108277 0.177705 0.131552 4.15168 22 85 8298 8266 1 0.168289 0.168289 34 
-5 1.5471 -3.68774 0.456649 0.402577 0.243412 4.13699 22 86 37335 37176 1 0 0 1 
-1.62666 -3.88467 -5 0.852904 0.351336 0.928612 4.04855 22 87 41019 40819 1 0 0 1 
-5 -2.24006 1.25997 0.335111 0.211151 0.0415001 4.08298 22 88 36987 36588 1 0 0 1 
-3.84245 -5 1.84364 0.293752 0.353353 0.0932553 4.17587 22 89 3290 3271 1 0 0 1 
-3.52402 -1.87624 -5 0.794239 0.507744 1.21828 4.0278 22 90 2262 2186 1 1.91217 1.91217 11 
-5 1.26307 -2.8337 0.132878 0.491951 -0.0380399 4.10612 22 91 31895 31894 1 0 0 2 
-4.00118 -2.00259 -5 0.232436 0.22005 0.38778 4.04893 22 92 23181 22785 1 0 0 3 
-5 0.736878 0.993343 0.227558 0.140344 0.066933 4.17141 22 93 13015 13014 1 0 0 2 
-5 3.71725 -3.0164 0.217313 0.126382 0.517026 4.0153 22 94 1279 1190 1 0.559537 0.559537 47 
-5 -2.77521 -1.25696 0.758351 1.18098 0.413791 4.13131 22 96 43853 43791 1 0.513385 0.513385 2 
-1.24842 -5 -2.91653 1.04883 0.566975 2.33163 4.0302 22 97 25094 24975 1 0 0 3 
-4.75896 0.689014 -5 1.86885 1.91619 4.25256 4.02628 22 98 42911 42773 1 0.655441 0.655441 5 
0.174804 -3.28799 -5 0.158204 -0.270285 0.180229 4.11465 22 99 10187 10140 1 0.054638 0.054638 4 
-5 -4.60819 4.30488 1.33607 0.21272 0.890223 4.0851 22 100 17304 17303 1 0 0 2 
3.10532 -5 -2.06818 6.10747 3.53402 11.9616 4.03779 22 101 20958 20841 1 0 0 1 
-4.85147 -5 0.680935 0.390925 0.308706 0.407008 4.05678 22 102 3525 3496 1 1.47334 1.47334 4 
-4.78409 -5 -3.02037 0.655942 0.511774 0.775792 4.04566 22 103 6067 5919 1 0.684995 0.684995 44 
0.0232375 0.0486771 -5 -0.131731 0.246653 0.824187 4.06606 22 104 25601 25303 1 0.278926 0.278926 28 
-4.52993 0.856376 -5 0.39247 0.480039 0.486222 4.09223 22 105 17146 17064 1 0 0 3 
0.65008 -5 -0.516141 0.063651 0.523501 0.0361465 4.08501 22 106 37725 37667 1 0.125654 0.125654 19 
-5 -1.46183 3.85073 0.456487 0.630439 1.50682 4.04694 22 107 14375 14141 1 0 0 1 
-5 -3.16509 4.78615 1.17627 0.608822 0.590117 4.12795 22 108 37380 37379 1 0.115534 0.115534 4 
-3.16774 -4.37929 -5 1.2325 0.974629 1.38682 4.07228 22 109 9351 9283 1 0.925604 0.925604 23 
0.392799 -4.59058 -5 0.436473 0.438968 0.429334 4.06896 22 110 5819 5817 1 0.645401 0.645401 25 
-5 3.286 -4.09039 0.281248 0.0919666 0.549664 4.03215 22 112 18443 18245 1 0 0 1 
-4.76419 -0.159776 -5 0.741864 0.114109 1.2738 4.0191 22 113 5432 5337 1 0.991814 0.991814 19 
0.159939 -4.67777 -5 2.92301 1.33932 4.31487 4.04057 22 114 5107 5081 1 0 0 3 
1.31364 -1.46331 -5 2.09203 1.71894 4.99552 4.02823 22 115 15660 15397 1 0 0 5 
2.69216 -1.86844 -5 1.97098 0.816861 3.13046 4.05095 22 116 2353 1971 1 0 0 2 
-5 0.3328 2.24963 1.04247 0.917929 0.253957 4.20471 22 117 1935 1904 1 0 0 4 
-5 0.510868 3.25809 0.190736 0.261259 0.198286 4.09658 22 118 19276 19275 1 0.379106 0.379106 23 
2.23387 -5 4.45191 0.422828 0.281112 0.0575499 4.15101 22 119 22596 22595 1 0 0 2 
3.29635 4.71472 -5 0.371856 0.263196 0.50639 4.06538 22 121 12714 12454 1 0.105381 0.105381 6 
3.74492 -5 0.420588 0.506253 0.0629646 0.0293828 4.17491 22 122 11122 11095 1 0 0 4 
-3.71052 -5 1.8964 0.289874 0.392915 0.150701 4.11943 22 123 1689 1688 1 0 0 3 
-5 -2.0636 1.96926 0.239823 0.06259 0.0370805 4.12513 22 124 32203 32168 1 5.56056 5.56056 70 
-5 -1.57364 -2.61756 1.01439 0.627954 1.18884 4.05827 22 125 10790 10785 1 0.0292329 0.0292329 21 
-5 -1.33377 -2.37351 1.00946 0.258962 -0.293878 4.05371 11 126 7530 7529 1 0.0959941 0.0959941 4 
-5 -1.84402 -4.85604 0.411732 0.299654 0.0424679 4.14356 22 127 9270 9269 1 0 0 2 
-1.71191 -0.559497 -5 -0.0644353 0.192649 0.339991 4.13018 22 128 13356 13222 1 0.835017 0.835017 24 
2.68565 3.72245 -5 0.394272 0.299162 0.127168 4.11714 22 129 25255 25254 1 0 0 2 
-5 4.31605 4.21209 1.51654 1.0424 0.67554 4.1326 22 130 10072 10060 1 0.357839 0.357839 27 
-5 -4.61013 3.25241 1.31203 1.15218 1.62812 4.08037 22 131 1965 1962 1 0 0 2 
2.90139 0.175604 -5 0.574403 0.4729 0.804746 4.05129 22 132 30064 29907 1 0 0 1 
-5 -3.9826 3.83705 0.61024 0.29182 0.581644 4.09399 22 134 3086 2898 1 0.137836 0.137836 24 
1.42217 -5 -3.83332 0.426553 0.233638 0.296 4.06618 22 135 15788 15684 1 0 0 1 
-5 -2.70249 -4.52702 4.84345 2.52341 -0.954448 4.21167 22 136 27104 27098 1 0 0 2 
2.88877 -4.85037 -5 -0.0531196 -0.00154448 0.317165 4.02894 22 137 12904 12903 1 0.735031 0.735031 17 
4.54214 4.38871 -5 1.06348 0.538068 0.835427 4.06781 22 139 29067 29026 1 0 0 2 
0.0176543 4.62375 -5 0.211575 0.191759 0.423774 4.05861 22 140 5784 5756 1 4.23022 4.23022 116 
4.36989 5 -3.5975 -0.162877 -0.118188 0.119502 4.15592 22 141 13204 13203 1 0 0 1 
-5 3.05566 4.16675 0.360795 0.289025 0.217742 4.129 22 142 16509 16508 1 0 0 2 
-5 -0.710804 1.82724 5.60944 4.16329 10.2332 4.05925 22 143 17631 17601 1 0 0 2 
4.83684 4.68911 -5 1.1944 3.24834 9.72984 4.04698 22 144 13071 13070 1 0 0 5 
-5 2.31411 -2.97568 0.247669 0.270056 0.205725 4.12231 22 145 9984 9980 1 0 0 1 
-0.16616 3.0642 -5 0.402492 0.301254 1.46015 4.01395 22 146 13626 13477 1 0 0 1 
-1.5167 -5 0.97648 0.322206 0.395989 0.0222707 4.2005 22 148 23691 23677 1 0 0 1 
-3.75216 0.229208 -5 0.498008 0.260215 0.209535 4.09591 22 149 6269 5466 1 0 0 2 
-5 -0.264994 3.42696 0.79476 0.595204 0.530679 4.10572 22 150 26529 26389 1 0.0389777 0.0389777 4 
-0.719592 4.24916 -5 0.54402 0.729893 0.73061 4.05854 22 151 25395 25394 1 0 0 1 
-1.46013 -1.49435 -5 0.267715 0.353216 0.290203 4.0503 22 152 21802 21704 1 0 0 2 
0.77509 5 -1.90921 0.178255 -0.0908335 -0.0864081 4.11309 22 153 24865 24833 1 0 0 2 
-5 -0.2152 -1.52095 0.246005 0.19955 0.467124 4.06249 22 155 18567 18230 1 0 0 2 
-0.850578 -5 4.59366 1.29936 0.757771 2.88446 4.05352 22 156 6244 5851 1 0.906478 0.906478 3 
4.04433 -5 0.437439 0.10819 0.162325 -0.224899 4.19336 22 157 7305 7304 1 0 0 2 
3.95405 -1.31882 -5 0.282153 0.115064 1.19503 4.02295 22 158 17553 17545 1 0.299952 0.299952 65 
3.64036 -5 -4.85632 0.261283 0.267646 0.481857 4.05447 22 159 38523 38385 1 0.553676 0.553676 5 
-4.47506 -2.18346 -5 0.316096 0.340129 0.213345 4.11133 22 160 6156 6155 1 0 0 1 
-5 2.68466 -0.685205 0.638678 -0.0708212 0.494677 4.11489 22 162 9101 9018 1 0 0 2 
-5 2.57658 -3.71532 1.26468 1.58152 3.18688 4.03642 22 163 22261 22197 1 0 0 3 
-5 2.3966 2.8178 1.29673 -1.07232 0.471374 5.17672 -11 164 3468 3467 1 0.87258 0.87258 42 
-5 -0.747318 -1.88677 17.0987 16.7164 43.3348 4.03434 22 165 36885 36884 1 0 0 1 
-4.11215 -5 -0.308761 0.245775 0.420862 0.439512 4.064 22 166 10242 10164 1 0 0 1 
-5 -3.3455 -0.593694 0.456802 0.602287 1.00993 4.05908 22 167 18235 15586 1 0 0 2 
-5 -0.233709 -3.69888 0.270714 0.166704 0.400054 4.06255 22 168 2033 2032 1 0 0 3 
3.85151 4.64802 -5 1.26783 1.49481 2.77665 4.04555 22 169 5658 5537 1 0.0765173 0.0765173 3 
0.908211 -5 2.66556 0.50493 0.614709 0.552825 4.11918 22 170 3359 3313 1 0.581439 0.581439 2 
-3.05046 -4.68244 -5 0.492537 0.465748 1.47155 4.01879 22 171 13728 13637 1 0.295791 0.295791 4 
0.749099 5 -2.59053 0.293423 -0.359807 -0.213453 4.07973 22 172 15290 15288 1 0 0 3 
-2.46542 -5 2.77385 0.793285 0.56709 1.58358 4.0581 22 173 23965 6641 1 0 0 2 
-1.32408 3.69892 -5 0.892976 0.0712977 1.74836 4.04926 11 174 5156 5154 1 2.44247 2.44247 41 
-5 3.68682 1.85366 10.2748 9.83331 13.3937 15.0491 2112 175 9860 9810 1 0 0 2 
-5 2.19367 1.79355 0.227017 0.257673 0.0680668 4.10359 22 176 2167 2164 1 0.379209 0.379209 45 
4.85792 1.17343 -5 0.664482 0.414193 0.97283 4.057 22 179 5781 5510 1 0 0 4 
-3.68569 -0.847292 -5 5.33531 4.97759 13.5433 4.02128 22 180 33245 32955 1 0 0 2 
0.0362836 -3.69634 -5 0.649638 0.323972 1.66004 4.00325 22 181 2363 2262 1 0 0 5 
0.734454 4.84327 -5 1.16328 0.545266 0.95657 4.10501 22 183 37637 37587 1 0 0 1 
-5 0.160728 -3.61245 0.287103 0.161632 -0.0302977 4.07186 22 184 11078 11077 1 1.0713 1.0713 7 
-0.402324 -4.53805 -5 0.726265 0.967695 1.77393 4.02294 22 185 21325 21300 1 0 0 1 
-5 -2.82841 4.88054 0.655461 0.615911 0.254709 4.09016 22 186 2496 2495 1 1.06241 1.06241 43 
-5 -2.82487 1.68986 0.188966 0.313482 0.167787 4.07324 22 187 3013 2789 1 0 0 6 
0.121514 -5 -0.753173 0.456283 0.305599 0.184865 4.12052 22 188 9883 9247 1 0.00236765 0.00236765 4 
-2.46593 -5 0.855901 1.8402 2.23409 1.86276 4.11561 22 189 8896 8892 1 3.18847 3.18847 2 
-5 -0.532715 -1.69263 0.539209 0.987215 0.226031 4.16712 22 190 15780 15779 1 0 0 3 
-4.94751 5 -0.927557 -0.0808725 -0.433484 -0.258207 4.07039 22 191 10788 10758 1 0 0 2 
4.18277 -5 0.81893 0.583592 0.360312 0.786013 4.07456 22 192 12659 12499 1 0 0 3 
3.76768 -5 2.60594 -0.0113561 0.184226 0.098046 4.13556 22 193 10959 10812 1 0.0265249 0.0265249 5 
2.9143 -2.66546 -5 0.496459 -0.0395916 0.11437 4.10831 22 194 4205 4138 1 0 0 1 
-5 -0.404552 3.71205 0.950265 1.07069 0.101925 4.11711 22 195 11147 11121 1 0 0 2 
-5 -0.282465 3.61064 0.305435 -0.4001 0.0880304 4.10197 22 196 20870 20869 1 0.0558866 0.0558866 8 
-4.90943 3.37307 -5 4.92942 3.12333 5.41043 4.04361 22 197 13693 13680 1 0 0 1 
0.999437 -2.45366 -5 -0.0370541 -0.182553 0.051425 4.0646 22 198 15625 15598 1 0 0 1 
3.97012 -2.76913 -5 0.0286096 0.266185 0.512033 4.06011 22 199 5809 5571 1 0 0 3 
-5 2.95141 0.677482 0.441879 0.623753 0.626069 4.07626 22 200 11272 11145 1 0 0 3 
-5 3.73576 0.669583 0.318142 0.30186 0.13659 4.10769 22 201 5834 5774 1 0.45888 0.45888 27 
-5 -4.43084 -4.53614 1.08592 1.19421 1.62744 4.03309 22 202 4416 4377 1 0 0 4 
4.09126 -2.76189 -5 0.444406 0.00511885 0.280239 4.08096 22 203 55367 55240 1 3.9144 3.9144 44 
-0.731899 -5 -0.747429 0.0827111 0.495118 0.00132482 4.14144 22 204 3363 2959 1 0.100214 0.100214 5 
-0.626423 -5 -3.12941 0.277223 0.250077 -0.00773584 4.15719 22 206 21577 21532 1 4.38682 4.38682 7 
0.82839 -0.189245 -5 0.636111 0.573422 0.7557 4.0598 22 207 9934 9818 1 0.411923 0.411923 13 
-4.09237 1.67719 -5 0.254593 0.89573 1.26046 4.02185 22 208 1359 1 1 5.46634 5.46634 7 
0.949695 -5 3.44901 -0.0265809 0.34398 0.292104 4.0868 22 210 22211 22158 1 0.0146449 0.0146449 3 
1.41629 -5 -1.83581 0.598078 0.579213 1.11105 4.03129 22 211 1535 1505 1 2.93423 2.93423 32 
-0.369129 1.56546 -5 1.82088 1.82175 3.70797 4.0418 22 213 13865 13698 1 0 0 3 
-5 3.26632 -1.90165 0.758764 0.879446 0.0107954 4.13501 22 215 25304 25302 1 0 0 1 
3.52201 -5 1.64429 1.27782 0.671938 1.05262 4.10203 22 216 5127 4992 1 0 0 4 
-5 0.22225 -1.02071 7.77187 7.93686 8.48892 4.06051 22 217 22000 21928 1 0 0 1 
-5 -4.01612 -3.01824 0.577749 0.00560235 0.694131 4.02095 22 218 8271 8270 1 0 0 5 
-5 -3.60712 2.70359 0.434749 0.21543 0.160321 4.12786 22 219 48170 48169 1 0 0 1 
-5 4.80448 -2.01642 0.40263 0.308834 0.0149556 4.26935 22 220 16011 16010 1 0 0 2 
-5 2.28222 -2.65492 0.311174 0.290962 0.199715 4.08626 22 221 4927 4926 1 0.477743 0.477743 20 
3.9948 1.6184 -5 -0.142581 0.171763 0.753793 4.04523 22 222 6163 5745 1 0.0472634 0.0472634 5 
1.82597 0.060652 -5 0.235867 0.171285 0.443869 4.03178 22 223 6135 6019 1 0.520674 0.520674 23 
-5 2.46006 -4.21522 0.387687 0.236127 0.104575 4.12513 22 224 36140 36139 1 0 0 1 
-5 0.654039 -0.320089 2.39139 1.10197 1.92328 4.06857 22 226 8128 8084 1 0 0 3 
5 -4.54169 0.714471 -0.123804 -0.0501421 0.0950913 4.21071 22 228 15005 15004 1 0 0 2 
0.0635649 -5 4.05185 0.638753 0.497314 0.361637 4.11328 22 229 11856 11744 1 0 0 3 
0.0679708 -5 0.444047 0.28077 0.22167 0.155501 4.11726 22 230 6895 6769 1 0.149722 0.149722 38 
0.564099 -4.92567 -5 3.36325 4.24242 8.33165 4.04132 22 231 9945 9942 1 0 0 2 
4.09572 -4.08291 -5 0.236297 0.147917 0.331252 4.05143 22 232 20499 20414 1 0 0 1 
-5 -4.4077 0.000330154 0.134274 -0.0419644 0.0933158 4.27567 22 233 22485 22484 1 0 0 2 
-5 1.83989 0.551284 2.29196 2.02593 -0.0297341 4.13857 22 234 24721 24667 1 0 0 2 
-5 -3.64468 0.105168 3.72112 3.68551 1.95246 4.07914 22 235 6548 6545 1 0 0 2 
-5 -1.98876 0.275625 0.658358 0.383166 0.219793 4.13185 22 237 33030 32949 1 0 0 3 
-5 1.11045 -1.11005 0.528137 0.697316 0.505664 4.06565 22 239 5259 4843 1 0.0714976 0.0714976 5 
-3.40308 -5 -3.21838 2.24043 1.57586 0.447289 4.105 22 240 36195 36101 1 0 0 1 
-1.7716 -5 0.839234 0.349998 0.117273 0.255636 4.10563 22 241 31253 31252 1 0 0 1 
2.30973 -5 -1.71028 0.604086 0.264485 -0.0078333 4.15881 22 242 2747 2668 1 0 0 4 
-1.54108 -5 -3.84219 0.24005 0.497371 0.498407 4.07867 22 244 7803 7226 1 0.449837 0.449837 3 
-5 1.50904 -1.10679 1.04277 0.497176 1.23755 4.07177 22 245 1984 1925 1 0.972769 0.972769 43 
4.0568 2.13178 -5 -0.117021 0.0637345 0.382838 4.06889 22 246 13935 13885 1 0 0 4 
0.12727 -5 0.52316 0.0591605 0.345038 -0.230307 4.08038 22 247 1054 1 1 0.12187 0.12187 2 
-5 -2.58226 1.36837 0.341831 -0.0435835 -0.0530427 4.08255 22 248 27723 27368 1 0 0 1 
2.15804 4.91655 -5 0.494688 -0.0964877 0.0842273 4.13726 22 249 28178 28150 1 0 0 2 
-1.79453 -5 -2.95789 0.434605 0.238017 -0.124845 4.12844 22 250 12688 12686 1 0.268966 0.268966 5 
-3.93396 -5 1.22596 0.760889 0.525409 0.488236 4.03194 22 251 39133 38793 1 0.0927435 0.0927435 2 
-5 1.36551 -4.47925 0.348098 0.13214 0.0314067 4.12184 22 252 26087 26084 1 0.139859 0.139859 2 
-5 -1.88715 0.656832 6.40085 5.65218 13.2449 4.04065 -11 253 5224 5223 1 2.81089 2.81089 76 
4.46155 -1.20087 -5 1.02035 0.632245 1.57559 4.03443 22 254 12100 11723 1 0.0184707 0.0184707 4 
-5 -2.11844 3.41324 0.276046 0.315568 0.101641 4.16282 22 255 10006 9988 1 0 0 1 
-4.29663 3.29034 -5 0.253983 0.183121 0.175819 4.10596 22 256 21917 21691 1 0 0 1 
-3.63594 -5 -2.326 1.80481 2.35785 1.99049 4.07458 22 257 5043 4793 1 0 0 1 
-5 4.73679 2.76267 0.426533 0.352953 0.520733 4.07872 22 258 23309 23256 1 0.201367 0.201367 3 
1.19367 -2.65978 -5 0.654683 0.199428 0.713444 4.06119 22 259 21630 21239 1 0.706198 0.706198 7 
3.8369 -4.08978 -5 0.727083 0.338308 1.89406 4.02008 22 261 22460 22313 1 0 0 2 
-4.55537 1.09998 -5 0.102166 0.404698 0.587033 4.03484 22 262 13640 13358 1 0 0 2 
1.17061 -5 -4.64263 0.521086 0.187312 0.328887 4.06551 22 263 8019 8018 1 0 0 1 
-5 1.35506 -1.66243 0.345649 0.251969 0.113695 4.08653 22 264 2967 2745 1 0.510446 0.510446 41 
-0.906907 4.18745 -5 0.46001 0.631786 0.103543 4.10091 22 265 2713 2712 1 0.559332 0.559332 31 
-4.50093 5 -0.38233 0.11547 -0.222517 0.0773769 4.1399 22 266 5498 5497 1 0.331611 0.331611 22 
-3.07575 -3.10942 -5 0.255137 0.205722 0.119123 4.16161 22 268 13934 13907 1 0.275334 0.275334 4 
-5 0.0929188 -0.151841 0.372222 0.103378 0.207245 4.09453 22 269 21636 21606 1 0.0594404 0.0594404 3 
-5 2.39569 -2.23254 0.581949 0.333794 0.44122 4.0886 22 270 2157 2079 1 0 0 3 
3.65037 -5 2.96899 0.375801 0.441336 0.832819 4.07428 22 272 18767 18671 1 0 0 3 
2.78705 -3.67968 -5 0.493701 0.31151 0.078354 4.15325 22 273 15145 14937 1 0 0 5 
-5 -4.21534 -2.74258 1.66214 2.07313 0.442944 4.17072 22 274 15508 15468 1 0 0 1 
-5 -0.368981 2.67513 0.254918 0.247876 0.138576 4.11704 22 275 9028 8950 1 0 0 1 
-5 3.20867 -0.0781838 1.67796 3.55828 12.1117 4.02365 22 276 1134 1 1 0.188414 0.188414 5 
-0.751297 2.4913 -5 0.454432 0.470963 1.37476 4.01529 22 277 15759 15726 1 0.124453 0.124453 9 
-5 1.52705 0.237691 0.624825 0.595649 0.696907 4.12053 22 279 32916 32915 1 0 0 1 
-5 -3.12145 2.71037 0.280865 0.381919 0.190716 4.10112 22 281 1536 1535 1 1.24328 1.24328 49 
-5 -1.57199 -2.69958 0.296281 0.185356 0.372801 4.04816 22 282 11765 11734 1 0 0 1 
2.75297 0.293845 -5 0.446789 0.649442 0.905942 4.05461 22 285 13120 13082 1 0 0 5 
3.29339 -4.26111 -5 0.598737 0.151794 0.387659 4.06387 22 286 43906 43724 1 0 0 1 
-0.534326 5 -2.84676 -0.0398213 -0.218466 0.278301 4.06193 22 288 15433 15300 1 0.232886 0.232886 3 
-0.761469 -5 -3.55371 0.227627 0.381417 0.252639 4.1447 22 289 4589 4587 1 0.241254 0.241254 3 
-5 0.704093 -0.996001 0.291448 0.222897 0.301728 4.09386 22 290 5358 4767 1 0 0 6 
-5 -4.29068 -0.990443 1.08635 0.800963 0.166198 4.1189 22 291 3565 3540 1 0.222734 0.222734 3 
-2.56017 -2.55393 -5 0.264171 0.435345 0.0425295 4.14093 22 292 7434 7433 1 0.314381 0.314381 7 
-5 0.74253 -2.27772 0.344162 0.359303 0.116506 4.1209 22 293 27543 27540 1 0 0 3 
0.643821 2.03302 -5 0.127173 0.536725 1.21923 4.09026 22 294 22743 22649 1 3.37507 3.37507 50 
3.27504 2.94748 -5 0.116981 -0.00690533 0.499877 4.04202 22 295 6783 6743 1 0 0 3 
-5 0.436302 -0.923882 1.01141 0.767959 0.687234 4.07421 22 296 6742 6703 1 0.962506 0.962506 3 
-4.75695 -5 2.37142 0.506013 0.638872 -0.0669535 4.1362 22 297 1492 1446 1 0.568113 0.568113 6 
-5 -3.10533 -0.235136 0.981742 0.7055 4.04812 4.02108 22 298 8394 7830 1 0.173143 0.173143 25 
-3.72074 2.75536 -5 -0.0848813 0.0444283 0.266974 4.19109 22 299 1329 1308 1 0 0 2 
-5 -1.61345 4.2847 0.247179 0.291647 0.744732 4.05665 22 300 28064 27912 1 0 0 1 
-5 -4.14227 2.67672 0.2751 0.242081 0.833317 4.03772 22 301 4658 4521 1 0.510469 0.510469 39 
-1.90924 2.70151 -5 0.402655 0.416055 0.111989 4.13378 22 302 25545 25496 1 0 0 1 
-5 -0.719929 -4.74645 6.03306 5.0599 -0.490481 4.12517 22 303 41121 41120 1 0 0 1 
-5 -4.77976 2.56485 0.559429 0.21617 -0.0290334 4.12341 22 304 2627 2520 1 0 0 3 
-0.946889 -5 0.0179628 1.09499 0.46941 -0.0332223 4.12814 22 305 8524 8523 1 0 0 4 
-5 4.31912 -3.30764 0.698161 0.700389 1.19162 4.04224 22 306 20972 20810 1 0 0 1 
-5 4.02563 1.24679 0.243612 -0.221769 0.39063 4.04728 22 307 15220 15219 1 0.209266 0.209266 22 
3.25833 -4.49209 -5 0.411059 0.396775 0.363573 4.0806 22 308 35833 35790 1 0 0 2 
3.48101 -1.02255 -5 6.14935 4.30388 12.3857 4.03417 22 309 10219 10115 1 0.128134 0.128134 4 
-3.98501 -5 0.79771 0.800938 0.456451 0.205788 4.12669 22 310 1671 1652 1 0.154829 0.154829 22 
2.78215 -5 -4.29328 0.790358 0.549516 0.821056 4.06055 22 311 7753 7566 1 0.0414986 0.0414986 4 
-5 -1.26805 2.56222 0.0961618 0.376732 0.442607 4.06523 22 312 3429 3153 1 0 0 6 
-5 2.07668 -3.97313 0.322276 0.0482129 -0.0358848 4.21242 22 313 14157 13593 1 0 0 1 
-5 4.75056 2.64357 0.231211 0.455657 0.00620516 4.20438 22 314 13886 13884 1 0 0 2 
-5 0.595773 4.49703 0.239215 -0.00394678 0.0888651 4.1518 22 315 20765 20518 1 0 0 2 
-5 -2.08939 3.99793 0.493515 -0.0295222 0.129195 4.06204 22 316 8650 8610 1 0.357355 0.357355 34 
-2.62035 -5 -1.2418 -0.358277 0.172822 0.606138 4.03504 22 317 8542 8453 1 0.0464453 0.0464453 5 
-0.231543 1.82857 -5 0.605518 0.638244 1.6632 4.02911 22 318 15353 13839 1 0.541246 0.541246 32 
-3.27743 -5 2.70796 1.09986 1.10579 1.49241 4.08442 22 319 1599 1419 1 0 0 2 
-3.36324 3.18106 -5 0.93113 0.293095 0.915784 4.03872 22 320 7385 7384 1 1.01083 1.01083 4 
-2.29792 3.16578 -5 1.78396 1.55623 2.0879 4.05983 22 321 11035 11009 1 2.13425 2.13425 25 
-0.253159 -5 -4.7055 0.554361 1.19358 1.79249 4.03478 22 322 18923 18822 1 0 0 2 
-1.94487 -1.43375 -5 0.511154 0.411758 1.61899 4.0227 22 323 13623 13597 1 0 0 3 
-1.47798 -1.92579 -5 0.265626 0.146383 0.314136 4.05524 22 325 29782 29506 1 0 0 1 
-0.682285 -1.92939 -5 5.69438 1.7577 8.39326 4.03448 22 326 20390 20293 1 0 0 1 
2.58209 -5 -2.62832 0.591464 0.376601 1.46966 4.03547 22 327 47934 47853 1 0 0 2 
3.31634 -2.38401 -5 10.0831 7.11437 14.254 4.02882 22 328 22360 22235 1 0 0 5 
-5 -1.52825 -0.912083 0.158647 0.12094 0.340959 4.04657 22 329 2973 2888 1 0 0 3 
0.860628 -0.323206 -5 0.583556 0.542976 0.648023 4.04419 22 330 50007 49020 1 0 0 1 
-3.51414 -5 1.83609 0.313359 0.309299 0.170606 4.10814 22 331 17306 17215 1 0.441074 0.441074 26 
3.05471 -5 2.4526 0.284224 0.08007 0.356415 4.06588 22 332 15867 15795 1 1.92037 1.92037 40 
-5 -2.28011 -1.95941 0.379324 0.273519 0.22148 4.08682 22 333 3910 3783 1 0 0 2 
-3.3289 -5 -4.67405 0.504232 0.0681756 0.0471369 4.1192 22 334 16120 16097 1 1.92571 1.92571 84 
-5 2.77979 -2.5182 0.197942 0.09584 0.333122 4.06287 22 335 11361 11322 1 0.00344221 0.00344221 5 
-0.833683 -2.79538 -5 0.176656 -0.0305549 0.128228 4.07091 22 336 13046 12819 1 0 0 2 
-0.932861 1.5702 -5 0.33467 0.164797 0.3646 4.05405 22 337 1636 1496 1 0.195863 0.195863 26 
4.87005 -5 -0.73362 0.379967 0.497505 0.443039 4.09351 22 338 29527 29492 1 0 0 1 
-3.94408 -5 1.03676 -0.0469561 0.172049 -0.478867 4.0527 22 339 16509 16508 1 0.588165 0.588165 3 
-5 2.30346 3.32127 1.65875 0.846038 3.321 4.05831 22 340 21176 20663 1 0 0 2 
-5 4.03859 -3.61496 0.162148 0.398465 0.0731104 4.12512 22 341 9331 9330 1 0 0 4 
-2.47793 -5 -4.86506 0.0645458 0.25203 0.0912702 4.17612 22 342 1645 1604 1 1.07498 1.07498 5 
-1.37774 -5 3.39161 0.339302 0.527214 0.164853 4.1389 22 343 4121 4011 1 0 0 3 
2.11668 3.65594 -5 2.84724 2.71225 7.99656 4.02389 22 344 36544 36462 1 0 0 1 
-5 -1.13422 -0.280893 0.125432 0.0431843 0.429634 4.02662 22 345 9665 9112 1 0 0 4 
3.11093 -2.27832 -5 0.527316 0.349937 0.742316 4.05862 22 346 15339 14234 1 0 0 3 
-5 1.97253 2.09776 0.7159 0.734674 1.67062 4.05524 22 347 20791 20550 1 0.618832 0.618832 40 
-2.26783 -1.66605 -5 0.676133 -0.120316 0.201663 4.06086 22 348 37653 37652 1 0 0 1 
2.36103 -5 3.61259 3.13887 1.18525 2.54682 4.08767 22 350 16461 16453 1 0 0 1 
3.08674 0.961701 -5 0.22532 0.250303 0.384316 4.0334 22 351 8250 8231 1 0 0 3 
-2.37803 -5 -2.52765 2.12088 1.65659 0.254792 4.13032 22 352 8463 8462 1 0 0 4 
4.40882 -5 3.65301 0.131843 0.222378 0.190291 4.14494 22 353 18052 18051 1 0 0 1 
1.42936 -5 1.07016 0.563113 0.550604 0.289288 4.10247 22 354 5819 4838 1 0 0 1 
-3.76722 -5 3.25354 0.763539 1.0248 1.51229 4.05333 22 355 29233 29085 1 0 0 1 
-1.63791 -5 3.39977 0.33278 0.0630819 0.349233 4.09285 22 357 8052 8023 1 0.109519 0.109519 8 
-2.65986 1.27373 -5 0.870025 0.619629 1.50015 4.06743 22 358 5705 5653 1 0 0 4 
-5 -1.64367 -1.55595 0.453942 0.187106 0.141589 4.15914 22 359 27735 27734 1 0 0 4 
-4.61764 2.85309 -5 1.7394 1.94078 3.38758 4.04208 22 360 34986 34792 1 0 0 4 
-5 -4.23984 -4.42106 0.483334 0.157204 0.0528683 4.17207 22 361 2844 2823 1 0 0 4 
-5 -0.124968 -1.05519 1.98058 2.00369 -0.222381 4.18628 22 362 19066 19064 1 0 0 2 
-3.06135 -5 3.05538 0.283607 0.358155 0.191871 4.12336 22 363 23313 23219 1 0 0 1 
-5 -0.109127 -2.51521 0.89312 0.381772 0.52922 4.08819 22 364 14102 14101 1 0 0 2 
4.40172 -5 1.82047 0.816402 0.45238 1.44977 4.05272 22 366 37338 37257 1 0 0 2 
-0.997851 -5 -4.17879 0.865851 0.616895 0.897006 4.046 22 367 4012 4011 1 0 0 3 
1.49981 0.296375 -5 0.456523 -0.200184 0.472792 4.06066 22 368 5690 5651 1 0 0 5 
-5 -3.56768 1.17162 0.375844 -0.035847 0.186305 4.06384 22 369 8615 8572 1 0 0 1 
0.063419 -5 -0.324133 1.42182 1.60245 4.69373 4.0372 22 370 38883 38838 1 0 0 1 
-2.55853 5 -0.411992 0.1625 -0.175476 -0.0820408 4.0919 22 374 13854 13797 1 0.252505 0.252505 26 
-5 3.36999 -3.79651 0.906727 0.88583 0.0170123 4.12427 22 375 1600 1506 1 0 0 2 
0.210568 -1.48279 -5 0.499749 0.314602 0.672432 4.0533 22 376 4539 4538 1 1.24624 1.24624 10 
-5 -1.48348 2.26287 2.66987 8.31116 1.51362 4.10607 22 377 18177 18075 1 0 0 2 
-5 -1.38247 0.113642 22.5525 14.5605 28.9112 13.4556 2112 378 31471 31335 1 0.16102 0.16102 7 
-2.32527 -2.76852 -5 0.19837 0.117843 0.101758 4.07093 22 379 16280 15896 1 0.267648 0.267648 36 
-4.51465 3.89165 -5 0.138527 0.240461 0.409225 4.03689 22 380 4821 4743 1 0 0 1 
-2.73366 -5 4.69462 0.431099 0.159598 0.223163 4.14268 22 381 6839 6826 1 1.3263 1.3263 26 
4.0658 1.53487 -5 0.118729 0.0362917 0.456161 4.0782 22 382 5490 5488 1 0.833229 0.833229 31 
2.35287 1.86774 -5 0.590777 0.528319 1.5852 4.02013 22 383 9181 9139 1 0 0 4 
-3.72128 -5 -4.02722 0.280422 0.118907 0.190011 4.05305 22 384 20973 20911 1 0.0654398 0.0654398 2 
-3.27786 -5 -0.386476 1.32048 1.55539 2.57827 4.04966 22 385 14825 14497 1 0 0 1 
-5 0.907844 1.14518 1.26843 0.588567 2.35455 4.0479 22 386 10825 10675 1 0 0 1 
-4.653 -0.0827768 -5 0.139287 -0.0102974 0.180107 4.06789 22 387 10209 10167 1 0 0 2 
-3.31374 -5 2.27444 1.67648 0.435389 0.393241 4.11333 22 388 1731 1704 1 0 0 1 
-5 -4.67498 2.24086 0.494686 0.246453 0.250584 4.06442 22 389 1344 1 1 0.139819 0.139819 5 
-5 -3.731 -4.08458 0.429545 -0.165619 0.500451 4.03111 22 390 10881 10344 1 0.328481 0.328481 33 
-5 0.0818762 -0.536001 0.241802 0.16244 0.193695 4.29873 22 391 18300 18265 1 0 0 1 
-1.28072 3.9951 -5 2.2137 1.81239 3.96534 4.06205 22 392 1024 1 1 0 0 2 
4.74275 0.413401 -5 0.180964 0.445897 0.171895 4.22323 22 393 25490 25459 1 0 0 4 
2.51593 -3.37396 -5 0.464251 0.415173 0.343144 4.09942 22 395 43329 43163 1 0 0 1 
-5 -1.09218 2.96361 0.265216 0.339695 0.368901 4.08383 22 396 22780 22778 1 0 0 1 
-5 -0.560034 -1.26787 0.126854 0.10353 0.0221864 4.11072 22 397 4958 4957 1 0.463511 0.463511 33 
-5 -1.08061 1.21955 0.500606 0.262184 0.682422 4.06339 22 398 12064 12053 1 0 0 4 
-5 -4.18088 -4.50479 2.12697 1.97915 1.92175 4.0874 22 399 21268 21251 1 0 0 1 
-5 -2.58566 -4.19787 0.720549 0.421694 0.42389 4.06418 22 400 9964 9944 1 0 0 1 
2.01963 -1.48922 -5 0.428035 0.282133 0.488052 4.0489 22 401 6312 5383 1 0 0 2 
-2.94401 2.9628 -5 0.883242 0.129088 1.23468 4.03118 22 402 32456 32361 1 0 0 2 
-2.12636 5 -2.66899 -0.0500153 -0.160825 -0.0522315 4.13792 22 403 9628 9337 1 0.471501 0.471501 59 
3.56994 4.2207 -5 0.310261 0.227302 0.33644 4.08729 22 404 2957 2925 1 0 0 3 
-5 1.702 -0.238927 0.152976 0.187982 0.543535 4.03372 22 406 26324 26039 1 0 0 1 
-3.81456 -5 -3.20018 0.883405 1.28919 0.416507 4.03793 22 407 28427 28370 1 0.374807 0.374807 2 
-5 -1.91141 -4.24257 1.2937 0.810049 3.37442 4.02298 22 408 8207 7370 1 0.053625 0.053625 6 
-5 -3.38391 2.91285 0.895605 0.372604 1.79238 4.05511 22 409 10862 10734 1 0.274036 0.274036 26 
-1.12687 -1.06371 -5 0.699692 0.429248 0.700657 4.05488 22 410 12399 10803 1 0.358083 0.358083 2 
-2.96324 -5 1.39048 0.245877 0.429136 0.124789 4.1311 22 411 8389 8224 1 0 0 1 
-4.22492 -3.08427 -5 -0.301184 -0.0142649 0.122473 4.11661 22 412 30538 30523 1 0 0 3 
-5 -1.79288 -3.90865 0.37902 0.0746939 -0.0760684 4.18185 22 414 2828 2827 1 0 0 1 
-5 -2.47843 2.1321 0.509953 0.34589 0.543316 4.07228 22 415 2797 2729 1 0.621322 0.621322 3 
-1.38146 -5 3.72606 0.416676 0.20414 0.214073 4.17631 22 416 26897 26872 1 0 0 3 
-1.16274 -5 3.36747 8.24947 4.66708 8.27053 4.07369 22 417 5120 4978 1 1.25004 1.25004 51 
-4.16125 -2.41082 -5 3.59766 1.991 4.99631 4.05318 22 418 15109 14965 1 0 0 1 
0.626394 -5 -3.45566 0.263414 0.314092 0.257247 4.09621 11 420 3920 3896 1 0.154451 0.154451 3 
-5 0.448262 4.54435 0.302891 0.71795 0.132946 4.19566 22 421 3177 3154 1 0 0 5 
-5 3.30006 -0.766004 0.644717 0.879254 2.47435 4.02993 22 423 27691 27533 1 0 0 1 
-5 -0.620762 -3.61209 0.879608 0.559432 0.527174 4.10036 22 424 7286 7263 1 0 0 1 
-4.4313 4.70577 -5 0.828013 0.799633 0.953403 4.07014 22 425 7702 7616 1 0 0 3 
-5 -3.59062 -0.785532 0.317079 0.306033 0.254665 4.07631 22 426 4149 4148 1 0.386229 0.386229 31 
1.51166 4.30773 -5 1.83525 1.81584 3.2679 4.04839 22 427 15701 15578 1 0 0 3 
-5 -2.72434 -4.45343 0.527694 0.109005 0.646853 4.03067 22 428 28432 28351 1 0 0 3 
-3.46237 -5 2.2354 0.365761 0.297543 0.615143 4.04663 22 430 4541 4285 1 0.198464 0.198464 23 
-5 -3.66364 -3.1541 0.35845 0.200699 0.453038 4.0533 22 431 7065 6879 1 0 0 4 
-5 2.73622 3.23967 0.116471 0.251487 0.429312 4.07281 22 432 32602 32601 1 0.167937 0.167937 3 
-5 -1.47156 -2.24563 0.38189 0.230838 0.334422 4.06193 22 433 6037 6033 1 0.388272 0.388272 35 
-3.48582 -5 -2.71308 1.9419 1.38048 3.57994 4.03893 22 434 3172 3062 1 0 0 2 
1.62226 5 -1.65842 0.236699 -0.0710658 0.180966 4.15352 22 435 11083 11082 1 0.264276 0.264276 29 
3.90048 5 -1.11612 0.401343 -0.16289 0.210422 4.13279 22 436 1747 1726 1 0.632986 0.632986 3 
-5 -2.30162 3.39238 2.62138 2.10776 8.30711 4.0441 22 437 14479 14245 1 0 0 3 
-5 -0.21697 -0.588793 3.25979 3.14626 3.4278 4.06562 22 438 3486 3397 1 7.15408 7.15408 38 
-5 0.154684 -2.76036 0.54744 0.482277 0.0321376 4.07482 22 439 5505 4957 1 0 0 7 
-5 -4.12209 -3.78477 0.328191 -0.307427 -0.242692 4.06362 22 440 31094 31092 1 0.0404737 0.0404737 5 
1.98971 -5 -1.11512 0.264563 0.37376 0.22678 4.11376 22 441 16133 16102 1 0.0296225 0.0296225 4 
2.12251 -5 -0.337504 0.38627 0.283898 0.127253 4.13293 22 442 1193 1091 1 1.47892 1.47892 6 
-2.64343 0.0356547 -5 0.398167 0.324714 0.42103 4.07693 22 443 10905 10788 1 0.0812925 0.0812925 3 
-5 -4.21064 -4.17903 0.381568 -0.410415 0.212381 4.14819 22 444 7987 7986 1 0 0 1 
-5 -1.49555 -4.6073 1.09342 1.02733 1.91605 4.04462 22 445 15868 15690 1 0 0 2 
2.17338 -5 0.175389 0.382894 0.148421 0.131753 4.15495 22 446 7670 7669 1 0 0 2 
2.48999 -5 4.23433 0.512523 2.03822 -0.277957 4.08345 -11 447 37542 37541 1 2.26205 2.26205 6 
4.13767 -5 2.96523 -0.0290425 0.642342 0.800293 4.07239 22 448 28098 27931 1 0 0 2 
-0.561524 -5 2.52977 1.34639 0.806535 -0.00267547 4.17363 22 449 9055 9015 1 0 0 1 
-5 -0.77237 -0.917007 1.46496 1.32464 1.58517 4.07661 22 450 11244 11131 1 0 0 4 
1.43118 -3.93916 -5 1.89136 0.553558 3.21296 4.03609 22 451 46494 46261 1 2.66147 2.66147 36 
-0.508499 -2.47134 -5 1.72295 0.471828 2.24143 4.02944 22 452 7631 7589 1 0 0 6 
-5 -4.88084 0.926547 0.770377 0.275378 0.478811 5.09574 22 453 6794 6760 1 0 0 2 
4.0246 -1.69804 -5 1.07513 0.594625 0.747054 4.07611 22 454 9661 9593 1 0 0 2 
-3.28857 -5 -0.244147 0.198346 0.084537 0.358174 4.05224 22 455 3423 3280 1 0 0 5 
-0.0946007 -5 -2.13781 0.335636 0.116404 0.0677543 4.06238 22 456 16758 16733 1 0 0 2 
1.45271 5 -4.83282 -0.143363 -0.197037 0.27666 4.03944 22 457 2401 2379 1 0.00972875 0.00972875 7 
-5 3.79273 -4.72889 0.473777 0.557939 0.895487 4.04279 22 458 8397 8192 1 0.0186207 0.0186207 5 
0.833518 -5 1.35966 0.835856 0.0649526 0.224397 4.11812 22 459 3053 3015 1 0 0 7 
-5 0.0150559 3.33091 0.224467 0.198865 0.413748 4.11179 22 460 39595 39594 1 0 0 1 
-5 -2.04166 2.96719 2.09523 1.43001 0.667772 4.15208 22 461 6934 6908 1 0.30044 0.30044 32 
-2.78926 -1.93133 -5 4.50794 2.38452 1.88745 4.09898 22 462 4013 3906 1 2.96482 2.96482 17 
4.53269 0.0506254 -5 0.557088 0.388305 0.460048 4.08194 22 463 18046 18044 1 0 0 1 
-5 -3.86359 -3.07098 0.397005 -0.0256698 0.0444304 4.13856 22 464 21518 21493 1 0 0 2 
-5 -4.2058 4.09661 0.488005 0.152327 0.113697 4.11455 22 465 3671 3605 1 0.217788 0.217788 32 
-5 0.808667 -3.8906 0.399829 0.216918 0.22858 4.09518 22 466 22583 22300 1 1.79544 1.79544 62 
-5 -2.83146 -0.737258 1.70945 1.22114 1.03551 4.12635 22 467 6627 6625 1 0 0 3 
-5 -0.233517 -4.05949 0.0900708 -0.0547398 -0.118362 4.08827 22 468 1705 1607 1 0.0597297 0.0597297 4 
-5 -4.77522 -0.0567034 1.36833 0.724306 0.296643 4.09327 22 469 14906 14905 1 0 0 1 
0.361199 -5 3.69811 0.173252 0.935344 -0.213365 4.09567 22 470 16639 16638 1 0 0 4 
-4.36825 -4.10973 -5 3.34728 1.95422 5.06164 4.04139 22 471 20757 20702 1 6.06912 6.06912 20 
-5 -2.03975 -4.1918 2.06322 1.6042 4.71895 4.02805 22 472 8957 8801 1 0 0 5 
2.7906 2.67215 -5 0.33054 0.293369 1.61105 4.00867 22 473 19655 19475 1 0 0 4 
-5 -1.27699 3.89005 0.841573 0.552793 0.528158 4.11096 22 474 6577 6458 1 0 0 1 
-5 0.82106 2.73608 0.253114 0.0376762 0.536446 4.052 22 475 9320 8997 1 0.593974 0.593974 29 
3.88409 -5 -3.62494 0.271149 0.0764766 0.160604 4.109 22 476 2238 2204 1 0 0 2 
-5 -2.83258 -1.20928 0.279937 -0.0508865 0.359098 4.06651 22 477 22102 22044 1 0 0 3 
-5 -0.948282 -0.986866 2.29673 2.01948 0.864417 4.08474 22 478 10856 10812 1 0 0 5 
2.70419 -5 2.6104 3.12301 2.04426 4.81273 4.08025 22 479 23569 23487 1 0 0 1 
-1.47059 -5 1.65843 0.350175 0.59764 0.221942 4.09073 22 480 19413 19370 1 0.0202189 0.0202189 3 
5 -1.64696 2.97353 -0.340092 0.254984 0.28362 4.12499 22 481 1283 1282 1 0.381755 0.381755 22 
-5 -1.46525 -2.07295 0.211908 0.0613955 0.00166216 4.09849 22 482 31801 31800 1 0.905734 0.905734 50 
-0.655216 -5 3.59253 0.320041 0.269859 0.0926404 4.14584 22 483 17192 17190 1 0 0 2 
-5 2.18769 1.03356 0.281342 0.374642 0.203986 4.18941 22 484 21083 21063 1 0 0 2 
3.43488 -3.56575 -5 0.323843 0.155971 0.0895496 4.13623 22 485 19135 19102 1 0 0 2 
-4.16433 0.890901 -5 8.57137 3.26263 13.1315 4.03323 22 486 13596 13595 1 0 0 2 
3.50917 -5 -3.53142 0.170906 0.319616 0.0473934 4.13481 22 487 1827 1 1 0 0 1 
4.19157 5 0.726488 0.41724 -0.158921 -0.0413544 4.19572 22 488 20210 20209 1 0.147943 0.147943 29 
2.82695 -5 -3.74477 1.94936 1.9883 3.67914 4.02094 22 489 23550 23082 1 0 0 6 
-5 3.44206 -1.09972 0.38096 0.339298 0.0294239 4.22905 22 492 4964 4960 1 0 0 3 
5 -1.3295 -4.61427 -0.397216 0.010052 0.376377 4.0513 22 493 19208 19107 1 0 0 4 
-5 4.48644 -4.69545 0.237438 0.21802 0.390448 4.03858 22 494 28855 28745 1 0 0 1 
-3.52629 -5 -4.31202 0.290881 0.550641 0.771251 4.03893 22 496 16868 16841 1 0 0 1 
-2.77151 0.1363 -5 -0.145747 0.0560899 0.552914 4.04983 22 497 8819 8737 1 0 0 1 
2.94944 -5 -1.11367 -0.0412141 0.0560278 -0.235047 4.14394 22 498 2801 2708 1 0 0 3 
-5 2.94499 3.06401 0.238192 0.437357 0.11447 4.12168 22 499 1425 1424 1 0.347289 0.347289 29 
-1.64732 -5 -2.76773 0.86101 0.375043 0.522157 4.0845 22 500 16208 16126 1 0 0 1 
-5 3.15188 -0.685089 0.182921 0.288119 0.375437 4.0251 22 501 1686 1 1 1.7355 1.7355 10 
-1.09501 3.95911 -5 0.302955 0.360083 0.988888 4.04784 22 502 54798 54764 1 0 0 1 
0.989868 -5 -1.82396 2.19827 1.35196 3.16933 4.04221 22 503 26531 26445 1 0 0 2 
-5 -1.46793 -4.62096 0.249799 0.101691 0.0458133 4.13952 22 504 3228 3164 1 1.07035 1.07035 37 
-1.7889 -2.87757 -5 0.243227 0.312927 1.29984 4.00208 22 505 11554 11468 1 2.17106 2.17106 64 
-5 2.55765 4.55733 3.50293 1.03398 1.95108 4.16788 22 506 20208 20180 1 0.510754 0.510754 17 
-5 1.20874 -3.05702 2.69154 2.63239 2.2859 4.08974 22 507 7692 7501 1 0 0 1 
4.74045 2.15295 -5 0.864417 0.231235 0.171864 4.12235 22 510 15165 15139 1 0 0 1 
1.81626 -1.33298 -5 0.856738 0.757111 1.64456 4.02995 22 511 9467 9283 1 0 0 4 
-3.96789 -5 0.124057 0.28283 0.243573 0.0990662 4.19117 22 512 9377 9312 1 0 0 1 
-5 -1.1827 -1.03733 0.544459 0.497269 0.0606106 4.10997 22 515 16061 15999 1 0 0 4 
-4.27248 -2.96224 -5 0.104063 0.168421 0.471089 4.04361 22 516 1732 1731 1 0.0629104 0.0629104 22 
-5 -4.76474 4.09593 0.50356 0.517491 0.0815811 4.14574 22 517 11859 11858 1 0 0 1 
-5 4.90274 -0.333948 2.18692 2.42207 0.652577 4.11612 22 518 26528 26527 1 0.204786 0.204786 6 
1.27415 -4.9532 -5 -0.06257 0.0249148 0.192739 4.06317 22 519 10974 10973 1 0.124502 0.124502 10 
-5 -4.28257 -2.57265 1.88629 1.68304 1.85171 4.07069 22 520 17530 17494 1 0 0 4 
-5 3.43497 3.16558 0.774749 0.549751 0.0670332 4.17241 22 522 1721 1720 1 0 0 4 
1.59613 -5 2.15156 0.496893 0.298454 0.501804 4.09125 22 523 22277 22275 1 0 0 1 
-5 -4.77583 -1.27422 3.67682 2.10041 3.42096 4.05289 22 524 16096 16093 1 0.0347452 0.0347452 9 
3.63488 -2.39823 -5 0.308576 0.271641 0.665698 4.03121 22 526 39576 38938 1 0 0 1 
-5 2.66549 -4.57149 0.394131 0.299587 0.881432 4.01733 22 527 36745 36630 1 0.131768 0.131768 7 
-5 -1.32381 2.99876 1.0105 1.29118 3.15162 4.04847 22 528 16426 16381 1 0 0 6 
-2.38677 -5 1.87361 0.287542 0.676419 -0.127178 4.18044 22 529 3947 3945 1 0 0 6 
-3.38514 -5 1.66108 14.3907 8.21428 2.53658 4.10487 22 530 28428 28297 1 0 0 1 
1.21472 2.78528 -5 0.269407 0.495547 1.12289 4.0346 22 531 11742 11712 1 0 0 2 
-5 3.539 0.681024 0.429497 0.0202979 0.100208 4.10132 22 532 9403 9382 1 0 0 6 
-5 -0.531497 0.820978 0.534922 0.703293 0.644103 4.05379 22 534 5587 5573 1 0 0 3 
-1.9043 1.94328 -5 0.768602 0.464569 0.710978 4.07128 22 535 1513 1393 1 0 0 2 
-5 -0.0500899 3.61131 0.902609 1.03834 1.89765 4.06185 22 536 9026 8621 1 0 0 1 
-5 -0.435043 3.21964 0.395025 0.32397 -0.0108681 4.15635 22 537 29969 29967 1 0 0 2 
-5 0.367831 4.44581 0.242861 0.440707 0.0825943 4.1981 22 539 1585 1582 1 0 0 2 
-5 2.46773 0.295931 0.0186421 0.224666 -0.170665 4.18709 22 540 9948 9897 1 0 0 2 
-2.97931 4.11888 -5 0.303839 0.24457 0.330132 4.16295 22 541 6563 6562 1 0 0 2 
-5 -0.948811 -2.34352 9.95681 5.73152 9.78293 4.05627 22 542 13186 13118 1 0 0 5 
-0.830178 0.481812 -5 0.395865 -0.257976 0.194575 4.07838 22 543 6896 6894 1 0 0 2 
-5 3.49697 3.8934 0.158628 0.485685 -0.00818373 4.18974 22 544 13066 13065 1 0.91028 0.91028 5 
-0.270052 -5 -4.94235 0.310469 0.3505 0.114694 4.08916 22 545 18917 18895 1 0 0 2 
0.836031 -5 -2.64778 0.584245 0.356166 0.489732 4.0866 22 547 2452 2380 1 0 0 3 
-2.62706 -0.888141 -5 0.138652 0.125578 0.514941 4.02551 22 548 11633 11578 1 0.286302 0.286302 3 
2.20582 1.50789 -5 0.376969 0.177578 0.531986 4.03914 22 549 13667 13586 1 0 0 3 
0.992511 -5 3.13386 0.482095 0.261328 0.187155 4.16442 22 550 20191 20190 1 0 0 2 
2.29641 -5 -4.29364 5.55017 5.96404 -0.776044 4.13964 22 551 13500 13449 1 0 0 2 
-5 -2.66521 -2.32178 0.211461 -0.0107948 0.110906 4.16986 22 552 57995 57994 1 0.0218877 0.0218877 2 
-2.58832 -5 4.68601 0.433062 0.252943 0.097967 4.11576 22 553 8228 8208 1 2.38055 2.38055 38 
-4.6939 -5 1.02205 0.211777 0.142421 0.255968 4.07298 22 555 7264 7009 1 0.361214 0.361214 20 
-0.507722 3.05505 -5 0.0384922 0.181144 0.0450184 4.12703 22 556 17763 17762 1 0 0 1 
4.03445 -5 -2.02619 0.254029 0.219856 0.20587 4.11962 22 557 5607 5008 1 0 0 5 
1.92506 -3.21681 -5 0.0741371 0.0763375 0.499796 4.02074 22 558 9586 9565 1 5.39939 5.39939 23 
2.70029 -5 -3.07779 0.115477 0.158098 0.53505 4.06845 22 559 7546 7387 1 4.96408 4.96408 10 
-3.91233 5 -0.840555 -0.115709 -0.127893 -0.00789848 4.13851 22 560 3456 3455 1 0 0 1 
0.454463 -5 0.741258 1.114 0.99168 0.908132 4.10009 22 561 20222 20192 1 0 0 2 
-5 -2.391 -2.76926 0.220192 -0.0740316 0.201637 4.10863 22 562 1956 1790 1 0 0 3 
-5 -2.06822 -1.87765 0.476301 0.175035 0.0601676 4.17071 22 563 20802 20800 1 0 0 1 
-5 1.41216 -0.720899 5.63469 6.4936 1.9268 4.10511 22 564 3651 3650 1 0 0 2 
-4.9715 -5 -4.2722 0.622202 0.348752 0.180068 4.10046 22 565 2234 2174 1 0 0 4 
-5 1.88816 -1.13084 0.577554 0.43335 0.861083 4.04977 22 567 19330 18585 1 0.827086 0.827086 34 
-5 0.463941 -0.914195 2.28399 2.2753 8.14686 4.03042 22 568 18688 17712 1 0 0 2 
0.56429 -5 1.88226 0.79705 0.56636 0.898277 4.12911 22 569 13150 13149 1 0 0 1 
2.71347 -5 4.31148 0.408942 0.304075 0.0377385 4.14046 22 570 1825 1824 1 0.276554 0.276554 23 
3.1458 1.10713 -5 0.0206113 0.0372396 0.291766 4.07886 22 571 6837 6779 1 0 0 3 
-5 3.63445 -4.75174 0.179095 0.251298 0.0341682 4.07735 22 572 6468 6467 1 0 0 6 
0.321895 -5 -0.0586472 0.504208 0.148027 0.00306244 4.10189 22 573 23518 23445 1 0 0 2 
0.208916 -5 -2.55303 0.329133 0.352678 -0.0563191 4.2125 22 575 39262 39106 1 0 0 1 
-5 -1.44028 -3.51238 0.89846 1.27485 2.11064 4.046 22 576 7209 7064 1 7.5501 7.5501 14 
-5 0.929575 -2.08838 0.197489 0.147532 0.0771154 4.15025 22 577 5107 5106 1 0.0296563 0.0296563 13 
-1.86409 -1.21305 -5 0.362802 0.233239 0.870181 4.02151 22 579 17191 16887 1 0 0 2 
0.98447 -5 3.9013 3.54402 1.78418 2.99623 4.08623 22 580 4441 4414 1 0.775506 0.775506 44 
-5 -0.758885 -1.31079 0.400196 0.253941 -0.0619038 4.14766 22 581 3593 3424 1 0 0 6 
4.29056 1.26899 -5 0.418079 0.420374 0.543709 4.05825 22 583 4582 4136 1 0.510779 0.510779 16 
-0.923746 -5 2.24128 0.401785 0.209406 0.2363 4.11482 22 584 43138 43110 1 0 0 3 
-4.31246 -1.60229 -5 0.609325 0.278939 1.53635 4.02067 22 585 20605 20498 1 0 0 1 
3.24625 -5 4.43342 1.09304 0.918236 0.147821 4.13775 22 586 19279 19275 1 0.26762 0.26762 23 
-3.10058 -0.481157 -5 0.803902 0.472962 2.78833 4.01145 22 587 8618 8440 1 0 0 5 
2.59366 0.296312 -5 0.726661 0.481431 0.448506 4.09827 22 588 7258 7165 1 0 0 2 
-5 -4.31 -1.30858 0.329814 0.176067 0.283246 4.09376 22 589 7257 7238 1 0.245467 0.245467 23 
0.811754 -5 4.25519 0.327737 0.143295 0.580451 4.06371 22 590 4696 4633 1 0.555528 0.555528 8 
-5 -1.50342 -4.34627 0.269556 0.342168 -0.0609503 4.13473 22 591 3671 3670 1 0 0 6 
3.80543 -4.47153 -5 0.521137 0.290143 0.644472 4.03864 22 592 7638 7416 1 0 0 3 
4.8619 -5 3.41745 1.8504 1.72513 1.20378 4.15656 22 593 11574 11461 1 0 0 3 
-3.1284 2.56436 -5 0.371586 0.374017 0.0879834 4.10396 22 594 13573 13035 1 0 0 4 
-4.32408 -5 0.931495 0.276615 0.112004 0.64774 4.03233 22 595 1822 1728 1 0 0 3 
0.374256 -5 -3.43023 0.258258 0.353556 -0.300181 4.14476 22 596 17002 16945 1 0 0 2 
3.7001 4.77247 -5 1.39322 0.546548 1.28861 4.0807 22 597 37778 37595 1 0 0 1 
-3.39783 1.55687 -5 0.540504 0.518156 0.691795 4.05832 22 598 33335 33240 1 0 0 1 
-5 -4.95506 -2.38695 0.833835 0.589519 0.62497 4.09992 22 599 13974 13962 1 0.27808 0.27808 25 
4.91987 -5 4.55575 0.316422 0.227962 -0.0089222 4.17876 22 602 12215 12136 1 0 0 1 
-1.71696 -5 1.27386 1.88957 1.03594 1.63959 4.06773 22 603 2533 2464 1 0.754491 0.754491 87 
-4.43828 -1.73564 -5 0.532405 0.418871 0.345877 4.09342 22 604 30289 29842 1 0.0668515 0.0668515 2 
-2.68174 -0.427218 -5 0.305073 0.211783 0.350996 4.10927 22 605 16948 16921 1 0 0 1 
2.25167 -5 3.28655 0.652908 0.437844 0.433284 4.12395 22 607 35429 1 1 0 0 3 
-0.411549 -5 -2.14374 0.215914 0.179307 0.0506878 4.07976 22 608 6263 5941 1 0.959476 0.959476 30 
-0.962626 -5 -4.63957 0.370036 0.394754 0.0680294 4.11823 22 610 6540 6468 1 2.4939 2.4939 40 
-5 -3.0218 4.42173 0.11332 -0.155154 0.55411 4.04826 22 611 11660 11321 1 0 0 2 
-5 -4.87032 3.93223 0.745941 0.801062 1.30126 4.06441 22 612 20440 20343 1 0.0493605 0.0493605 5 
-3.33436 -5 -1.12989 0.0506967 0.436555 0.151786 4.0796 22 613 7491 7428 1 0.742281 0.742281 9 
-5 -3.97349 -3.2827 3.7594 2.06828 2.73988 4.06588 22 614 37920 37810 1 1.90062 1.90062 12 
0.914923 -5 -1.50917 0.0719155 0.437267 0.254452 4.11556 22 615 29394 29393 1 0.013517 0.013517 4 
-5 1.93652 -4.64486 0.347262 0.257079 0.429878 4.07792 22 616 45681 45677 1 0.174831 0.174831 2 
-5 2.64576 -0.613842 0.40324 0.30087 0.509095 4.05733 22 617 7959 7898 1 0.061188 0.061188 6 
3.12029 -4.73108 -5 0.811573 0.478851 0.82331 4.05822 22 618 7877 7284 1 0 0 3 
-3.50599 2.54691 -5 0.413031 0.455144 0.91985 4.04129 22 619 3425 3049 1 0 0 2 
-5 -4.85499 0.591602 0.460224 -0.291801 0.0289143 4.1042 22 621 8533 8532 1 2.40456 2.40456 37 
-5 -4.34398 4.96746 0.476911 0.249701 0.324096 4.11575 22 622 13089 13088 1 0 0 5 
-4.17568 -1.80615 -5 0.870206 0.528808 1.2578 4.044 22 623 38082 37998 1 0 0 1 
-3.35011 -5 1.92266 0.453028 0.236132 0.0112592 4.18982 22 624 14104 14103 1 0 0 2 
-5 -2.89297 -3.771 0.875456 0.905369 1.1531 4.05431 22 625 13863 13809 1 0 0 3 
-2.11617 -3.30527 -5 0.539719 0.312411 0.401424 4.05548 22 626 3715 3696 1 0 0 3 
-5 -3.93906 0.229223 1.05342 0.545704 0.130728 4.12188 22 627 2515 2443 1 0.875221 0.875221 22 
0.568564 -5 2.72591 0.289394 0.00952095 0.147573 4.14762 22 628 27552 27518 1 0.0850759 0.0850759 16 
-5 -3.60914 -3.53357 1.68481 1.44389 0.693772 4.06896 22 629 2638 2592 1 6.37296 6.37296 157 
-1.34114 -5 0.789678 0.171846 0.0602907 0.29467 4.0573 22 630 6573 6523 1 2.21862 2.21862 67 
-4.48937 4.96539 -5 0.213444 0.297529 0.445421 4.03645 22 631 3137 3042 1 0 0 3 
-1.51745 5 -4.276 0.17344 -0.114258 -0.0895289 4.11211 22 633 22715 18732 1 0 0 1 
4.43262 -5 3.98316 0.642401 0.41561 0.642894 4.06364 22 634 15401 15369 1 0 0 4 
4.21776 -5 -3.54831 -0.1165 0.467024 0.486925 4.05534 22 636 21982 18968 1 0 0 1 
5 -4.38001 -3.63646 -0.28419 0.189778 0.374554 4.06557 22 638 1518 1492 1 0.50682 0.50682 13 
-0.852929 -1.72869 -5 0.339925 -0.247121 0.337592 4.08307 22 639 6920 6817 1 0 0 1 
1.22074 -5 -4.73912 0.382774 0.225599 0.188704 4.13975 22 640 5866 5865 1 0.11137 0.11137 6 
-0.0677108 -5 -0.812692 2.82719 1.56139 3.76519 4.06225 22 641 20381 20083 1 0 0 5 
4.05911 3.33076 -5 -0.00391695 0.0337473 0.235914 4.11443 22 642 2777 2776 1 0.45195 0.45195 43 
-3.86037 -5 4.07951 2.08679 1.18627 2.49411 4.06244 22 643 14760 14713 1 0 0 3 
-1.66466 4.25506 -5 0.395794 0.661667 0.378856 4.08682 22 644 13611 13589 1 0.720568 0.720568 27 
-5 4.15153 -2.60461 0.19891 0.470592 0.00986591 4.12383 22 645 26328 26325 1 0.201697 0.201697 4 
4.23413 0.987763 -5 0.192825 0.149477 0.414388 4.03452 22 646 43178 43177 1 0 0 3 
-5 0.610837 2.4604 1.3973 1.01824 0.478202 4.16129 22 647 10683 10682 1 0.0481258 0.0481258 6 
0.176157 -5 2.11491 0.425917 0.281785 0.017653 4.09512 22 648 3524 3523 1 0.216627 0.216627 3 
-5 3.87464 -1.79276 0.357515 0.211856 0.238002 4.08011 22 649 7741 7594 1 0 0 2 
-0.659776 -3.0107 -5 0.382063 0.183189 0.272939 4.09405 22 650 3418 3417 1 0 0 5 
-1.98187 4.02108 -5 0.907875 1.14023 1.46164 4.11117 22 652 2077 2036 1 0 0 2 
-1.21544 -5 1.54525 0.392551 0.289701 0.0730427 4.1651 22 653 39088 38963 1 0 0 1 
-4.41588 -5 -0.496963 6.79006 16.7913 1.96214 23.3647 2112 654 34967 34954 1 0 0 1 
3.98158 -5 3.62738 4.18899 1.12044 0.734199 4.143 22 656 29241 29199 1 0 0 1 
-5 -0.295878 3.20291 0.445802 0.400732 0.840791 4.08232 22 657 31657 31656 1 0 0 1 
-5 2.2834 -4.53489 0.889163 1.19882 0.484305 4.08172 22 658 13785 13639 1 0.411369 0.411369 3 
-5 0.382566 -1.94896 0.574421 0.229584 0.904553 4.03964 22 659 1497 1185 1 0 0 5 
-5 -4.84312 4.22012 1.25776 0.486115 1.86551 4.05048 22 660 51805 51781 1 0 0 1 
0.311218 3.22947 -5 0.226511 -0.176027 0.211551 4.22407 22 661 12005 12003 1 0 0 1 
-0.397442 4.05171 -5 0.288417 0.206302 0.758617 4.03722 22 662 51405 51360 1 0 0 1 
3.93821 -3.57264 -5 -0.0281632 0.279831 0.149196 4.12159 22 663 14795 14794 1 0.317948 0.317948 28 
2.37832 -3.12201 -5 0.970111 1.66248 2.28897 4.06571 22 664 31781 31689 1 0 0 2 
1.22982 1.93529 -5 0.401064 0.227328 0.128304 4.11904 22 665 4878 4877 1 0 0 3 
1.91756 -1.67033 -5 0.35387 0.212484 0.838038 4.03526 22 666 14483 14455 1 0.164926 0.164926 3 
-3.76066 0.111115 -5 0.633826 0.35928 0.587265 4.08181 22 667 4457 4455 1 0 0 4 
-5 4.71074 -3.14608 4.1871 4.52849 15.4002 4.02856 22 668 18962 18893 1 2.01418 2.01418 7 
0.41095 -0.175029 -5 5.38737 4.38461 11.214 4.03972 22 669 7783 7700 1 0 0 2 
-5 3.21016 1.68595 0.26436 0.126906 0.15143 4.12147 22 670 1976 1934 1 0 0 3 
-5 2.60057 3.29204 0.655032 0.22336 0.264236 4.11339 22 671 39740 39693 1 0 0 1 
4.69014 2.18237 -5 0.0582591 -0.122913 0.166849 4.12989 22 673 27099 26248 1 0 0 3 
-5 -0.325359 0.691738 0.299151 0.458563 1.04679 4.0375 22 674 8920 8658 1 0 0 3 
-0.923854 3.86991 -5 0.412132 0.289832 0.954498 4.03231 22 675 52771 52493 1 0 0 2 
-5 -0.445254 -2.70427 0.492214 0.142398 0.197533 4.10089 22 677 11773 11772 1 0 0 5 
-1.38625 0.709314 -5 1.5292 1.17056 3.61951 4.03011 22 678 14824 14682 1 0 0 2 
-4.79868 5 0.635799 -0.0928908 -0.143228 0.0800673 4.08492 22 679 13101 12721 1 0 0 1 
0.0730481 1.53197 -5 1.33623 1.10308 2.36295 4.02894 22 680 21997 21892 1 0 0 2 
-0.0278295 -5 2.42871 -0.143658 0.217733 0.0797305 4.18525 22 681 19305 19220 1 0.230121 0.230121 3 
-3.26635 -5 -2.34356 0.196365 0.445141 0.577366 4.04493 22 682 34343 34262 1 0.203927 0.203927 2 
-5 -1.25432 4.5879 0.578442 0.540102 0.519649 4.11503 22 683 20673 20672 1 0 0 1 
0.479154 1.19117 -5 1.57862 1.22546 2.20601 4.05442 22 684 6437 6370 1 0.157236 0.157236 4 
-5 1.04766 1.7474 0.359684 0.166973 0.0806421 4.04416 22 685 26443 25894 1 0 0 1 
-5 4.45161 -3.18123 0.0784494 -0.0724392 0.0969072 4.16364 22 686 31803 31694 1 0.143917 0.143917 18 
1.44783 -0.253028 -5 0.499261 0.296043 0.42961 4.06625 22 688 12610 12583 1 0 0 2 
-4.59622 3.12972 -5 0.441833 0.533368 2.25559 4.00493 22 690 4958 4746 1 0 0 4 
2.41651 2.68253 -5 0.322219 0.267281 0.386737 4.08264 22 692 4116 3974 1 0.12582 0.12582 3 
-5 0.918432 0.145813 0.53762 0.462079 0.4833 4.10122 22 693 14648 14571 1 0 0 1 
-5 -2.73169 -1.09636 5.62286 6.71697 22.7281 4.02153 22 694 2144 2081 1 0 0 5 
-5 -4.00174 -1.78328 0.952947 0.942745 5.20913 4.01392 22 695 28598 28046 1 0 0 1 
2.65053 -5 3.28196 0.0521396 0.26487 -0.0226912 4.21746 22 696 27303 26837 1 0.270613 0.270613 22 
-0.183694 5 2.63997 0.199459 -0.0661184 -0.0518761 4.17696 22 697 6578 6564 1 0 0 1 
-5 0.755696 0.733061 0.278585 0.138183 0.464696 4.06112 22 698 4135 4106 1 0 0 2 
-5 -1.34564 -2.11034 0.745471 0.426671 0.0382878 4.06802 22 699 10997 10873 1 0 0 3 
-4.30209 -4.76625 -5 0.159505 0.019319 0.954856 4.04683 11 700 13060 13037 1 0.917821 0.917821 6 
-5 -4.77207 -2.06564 0.384727 0.128407 0.310832 4.08721 22 701 4875 4874 1 0.64772 0.64772 31 
4.55923 -2.98542 -5 1.78124 0.931969 2.50047 4.04305 22 702 12054 11843 1 0 0 2 
2.6013 -2.19392 -5 0.264629 -0.0457788 0.271196 4.0322 22 703 8551 8288 1 0 0 2 
4.77213 0.651194 -5 0.235234 0.159826 0.236026 4.10074 22 704 10751 9924 1 0.228806 0.228806 7 
1.08876 0.962291 -5 0.646469 -0.144666 1.00182 4.06503 22 705 4553 4552 1 0 0 3 
-1.51355 -1.04861 -5 1.52255 0.995082 3.08186 4.02946 22 706 19779 19669 1 0 0 1 
-2.4858 -5 3.00858 0.777173 0.445263 0.382192 4.07075 22 707 31361 31359 1 0.152556 0.152556 24 
-5 4.19343 -0.969732 0.217494 0.244627 0.0820731 4.07373 22 708 31168 31034 1 0 0 3 
-1.82568 -3.90744 -5 1.0339 1.11719 1.61409 4.05025 22 709 12617 12411 1 0 0 3 
-5 -0.587845 2.04913 0.59669 0.569387 1.97591 4.04642 22 710 16197 15474 1 0 0 3 
-0.213502 -5 4.11895 0.305994 0.333925 0.236605 4.13565 22 711 19851 19849 1 0 0 1 
-3.64857 -4.28913 -5 0.431478 0.268092 0.0554377 4.10411 22 712 1911 1910 1 0.510551 0.510551 30 
-5 2.45309 -2.35789 0.428553 0.234702 0.554841 4.06904 22 713 14214 13227 1 0 0 2 
0.0605258 -2.85863 -5 0.155637 0.827172 1.70464 4.0478 22 714 1097 1011 1 0 0 2 
-2.80627 0.989345 -5 1.13037 0.510154 1.77123 4.03788 22 715 15022 14842 1 0.24853 0.24853 5 
-5 -4.22381 -3.61234 0.197395 0.136289 0.45096 4.03316 22 716 7338 7002 1 0 0 1 
-0.519299 -5 3.19413 1.22407 0.980966 0.918889 4.09443 22 717 10638 10564 1 0 0 2 
-5 -3.85895 1.35222 0.257492 0.093796 0.130526 4.21027 22 718 34549 34548 1 0.302989 0.302989 34 
-3.17022 -5 4.16909 0.296185 0.369298 0.192388 4.09974 22 719 24656 24655 1 0.228592 0.228592 3 
-2.00219 -5 1.4999 0.290359 0.258127 0.331937 4.09189 22 720 13611 13609 1 0 0 3 
-5 4.89014 4.49645 1.83325 2.12203 5.08327 4.05612 22 721 2822 2742 1 0 0 7 
-2.39876 -5 -1.97327 6.34859 1.95348 16.8825 4.02433 22 722 7146 6777 1 0 0 4 
-5 -1.17269 0.835281 0.273869 0.242129 0.430724 4.08386 22 723 18861 18679 1 0 0 1 
-2.9487 -5 3.75894 7.43756 4.29741 -0.115289 4.13942 22 724 2093 2092 1 2.84245 2.84245 23 
-5 3.60654 -1.1018 0.236032 0.765052 0.703868 4.04601 22 725 15159 14973 1 1.97366 1.97366 9 
4.35089 4.6208 -5 5.98528 5.88844 3.54691 4.10557 22 726 30519 30518 1 0 0 2 
-5 4.71288 -4.1524 2.05259 1.82987 5.68038 4.02519 22 727 3808 3630 1 1.03639 1.03639 31 
3.30215 -5 -0.314787 0.192844 0.0885876 0.519018 4.04017 22 728 29005 28862 1 0.111559 0.111559 3 
2.2525 -4.5387 -5 0.505538 0.134957 0.40593 4.06829 22 731 36307 36278 1 0 0 1 
-1.54212 2.02518 -5 0.256538 0.241895 0.663842 4.03299 22 732 9668 9631 1 0 0 3 
0.273392 -5 -2.54485 0.186097 0.064197 0.129734 4.31432 22 734 53783 53782 1 0 0 1 
-5 -3.27142 2.88813 0.583651 0.493091 0.27203 4.09393 22 735 33254 33225 1 0 0 1 
3.05753 -5 3.66524 0.181816 0.211423 0.0583535 4.11713 22 736 25928 25926 1 0 0 4 
-5 -1.16872 2.03774 0.297892 0.290296 0.296831 4.0884 22 738 5835 5834 1 0 0 2 
0.662735 -5 -1.18967 0.0991016 0.701576 0.365688 4.05511 22 739 40534 40429 1 0 0 2 
2.26973 -5 -2.11777 0.0729189 0.278511 -0.0581736 4.24292 22 740 34767 34731 1 0 0 1 
2.99903 -5 -4.72566 0.242671 0.239393 0.105873 4.05842 22 741 11488 11484 1 0.202379 0.202379 13 
-5 0.189178 -0.765205 0.458889 0.553195 -0.143714 4.11029 22 742 6079 6076 1 0 0 4 
-3.07201 1.06244 -5 6.74257 4.7957 14.8245 4.02583 22 743 15786 15702 1 0 0 1 
3.37239 -5 1.42129 0.137436 0.577016 0.244578 4.10136 22 744 32018 31789 1 0.362734 0.362734 2 
0.364677 -5 3.5169 0.413264 0.255263 0.158663 4.14918 22 745 11884 11869 1 0 0 2 
-5 -0.556914 0.772724 1.9935 2.22759 2.7927 4.06541 22 747 13401 13332 1 0 0 1 
-2.60826 -5 1.80781 0.27822 0.134377 0.0683592 4.15547 22 748 19659 19576 1 0.316199 0.316199 14 
-2.50616 -4.9459 -5 0.811542 0.70968 1.65759 4.02391 22 749 12562 12506 1 1.63044 1.63044 5 
-4.13045 -5 2.23782 0.368324 0.347696 0.395184 4.07129 22 751 7494 7215 1 0.327533 0.327533 35 
-5 -2.46984 -4.84272 1.11254 0.875585 1.57928 4.04195 22 752 25946 25945 1 0.710454 0.710454 3 
-2.34845 2.19312 -5 0.329521 0.328513 0.701083 4.03767 22 753 3092 2520 1 0 0 2 
2.84036 -5 -3.65059 1.39703 0.878585 1.28227 4.04135 22 754 5945 5878 1 0 0 1 
-0.582277 -2.72974 -5 2.74929 1.53505 2.50489 4.05565 22 755 5608 5570 1 0 0 3 
-0.455446 -5 2.29128 0.300188 0.194496 0.314097 4.0943 22 756 19659 18951 1 0 0 1 
-2.92456 2.41514 -5 0.293409 0.213819 0.359601 4.16038 22 757 20361 20334 1 0 0 1 
-0.637133 -1.37274 -5 0.377016 0.486388 0.176119 4.10962 22 758 5997 5981 1 0 0 3 
-5 -1.01181 -3.05707 2.06843 1.79776 0.959834 4.12354 22 759 15375 15374 1 0 0 2 
-5 4.24057 -2.04366 0.0805397 0.0269852 -0.220204 4.07571 22 760 3929 3818 1 1.07887 1.07887 54 
-1.51349 -5 2.60699 0.452389 0.495881 -0.0191855 4.18739 22 761 22117 22080 1 0 0 1 
-5 -3.97229 4.55544 0.370496 0.408449 0.408532 4.06529 22 763 21980 20777 1 0 0 2 
-5 -1.23196 3.70305 0.34518 0.313054 0.209686 4.14049 22 764 14858 14857 1 0 0 2 
-1.39184 -5 -0.119307 3.21421 3.24881 5.84287 4.06696 22 765 18778 18689 1 0 0 1 
-3.37102 -5 -2.37108 2.29135 2.36161 -0.552772 4.03718 -11 766 6846 6845 1 1.53669 1.53669 30 
2.07971 -1.53954 -5 0.971059 0.704685 1.40571 4.05021 22 767 15033 12906 1 2.39253 2.39253 9 
1.20035 -5 0.0469432 -0.0598744 0.068539 0.296431 4.1004 22 768 11830 11829 1 0 0 2 
-5 -2.62906 -2.60565 0.279893 -0.0524275 -0.0112758 4.07895 22 769 35649 35551 1 0.284646 0.284646 20 
-5 -0.858818 1.2275 0.380875 0.28815 0.181724 4.1327 22 771 17510 17480 1 0 0 1 
-5 -2.86119 4.28839 0.473182 0.363653 1.07741 4.06732 22 772 2828 1 1 0 0 2 
-5 1.10918 0.973326 0.955633 0.732095 0.916272 4.06784 22 773 3497 3255 1 0 0 5 
-5 3.83953 -4.46905 0.226575 0.226549 0.134951 4.10121 22 774 3402 3381 1 0 0 1 
-3.67202 -5 3.07185 0.166784 0.271619 0.226 4.11091 22 775 17545 17489 1 0 0 1 
-5 -1.80979 3.31596 0.277189 0.254909 0.0886419 4.10782 22 776 21633 21460 1 0 0 2 
-0.682862 1.44644 -5 0.492079 0.084787 0.108577 4.06898 22 777 2965 2964 1 0.0926963 0.0926963 4 
0.944158 -5 3.99704 0.61304 0.529829 0.109228 4.18124 22 778 15192 15145 1 0.980728 0.980728 9 
4.36074 1.93069 -5 0.300929 0.212514 0.164708 4.12956 22 779 23873 23849 1 0 0 1 
-1.80013 0.153563 -5 0.0509906 0.0297807 0.507576 4.03689 22 780 10900 10877 1 0 0 3 
-4.99658 0.740447 -5 0.325033 0.3019 0.253633 4.0951 22 781 6057 6056 1 0 0 1 
-5 -2.67096 -2.1924 0.588563 -0.166599 0.49594 4.14022 22 782 19406 19381 1 1.14179 1.14179 44 
-5 -3.06944 -0.869979 2.25798 0.620628 5.0456 4.03555 22 783 20833 20829 1 0.0541045 0.0541045 3 
-0.134147 -4.84991 -5 0.527002 0.0669488 0.666489 4.04736 22 784 1771 1385 1 0 0 5 
-5 3.48334 -4.9755 0.353125 0.398951 0.623903 4.04901 22 785 30020 29835 1 0.19678 0.19678 5 
-3.60589 -5 -0.984471 -0.106612 0.223157 0.210337 4.05044 22 786 8604 8577 1 0 0 2 
-3.00765 -5 -4.63363 0.593333 0.237476 0.139054 4.07806 22 787 38472 38392 1 0 0 5 
-5 -2.17971 -1.9235 7.75032 1.59251 16.7787 4.02831 22 788 27904 27665 1 0 0 3 
-3.73794 -3.40297 -5 -0.207542 0.160276 0.17392 4.06624 22 789 1247 1 1 0.0887872 0.0887872 6 
3.78569 -5 -3.74848 1.6724 2.87242 -0.987801 4.12114 22 790 8715 8714 1 0.90091 0.90091 2 
2.27125 -5 1.0043 0.358942 0.252951 0.261335 4.11854 22 792 15537 15506 1 0 0 7 
-5 1.01166 4.09657 0.305121 0.240271 -0.0192838 4.13203 22 794 20475 20474 1 0.388319 0.388319 31 
-0.809963 3.7039 -5 0.111977 -0.154207 0.461046 4.03614 22 795 1952 1816 1 0.0607994 0.0607994 7 
1.61284 -5 -4.50953 0.431886 0.42706 0.512323 4.04911 22 797 4454 4334 1 0.1878 0.1878 27 
-1.42123 -5 3.58255 0.948266 0.794501 1.64074 4.07137 22 798 31225 31158 1 0 0 2 
-5 -2.43867 -0.31349 0.582183 0.346347 0.0273318 4.15227 22 799 3121 3049 1 0 0 3 
2.86804 1.4397 -5 -0.00609098 0.224447 0.176566 4.11661 22 800 2792 2789 1 0 0 2 
-4.4028 -1.6985 -5 0.296998 0.888086 0.0437371 4.2372 22 801 24482 24479 1 0 0 1 
-0.626256 -3.8656 -5 1.51236 1.22868 0.946961 4.07129 22 802 20158 20157 1 0 0 1 
-5 0.237727 -1.99942 0.411023 -0.0695654 0.295534 4.12052 22 803 7828 7787 1 0 0 3 
-5 3.49299 -3.94704 0.627218 0.446186 1.4422 4.04626 22 804 4325 4299 1 0.643217 0.643217 19 
-5 -1.54394 -0.311415 0.759679 0.494402 1.82537 4.03412 22 805 4652 4408 1 0 0 4 
-5 4.79149 -1.56271 1.32611 1.5043 0.575611 4.15758 22 806 2533 2509 1 0 0 1 
-0.0848001 -5 2.00409 1.51675 0.61038 3.05839 4.0548 22 807 2310 2289 1 0 0 5 
1.41243 4.70874 -5 0.511453 0.641568 1.37464 4.02177 22 808 5669 5068 1 0.529891 0.529891 12 
-5 4.29646 -2.75961 0.269886 -0.0568708 -0.00231393 4.09814 22 809 2479 2095 1 0.719119 0.719119 6 
-3.54322 -0.603607 -5 0.238038 0.298713 0.464376 4.02359 22 810 1278 1239 1 0 0 3 
-5 -2.40638 -3.01929 1.12956 2.14145 0.685351 4.09135 22 811 12647 12546 1 0.23575 0.23575 30 
-4.84035 -2.82057 -5 0.340295 0.518563 0.388127 4.07146 22 813 1806 1742 1 0 0 1 
-2.37265 -1.47836 -5 0.180241 -0.0494961 0.356364 4.07629 22 814 11623 11621 1 0 0 1 
2.90059 -3.28764 -5 0.993156 0.745401 1.3738 4.05923 22 815 10565 10514 1 0 0 4 
-4.98419 4.64565 -5 1.18912 0.815163 1.06138 4.05131 22 816 18329 18328 1 0.269877 0.269877 6 
-5 -3.75819 -1.49696 0.50892 0.437324 0.421303 4.0828 22 817 12645 12569 1 0 0 3 
-5 -1.9864 0.517348 0.684722 0.0705111 0.300437 4.11743 22 819 10154 10153 1 0 0 1 
-5 -3.65179 -4.49993 0.30892 0.00655422 -0.0187218 4.21315 22 820 1895 1894 1 0 0 2 
-4.82446 -5 0.651136 0.310398 0.443567 -0.250734 4.14086 22 821 20587 20535 1 0 0 3 
-4.75289 -5 -1.98737 0.123575 0.255568 0.318037 4.02964 22 822 9643 9264 1 0.226582 0.226582 13 
1.55522 -5 4.32802 0.415299 0.526891 -0.010284 4.11361 22 823 8139 8138 1 0 0 2 
-5 2.91215 -2.026 0.237832 0.202065 0.339628 4.08321 22 824 21967 21954 1 0 0 1 
-2.08609 -2.92831 -5 0.731537 0.530226 1.31163 4.06026 22 825 13375 13301 1 0 0 1 
-5 -1.9214 0.110285 1.26172 1.41502 0.141653 4.12438 22 826 12034 12011 1 0 0 1 
-5 0.542956 -0.891383 0.56502 0.772124 0.498051 4.1602 22 827 55881 55789 1 0 0 1 
-5 -1.61862 -2.06259 0.618562 0.397244 2.24947 4.02275 22 828 7936 7769 1 0 0 4 
-2.50707 -5 -1.16231 0.5355 0.795975 0.767308 4.06149 22 829 11725 10675 1 0 0 1 
-0.012093 0.415718 -5 0.368415 0.234559 0.265278 4.08167 22 830 15644 15614 1 0.408707 0.408707 6 
-5 2.36766 -0.977512 0.292506 0.257521 1.13819 4.02245 22 831 5956 5775 1 1.33323 1.33323 7 
3.51639 1.44199 -5 0.0905152 0.13094 0.251177 4.20293 22 832 1372 1370 1 3.39364 3.39364 20 
-5 -0.511341 2.74039 1.10255 1.07119 0.630997 4.12476 22 833 16722 16652 1 0.415664 0.415664 23 
-5 -4.59414 4.81406 0.328934 0.173732 0.409493 4.07469 22 835 27963 27647 1 0 0 2 
1.32521 1.39061 -5 1.69072 0.816802 2.33533 4.07446 22 836 24064 24022 1 0 0 2 
4.62861 3.83541 -5 1.47802 0.753235 0.66 4.0899 22 837 12664 12636 1 0 0 3 
-5 0.966685 -3.67835 14.94 -10.7188 7.95244 47.0804 2112 838 7200 7198 1 0 0 3 
-1.49767 -0.912851 -5 0.366297 0.242823 0.260736 4.09513 22 839 6946 6945 1 0 0 1 
-5 1.79177 0.444655 0.632041 0.307418 0.447661 4.08243 22 840 10326 10148 1 0 0 2 
-5 1.03728 -4.31676 0.155657 0.0499673 -0.086551 4.17383 22 841 6662 6551 1 0 0 2 
-5 -3.7949 -1.11314 0.365657 0.207991 0.227793 4.08552 22 843 1757 1723 1 0.798099 0.798099 4 
-2.41049 -5 -2.15192 0.585474 0.637338 0.0390677 4.05876 22 844 8521 8436 1 0.199928 0.199928 6 
-5 4.69109 -3.31882 0.150162 0.0472219 0.489362 4.03864 22 845 3715 3714 1 2.03132 2.03132 4 
-5 1.159 4.99582 0.255552 0.150173 0.416246 4.08649 22 846 6047 6027 1 0 0 3 
-4.40201 2.45671 -5 0.429492 0.00375616 0.390079 4.07137 22 847 23294 23293 1 0.386046 0.386046 22 
-0.570899 1.74984 -5 0.27938 0.406901 0.132281 4.11654 22 848 8699 8696 1 0 0 4 
-5 -4.12784 -1.89349 1.33892 0.231715 2.92108 4.05594 22 849 24754 24652 1 0 0 1 
-2.61969 2.25982 -5 0.172622 0.311904 0.118402 4.15549 22 850 8420 8419 1 0 0 3 
-4.26485 -5 -2.76149 0.112737 0.23503 0.29875 4.20328 22 851 4057 4056 1 2.65077 2.65077 9 
-5 -4.9227 2.94917 0.317858 0.420856 0.198941 4.11249 22 852 33748 33716 1 0.0473902 0.0473902 5 
3.84152 -5 -0.483819 0.328872 0.334491 0.20268 4.11477 22 853 29267 29266 1 0 0 2 
-5 0.409463 3.12946 0.153489 0.203827 0.0317835 4.12509 22 854 5754 5753 1 0.256613 0.256613 35 
-5 -4.06415 4.64736 0.440367 0.0897864 0.609671 4.10283 22 857 11071 11070 1 0.517135 0.517135 7 
-5 3.68268 -3.68193 1.35414 0.912362 1.38435 4.05446 22 858 10046 10001 1 0 0 4 
-3.34035 -0.665754 -5 0.595431 0.209448 0.430143 4.04857 22 859 6632 6519 1 0 0 3 
3.13168 -5 3.03694 0.0301098 0.209049 0.404793 4.07098 22 860 1005 1004 1 0 0 6 
-1.81963 -5 2.38129 3.18786 1.44526 0.997798 4.12322 22 861 3176 3152 1 0 0 3 
-5 -1.90108 -0.0911205 0.403091 0.0597901 0.13634 4.13097 22 862 10479 10478 1 0.168857 0.168857 25 
1.20248 2.52978 -5 0.460064 0.342303 0.711158 4.04487 22 863 6155 6084 1 0 0 2 
2.75282 -5 -2.54879 0.223202 0.149421 0.0236068 4.09973 22 864 3934 3911 1 0 0 4 
-5 -2.60516 0.42204 0.537103 0.271702 0.438082 4.07137 22 865 7573 7546 1 0 0 2 
-5 -3.56434 -1.69332 0.049481 0.279637 0.838919 4.06962 22 866 35089 35084 1 0 0 1 
2.85332 -5 -3.62877 0.274788 0.345955 0.779134 4.03469 22 867 43301 43119 1 0.451528 0.451528 3 
-2.01196 -5 -4.30255 0.475165 0.364127 0.168976 4.10253 22 868 22912 22911 1 0 0 4 
0.014134 -5 4.74025 0.648234 0.536606 0.750614 4.11843 22 869 10415 10387 1 0 0 5 
-1.67136 1.07422 -5 0.399366 0.656895 0.145271 4.21453 22 870 45227 45186 1 0 0 1 
0.88654 -3.12943 -5 1.18772 1.05346 2.64957 4.03378 22 871 44777 44652 1 0.809013 0.809013 2 
4.63685 -3.44351 -5 2.09188 1.64236 3.18497 4.04509 22 872 10484 10340 1 0 0 1 
-5 3.92352 2.37354 0.332265 0.159012 0.221879 4.12229 22 873 3992 3816 1 0 0 5 
-0.792641 -5 -2.72762 -1.60529 3.99037 -0.550994 4.0867 -11 874 19859 19858 1 5.56259 5.56259 21 
2.57199 1.35393 -5 0.252952 -0.0599751 0.519362 4.09817 22 875 2473 2472 1 0.235059 0.235059 5 
-5 -1.04369 -1.74667 0.750319 0.394594 0.53368 4.07584 22 876 27978 27899 1 0.0817941 0.0817941 4 
-2.33509 -1.80664 -5 0.30956 -0.323087 0.191015 4.06508 22 877 5457 4938 1 0 0 4 
-5 -4.48352 -2.8857 0.0595138 0.0895171 0.210273 4.02398 22 878 33028 33027 1 0 0 8 
1.13093 2.1277 -5 0.309291 0.394974 1.2564 4.0211 22 879 30090 29961 1 0.641837 0.641837 2 
4.26916 -0.260895 -5 0.298433 0.132878 0.612767 4.03337 22 880 8696 8676 1 0 0 2 
0.967939 -5 2.84175 0.136728 0.488568 -0.0610479 4.08684 22 882 17973 17972 1 0 0 4 
-3.88655 -5 3.18006 0.404099 0.0918959 0.0918469 4.09177 22 883 9045 8965 1 0.139743 0.139743 4 
-5 -2.50439 -0.929529 0.267596 -0.225343 -0.0939253 4.09579 22 886 6856 6805 1 0.110107 0.110107 5 
-3.10352 -5 0.46134 2.86896 3.77201 4.32028 4.0687 22 887 4678 4601 1 0 0 2 
-5 0.359234 -1.97124 0.339453 0.345664 0.162504 4.11189 22 888 3375 3374 1 0.029606 0.029606 13 
-5 1.16607 -2.92142 0.100702 0.15886 0.210258 4.17749 22 889 5281 5280 1 0.408985 0.408985 3 
0.369607 -5 1.68931 0.222942 0.319911 0.0210516 4.16823 22 890 23258 23243 1 0.178664 0.178664 5 
-5 -4.63555 -3.63189 0.472935 0.118881 0.87433 4.04218 22 891 61203 61166 1 0 0 1 
-3.43896 0.609297 -5 0.203117 0.234186 0.75135 4.01828 22 892 9979 9813 1 0 0 3 
-0.26751 4.97578 -5 8.31352 5.34598 21.8479 4.01972 22 893 1130 1 1 6.83327 6.83327 28 
-5 -2.87975 -0.189857 0.556291 0.293593 -0.0697571 4.17674 22 894 5119 5055 1 0 0 1 
2.49054 3.24217 -5 0.153492 0.347793 0.561304 4.04682 22 895 17410 17360 1 0 0 5 
-5 3.77094 -1.45363 2.14334 2.14931 4.7229 4.0558 22 896 13408 13159 1 0 0 1 
-5 2.30396 -3.86863 0.10322 0.647266 0.164247 4.10152 22 897 2728 2405 1 3.55699 3.55699 33 
0.615144 -5 -2.87914 0.577756 0.495809 1.72344 4.04448 22 898 4252 4114 1 0 0 2 
-5 -3.43488 2.01319 0.493081 0.0996015 0.0898351 4.14337 22 899 6014 6013 1 0 0 4 
-3.53933 -5 3.86474 0.211808 0.418247 0.203289 4.0903 22 900 5559 5557 1 0.510861 0.510861 10 
0.394742 3.09004 -5 0.154099 0.24578 0.420673 4.0435 22 901 8989 8971 1 0.0895514 0.0895514 5 
-5 -1.66987 4.59913 1.17834 0.778901 2.37715 4.05725 22 902 22899 22754 1 0 0 6 
-5 -3.53799 -0.992943 0.386938 0.408633 0.658726 4.05604 22 903 15526 15463 1 0.865848 0.865848 37 
-5 -0.485772 -0.0566108 0.541973 0.492687 0.312542 4.13463 22 904 1286 1281 1 0 0 2 
-0.708197 -5 0.885746 0.143282 0.135215 -0.00865151 4.09615 22 905 6728 6707 1 0.197026 0.197026 15 
1.39145 -3.61048 -5 4.50315 4.47591 5.22933 4.00614 11 906 10616 10598 1 3.38329 3.38329 7 
-1.4646 -2.04618 -5 0.422399 0.296266 0.4142 4.07268 22 908 6395 6226 1 0.00671021 0.00671021 4 
-5 -3.80005 -3.96449 0.436613 0.243201 0.243994 4.05567 22 909 7494 7407 1 0 0 1 
-5 2.38984 3.23758 0.647208 0.32455 0.356486 4.11707 22 910 5988 5970 1 0.27369 0.27369 3 
-5 2.12849 -3.85093 0.453973 0.29629 0.234464 4.0875 22 912 12160 12055 1 0.194749 0.194749 27 
-5 -3.63042 0.914674 0.278764 0.563034 0.607364 4.07255 22 913 38889 38257 1 0.612027 0.612027 2 
-4.51417 -2.07794 -5 0.918246 0.940061 2.88286 4.02289 22 914 22187 22186 1 0 0 1 
-5 -3.77075 4.78512 0.117359 0.0776373 0.216111 4.0668 22 915 11164 10777 1 0.484643 0.484643 6 
-5 -3.91635 -0.0267697 0.256598 0.247359 0.510415 4.0637 22 916 10876 10679 1 0 0 1 
-5 -3.35427 -1.0382 1.30918 0.837674 2.17584 4.04665 22 917 34239 34190 1 0.676954 0.676954 27 
1.761 -5 2.46545 0.234061 0.121001 0.305319 4.06899 22 919 11224 11210 1 1.37251 1.37251 5 
3.23405 4.49748 -5 0.533083 0.296493 1.48272 4.01583 22 922 8374 8227 1 0 0 4 
-1.37111 2.39606 -5 0.786786 0.327981 1.56256 4.05091 22 923 12431 12376 1 0 0 1 
-5 1.18366 -2.03845 0.764288 0.834412 0.557787 4.09333 22 924 24947 24813 1 0.0914276 0.0914276 3 
-5 -1.86807 -1.62238 0.224805 0.143863 0.15044 4.16075 22 925 33338 33337 1 0 0 1 
-5 -2.89788 4.30686 1.02993 0.723974 1.88438 4.05415 22 927 11379 10996 1 1.36295 1.36295 26 
-2.8949 1.89319 -5 0.183038 0.110391 0.443893 4.02921 22 929 7433 7308 1 0 0 3 
-5 -0.171212 0.271627 0.227166 0.649444 0.375985 4.06164 22 930 1572 1458 1 0 0 4 
-5 0.744329 3.65093 0.213635 -0.15209 0.0821185 4.16671 22 931 1057 1 1 0 0 4 
-5 -2.1107 1.68935 0.524509 0.254568 0.865088 4.06087 22 933 2896 2532 1 0.42081 0.42081 27 
-5 -4.29959 -1.2444 6.90817 4.25451 18.749 4.02229 22 934 15938 15858 1 0 0 4 
-5 -2.06262 -4.18351 3.02717 2.17533 8.26973 4.01319 22 935 6831 6687 1 0.236761 0.236761 10 
-5 -3.39969 -1.82856 0.509293 0.0382296 -0.0167182 4.11893 22 936 20937 20936 1 0.301064 0.301064 2 
-5 4.7044 -4.14835 0.803091 0.793056 0.670411 4.10546 22 937 14933 14932 1 0 0 2 
-4.37058 4.63237 -5 0.202039 0.130058 0.430304 4.06094 22 938 3657 3514 1 0 0 7 
-4.73356 -5 -2.75304 0.428006 0.235795 -0.149435 4.11453 22 939 6654 6653 1 0.924346 0.924346 12 
-1.69568 -4.09978 -5 0.606037 0.321137 1.32625 4.02332 22 940 10951 10886 1 0 0 1 
0.397841 2.86635 -5 0.0958108 -0.107197 0.122768 4.24597 22 941 16911 16888 1 0.383349 0.383349 22 
-2.83041 -5 3.28973 0.54305 0.356204 0.399361 4.08368 22 942 3782 3633 1 0 0 2 
-5 -0.513994 2.53483 0.39811 0.778029 0.716835 4.09317 22 943 23781 23445 1 0 0 1 
-5 3.0622 0.473094 0.417365 0.424195 1.10051 4.04126 22 944 8274 8147 1 0 0 1 
-5 0.801612 0.0580896 0.413579 0.0834557 0.227246 4.09393 22 945 19096 18864 1 0.236195 0.236195 2 
0.874722 -5 2.86823 0.50365 0.211122 1.54618 4.03425 22 946 3043 2980 1 0 0 4 
-5 4.23233 -3.11013 0.375242 0.25106 0.124693 4.18022 22 948 8919 8918 1 0 0 4 
-5 -1.59642 2.5126 0.3769 0.281884 1.44583 4.03167 22 949 33418 33278 1 0 0 3 
-5 3.66302 -4.42453 0.550966 0.86252 1.08305 4.03426 22 950 19798 19679 1 0 0 2 
-5 -3.18082 -4.4415 1.6595 1.53921 0.155854 4.08435 22 952 17693 17692 1 0 0 3 
-2.76075 4.07961 -5 0.4012 0.425658 0.84612 5.03473 22 954 5013 5009 1 0 0 1 
-1.24085 -5 -2.65092 0.681307 0.501816 0.591256 4.06087 22 955 3686 3506 1 0 0 1 
-0.491884 5 3.21724 0.271987 -0.123738 0.260608 4.05552 22 956 4554 4519 1 0 0 3 
-4.75666 -0.457724 -5 -0.0902474 0.19345 0.097978 4.09237 22 957 1343 1342 1 0 0 4 
-0.22236 -5 2.55143 -0.0901831 0.523593 0.0893494 4.05001 22 958 11426 10651 1 0 0 5 
-1.87322 -2.58905 -5 0.552441 0.571961 1.91493 4.01981 22 959 29779 29669 1 0 0 2 
-0.213743 -5 -0.174126 0.400477 0.300179 0.103104 4.14795 22 961 3398 3378 1 10.9513 10.9513 146 
-5 -3.64187 -4.11736 0.15776 0.0665257 0.297063 4.06823 22 962 12031 12011 1 0.476121 0.476121 22 
-0.719871 -5 1.87605 0.521798 0.074543 0.0814811 4.12185 22 963 2648 2618 1 0 0 4 
3.02383 0.0308759 -5 8.34941 5.82858 18.1997 4.03244 22 964 13430 13429 1 0 0 3 
-0.0302467 -5 1.72519 0.201064 0.117649 0.0328431 4.1423 22 965 21285 21284 1 0.234815 0.234815 27 
-2.01456 5 3.53381 0.090585 -0.155957 0.0346898 4.15499 22 966 13334 13303 1 0.183298 0.183298 27 
-5 -3.39167 4.10974 0.303621 0.426214 0.0335306 4.1072 22 967 36982 36956 1 0.189304 0.189304 4 
-5 3.01344 0.558575 0.352977 0.208873 0.304794 4.13192 22 968 4164 4161 1 0 0 1 
0.0352375 -5 -4.20086 -0.124324 0.418613 0.265381 4.2239 22 969 1436 1434 1 0.256901 0.256901 30 
-4.16039 -0.821742 -5 0.846857 0.659078 2.94267 4.01404 22 970 40769 40546 1 0 0 1 
2.95516 -5 -1.95684 0.998081 0.548829 0.565011 4.09288 22 971 12744 12743 1 0 0 7 
-5 -1.72977 4.10102 0.224074 0.421491 0.266973 4.11273 22 972 18173 17759 1 0 0 2 
-3.81635 1.27542 -5 0.253573 0.360838 0.852168 4.03557 22 973 4255 3729 1 0 0 2 
0.33461 -3.4911 -5 0.311803 0.282493 0.289994 4.05534 22 975 6245 6244 1 0 0 2 
2.79902 -1.20314 -5 0.837338 0.577202 1.22136 4.05609 22 976 27749 27676 1 0 0 3 
2.43673 -5 -0.524801 0.41025 0.304194 -0.0167688 4.16175 22 977 16166 16165 1 0 0 2 
1.44922 -5 2.67813 0.098924 0.197896 0.0873628 4.13115 22 978 39821 39736 1 2.66092 2.66092 34 
-0.424911 -3.35735 -5 0.860419 1.07994 1.58583 4.03855 22 979 33217 32690 1 0 0 2 
-3.95293 -5 2.10396 0.294959 0.134657 0.00720099 4.1035 22 980 33464 33463 1 0.115786 0.115786 27 
-2.50942 0.326631 -5 0.356931 0.0101763 0.437652 4.06933 22 981 3443 3394 1 0.716955 0.716955 12 
2.84081 -4.95041 -5 0.58759 0.232576 0.862957 4.04013 22 982 42551 42488 1 0 0 2 
-5 4.8136 -4.5065 0.523945 0.399369 0.650779 4.06862 22 983 28249 28176 1 0 0 4 
-2.92071 0.799807 -5 -0.265876 0.367167 0.235835 4.05718 22 984 12996 12994 1 0.510774 0.510774 15 
-5 -2.40663 -1.0758 0.678074 0.607852 0.883402 4.08362 22 985 42755 42703 1 0.598622 0.598622 5 
0.790818 4.32737 -5 0.0370882 0.277646 0.2512 4.13722 22 986 4678 4674 1 0 0 2 
5 -1.0114 -4.48666 -2.33846 0.66707 0.675655 4.04191 -11 987 21457 21456 1 0.0822085 0.0822085 5 
-1.19023 -5 1.56258 1.3692 0.663716 2.01532 4.04529 22 988 13556 12616 1 0 0 5 
2.99206 -2.87239 -5 6.15047 3.32865 11.7861 4.02832 22 989 22263 21938 1 0 0 2 
-0.954349 3.20076 -5 1.49684 1.12453 1.62265 4.06943 22 990 9838 9744 1 0 0 1 
3.05933 -5 1.95283 0.37858 0.245009 0.240349 4.133 22 991 1905 1904 1 0 0 3 
-4.80429 -5 1.42189 0.00315526 0.026903 0.0115627 4.17746 22 992 11503 11494 1 0.0291956 0.0291956 19 
-5 -4.97975 -2.8973 1.48236 0.902113 0.41426 4.0995 22 993 5158 5154 1 0 0 3 
-4.53892 -0.371772 -5 0.186966 0.0609023 0.0939946 4.06986 22 994 2639 2638 1 0.217356 0.217356 43 
-5 -2.67739 -0.576619 0.249567 0.00113253 0.0933727 4.11224 22 995 5854 5742 1 0 0 2 
3.72097 -3.21653 -5 1.14976 0.5212 1.66048 4.04874 22 996 21074 21005 1 0 0 2 
-5 2.71623 4.79978 0.892264 0.984052 2.37173 4.05317 22 997 32366 32162 1 1.11247 1.11247 33 
-5 -0.702065 1.66574 0.20602 0.0826115 -0.158678 4.14875 22 999 29256 29254 1 0.272316 0.272316 37 
-2.57597 -5 -3.70999 1.61959 0.82963 1.74278 4.05219 22 1000 11274 11158 1 0 0 2 
