# Det9_8_14
#x y z Px Py Pz t PDGid EventID TrackID ParentID Weight Edep VisibleEdep Ntracks
-5 0.718623 3.9093 0.667025 0.168402 -0.224886 4.09878 22 1 23346 23345 1 0 0 1 
0.474616 -5 -2.04936 0.279044 0.0716953 0.0856999 3.91416 22 2 4139 4068 1 0 0 5 
-5 -2.36644 1.93351 1.18106 1.28299 1.14511 3.89324 22 3 16451 16410 1 0 0 1 
3.42101 -5 -1.52748 0.336405 0.26293 0.164171 3.88282 22 4 10555 10451 1 0.417936 0.417936 26 
-4.818 4.43959 5 0.461884 0.13653 -0.0197755 3.9788 22 5 29634 29539 1 0.148867 0.148867 5 
1.70422 0.632511 -5 0.943659 0.301157 1.34142 3.82612 22 6 38809 38586 1 0.251199 0.251199 3 
-5 1.55032 -2.96675 0.148733 0.0707729 0.258084 3.83141 22 7 17246 17180 1 1.13372 1.13372 27 
2.3617 -5 0.38932 1.28807 1.3137 0.500805 3.91727 22 8 29569 29537 1 0.692583 0.692583 63 
-5 3.1182 3.70165 0.335174 0.168831 0.219538 3.93543 22 9 30008 26746 1 0 0 1 
4.47961 -5 -3.06253 0.779198 0.514052 -0.301713 3.99286 22 10 14495 14494 1 0.209623 0.209623 2 
-5 -0.382478 -3.35244 0.333677 0.00617872 -0.386964 4.08119 22 11 6293 6258 1 0 0 3 
-5 3.6612 0.529337 0.625796 0.505217 0.260117 3.90671 22 12 16288 16171 1 0 0 1 
-4.09094 -5 4.22859 0.225999 0.170627 0.153158 3.88953 22 13 12113 11937 1 0 0 2 
3.96516 2.31625 5 0.323704 0.0727721 -0.338203 4.14368 22 14 13264 13262 1 0.488393 0.488393 21 
-5 -1.23134 4.90574 0.761978 0.924641 0.0875243 3.99229 22 17 12261 12234 1 0 0 2 
-5 -0.94057 0.242895 1.5735 0.824426 3.4442 3.83534 22 18 2556 1 1 0 0 2 
1.82122 -5 -4.63773 0.385325 0.326592 0.0773417 3.94093 22 19 8622 8621 1 0 0 4 
4.93008 -4.79247 -5 0.279928 0.113865 0.258029 3.95828 22 20 4287 4286 1 0 0 2 
-5 4.76891 -3.13369 0.452235 0.512791 -0.418207 4.0483 22 21 2664 2663 1 0 0 1 
-5 0.338542 3.59261 0.104478 0.112174 -0.218512 4.10789 22 22 4101 4100 1 0 0 4 
-5 3.93612 3.93035 0.176382 0.206145 0.160271 3.93575 22 23 17116 17115 1 0 0 3 
-5 2.07435 1.75447 0.288626 0.0683386 0.226676 4.00369 22 24 2689 2688 1 0.481725 0.481725 53 
5 0.946297 4.191 -0.355265 0.269055 -0.00627939 3.97629 22 25 18925 18923 1 0 0 2 
-2.46441 -5 -3.02577 0.48993 0.376463 0.63809 3.85016 22 26 19124 19025 1 0.012511 0.012511 6 
-5 -3.75137 3.29225 0.186681 0.137742 0.416604 3.87675 22 27 20993 20811 1 0 0 1 
-4.92624 -5 -4.91033 0.437276 0.25767 0.50458 3.83856 22 28 4102 4070 1 0 0 4 
0.135901 1.84183 -5 0.840879 0.845366 1.3362 3.84732 22 29 2967 2826 1 0 0 3 
0.193291 -3.65917 -5 0.3714 0.279101 0.212802 4.03089 22 30 9737 9718 1 0 0 2 
-1.94097 -5 3.53563 0.479394 0.194228 0.189725 3.89123 22 31 43953 43861 1 0 0 3 
-5 1.18796 -1.66896 0.269221 0.190624 -0.0317278 3.96024 22 32 21250 21110 1 0 0 2 
1.21473 -5 3.02436 0.381856 0.299147 -0.160676 4.04471 22 33 19390 19389 1 0 0 1 
-5 -0.287191 0.271381 0.248523 0.202131 0.164998 3.87276 22 34 18803 18779 1 0.288075 0.288075 34 
0.417944 0.743042 5 0.233468 0.322467 -0.295474 4.21376 22 35 23319 23222 1 0.52856 0.52856 55 
-3.93953 -5 2.54578 0.316185 0.388476 -0.101161 3.99073 22 37 1361 1360 1 0 0 1 
-2.3025 -5 1.96125 0.910515 0.931423 -0.160418 3.95243 22 39 36780 36779 1 0 0 1 
-5 4.95264 -0.0921324 0.700014 0.537571 0.682998 3.88876 22 40 23390 20188 1 0.36805 0.36805 32 
2.86405 4.12764 5 0.165759 0.0434518 -0.339925 4.0993 22 41 15541 15540 1 0 0 1 
-4.79522 -4.1592 -5 0.218797 0.188212 0.646235 3.81614 22 42 43565 43282 1 0 0 2 
-4.49665 0.227378 -5 0.20547 0.353121 1.25279 3.83215 22 43 2364 2331 1 0 0 3 
-5 -4.43659 -4.70638 0.364893 0.231946 -0.272348 3.96255 22 46 11678 11677 1 2.63713 2.63713 11 
-5 -3.85195 0.00385045 0.216748 -0.0339979 -0.230101 4.05244 22 47 12176 12149 1 0.0994536 0.0994536 3 
-5 3.58038 -0.820373 0.378445 0.516496 -0.151282 3.96346 22 48 17095 17041 1 0.250819 0.250819 4 
-0.258281 -5 3.30882 0.374186 0.234563 0.186663 3.93475 22 49 7753 7344 1 0.174591 0.174591 27 
1.95846 4.58307 5 -0.049948 0.299847 -0.308999 4.28071 22 50 10420 10418 1 0 0 1 
-1.0462 -5 -3.62012 2.265 1.59375 1.63309 3.85842 22 51 7600 7515 1 0.234885 0.234885 3 
4.15153 -5 -3.14418 0.256582 0.0563226 -0.0264432 3.94698 22 52 17097 17075 1 0 0 1 
-3.85496 -3.70131 -5 0.116332 0.356706 0.0792138 3.91304 22 53 31118 30633 1 0.0426214 0.0426214 2 
-5 3.30139 1.2969 0.249509 0.289812 0.0931832 3.93437 22 54 13587 13462 1 0 0 3 
-2.89088 -4.35528 -5 0.175723 0.148331 0.154727 3.86115 22 55 2336 2266 1 0.286223 0.286223 10 
-5 -4.9323 -2.68533 0.217856 0.307378 -0.345221 4.29751 22 56 11672 11671 1 0 0 1 
-5 -3.22282 4.30633 0.342621 0.215633 0.192167 3.86653 22 57 3056 2973 1 0.447785 0.447785 26 
4.81473 -5 -1.45547 0.112887 0.426111 -0.116084 3.93212 22 59 13894 13755 1 0 0 2 
-5 -0.583843 4.48853 0.306619 0.30737 0.269497 3.94495 22 61 21851 21848 1 0 0 2 
-0.846512 -5 -4.98358 0.286189 0.322156 0.0309918 3.97175 22 62 1262 1261 1 1.18205 1.18205 7 
-5 -1.31507 0.975599 0.466131 0.187787 -0.062455 3.93981 22 63 5918 5890 1 0 0 4 
-5 2.28846 -3.26866 0.329714 0.335312 0.199935 3.92967 22 64 2485 2483 1 0.205506 0.205506 5 
-5 -1.03831 -0.814215 0.559081 0.379763 0.355213 3.87834 22 65 38000 37441 1 0 0 1 
-0.268288 -5 -3.30945 1.29137 1.01657 0.913707 3.85273 22 66 46439 46391 1 0 0 4 
-5 0.454509 1.04265 1.9172 1.39717 1.7829 3.88736 22 67 9459 9326 1 0 0 4 
1.19926 -5 0.440108 0.287402 0.221831 0.509562 3.85268 22 68 22687 22522 1 0 0 3 
-5 -2.34702 4.3589 0.335213 0.315442 0.140349 3.92105 22 69 20832 20680 1 0 0 3 
-5 -1.63434 3.50988 0.12458 0.00642145 0.11973 4.12993 22 70 10697 10693 1 0 0 1 
-2.70991 -1.31476 -5 0.435014 0.0400062 0.492591 3.84469 22 71 1145 1 1 0 0 1 
-2.38813 -1.8498 -5 0.14424 0.157728 0.129043 4.00124 22 72 50626 50587 1 0.249332 0.249332 21 
0.417296 4.63105 -5 0.967258 0.732736 1.01411 3.8582 22 73 19779 19749 1 0 0 3 
-4.62118 -5 -3.9985 0.346015 0.251552 0.24201 3.90623 22 74 15690 15628 1 0.221944 0.221944 2 
-0.887045 0.615471 -5 0.777502 0.591541 1.17531 3.84156 22 75 24237 20986 1 0.906808 0.906808 4 
-4.44904 -5 -1.81838 0.313951 0.325 -0.238598 4.03991 22 76 25949 25948 1 0 0 2 
-5 2.40102 4.12524 0.46491 0.175728 0.0351895 3.95971 22 77 3113 3112 1 0 0 3 
-5 4.25667 1.13074 0.264426 0.0347589 0.0445846 3.95235 22 78 38382 38352 1 0 0 2 
0.510642 4.20666 -5 0.389846 0.313254 0.104935 3.98991 22 79 1458 1457 1 0 0 3 
2.35349 -5 -1.81573 -0.0857359 0.430136 -0.337735 3.94279 22 80 44499 44417 1 0 0 1 
-0.638599 -5 -0.510483 0.422789 0.169693 -0.191326 4.20432 22 81 20489 20400 1 0.0749267 0.0749267 3 
-5 0.78898 -3.37251 2.16342 1.90797 1.76452 3.88566 22 82 43897 43836 1 0 0 1 
3.26482 0.388631 -5 0.389458 0.289291 0.160477 3.94328 22 83 44764 44763 1 0 0 1 
-5 2.02517 -3.67109 0.290397 0.297106 -0.297519 4.06335 22 84 14635 14634 1 1.53864 1.53864 9 
-4.7667 -5 3.01836 0.774395 0.331258 -0.816909 4.05562 22 85 38929 38892 1 0 0 1 
3.26495 -3.06494 -5 0.312288 0.343109 0.0804095 3.86602 22 86 33520 33483 1 0 0 1 
-5 -4.22875 1.10865 0.371921 0.350237 0.0113284 3.97612 22 88 8409 8408 1 0 0 3 
-5 -1.73727 3.68645 0.928132 0.433639 1.07098 3.86459 22 89 26466 26376 1 0 0 1 
-5 -4.15182 -1.83518 3.2639 1.86847 0.946855 3.88628 22 90 22767 22766 1 0.713908 0.713908 8 
-4.33844 -0.621672 -5 0.27269 0.425031 0.766569 3.82885 22 91 4033 1 1 0.0432292 0.0432292 6 
-5 -0.753767 -1.58702 4.35207 2.72244 4.91699 3.85387 22 92 22292 22286 1 1.10626 1.10626 64 
-5 -3.91819 -3.49192 0.353989 0.282567 -0.236575 4.11233 22 93 5815 5813 1 0 0 2 
-0.0288301 -0.697764 -5 0.896777 0.543348 2.2793 3.8161 22 94 1741 1504 1 0 0 3 
-1.86047 -2.31193 -5 0.01527 -0.103005 0.170931 3.97148 22 97 2155 1572 1 0.199867 0.199867 21 
1.97941 -4.31274 5 0.0375681 0.0990546 -0.187876 3.97502 22 98 7697 7235 1 0.543054 0.543054 54 
1.02469 -3.58867 -5 0.328042 0.311306 0.0602736 3.98332 22 99 35972 35954 1 0 0 1 
0.383866 1.56438 5 0.376597 0.253843 -0.319088 4.14728 22 101 2897 2849 1 0 0 5 
-5 -2.68967 -1.76164 0.426257 0.34091 0.463393 3.84635 22 102 7874 7836 1 0 0 2 
-1.99313 -5 -0.900925 0.422192 0.336318 -0.0195935 3.94075 22 103 3333 3288 1 0.0873997 0.0873997 4 
-0.595151 -5 -2.34934 0.388179 0.31866 -0.0942993 4.07728 22 104 8291 8290 1 0.165321 0.165321 19 
-5 -1.86252 1.98838 0.164248 0.203153 0.173437 3.97806 22 105 11015 10985 1 0.525565 0.525565 39 
-4.36087 -5 3.09448 0.378327 0.575495 0.0122667 3.98657 22 106 7312 7265 1 0 0 1 
0.608324 -5 0.190033 0.396738 0.506973 0.078003 3.90582 22 107 16981 16554 1 0 0 1 
-5 -4.29628 -3.51688 0.53345 0.193717 0.122299 3.89382 22 108 4575 4265 1 2.11084 2.11084 6 
-0.682381 -5 2.25018 0.312903 0.192644 -0.0101586 3.98805 22 109 19093 19070 1 0.145467 0.145467 33 
-3.49359 -5 1.08059 8.83642 9.35033 13.0383 3.85367 22 110 1070 1 1 0 0 4 
-3.9741 3.83874 -5 0.366621 0.263912 0.194025 3.9105 22 112 13668 13666 1 0 0 1 
-1.99755 3.69709 5 0.272317 0.245056 -0.115187 3.9074 22 113 12460 12459 1 0 0 4 
-1.02461 -5 3.24199 0.0168811 0.372053 -0.0105409 4.01084 22 114 8704 8703 1 0.528359 0.528359 3 
-4.6719 3.66863 5 0.105278 0.0897905 -0.437628 4.09656 22 115 10397 10396 1 0.221655 0.221655 13 
-5 -0.70438 -1.24164 0.53429 0.437563 0.583073 3.88395 22 117 7215 7129 1 0 0 2 
-5 2.75397 3.15504 0.828894 0.483963 -0.171603 3.95693 22 118 7380 7352 1 0 0 1 
-2.14638 2.55748 -5 0.491887 0.295638 0.215806 3.89572 22 119 42168 41613 1 0 0 2 
4.52618 -5 -1.37252 1.62766 1.23718 -0.686312 4.03008 22 120 10186 10143 1 0.60625 0.60625 6 
1.42898 0.959972 -5 0.504464 0.274648 0.478404 3.87439 22 121 16108 15968 1 0 0 1 
-5 1.9065 4.61937 0.371123 0.363816 -0.608452 4.22865 22 122 4700 4677 1 0 0 2 
-5 -1.15541 2.63205 0.957749 0.614415 1.73924 3.8483 22 123 17766 17645 1 0 0 7 
-5 1.24257 -0.448639 0.151553 0.201799 -0.196468 4.18423 22 124 8665 8664 1 0.149105 0.149105 5 
-4.90833 -3.13662 -5 0.373008 0.201311 0.203003 3.85693 22 125 5129 5125 1 0 0 3 
-2.64548 -5 2.84012 0.151214 0.16724 -0.090134 3.98195 22 126 22256 22245 1 0 0 2 
-5 2.76002 4.05608 0.49122 0.277022 0.145634 3.94011 22 127 19943 19919 1 0 0 1 
-2.85659 -5 1.11773 0.374852 0.257583 -0.0342929 4.01594 22 128 1983 1982 1 0.45549 0.45549 39 
-1.99308 -5 -0.262475 0.447726 0.197449 0.147225 3.92956 22 129 22049 22048 1 0 0 2 
1.3483 -5 0.902741 0.257408 0.195693 0.307643 3.91963 22 130 32719 32718 1 0 0 1 
-5 4.65358 0.156258 0.124869 -0.0175054 0.331999 3.94651 22 132 37423 37363 1 0 0 1 
-3.58078 -5 -0.337988 0.593054 0.376615 0.921757 3.84617 22 133 33543 32173 1 0 0 3 
-5 -4.82574 0.185778 0.254059 0.21195 -0.0819819 3.96646 22 134 18229 18218 1 0 0 1 
-4.66176 -5 2.9363 0.179671 0.230343 -0.00143879 4.01436 22 135 1046 1030 1 0.291663 0.291663 27 
4.3613 -5 -2.64016 0.0781539 0.284309 0.252897 4.05582 22 137 1423 1422 1 1.88522 1.88522 46 
-5 -3.95645 -1.18233 0.27217 0.159948 -0.0220313 3.96235 22 138 4496 4193 1 0 0 2 
-5 1.59676 3.55646 0.333158 0.241884 0.302684 3.88931 22 139 4058 4057 1 0.254793 0.254793 16 
3.39079 -5 -1.75674 0.336094 0.200217 -0.328747 4.11504 22 140 2897 2896 1 3.69355 3.69355 56 
-3.1686 -1.34269 -5 0.306564 0.215039 0.347702 3.86575 22 141 1461 1442 1 0.140945 0.140945 2 
4.48566 -5 -1.51863 0.457046 0.0737479 0.21631 3.94007 22 142 39553 39552 1 0 0 1 
-0.379132 -5 3.5557 -0.159982 0.24542 0.418682 3.87203 22 143 37236 37235 1 0.0623868 0.0623868 32 
-3.93754 -5 4.01325 2.01058 1.63011 2.15779 3.8777 22 144 10324 10323 1 0 0 8 
2.94598 -5 2.45565 0.420308 0.247528 0.0595769 3.98453 22 147 26209 26186 1 0.131245 0.131245 3 
2.41294 -5 1.62514 0.779197 0.75005 -0.713829 4.21411 22 148 23273 23247 1 0 0 1 
-5 -3.13667 2.26175 0.65391 0.357204 0.755335 3.87541 22 149 6484 6470 1 0 0 1 
1.40135 -5 -4.47793 0.00492782 0.263165 0.0785522 3.91219 22 150 12024 12023 1 0 0 4 
-5 -0.883909 3.63157 0.394353 0.381414 0.157697 3.91112 22 151 5379 1 1 0.327743 0.327743 3 
-3.3152 -5 -3.61706 0.360981 0.505037 -0.120708 3.9276 22 152 16627 16561 1 0 0 3 
-0.697949 0.00166194 -5 0.558797 0.0774358 0.106338 3.90834 22 153 16441 16410 1 0.716195 0.716195 60 
-2.61866 -5 2.06177 0.343712 0.145058 0.3492 3.87156 22 154 14658 14634 1 0 0 1 
-0.0850698 -1.47175 -5 0.51435 0.479698 0.410364 3.88216 22 155 22502 22404 1 0.0790313 0.0790313 5 
-5 1.33449 1.6352 0.184995 -0.0414863 0.145285 3.95973 22 156 5191 5190 1 0.0424004 0.0424004 4 
2.49877 -5 3.36255 0.425877 0.275877 0.060336 3.92571 22 157 2809 2808 1 0.0239771 0.0239771 5 
-5 -1.41777 3.81248 0.350307 0.253391 -0.272393 3.94709 22 158 17413 17412 1 0 0 2 
2.88217 -5 -1.66502 0.235721 0.227188 -0.0480191 4.01323 22 160 1174 1147 1 0 0 3 
-3.63838 -5 -1.11379 0.556076 0.214785 0.990852 3.83893 22 161 1122 1 1 0 0 3 
-4.67885 -5 0.664253 0.342365 0.245938 0.288826 3.92529 22 162 15756 15755 1 0 0 2 
-5 4.42027 -0.50887 0.376443 0.0214727 -0.085413 4.13863 22 163 14604 14601 1 0.125226 0.125226 4 
-2.87136 -0.0630226 5 0.276729 0.843558 -1.08475 4.2343 22 164 4027 3962 1 0.180572 0.180572 16 
-5 -1.40708 -4.55229 0.20013 0.0953905 -0.166805 4.01128 22 165 18804 18773 1 0 0 2 
-4.25651 -5 4.32064 0.292489 0.416807 -0.0429133 3.98724 22 166 2290 2289 1 0.482476 0.482476 25 
-3.53087 -3.75464 5 -0.0758433 0.0309838 -0.212892 3.98778 22 167 3149 3148 1 0 0 2 
-3.36727 0.426208 5 0.195298 -0.0925506 -0.126842 4.16855 22 168 6444 6413 1 0.250448 0.250448 9 
-3.0305 -5 -1.65554 1.30567 1.03579 0.91534 3.8852 22 169 21066 21065 1 0 0 2 
-5 -0.551259 0.676004 2.58941 2.35221 4.86899 3.85773 22 170 1361 1 1 0 0 2 
-4.27303 -5 -0.388458 -0.0376242 0.263174 -0.185184 4.12998 22 171 46838 46837 1 0 0 2 
-5 0.846552 -3.51142 0.399153 0.369746 0.183862 4.05655 22 173 3399 3331 1 0 0 1 
-4.40529 -5 4.4388 0.331963 0.059733 -0.225857 3.89951 22 174 18477 18437 1 0.405449 0.405449 29 
-3.96959 -5 -3.69269 34.387 67.35 8.7695 8.49936 2112 175 20229 20144 1 0 0 1 
-1.97247 -5 -2.54203 0.0919858 0.246264 0.0858535 3.97211 22 176 43439 43410 1 0 0 1 
-4.70493 -3.68032 -5 4.8272 3.79259 4.08293 3.86591 22 177 24804 24771 1 0 0 2 
-3.8575 -5 4.73655 0.179072 0.34161 0.189774 3.87774 22 179 43678 43609 1 0 0 1 
3.00617 -5 1.34143 0.430752 0.365495 0.30265 3.90831 22 180 5971 5894 1 0 0 1 
-0.086588 4.07183 -5 0.530589 0.440224 0.365446 3.88589 22 181 14538 14487 1 0 0 3 
-2.66654 -5 -0.825695 0.214694 0.447557 -0.121321 3.99622 22 182 5417 5413 1 0 0 1 
-5 -2.18628 -3.84923 0.469041 -0.164571 -0.116888 4.06365 22 183 8004 8003 1 0.51065 0.51065 28 
-2.07382 -5 4.93483 0.331193 0.214594 0.324624 3.89823 22 184 2618 2617 1 0 0 2 
-5 -4.34259 -3.29716 1.50876 1.25736 -0.496585 3.9756 22 185 10419 10418 1 0 0 4 
-4.81786 -0.472662 5 0.233887 -0.116465 -0.366989 4.13569 22 186 8888 8850 1 0 0 3 
5 -2.31048 2.66414 -0.0920205 -0.0255899 -0.159901 3.91909 22 187 44670 44456 1 0.185905 0.185905 23 
-5 -4.76413 -0.46491 0.106071 -0.0125615 0.145286 4.0403 22 190 50704 50621 1 0.179876 0.179876 28 
-0.1054 -4.92112 -5 0.290429 0.172804 0.327603 3.83811 22 191 34026 33841 1 0.431349 0.431349 28 
4.39271 -5 -2.04591 -0.154072 0.0425649 -0.052732 4.18512 22 192 26266 26186 1 0.138736 0.138736 12 
-2.48022 2.79301 -5 1.11052 1.00595 0.653119 3.89028 22 193 15248 15144 1 0.142687 0.142687 3 
2.52769 -1.64513 5 0.225956 0.390707 -0.239607 4.0717 22 194 12856 12855 1 0 0 1 
-0.179963 -4.2546 5 0.932701 0.590076 -1.17056 4.08184 22 196 5434 5432 1 0.826151 0.826151 4 
-5 -3.65644 -1.40846 0.165814 0.266589 -0.0884148 3.93341 22 197 16902 16830 1 0.231932 0.231932 34 
-5 -1.41084 1.91672 0.852405 0.552738 -0.559626 4.08146 22 198 5539 5535 1 0.329083 0.329083 2 
-5 -1.80377 3.37771 0.333504 -0.0210694 -0.129 4.11592 22 199 10057 10056 1 0 0 2 
-5 -4.53801 -2.01732 0.709844 0.650132 0.0481351 3.92036 22 201 20932 20928 1 1.97532 1.97532 4 
-4.47825 -5 3.91481 1.14714 0.644784 0.239216 3.92859 22 202 17385 17354 1 0 0 1 
-5 -4.79997 -2.52561 0.207524 0.0979591 0.0952188 3.96084 22 203 31592 30944 1 0 0 1 
-1.24955 -5 -3.89734 -0.225817 0.477543 -0.0976097 4.05934 22 204 10322 10182 1 0 0 1 
-3.29306 0.0264865 5 -0.12322 0.31823 -0.38035 3.87652 22 206 28200 28161 1 2.36926 2.36926 8 
0.246949 -3.717 5 0.442661 0.109947 -0.230397 4.03435 22 207 10888 10887 1 0.315252 0.315252 2 
-5 3.96871 1.53043 0.46055 0.491137 0.574475 3.87913 22 208 5838 5730 1 0 0 1 
-5 -4.11499 0.745493 0.570747 0.106031 0.0368601 3.93035 22 209 1298 1 1 0 0 2 
-5 -1.85294 -1.00074 0.418376 0.487534 0.812233 3.84247 22 210 22645 22504 1 0 0 2 
-5 -2.09669 3.73214 0.27886 -0.0701563 -0.145687 4.08465 22 211 10821 10818 1 0.321846 0.321846 32 
-5 0.75184 3.32834 3.74733 2.894 -1.03151 3.9903 22 212 1716 1715 1 0.697165 0.697165 33 
-5 -0.74669 3.1076 0.390742 0.102278 0.0107208 3.9272 22 213 13836 13698 1 0 0 2 
-4.77832 -5 -0.080555 0.313668 0.159999 -0.370314 4.23802 22 214 23795 23793 1 0 0 1 
-2.45351 -5 1.75229 1.04487 0.601054 1.47364 3.86686 22 216 8615 8614 1 0 0 1 
-5 -3.15593 3.28481 0.413427 0.296034 0.0506151 3.95335 22 218 3334 3333 1 0.858605 0.858605 32 
-5 2.40565 4.17728 0.239629 0.370888 0.289935 3.88295 22 220 16716 16673 1 2.462 2.462 30 
-5 2.6945 -4.91848 0.257952 0.0819157 -0.220954 4.0045 22 221 23027 23026 1 0 0 1 
-0.228125 3.67319 -5 0.172982 0.125941 0.134809 3.91033 22 222 4633 4609 1 0.625885 0.625885 28 
1.24003 -5 -4.74155 1.9082 1.49538 -0.0788317 3.91185 22 223 23316 23315 1 0 0 2 
-5 2.4257 -3.07124 0.217541 0.281915 -0.128963 4.20886 22 224 51597 51558 1 0 0 1 
2.82735 -5 1.70608 0.621151 0.356489 0.695923 3.87081 22 225 16954 16594 1 0 0 1 
4.3822 -3.5955 5 0.914454 0.425682 -0.785111 4.20545 22 226 30084 30023 1 0 0 2 
-0.47284 -5 0.443102 0.0618958 0.15573 0.131063 3.92768 22 227 1826 1774 1 0.212406 0.212406 22 
-5 0.909638 4.13796 0.449816 0.226656 -0.0860941 4.00328 22 228 23121 23095 1 0 0 2 
1.36777 -5 1.78683 0.476152 0.30055 -0.102024 3.97384 22 229 19375 19339 1 0 0 2 
4.55069 -2.87376 5 -0.09263 0.015413 -0.219643 4.08937 22 230 28181 28180 1 0.238558 0.238558 18 
-0.0175806 -5 0.678902 0.338475 0.785302 0.119478 3.89418 22 231 23503 23360 1 0.180889 0.180889 5 
-5 -3.37968 1.51574 0.47457 0.162092 0.0981309 3.96113 22 232 16679 16678 1 0 0 1 
0.76128 -5 -0.514398 1.08508 0.781433 1.87255 3.8512 22 233 34512 34110 1 0 0 1 
-5 0.970044 -1.23755 0.326389 0.233396 -0.313276 3.99305 22 234 14248 14229 1 0.202282 0.202282 5 
-5 0.660667 -3.87626 0.249316 -0.0188963 -0.136042 3.94764 22 235 8504 8387 1 0 0 1 
-3.77393 -5 0.342761 0.200841 0.418479 -0.184657 4.00682 22 236 32112 32091 1 0.49914 0.49914 28 
0.114262 -5 -3.72922 0.416432 0.216552 -0.202014 4.05495 22 237 4032 4031 1 0 0 6 
-5 2.49792 0.698336 0.141554 0.368084 0.557358 3.85001 22 239 28288 28164 1 0.277467 0.277467 2 
-5 -2.78133 -2.48536 0.287972 0.174889 0.384195 3.8825 22 240 19311 19310 1 0 0 1 
-3.24827 -5 -2.01632 0.56217 0.336426 -0.0936386 3.9678 22 241 21103 21102 1 0 0 3 
-5 -0.357217 1.60748 0.792028 0.490433 1.0937 3.86368 22 242 16684 16512 1 0 0 2 
3.75838 4.90901 -5 -0.102185 -0.213223 0.453006 4.06056 22 244 3131 3129 1 0 0 3 
-3.06738 3.45423 5 -0.145562 0.0129649 -0.489657 4.14224 22 246 10270 10243 1 0 0 4 
-1.10925 -0.708223 -5 1.76335 1.10879 0.842981 3.90866 22 247 12630 12629 1 0 0 2 
-0.208308 2.44782 -5 0.44134 0.466824 0.592381 3.8583 22 248 45392 45305 1 0 0 2 
-5 -0.411947 -1.11123 0.412622 0.241579 -0.253709 3.97372 22 249 17719 17627 1 0 0 2 
-0.216343 -5 2.24889 0.165352 0.182435 0.0206422 3.95153 22 250 17167 16100 1 0 0 3 
-4.55604 -5 -1.18635 0.470677 0.182861 -0.0783905 3.90122 22 251 8589 8587 1 0 0 1 
-5 -2.14608 -3.4111 0.242848 0.228681 0.0105684 3.92942 22 255 1148 1089 1 0 0 1 
-5 -4.91628 -3.01191 0.233937 0.15412 0.00712938 4.00863 22 256 14425 13795 1 0.0636658 0.0636658 4 
-1.50549 -2.15555 -5 2.34562 4.23433 6.73947 3.82824 22 257 21586 21332 1 0.17767 0.17767 4 
-5 -1.53826 2.14887 0.656765 0.435836 0.509014 3.88974 22 258 18530 18381 1 0 0 3 
-5 2.96837 -3.6544 0.442618 0.0222485 0.0811533 3.94372 22 259 3274 3273 1 0 0 2 
-5 2.53384 2.31482 1.49112 1.0856 2.06014 3.86617 22 261 18128 18042 1 0 0 3 
3.79129 -5 2.05866 0.204079 0.150895 0.579614 3.84492 22 262 22370 22312 1 0 0 3 
-5 -4.35804 -1.44792 0.0554129 -0.289545 -0.213101 4.01509 22 263 6149 6148 1 0 0 11 
-0.574245 -5 -4.49474 2.08527 0.879527 0.905823 3.86762 22 264 18235 18234 1 0 0 2 
-1.13879 -5 2.14209 0.187359 0.146576 -0.360271 4.26068 22 265 7486 7456 1 0.742349 0.742349 18 
-5 -1.75344 -1.23484 0.372475 0.308186 0.16554 3.88756 22 266 11610 11609 1 0 0 4 
-0.0516615 0.0282527 5 -0.0704211 -0.0930227 -0.204598 4.17325 22 267 21450 21448 1 0.235257 0.235257 21 
2.86376 1.44596 5 2.25612 1.40966 -0.820041 4.05518 22 268 30242 30240 1 0 0 5 
-5 -0.548026 4.87838 0.397163 0.551318 -0.1784 4.01454 22 269 6811 6810 1 0 0 3 
-5 -2.27949 2.77107 0.224141 0.174943 -0.0569932 3.98189 22 270 22208 22206 1 0 0 2 
2.42099 -5 0.141616 0.302001 0.129329 0.325861 3.97628 22 271 12292 12264 1 0.651138 0.651138 3 
-5 -0.114931 -3.30077 0.251711 0.190901 -0.249381 3.96706 22 272 15765 15764 1 0 0 6 
-5 2.22023 -3.96046 0.182527 0.0335691 0.151991 4.02956 22 273 2718 2717 1 0.05927 0.05927 3 
-5 -2.05702 -0.650831 0.309094 0.406432 -0.0198605 4.00877 22 274 2333 2332 1 0.0506966 0.0506966 5 
2.57082 3.69273 5 -0.0744674 0.117718 -0.189487 4.15533 22 275 30403 30335 1 0.0399279 0.0399279 2 
-3.29184 -5 -0.657073 4.67184 5.4845 6.09202 3.83698 22 276 1104 1 1 0.192548 0.192548 28 
-0.0934178 -5 3.28909 1.03607 0.539762 0.146585 3.90564 22 277 9511 9509 1 0 0 4 
-5 -1.21114 0.671125 0.363207 0.330553 0.154988 3.94839 22 279 34194 34193 1 0.00789813 0.00789813 3 
-5 -1.03582 -0.456965 0.283548 0.156808 0.149912 3.94402 22 280 26590 26529 1 0 0 1 
3.57387 -5 -1.47281 0.639234 0.165305 -0.594487 4.19886 22 281 45176 45152 1 0 0 1 
-5 -4.13957 4.86355 0.403188 0.141598 -0.172246 3.99561 22 282 4033 4031 1 0 0 4 
-1.71873 -5 -1.48709 0.398247 0.290889 -0.133803 4.01565 22 283 7098 7097 1 0 0 1 
-5 -1.08576 -1.54487 2.99007 3.50661 9.27949 3.83236 22 285 18159 18013 1 0.24559 0.24559 27 
1.13217 -1.74553 -5 0.615092 0.754755 1.33774 3.83513 22 289 49126 48143 1 1.09543 1.09543 2 
-5 2.95939 -3.56325 0.371235 0.34833 0.0443901 3.95255 22 290 8979 8947 1 0 0 1 
-2.37339 -5 3.35497 0.354178 0.269543 -0.251046 4.12172 22 291 20050 20047 1 0 0 3 
-5 1.22132 2.47218 0.375306 0.345997 0.0234811 3.9563 22 292 18105 18061 1 0.176375 0.176375 21 
-5 4.27537 -0.663069 1.96218 2.51696 2.19925 3.89213 22 293 9489 9457 1 0 0 6 
-5 -1.80556 -1.64182 0.552064 0.0136675 -0.759358 4.11917 22 294 8151 8043 1 0 0 1 
2.75839 -5 -2.66784 0.307694 0.300315 -0.276144 3.95391 22 295 6548 6518 1 0 0 6 
-5 4.75298 -4.7556 0.25397 0.0790248 -0.06693 3.94359 22 296 10487 10406 1 0.0236511 0.0236511 5 
-0.0774849 0.300692 -5 0.228207 0.197426 0.295126 3.85452 22 297 3077 3041 1 0 0 6 
0.572207 -5 -4.62222 0.841077 0.494587 0.176925 4.90338 22 298 7471 7439 1 0.260374 0.260374 5 
-5 0.334211 -0.783545 0.11719 0.0484786 0.18653 4.03224 22 299 21457 21426 1 0 0 3 
-2.69595 -5 -3.18361 0.258962 0.206062 0.2754 3.85594 22 300 4871 4663 1 3.33093 3.33093 30 
2.71245 -5 1.81668 -0.107167 0.19334 -0.195454 3.91625 22 301 16118 16117 1 0.294509 0.294509 33 
3.00128 -5 4.80743 0.425118 0.246147 -0.140734 4.0469 22 302 1513 1511 1 0 0 2 
4.24643 -5 -3.14635 0.306985 0.157669 -0.167722 4.02655 22 303 28470 28469 1 0 0 1 
-4.9377 4.65637 5 0.339325 0.237283 -0.261739 4.14937 22 304 33392 33352 1 0 0 1 
1.25526 -5 -1.16049 0.367053 0.208824 -0.287723 4.04141 22 305 6690 6689 1 0.163872 0.163872 5 
0.610143 -1.40327 5 0.0767696 0.408504 -0.297239 3.91807 22 306 2457 2456 1 0 0 4 
2.11537 1.78348 5 0.245959 0.40966 -0.470789 4.13061 22 307 1571 1542 1 0.257345 0.257345 7 
-5 2.9002 -0.779664 0.188715 0.03016 -0.19093 4.29042 22 308 27956 27954 1 0 0 1 
-0.671889 0.880844 5 -0.158658 -0.055842 -0.0768837 3.99619 22 309 6273 6252 1 0.184521 0.184521 28 
-5 -4.21752 1.35931 0.304037 0.31569 0.262718 3.89541 22 310 6743 6742 1 0 0 2 
1.59375 -4.47981 -5 0.233227 0.120032 0.0437922 3.96557 22 311 21448 21387 1 0.00894717 0.00894717 3 
-5 -2.77067 1.66986 0.303384 0.281514 -0.580683 4.25263 22 312 6429 6399 1 0.18378 0.18378 26 
-5 -4.4148 0.858132 0.345785 0.208917 0.147326 3.92311 22 313 5249 5165 1 0.484699 0.484699 36 
-5 -4.9238 0.365591 0.237063 0.307753 0.442804 3.86263 22 314 14788 10583 1 0 0 1 
-2.65957 -5 -2.51844 0.829796 0.632413 0.725972 3.92087 22 315 24214 24213 1 0 0 1 
4.62127 -0.317397 -5 0.928296 0.54545 0.937034 3.8435 22 316 23680 22594 1 0.130342 0.130342 3 
-5 -1.56707 4.30061 0.273463 0.10279 0.419252 3.8502 22 317 1471 1449 1 0 0 4 
-0.254776 4.11044 5 0.108304 -0.0427723 -0.142953 3.99456 22 318 11018 10786 1 0.547768 0.547768 23 
-5 4.56628 3.95106 0.264573 -0.191819 0.533199 3.90488 22 319 1208 1207 1 0 0 4 
-5 -3.80739 2.13084 0.37918 0.0781789 -0.250924 4.04571 22 320 10150 10136 1 0 0 1 
-2.32022 -0.480306 -5 1.28748 1.23113 1.41591 3.86819 22 321 2213 2188 1 0.101305 0.101305 4 
-5 2.76418 4.78778 0.148373 0.448611 0.194559 3.93958 22 322 4199 4171 1 0 0 2 
-3.92547 -5 1.2119 -0.00833011 0.31045 0.186212 3.88193 22 324 34228 34193 1 0 0 2 
-5 -3.39361 0.217329 0.679656 1.15321 -1.02577 4.19067 22 325 11284 11283 1 0.234659 0.234659 4 
-5 0.463358 1.81199 0.332784 0.306999 0.113887 3.9391 22 327 46350 46296 1 0.606059 0.606059 26 
-5 1.73205 1.27894 0.226679 0.0247072 -0.275435 3.94229 22 328 24562 24502 1 0.183164 0.183164 5 
-5 -2.34042 0.155689 0.256698 0.0635264 -0.010215 4.22281 22 329 16928 16927 1 0 0 5 
-2.18443 -2.17606 -5 1.27559 0.79842 1.39114 3.85281 22 330 13555 13529 1 0 0 4 
-3.32553 -0.570363 -5 0.418359 0.804119 0.652019 3.88672 22 331 25862 25807 1 0 0 2 
-5 -3.73998 -0.920152 0.289076 -0.177228 0.224684 3.88671 22 332 15163 15089 1 0 0 1 
-5 -4.06284 -4.14565 0.236833 -0.129527 -0.0103075 3.92408 22 334 40821 40757 1 0.302921 0.302921 26 
-5 -1.64239 3.12712 0.373739 -0.251135 -0.241599 3.87598 22 335 37353 37352 1 0 0 1 
0.824388 -5 1.28395 2.77737 0.610572 4.99269 3.84131 22 336 14251 14201 1 0 0 1 
-5 -1.95855 -0.128239 0.474234 0.52622 -0.073732 3.98463 22 337 12265 12187 1 0 0 2 
-2.23127 0.857386 5 0.231927 0.273449 -0.327901 4.12795 22 338 6312 6171 1 0.494217 0.494217 21 
-5 -2.8498 -2.57259 0.85114 0.0468244 0.4838 3.89466 22 339 31077 30967 1 0 0 1 
-0.3516 -5 -4.5513 1.00804 0.660267 0.993099 3.86731 22 340 8911 8877 1 0 0 1 
-5 -1.42304 1.06689 0.463318 0.19476 0.0923305 4.04569 22 342 16398 16396 1 0.510601 0.510601 29 
-1.20882 -0.300648 -5 16.3845 10.9032 22.8803 12.5506 2112 343 8003 7978 1 3.40783 3.40783 24 
-5 -1.74901 -1.79668 0.326751 0.235839 0.314219 3.87792 22 344 28547 28520 1 0.64741 0.64741 27 
3.85844 4.72031 5 0.139428 0.470077 -0.1439 3.96331 22 345 9520 9517 1 0 0 4 
-3.78399 1.88758 5 -0.0828326 0.25651 -0.235816 4.19949 22 348 6282 6281 1 0 0 2 
-2.95222 -5 -3.83704 0.147895 0.0994702 0.346298 3.82945 22 349 8429 7387 1 0.103475 0.103475 4 
-5 -0.0724435 0.997673 0.466949 0.192153 0.0784617 4.02907 22 350 1689 1688 1 0 0 1 
-5 0.776725 0.213449 0.318534 -0.0894847 -0.208984 4.18382 22 351 6976 6975 1 0.81367 0.81367 34 
-3.01177 -4.69539 5 0.224085 0.339393 -0.309383 4.25574 22 352 33300 33299 1 0.37388 0.37388 26 
0.0204071 -5 -2.55742 0.234817 0.14613 -0.204796 4.19991 22 353 29313 29309 1 0 0 2 
-5 -4.93308 -0.152415 1.29224 1.4581 2.4928 3.8513 22 354 13261 13068 1 0 0 3 
-2.97564 -0.901796 -5 0.20855 0.155155 0.0775044 3.88699 22 358 14746 14712 1 0.271138 0.271138 9 
-4.74777 1.30334 -5 0.205435 0.412937 0.219999 3.87426 22 359 35052 35051 1 0.263476 0.263476 5 
2.57787 -3.10796 -5 0.36852 0.327729 0.511233 3.87959 22 360 53560 53510 1 0 0 1 
-3.01007 -5 -1.58009 0.275564 0.238396 -0.089921 3.97258 22 361 20086 20085 1 0 0 4 
2.88025 1.18624 5 1.04345 0.797636 -0.859289 4.12237 22 362 35049 34956 1 0 0 1 
-5 0.134871 1.84328 2.13816 1.74047 -0.598138 4.02357 22 363 15630 15603 1 2.40393 2.40393 42 
-5 -2.74613 2.07354 0.437917 0.26226 0.0238438 3.94146 22 364 3467 3439 1 0 0 4 
-5 4.32363 4.45696 0.121157 0.36317 0.196355 3.96159 22 365 37764 37614 1 0 0 1 
-5 3.59335 -2.0417 0.124826 0.310041 -0.217226 4.29026 22 366 3521 3520 1 0.210956 0.210956 32 
-4.54177 -5 -1.05019 0.471375 0.472676 0.137758 3.94332 22 367 17686 17646 1 0 0 1 
-1.85919 4.56191 5 -0.271324 0.415907 -0.542829 3.96235 22 368 1026 1005 1 0.51053 0.51053 33 
2.41606 -5 3.06068 0.0968396 0.342588 -0.118649 4.0039 22 369 21631 21611 1 0.756835 0.756835 33 
-0.601066 -5 0.546969 0.240536 0.242617 0.213753 3.88132 22 370 25787 24358 1 0.309016 0.309016 5 
0.0638174 0.725773 -5 0.176481 0.207396 0.157267 4.04493 22 371 26353 26352 1 0.248107 0.248107 21 
-2.07376 3.75389 5 0.295927 0.316277 -0.224362 4.27719 22 372 35806 35805 1 0 0 1 
-2.67807 -5 -4.63779 0.450129 0.286435 -0.0972156 4.02202 22 373 4595 4594 1 0 0 2 
3.52235 1.54704 -5 0.234603 0.16607 0.332068 3.8509 22 374 6133 6108 1 0.186863 0.186863 6 
-5 0.58939 -3.0555 0.0193195 0.00314019 0.0282831 3.85747 22 375 20392 20388 1 0.0342902 0.0342902 8 
2.97113 5 3.1607 0.0217713 -0.116645 -0.136595 4.04833 22 376 4465 4110 1 0.180549 0.180549 24 
-2.18677 -1.65296 -5 0.808115 0.678573 1.46395 3.84706 22 377 10278 9501 1 0 0 1 
1.97699 0.442983 -5 0.473577 1.17475 1.2101 3.85486 22 378 37101 36833 1 0 0 1 
-5 -2.23042 -2.3029 0.312067 0.3983 -0.0713504 3.96685 22 380 12536 12517 1 0 0 1 
-5 -4.60456 4.86149 0.393106 0.138086 -0.0722268 4.3725 22 381 4924 4923 1 0.651024 0.651024 56 
-5 -2.39223 -3.70427 0.29344 0.201064 0.19624 3.87221 22 382 18484 18268 1 0.985989 0.985989 6 
-5 -0.664221 0.521943 0.25251 0.281213 0.0436243 3.92325 22 383 48154 48046 1 0 0 1 
4.86043 -5 -3.99225 0.364046 0.0903772 -0.281476 4.26003 22 384 9332 9331 1 0 0 2 
-5 -4.01159 3.38717 0.191534 0.00413562 -0.293387 3.98011 22 387 4510 4411 1 0 0 2 
-5 -1.34048 4.5304 0.128815 -0.367198 -0.121028 3.9368 22 389 27561 27509 1 0 0 2 
-2.35352 -0.441633 -5 7.12171 7.60211 6.75067 3.85466 22 390 12576 12544 1 0.285632 0.285632 30 
3.72774 -5 0.698708 1.65338 0.814824 0.275078 3.93678 22 391 13927 13914 1 0.412682 0.412682 29 
2.13943 -3.97004 -5 3.40136 4.05528 6.56455 3.85016 22 393 5540 5498 1 0 0 1 
-0.926607 -1.73629 -5 2.12438 1.61429 0.517892 3.93012 22 394 2279 2209 1 1.71636 1.71636 8 
-3.00546 -5 -0.879732 0.344524 0.332819 -0.177918 4.05173 22 396 4497 4496 1 0.183073 0.183073 2 
-5 2.06258 4.59094 0.527206 0.363837 0.196908 3.94909 22 398 19276 19274 1 0 0 2 
-4.5046 -5 2.40691 0.316316 0.270586 -0.231556 4.07444 22 399 2891 2808 1 0 0 1 
1.76883 2.54362 5 0.490576 0.293022 -0.142167 4.02858 22 401 4437 4367 1 0 0 2 
-3.44786 -5 -2.87882 1.14479 0.987109 0.211109 3.93656 22 402 6948 6777 1 0 0 2 
-4.6916 -3.6807 -5 0.167949 0.153437 0.248759 3.8245 22 403 18104 18036 1 0.149588 0.149588 21 
-5 0.777526 -4.66148 1.34466 1.18838 0.690245 3.91107 22 404 5275 5093 1 0 0 4 
-5 1.41347 3.69942 0.334939 0.648325 0.671275 3.89872 22 405 17119 17118 1 0 0 1 
0.822909 -5 3.99287 0.203395 0.13267 -0.205478 4.08031 22 406 12584 12583 1 0.218554 0.218554 15 
-0.994322 -5 -1.70065 1.05461 1.33876 0.895479 3.85295 22 407 10436 10068 1 0.203365 0.203365 30 
-5 -2.44229 -4.70024 0.299689 0.213065 -0.0453464 4.04102 22 409 17853 17852 1 0 0 1 
2.37856 -5 3.67912 0.0418385 0.420791 -0.286888 4.27821 22 410 1316 1314 1 0.37281 0.37281 3 
-0.869761 -5 -4.87399 1.3912 1.33429 -0.72679 3.99286 22 411 12320 12314 1 0 0 2 
-3.53548 -4.45229 5 0.187495 0.144384 -0.302403 3.98859 22 412 49276 49275 1 0 0 1 
-1.77913 -5 -2.71932 0.338606 0.274823 0.208759 3.92496 22 414 4437 4390 1 0 0 2 
-1.56586 3.31728 -5 3.05781 3.25878 5.84104 3.84362 22 415 31970 31766 1 0 0 1 
-5 0.0441183 0.476717 0.345556 0.386687 0.405233 3.88018 22 416 45173 44976 1 0.31188 0.31188 2 
-5 4.91823 2.29393 0.391209 0.261647 -0.199038 4.0106 22 417 1024 1002 1 0 0 2 
-5 3.15623 -0.991199 0.273455 0.152922 -0.261406 4.13244 22 419 26077 26075 1 0 0 1 
-3.61451 -5 0.481864 0.174722 0.226124 -0.216113 4.00584 22 420 23418 23417 1 0 0 1 
-3.58463 -5 -1.86321 1.08801 1.05195 0.978152 3.85417 22 421 40358 40357 1 0.750025 0.750025 13 
-4.42569 -0.513307 5 0.428608 0.251055 -0.116976 4.05681 22 423 10337 10336 1 0 0 5 
1.33493 5 -3.68326 0.122644 -0.248959 0.459741 3.8708 22 424 19469 19292 1 0 0 3 
-5 -0.574845 -3.4645 0.906551 0.61529 1.67725 3.82731 22 426 11553 11352 1 0 0 5 
3.45138 -4.23108 5 0.0320234 0.0765918 -0.148355 4.05175 22 427 44820 44819 1 0 0 1 
-5 -3.29908 -2.75012 0.442249 0.253308 -0.0370236 4.06344 22 429 2152 2151 1 0 0 2 
-5 -4.95525 -3.36478 0.182083 0.245582 -0.140714 4.02272 22 430 15284 11659 1 0.19567 0.19567 32 
-2.85914 -5 -0.100594 0.339098 0.0870851 -0.422089 3.98196 22 431 2901 2899 1 0 0 4 
-5 3.2233 0.767589 0.330421 0.388152 0.0357708 3.9884 22 432 3886 3884 1 0 0 3 
3.38081 -5 -3.38389 0.418607 0.158231 -0.0540625 4.00884 22 433 17025 17022 1 0 0 2 
-1.99142 -0.974059 -5 1.43009 1.16535 0.771936 3.88613 22 434 40662 40625 1 0 0 1 
3.11313 -5 -3.51187 -0.160539 0.0825731 0.0358808 4.02563 11 436 34523 34502 1 0.0321387 0.0321387 2 
-5 -4.30437 -3.89274 0.0183821 0.0765224 0.158043 4.034 22 437 12500 12499 1 0.176181 0.176181 27 
-1.94647 -4.00269 -5 1.12284 0.656535 1.99905 3.82513 22 438 30222 28779 1 0.0876693 0.0876693 3 
-1.63021 -5 3.86481 0.419633 0.219162 0.192344 3.8974 22 439 24413 24370 1 0 0 4 
-4.62916 -5 1.45599 -0.0854761 0.341962 0.268882 3.9208 22 440 24708 24660 1 0 0 1 
-5 -0.288251 -2.17224 0.246727 0.249564 0.319733 3.93806 22 441 9184 9183 1 0 0 2 
-4.19499 -5 -1.16934 0.319114 0.372615 0.142984 3.92153 22 442 15071 15056 1 0 0 1 
-1.83249 -2.78865 -5 4.82034 1.85198 5.32906 3.86526 22 443 17746 17745 1 0 0 1 
2.29639 -5 1.37055 0.0182462 0.357185 0.231747 3.92109 22 444 22229 22204 1 0 0 4 
-3.64134 -5 -4.86139 0.411402 0.497353 -0.688731 4.22938 22 446 44624 44571 1 0 0 1 
0.592767 -1.60232 5 0.259312 0.0406531 -0.219404 4.09441 22 447 13436 13005 1 0 0 1 
0.00231775 -1.09459 5 0.197112 0.0346905 -0.365301 4.03394 22 448 29659 29658 1 0 0 1 
-0.217768 -5 -1.8588 0.0888409 0.447092 0.0476883 4.28743 22 449 11210 11161 1 0 0 3 
-2.64853 3.82209 -5 1.01639 0.681469 2.48689 3.83004 22 451 41553 41345 1 0 0 2 
2.99081 -5 -4.53864 0.264368 0.261443 -0.327058 4.03568 22 452 33316 33315 1 0.138558 0.138558 23 
-5 0.89221 -1.07619 0.137762 0.454099 -0.332129 4.05639 22 453 40315 40287 1 0 0 1 
0.970173 1.04832 -5 7.74702 2.19527 5.85772 3.87974 22 454 6001 5988 1 0 0 2 
-4.95934 -5 3.59903 0.929013 0.645736 1.57976 3.85257 22 455 1191 1 1 0.205518 0.205518 9 
3.631 4.22373 5 0.00519893 0.188617 -0.133845 4.06468 22 456 11437 11436 1 0 0 1 
-3.78366 -5 4.98156 0.345138 0.346149 -0.14893 3.95305 22 457 21080 21053 1 0 0 2 
-4.84919 -3.37342 -5 0.286151 0.225902 0.486968 3.83188 22 458 1990 1928 1 0.264479 0.264479 5 
-3.30071 2.45976 -5 0.0722476 -0.0853243 0.284522 3.87699 22 459 28973 28933 1 0 0 1 
2.4985 -5 3.20654 0.286197 0.145897 -0.0511677 3.99718 22 460 6983 6982 1 0 0 2 
-5 -2.10842 -0.452129 1.60575 1.21842 0.123111 3.90261 22 461 34068 33913 1 0 0 3 
-5 1.0067 1.53122 1.01695 0.888826 1.83396 3.86593 22 463 8625 8601 1 0 0 7 
-5 1.73707 0.583713 0.40785 1.02226 1.1087 3.90928 22 464 15137 15086 1 0 0 1 
-5 2.86721 3.71221 0.895824 0.400498 0.798827 3.89268 22 465 12173 12112 1 0 0 4 
4.22905 -5 3.42767 1.16854 0.213442 0.560975 3.90918 22 466 4884 4644 1 0 0 3 
-0.158125 -4.68859 5 0.0489927 0.31923 -0.057134 3.95315 22 468 32165 32142 1 0 0 2 
-5 -1.15385 0.211125 0.275522 0.315927 0.0879998 3.90259 22 470 24059 24058 1 0.298834 0.298834 3 
0.693829 4.69085 5 -0.059974 0.0136662 -0.19373 4.20284 22 471 30210 30097 1 0 0 1 
-4.15904 -5 -0.127464 0.392252 0.261577 0.0897564 3.92862 22 472 11133 11069 1 0 0 2 
-4.35299 -5 2.97274 0.141531 0.107651 0.294352 3.98233 22 473 38474 38426 1 0 0 1 
-5 4.71063 -0.122794 1.80594 1.11517 -1.16784 4.26559 22 474 29898 29897 1 0 0 1 
-5 0.773253 -3.18821 0.208626 0.166283 -0.212813 4.16165 22 475 44269 44268 1 0 0 1 
2.19886 -5 2.12098 0.481527 0.131612 -0.109223 4.01985 22 477 1197 1193 1 0.724294 0.724294 60 
-4.77232 -4.68387 5 0.216775 0.126421 -0.230969 3.99012 22 478 5970 5930 1 0 0 5 
-0.0110761 -5 -3.22533 0.340731 0.274969 0.0396705 3.89193 22 480 27293 27201 1 0 0 2 
-0.531229 -5 0.911849 0.312356 0.310552 0.0617272 3.94666 22 481 15941 15940 1 0.444436 0.444436 23 
-5 -2.93439 -3.93748 0.53589 0.223688 0.37524 3.84651 22 482 25777 25708 1 0.588737 0.588737 6 
-2.00737 -5 3.56865 1.4206 2.50679 -0.18003 3.95702 22 483 9670 9666 1 0 0 1 
-5 -0.377755 -0.0146788 0.12488 0.254747 -0.0932699 4.05603 22 484 26385 26318 1 0.298017 0.298017 34 
-4.72482 1.66878 5 0.467378 0.0320735 -0.20408 4.05878 22 485 38381 38380 1 0 0 1 
2.2823 -0.337099 -5 0.713879 0.0643928 0.278579 3.87726 22 486 26069 26000 1 0.768563 0.768563 31 
-5 -2.41823 -1.99833 0.252804 0.162534 -0.230043 4.33575 22 487 19309 19305 1 0 0 1 
-5 -2.81907 -3.35137 0.418532 0.419551 -0.235991 3.87006 22 489 21627 21593 1 5.97745 5.97745 86 
-5 -0.073568 1.93009 0.295994 0.176092 -0.0672808 4.07593 22 491 39859 39858 1 0.350501 0.350501 28 
-5 -1.93513 3.27962 0.141688 0.255267 0.475058 3.85594 22 493 53349 53160 1 0.754208 0.754208 3 
-5 -3.44179 2.27486 0.395621 0.319052 0.0530108 3.97131 22 495 12002 12001 1 0 0 1 
-5 4.2328 4.08187 0.416592 0.631358 0.220142 3.9489 22 496 33770 33741 1 0 0 1 
-5 1.28309 -0.0712661 0.648492 0.314526 0.370952 4.86671 22 497 7166 7145 1 0.483336 0.483336 5 
-4.57109 -5 -1.04174 0.502092 0.553536 0.321262 3.89945 22 498 18448 18127 1 0 0 2 
-5 -0.405749 2.04661 0.722156 0.55498 1.86607 3.83587 22 499 21171 21170 1 0 0 2 
-1.05907 -3.12299 -5 0.17752 0.0845865 0.188495 3.91445 22 502 53296 53028 1 0.185454 0.185454 32 
-1.11903 -5 -2.56661 0.340778 0.192854 0.0137986 3.91464 22 503 26343 26020 1 0 0 2 
-4.98572 4.32072 5 0.328203 0.273965 -0.279904 4.11778 22 504 1905 1904 1 0.0355692 0.0355692 4 
-1.72707 -5 -3.07977 0.152315 0.0942573 -0.0485933 3.83695 22 505 3234 3110 1 0 0 7 
0.7338 -5 -4.97598 1.85681 1.55415 0.921929 3.88156 22 506 1913 1803 1 0 0 3 
-2.8353 -5 -2.85677 -0.0612455 0.305814 -0.102681 3.94293 22 507 24897 24851 1 0 0 4 
-5 -3.76593 2.2209 0.847401 0.828221 1.59041 3.86038 22 508 8462 8401 1 0.506234 0.506234 3 
1.67734 4.84151 5 0.319869 0.2114 -0.0832305 4.0553 22 509 12744 12698 1 0 0 2 
-5 3.86134 -0.789006 0.183081 0.373533 -0.254395 4.18959 22 510 5503 5382 1 0 0 1 
-5 3.32723 3.81997 0.239994 0.374825 0.251056 3.89608 22 511 2799 2798 1 0 0 2 
-5 -3.57701 -1.00238 0.815543 0.590719 0.597334 3.90789 22 512 3485 3414 1 0.379012 0.379012 37 
0.800467 3.30163 5 0.438609 0.390358 -0.418303 5.28856 22 513 27751 27718 1 0 0 2 
0.436783 -5 -4.84031 0.28736 0.331073 -0.108763 4.13564 22 514 4908 4907 1 0.261337 0.261337 9 
-5 -2.88275 -4.50608 0.152479 0.14229 -0.151368 3.9981 22 515 40257 39389 1 0.0343136 0.0343136 6 
-4.02644 -5 0.867965 0.509996 0.277672 0.734382 3.84978 22 516 12198 12143 1 0 0 3 
-1.42776 -1.09725 -5 0.194221 0.267936 0.273834 3.8531 22 517 43821 43511 1 0.208955 0.208955 3 
-5 2.27552 4.49323 0.430434 0.0180643 -0.274809 4.19364 22 518 6212 6209 1 0.0298713 0.0298713 5 
-5 -2.06099 0.107614 0.52926 0.256188 0.217097 3.90015 22 519 10193 10108 1 0 0 1 
-1.53925 4.94955 -5 0.614322 0.521381 0.792717 3.86496 22 520 1307 1 1 0 0 1 
2.79217 -3.23683 5 0.993407 0.784338 -1.09413 4.27258 22 522 14449 14422 1 0 0 1 
-5 -2.79131 -3.76845 3.30776 2.01415 6.44379 3.8366 22 523 11843 11811 1 0 0 3 
-2.75534 -5 0.239036 0.402065 0.0890236 0.143333 3.87245 22 524 21789 19609 1 0 0 4 
0.912925 -5 1.13606 0.814187 0.62904 1.29516 3.85673 22 525 30640 30449 1 0 0 1 
0.560859 5 0.907121 0.0650045 -0.100471 0.132069 4.01182 22 526 5259 5172 1 0 0 1 
-0.911038 -5 0.485328 0.317977 0.353413 0.00912695 3.90541 22 527 13613 13532 1 0.573457 0.573457 56 
5 -4.07956 4.65735 -0.125112 -0.0161245 0.0500377 4.25953 22 528 4074 4073 1 0.525265 0.525265 36 
-2.57899 -5 -2.28449 0.302593 0.367962 -0.184827 4.00052 22 530 14746 14718 1 0 0 1 
-4.65761 -5 3.68349 0.416087 0.272597 -0.116971 4.02338 22 531 27984 27983 1 0.262618 0.262618 2 
-0.257461 -5 -4.90027 0.172459 0.430361 -0.0693072 3.92196 22 532 20844 20814 1 0.603333 0.603333 7 
-2.12977 -2.59269 -5 1.34235 0.629602 0.71769 3.95607 22 534 8871 8843 1 0 0 3 
1.08588 -3.68616 5 0.32054 0.227182 -0.423982 4.28942 22 536 39640 39514 1 0 0 1 
1.9341 -3.61797 5 0.224186 0.0926205 -0.254727 4.24281 22 537 51449 51417 1 0.351208 0.351208 30 
-3.67308 -1.34962 -5 0.169429 0.0929604 0.31673 3.83974 22 538 38223 38222 1 0.211952 0.211952 3 
-2.63343 -1.5793 -5 0.354097 0.293858 0.222222 3.92593 22 539 21445 21444 1 0 0 2 
-4.63998 1.84583 -5 0.679484 0.955399 0.827357 3.87723 22 540 38949 38948 1 0 0 1 
-1.1886 -2.14379 5 0.304273 0.104468 -0.264593 4.1541 22 541 5256 5255 1 0 0 2 
-5 4.38835 -1.63919 0.385145 0.329307 0.183919 3.90389 22 542 14920 14918 1 0.0292524 0.0292524 6 
-5 2.41581 4.96051 0.243426 0.035601 0.27961 3.90844 22 543 26754 26753 1 0 0 2 
-5 -2.24291 -4.38964 0.381868 0.418961 -0.0340295 3.98688 22 545 13098 13083 1 0.0407917 0.0407917 2 
-5 0.575536 -3.78666 0.295642 0.0654692 0.388225 3.91761 22 546 26655 26651 1 0 0 1 
2.00592 -5 2.27069 0.285442 0.235666 0.147146 3.95869 22 548 3899 3864 1 0.159081 0.159081 32 
-5 -1.15521 -4.58208 2.04626 0.992128 3.7393 3.82734 22 549 25142 25084 1 0 0 4 
2.35099 -5 4.22302 0.68406 0.341992 -0.464548 4.10888 22 550 41741 41739 1 0 0 2 
-3.80318 -5 -0.585109 1.0909 1.03573 1.37112 3.85913 22 551 4449 4447 1 0.0473819 0.0473819 5 
4.3613 -5 -2.51808 0.468126 0.175879 0.105093 3.92128 22 552 11508 11488 1 0 0 5 
4.17719 4.19372 -5 0.19128 0.14414 0.335864 3.83966 22 553 8834 8757 1 0 0 3 
-0.705492 -5 0.0647063 0.237273 0.230118 -0.038215 4.03391 22 554 1836 1835 1 0.104172 0.104172 2 
-5 -2.58314 -3.39525 0.848004 1.02853 1.51576 3.86019 22 555 12283 12217 1 0.129506 0.129506 3 
-2.32073 -5 -0.840724 0.340972 0.231353 -0.302215 4.16773 22 557 1224 1222 1 0 0 1 
-4.75651 -2.80231 5 0.947961 1.07373 -1.57491 4.06477 22 558 25474 25419 1 0.196855 0.196855 17 
3.08694 -4.99806 -5 0.182087 0.408333 0.247444 3.91279 22 559 10927 10926 1 2.09381 2.09381 5 
4.15981 -5 3.73314 0.107693 0.459199 0.196616 3.93565 22 560 18852 18851 1 0.182452 0.182452 4 
-4.73595 -5 2.61808 3.68004 2.42944 3.7523 3.88425 22 561 26364 26337 1 0 0 3 
-5 -3.64477 4.17685 0.74648 0.716023 0.7975 3.88258 22 562 52025 51839 1 0 0 1 
-1.09872 -5 -4.52922 15.2024 11.7779 27.2882 3.83439 22 563 18559 18534 1 0 0 1 
-3.44543 -2.9622 -5 0.24754 -0.0223705 0.17452 3.90993 22 565 5843 5821 1 0 0 2 
-5 -3.12379 2.37866 0.300614 0.0468116 -0.238163 3.87922 22 566 23750 23744 1 0 0 2 
0.231195 -5 3.28342 0.20845 0.180029 0.220853 3.8843 22 567 40353 39375 1 0 0 1 
-0.4569 -5 -4.6842 0.333303 0.28534 -0.0658105 3.8653 22 568 18202 17956 1 0.0693155 0.0693155 3 
4.57045 -3.17408 -5 0.436189 1.10039 1.65006 3.84242 22 569 35624 35623 1 0 0 1 
-5 -0.167199 0.098238 0.130079 -0.143281 0.195234 3.93007 22 570 19295 19275 1 0.0422305 0.0422305 3 
-5 -3.87537 -4.85974 3.13783 2.63732 0.794682 4.88298 22 571 28945 28725 1 0 0 2 
-5 3.91425 -3.06803 0.276932 0.227345 -0.304362 4.00551 22 572 19704 19703 1 0.00929037 0.00929037 4 
-4.00508 0.139974 -5 1.06641 0.868643 1.20724 3.86552 22 573 27474 27322 1 0 0 4 
-5 -2.37205 4.56594 0.253243 0.211523 -0.327279 4.13773 22 574 13471 13360 1 0 0 1 
-5 1.00251 -4.53381 0.279279 0.17135 0.0113903 3.99615 22 575 12726 12696 1 0 0 3 
-5 -4.86001 -1.64925 0.438183 0.184055 -0.187721 3.97527 22 576 33300 33299 1 0.121971 0.121971 7 
-5 -3.39392 -1.54648 0.199889 0.13885 -0.182028 4.03437 22 577 11362 11327 1 0.0380921 0.0380921 5 
-1.3138 -5 -4.6857 0.420082 0.28534 -0.0568517 3.98215 22 578 5036 5015 1 0 0 1 
-1.03818 -5 3.14715 0.171918 0.392014 -0.279086 4.07915 22 579 8647 8646 1 0.0588643 0.0588643 4 
-5 -3.44581 3.0695 0.146962 0.0727296 -0.171092 4.07383 22 580 20441 20402 1 0.663844 0.663844 25 
-5 -3.95969 2.49948 7.85978 -0.421531 1.50425 3.90921 22 581 10748 10618 1 1.2593 1.2593 30 
-5 -4.70237 1.42748 0.263178 0.353472 -0.142984 4.01674 22 582 4251 4250 1 0 0 3 
-1.21173 -5 -0.440198 0.0829362 0.192052 -0.117294 4.00253 22 583 22454 22433 1 0 0 1 
-2.89588 3.71092 -5 2.45852 1.88468 3.27233 3.84889 22 585 16148 16061 1 0 0 2 
1.62051 -1.26642 -5 0.169733 0.120447 0.192286 3.84225 22 586 8561 8201 1 0.435906 0.435906 4 
-5 -2.99174 -0.426561 0.487847 0.263106 0.419116 3.8648 22 587 7505 7333 1 0 0 3 
4.99818 -5 4.28509 0.474155 0.258069 0.345747 3.92712 22 588 3235 1 1 0 0 1 
-5 1.10517 2.77839 1.31761 0.157935 -0.108902 4.02465 22 589 12893 12863 1 0.0776994 0.0776994 4 
-5 1.85718 1.4307 0.398805 0.147184 -0.283569 4.09881 22 590 8219 8189 1 0.180711 0.180711 35 
-4.39485 2.10947 -5 0.0785266 -0.119602 0.17014 3.95949 22 591 35187 35172 1 0.0282819 0.0282819 2 
-0.412021 -5 3.88595 0.121072 0.29138 -0.0852653 4.29244 22 592 19485 19484 1 0.0496346 0.0496346 2 
-1.41038 -5 -4.46985 0.0384462 0.28608 -0.110002 4.03418 22 593 49868 49649 1 0 0 1 
-5 4.09684 -0.224254 0.332712 0.283459 0.521104 3.86173 22 594 1001 1 1 0 0 4 
-5 2.68878 -4.93662 0.453805 0.402419 -0.174116 3.98427 22 595 3906 3872 1 0 0 1 
-4.18309 -2.22698 5 0.257115 0.213715 -0.312706 4.32974 22 596 22766 22764 1 0 0 1 
-5 4.48609 0.636814 0.207774 0.633707 0.118646 3.93392 22 598 27672 27644 1 0 0 1 
2.68658 -1.56348 -5 0.354518 0.151639 0.356376 3.89206 22 599 38612 38596 1 0 0 2 
-0.656427 -4.59406 -5 7.59402 6.60092 7.12929 3.87085 22 600 32443 32442 1 0 0 1 
2.68999 -2.06617 -5 0.326463 0.0882163 0.1988 3.88316 22 601 6245 6198 1 0.267572 0.267572 4 
-5 4.32729 -0.403855 0.452279 0.245052 0.111044 3.97845 22 603 12957 12938 1 0 0 8 
-5 -0.617345 -1.49863 0.854787 -0.647333 -0.537968 3.95317 22 604 15892 15891 1 0 0 2 
-5 -4.5112 -2.42848 0.572372 0.416122 0.0478739 3.93475 22 605 3398 3291 1 0.815053 0.815053 39 
-1.10573 4.74122 -5 -0.01378 0.305307 0.409534 3.87057 22 606 15222 15219 1 0 0 2 
-1.69407 -5 -2.35834 0.652428 0.845661 0.96501 3.87966 22 607 35655 35499 1 0.298727 0.298727 19 
-4.63275 3.4829 -5 0.636016 0.676569 2.12562 3.81041 22 608 29651 29513 1 0 0 2 
1.04396 -5 2.17126 0.546912 0.212292 0.31672 3.93232 22 609 28066 28065 1 0 0 2 
0.087583 -1.02958 -5 0.232016 0.00228362 0.211886 4.06875 22 610 13739 13738 1 0 0 1 
-3.85251 -0.120314 -5 0.187562 0.283995 0.954843 3.80603 22 611 1491 1377 1 0.228796 0.228796 8 
-5 -4.14127 1.8546 0.278946 0.0759237 -0.150744 3.94827 22 612 10579 10398 1 0 0 2 
-5 2.94102 -0.348883 0.969411 0.742624 -1.53917 4.17625 22 613 20980 20928 1 0.159988 0.159988 4 
-4.49001 -5 1.32557 1.94877 1.53962 -1.39326 3.95785 22 614 15879 15804 1 0 0 3 
-5 1.14494 -0.922793 0.213139 0.332422 -0.0759053 3.97247 22 615 6463 6196 1 0.401703 0.401703 28 
-5 -3.73585 -4.98903 0.326497 0.270284 -0.0862385 3.99358 22 616 2556 2553 1 0.245705 0.245705 3 
-5 2.74005 -2.13318 0.754801 0.596106 -0.0684966 3.96048 22 617 20679 20648 1 0.822914 0.822914 35 
-4.58921 -4.25481 5 0.179615 0.114177 -0.192153 4.17402 22 618 42744 42702 1 0.286495 0.286495 17 
-5 -0.830769 4.57135 0.183794 0.173911 0.0430517 3.9302 22 619 17384 17204 1 0 0 2 
-5 -4.95819 2.5627 0.624636 0.340748 0.0805689 3.92966 22 620 4469 4424 1 0.384447 0.384447 9 
-5 -3.09044 3.20342 0.32583 0.404697 -0.0983537 3.91438 22 622 53479 53451 1 0 0 1 
-4.40938 -5 -2.59049 0.261265 0.287825 -0.331689 4.08819 22 623 5299 5298 1 0 0 2 
-5 -1.18148 3.56803 0.299715 0.188645 0.157938 3.91071 22 624 5722 5486 1 0 0 1 
-5 -1.34861 -4.72561 0.63121 0.392651 -0.167872 3.94195 22 625 48690 48686 1 0 0 1 
3.56504 -2.60121 -5 0.293586 -0.10551 0.524229 3.84576 22 626 25280 25204 1 0 0 1 
-5 0.552911 1.06074 0.560146 0.68641 0.181604 3.89162 22 627 13929 13928 1 0 0 2 
1.50543 -0.778028 -5 0.670001 0.335398 0.618647 3.94294 22 628 21919 21918 1 0 0 3 
-1.13967 2.86934 5 -0.0833745 0.139649 -0.230423 4.45486 22 629 11500 11499 1 0 0 1 
-5 -3.2702 4.34283 2.34436 2.15438 5.23056 3.84831 22 630 5905 5717 1 0 0 2 
-4.03744 -5 0.64857 1.07224 1.25546 0.25221 3.93221 22 631 11238 11146 1 1.45106 1.45106 27 
-5 1.9082 0.399745 0.316406 0.400496 0.0247124 4.01271 22 632 27175 27150 1 0 0 1 
-5 -0.327009 2.95812 0.215493 0.199567 0.278306 3.85191 22 633 4918 4848 1 0 0 3 
-0.417166 1.91326 -5 3.85463 2.4058 1.96557 3.89047 22 634 6177 6160 1 0.352019 0.352019 26 
-5 4.57504 2.45376 0.113646 0.318228 0.0794509 3.97132 22 635 26520 26485 1 0 0 1 
1.8729 -2.49764 -5 0.454911 0.353597 0.338222 3.89051 22 636 25543 24571 1 0.114963 0.114963 6 
-1.833 -5 -3.34673 0.322062 0.206429 -0.302987 4.08459 22 637 16094 16039 1 0 0 3 
-0.883418 -5 -4.83017 2.57847 1.22429 2.00107 3.87215 22 638 4547 4544 1 0 0 3 
1.73017 2.95739 -5 0.474482 -0.0631199 0.314971 3.9836 22 640 23828 23661 1 0 0 1 
2.82088 -5 -2.94727 0.207267 0.134715 -0.102063 4.01529 22 641 3145 3046 1 0 0 2 
-2.48799 -0.112566 -5 0.418429 -0.110005 0.271912 3.89671 22 642 29153 29133 1 0.51065 0.51065 22 
-5 -1.04493 -1.95543 0.200816 0.270328 0.153433 3.87984 22 643 10844 10843 1 0 0 3 
-2.32279 0.585841 -5 0.902717 0.423907 0.85597 3.84204 22 644 12589 12449 1 0 0 2 
2.78813 -5 2.14003 0.403026 0.215015 0.0784099 3.91668 22 645 6952 6910 1 0 0 7 
3.11672 -4.84989 5 2.91946 2.77609 -1.26112 3.87836 -11 646 43766 43765 1 0.951091 0.951091 18 
-5 0.666717 3.57909 0.477313 0.133393 -0.124492 4.10275 22 647 3014 3013 1 0 0 5 
-5 -2.58539 4.05019 0.64232 0.579948 1.17629 3.87278 22 648 27491 26361 1 0 0 2 
-5 4.44464 -1.50359 0.314304 0.220906 0.336948 3.86569 22 649 22520 22494 1 0 0 1 
-5 3.51163 -1.80409 0.225877 0.219967 0.314137 3.92446 22 650 10020 9995 1 0.345765 0.345765 10 
3.74775 -2.17151 5 1.14577 0.0867031 -1.02556 4.20188 22 651 8241 8240 1 0.198736 0.198736 11 
-5 2.18725 -1.31913 0.348361 0.0416643 -0.371522 4.27647 22 652 7303 7300 1 0 0 5 
1.46746 -5 2.94175 0.308329 0.236474 0.472377 3.87795 22 653 40934 40865 1 0.61113 0.61113 32 
2.63048 -2.53227 -5 1.65665 0.920537 1.70233 3.85623 22 655 11576 11502 1 0 0 1 
-5 -1.61194 1.29502 0.42387 0.294322 0.212083 3.91723 22 656 11622 11465 1 0.00395644 0.00395644 3 
-5 2.46433 0.953002 0.225857 0.185307 -0.168826 4.03357 22 657 31693 31692 1 0.0681745 0.0681745 2 
-2.30023 -5 1.96904 0.133562 0.0976713 0.147587 3.9494 22 658 1765 1764 1 0 0 4 
-5 -2.08713 4.96748 1.88855 1.92399 0.699928 3.93789 22 660 21182 21140 1 0.103993 0.103993 3 
-5 -4.87268 -2.19816 0.956711 0.693616 -0.177049 3.98449 22 662 10592 10591 1 0 0 2 
-0.585115 2.44855 5 0.14518 -0.114234 -0.576217 4.29528 22 663 12942 12735 1 0 0 1 
-5 4.49254 -4.96214 1.41223 1.63526 2.66297 3.86098 22 664 47462 47392 1 0 0 2 
0.839469 0.4276 -5 0.342672 0.301962 0.229161 3.90279 22 665 3265 3241 1 0 0 4 
-1.65749 2.86365 5 -0.0855839 -0.0732205 -0.19824 4.14035 22 667 19382 19304 1 0 0 2 
1.90378 -3.03462 -5 0.467668 0.309327 0.395857 3.88626 22 668 58751 58679 1 0 0 1 
-4.82559 -4.71337 -5 2.38205 1.95957 2.48077 3.86404 22 669 5337 5307 1 0 0 1 
-5 -3.0461 -1.15648 0.0752907 -0.0497169 -0.287929 4.06381 22 671 49110 49107 1 0 0 1 
2.5123 -5 3.69344 0.338334 0.22828 -0.0993233 3.99874 22 672 7728 7670 1 0 0 3 
-4.74549 -5 -3.8342 1.70621 0.89738 2.31311 3.8501 22 673 10022 9823 1 0 0 1 
-5 -4.04919 -4.21449 0.500485 0.446835 -0.312586 4.01734 22 674 6714 6713 1 0 0 3 
-3.27095 -5 3.28148 0.269906 0.273007 0.626845 4.86032 22 675 22051 21924 1 0 0 1 
-2.97705 -1.08338 -5 0.989266 0.398284 0.721293 3.84427 22 676 29525 29357 1 0 0 1 
-2.0009 2.60113 -5 0.43841 0.250864 0.0773551 3.92561 22 677 26656 26654 1 0.53748 0.53748 18 
-2.93842 5 -1.84617 0.0159166 -0.194969 0.107727 3.96843 22 678 34847 34815 1 0.223167 0.223167 14 
0.715231 -5 1.68649 0.290643 0.368934 -0.201331 3.98635 22 680 22071 22070 1 0.0450138 0.0450138 6 
-5 -2.50215 -2.70505 0.441229 0.159399 0.313213 3.87797 22 681 18755 18320 1 0 0 1 
-5 0.238247 3.31429 0.650169 0.941156 0.212264 3.9872 22 682 13793 13792 1 0 0 2 
-5 2.62348 0.14094 3.49266 2.60638 2.84249 3.88524 22 684 3919 3775 1 0.00734936 0.00734936 5 
-4.12953 -5 3.60345 2.0247 1.30439 7.81668 3.8344 22 685 32103 32060 1 6.82914 6.82914 29 
-5 -3.35617 2.16904 0.455753 0.18616 -0.136945 4.00846 22 686 1769 1736 1 0 0 1 
4.81581 -5 1.08388 2.13558 1.37252 1.32763 3.88039 22 687 10436 10394 1 0 0 1 
-5 -4.36928 -3.56161 0.403242 0.313872 0.000466195 3.94929 22 688 15323 15321 1 0.365766 0.365766 22 
1.49737 -5 1.32604 0.447201 0.227471 0.0968934 3.94284 22 689 13814 13782 1 0.331329 0.331329 24 
-1.42099 -2.77137 5 -0.16123 0.0168004 -0.0524523 3.92058 22 690 17202 17195 1 0 0 3 
-5 0.214231 2.75622 0.515701 1.01085 0.070317 3.99499 22 691 26678 26677 1 0.0812121 0.0812121 3 
-0.0537151 -5 4.55062 0.311607 0.164642 0.370019 3.88851 22 692 30749 30748 1 0 0 2 
-5 -2.16753 -4.73165 0.238468 0.186187 0.0082625 3.96492 22 693 27527 27149 1 0 0 1 
-5 -1.10147 -2.80953 0.322003 0.210899 0.183981 3.8799 22 694 2651 2618 1 0 0 4 
-5 1.76491 2.71243 0.131741 0.236397 0.211274 3.96946 22 695 18782 18781 1 0 0 1 
-1.83385 5 -3.67241 0.338992 -0.119501 0.0894324 4.01952 22 696 5234 5233 1 0 0 2 
4.9013 -5 -0.661874 1.53859 1.4004 1.21912 3.91021 22 697 39575 39574 1 0 0 2 
1.87281 -0.0343655 5 0.225273 0.230276 -0.2307 4.29673 22 698 15224 15221 1 0 0 4 
-1.76021 -2.86806 -5 0.460661 0.252588 0.161128 3.93939 22 699 25371 25369 1 0 0 2 
-5 -1.52226 -1.18999 0.307791 0.0145746 0.082884 3.96058 22 700 9488 9487 1 0.0334162 0.0334162 16 
-4.22638 -5 -4.30371 0.727029 0.467728 -1.04716 4.11538 22 701 4027 4026 1 0 0 5 
-5 -4.11162 -0.192793 0.876547 0.613804 0.753839 3.86715 22 702 48008 47913 1 0 0 1 
-3.31104 3.68635 -5 0.278714 0.0386692 0.0623388 4.17488 22 703 42129 42098 1 0 0 2 
3.1143 5 4.24538 0.296951 -0.113544 -0.0479044 4.0752 22 704 22368 22234 1 0 0 2 
3.38745 -5 -2.35099 0.238485 0.266999 0.274795 3.91117 22 706 8656 8471 1 0 0 5 
-5 -3.02764 0.873738 0.365924 -0.964273 -0.191849 3.88767 11 707 1906 1833 1 0.626256 0.626256 15 
-1.28556 -5 2.66772 0.813257 0.229335 0.443238 3.89639 22 708 6447 6391 1 0.16224 0.16224 5 
-5 0.35399 3.76533 0.352033 0.401483 0.365149 3.89347 22 709 12963 11849 1 3.04317 3.04317 38 
-1.15531 5 4.5322 0.145688 -0.0949133 0.174795 4.07731 22 710 32391 32361 1 0.216709 0.216709 21 
-5 0.704745 -3.36848 0.279111 0.315855 0.193062 3.93138 22 714 26417 26414 1 0 0 1 
3.44378 5 0.0469504 -0.196825 -0.0235569 -0.0949909 4.25058 22 716 7890 7889 1 0.0541099 0.0541099 2 
0.22 -4.83554 -5 0.906951 0.676024 0.737366 3.8945 22 717 6471 6466 1 0 0 2 
-5 -4.11546 -3.05639 0.126865 0.308862 0.127317 3.9687 22 718 1784 1783 1 0.0190923 0.0190923 3 
0.263717 2.06696 5 0.303775 0.329408 -0.241513 4.08103 22 719 45651 45650 1 0 0 1 
-5 0.232829 -3.40692 0.344889 0.358595 -0.278259 4.03976 22 720 48659 48589 1 0.00348016 0.00348016 2 
-5 3.29384 -2.96747 0.415104 0.446968 0.240506 3.88332 22 721 1389 1 1 0 0 3 
4.00892 -3.84341 -5 14.6918 3.87026 20.383 3.843 22 722 9801 9699 1 0 0 4 
-5 -1.04138 4.1108 0.869685 0.712651 1.07175 3.86096 22 724 9572 9527 1 0 0 5 
2.91854 -2.3809 5 0.361289 0.0429648 -0.0501137 4.27244 22 725 4990 4936 1 0 0 6 
-3.13231 -3.77003 -5 -0.00011773 -0.0127739 0.0269024 4.14397 22 726 21849 21843 1 0.029522 0.029522 19 
-2.411 3.93096 -5 2.26448 1.53591 4.38253 3.82617 22 727 6372 6335 1 0.0444807 0.0444807 5 
-0.967621 2.01609 -5 -0.139589 0.0800849 0.21483 3.96383 22 728 52752 52751 1 0 0 1 
-5 -4.32356 0.770669 0.455074 0.136677 -0.188008 4.11702 22 730 35105 35092 1 0 0 1 
2.85057 -5 1.10133 0.134206 0.122446 -0.246278 4.18189 22 731 37223 36605 1 0.0409859 0.0409859 3 
-5 -0.551794 2.43782 0.941247 0.402166 -1.18526 4.01008 22 732 19096 18983 1 0 0 2 
-0.204434 -5 -2.79981 0.187856 0.317428 0.0906702 3.94695 22 733 13476 13454 1 0 0 5 
-3.03168 -5 0.199783 1.59188 1.03339 1.44945 3.89715 22 734 14951 14950 1 0 0 1 
-1.91242 -5 -2.70873 0.300128 0.290387 0.0277221 4.04118 22 735 26003 26002 1 0 0 1 
-3.4009 -3.07556 5 0.170924 -0.0318515 -0.167082 4.16137 22 736 31443 31407 1 0.240735 0.240735 24 
-5 0.346849 2.96541 0.245945 0.233876 -0.0179847 3.94989 22 737 10193 10050 1 0.224767 0.224767 13 
-3.39889 -3.86022 -5 0.247023 0.161196 0.226344 3.88005 22 738 12624 12612 1 0 0 1 
-0.637534 5 4.60076 0.0958946 -0.105208 0.0114739 3.92396 22 739 22477 22244 1 0.142502 0.142502 22 
-5 1.35214 4.46605 1.54207 1.67263 3.87186 3.86009 22 740 40504 40306 1 0 0 1 
-1.80771 -5 -3.446 0.299435 0.337214 -0.240303 4.01783 22 742 16731 16730 1 0 0 1 
-5 -2.21895 -4.63352 0.287088 0.274649 -0.321353 4.06798 22 743 1778 1777 1 0 0 2 
-5 2.65284 1.56056 0.405023 0.400797 -0.456144 4.21455 22 744 19892 19891 1 0 0 4 
-5 -4.05371 -3.82543 0.0423648 0.248587 0.0935877 3.9131 22 747 8091 8058 1 0 0 1 
-5 -3.98858 -3.58764 0.940322 0.527148 -1.1287 4.1258 22 748 8805 8781 1 1.30256 1.30256 3 
-5 3.84085 -0.684024 0.343382 0.0403212 0.0211472 3.94593 22 749 30888 28580 1 0 0 1 
-5 -4.82704 -3.86057 0.299732 0.27153 0.312334 3.85175 22 751 18319 18257 1 0.322741 0.322741 2 
-2.15615 -5 -0.903618 0.212656 0.267105 0.0314874 3.93638 22 752 2789 2787 1 0 0 3 
2.50953 4.0798 5 0.282347 -0.0719873 -0.419783 3.94827 22 753 16194 16192 1 0.264119 0.264119 29 
-5 -0.167106 0.652481 0.361894 -0.215842 -0.289075 3.95501 22 754 7369 7347 1 0.19894 0.19894 4 
-5 2.6157 4.13277 1.20097 -0.147943 1.09505 3.87266 22 755 14864 14822 1 0 0 5 
-4.19928 -5 -1.71056 0.514551 0.248081 -0.423219 4.11289 22 758 7232 7206 1 0 0 6 
0.560006 -5 -1.53647 0.301583 0.140876 -0.085401 4.14391 22 759 25154 25128 1 0 0 1 
-3.29143 3.46179 -5 0.0668168 0.117439 0.149877 4.11228 22 761 12361 12360 1 0 0 1 
-5 0.00503946 0.441163 6.39885 4.81375 5.04572 3.8873 22 763 12519 12518 1 1.00943 1.00943 8 
4.91897 3.45288 5 0.286412 0.295362 -0.227334 4.22883 22 764 1638 1610 1 0 0 3 
-5 -0.950274 3.38296 0.276065 0.321928 -0.141616 3.98004 22 765 25025 24938 1 0 0 2 
3.52628 -4.96145 -5 -0.346751 0.0949716 0.261706 3.87803 22 766 10331 10228 1 0.111421 0.111421 19 
-5 0.626164 -2.49752 0.289956 0.077154 -0.228074 3.95085 22 767 32880 32877 1 0.0725322 0.0725322 2 
-0.045259 1.18509 -5 0.611777 0.0575677 0.2942 3.94928 22 768 1419 1418 1 0.494191 0.494191 17 
3.88061 -4.55388 5 0.361166 0.311318 -0.183739 4.01815 22 769 14076 14066 1 0 0 2 
2.2475 -5 -2.67964 2.10928 2.38483 1.55163 3.92763 22 770 3579 3530 1 0 0 1 
-5 1.91526 -0.676991 0.346314 0.09243 0.364202 3.92798 22 771 6792 6779 1 0 0 2 
-0.69579 -5 -2.84003 0.194572 0.147706 0.286287 3.85403 22 772 11168 10957 1 0 0 2 
3.78387 2.55885 -5 0.415353 0.00721574 0.35923 3.86842 22 773 14317 14159 1 0.51079 0.51079 17 
3.1519 -2.1238 -5 10.1778 8.05421 11.3439 3.85524 22 774 5508 5505 1 0.438971 0.438971 30 
-5 -2.4693 4.26509 0.514049 0.335242 0.0187965 4.00457 22 776 46954 46953 1 0 0 1 
2.24001 -1.0855 5 0.355385 0.199242 -0.308422 4.23176 22 777 7478 7477 1 0.0399113 0.0399113 7 
-3.82761 2.26131 -5 0.345125 0.22345 0.250512 3.88014 22 778 20797 20759 1 0.298759 0.298759 3 
-5 -1.27521 4.72217 0.638258 0.268252 1.32149 3.85417 22 780 47051 46924 1 0 0 2 
-5 2.65322 0.71091 0.675036 0.48923 -0.536949 5.09867 22 781 16160 16088 1 0 0 1 
-5 2.79728 -1.61806 1.38875 1.57087 1.03487 3.8856 22 782 8816 8756 1 0.269228 0.269228 14 
-5 3.49632 1.34351 0.424778 0.283839 -0.0108964 4.0431 22 783 8791 8790 1 0.564469 0.564469 19 
-5 -1.31545 -3.86737 0.306539 0.205167 -0.188915 4.13166 22 785 39589 39586 1 0 0 1 
3.61081 -5 -3.86644 0.381857 0.119853 -0.0193534 3.98437 22 787 18505 18261 1 0 0 2 
-3.76561 -5 2.64501 0.398555 0.306568 -0.0910459 3.96645 22 788 9859 9856 1 0.36314 0.36314 56 
-2.49225 -3.12776 -5 0.268319 0.224734 0.290521 3.84421 22 789 30125 30064 1 0.118928 0.118928 3 
0.0411943 2.10423 5 0.327219 0.267604 -0.287116 4.11622 22 790 8458 8406 1 0 0 3 
3.27812 -5 -2.02882 0.164968 0.403802 -0.0240367 3.98403 22 791 28019 27986 1 0 0 2 
-4.92019 5 -4.34229 0.738375 -0.460442 0.418455 3.86332 11 792 1060 1038 1 0.0575679 0.0575679 1 
-5 3.25768 3.49951 0.175924 -0.266306 0.44392 3.89122 22 793 26156 26036 1 0 0 1 
3.87648 -4.24696 -5 0.0789848 0.29253 0.169848 4.08387 22 794 1465 1464 1 0.347088 0.347088 21 
-2.61589 -5 1.45616 0.217989 0.166681 -0.431066 4.073 22 795 2181 2179 1 0.213231 0.213231 5 
-5 4.45394 -2.98975 0.216458 0.44215 -0.137001 4.03158 22 796 28641 28638 1 0 0 1 
5 3.08656 -4.4679 -0.316518 0.112472 -0.38508 3.86468 22 797 7632 7631 1 0.293874 0.293874 5 
-0.266671 -5 1.93327 0.264844 0.202069 -0.387487 4.17931 22 798 23291 23247 1 0 0 5 
-5 1.27981 2.7394 0.183814 0.216124 -0.0263181 3.87873 22 799 47690 47689 1 0.459458 0.459458 17 
-0.349321 -4.16634 -5 0.534267 0.417106 1.26697 3.82012 22 801 34522 34342 1 0 0 1 
-0.0379343 -5 0.416857 0.192451 0.149767 0.108984 3.88956 22 802 22616 22516 1 0.728893 0.728893 62 
-3.71071 5 2.72982 0.130832 -0.1212 -0.144419 4.11809 22 803 8092 8062 1 0 0 2 
-5 4.24729 1.55867 0.200851 0.0554745 -0.187808 4.00551 22 804 12217 12085 1 0 0 3 
-5 1.83445 0.34454 0.863295 0.629824 -0.725297 4.26525 22 805 23387 23386 1 0 0 3 
-5 1.37965 2.51127 0.226186 0.117757 -0.0260028 4.03985 22 806 15403 14710 1 0 0 1 
-4.06257 -5 2.5453 0.175435 0.129821 -0.319617 4.04618 22 807 9648 9646 1 0.157684 0.157684 4 
2.07985 -5 2.05255 1.96377 1.59649 0.843296 3.87589 22 808 3423 3318 1 2.74868 2.74868 46 
-2.66632 -5 2.10037 2.81734 2.09845 1.03275 3.90369 22 809 3246 3217 1 0.912414 0.912414 5 
-2.20454 -5 -2.02575 0.435581 0.125668 0.157335 3.92102 22 810 20744 20721 1 0 0 1 
-5 2.82118 4.71611 0.623003 0.816891 0.7367 3.90457 22 811 3199 3193 1 0 0 3 
1.80102 -5 -2.3257 -0.157457 0.410736 0.12186 3.88104 22 813 3260 3234 1 0.185806 0.185806 24 
-1.44266 2.7114 -5 0.392967 0.312984 0.0934781 3.97046 22 814 18348 18324 1 0 0 1 
-5 0.939325 1.46546 0.355409 0.23061 -0.040712 3.98974 22 816 10418 10393 1 0.510529 0.510529 33 
-5 -1.86058 0.185356 0.271501 0.184137 -0.391792 4.28892 22 817 41147 41146 1 0 0 1 
-5 -1.70323 -4.2199 2.89345 1.03821 -0.55752 3.97403 22 819 7842 7727 1 0 0 5 
-5 0.395719 -0.503912 0.355498 0.359225 -0.075488 3.97408 22 820 11210 11185 1 0.510707 0.510707 21 
-5 1.15239 -4.29911 0.144523 0.230417 -0.0925422 4.13621 22 822 27470 27366 1 0 0 2 
4.362 -5 -0.114771 0.347779 0.334362 0.168441 3.91663 22 823 22983 22950 1 0.27872 0.27872 26 
-5 2.6819 -1.69997 0.491957 0.330152 0.374248 3.8861 22 824 5408 5378 1 0 0 2 
-5 1.33902 4.27475 0.372816 0.34857 0.0250408 4.0044 22 825 1936 1935 1 0 0 3 
3.17782 -5 -0.669135 0.0944876 0.240366 0.138119 3.98494 22 826 2727 2703 1 0.292452 0.292452 27 
-5 -3.97303 2.28548 0.60825 -0.134524 -1.16892 3.86415 11 827 8637 8578 1 1.51467 1.51467 80 
2.97927 -5 0.126039 0.203059 0.0866587 -0.382354 4.20435 22 828 15123 15092 1 0.706535 0.706535 32 
-5 4.1848 -2.34171 0.339503 0.305603 0.110264 3.92322 22 829 30472 30437 1 0 0 1 
-2.85121 -5 -2.68652 0.274049 0.284167 0.372389 3.85374 22 830 27062 26993 1 0.0995078 0.0995078 4 
-2.0951 -5 4.49108 0.0783563 0.170037 -0.187572 4.03612 22 831 1997 1845 1 0.402795 0.402795 5 
4.21129 -4.39867 5 0.744265 0.301319 -0.264831 4.0277 22 832 7168 7167 1 0 0 5 
4.96233 2.71857 -5 0.749853 0.755106 0.755488 3.86677 22 833 30445 30342 1 0 0 2 
-5 2.55258 2.35756 2.1185 0.767955 -0.285163 3.92937 22 835 12210 12209 1 0 0 4 
3.33157 -5 3.61509 0.184958 0.0557475 0.0602513 4.19427 22 836 1554 1552 1 0.26956 0.26956 6 
0.116654 4.19849 -5 -0.0979789 -0.40317 0.298285 3.90969 22 837 3531 3528 1 0.318275 0.318275 4 
-5 4.77981 1.95047 0.367975 -0.0536425 -0.489434 4.21004 22 840 8623 8601 1 0.614113 0.614113 41 
-5 -1.88436 4.88474 0.143618 0.35308 -0.106775 4.08188 22 842 7156 7137 1 0.00545325 0.00545325 6 
-0.405532 -5 -1.70235 0.502749 0.26988 0.194339 3.90482 22 843 20900 20899 1 0.349619 0.349619 3 
-5 0.272546 -2.21305 0.386275 -0.154907 -0.622657 4.1872 22 844 1294 1292 1 0 0 4 
-5 4.78345 -0.479078 0.4331 0.194295 -0.211364 3.87494 22 845 11149 11070 1 0.269286 0.269286 5 
-4.59674 -5 -3.63034 0.421984 0.287902 0.0127383 3.88164 22 846 4090 4089 1 0.510647 0.510647 25 
-0.394478 -4.25436 5 0.416086 0.120964 -0.270851 4.23824 22 847 17478 17475 1 0 0 2 
-1.74277 0.0776903 -5 1.93035 1.29055 2.68635 3.86956 22 849 38163 38025 1 0 0 1 
-5 2.51117 2.8055 0.918127 0.836753 -0.239703 4.04079 22 850 5343 5266 1 0 0 3 
-3.15075 -4.01662 5 0.00104336 -0.100973 -0.0659057 3.99547 22 851 11421 11420 1 0 0 2 
-0.466598 -5 0.432517 10.2213 10.4411 28.2449 15.2682 2112 852 51076 51051 1 0 0 1 
1.909 -5 4.10521 0.516945 0.621843 -0.0378032 4.0392 22 853 4857 4836 1 0.331642 0.331642 6 
-5 3.58746 -0.084805 0.342172 0.246592 -0.0710216 4.02753 22 855 7989 7966 1 0 0 2 
-5 -2.68442 -2.93661 0.327563 0.217725 -0.326218 4.00015 22 857 18242 18241 1 0.0698824 0.0698824 3 
-4.71342 -5 -2.81513 -0.0555506 0.277376 -0.425554 3.95996 22 859 7761 7760 1 0 0 3 
-5 1.02486 3.33641 0.299076 0.0545246 0.183802 3.91982 22 860 29978 29975 1 0 0 1 
-5 1.76077 -2.5885 13.3892 2.83582 1.78299 3.91916 22 861 18586 18584 1 0.274166 0.274166 29 
-0.159884 -4.58491 -5 2.17074 0.216142 1.27954 3.86306 22 862 37703 37626 1 0 0 2 
-5 -4.37185 -3.93594 0.269702 0.357076 0.0841597 4.14567 22 863 3829 3826 1 0.265723 0.265723 5 
-5 -4.28786 -3.53351 0.409336 0.296842 0.0738163 3.91338 22 864 2620 2560 1 0 0 3 
-5 1.27803 2.13471 0.389084 0.278908 0.178729 3.9553 22 867 14414 14385 1 0 0 3 
0.829821 -5 -3.69654 0.754733 0.692464 0.343647 3.86503 22 868 29394 29260 1 0.226392 0.226392 25 
-1.1159 -5 -3.6325 0.337328 0.196331 -0.011023 3.90918 22 869 9379 9378 1 0 0 2 
-0.64806 -2.70731 5 0.29136 0.201857 -0.122428 4.02619 22 870 6218 5661 1 0 0 2 
-2.17708 1.48842 5 -0.00035897 -0.0217519 -0.152375 4.27026 22 871 41140 41139 1 0.153689 0.153689 18 
-3.46214 -5 1.66261 5.07203 6.6381 4.47666 3.88746 22 872 27280 27138 1 0 0 1 
4.30843 -5 -1.2435 0.421192 0.289157 0.157756 3.92731 22 873 6646 6643 1 0 0 2 
-5 -1.18908 -1.42249 0.456267 -0.228642 -0.0257626 3.90675 22 874 8950 8949 1 0 0 2 
-5 -0.269002 2.52197 0.38282 0.327969 -0.0836963 4.13806 22 875 9233 9232 1 0 0 1 
5 4.80396 0.512915 -0.0672329 0.320318 -0.552528 4.28839 22 876 5437 5408 1 0.48259 0.48259 4 
-0.548805 -4.65022 5 1.16521 -0.233329 -0.268392 4.07492 22 877 26726 26701 1 0 0 2 
-5 2.5809 2.18535 0.779695 0.167324 0.874783 3.84374 22 878 10481 10436 1 0.995372 0.995372 9 
-5 2.36612 0.40045 0.127831 -0.0428423 -0.218739 4.15096 22 879 2202 2200 1 0.6586 0.6586 36 
-5 -2.81334 0.736062 0.745427 0.311699 0.685473 3.8789 22 880 8542 8458 1 0 0 4 
-5 -3.15826 1.4825 0.576086 0.519764 -0.0873573 4.00343 22 881 14210 14161 1 0 0 3 
-0.432419 3.46467 -5 0.0970884 -0.0421895 0.210804 3.85963 22 882 18176 17700 1 0 0 4 
-5 4.76791 4.87766 0.454589 0.693565 0.116184 3.92483 22 883 22001 22000 1 0 0 1 
-2.77819 -5 1.52395 0.319314 0.314349 0.245648 3.92878 22 884 6421 6420 1 0 0 2 
1.56426 -5 0.373714 3.64695 2.95635 -0.511688 3.99212 22 885 9098 9097 1 0 0 1 
1.97126 -5 2.22907 0.238496 0.331078 -0.135412 3.95209 22 886 21711 21652 1 0 0 4 
2.76327 -2.0787 -5 6.78288 6.32901 7.18231 3.86126 22 887 15312 15250 1 0 0 1 
4.72652 -4.02291 5 0.357742 0.207807 -0.299928 4.16253 22 889 5012 5011 1 0 0 1 
1.29486 5 0.742436 0.0924297 -0.240774 0.112964 4.17567 22 890 33705 33704 1 0 0 1 
0.41756 0.222176 -5 0.438005 0.563126 1.09584 3.84353 22 892 32001 31928 1 0.629116 0.629116 2 
-2.80951 -4.98132 -5 2.73783 -0.794651 0.671866 3.85604 11 893 39890 38633 1 0.0190701 0.0190701 7 
-5 -0.964335 -3.02645 0.352346 0.149879 -0.140605 4.11697 22 896 11337 11334 1 0 0 2 
-5 0.659521 -2.29963 0.324117 0.384462 -0.350447 5.146 22 898 24345 24192 1 0 0 1 
-5 -2.38363 2.37805 0.0388176 -0.0927718 0.169719 4.13491 22 899 5504 5501 1 0.645051 0.645051 5 
-5 -0.651511 -4.79047 0.108365 0.355754 0.487019 4.84338 22 900 36992 36966 1 0 0 1 
0.0637102 -3.11925 -5 0.485258 0.208173 0.940463 3.82887 22 903 40380 40303 1 0 0 1 
-5 4.35491 4.87964 0.275117 0.401878 0.329032 3.89616 22 905 5663 4896 1 0 0 1 
-2.72982 -5 4.85365 0.179978 0.344874 -0.0699877 4.07136 22 906 1930 1854 1 0 0 3 
-5 -4.51949 3.62589 0.964351 0.796496 0.0912918 3.92608 22 909 5553 5430 1 0 0 2 
-2.59949 0.204511 5 0.562223 0.513688 -0.108666 4.00732 22 910 17135 17134 1 0 0 1 
3.59816 2.658 5 1.67998 1.12791 -0.472069 4.11627 22 911 29371 29312 1 0 0 1 
-5 4.12197 4.07196 0.153468 0.29821 0.00519082 4.1596 22 912 4493 4491 1 0.156353 0.156353 15 
0.757754 -3.70071 -5 0.4726 0.337068 0.275339 3.88163 22 913 24545 24478 1 0.641973 0.641973 32 
-4.87673 -2.2336 -5 0.388571 0.39573 0.404585 3.86992 22 914 22367 22209 1 0 0 2 
-5 -4.36328 -2.90187 0.453957 0.208838 -0.106909 3.93671 22 915 10086 10084 1 0.416316 0.416316 14 
5 -4.70004 -2.17594 -0.375101 -0.0798207 -0.112699 3.9061 22 917 31684 31655 1 0 0 1 
-5 -1.96627 -1.15293 0.33544 0.263577 -0.281296 4.10919 22 919 9245 9244 1 0.741233 0.741233 22 
-5 4.18769 3.88273 0.0468647 0.339817 0.378745 3.87263 22 921 49356 49355 1 0.466095 0.466095 3 
3.74637 -1.28875 -5 1.96228 0.845587 2.38661 3.8399 22 922 10512 10416 1 2.13443 2.13443 20 
-3.12893 1.59153 5 0.886524 -0.582054 -0.954835 4.1823 11 923 5633 5632 1 0.488308 0.488308 2 
1.85896 1.94731 -5 0.452632 0.373977 0.523898 3.87539 22 924 8422 7115 1 0 0 7 
-2.43725 -5 4.21873 0.362818 0.142804 -0.316441 4.33149 22 925 6259 6257 1 0 0 2 
-5 -0.514109 2.68085 1.80577 1.76365 1.099 3.89792 22 926 42427 42361 1 0 0 1 
0.239664 -4.06732 -5 5.3826 2.11068 4.9908 3.8397 22 928 33309 33295 1 1.66435 1.66435 27 
-5 4.28345 3.17979 0.199186 0.381439 0.503672 3.86341 22 929 20581 20545 1 0 0 3 
2.01387 5 4.21576 0.0857245 -0.126153 -0.440152 4.34535 22 932 8911 8835 1 0.465438 0.465438 28 
-3.229 -5 1.54235 0.230125 0.431339 -0.0106914 3.92906 22 933 3921 3920 1 0 0 3 
-0.0181388 4.54768 -5 0.229219 0.0929018 0.372978 3.86922 22 934 27923 27900 1 0 0 7 
-3.62566 -5 1.54343 0.47013 0.268741 0.0924961 3.90002 22 935 30669 29415 1 0 0 2 
0.804811 -5 -3.26564 0.503434 0.286353 -0.577729 4.19291 22 936 10719 10695 1 0 0 2 
-5 -0.488884 2.06975 1.61159 2.23239 0.502379 3.88677 22 938 15583 15479 1 0.113148 0.113148 3 
3.03664 -1.85987 5 0.137742 -0.0500314 -0.170441 4.15428 22 939 7169 7166 1 0.510514 0.510514 36 
-4.78087 0.729696 5 0.314262 0.122989 -0.302369 4.19399 22 942 9103 9101 1 0.178087 0.178087 21 
4.32675 -5 0.602587 0.272043 0.412584 -0.265508 4.25528 22 943 17176 17172 1 0 0 1 
-0.604955 -5 -1.74421 0.191734 0.0713087 0.108957 3.92063 22 944 24484 24483 1 0.231194 0.231194 32 
-5 1.50123 -2.95484 0.433364 0.307056 0.00567053 3.93105 22 945 3384 3383 1 0 0 3 
4.70606 -5 3.23219 0.347211 0.219885 0.0820096 3.907 22 946 7093 6213 1 0 0 3 
-2.98386 -5 -1.29149 0.0918668 0.153016 -0.128284 3.90772 22 947 5080 5048 1 0.219358 0.219358 32 
-4.13926 -5 -4.0592 0.454687 1.04021 0.381265 3.88776 22 948 47229 47228 1 0 0 1 
-5 3.58598 -3.51637 0.0709831 -0.169215 -0.108843 4.25232 22 950 24161 24160 1 0 0 2 
-5 2.22037 1.16778 0.120998 0.19884 0.151267 3.87261 22 952 24572 24550 1 0 0 3 
-5 -0.85578 4.05652 0.317904 0.500813 1.07921 3.85696 22 953 19549 19456 1 0.510733 0.510733 23 
-2.80182 -5 -4.93717 0.641854 0.39872 0.342139 3.86755 22 954 3240 3239 1 0 0 5 
0.783442 2.5966 -5 0.534222 0.49866 0.160462 3.9768 22 955 9307 9305 1 0 0 1 
-2.98871 4.06992 -5 -0.0338911 -0.0636 0.194512 4.01848 22 956 15574 15530 1 0.206936 0.206936 30 
-3.84487 0.72422 -5 0.810382 0.699329 0.970316 3.85061 22 957 3180 1 1 0 0 3 
-4.4844 -5 -3.32229 -0.0171672 0.566277 0.290774 3.83793 22 958 16129 16128 1 0.177779 0.177779 28 
3.36359 -2.05747 5 -0.0282658 0.49271 -0.132506 4.16583 22 959 16881 16879 1 0.0987533 0.0987533 3 
-1.90778 0.128523 5 0.439772 0.195855 -0.238955 4.02081 22 960 9620 9619 1 0.53706 0.53706 26 
-5 0.609755 -3.05155 0.530784 0.566355 -0.0826782 3.89563 22 961 4235 4105 1 0 0 9 
-5 4.99499 1.66008 0.450956 0.369274 0.998476 3.8487 22 963 15988 15932 1 0 0 4 
-4.24449 -5 0.938052 0.459988 0.436289 -0.0141905 4.03717 22 964 23924 23857 1 0 0 2 
-3.34576 -3.92424 -5 0.271512 0.375455 0.215487 3.89426 22 966 8951 8950 1 0 0 6 
-5 -2.58884 -0.411361 0.787628 0.593081 -0.00801894 3.98176 22 967 14781 14712 1 0.399001 0.399001 6 
-5 -0.572826 -0.0608478 0.36208 -0.00305612 0.0695146 4.05032 22 968 20142 20108 1 0 0 3 
-4.82476 -5 1.98408 0.411488 0.315075 0.541567 3.84875 22 969 8242 7884 1 0 0 2 
-5 -2.81204 -0.888396 0.466334 0.392754 0.446049 3.89918 22 970 35553 35496 1 0 0 3 
-5 0.799777 -2.35577 0.2345 0.119094 -0.0334867 3.99745 22 971 7056 7055 1 0.100004 0.100004 4 
-5 -0.55209 2.5208 0.430891 0.176619 0.00550872 3.95658 22 972 14416 14399 1 0 0 4 
-3.66423 -5 -2.21559 0.324016 0.394279 -0.0260257 4.01222 22 973 16239 16238 1 0.175545 0.175545 6 
-5 -2.1621 0.0319361 0.144073 0.0237614 0.0894985 4.33533 22 975 23768 23767 1 0.744773 0.744773 54 
-5 1.89751 -4.56571 16.3912 3.85136 -13.6758 20.7835 2112 976 4952 4891 1 0 0 1 
-0.227475 -3.39415 -5 0.59667 0.395804 0.583314 3.86544 22 977 32015 31976 1 0 0 2 
-0.640021 -1.09525 5 -0.112117 -0.124353 -0.48279 4.0177 22 978 1285 1284 1 0 0 3 
-4.54785 -5 4.53175 0.267356 0.288035 -0.100942 3.91915 22 980 41236 41235 1 0.115007 0.115007 2 
-5 -3.35135 3.3288 0.91541 0.97927 0.986523 3.87199 22 981 7903 7448 1 0 0 5 
-4.34702 -5 0.0197132 0.34814 0.222554 0.2315 3.85959 22 982 11386 11366 1 0 0 2 
-2.38806 -5 2.48813 0.492576 0.078964 -0.110695 4.19384 22 984 1098 1096 1 0.245878 0.245878 19 
0.310883 -3.41662 5 0.0730891 -0.12098 -0.332922 4.24702 22 985 46032 46029 1 0 0 1 
-5 1.52485 -2.19138 0.159182 0.142208 0.0743141 4.03269 22 986 4978 4946 1 0 0 2 
-1.97878 -5 -4.2427 0.339441 0.300575 0.059685 4.10834 22 987 16786 16765 1 0 0 2 
-5 2.40875 2.3847 0.54171 0.473012 0.282598 3.89482 22 988 7013 5828 1 0 0 2 
3.1302 -5 -0.485401 0.351174 0.273847 -0.0782341 4.06645 22 990 32266 32263 1 0 0 1 
-5 -1.83741 0.801196 0.801547 1.01465 0.828577 3.88288 22 991 16892 16861 1 0 0 1 
-1.64705 -5 -4.66943 0.337334 0.29357 -0.24727 4.0699 22 992 63877 63874 1 0 0 3 
-5 -1.60124 -4.62322 0.199783 0.144516 -0.0705159 3.90189 22 993 31099 30925 1 0.510243 0.510243 51 
-5 -0.804225 0.355751 1.97687 1.74042 3.75849 3.84957 22 994 33536 33472 1 0 0 1 
-1.00237 -5 3.30683 0.847854 0.796967 0.477449 3.88254 22 995 11809 11765 1 0 0 1 
-5 4.10191 3.48663 0.231196 0.0581746 0.138733 3.99227 22 996 10175 10172 1 0 0 2 
-1.39197 -5 -1.38141 0.0879483 0.214965 1.00848 3.8291 22 997 36420 36416 1 0 0 5 
-5 -3.66952 3.48924 0.618306 0.205857 0.261319 3.97898 22 998 28810 28762 1 0.520131 0.520131 4 
-4.77586 1.06588 5 0.308537 0.406044 -0.140023 4.05787 22 999 7263 7262 1 0.260736 0.260736 7 
-5 0.0608401 0.777303 5.66832 -1.13031 -0.0990104 3.86716 -11 1000 1002 1001 1 1.42968 1.42968 19 
