# Det9_9_9
#x y z Px Py Pz t PDGid EventID TrackID ParentID Weight Edep VisibleEdep Ntracks
-5 1.18786 -2.78407 0.289538 -0.0338001 -0.243581 4.10403 22 1 39676 39673 1 0 0 1 
4.43782 -1.91082 5 0.384241 0.102732 -0.320819 4.12884 22 3 22355 22353 1 0 0 2 
-0.418273 -5 -4.5278 0.796709 0.490069 1.15923 3.66715 22 6 20300 20298 1 1.22794 1.22794 4 
-5 0.307967 -1.59503 0.371442 0.170027 -0.0557003 3.80675 22 7 34433 34385 1 0 0 2 
-4.83648 -5 -3.60628 0.316717 0.264549 -0.301371 4.01142 22 9 53175 53173 1 0 0 1 
-4.8863 -2.97082 -5 0.0557757 0.252598 0.175671 3.69339 22 11 11266 11172 1 0.00417363 0.00417363 5 
-5 -0.390523 4.46302 0.740513 0.993352 -0.951138 3.94005 22 13 19003 18968 1 0.219574 0.219574 5 
-4.45297 -0.0250324 5 0.0350461 0.246425 -0.0204133 3.92361 22 14 21470 21437 1 0.0592442 0.0592442 2 
-1.60203 -5 1.79422 0.289783 0.234083 0.0957083 3.7813 22 15 10215 1 1 0 0 1 
-5 -4.59535 3.04539 1.14958 0.556737 -1.01839 4.07888 22 17 12297 12234 1 0 0 1 
-5 -1.146 -1.31431 0.286394 0.206189 0.0192351 3.77675 22 22 18414 17292 1 0.352999 0.352999 23 
0.439195 -5 3.63867 0.2968 0.229322 0.0796259 3.78375 22 23 3992 3526 1 0 0 1 
-2.9001 -5 3.35976 0.716306 0.772338 -0.578192 4.02282 22 25 3705 3704 1 3.1181 3.1181 21 
-5 -4.2593 0.48766 0.306293 0.398347 -0.0928675 3.84986 22 26 1867 1865 1 0 0 1 
-5 1.81677 3.43889 0.301576 0.297991 0.285259 3.74537 22 27 1668 1640 1 0 0 1 
-5 -2.88709 2.52095 0.128559 0.238113 0.273401 3.79662 22 30 45971 45834 1 0 0 1 
-3.06089 -3.62051 5 0.100562 0.096023 -0.377948 4.07574 22 33 50133 50104 1 0.165201 0.165201 2 
1.2408 0.972889 5 0.343666 0.146841 -0.205626 3.8397 22 34 7453 7450 1 0.392877 0.392877 12 
-5 2.37941 2.0252 0.134742 0.143259 -0.0538486 3.96461 22 36 2867 2604 1 0 0 1 
-3.95287 -5 3.50527 0.453456 0.233154 0.0337142 3.86497 22 39 27943 27942 1 0 0 1 
-5 1.04215 -0.19091 0.253401 0.431009 -0.105539 3.86484 22 41 15860 15855 1 0.510744 0.510744 19 
-5 -3.74418 4.98636 0.293271 0.592816 -0.27055 3.86197 22 45 35540 35536 1 0.714007 0.714007 37 
-3.97776 -5 3.91715 0.345732 0.563474 0.713312 3.70136 22 46 33825 33774 1 0 0 1 
-5 -1.42453 4.81996 0.411862 0.500572 -1.02982 4.03151 22 48 10928 10900 1 0 0 1 
-2.32689 -5 -1.60215 0.208396 0.198157 0.259125 3.70453 22 51 24546 23435 1 0.386593 0.386593 32 
-5 1.90514 -3.98833 0.673716 0.364238 0.338806 3.75663 22 57 19389 19385 1 0 0 1 
-4.07262 -4.97814 5 0.316868 0.151374 -0.466061 3.94421 22 59 20732 20640 1 0.443243 0.443243 24 
-4.60965 -1.97687 -5 3.4791 5.85618 6.37247 3.70097 22 62 52645 52587 1 0 0 1 
-1.56228 -5 0.838622 0.179163 0.268641 0.396046 3.7073 22 65 36211 36210 1 0 0 2 
3.50218 -5 4.80931 0.353675 0.35204 0.0704595 3.79266 22 66 35863 35335 1 0 0 1 
4.20228 0.178117 5 0.049991 0.225326 -0.452457 4.03391 22 69 29217 29173 1 0 0 2 
-5 4.19271 0.977506 0.135691 0.217825 -0.213436 4.30968 22 70 34316 34313 1 0.188125 0.188125 2 
-5 2.63774 4.23246 0.219369 0.225731 -0.402545 4.08422 22 71 39262 39261 1 0.292318 0.292318 2 
2.93938 -5 1.99824 0.641711 0.532493 -0.211102 3.87151 22 75 28543 28542 1 0 0 2 
-5 -3.73415 0.530367 0.472421 0.570133 0.603887 3.71144 22 76 63183 63090 1 0 0 1 
2.48569 -5 -4.74062 0.285698 0.326456 -0.270043 3.99608 22 82 6982 6981 1 0 0 2 
-5 -3.67764 4.22666 0.752888 1.18431 0.138921 3.79025 22 84 18672 18624 1 0.0163392 0.0163392 2 
4.62281 -5 0.335238 0.220538 0.194908 0.270438 3.82219 22 85 23144 23143 1 0 0 1 
-5 0.869939 -0.573717 0.262596 0.256407 -0.355554 4.09055 22 86 53455 53446 1 0 0 1 
2.51108 -5 -0.0771889 0.436729 0.164319 -0.123768 3.90783 22 87 3255 3253 1 0 0 1 
-5 0.443025 -0.375099 2.03639 1.75718 1.55789 3.74157 22 89 31400 31399 1 0 0 1 
2.31956 -5 -1.50407 0.470113 0.197759 0.0316986 3.75685 22 90 37015 36969 1 0.359991 0.359991 32 
3.66589 -5 4.00141 0.499818 0.99302 -1.44795 3.82618 22 91 6001 5979 1 0 0 1 
0.85056 -5 1.76541 0.280032 0.283536 -0.319858 4.03683 22 92 5292 5291 1 0 0 1 
3.71464 0.366769 5 0.0134024 -0.134899 -0.104571 3.80575 22 94 23554 23469 1 0.171021 0.171021 13 
-5 4.82775 -3.99179 0.137596 0.291398 -0.0434677 3.9408 22 99 4258 4227 1 0 0 1 
4.16328 -4.85715 5 0.219181 0.329923 -0.249616 3.98814 22 100 25606 25580 1 0.195504 0.195504 19 
4.82599 1.28025 5 0.282537 0.0253034 -0.0862932 3.97065 22 101 27572 1 1 0 0 1 
-1.91744 2.85952 5 0.129351 0.198544 -0.169444 3.92716 22 102 4387 4386 1 0 0 3 
-5 -2.80771 -2.54201 0.365743 0.521349 0.249931 3.73442 22 103 28754 27315 1 0 0 2 
-5 1.69233 -3.29748 0.332139 0.386237 -0.0403088 3.9295 22 106 35124 35123 1 0 0 1 
-4.85111 4.2648 5 0.258981 0.212922 -0.381222 4.08504 22 108 9605 9604 1 0 0 1 
4.34303 -5 -2.2997 0.059911 0.270502 0.0825233 3.76782 22 109 12220 12077 1 0 0 2 
-2.31588 2.8976 5 0.0981445 -0.109127 -0.159715 3.85931 22 110 4370 4369 1 0.216397 0.216397 32 
-1.29644 -4.11199 5 -0.0590101 0.279832 -0.304346 4.21749 22 112 31221 31198 1 0.0685014 0.0685014 2 
-5 2.37669 -2.20817 0.21023 0.188372 0.236015 3.68082 22 113 14831 14792 1 0.636903 0.636903 3 
-5 4.48744 -3.65777 4.57564 6.89625 8.48621 3.69569 22 115 38730 38645 1 0 0 2 
-0.219188 -5 2.45317 0.200368 0.412321 -0.225752 3.92823 22 117 18623 18602 1 0 0 1 
-5 4.15758 0.542109 1.02809 0.926641 0.406616 3.79195 22 125 8879 8878 1 0 0 1 
4.76344 0.87047 5 0.228155 0.0756862 -0.450929 4.09918 22 126 29230 29198 1 0 0 1 
-2.3837 -5 -3.64307 0.700188 0.580951 -0.0744618 3.82944 22 127 13482 13480 1 0 0 2 
-3.47628 -5 -3.14285 7.54624 6.04158 -1.45877 3.83977 22 128 41925 41822 1 0 0 1 
4.31599 -5 -4.97585 0.357633 0.241891 -0.273326 3.96319 22 129 35085 35060 1 0 0 1 
-1.20281 -5 -1.56991 -0.0666929 0.202152 -0.0720299 3.77456 22 132 58312 58306 1 0.224145 0.224145 38 
2.63879 -5 0.0112362 0.369623 0.0976857 -0.163428 3.99434 22 133 20153 20152 1 0 0 1 
-5 1.78327 1.40614 0.242981 0.239651 0.380326 3.71286 22 134 15230 15229 1 0 0 1 
2.96047 -5 2.72088 0.101489 0.265616 0.0479269 3.85803 22 137 15207 15206 1 0.288087 0.288087 19 
-5 -3.09232 2.97199 0.219439 0.209146 0.115801 3.74142 22 139 11434 11390 1 0 0 1 
-5 -0.437898 2.59277 0.285256 0.394929 -0.0130453 3.82436 22 143 37203 37177 1 0 0 1 
0.899288 0.423016 5 0.661244 1.40954 -0.313405 3.85327 22 144 1944 1914 1 0 0 1 
-5 -1.45857 1.4136 0.784924 0.597624 -0.432783 3.87439 22 145 2054 1992 1 0 0 1 
-5 -0.094716 -1.8982 78.5135 106.287 -45.5118 5.25327 2112 148 15898 15777 1 0 0 2 
3.0064 0.284615 -5 0.62768 0.4833 0.360757 3.69098 11 149 37061 37060 1 0.0950767 0.0950767 1 
-0.283045 0.516896 5 0.209057 -0.123961 -0.193513 3.95082 22 152 25828 25761 1 0 0 1 
0.323482 -5 -2.26471 0.164654 0.270669 -0.400933 4.07175 22 153 26230 26229 1 0 0 1 
0.453098 -5 -4.50448 0.10301 0.292914 -0.0991092 3.71851 22 156 38318 38297 1 0 0 1 
0.626499 -5 3.476 0.269327 0.191889 -0.389566 4.03212 22 158 8451 8450 1 0 0 1 
-5 2.24401 -1.02549 0.272145 0.291362 -0.856742 4.33504 22 159 45528 45414 1 0 0 1 
-4.34537 -5 3.7731 0.444295 0.243282 -0.442364 3.84086 22 161 31304 31271 1 0.48536 0.48536 19 
-1.64318 -5 1.25529 0.236623 0.443725 -0.0907636 3.88816 22 166 26111 26110 1 0.147771 0.147771 4 
-0.976413 -5 0.84858 2.20544 2.03443 -0.473626 3.85268 22 168 13564 13534 1 0.197134 0.197134 2 
2.77318 3.88135 5 0.400643 0.308136 -0.0752149 3.91622 22 172 7694 7693 1 0.293581 0.293581 5 
-5 -4.30179 1.2265 0.0851924 -0.0826616 0.171567 6.2007 22 173 2216 2214 1 0 0 1 
-5 4.30503 -2.63841 0.0812339 0.410781 -0.207829 3.93099 22 178 1144 1143 1 0 0 1 
-4.80849 -5 -4.77687 0.442481 0.603976 0.0624225 3.7724 22 183 13655 13654 1 0 0 1 
-3.39412 0.616034 5 0.906187 1.17958 -2.25563 4.28012 22 184 34133 34132 1 0 0 2 
-2.33952 -5 4.75577 1.6866 2.01748 3.6544 3.7035 22 191 54511 54469 1 0 0 1 
-5 0.0629195 -4.22553 0.149173 0.164693 -0.2586 4.15842 22 192 35140 35104 1 0 0 1 
-1.5829 -5 -3.0149 0.122744 0.311209 -0.125706 4.22017 22 193 1172 1171 1 0 0 1 
-4.8993 -0.25536 5 0.239591 0.360922 -0.27102 3.96557 22 194 40120 40119 1 0.126691 0.126691 3 
-2.10831 -5 -2.9266 0.164589 0.252298 0.166346 3.75804 22 199 21968 21840 1 0 0 1 
2.08904 -5 0.145226 0.303074 0.265835 -0.210183 4.0449 22 200 29754 29721 1 0.163775 0.163775 2 
-5 3.37596 -0.989802 0.504295 0.652437 -0.50028 3.93397 22 206 24601 24588 1 0 0 1 
-1.56089 -3.76772 5 0.340545 0.359229 -0.1269 3.85724 22 208 36260 36259 1 0 0 1 
-2.67429 -5 -2.88239 0.0956237 0.340548 -0.289691 4.02491 22 210 42133 42086 1 0 0 1 
-5 2.36996 -0.0373213 0.913034 0.99608 0.487904 3.73697 22 211 5341 5338 1 1.10877 1.10877 4 
-5 -2.39546 2.82481 0.534174 -0.19867 -0.26236 4.34173 22 213 30250 30222 1 0.183779 0.183779 3 
-0.553062 -5 4.62505 0.402383 0.314856 0.00860566 3.83565 22 214 38750 38749 1 0 0 1 
-5 -4.51099 -4.41997 0.306274 0.404332 0.0619021 3.8114 22 216 34401 34361 1 0 0 1 
-5 -3.38296 4.65006 0.12921 0.0362415 -0.271915 3.82175 22 217 14034 13671 1 0 0 1 
-5 -2.41907 0.32846 0.311637 0.311835 0.258382 3.79287 22 218 14600 14599 1 0 0 1 
2.06704 -5 -1.1659 -0.189502 0.2976 -0.262059 5.29314 22 219 42173 42125 1 0 0 2 
-5 -3.2399 -0.475295 0.217801 0.13434 0.143365 3.79699 22 222 15177 15176 1 0 0 2 
3.78711 0.15147 -5 0.575078 0.491309 0.411615 3.71957 22 223 31011 30762 1 0 0 1 
2.61943 0.48931 -5 0.230082 0.085549 0.233228 3.85485 22 224 12892 12869 1 0.150485 0.150485 30 
-1.31421 -3.51998 5 1.19189 1.06587 -0.870619 3.9764 22 225 7972 7945 1 0 0 2 
-0.854061 -5 4.99274 0.776537 0.447186 -0.0174973 3.79804 22 226 21308 21208 1 0 0 1 
4.40403 -5 1.80632 0.171781 0.508854 -0.0565502 3.80189 22 227 28771 28744 1 0 0 2 
4.74452 -5 -2.55202 0.414046 0.258165 -0.151777 3.93731 22 229 57526 57524 1 0.102544 0.102544 2 
-0.812395 2.92038 -5 0.687139 0.917699 0.452978 3.75736 22 231 51899 51867 1 0 0 1 
3.48475 3.74102 5 0.327694 0.463362 -0.448269 4.11608 22 233 22290 22196 1 0 0 1 
4.25996 1.73832 5 0.24614 0.413279 -0.172441 4.12645 22 237 54956 54955 1 0 0 1 
3.97604 -5 4.25775 0.686631 0.542229 0.530428 3.75878 22 240 38650 38649 1 0 0 1 
-4.93284 -5 3.46271 0.187572 0.468282 0.0815398 3.80012 22 241 6170 6144 1 0 0 2 
-3.73927 -5 1.6545 0.0464485 0.352863 0.02786 3.85799 22 242 53406 53347 1 0 0 1 
-5 -1.9623 -4.79374 0.251595 0.024134 -0.133201 3.84403 22 243 16557 16534 1 0 0 1 
1.91025 -5 4.44008 0.162764 0.292336 -0.386222 4.13975 22 246 17066 17065 1 0.0651166 0.0651166 2 
-5 -4.63561 2.44945 3.57688 4.30959 -1.54073 3.90429 22 247 35520 35445 1 1.05564 1.05564 3 
-5 4.06921 1.84573 0.535966 0.557738 0.548206 3.78572 22 248 42780 42663 1 0 0 2 
-3.88596 -5 3.07621 1.10547 0.849549 -0.420297 3.87773 22 251 7503 7502 1 0.311118 0.311118 5 
3.58224 -5 4.96153 0.279154 0.251011 -0.21811 5.02934 22 252 7517 7439 1 0 0 1 
3.1183 -5 -4.78486 0.216033 0.179704 -0.0170533 3.79597 22 253 29087 29063 1 0 0 2 
-5 -2.02651 1.12315 0.22274 0.299978 -0.0372891 3.80378 22 254 2921 1 1 0 0 2 
-5 -4.62544 4.8256 0.30352 0.15765 -0.000860185 3.8678 22 255 21947 21916 1 0 0 1 
-2.98807 -5 -2.12089 0.419769 0.264028 -0.123302 3.93124 22 256 23877 23876 1 0.0283127 0.0283127 3 
3.26505 -5 -0.884961 0.505249 0.732966 -0.400661 4.07936 22 257 39293 39245 1 0 0 1 
-5 0.968821 -4.62553 0.204205 0.205369 -0.459265 3.93844 22 258 31810 31669 1 0 0 1 
-5 4.43291 -0.747774 2.20174 2.44564 2.04825 3.73074 22 261 41802 41801 1 0 0 2 
0.76185 -5 3.43995 0.284611 0.311179 0.102869 3.79109 22 262 3624 3545 1 0 0 2 
2.90668 -4.8876 -5 0.35764 0.251357 0.259469 3.76661 22 266 18966 18934 1 0 0 2 
4.38068 -3.2608 -5 0.27618 0.358413 0.155689 3.7888 22 267 9955 9931 1 0 0 1 
0.21721 -5 -1.15762 0.136763 0.214373 -0.443238 4.14699 22 269 9455 9454 1 0.510591 0.510591 25 
-0.741123 0.0294478 5 0.395236 0.255612 -0.460107 3.99879 22 272 22523 22442 1 0 0 2 
-5 3.11769 -4.81651 0.295112 0.139002 -0.136544 3.79326 22 275 2597 2569 1 0 0 2 
-0.415511 -5 -4.57723 0.0339662 0.261819 -0.241153 4.04598 22 277 46692 46659 1 0 0 2 
-3.63721 -3.55608 5 0.0318506 0.0370472 -0.502274 3.89983 22 279 33993 33972 1 0 0 1 
0.467106 -2.48102 5 0.606152 0.56186 -0.139702 3.9037 22 280 12212 12149 1 0 0 1 
-3.99168 -4.99525 5 0.591473 0.707377 -1.53886 3.94799 22 281 37118 37032 1 0 0 1 
0.827051 -5 -1.0008 1.65024 1.40208 -1.44538 3.98231 22 287 10087 10086 1 0 0 1 
-4.12424 -5 0.92521 0.308301 0.389565 0.119622 3.78268 22 289 1458 1429 1 0 0 1 
-2.72241 -5 4.01055 0.373301 0.209485 0.120756 3.77489 22 292 11071 11070 1 0 0 1 
-5 2.96076 1.66732 0.472363 -0.0370041 -0.19547 4.05012 22 293 9813 9812 1 0.335929 0.335929 2 
-5 -2.82767 -2.73786 0.334847 0.390112 0.259615 3.74172 22 295 4227 4202 1 0.0628668 0.0628668 35 
-5 0.530161 -0.62842 0.527577 0.572015 0.578669 3.72112 22 296 52925 44891 1 0 0 1 
-5 -2.34402 -4.65095 0.175129 0.317484 -0.145023 4.01856 22 297 6058 6028 1 0 0 4 
-5 1.65267 -1.52167 0.244192 0.212065 -0.0224618 3.78475 22 298 15824 15374 1 0 0 1 
-2.91074 -5 -0.166958 0.2943 0.178596 -0.163014 3.85126 22 299 37187 36895 1 0.38051 0.38051 23 
5 -2.3749 2.85028 -0.366015 -0.0134269 0.356332 3.9592 22 300 31194 31192 1 0 0 1 
1.10003 4.74544 -5 0.0961726 -0.052335 0.250069 3.71817 22 301 53077 52938 1 0.272533 0.272533 32 
-5 -4.48495 1.93802 0.076234 0.0268553 -0.274177 4.16513 22 302 32514 32480 1 0 0 1 
4.07775 3.11635 5 0.285029 0.410916 -0.0645912 4.01793 22 304 23585 23583 1 0 0 1 
0.514576 -3.28823 5 0.230024 0.189898 -0.452432 4.14367 22 306 32702 32607 1 0.361026 0.361026 3 
-5 0.850576 -2.95814 0.696548 0.947554 -0.535842 3.85044 22 307 1397 1343 1 0 0 2 
-0.678491 4.41215 5 0.0449968 0.319703 -0.325245 4.11764 22 308 11734 11682 1 0 0 1 
-5 -2.57109 -3.65695 0.26009 0.181131 -0.340804 4.12448 22 309 2563 2560 1 0 0 2 
3.26806 -2.74351 5 0.26866 0.300409 -0.314159 4.05717 22 311 19894 19893 1 0 0 2 
-5 -2.72862 -3.63271 0.345471 0.28433 -0.246833 3.90161 22 315 25252 25250 1 0 0 4 
-5 1.22485 -3.46236 0.272065 0.423465 0.180723 3.70998 22 316 32660 32436 1 0 0 1 
2.70069 -4.725 5 0.143199 0.201042 -0.468801 4.34365 22 318 36399 36397 1 0 0 1 
-3.94634 -4.4936 5 -0.162739 0.373755 -0.23069 4.02571 22 319 35794 35792 1 0.0110564 0.0110564 3 
-4.01477 -5 -3.4027 0.422554 0.521947 0.0146185 3.82398 22 325 37549 37548 1 0.671227 0.671227 31 
-2.87211 -5 -2.53282 0.267667 0.11646 0.0394185 3.77993 22 326 7481 7452 1 0 0 1 
0.741302 -5 4.2027 0.330271 0.287495 0.263415 3.74392 22 328 28285 28257 1 0.00734538 0.00734538 2 
-5 3.98814 1.53156 1.02865 0.87891 -2.36662 3.93542 22 329 11904 11903 1 0 0 1 
-5 0.232323 -2.6273 0.668052 0.526132 0.0986423 3.78682 22 330 31260 31259 1 0 0 1 
-5 1.00634 0.80523 0.433726 0.273398 -0.506721 4.04673 22 331 7760 7669 1 0 0 1 
2.88913 -0.644055 5 0.0697033 -0.0183714 -0.365587 4.03113 22 332 24146 24078 1 0.212751 0.212751 2 
-5 -2.83447 -0.166946 0.349994 0.325055 -0.181558 3.92145 22 333 52508 52486 1 0.140867 0.140867 2 
-5 3.19073 -4.65914 0.423663 0.314614 0.172131 3.73965 22 336 16204 16123 1 0 0 2 
-4.42999 -5 -3.36418 0.16743 0.405671 -0.0745448 3.80415 22 340 44905 44904 1 0.444574 0.444574 37 
-5 3.99247 2.71716 0.211499 0.407653 -0.224071 4.0903 22 345 64420 64397 1 0 0 1 
1.69436 -5 0.475014 0.410495 0.350654 -0.249801 3.95591 22 347 39625 39624 1 0.184016 0.184016 18 
3.68723 3.22285 -5 1.40435 1.50371 0.513665 3.76317 22 349 6399 6360 1 0 0 3 
-5 1.10396 3.51867 0.369735 0.277069 -0.0978877 4.13158 22 350 1742 1688 1 0 0 1 
-3.45842 -5 1.06578 1.3674 1.37776 0.095848 3.84247 22 353 27261 27260 1 1.50914 1.50914 2 
-4.23488 2.59114 5 0.160675 0.226453 -0.381347 4.20854 22 360 7039 7038 1 0 0 1 
-5 1.8385 4.81994 3.01953 1.46203 -2.43628 3.98122 22 361 41116 41043 1 0 0 1 
-5 3.97397 -2.75511 0.384877 0.473012 -0.251004 3.91391 22 363 10277 10256 1 0 0 1 
0.416253 -5 3.99091 0.461352 0.572185 -0.643791 4.00127 22 366 11824 11787 1 0 0 2 
1.09805 -5 -3.84631 0.225373 0.196617 -0.41433 4.15139 22 370 3386 3383 1 0 0 1 
-0.00546958 -5 3.11372 0.395147 0.311298 -0.0898451 3.88766 22 373 36314 36313 1 0 0 1 
-0.679915 -1.72842 5 2.08909 1.65239 -2.14575 4.02421 22 374 19541 19448 1 0 0 2 
-3.59988 -5 2.99436 0.800257 0.442691 -0.00229187 3.83761 22 376 44012 43512 1 3.94832 3.94832 6 
-2.76357 2.69404 5 0.117632 0.0323656 -0.279888 4.07828 22 379 23913 23795 1 0 0 1 
-4.05849 -1.21585 5 0.0778983 0.220478 -0.143163 3.8185 22 380 17777 17776 1 0 0 1 
4.54528 -5 2.59448 0.28536 0.473705 -0.194327 3.94588 22 381 35284 35250 1 0 0 3 
0.170591 -5 1.64628 1.30396 1.11849 -0.6459 3.89868 22 384 20823 20677 1 0.0188488 0.0188488 2 
-5 -3.71003 2.63491 1.49705 1.25612 -0.522763 3.91823 22 387 14215 14214 1 0 0 2 
-5 4.59443 0.955709 0.292123 0.0701947 -0.180731 3.97637 22 389 50351 50350 1 0 0 1 
3.53283 -5 2.55016 0.269407 0.267248 -0.22087 3.92917 22 390 14233 14195 1 0 0 1 
-5 -0.651206 3.78584 0.398016 0.146917 0.260096 4.10861 22 393 29338 29304 1 0 0 1 
-5 -3.95058 -0.362468 0.187302 0.197472 -0.0586361 3.83407 22 397 23613 23612 1 0 0 2 
-5 -2.44194 -1.36018 0.772454 0.912174 0.319052 3.76372 22 399 34259 34216 1 0 0 1 
-5 4.21255 -1.62261 1.2377 1.14463 -0.487077 3.84646 22 400 24967 24911 1 0 0 1 
-1.16346 1.6188 5 0.155715 -0.110178 -0.205396 4.16829 22 402 45245 45244 1 0 0 1 
-5 -1.74391 -0.289336 0.431922 0.527301 -0.275507 3.85197 22 403 10436 10413 1 0 0 2 
-5 0.265678 4.95231 0.290707 0.419767 0.0201101 3.84087 22 405 2715 2714 1 0.0388905 0.0388905 4 
4.24642 -5 -3.34815 0.205422 0.581252 0.169163 3.75263 22 411 55450 52997 1 0 0 1 
0.931212 -5 -0.159813 0.214692 0.0742869 -0.145886 3.95864 22 413 7020 1 1 0 0 1 
-5 0.488297 1.32916 0.164313 0.335989 -0.0311151 3.83456 22 416 15292 14922 1 0 0 1 
-2.85463 5 1.3215 0.313642 -0.0687761 0.0428625 3.82155 22 417 13193 13190 1 0.140027 0.140027 4 
0.441593 3.74578 -5 0.110183 0.325847 0.127479 3.81572 22 421 56285 56284 1 0 0 1 
-5 -4.37983 4.59844 0.480433 0.489177 0.508678 3.73717 22 427 38612 38562 1 0 0 2 
-2.45635 -5 2.6421 0.431707 0.482191 0.245831 3.90745 22 428 39334 39333 1 0 0 2 
-5 -4.10602 2.12353 0.25621 0.233797 -0.152429 4.05681 22 431 24717 24716 1 0.119299 0.119299 3 
-1.80731 -5 -1.14936 0.428259 0.572711 -0.175605 3.81496 22 432 12205 12060 1 0 0 1 
-2.24112 -5 1.73457 0.223029 0.288524 -0.286574 3.97922 22 433 23812 23811 1 0.0780086 0.0780086 2 
4.18512 -0.399992 -5 -0.043327 0.0609485 0.264942 3.91265 22 434 10453 10452 1 0 0 2 
1.70372 -5 0.0598926 0.276919 0.107268 -0.415848 4.37962 22 435 34740 34734 1 0 0 1 
-5 3.90532 1.57567 0.295032 0.419557 0.099494 3.80018 22 436 21943 1 1 0 0 1 
0.50998 -5 -1.42684 0.0412379 0.246719 -0.32939 3.85559 22 437 24175 24044 1 0.413093 0.413093 31 
-2.00603 -5 2.41303 0.170707 0.646647 -0.0533966 3.88531 22 438 25691 25690 1 0.388135 0.388135 14 
-4.70839 -5 -3.08911 0.720902 0.908443 1.20582 3.6841 22 440 1112 1 1 0 0 2 
1.61347 -5 3.55447 0.394247 0.715624 -1.15278 4.2981 22 442 2098 2097 1 0 0 3 
-4.25543 -5 0.0185003 0.404675 0.240028 -0.199361 3.95485 22 443 27773 27769 1 0 0 2 
-3.96241 4.59866 -5 0.171656 -0.0609671 0.15631 4.016 22 446 11686 11684 1 0.239543 0.239543 31 
-5 -1.62866 -3.13104 0.249604 0.336414 0.287252 3.72227 22 450 38327 38304 1 0 0 1 
2.72971 -5 -3.96522 0.840953 0.466832 -0.392711 3.91225 22 451 19425 19424 1 0 0 1 
-5 -1.49156 -4.18456 0.313415 0.611081 0.0446258 3.76094 22 457 12633 12529 1 0 0 2 
-1.67148 -0.0823243 -5 0.500302 0.58543 0.626374 3.7079 22 458 13448 13390 1 0 0 1 
-5 -1.43326 4.18327 0.268194 -0.0188349 -0.128177 4.06454 22 463 41387 41263 1 0 0 1 
-5 1.57761 4.05835 0.58603 0.673793 0.65684 3.75937 22 464 58996 58967 1 0 0 1 
-5 4.8635 3.03189 0.200155 0.161091 -0.44171 4.30599 22 466 29288 29270 1 0 0 1 
2.16945 4.77677 5 0.32852 0.0817328 -0.148165 3.95961 22 469 4214 4186 1 0 0 1 
-5 -1.53273 -0.945249 0.273474 0.276275 -0.00258303 3.88508 22 470 23711 23708 1 0 0 1 
-3.50557 -5 4.00555 0.283415 0.273367 0.0616842 3.83842 22 471 29594 29575 1 0 0 1 
-4.01348 2.30849 -5 0.357157 0.313497 0.187827 3.7556 22 473 3062 3061 1 0.0253044 0.0253044 3 
-5 4.36127 3.1068 1.10234 1.34539 0.53752 3.79251 22 474 5265 5158 1 0.0295265 0.0295265 20 
-4.36915 -5 -0.638224 0.134875 0.242286 -0.0843902 3.91406 22 475 16942 16798 1 0 0 1 
5 0.71761 -2.86139 -0.213923 0.368154 -0.404646 4.15746 22 478 28027 27933 1 0 0 1 
1.7676 -4.68702 5 0.795867 0.430246 -0.182277 3.92835 22 479 22744 22743 1 0 0 1 
2.97612 -5 -3.33992 0.223994 0.158715 -0.430994 4.17029 22 480 9569 9568 1 0 0 3 
2.45195 -5 -1.08194 0.404341 0.310603 0.0339711 3.85035 22 487 53978 53949 1 0 0 1 
0.0788493 3.48563 -5 0.309101 0.683233 0.218407 3.82262 22 488 43265 43187 1 0 0 1 
2.96815 -5 -1.05743 0.139351 0.209841 -0.428683 4.29504 22 489 22560 22503 1 0 0 2 
-5 4.65052 2.80177 0.443361 0.960892 1.97471 3.76002 22 490 10835 10804 1 1.633 1.633 2 
-5 0.265914 -0.0892863 0.0225414 -0.0132522 -0.022345 3.7742 22 492 4888 4884 1 0.0341944 0.0341944 11 
-5 -2.73978 2.78705 1.9707 2.35785 -0.460836 3.82398 22 493 15330 15202 1 0.455668 0.455668 20 
-5 2.4972 3.72357 0.301731 0.0723468 0.0661061 3.99252 22 494 8396 8395 1 0.364773 0.364773 50 
-3.77168 -5 -3.15408 0.389278 0.371032 0.0153459 3.77008 22 495 1696 1552 1 0 0 3 
-5 -2.72782 2.35146 0.43952 0.0904575 -0.213755 3.9848 22 496 19192 19092 1 0 0 1 
-2.73678 -5 1.65023 0.321406 0.371475 -0.140798 3.90315 22 498 30811 30810 1 0 0 1 
-5 2.63136 -0.233112 0.244998 0.447954 -0.0208054 3.77803 22 499 19944 19926 1 0 0 1 
-5 -1.42546 0.465173 0.386086 0.326302 0.0747265 3.82858 22 501 20401 20400 1 0 0 1 
-0.141758 -5 1.3857 1.33609 1.02528 -1.09932 3.9451 22 502 25335 25327 1 0 0 2 
1.43524 -5 -0.302878 0.426011 0.825802 -0.230237 3.83881 22 503 36061 36015 1 0 0 2 
-5 0.373285 4.24266 0.272669 0.921392 0.288561 3.75652 22 505 9344 9268 1 0 0 2 
3.06062 -2.36749 -5 3.79758 3.8578 0.352612 3.81772 22 508 19256 19222 1 0 0 2 
-2.68403 -5 2.89399 0.469669 0.759219 -0.00475206 3.73533 22 509 18193 18124 1 0 0 2 
0.965972 -4.51753 5 0.71051 0.606692 -1.48134 4.22257 22 510 15236 15198 1 0 0 1 
-3.18651 -5 -1.01601 -0.216526 0.340244 0.0101102 3.92539 22 511 35984 35983 1 0 0 1 
1.32655 -1.49536 5 0.114994 -0.0300761 -0.24349 3.8604 22 513 18470 18457 1 0.270651 0.270651 20 
3.1212 -5 4.02904 0.342379 0.383471 -0.143207 3.94292 22 514 24422 24421 1 0 0 1 
-5 -4.29347 2.13167 0.29527 0.379047 0.173952 3.77494 22 515 18891 18890 1 0 0 2 
-5 -1.49789 -1.60915 0.316182 0.297823 0.14415 3.75419 22 517 40284 39666 1 0.457342 0.457342 22 
-1.53577 -5 -0.820802 0.332164 0.228317 0.365067 3.89599 22 522 22538 22537 1 0 0 2 
-0.74217 2.88727 5 0.553198 0.574941 -1.24339 4.20939 22 524 9943 9879 1 0 0 1 
-5 4.89965 -3.54285 0.157789 0.31265 -0.133889 3.87904 22 527 13569 13532 1 0 0 2 
-2.90991 -5 -2.25541 0.532943 0.686668 0.488529 3.71418 22 528 32533 32530 1 0 0 3 
-3.37576 -5 -4.68684 0.310398 0.113417 0.18615 3.77559 22 529 24636 24610 1 0.0636241 0.0636241 3 
-5 -4.07552 1.17985 0.365064 0.300425 -0.193889 3.89882 22 530 1294 1293 1 0 0 1 
3.8434 4.62314 5 -0.0394989 0.272086 -0.150693 3.83005 22 532 63274 62950 1 0 0 1 
-5 -2.7362 3.55065 0.39353 0.325584 -0.0157949 3.81667 22 533 50141 50140 1 0 0 1 
-5 -4.09934 2.185 0.290165 -0.228544 -0.224696 4.25289 22 536 30564 30562 1 0 0 1 
-5 -4.64273 -0.0343232 0.327853 0.279431 -0.215324 3.95935 22 537 29834 29824 1 0.16911 0.16911 19 
-0.210544 -5 -2.00344 0.324187 0.221474 0.233335 3.74528 22 538 47282 45190 1 0 0 1 
-4.80579 -5 -1.31317 0.422494 0.245425 -0.149616 3.85995 22 540 20360 20358 1 0 0 1 
-0.283972 -5 -4.2456 3.60878 2.61659 4.05575 3.69543 22 541 43088 42999 1 0 0 1 
2.85134 0.770299 5 0.0824385 -0.0631059 -0.299575 4.15163 22 542 25071 24766 1 0.316728 0.316728 20 
-1.70284 -5 -1.48369 0.126948 0.239572 0.00271975 3.77706 22 547 25735 25732 1 0 0 1 
-5 -0.0606091 4.4053 0.171176 0.105922 0.328254 3.78925 22 549 45782 45730 1 0.0343792 0.0343792 13 
-0.53757 -5 4.21154 1.57622 1.32341 0.905027 3.77712 22 550 50625 50497 1 0 0 1 
0.328676 -2.64853 5 1.66382 1.60017 -0.477177 3.8855 22 552 18674 18673 1 0 0 1 
-3.96947 -5 2.60244 0.458964 0.527026 0.413564 3.7278 22 553 43047 42613 1 0 0 1 
-0.894638 -2.41521 -5 2.27185 2.07006 2.33258 3.73202 22 554 1003 1 1 0 0 2 
1.3066 -2.39603 -5 0.44668 0.212331 0.128502 3.77307 22 556 11732 11731 1 0.222809 0.222809 2 
-0.607212 -5 -4.30702 0.134312 0.344945 -0.22565 3.84281 22 562 1090 1077 1 0 0 2 
0.602558 -5 -0.755451 0.723614 0.48396 -0.155289 3.82607 22 564 21573 21571 1 0 0 1 
3.52836 -1.47181 -5 0.91201 0.723688 0.730485 3.71118 22 567 43394 43392 1 0.711699 0.711699 2 
0.512252 -5 -0.490695 0.560688 0.588982 0.303635 3.75591 22 568 24508 24368 1 0 0 1 
-5 -3.24897 1.12995 0.643621 0.682757 -0.189835 3.79936 22 570 34046 33950 1 0 0 1 
1.32017 -5 -0.0603779 0.93906 0.709435 -0.709661 3.93691 22 571 4493 4439 1 0 0 2 
0.283759 -5 -4.47436 -0.0957652 0.478366 -0.262771 3.86136 22 572 10037 9978 1 0 0 1 
2.68526 -5 -3.89508 0.680131 0.535746 -0.481732 3.96589 22 573 55128 55001 1 0 0 1 
0.433446 -4.11489 5 0.561771 0.501249 -0.663044 4.03385 22 574 2308 2096 1 0 0 1 
0.119981 -5 0.867535 0.32337 0.262037 0.545026 3.68652 22 577 35132 34623 1 0 0 1 
-5 -1.56081 -1.56642 0.420637 0.354427 -0.298201 3.85932 22 579 2207 2205 1 0.0935797 0.0935797 2 
-5 4.76783 -2.03891 0.26859 0.266768 0.225821 3.80161 22 580 48534 48501 1 0 0 1 
2.27941 -5 -0.97329 0.268159 0.278381 0.0901874 3.7776 22 581 38522 33840 1 0.0971831 0.0971831 3 
3.77361 -5 -1.27857 1.18391 1.22892 0.26151 3.78623 22 582 16894 16893 1 0 0 1 
2.44186 -3.50004 5 0.18354 0.00678723 -0.141662 4.05015 22 583 1293 1 1 0.30637 0.30637 18 
2.19728 -5 0.790654 -0.142508 0.260539 -0.140833 4.03169 22 584 25158 25157 1 0 0 1 
-5 3.58052 -3.79942 0.345332 0.365994 -0.0889604 3.86103 22 585 6261 6239 1 0 0 2 
-1.87153 2.55082 5 0.301699 -0.221 -0.592461 4.24189 22 586 53201 53200 1 0 0 1 
3.50149 -5 -0.738494 1.44363 1.38395 0.477253 3.77482 22 587 3372 3248 1 0 0 2 
-5 0.33526 -4.16416 0.299911 0.39811 -0.112611 3.88487 22 589 31317 31315 1 0.179519 0.179519 34 
3.81505 3.11027 -5 0.328784 0.363623 0.33777 3.7289 22 591 12675 12648 1 0.34349 0.34349 2 
-2.47196 -5 0.0762062 0.151632 0.107001 0.300471 3.73217 22 592 21678 21677 1 0.302864 0.302864 3 
0.493764 -5 0.713551 0.111796 0.389051 -0.311867 4.00101 22 594 16819 16818 1 0 0 2 
3.26507 -5 -1.13928 0.521227 0.390513 -0.0810496 3.84863 22 596 42921 42717 1 0 0 1 
-5 -1.94215 1.02976 0.618833 0.0503805 0.234828 3.76875 22 597 7575 7553 1 0.227976 0.227976 3 
0.991192 -5 2.34509 0.927573 1.06752 0.255767 3.8078 22 598 32450 32380 1 0.384967 0.384967 2 
1.33051 -5 1.47238 0.232478 0.112962 0.134571 3.74346 22 599 36968 35956 1 0 0 1 
-5 4.27074 -0.568319 0.875293 0.994346 -0.813409 4.00295 22 604 8844 8806 1 0 0 1 
1.53089 -5 -0.318612 0.310653 0.173885 0.126502 3.71026 22 606 27649 27565 1 0 0 1 
-2.89362 -5 0.170397 0.736903 0.849676 1.05457 3.69551 22 608 27492 26418 1 0 0 1 
-5 2.11022 3.38256 0.402962 0.996427 0.302071 3.73385 22 611 1467 1377 1 0.470228 0.470228 27 
2.82514 3.17982 -5 0.375291 0.364894 0.0996143 3.76644 22 613 31999 31963 1 0 0 1 
-5 -2.22771 4.7439 43.6662 8.32459 -9.57848 11.1259 2112 614 43077 43048 1 0.00777182 0.00777182 1 
2.06788 -5 -3.20386 -0.116574 0.286503 0.152766 4.90324 22 615 19074 19072 1 0 0 2 
4.17711 -5 -2.66285 0.467319 0.481352 0.65559 3.70646 22 616 39799 39743 1 0 0 1 
1.09961 -0.111716 5 0.0726799 -0.0929217 -0.441579 5.19282 22 617 49238 49235 1 0 0 1 
-1.70142 -5 3.51664 2.08804 2.49275 1.80154 3.76864 22 618 32448 32366 1 0 0 1 
-5 -2.33618 -4.88365 0.391039 0.038847 -0.0956121 3.7777 22 621 51762 51761 1 0 0 1 
0.546932 -4.5551 5 0.237096 0.207337 -0.402389 3.93666 22 622 63929 63899 1 0.109257 0.109257 3 
-4.42381 -5 -0.416588 0.870195 0.567221 0.441535 3.74527 22 624 1501 1452 1 0 0 1 
0.995744 -5 -4.35289 1.11941 1.19027 -0.38959 3.84237 22 625 11189 11143 1 0 0 1 
-5 0.276749 4.03447 0.0565493 0.0941703 -0.177515 3.77936 22 627 7221 7168 1 0.208542 0.208542 19 
-1.88714 -2.80799 -5 0.264803 0.268103 0.158693 4.28362 22 628 30090 30088 1 0 0 1 
-4.9211 -5 2.07092 0.500336 0.465043 0.03139 4.82998 22 632 15833 15744 1 0 0 1 
-4.1639 4.24755 5 0.279894 0.365403 -0.711097 5.37692 22 633 3808 3783 1 0 0 3 
0.85631 -5 1.06472 0.386412 0.273376 0.0596556 3.75916 22 636 30777 30761 1 0.476875 0.476875 15 
1.09903 3.69927 5 0.139734 0.00698132 -0.150032 4.13994 22 638 13458 13457 1 0.204876 0.204876 17 
4.32625 -1.60504 5 0.423436 0.433064 -0.45182 4.06628 22 641 31377 31331 1 0 0 1 
-5 -4.49982 0.0979637 0.290973 0.41883 -0.0321908 3.80564 22 642 43980 43950 1 0 0 1 
-5 2.95948 4.61034 0.469134 0.574051 -0.936415 4.07257 22 643 20357 20326 1 0 0 4 
-5 1.80599 -1.25728 3.6614 4.91361 4.49517 3.69842 22 644 27116 27054 1 0 0 1 
-4.65459 -5 3.36768 0.518452 0.691966 0.148979 3.79474 22 646 25145 25123 1 0 0 1 
2.77851 -5 2.67408 0.306232 0.360692 0.11393 3.81314 22 649 25140 25139 1 0 0 2 
-5 -4.00515 -4.54797 0.398295 0.31991 0.0117714 3.8518 22 650 42402 42401 1 0 0 1 
-5 -2.24072 1.09466 2.70745 0.694937 0.745257 3.78696 22 652 17511 17426 1 0 0 1 
2.58718 -5 4.47494 0.326171 0.366696 -0.120887 3.93223 22 653 11084 11054 1 0 0 2 
0.170759 -5 -0.0601992 0.742038 0.318207 -0.438939 4.06272 22 654 5525 5446 1 0 0 3 
-4.95124 -5 -2.09459 0.469183 0.503667 0.684968 3.69264 22 655 18280 18186 1 0 0 1 
-5 -2.35654 -2.59485 0.172232 0.313883 -0.3646 4.03916 22 657 25885 25854 1 0 0 1 
-1.55994 -5 3.3256 1.50211 2.9308 -1.27204 3.97911 22 660 10290 10262 1 0 0 2 
-4.38277 -5 -4.97223 -0.177266 0.798066 -0.442905 3.90188 22 661 19281 19133 1 0 0 1 
-5 3.87147 -1.01767 6.24602 6.13971 -1.02442 3.85839 22 662 13911 13884 1 0 0 4 
3.30147 -5 -0.372604 0.64865 0.680366 0.515867 3.73198 22 663 16935 16897 1 0 0 1 
0.961721 -5 1.82954 -0.0654533 0.233681 0.255789 3.80379 22 665 7259 7257 1 0.282069 0.282069 52 
0.381122 -1.52223 5 0.798554 0.69578 -0.53732 3.90922 22 667 28687 28595 1 0 0 1 
-1.98674 4.22472 5 0.0488585 0.176786 -0.100147 4.00869 22 668 41096 40546 1 0 0 2 
-1.49164 -5 3.62793 0.367545 0.367275 0.0165857 3.84923 22 669 12748 12662 1 0.519438 0.519438 28 
-3.59923 -5 -1.4913 0.221974 0.179651 -0.0849293 3.92441 22 672 9009 6980 1 0 0 2 
0.752161 -4.85434 5 0.156933 0.0208424 -0.248741 4.46672 22 673 34131 34017 1 0 0 1 
-4.72331 -2.81252 -5 0.263704 0.317475 0.334664 3.69874 22 674 21296 21260 1 0 0 1 
-5 0.175349 3.64402 0.126214 0.331135 -0.368157 4.01914 22 675 52039 52038 1 0 0 1 
-5 -0.952947 1.4923 0.650257 0.0843087 -0.130736 3.94538 22 676 30912 30885 1 0 0 1 
4.92417 0.602111 5 -0.0940808 -0.151063 -0.19048 3.88953 22 677 22862 22728 1 0 0 1 
-0.187498 -1.11477 5 0.104715 0.226167 -0.33581 4.2735 22 678 54477 54425 1 0 0 1 
-5 4.24228 -4.92885 0.24375 0.328917 -0.305809 3.98732 22 680 45976 45953 1 0 0 2 
-5 -0.789355 -1.59688 0.338648 0.18402 -0.335521 4.04534 22 681 10457 10456 1 0 0 1 
-1.71754 -5 -1.83863 0.642997 0.776609 -0.657105 4.01375 22 682 19597 19555 1 0 0 1 
2.87801 3.69468 5 0.0891594 0.24545 -0.239376 4.07914 22 684 1647 1646 1 0 0 2 
-2.97455 -5 -0.407724 0.283317 0.242891 -0.349078 3.99157 22 688 10676 10675 1 0 0 1 
-5 -1.7993 -2.28857 0.12249 0.145293 -0.471285 4.43245 22 690 39683 39682 1 0 0 1 
0.435094 2.71493 5 0.185966 0.260052 -0.371138 4.19094 22 692 1869 1868 1 0 0 4 
0.779053 -5 0.382964 0.129954 0.292173 -0.160685 4.06339 22 695 7648 7590 1 0 0 1 
-1.06696 -2.34049 -5 1.48209 1.68248 2.67158 3.67651 22 698 35250 35074 1 0 0 1 
3.67562 -5 -4.97341 0.231473 0.268224 -0.307626 4.32965 22 699 10314 10312 1 0 0 2 
-5 4.06663 -0.366028 0.349429 0.360936 0.0935133 3.80195 22 702 31985 31984 1 0 0 2 
-1.45916 -5 2.74898 2.41054 2.53189 0.794991 3.74962 22 703 65495 65480 1 0 0 1 
-5 -0.587666 1.29502 0.585291 0.46157 0.170369 3.81221 22 704 30862 30773 1 0 0 2 
-0.705058 -5 -1.29027 0.298729 0.164878 -0.00495704 3.80914 22 705 5625 5060 1 0 0 2 
-5 -4.10798 2.88941 0.424661 0.25825 -0.0786551 3.91389 22 707 17375 17374 1 0 0 1 
3.7235 -5 -2.31434 0.184587 0.190139 -0.0183827 3.97934 22 710 13838 10741 1 0 0 1 
-0.385394 -2.52173 5 0.375836 0.262406 -0.25891 3.91997 22 712 45475 45407 1 0 0 1 
-5 3.30496 -2.94075 0.284245 0.3305 -0.266636 4.04311 22 713 26939 26936 1 0 0 1 
0.51416 -5 -1.01579 0.660469 0.70691 0.79033 3.72271 22 714 17853 13147 1 0 0 1 
-5 -4.80853 1.66939 1.53757 1.44348 -2.08654 4.05861 22 717 4695 4408 1 0.38329 0.38329 20 
-5 3.83146 3.75486 0.343346 0.220931 0.118699 3.80442 22 719 18508 18370 1 0 0 1 
-5 -3.84838 2.05889 19.964 -7.06335 7.53777 19.0087 2112 720 1994 1961 1 0 0 1 
-5 0.54174 -0.577278 0.626333 0.338841 0.114025 3.72994 22 724 35580 35556 1 0.0449241 0.0449241 3 
-2.75971 -3.90309 5 0.262489 0.134266 -0.405021 3.85298 22 725 49927 49792 1 0.111874 0.111874 2 
1.31652 -5 -0.658845 0.131361 0.205934 -0.113299 3.86447 22 726 32953 32926 1 0 0 2 
1.32508 1.44076 5 0.025119 -0.0173788 -1.19901 11.2982 22 728 21888 21836 1 0 0 1 
1.38914 2.04097 5 5.60624 4.57832 -1.0005 3.89771 22 729 47377 47376 1 0 0 1 
1.17003 -5 -2.42306 0.138368 0.173774 -0.122573 3.89554 22 731 10618 10563 1 0.161804 0.161804 6 
-2.72062 2.54854 -5 0.286573 0.34692 0.242162 3.74524 22 732 25116 25115 1 0 0 1 
-3.91309 -5 1.77385 0.272792 0.299635 -0.282108 3.98879 22 734 29821 29820 1 0.493477 0.493477 21 
-5 -0.6919 -0.183187 1.00749 0.586801 -0.0781941 3.80036 22 735 35819 35818 1 0 0 1 
-5 4.78567 2.89134 0.455813 0.592593 -0.355037 3.94026 22 736 26872 26862 1 0 0 2 
2.31574 -5 -2.30218 0.321714 0.202326 -0.341591 4.039 22 738 6115 6113 1 0 0 1 
-2.26163 -5 -4.09399 0.204498 0.451828 -0.123091 3.81531 22 739 21555 21527 1 0 0 1 
-4.15586 -5 -3.02619 0.266134 0.51992 -0.245069 3.97541 22 740 37243 37233 1 0 0 1 
-1.55829 -5 -2.31365 1.18984 0.873294 -0.207661 3.78003 22 741 50219 50127 1 0 0 1 
3.59101 0.14973 -5 0.17845 -0.157977 0.393672 3.79196 22 743 19306 19231 1 0 0 1 
-5 -4.91326 2.39046 0.348292 0.340414 -0.154697 3.85965 22 748 8081 8080 1 0.481052 0.481052 15 
-1.42713 0.712214 -5 0.285887 0.157748 0.270677 3.7663 22 751 28846 28708 1 0.151634 0.151634 2 
-5 -4.06787 -4.35238 0.244283 -0.0221214 0.131905 3.75299 22 752 11030 1 1 0.612948 0.612948 62 
0.281572 -5 2.7791 0.202122 0.296078 -0.122254 4.05477 22 755 2693 2691 1 0 0 2 
5 -4.22281 -2.20765 -0.127445 0.301284 0.00506147 3.86402 22 756 4765 4764 1 0.326877 0.326877 20 
-0.319412 -5 -1.67132 -0.00751947 0.359818 -0.0150672 3.93768 22 760 32573 32572 1 0.546161 0.546161 20 
-5 2.64701 -0.730829 0.297311 0.299188 0.113798 3.77407 22 763 8728 8671 1 0.0824738 0.0824738 4 
-0.750696 -3.53535 -5 0.347295 0.0570086 0.370481 3.70133 22 766 25460 25459 1 0.0107597 0.0107597 4 
4.13051 -5 -4.99307 0.202135 0.152342 -0.443907 4.36175 22 771 28309 28307 1 0.0297428 0.0297428 3 
2.82376 -5 4.08171 0.66131 0.516547 -0.439758 3.93502 22 772 8829 8745 1 0 0 1 
1.75472 -0.460238 5 0.0474353 0.2029 -0.466585 3.81073 22 773 17006 17002 1 0 0 2 
-4.156 -5 0.263123 0.239294 0.449464 -0.0116287 3.88796 22 774 27229 27228 1 0.0578318 0.0578318 3 
-5 0.283924 -3.62699 0.422266 0.500851 0.17032 3.76721 22 776 56959 55734 1 0 0 1 
-0.925725 1.59781 5 0.523138 0.345143 -0.327149 3.8646 22 778 25570 25543 1 0.025201 0.025201 2 
-5 0.829181 4.23166 2.30181 2.60687 -2.56736 3.98514 22 780 26657 26592 1 0 0 2 
-5 0.858083 2.99472 0.316839 0.215709 -0.103126 3.85984 22 781 1053 1002 1 0 0 1 
-4.39962 -1.84971 -5 0.111314 0.0449014 0.248327 3.74885 22 782 2732 1473 1 0.275407 0.275407 29 
2.34836 4.04456 -5 0.199303 -0.062528 0.213814 3.92581 22 783 8434 8431 1 0.146204 0.146204 26 
4.55864 -5 4.96527 0.24819 0.501172 -0.0669292 3.89211 22 787 43018 43017 1 0 0 1 
1.03864 -1.78495 5 0.0852086 0.389703 -0.309159 4.11223 22 788 1743 1696 1 0.106243 0.106243 3 
5 -1.81782 -3.50876 -0.0735107 0.164385 0.0835282 3.85767 22 789 11532 11531 1 0.0120469 0.0120469 2 
-4.37036 -5 0.676162 0.962051 1.26787 0.484163 3.76728 22 790 2391 2390 1 0.0707886 0.0707886 4 
-3.1902 -0.988194 5 -0.10403 0.241336 -0.260843 4.17498 22 791 12587 12586 1 0.751258 0.751258 20 
3.79858 -3.10525 -5 0.464958 0.332735 0.0548418 3.80912 22 794 11398 11074 1 0 0 1 
-5 2.07281 4.18662 0.193347 0.198465 -0.0898485 4.23824 22 795 11901 11777 1 0 0 1 
-5 -2.81928 3.94378 3.00035 4.08925 0.999557 3.79421 22 796 30179 30178 1 0 0 1 
1.79383 -5 4.52066 0.102687 0.280184 -0.286465 4.28826 22 797 3413 3409 1 0.0856079 0.0856079 3 
1.63377 3.00245 5 0.157849 0.134827 -0.201366 3.94681 22 798 49036 49034 1 0 0 1 
2.10427 -1.40925 5 0.303952 0.140947 -0.106093 3.89962 22 802 30123 30121 1 0 0 1 
-5 2.63179 3.87219 0.145486 0.304478 -0.255604 3.85567 22 808 38053 38052 1 0 0 2 
-1.60922 -3.34999 -5 0.444061 0.365834 0.873128 3.66828 22 809 52586 52563 1 0.682104 0.682104 2 
-0.0115453 -5 -1.34387 1.01382 1.34906 0.599953 3.74435 22 811 32070 32047 1 0 0 1 
-5 -2.38566 4.17162 1.97447 2.44528 1.50765 3.76815 22 812 7392 7312 1 0 0 2 
-5 -1.24232 3.34215 0.147355 0.0611039 -0.252018 3.94887 22 816 46449 46328 1 0.297696 0.297696 31 
3.51078 1.81687 -5 -0.211099 0.407881 0.450387 3.74335 22 818 17183 1 1 0 0 1 
1.93438 -0.810249 5 0.0431709 0.070777 -0.25809 3.94698 22 819 18501 17710 1 0 0 2 
3.9416 -2.06698 5 0.107419 0.0828829 -0.416208 4.31297 22 820 9592 9547 1 0 0 1 
-5 -2.49484 -2.57171 0.371989 -0.123133 -0.106397 3.73931 22 822 4797 4796 1 0 0 2 
-5 1.19955 1.82378 0.131719 0.265716 -0.310686 3.96194 22 824 20602 20530 1 0 0 1 
1.35366 -5 0.437553 0.180367 0.313116 0.158645 3.81276 22 825 50363 50362 1 0 0 1 
-4.34956 -5 0.403005 -0.46823 0.233867 -0.571624 4.02284 11 827 6185 6169 1 0.380399 0.380399 1 
-5 -3.84234 1.86032 0.584511 0.490119 0.236147 3.76168 22 828 29789 29774 1 0.156306 0.156306 2 
-5 -3.79665 0.364747 0.427655 0.192832 0.202599 3.73716 22 830 55653 55649 1 0 0 1 
-5 -3.13858 -1.39191 0.0797256 0.228675 -0.454283 4.39966 22 833 37444 37258 1 0.514558 0.514558 18 
-3.1696 -5 2.54296 0.30377 0.433702 0.119417 3.78275 22 836 9948 9816 1 0 0 2 
-5 -3.97566 -1.03332 0.377326 0.33936 -0.0598313 3.8554 22 837 23657 23656 1 0 0 1 
-5 2.88414 -2.67709 0.333707 -0.38159 -0.189094 3.89004 22 840 41492 41405 1 0.4152 0.4152 3 
-2.88569 -3.89082 5 1.5336 1.00178 -0.660526 3.9199 22 842 6501 6500 1 0 0 1 
-4.80741 -1.84126 -5 0.470501 0.43124 0.488964 3.70706 22 843 41758 26323 1 0 0 2 
-4.90654 -5 -3.44285 1.55289 3.70183 -1.34163 69.1703 2112 844 29364 29362 1 0 0 1 
-5 -0.835482 1.10183 0.289326 0.233549 -0.350522 4.08583 22 845 20883 20882 1 0 0 1 
-5 -1.73736 4.27178 0.038134 0.19393 -0.122644 3.95882 22 847 12010 11713 1 0 0 1 
-3.70028 0.521675 -5 0.359476 0.0884098 0.13157 3.76835 22 848 36622 36463 1 0 0 1 
2.54075 -3.70534 5 0.322126 0.171555 -0.357664 3.86279 22 850 33407 33380 1 0 0 1 
3.41074 4.78654 5 0.138583 -0.00609328 -0.155921 3.96503 22 851 24386 24385 1 0 0 1 
3.52386 -5 4.44644 0.117735 0.211978 0.0133524 3.87641 22 853 34381 34353 1 0 0 1 
3.75809 -5 -2.35204 0.753252 0.493978 0.543979 3.72352 22 855 27758 21521 1 0 0 1 
-5 -0.138232 -0.102846 7.17603 6.67816 2.98411 3.78992 22 857 19251 19250 1 0 0 3 
-1.79541 -0.653006 5 -0.0861568 0.00651236 -0.172287 4.2798 22 859 22733 22732 1 0.192447 0.192447 19 
0.644057 -5 -1.44075 0.444943 0.333306 0.510591 4.70105 22 861 24518 24435 1 0 0 1 
4.82453 -5 -1.3194 1.04786 1.20424 -0.772089 3.89596 22 862 17985 17964 1 0 0 3 
-1.79714 -5 1.35013 0.77483 0.761149 -1.20923 4.02076 22 863 17848 17847 1 0 0 2 
-5 -3.79204 -1.56721 0.400062 0.164962 -0.271769 3.81214 22 864 26842 26841 1 0.0927586 0.0927586 2 
5 -4.20392 -2.40286 -0.167321 0.079831 0.00718925 3.9533 22 865 35206 35189 1 0 0 1 
-2.14247 -5 -0.717218 0.324335 0.325801 -0.223115 3.98445 22 869 26440 26439 1 0 0 1 
1.67087 1.05679 5 0.168555 0.054393 -0.0999991 4.01836 22 871 38160 38094 1 0.173496 0.173496 12 
-1.05445 -5 2.9008 0.194384 0.0787169 -0.0821086 4.4558 22 872 3134 3132 1 0 0 3 
-5 3.59961 -0.961677 0.328858 0.496938 0.154732 3.77489 22 873 22363 22300 1 0 0 1 
3.15998 -5 -0.0804234 0.0722751 0.288421 -0.310521 4.50301 22 876 48750 48749 1 0.429492 0.429492 29 
-5 -1.64233 -2.59696 0.275844 0.14202 -0.0818567 4.02512 22 877 9316 9315 1 0.216658 0.216658 28 
1.41033 -5 2.22053 0.269965 0.0911685 -0.0345621 3.78509 22 878 1213 1 1 0 0 2 
-1.29068 -5 -2.27538 -0.121966 0.3936 -0.13528 4.13919 22 879 17669 17668 1 0 0 2 
0.64343 -3.39422 5 -0.000242085 0.0641391 -0.641511 3.87806 11 880 33501 33477 1 0.311662 0.311662 1 
2.905 -4.91851 -5 0.235953 0.00867579 0.186599 3.81778 22 882 42045 41972 1 0 0 1 
-2.60145 -5 3.21587 0.620761 0.865156 0.225088 3.76028 22 883 1949 1660 1 0 0 1 
-4.48544 -5 1.98484 0.178612 0.244695 -0.411512 4.05574 22 886 28270 28242 1 0.196254 0.196254 31 
-5 0.699557 -0.739726 0.190131 0.285687 -0.37862 4.07794 22 889 34180 34147 1 0 0 1 
-5 -4.36491 1.64462 0.41127 0.422604 0.54853 3.71441 22 890 51436 51392 1 0 0 1 
-5 2.17209 1.17694 3.2926 2.64364 0.809321 3.79558 22 894 1069 1 1 0 0 2 
2.42885 -5 1.95631 0.342951 0.214926 -0.311948 4.05975 22 897 6888 6887 1 0 0 1 
-5 -1.91964 4.93779 0.33616 0.244245 -0.0167847 3.8008 22 899 15927 15926 1 0 0 1 
2.38621 -5 0.109208 0.184783 0.239566 0.0408408 3.79873 22 900 11652 10720 1 0 0 1 
2.76381 -4.10567 -5 0.341694 -0.136751 0.299009 3.7446 22 902 39552 39551 1 0 0 1 
3.14442 -5 -0.348968 -0.0528612 0.244341 -0.245567 3.88789 22 903 8061 8060 1 0 0 1 
-5 -4.30053 0.90831 0.2356 0.163195 -0.11375 3.87125 22 906 14663 14370 1 0.307813 0.307813 39 
-2.2727 -5 -3.3875 0.401963 0.223711 -0.222484 3.99941 22 908 14145 14122 1 0 0 1 
-3.93699 3.47471 5 0.236207 0.309345 -0.331107 4.07987 22 909 21222 21221 1 0 0 1 
-5 -0.925184 2.01429 0.605769 0.00901715 0.133198 3.97357 22 911 40069 39992 1 0 0 1 
-5 1.96472 -4.29819 0.214324 0.35408 0.0605945 3.95138 22 913 6287 6286 1 0 0 1 
2.98811 0.0309681 5 0.272469 0.250675 -0.352197 4.12088 22 915 32253 32252 1 0.510526 0.510526 33 
3.48082 4.00341 5 0.495136 0.440946 -0.750609 4.28205 22 916 9708 9672 1 0 0 1 
-2.62154 -2.33826 5 0.197894 -0.0141565 -0.410643 4.33561 22 917 25541 25540 1 0 0 1 
-5 -1.20288 -0.068869 0.190593 0.0848574 -0.174745 3.96056 22 919 5145 5144 1 0.271768 0.271768 27 
-2.86691 -4.35764 5 0.0189973 0.333989 -0.135332 4.12737 22 920 29695 29633 1 0 0 1 
-1.34613 0.134675 5 -0.0206887 0.460744 -0.823595 4.07286 22 922 24716 24715 1 0.0281369 0.0281369 3 
-5 -1.9711 -3.5775 0.312297 -0.267876 -0.104449 3.98705 22 923 39017 39016 1 0 0 1 
-3.64001 -5 -2.67652 0.432367 0.330487 -0.266659 3.94984 22 924 18724 18723 1 0 0 1 
-1.79323 -5 4.4922 0.529873 0.374211 0.0113172 3.82188 22 928 26237 26107 1 0 0 1 
-1.766 -5 -4.63122 0.083348 0.227921 -0.402486 4.26022 22 932 16865 16864 1 0 0 1 
3.28884 -5 -4.8823 0.13118 0.0195781 -0.493486 4.01395 22 933 11589 11569 1 0 0 1 
-5 -4.78619 -4.56977 0.396107 0.257505 -0.194706 3.8078 22 935 9646 9645 1 0 0 3 
-4.11875 -5 -0.246167 0.168174 0.173889 0.113118 3.74733 22 938 23106 23065 1 0 0 2 
-5 -3.89343 0.301033 0.0893243 0.215995 -0.0272321 3.74121 22 939 55379 55378 1 0.234896 0.234896 29 
-2.6716 4.64012 5 0.360555 0.0394045 -0.359955 3.84314 22 940 17246 17245 1 0 0 2 
-1.27515 2.0962 5 0.0474983 -0.0653375 -0.188647 3.89457 22 941 45565 45562 1 0 0 1 
-5 1.86037 -0.546552 0.236513 0.363189 -0.270694 3.97208 22 944 31263 31262 1 0 0 2 
-5 -4.73389 -0.259607 0.174854 0.285773 -0.379666 4.03217 22 948 38585 38584 1 0 0 1 
2.9225 4.03219 5 0.276988 0.0192295 -0.26803 3.98506 22 951 2770 2769 1 0 0 1 
-5 -1.50457 0.769149 0.366571 0.521738 -0.23453 3.92332 22 957 7335 7334 1 0 0 1 
2.89222 -5 4.00496 1.14578 1.02895 0.155908 3.78183 22 961 28953 28918 1 0 0 1 
-4.01893 -5 2.5258 0.264107 0.191242 0.13881 4.74651 22 963 27022 27021 1 0 0 2 
2.15436 3.92031 -5 3.46292 3.58058 6.89332 3.68649 22 964 54210 54120 1 0 0 1 
-3.30822 3.15853 -5 -0.119891 -0.0802022 0.180626 3.73629 22 966 7790 7131 1 0 0 4 
-2.90251 1.96237 5 0.0779335 0.117229 -0.432015 4.2623 22 967 21851 21850 1 0 0 2 
-4.60075 1.71855 -5 1.29123 2.15412 1.95417 3.68472 22 969 42589 42473 1 0 0 1 
-5 -1.16514 1.54433 0.897958 0.709587 -0.213598 3.81542 22 970 51892 51849 1 0 0 1 
-5 0.278623 4.32688 0.17576 0.133499 -0.460876 4.11748 22 971 38940 38939 1 0.210832 0.210832 3 
-5 -4.68608 4.45473 0.403575 0.38262 0.0371427 3.77471 22 972 3800 2915 1 0 0 3 
0.176969 -5 4.38244 0.420605 0.259213 -0.13046 3.91074 22 974 39604 39603 1 0 0 1 
-5 2.08523 4.003 0.173788 0.214585 -0.0410168 3.85191 22 976 41535 41499 1 0 0 1 
2.18661 -5 -4.30925 3.06358 5.46268 -3.27066 3.89553 22 978 9191 9156 1 0 0 3 
-5 -0.280394 4.35832 0.271342 0.422894 0.0930263 3.78874 22 981 21467 21466 1 0.00677894 0.00677894 3 
-5 -1.06827 -2.43219 0.275736 0.217847 0.170461 3.74087 22 982 19502 17130 1 0.0333069 0.0333069 4 
3.63516 3.35298 5 0.207588 -0.0597607 -0.13698 4.04508 22 984 37872 37742 1 0 0 2 
2.48237 -5 4.18328 0.238788 0.44921 -0.0480678 3.9703 22 986 1149 1148 1 0.129609 0.129609 2 
-5 -2.28162 -1.25183 3.1291 2.60428 -1.32532 3.8179 22 988 42778 42733 1 0 0 1 
-3.41395 -4.74954 5 0.0846182 -0.0162789 -0.14832 3.87969 22 989 42316 41902 1 0 0 1 
-5 1.91556 -0.472352 0.236609 0.246523 -0.196238 4.17287 22 991 26745 26744 1 0 0 1 
-1.72345 -1.63827 5 0.306366 0.216348 -0.347064 4.00242 22 994 43474 43471 1 0 0 1 
-5 -3.19863 -4.5352 0.290888 0.305618 -0.384643 3.96956 22 996 1275 1257 1 0 0 1 
