# Det9_9_12
#x y z Px Py Pz t PDGid EventID TrackID ParentID Weight Edep VisibleEdep Ntracks
4.2506 -0.871659 -5 0.188258 -0.113779 0.154726 3.86742 22 1 8423 8347 1 0 0 1 
-5 0.194018 3.10455 0.19052 0.251796 0.00593952 3.89942 22 2 39300 38233 1 0 0 1 
-5 0.712065 -1.53098 0.269311 -0.249116 -0.355714 3.86746 22 4 46508 46507 1 0.137139 0.137139 2 
5 -4.58436 0.535419 -0.0400635 0.0997517 0.121034 4.16156 22 5 51202 51200 1 0 0 1 
-5 0.271502 -3.4017 0.386392 0.30305 -0.141356 3.89461 22 6 33766 33764 1 0 0 1 
-4.09454 -3.86607 -5 0.584366 0.358784 0.405218 3.79715 22 7 40871 37834 1 0.309317 0.309317 38 
1.37231 -5 -4.86214 0.356656 0.4288 0.306496 3.81143 22 8 4880 4818 1 0 0 3 
-2.95495 -5 0.482916 0.191972 0.367786 -0.24292 4.2783 22 9 22659 22622 1 0.1406 0.1406 16 
2.27141 -5 1.11209 -0.127488 0.168404 -0.061605 4.13888 22 10 16500 16472 1 0.219678 0.219678 21 
-3.15451 0.61892 5 0.568233 0.449828 -0.651128 4.03287 22 11 2447 2346 1 0.822626 0.822626 35 
-5 -3.3912 -1.66016 0.226929 0.0885096 -0.0232541 3.92833 22 12 9225 8849 1 0.444721 0.444721 25 
-1.98527 3.2448 -5 0.34351 0.468277 0.53102 3.78927 22 13 1247 1176 1 0 0 1 
-1.6959 -5 3.87117 0.145715 0.134958 -0.112475 4.02103 22 14 8433 8432 1 0 0 2 
2.67091 -5 -1.18376 1.68295 2.4427 -0.154651 3.96203 22 15 20742 20717 1 0 0 1 
0.724727 4.43311 -5 0.210535 0.392635 0.250265 3.86273 22 19 15808 15782 1 0 0 1 
4.0535 -3.06241 -5 0.328033 0.3112 0.108287 3.95057 22 22 2937 2936 1 0.266617 0.266617 23 
4.43725 3.75668 5 0.400762 0.298778 -0.106024 4.05536 22 24 20524 20523 1 0 0 3 
1.48549 0.7082 -5 0.196117 0.143885 0.34632 3.85948 22 25 39782 39592 1 0 0 1 
-5 -0.988224 -3.01946 0.435292 0.429551 0.733406 3.80444 22 28 4494 4388 1 0.599058 0.599058 5 
-5 1.53837 -3.39721 0.231771 0.381169 0.140997 3.85184 22 29 34011 33921 1 0 0 4 
3.90148 -3.81883 5 0.197809 -0.157463 -0.0700992 3.98906 22 30 7635 7532 1 0.0365138 0.0365138 3 
-2.48668 -5 -0.249016 0.158895 0.154345 -0.331204 4.2119 22 31 31218 31172 1 0 0 2 
1.16001 -0.953392 -5 -0.0103923 0.0158062 0.0277286 3.80092 22 34 9427 9417 1 0.040029 0.040029 11 
-5 -0.547687 -0.8218 0.236555 -0.0872002 0.0562936 4.01261 22 36 21177 21174 1 0.25799 0.25799 24 
-5 1.89892 1.59676 0.268743 0.299185 -0.315255 4.23467 22 38 45191 45190 1 0 0 1 
2.83631 -5 2.8803 0.21073 0.120878 0.229046 4.1052 22 39 8109 8108 1 0.203817 0.203817 24 
-5 4.73135 -0.41937 0.363923 0.780056 0.933104 3.80265 22 41 25676 25551 1 0 0 1 
-5 -3.90884 3.03029 0.208783 0.385067 0.263159 3.99016 22 42 17051 17010 1 0 0 1 
3.50278 -5 -3.56078 0.594853 0.97526 0.306918 3.95667 22 43 2634 2579 1 0.302156 0.302156 29 
1.3824 3.12144 5 0.0631215 0.0433678 -0.308218 4.01286 22 45 34455 34433 1 0.317263 0.317263 23 
0.0542615 -4.25437 -5 0.121949 -0.195629 0.456046 3.95759 22 47 17390 17388 1 0 0 1 
3.26449 3.22383 5 0.211384 0.229201 -0.0753279 3.91183 22 48 5511 1 1 0 0 2 
-4.25108 -5 0.713854 0.329718 0.360069 0.150851 3.85591 22 50 22657 22656 1 0 0 1 
-5 1.47941 2.62567 0.0844208 0.284482 -0.253897 4.25532 22 51 18732 18731 1 0 0 1 
-5 -2.81391 3.01956 2.12409 1.23744 2.91972 3.80154 22 52 12082 12054 1 0 0 1 
-5 -4.61392 1.29395 2.05364 1.91739 2.72169 3.81621 22 53 20376 20323 1 0 0 1 
-0.0411752 -5 1.79527 0.076333 0.194915 -0.0328851 3.88692 22 54 21228 21199 1 0 0 2 
0.756665 -5 -4.43936 0.395523 0.473549 1.01841 3.7695 22 55 14202 14154 1 0.184463 0.184463 4 
-4.45107 2.82953 5 0.120303 -0.106512 -0.193161 4.1667 22 56 3138 3137 1 0.0311105 0.0311105 3 
3.10734 -0.694771 -5 1.85814 1.70136 1.28107 3.80716 22 57 20939 20937 1 0 0 2 
-3.1263 -3.62668 -5 0.268447 0.266198 0.14588 3.88318 22 58 9184 9183 1 0.17205 0.17205 27 
-5 -0.126177 0.0681204 0.219703 -0.00972816 0.303392 3.80773 22 59 45766 45762 1 0 0 1 
-5 2.88242 0.733759 1.91343 1.69496 -0.402702 3.9385 22 60 1446 1427 1 0 0 2 
-5 -2.67288 3.60394 0.285803 0.197024 0.181949 3.91701 22 61 34684 34398 1 0 0 1 
-1.24955 -5 -1.1034 0.33468 0.352863 -0.156832 3.98435 22 65 25960 25959 1 0.154841 0.154841 3 
-5 1.02832 1.43224 0.253549 0.41995 0.14309 3.88658 22 66 42608 42607 1 0 0 2 
-5 -3.91773 2.87039 0.280873 0.345867 -0.250213 4.02577 22 68 11955 11954 1 0 0 2 
-0.655278 -5 -3.58647 0.328463 0.383795 -0.077025 3.98766 22 69 3256 3255 1 0.0306071 0.0306071 3 
-5 -0.547393 0.261494 0.486633 -0.0928041 -0.12528 4.02483 22 70 7750 7738 1 0 0 1 
-5 -2.3261 4.08721 4.0513 2.7652 2.82553 3.81415 22 71 22696 22617 1 0 0 1 
-5 2.38757 -0.144839 0.199857 0.175148 0.135385 4.02007 22 72 20069 19989 1 0 0 2 
4.07415 -5 0.38808 1.56425 1.27569 1.06614 3.93742 22 73 28620 28619 1 0 0 1 
-4.52154 0.0685366 5 1.03617 0.595718 -0.399994 3.94037 22 75 33274 33226 1 0 0 1 
1.06948 -3.04249 5 -0.146062 -0.0942813 -0.375966 4.13336 22 76 19947 19889 1 0 0 1 
-3.71583 -5 3.44408 0.296669 0.205357 0.190441 3.85161 22 77 52547 52546 1 0 0 2 
0.920703 -5 -4.81304 1.02078 1.45579 -1.55167 4.08729 22 80 17220 17219 1 0.234983 0.234983 6 
-5 -4.7818 2.93737 0.0740609 -0.183134 -0.0380549 4.04987 22 81 53388 53387 1 0 0 1 
-5 0.04065 3.61335 0.315714 0.393935 -0.0791213 3.96978 22 82 12017 11989 1 0 0 1 
-2.15394 -5 -2.82807 0.321836 0.169414 -0.049044 4.37067 22 85 8516 8515 1 0 0 7 
2.04444 -5 1.75783 0.305785 0.130501 0.298633 3.91494 22 86 26977 26973 1 0 0 1 
-5 -1.47828 -0.152655 0.651698 0.411336 0.650794 3.81187 22 87 33111 33016 1 0 0 2 
-3.33246 4.18316 5 -0.0851329 0.281284 -0.234142 4.06514 22 88 2285 2283 1 0 0 3 
-1.06848 -5 -2.36448 -0.00611858 0.344577 -0.0553439 3.78869 22 90 13993 10528 1 0.864753 0.864753 34 
-5 0.382281 -2.60039 0.285813 0.356816 0.228283 3.82038 22 94 3145 3120 1 0.0336302 0.0336302 3 
-3.24538 -5 -4.65015 0.2487 0.431985 0.112506 3.92024 22 96 2001 2000 1 0.510701 0.510701 24 
1.06308 -5 -2.99192 0.407368 0.282871 -0.123106 3.98509 22 98 18615 18590 1 0 0 5 
-5 0.491771 -0.035125 0.452312 1.90902 -0.833594 3.89233 22 105 34114 34045 1 0.321081 0.321081 32 
-5 0.698294 0.254576 0.38073 0.408412 -0.106842 3.97584 22 106 8384 8382 1 0 0 1 
-5 -4.38904 4.19635 0.431007 0.814532 -0.968015 4.23475 22 107 16766 16709 1 0 0 1 
0.303628 -5 0.978212 6.64394 4.93088 6.7396 3.82542 22 108 21972 21971 1 0 0 2 
-5 -3.38715 4.13273 0.709772 0.66753 -0.584654 3.98525 22 109 6541 6389 1 0 0 1 
0.637178 -5 -3.5368 1.22054 1.45991 1.36539 3.80233 22 110 5318 5290 1 0 0 2 
-3.29392 -4.50382 -5 1.02966 0.634876 1.55381 3.75888 22 113 1655 1 1 1.61265 1.61265 27 
-5 -3.32696 -3.34033 0.307066 -0.0948709 -0.0942964 3.94605 22 115 10618 10617 1 0.0972048 0.0972048 2 
-5 -2.07393 0.954999 0.245971 0.361465 -0.0980662 3.97939 22 120 15185 15181 1 0.510677 0.510677 24 
-5 1.61182 0.507182 0.311543 0.275325 0.0190563 4.05406 22 122 7226 7147 1 0 0 1 
-0.00171293 1.01057 -5 3.32455 5.89533 7.70651 3.78075 22 123 37379 37238 1 0 0 1 
-1.00498 -5 2.35261 0.462932 0.526798 0.0392827 3.88779 22 126 44404 44286 1 0 0 1 
2.84817 -5 1.79331 1.20237 0.194374 0.175208 3.90811 22 129 31848 31847 1 0 0 2 
2.13009 -5 -2.94825 0.260177 0.364843 0.245597 3.84951 22 131 26432 26431 1 0 0 1 
2.54247 -1.39637 5 0.239832 0.359543 -0.135231 3.94471 22 132 28660 28630 1 0 0 3 
1.39862 -5 -2.8022 0.371552 0.324018 0.261951 3.88228 22 133 31810 31809 1 0 0 2 
0.729169 -5 0.565339 0.33893 0.34384 0.167393 3.88719 22 137 6677 6662 1 0 0 2 
1.57966 -5 -4.32384 0.0810734 0.180364 -0.3699 4.0641 22 139 19568 19552 1 0 0 1 
-4.78974 -5 0.499518 0.376016 0.195117 -0.0450787 4.05493 22 140 3931 3916 1 0 0 2 
-5 4.99267 4.21136 0.214483 0.2645 0.0663878 3.91511 22 143 18881 18700 1 0 0 2 
-5 4.86258 2.44379 0.110005 -0.111027 -0.0764298 3.90493 22 144 6948 6885 1 0.0883491 0.0883491 8 
-5 2.94783 -4.88224 0.276434 0.346676 -0.254007 4.11492 22 147 20774 20747 1 0 0 2 
3.07547 -5 0.437802 0.360656 0.244962 0.266535 3.84518 22 149 8426 8401 1 0 0 1 
-3.02607 -5 0.908086 0.192199 0.317388 0.192426 3.84559 22 151 8209 8208 1 0.141378 0.141378 2 
0.186478 -5 -2.24021 0.0545405 0.402679 0.136136 3.88608 22 152 4362 3938 1 0 0 4 
2.64844 -5 3.31531 0.125027 0.162744 0.111609 3.87436 22 153 4290 3982 1 0.233295 0.233295 23 
-0.756205 -5 -0.0399177 0.491761 0.417679 0.334667 3.85302 22 155 24811 24691 1 0 0 2 
-1.11943 2.67092 5 0.148448 0.139135 -0.162036 4.06054 22 156 8800 8799 1 0 0 1 
-1.09623 -5 3.10744 0.418838 0.431314 0.105015 3.87692 22 157 2949 2715 1 0 0 1 
-1.59637 -5 1.95866 1.00594 0.68433 -0.878163 3.97733 22 158 13733 13712 1 0.407538 0.407538 29 
-3.65516 -5 1.63454 0.271544 0.341087 -0.266539 4.16731 22 159 8985 8959 1 0.116984 0.116984 5 
0.0427348 -2.90904 5 0.37243 0.464373 -0.253205 3.93236 22 161 8480 8452 1 0.51058 0.51058 29 
-1.82482 -5 4.02251 1.484 1.65002 0.348216 3.97414 22 162 28589 28588 1 1.33129 1.33129 23 
-4.06575 3.81388 5 0.0501572 0.191242 -0.0372886 3.99737 22 163 21364 21321 1 0.724408 0.724408 16 
-4.5008 -2.85025 -5 0.19007 0.49514 0.691768 3.78877 22 165 51284 40758 1 0 0 1 
-5 -4.49433 -2.07233 0.357031 0.401014 0.281292 3.85508 22 166 13377 13257 1 0 0 2 
-3.78186 0.530349 5 0.341304 0.459603 -0.434207 4.04554 22 167 40723 40592 1 0 0 1 
-5 -3.34803 2.11711 0.351957 0.370053 -0.0175163 3.93127 22 168 1944 1919 1 0.473524 0.473524 5 
-4.81318 0.319467 -5 0.293086 0.289444 0.356591 3.82032 22 171 58405 58266 1 0 0 1 
-5 -2.71613 2.46594 0.524224 0.187231 0.214866 3.87374 22 172 35295 34976 1 0 0 1 
-5 -1.36512 -4.19885 0.194593 -0.14852 0.176975 3.92737 22 173 1264 1263 1 0.821948 0.821948 24 
-5 -4.9676 -2.40011 0.351042 0.360258 -0.0900199 3.95801 22 177 8617 8594 1 0 0 1 
-5 -3.18272 -0.123743 0.713956 0.604061 -0.155926 3.92486 22 179 40170 40086 1 0 0 1 
-5 4.6734 3.72481 0.709344 1.08668 0.549946 3.87206 22 180 18838 18833 1 0 0 2 
5 -4.73461 -1.7379 -0.0984823 0.0904335 0.139755 4.12706 22 181 30785 30782 1 0.775764 0.775764 23 
-0.315009 -5 0.742126 0.0136353 0.261262 -0.256171 3.92188 22 182 18160 17630 1 0 0 3 
-1.61704 -5 -4.75295 -0.194513 0.471915 0.0240963 3.86579 22 183 13741 13739 1 0.0680207 0.0680207 4 
-5 3.75427 -3.03426 0.353094 0.228241 0.200407 3.83735 22 185 22258 22221 1 0 0 2 
-5 -2.83791 -0.512338 6.86734 3.15995 2.69821 3.84457 22 186 23495 23494 1 5.31029 5.31029 5 
1.59671 -5 2.119 0.142961 0.266111 -0.0594041 3.9495 22 188 8126 8125 1 0 0 2 
-5 -0.809679 -0.0370531 0.484495 0.940429 0.179661 3.91207 22 189 20947 20905 1 0 0 2 
-4.39953 -5 0.934169 4.07784 4.48132 -1.98868 4.00952 22 190 12463 12347 1 0 0 4 
-0.40327 5 1.43605 0.165417 -0.302581 -0.173035 4.17306 22 192 41434 41433 1 0.385001 0.385001 55 
-0.210403 -5 -2.06348 0.306534 0.808863 0.85318 3.78565 22 194 26457 26351 1 0 0 1 
1.25051 -5 4.11166 0.579564 0.556748 0.198546 3.84297 22 196 8773 8149 1 0 0 2 
-5 3.40946 -4.55325 0.931019 1.08579 0.00535789 3.91634 22 197 29406 29405 1 0.638771 0.638771 28 
3.41295 -4.39084 5 0.281261 0.258347 -0.737803 4.15043 22 198 5539 5535 1 0 0 2 
-2.8526 -2.4021 5 1.51366 1.25412 -1.97432 4.08095 22 199 27070 27023 1 0 0 1 
0.682758 -5 0.925639 0.490547 0.483832 -0.406347 4.09439 22 201 9342 9283 1 0 0 1 
-5 3.65266 3.48037 0.644305 1.35373 -0.399873 3.97452 22 205 41564 41384 1 0 0 1 
-4.25671 -3.53801 5 0.2891 0.279194 -0.315582 4.15707 22 206 6042 6014 1 0.510499 0.510499 29 
0.694472 -3.67574 -5 0.159564 0.472584 0.660547 3.82065 22 208 15204 15159 1 0.756061 0.756061 54 
-2.0609 2.34777 -5 0.25035 0.348935 0.252422 3.81781 22 210 22600 22504 1 0.230652 0.230652 16 
-5 4.24914 2.41276 0.261097 0.579819 0.360558 3.85784 22 215 5392 5391 1 0 0 1 
3.52819 -5 -2.52249 0.264869 0.117971 0.397114 3.81541 22 216 12463 12457 1 0 0 1 
-5 -0.401775 3.1947 0.487948 0.856403 0.476376 3.88659 22 218 8274 8273 1 0.478289 0.478289 11 
-5 -1.40989 2.47936 0.21259 -0.154363 -0.17759 4.1795 22 219 17230 17229 1 0 0 1 
0.604046 -5 -2.82814 0.283484 0.227198 0.353247 3.77933 22 221 29270 29193 1 0.271809 0.271809 5 
0.647955 -5 4.57233 0.123274 0.0892096 0.0612147 4.32805 22 223 1659 1 1 0 0 1 
3.36767 -5 2.46497 0.39592 0.322664 0.015996 3.98771 22 224 10348 10297 1 0 0 3 
1.41746 -4.31037 5 1.02384 1.20291 -1.21683 4.2291 22 225 4019 3999 1 0 0 2 
-4.93085 -5 -4.5675 0.376934 0.273472 0.162149 3.85748 22 228 10863 10862 1 0 0 1 
-0.899193 2.97445 5 8.33224 5.67055 -5.66128 3.98286 22 229 10506 10483 1 0.213906 0.213906 37 
-0.370814 -5 -3.24117 0.390551 0.257735 -0.205334 4.02694 22 232 34172 34171 1 0 0 1 
-0.497986 -5 4.0364 0.311576 0.330464 -0.234166 3.98534 22 233 3718 3695 1 2.06952 2.06952 29 
-5 2.46109 2.89383 0.156562 0.600549 0.131517 3.84727 22 234 1397 1 1 0.240591 0.240591 5 
4.28285 -5 -2.27593 -0.150819 0.116349 -0.0286594 4.13786 22 235 16059 16057 1 0 0 1 
-4.52566 -5 2.24559 0.807921 0.753975 0.430257 3.86255 22 237 27873 27854 1 0 0 1 
2.70986 -5 -4.20305 0.196699 0.317917 0.135887 3.94442 22 238 11643 11642 1 0 0 1 
0.0696287 2.15223 5 0.0902051 0.128312 -0.286993 4.05727 22 241 23108 22947 1 0 0 2 
-5 4.79629 -4.00778 8.73358 9.16118 5.38085 3.83791 22 242 16677 16512 1 0.166444 0.166444 4 
-5 1.6902 4.21895 0.329799 0.288218 -0.263216 4.07451 22 243 24632 24631 1 0.160325 0.160325 4 
-2.879 -5 -1.70791 0.161883 0.437483 0.187187 4.95663 22 244 18046 18044 1 0.502302 0.502302 22 
2.92928 -1.19098 5 0.338731 0.200109 -0.319514 4.27712 22 245 14405 14403 1 0 0 1 
1.92636 -5 -2.72478 0.296797 0.272621 -0.134871 3.92727 22 246 26527 26411 1 0.170079 0.170079 23 
-2.08217 -5 0.567829 0.298764 0.271554 -0.313239 4.0807 22 249 12459 12458 1 0 0 3 
1.84051 0.887008 -5 0.144717 0.258626 0.499628 3.79797 22 251 30085 27738 1 0 0 1 
-5 -2.75254 -1.58557 0.269541 0.409467 0.144237 3.90268 22 252 4364 4363 1 0 0 1 
-5 0.569719 -4.50765 0.163605 0.359829 -0.291396 4.1733 22 253 36955 36931 1 0 0 2 
5 1.76121 1.67318 -0.158092 -0.39991 0.276041 3.86492 22 256 31212 31210 1 0 0 2 
-5 0.0127001 -1.37626 0.115142 0.18886 -0.105304 3.92748 22 257 18671 18670 1 0.244433 0.244433 34 
-3.82335 -5 3.05478 1.82469 1.49295 0.533699 3.87544 22 261 19142 19118 1 0 0 3 
3.30874 2.19697 -5 0.409605 0.382082 0.181836 3.86318 22 262 40315 40000 1 0.257492 0.257492 20 
0.383704 4.31779 5 0.341264 0.197268 -0.0444753 3.88803 22 263 25766 25612 1 0 0 1 
-5 -3.75 -1.54105 0.498033 0.670562 0.389474 3.80205 22 264 1336 1224 1 0 0 2 
-0.770543 -5 1.27991 0.0132766 0.370987 -0.351158 3.91492 22 265 25112 25111 1 0 0 2 
-2.8302 -4.13556 -5 -0.0187862 -0.0838027 0.167572 3.95398 22 267 39932 39931 1 0 0 1 
-2.74548 -5 -4.65743 0.563654 0.280629 0.252677 3.82339 22 268 17848 17844 1 0 0 2 
-5 0.27385 2.4127 0.172308 -0.154857 0.149701 3.95746 22 270 16922 16921 1 0 0 2 
-5 -1.79056 -0.909602 0.392719 0.0423014 -0.324195 4.09597 22 273 12001 11980 1 0 0 1 
5 -4.05713 2.52608 -0.1164 -0.0212619 -0.156212 3.92866 22 274 20134 20045 1 0.195537 0.195537 27 
-5 -3.20054 0.993419 0.133437 -0.0360867 -0.25349 3.96067 22 276 9055 8883 1 0.288192 0.288192 32 
-3.60674 -2.5914 -5 0.281133 0.348779 0.24584 3.80721 22 277 4807 4806 1 0.270066 0.270066 5 
-3.30506 4.86767 5 0.541517 0.384525 -0.226044 3.99746 22 278 43231 43229 1 0 0 1 
3.2445 -0.728858 -5 0.66329 0.277838 1.34117 3.92558 22 279 34082 34011 1 0 0 2 
-0.639706 -5 3.01404 0.348291 0.308836 -0.0537328 3.96978 22 280 8655 8611 1 0 0 2 
3.4468 -3.02926 -5 2.3806 1.47395 1.24629 3.84314 22 281 4261 4245 1 0 0 1 
-5 -0.316375 2.71858 0.256903 0.296437 -0.0404235 3.93337 22 282 14907 14259 1 0.509435 0.509435 45 
-4.08788 2.74438 5 0.29266 0.371494 -0.193552 4.07574 22 285 3372 3349 1 0 0 1 
-1.18748 1.6877 5 0.375609 0.0460955 -0.0987282 3.96803 22 286 19132 18994 1 0 0 1 
-5 -1.82094 0.665887 0.343701 0.366102 -0.0946494 3.96069 22 287 19758 19756 1 0 0 1 
-5 -2.9953 -1.51308 0.676858 0.589619 -0.291275 4.03102 22 290 28554 28505 1 0 0 1 
3.2595 1.13926 -5 1.01539 0.794453 1.98942 3.80498 22 292 36304 36246 1 0 0 1 
-0.60299 -5 -2.50866 0.152915 0.147621 0.0379441 3.82025 22 293 17017 16912 1 0 0 2 
-4.08266 4.57126 -5 -0.263565 -0.00804242 0.321807 3.83368 22 294 35519 35396 1 0 0 2 
2.81681 -5 -0.884923 0.419412 0.275717 0.0958837 3.89719 22 295 6406 6378 1 0.28872 0.28872 4 
-0.830903 2.53031 5 -0.0909855 0.0631394 -0.300504 4.11489 22 296 57284 57283 1 0 0 2 
-2.17578 -5 4.45598 0.222045 0.296906 0.0199705 4.01467 22 297 11498 11497 1 0 0 2 
-5 -0.73781 -2.88927 0.778351 0.822106 0.990734 3.79545 22 298 9662 9406 1 0 0 1 
-1.92935 -5 4.66159 0.197393 0.396935 -0.254162 4.02273 22 299 15109 15087 1 0 0 1 
-5 -2.69388 3.9225 21.7792 23.1845 12.6869 11.0437 2112 300 35426 35387 1 0 0 1 
2.92436 2.45617 5 0.161075 0.170344 -0.407854 4.01045 22 304 55165 54584 1 0 0 1 
-5 1.84826 -2.93879 0.38134 0.47552 1.0996 3.76794 22 306 13283 13163 1 0 0 1 
4.33521 -0.981721 -5 0.346838 0.280323 0.249483 3.82831 22 307 26433 26432 1 0.408703 0.408703 22 
0.0217252 -5 4.42705 0.438609 0.410834 0.187778 3.89853 22 308 7743 7631 1 0 0 2 
5 -4.44314 2.81321 -0.130164 0.0666925 -0.204342 4.12351 22 309 3425 3424 1 0 0 1 
2.39789 -4.6916 5 0.176249 0.186347 -0.31387 4.16788 22 310 39036 39035 1 0 0 1 
3.70934 -4.68916 5 0.303384 0.281514 -0.580683 4.32091 22 312 6429 6399 1 0 0 2 
-5 3.08928 -1.26268 0.279458 0.224739 0.232503 3.83857 22 313 14492 14220 1 0 0 1 
1.64834 -5 1.9103 0.326758 0.747785 0.751287 3.89639 22 315 25715 25671 1 0 0 2 
4.23509 -4.90491 5 0.0993074 0.0452487 -0.372541 3.92686 22 316 18283 18223 1 0 0 1 
-4.33223 -5 0.199015 0.275167 0.20377 0.279307 3.80234 22 317 15307 15242 1 0 0 3 
1.22662 2.74374 5 0.254443 0.195725 -0.316461 4.05405 22 320 10385 10383 1 0 0 1 
3.06607 -5 1.60684 4.84979 5.89273 9.57633 3.80251 22 322 9569 9434 1 0.121013 0.121013 6 
-4.42829 -4.54929 -5 0.409585 0.327383 0.171405 3.85725 22 323 29553 29006 1 0 0 2 
-5 -3.66946 4.78924 0.487062 0.486728 -0.216564 3.99874 22 325 7793 7738 1 0 0 2 
3.7358 -5 -4.12555 3.13582 2.94564 5.88847 3.7728 22 328 25932 25881 1 4.43626 4.43626 49 
4.98322 -5 2.62074 0.451628 0.084177 -0.0387998 3.8648 22 330 40177 40176 1 0 0 2 
-5 -3.91975 0.547089 0.219799 0.13932 0.297965 3.88195 22 332 1421 1367 1 0.107075 0.107075 6 
-5 4.61392 -0.734471 0.231963 0.209136 0.0793492 3.96182 22 334 46307 46100 1 0 0 3 
-5 2.16748 -1.447 0.1489 0.481406 -0.0848372 3.83934 22 335 3164 3133 1 0 0 1 
-5 -1.87937 2.4837 0.41197 0.29445 0.114301 3.84934 22 336 13230 12819 1 0 0 4 
-2.91202 -5 -1.8755 1.08833 1.35553 1.66241 3.80602 22 337 32602 32599 1 0 0 1 
2.85245 -3.54447 -5 2.59023 0.92093 4.43314 3.78864 22 338 18347 18346 1 0 0 1 
-3.66436 -3.11392 5 0.146729 0.129475 -0.211659 4.23843 22 340 6221 6167 1 0 0 1 
1.03031 3.74654 -5 0.588419 0.746188 0.581306 3.83214 22 341 1085 1 1 0 0 1 
2.46468 -0.457272 -5 2.31993 2.59343 3.23113 3.79637 22 344 37680 37644 1 0 0 1 
-5 -2.95253 1.10861 0.222847 0.06707 -0.259704 3.96599 22 345 20775 20757 1 0 0 2 
-5 -4.07506 -1.39218 0.15669 0.232307 -0.0578392 4.22925 22 346 43112 43111 1 0 0 1 
-5 -1.89077 3.95077 0.627445 1.33804 0.747463 3.85738 22 348 4036 3965 1 0 0 2 
-5 2.63633 -0.684205 0.214991 0.427424 -0.143644 3.9706 22 349 7586 7585 1 0 0 2 
4.56611 0.661693 5 0.350825 0.0610089 -0.111446 4.1612 22 350 21062 20994 1 0.560161 0.560161 2 
-5 -3.42352 3.80867 0.484107 0.155443 0.411445 3.80731 22 351 37315 37169 1 0 0 1 
-5 -1.16868 -3.80496 0.270744 0.232887 -0.365487 4.45526 22 352 12931 12930 1 0.0323056 0.0323056 5 
-5 0.751286 -1.60161 0.250366 0.311378 0.060314 3.89826 22 353 23595 20420 1 0.403792 0.403792 18 
-0.8658 -5 -4.56832 1.20769 1.57771 1.88004 3.7959 22 354 13872 13658 1 0 0 2 
-0.263572 -4.97666 -5 0.975602 0.807531 2.31872 3.76482 22 355 24542 24340 1 0 0 1 
-4.12377 -3.95235 5 0.796533 1.29808 -0.250519 3.96045 22 357 14881 14793 1 0 0 1 
-5 -2.56838 -3.36519 0.256534 0.0180675 -0.257454 3.96272 22 359 25647 25557 1 0.0312508 0.0312508 3 
-5 -3.99432 4.49047 0.652139 0.337907 -0.198252 3.94299 22 361 8275 8274 1 0 0 1 
-1.18372 -5 2.18459 0.750427 0.60954 1.03045 3.81509 22 362 18315 18232 1 0 0 1 
-1.51052 -4.00016 -5 0.0551001 -0.049803 0.155139 4.08264 22 363 2374 2373 1 0.171671 0.171671 18 
-2.10978 -5 -1.49875 0.699377 0.700784 -0.243757 3.89102 22 364 10657 10580 1 0 0 2 
-5 -4.65814 -2.23251 0.0248975 0.0454106 0.152467 3.98559 22 366 19981 19965 1 0.160789 0.160789 18 
-5 -0.674354 -0.884697 0.227106 0.280706 -0.361589 4.09383 22 374 3847 3846 1 0.212037 0.212037 29 
-2.97287 -5 -2.17295 0.360848 0.324675 -0.159671 4.05668 22 375 3205 3204 1 0.0239723 0.0239723 3 
-3.45829 -5 4.57224 0.113251 0.302529 -0.371814 4.06392 22 376 23907 23906 1 0 0 1 
1.35965 -5 2.44149 0.331241 0.372068 0.140528 3.89126 22 378 17045 16931 1 0.517244 0.517244 25 
-5 -3.34771 -2.61595 0.407091 0.305287 0.0468648 3.91164 22 381 15134 15101 1 0 0 5 
-3.84926 -5 -0.910186 0.250086 0.22327 -0.385652 4.15159 22 383 23338 23337 1 0 0 1 
-5 2.51787 -0.914492 0.28927 -0.0760132 -0.116995 4.27311 22 384 11980 11971 1 0 0 3 
3.57135 -5 -2.09436 1.11368 0.687793 -0.965313 4.109 22 387 11614 11613 1 0 0 1 
-5 0.69485 -4.34592 0.133927 0.27012 -0.00561152 4.29393 22 388 32486 32450 1 0.30114 0.30114 23 
-5 -3.3078 -0.62958 1.1098 0.935498 -0.770847 3.92496 22 389 3653 3652 1 0 0 3 
2.73853 -5 -1.42656 0.601786 0.589573 -0.113517 3.92543 22 390 11945 11942 1 0 0 1 
-3.87032 0.00945941 5 0.14366 0.233886 -0.362558 4.31927 22 391 4242 4208 1 0 0 6 
0.570725 -5 -4.61138 0.324525 0.281649 -0.276546 4.08285 22 394 3119 3118 1 0 0 2 
-3.24783 0.57503 5 -0.0511389 0.0862537 -0.377869 3.9227 22 398 13901 13625 1 0.263216 0.263216 3 
3.10845 2.70889 -5 0.229762 0.241876 0.309878 3.80348 22 401 33838 26389 1 0 0 2 
3.80003 4.02071 -5 0.189718 0.142022 0.310388 3.8743 22 402 29806 29756 1 0 0 2 
-5 -1.53725 1.43853 0.326776 0.38126 -0.0947545 3.95526 22 403 27351 27325 1 0 0 3 
-5 -0.742668 1.95175 1.63362 2.3313 2.1702 3.82429 22 407 34793 34733 1 0 0 2 
1.35106 -5 0.383096 0.0916227 0.166322 -0.0800339 4.1025 22 410 11652 11603 1 0 0 3 
-1.05961 4.58667 5 0.266062 0.0848082 -0.185731 3.94272 22 411 45149 42803 1 0 0 1 
-0.00531786 -5 -0.106761 0.183823 0.475614 -0.00778056 3.9516 22 412 37422 37380 1 0.509588 0.509588 26 
-4.94783 -5 2.6434 0.368195 0.405669 0.169043 3.89863 22 414 4608 4606 1 0 0 2 
-2.10537 1.40271 5 -0.0531291 0.315609 -0.139688 3.93547 22 417 48632 48630 1 0 0 3 
-5 3.00299 3.21577 0.438537 0.0939835 -0.244892 3.98386 22 418 22031 22030 1 0 0 1 
-2.39418 4.02414 -5 1.15526 1.35865 0.813384 3.83211 22 421 42486 42318 1 0 0 1 
-4.09655 -5 2.15331 0.472571 0.403633 0.238594 3.82941 22 422 32112 32054 1 0.144059 0.144059 2 
-5 0.0920588 3.87282 0.290789 0.393387 0.00195992 3.91394 22 423 17724 17136 1 0.063347 0.063347 2 
0.00837006 -5 -4.6449 0.117119 0.304795 -0.259307 4.2557 22 424 17612 17582 1 0 0 2 
-3.89781 -5 3.61594 0.251552 0.255008 0.136393 3.95739 22 425 16662 16661 1 0 0 2 
0.947919 -5 -4.89126 0.271482 0.398219 0.16982 3.89685 22 426 5708 5707 1 0 0 2 
-4.30604 5 -1.79887 -0.0119327 -0.0268088 -0.00251534 4.01901 22 428 35550 35535 1 0.148897 0.148897 10 
2.11609 -5 1.00644 1.06156 1.55906 0.12327 3.89717 22 430 10479 10419 1 0 0 2 
-1.7752 2.18484 -5 13.3501 10.7403 19.5049 3.79674 22 433 19989 19845 1 0 0 1 
4.25604 -5 0.277677 0.402469 0.313643 -0.0276838 3.96308 22 436 29883 29882 1 0 0 2 
-1.06281 2.65904 5 0.20507 0.215362 -0.386236 4.37203 22 437 16912 16911 1 0 0 2 
-4.37576 1.73899 -5 0.330888 0.375151 0.661821 3.77466 22 438 31789 31665 1 0.00724496 0.00724496 4 
-3.91703 3.44877 -5 0.162547 0.281337 0.272786 3.80283 22 439 36591 36590 1 0.141616 0.141616 11 
-5 4.22584 2.69936 0.357375 0.401693 0.460218 3.84344 22 441 8118 8116 1 0.0150975 0.0150975 5 
-0.259514 -5 -1.82692 2.63734 2.87914 1.8162 3.83056 22 442 15863 15807 1 0 0 3 
2.93957 -5 -4.90492 0.703642 0.499829 -0.319704 4.05047 22 443 13570 13520 1 0 0 1 
-3.01567 1.0234 -5 -0.478713 -0.21336 0.225034 3.88473 22 445 9516 9483 1 0 0 1 
0.628953 -5 -2.15386 0.284332 0.344864 -0.247677 4.0112 22 446 26211 26210 1 0 0 2 
-2.89287 -5 1.41027 0.387919 0.29238 0.027934 3.98488 22 447 2349 2333 1 0 0 1 
2.51266 -5 0.163772 1.16992 1.54064 -1.12552 4.06313 22 450 30732 30697 1 0 0 1 
-5 -3.99342 2.08633 0.304403 0.349697 0.171481 3.86831 22 452 1585 1559 1 0 0 10 
-5 0.761894 0.992771 0.340291 0.177955 0.0356745 3.89683 22 454 7894 7893 1 2.33184 2.33184 20 
-0.844892 -5 -0.258636 0.295921 0.369303 -0.192784 4.15601 22 455 9824 9823 1 0.140535 0.140535 2 
-2.88156 -5 -0.754154 0.319664 0.33168 0.147669 3.81416 22 457 1453 1 1 0.180016 0.180016 3 
2.31408 -5 -2.14379 1.12362 1.28221 -0.94539 4.07719 22 458 3304 3303 1 0 0 3 
-1.45603 4.68992 -5 0.137598 0.0739866 0.224914 3.89593 22 459 13550 11087 1 0 0 4 
-2.13583 -5 -3.42136 0.192261 0.108307 -0.191228 4.19755 22 462 3581 3553 1 0.510641 0.510641 24 
-2.99902 -5 2.32301 0.229627 0.21948 0.0442737 3.86941 22 463 38233 37592 1 0 0 1 
-5 -4.79795 2.65495 0.35672 0.327809 -0.162517 3.9724 22 466 12450 12449 1 0.510674 0.510674 25 
-5 -1.87441 2.96203 4.3395 4.03707 0.618855 3.90915 22 467 43030 43002 1 0 0 1 
-4.8443 -1.40937 5 0.20651 0.16813 -0.232252 4.12837 22 470 8444 8414 1 0.188058 0.188058 23 
-5 -0.00380349 -2.6967 0.269529 0.248127 -0.264193 4.06591 22 471 48255 48254 1 0 0 1 
-5 -0.617701 0.576188 4.36958 3.89393 -4.30772 4.09826 22 472 4896 4842 1 0 0 3 
1.58928 -5 1.88037 0.447297 0.366564 0.356607 3.84017 22 473 4737 4709 1 0 0 1 
-1.15468 2.23177 5 2.281 0.758728 -1.66858 4.0226 22 475 36565 36563 1 0 0 1 
-5 -4.11902 3.19778 0.632981 0.859233 0.911794 3.82579 22 476 15051 15003 1 0 0 2 
-1.02805 -5 -1.4691 0.680496 0.742235 0.0584474 3.94772 22 479 56469 56338 1 0 0 1 
4.88531 -5 4.15069 0.214841 0.261869 -0.104038 4.1247 22 480 2784 2722 1 0 0 5 
-3.27915 -5 1.43935 2.75198 3.24486 -1.64618 4.01371 22 481 12604 12559 1 0.306734 0.306734 5 
-0.943954 -5 -1.00602 -0.0608004 0.278923 0.0740903 3.94213 22 483 15172 15113 1 0.0574937 0.0574937 3 
-4.5687 -4.27333 -5 0.509741 0.431812 0.331461 3.83438 22 485 22352 22011 1 0 0 2 
-5 -1.81674 2.39176 0.215839 0.251646 -0.117222 3.93412 22 486 12821 12579 1 0.351267 0.351267 22 
-5 -0.293862 3.54645 0.211004 0.114241 -0.154083 3.93358 22 487 50029 48334 1 0 0 1 
-5 1.33677 3.61498 1.40001 1.74783 0.0975257 3.91095 22 489 3574 3431 1 0.795872 0.795872 31 
1.828 -5 3.75287 0.244091 0.310478 -0.378225 4.07036 22 491 2025 1955 1 0.184996 0.184996 2 
-1.11744 1.20174 -5 -0.0579762 1.07858 0.858868 3.87917 22 492 4816 4815 1 0 0 1 
-3.38397 -3.6161 5 0.178728 0.564344 -0.779151 4.16103 22 496 7265 7208 1 0 0 1 
-4.93399 -5 -1.31655 0.384204 0.275698 0.193644 3.83637 22 497 2412 2386 1 0.684496 0.684496 31 
-1.18438 -5 -2.50449 0.541852 0.60431 0.823251 3.82433 22 498 25600 25599 1 0 0 2 
-5 -1.89773 0.574427 0.381574 0.251946 -0.228132 4.06172 22 500 14246 14229 1 0 0 1 
-0.429477 -0.162916 5 0.0591988 -0.0112682 -0.507433 3.96487 22 501 34293 34259 1 0 0 2 
-2.64738 0.714795 5 0.345108 -0.00769293 -0.204548 3.94898 22 502 3200 3069 1 0.400841 0.400841 27 
-2.52362 -5 2.41655 0.163151 0.273154 -0.107655 3.86924 22 503 5414 5381 1 0.0517326 0.0517326 2 
0.431494 -5 -3.1449 1.49464 1.29688 -0.72424 4.05764 22 504 4734 4733 1 0.29126 0.29126 27 
4.67572 -5 3.10238 3.98293 6.74682 -2.57906 3.87412 22 505 3176 3110 1 0.124613 0.124613 7 
2.74966 -5 -3.73752 -0.0300056 0.198359 -0.114686 4.09276 22 506 7740 7739 1 0 0 3 
-5 -3.99912 -2.73491 0.393799 0.673996 -0.0382426 3.95076 22 507 13472 13444 1 0 0 1 
-5 -4.32231 1.42382 0.18718 0.294799 0.127465 3.88951 22 508 16947 16929 1 0 0 2 
3.8927 -3.21842 5 0.239926 0.187911 -0.410176 4.26019 22 509 18915 18914 1 0 0 1 
-2.81326 -5 4.67191 0.0257078 0.509843 0.0227866 3.98647 22 512 44487 44486 1 0 0 1 
3.6476 -5 2.23382 0.438189 0.237797 -0.139677 3.99188 22 513 4173 3815 1 0 0 1 
-5 -4.39634 -4.17853 6.23257 5.06265 -3.99333 4.04369 22 514 1272 1230 1 0 0 1 
4.26745 -5 2.98985 -0.0139055 0.0997054 0.157996 3.96685 22 515 19112 19032 1 0 0 1 
-5 2.22595 -4.39491 0.415114 0.5732 0.210691 3.86427 22 516 20267 20245 1 0 0 2 
-0.189839 0.810401 -5 1.21746 1.65518 2.64948 3.77543 22 518 18287 18204 1 0 0 2 
-0.786792 -5 3.25767 4.69224 3.45205 1.15523 3.89649 22 522 52591 52387 1 0 0 1 
3.75848 -5 4.20143 0.990184 0.979407 -0.0682068 4.00644 22 523 17982 17981 1 0 0 2 
3.03832 -5 1.93971 4.94874 3.05593 0.583026 3.88688 22 524 17186 17105 1 0 0 3 
-3.22604 -5 2.74541 0.30974 0.371518 -0.0213869 3.86409 22 526 16565 16481 1 0 0 1 
1.33457 -5 0.761029 2.41447 1.70177 0.415005 3.8546 22 527 1350 1267 1 0.323292 0.323292 42 
-3.80125 -5 3.80512 -0.0305604 0.189625 -0.214027 3.8991 22 528 61006 60721 1 0.0655848 0.0655848 3 
-1.38756 -5 2.96829 0.333843 0.317084 0.0468655 3.85061 22 529 9541 9507 1 0 0 1 
-5 -3.24208 0.057664 0.238458 0.350273 -0.0228328 3.90158 22 530 17836 17406 1 0.102524 0.102524 3 
3.92983 -5 -3.98954 0.0853376 0.39005 -0.175809 4.07922 22 532 4778 4755 1 0.362913 0.362913 29 
-5 -0.566718 -1.66565 0.278504 0.305713 -0.147369 3.93659 22 533 38570 38561 1 0.00458264 0.00458264 3 
-5 -0.0958447 2.65153 0.206307 0.215681 -0.0870308 4.09002 22 534 2956 2954 1 0 0 3 
-5 -3.76045 4.52089 0.319111 0.187261 -0.108774 3.94746 22 535 8715 8677 1 0.149918 0.149918 20 
-5 2.98143 0.242434 2.03466 2.24244 -1.30602 4.03131 22 538 11564 11563 1 0 0 2 
2.57533 5 -2.34795 0.175947 -0.0928059 -0.159345 3.91721 22 540 18620 18581 1 0 0 1 
2.83211 0.965753 5 0.497242 0.424976 -0.329897 4.02641 22 541 32390 32387 1 0 0 1 
-2.67414 5 -4.92085 0.0824385 -0.0631059 -0.299575 4.08075 22 542 25071 24766 1 0 0 4 
-5 -0.679638 -4.34188 0.306789 0.111251 -0.150783 3.95923 22 543 43910 43907 1 0 0 1 
-5 1.91018 -4.53551 0.639011 1.01694 -0.237679 3.97088 22 544 25887 25805 1 0 0 1 
-3.2974 -4.52747 -5 0.353926 0.326208 0.406401 3.8045 22 545 19304 16282 1 0 0 1 
-5 -1.39066 2.9767 2.02942 1.7759 -0.259811 3.93154 22 546 1001 1 1 0 0 3 
-0.0246955 -5 -3.03206 0.957176 0.405473 -0.448187 4.02118 22 547 16399 16323 1 0 0 2 
-0.520428 -5 -3.07462 -0.0981523 0.230821 0.0431455 4.1552 22 548 25744 25743 1 0.028352 0.028352 2 
-5 -4.65987 -4.23913 1.26882 0.376592 0.816386 3.79357 22 549 26241 26174 1 0 0 4 
-5 3.62923 1.5171 0.435157 0.386528 0.454453 3.83294 22 552 25505 25504 1 0 0 1 
3.77606 -5 1.30724 0.195789 0.153297 -0.0728054 3.97573 22 553 6526 6429 1 0.402256 0.402256 7 
-1.27391 -5 4.6395 0.239762 0.20711 0.229918 3.84759 22 555 19416 19335 1 0 0 1 
-3.28717 -5 2.79309 0.150695 0.486928 -0.0362201 3.94368 22 559 15803 15802 1 0.325484 0.325484 2 
-1.70299 -5 4.1523 0.965403 1.08844 0.582344 3.8677 22 561 8895 8851 1 0 0 1 
-5 -2.84338 4.67616 0.581274 0.57565 0.530507 4.86864 22 562 13460 13454 1 0 0 1 
-0.423054 -5 4.52908 0.278861 0.28144 0.32272 3.87046 22 563 3049 3048 1 0 0 1 
-5 -3.6587 -4.11069 0.17733 0.291055 0.380737 3.80602 22 564 20857 20856 1 0 0 1 
-5 3.57263 -1.07337 0.309474 0.396573 -0.0898635 3.99797 22 565 16205 16187 1 0 0 1 
-0.651505 -1.976 5 0.49372 0.976311 -0.713668 4.06891 22 567 20749 20748 1 0 0 1 
-2.7532 -4.02916 -5 1.15697 1.61964 1.24457 3.8239 22 569 33563 33556 1 0 0 1 
-5 -3.82495 4.68845 0.457682 0.459362 0.105041 3.8199 22 570 33491 33224 1 0 0 2 
-5 3.5737 -4.59812 0.205196 0.331078 -0.12278 3.95978 22 571 21710 21709 1 0 0 1 
0.529641 -5 -2.19124 0.752772 0.314277 0.64161 3.83783 22 572 1001 1 1 0.715557 0.715557 9 
-5 4.87942 -3.21343 0.302577 0.345344 -0.0740801 3.98378 22 576 13454 13453 1 0.231854 0.231854 37 
3.01574 -5 0.379824 0.648619 0.312367 -0.121263 3.93204 22 577 8869 8807 1 0.312373 0.312373 43 
-0.484946 -0.892462 -5 1.74101 1.28574 1.63238 3.80926 22 578 6752 6584 1 0 0 2 
-5 -1.53474 -1.34101 0.238276 0.365159 -0.150897 4.01023 22 579 46615 46614 1 0 0 1 
-5 1.57015 2.11345 0.319728 0.056861 0.55278 3.8416 22 581 46304 46184 1 0 0 3 
1.9975 -2.79625 5 -0.0902426 0.228027 -0.225726 3.93598 22 582 1575 1490 1 0 0 1 
4.01838 -4.2428 5 0.204539 -0.039115 -0.0382155 3.8874 22 584 9312 9221 1 0.0495272 0.0495272 6 
-4.99489 -1.46771 5 0.217685 0.122408 -0.445813 4.36612 22 585 3683 3681 1 0 0 1 
-0.271871 4.57467 5 0.245851 0.21201 -0.259462 4.16418 22 587 18452 18451 1 0 0 2 
-5 -2.30554 0.557167 0.25413 0.284233 0.0426887 3.94642 22 588 33936 31548 1 0 0 1 
0.794924 -1.57594 -5 0.0403404 -0.572953 1.48844 3.82721 11 589 25101 25100 1 0.90169 0.90169 2 
4.66511 -5 3.76025 0.406994 0.329756 0.278869 3.8601 22 592 28853 28852 1 0 0 1 
1.33014 -5 -0.880554 0.536254 0.507091 -0.275305 3.9261 22 595 5367 5366 1 0.241069 0.241069 30 
-2.57943 -5 3.14712 -0.0398126 0.318971 -0.159994 4.13698 22 596 47650 47648 1 0.329271 0.329271 20 
3.10939 -5 -2.2588 6.18786 3.87133 1.72506 3.88102 22 597 45809 45686 1 0 0 1 
-4.63421 -5 -0.642114 0.240092 0.436033 -0.0627596 3.93205 22 598 18270 18269 1 0.30044 0.30044 30 
-3.28023 -5 1.49257 0.500356 0.448068 0.344698 3.82813 22 599 6156 4533 1 0 0 1 
-4.99759 -5 1.81039 0.333094 0.364442 -0.131722 3.9973 22 600 12945 12940 1 0 0 1 
-4.03236 -5 -4.9063 0.0854945 0.269711 -0.205686 3.8743 22 601 6800 6745 1 0 0 1 
-5 -0.844838 -2.14366 1.52296 1.16917 2.75372 3.7884 22 602 42071 42070 1 0 0 1 
-5 -1.52994 4.39567 0.140082 0.24336 0.317013 3.79964 22 603 27226 27175 1 0 0 1 
-4.34546 4.46846 -5 2.55204 3.03757 1.05392 3.8675 22 604 5312 5311 1 0 0 1 
-3.7061 -5 3.35482 0.250783 0.203504 0.0472508 3.87587 22 606 10537 10536 1 0.148263 0.148263 4 
-0.127907 -0.930353 -5 0.268727 0.263591 0.34558 3.79588 22 608 1744 1743 1 0.510687 0.510687 24 
-0.549962 -5 2.44259 0.404189 0.25931 -0.118971 4.02818 22 609 28586 28566 1 0 0 1 
-5 3.74187 0.598715 1.4914 1.66418 1.00131 3.85605 22 610 53055 53043 1 0 0 3 
2.93142 -3.68117 5 0.100323 0.32619 -0.380336 3.9213 22 611 45075 45074 1 0.510554 0.510554 29 
-5 -0.775805 3.14683 0.672885 1.14221 0.488232 3.85826 22 612 17626 17421 1 0 0 2 
-1.74247 -5 4.72965 0.52639 0.971805 0.674444 3.88514 22 613 10796 10771 1 0 0 2 
-5 3.24597 -1.55352 0.37042 0.0732036 0.133231 3.90961 22 614 43301 43260 1 0 0 1 
-4.71696 -5 2.09557 0.228355 0.391622 0.345598 3.82688 22 615 14959 14958 1 0 0 1 
-5 2.72701 -3.42145 0.414392 0.188719 -0.059071 3.96595 22 616 7608 7605 1 0 0 3 
-5 4.00565 -2.4229 0.325733 0.300041 -0.254938 4.03816 22 617 20712 20685 1 0.510632 0.510632 20 
-3.40209 -5 3.24915 0.376729 0.320222 0.12063 3.87953 22 618 20122 19935 1 0 0 2 
-5 4.76533 -3.32057 0.113273 0.344271 -0.314851 3.91555 22 620 4927 4877 1 0.486867 0.486867 27 
-5 -2.6794 3.09726 0.327362 0.265156 0.0911648 3.86315 22 621 22419 21104 1 0 0 1 
2.14176 3.55344 5 0.709946 0.494173 -0.798905 4.10063 22 622 25920 25875 1 0 0 2 
-4.59618 1.61432 -5 1.51201 0.926612 0.684585 3.80564 22 624 1326 1201 1 0 0 1 
4.09042 0.536838 -5 0.115606 -0.178498 0.122482 3.89351 22 625 7082 6950 1 0 0 4 
-5 0.0148235 4.31783 0.422963 0.502119 -0.592526 4.12006 22 626 3967 3966 1 0.290042 0.290042 17 
-0.456642 4.65481 -5 0.685531 0.943213 1.11291 3.78921 22 627 9622 9597 1 0 0 3 
-5 -3.69615 -3.84407 0.230459 0.239479 -0.0660931 4.1532 22 628 2358 2329 1 0 0 2 
-5 -3.54304 -4.85356 0.842512 0.380106 0.503362 3.79786 22 629 48116 48101 1 0 0 1 
-5 1.77224 -3.46846 0.488734 0.78262 -0.206335 3.95298 22 631 8579 8536 1 0 0 1 
-3.50057 4.43316 -5 0.098176 0.161448 0.123505 3.80464 22 633 8304 8161 1 0 0 3 
4.52801 -5 -2.26271 2.14214 1.372 -0.699241 3.94962 22 634 20527 20499 1 0 0 2 
-5 0.503649 -2.24217 0.108174 0.358479 0.094444 3.91253 22 635 14164 14163 1 0 0 1 
-5 -4.96116 -1.31633 0.14009 0.137897 -0.471677 4.1792 22 637 35921 35920 1 0 0 1 
-5 -1.12521 -3.71893 1.49943 1.49766 -0.788658 4.00246 22 640 49858 49850 1 0 0 1 
-5 4.88548 -0.320437 0.23676 0.414432 -0.128441 4.01325 22 641 39218 39217 1 0 0 1 
-2.41268 -5 2.63944 0.172474 0.334642 -0.0656803 3.8977 22 642 51671 51177 1 0.175786 0.175786 2 
-3.76767 -0.349974 -5 0.291326 0.67196 0.316554 3.81087 22 643 37016 36983 1 0 0 1 
-5 -4.52941 -3.90919 0.924927 1.15118 -0.228662 3.87863 22 645 6631 6630 1 0 0 2 
3.87631 -5 -3.1782 0.674144 0.644765 0.531155 3.83539 22 647 5646 5544 1 1.11439 1.11439 5 
-5 -3.00237 -4.31078 0.355242 0.0902891 0.0127112 3.92978 22 649 35614 35515 1 0.23904 0.23904 32 
0.905887 -2.31886 5 0.364053 0.236471 -0.181628 4.11545 22 650 14899 14898 1 0.288623 0.288623 5 
1.47084 -5 2.85773 0.451968 0.137198 -0.127256 3.92823 22 651 13820 13793 1 0 0 2 
-3.85198 -5 -0.56515 -0.0188699 0.301635 -0.157866 3.86936 22 653 2173 2172 1 0 0 2 
3.65579 -5 2.58127 0.331914 0.154562 -0.183264 3.93233 22 655 11896 11502 1 0 0 1 
-5 -4.61741 -3.56895 0.723289 0.593992 -0.459701 4.00829 22 656 9500 9499 1 0 0 2 
-0.483103 -5 0.32865 0.254275 0.352782 0.268345 3.83511 22 657 10241 10240 1 0 0 2 
-4.53688 0.411281 5 0.0393478 0.234053 -0.219938 4.20541 22 658 35824 35823 1 0.00780918 0.00780918 2 
-4.04174 2.87457 -5 -0.0624611 0.0177695 0.14582 3.90997 22 659 12239 12238 1 0.027243 0.027243 3 
-5 1.12246 3.73294 3.07681 3.29848 2.94076 3.84653 22 660 18038 17941 1 0 0 3 
3.70379 -5 -4.71755 15.0868 15.929 -6.78904 3.9894 22 661 3731 3691 1 0 0 1 
-4.12078 -5 -2.62565 7.30562 7.70788 8.92103 3.81005 22 662 17247 17187 1 0 0 1 
-5 -1.11055 3.08345 0.107904 0.380913 0.323082 3.93003 22 664 14238 14237 1 1.40176 1.40176 21 
1.97812 -5 -1.52146 0.242604 0.365475 -0.017692 3.9158 22 665 43055 42920 1 0 0 4 
-3.92534 -5 -0.852227 0.554941 0.561204 0.074239 3.85895 22 666 10047 9992 1 0.155902 0.155902 5 
-3.24804 -3.28784 5 0.0878555 0.454214 -0.488838 4.20039 22 667 8119 8118 1 0.374378 0.374378 3 
-5 0.90173 0.540717 1.76611 3.01167 1.74546 3.84888 22 668 40609 40546 1 0 0 1 
3.8804 -5 4.99265 0.491671 0.346002 0.228706 3.89285 22 671 42670 42642 1 0 0 1 
0.869491 0.476598 -5 0.0226271 0.0767447 0.283076 3.90672 22 673 26854 26248 1 0.293899 0.293899 19 
3.44483 1.18478 -5 1.59177 1.37701 1.35403 3.83906 22 675 33414 33376 1 0 0 1 
5 1.93822 -4.59047 -0.0820481 0.238362 0.125318 3.85381 22 676 27358 27355 1 0 0 1 
-4.57054 -1.75125 -5 0.468574 0.439457 0.293143 3.84569 22 677 48303 48229 1 0 0 1 
-2.83963 0.531943 5 0.23302 0.291958 -0.348686 4.18991 22 679 7270 7269 1 0.510025 0.510025 55 
-5 1.16938 0.749548 0.154482 0.218667 -0.251357 4.11125 22 683 15766 15716 1 0 0 1 
-4.47644 -2.11859 5 0.134168 0.256916 -0.116295 4.09399 22 685 9248 9081 1 0.360192 0.360192 20 
-3.97261 2.04357 -5 0.906627 1.13651 1.47975 3.78769 22 687 37263 37156 1 0 0 1 
-5 -3.28052 -2.65169 0.377611 0.357103 0.695384 3.77676 22 688 38855 38722 1 0.277824 0.277824 3 
-5 -1.4366 2.97142 0.196658 -0.0691994 0.139431 3.8891 22 689 23655 23654 1 0 0 1 
1.95196 -1.03624 -5 0.44235 0.501969 0.864319 3.77242 22 690 5264 5262 1 0 0 3 
-5 -2.80044 3.86418 0.61385 0.825905 -0.0528995 3.87263 22 691 11295 11240 1 0.144023 0.144023 2 
-5 2.72717 -3.27169 0.334071 0.236783 -0.305696 4.02116 22 692 9356 9355 1 0 0 1 
-5 4.55529 -0.801511 0.424667 0.612312 -0.770654 4.31413 22 695 16266 16223 1 0.231807 0.231807 3 
-5 -0.641068 -4.62233 0.242601 0.313264 -0.113079 4.01336 22 696 10300 10299 1 0 0 2 
-2.86137 -5 -4.66793 1.91516 2.10698 -1.79259 5.0159 22 699 27220 27098 1 0 0 2 
-5 0.386262 -2.10103 0.288699 0.420727 0.0275951 3.93794 22 700 27792 27791 1 0 0 1 
-5 -0.954706 -2.89238 0.272697 0.150789 -0.115672 3.89083 22 701 6138 6137 1 0 0 2 
-1.58047 0.80328 5 2.13621 0.571215 -2.73218 4.21396 22 702 24421 24420 1 0.0108384 0.0108384 5 
3.82628 -2.11089 5 -0.0693676 -0.107474 -0.180985 3.99242 22 703 1526 1473 1 0.0743129 0.0743129 2 
-5 3.707 -3.94324 1.19904 0.895182 0.918656 3.84259 22 704 24129 24027 1 0 0 2 
-2.8896 -5 -0.00879788 0.252032 0.290017 -0.336882 4.05158 22 705 28389 28388 1 0 0 1 
-5 2.16562 -0.951633 0.193566 0.179873 -0.187698 4.30987 22 707 16811 16810 1 0 0 1 
-1.8251 -5 3.09152 0.377675 0.269388 -0.21427 4.03024 22 708 15649 15647 1 0 0 2 
-5 3.45974 3.07832 0.254746 -0.021466 -0.0510158 3.99746 22 710 2218 1 1 0.419185 0.419185 25 
-3.84844 -5 -1.70478 0.320393 0.493436 -0.221329 3.89766 22 712 48288 48287 1 0 0 2 
-3.75928 3.892 5 0.659875 0.57127 -0.808859 5.2466 22 713 8308 8281 1 0 0 1 
-2.36358 -5 2.98804 0.586424 0.716888 0.468377 3.86881 22 714 48510 48509 1 0 0 1 
-1.31619 1.15667 -5 0.296447 0.336966 0.446984 3.79051 22 717 4365 4309 1 5.85108 5.85108 96 
-4.87429 -5 3.18877 0.750092 1.04273 0.478044 3.85873 22 719 33691 33690 1 0 0 1 
-5 -1.96664 1.94349 0.330755 0.38892 -0.0214992 3.96157 22 720 50178 50177 1 0 0 1 
-4.17696 4.53518 5 0.307557 0.454719 -0.24923 3.90997 22 721 37202 37148 1 0 0 1 
-2.94517 -5 -4.19809 0.677516 0.341387 0.489069 3.80564 22 722 43939 43865 1 0 0 2 
-5 -0.0520945 0.709861 0.257047 0.441374 -0.0153451 3.9313 22 724 2494 2493 1 0.311962 0.311962 17 
-5 -3.43212 3.27277 0.479325 0.245749 0.0988555 3.88024 22 725 8506 8505 1 0.181122 0.181122 3 
-5 -4.2208 -4.93115 0.84093 0.904795 -1.21048 4.03819 22 726 22254 22230 1 0 0 2 
-5 -4.38769 -0.838718 0.458551 0.200232 -0.103722 4.02341 22 727 33255 33254 1 0.239435 0.239435 30 
-5 -0.725594 0.483432 0.187475 0.529766 0.106946 3.98534 22 728 18683 18469 1 0.571677 0.571677 26 
-5 0.236258 -0.371755 0.0867547 0.226358 -0.147182 3.86267 22 729 42359 41276 1 0 0 1 
-0.622669 2.74478 -5 0.873821 0.536566 2.08434 3.80803 22 731 48345 48344 1 0 0 2 
0.872315 -5 -2.77465 0.243756 0.202169 0.10548 3.88035 22 732 21945 21655 1 0 0 1 
-0.191328 -1.91255 5 0.290717 0.237392 -0.166693 4.25916 22 735 7945 7910 1 0 0 1 
-1.83929 0.022101 5 0.279409 0.343531 -0.158929 4.05074 22 736 6686 6652 1 0 0 3 
-0.479719 -3.5591 5 0.493527 0.387084 -0.872942 4.27178 22 738 3277 3196 1 0 0 2 
-4.80716 -5 -1.27526 0.0842882 0.403489 -0.0440616 4.04025 22 740 7266 7263 1 0 0 2 
-4.36547 5 -3.10825 0.0702115 -0.107676 0.0327655 3.96641 22 741 15259 15056 1 0.318855 0.318855 15 
-5 1.34217 0.393885 0.834244 0.71047 -0.625085 4.02079 22 742 16037 15998 1 0 0 1 
4.26114 -3.35909 5 0.287088 0.274649 -0.321353 4.12297 22 743 1778 1777 1 0.510659 0.510659 25 
-0.711459 -5 0.386808 -0.113515 0.26303 -0.0582866 4.05711 22 745 21719 21692 1 0.291832 0.291832 31 
2.76901 -5 -4.92616 -0.419561 0.144779 -0.253233 3.89558 22 746 20042 20040 1 0 0 1 
-5 3.34367 0.744077 0.272786 -0.0943073 -0.0886024 4.0338 22 747 19961 19957 1 0.301888 0.301888 4 
-5 -2.43671 -4.70789 0.743508 0.740064 -0.257691 3.93426 22 748 21662 21565 1 0 0 1 
4.99201 -1.11277 -5 0.21584 0.202661 0.155191 3.93435 22 751 24747 24704 1 0 0 2 
-5 -1.2107 -2.9871 0.252368 0.259527 -0.36066 4.06584 22 752 12526 12525 1 0.197928 0.197928 5 
-3.97926 -2.4641 5 0.205838 0.270345 -0.0498349 4.03601 22 754 5145 5144 1 0.342897 0.342897 32 
-5 -4.92623 -4.2811 0.361969 0.0858846 -0.0380755 4.43707 22 755 49591 49559 1 0 0 1 
-0.390122 -5 -0.0222137 0.328629 0.214842 -0.327056 4.09643 22 758 57782 57753 1 0.252008 0.252008 2 
-5 1.01728 1.75023 0.161597 0.234503 0.288888 3.81495 22 760 1852 1363 1 0.295957 0.295957 21 
-2.47859 -5 2.79812 1.17333 1.22857 1.02863 3.83401 22 764 10985 10931 1 0.664332 0.664332 25 
-5 -1.0442 -2.54565 0.303008 0.0441536 -0.209689 3.96237 22 765 9271 9251 1 0 0 1 
2.02695 2.86637 5 0.276929 0.247342 -0.351073 4.17772 22 766 5758 5742 1 0.0987363 0.0987363 4 
-0.0736333 -5 2.54406 0.314912 0.250848 -0.314683 4.24913 22 767 1676 1675 1 0.481053 0.481053 12 
-1.73597 -4.39025 5 0.36825 0.411594 -0.280109 3.85946 22 769 44987 44923 1 0 0 1 
-1.94266 -5 1.64709 0.267315 0.315451 -0.22596 4.11467 22 771 12223 12222 1 0 0 2 
-5 -0.119453 -1.3451 0.250499 0.144923 -0.00795709 3.87575 22 773 25179 24326 1 0.328166 0.328166 18 
-4.83719 -5 -0.685137 0.435975 0.405993 0.304087 4.82664 22 774 22270 22239 1 0 0 1 
-5 2.55842 -0.519838 0.142706 0.3438 0.0251458 3.89023 22 775 28673 28488 1 0 0 1 
-5 0.460929 -2.64708 0.27611 0.295598 0.0233646 3.90877 22 776 36421 35264 1 0 0 1 
-5 2.12384 0.2395 0.238522 0.190663 0.587696 3.82257 22 777 50380 1 1 0 0 1 
-4.02501 -3.56419 -5 0.367183 0.299316 0.192663 3.87155 22 780 6815 6788 1 0 0 2 
-5 -0.154291 3.13865 0.436967 0.471713 -0.319906 4.05337 22 781 7896 7895 1 0.0500293 0.0500293 2 
-1.05685 -5 -4.3356 0.304505 0.0263931 -0.0929658 3.8341 22 782 51859 51716 1 0 0 2 
-5 -1.05172 -0.666382 3.29065 1.66515 2.81597 3.84549 22 783 7685 7684 1 2.82369 2.82369 23 
-4.03369 -5 1.24487 0.382813 0.549303 0.22256 3.83519 22 784 41300 39371 1 0.416224 0.416224 5 
-5 2.36529 -2.29548 0.519716 0.452681 -0.589442 4.2425 22 786 2237 2235 1 0 0 1 
-3.05943 -3.5949 5 0.160365 0.309602 -0.36191 4.28207 22 788 8469 8437 1 0.0842652 0.0842652 4 
-5 2.48331 -3.24972 0.175714 0.293128 -0.379895 4.19218 22 789 9548 9546 1 0 0 2 
4.20709 -3.14393 -5 6.28234 5.03355 8.51857 3.79039 22 790 29182 29181 1 0 0 3 
4.36101 -5 0.879703 0.282801 0.220856 -0.06939 3.99861 22 791 21997 21996 1 0 0 1 
-4.33528 -5 0.508136 1.05462 1.19621 0.792668 3.82739 22 793 4626 4625 1 0 0 1 
-3.56269 -4.41595 5 0.25144 0.241541 -0.373571 4.43334 22 795 9587 9585 1 0 0 4 
2.44196 -5 -4.94068 5.23578 7.0535 0.295731 3.89541 22 796 2793 2700 1 0 0 2 
-3.6569 -3.83729 5 -0.316518 0.112472 -0.38508 3.9113 22 797 7632 7631 1 0 0 2 
-2.61734 -5 -4.4594 0.194372 0.192517 -0.188883 4.04899 22 798 20308 20307 1 0.748014 0.748014 66 
1.20112 -0.845901 5 0.344549 0.412193 -0.422709 4.46748 22 799 7585 7584 1 0 0 3 
2.09431 -4.14023 -5 0.280775 0.432484 0.191737 3.864 22 800 23800 23738 1 0 0 2 
-5 -2.38491 -4.33318 0.220999 -0.0315857 -0.138474 4.04062 22 803 20567 20535 1 0 0 1 
-1.20726 -4.87889 -5 0.203608 0.17009 0.107489 3.82308 22 804 1955 1 1 0 0 2 
1.47312 -5 1.56444 0.257396 0.135647 -0.0281082 3.88951 22 805 13002 12969 1 0 0 1 
-5 3.55068 -1.62286 0.849289 0.552339 -0.327077 3.93494 22 807 3630 3527 1 0 0 3 
-3.6363 3.98189 5 0.151599 0.323234 -0.365592 4.12577 22 808 7184 7161 1 0 0 3 
-1.70516 -5 -0.384602 0.352457 0.523464 0.141644 4.87093 22 811 14633 14510 1 0.0232063 0.0232063 3 
-4.17151 -5 -3.88069 0.340465 0.239008 -0.12203 4.03164 22 813 2821 2717 1 0 0 2 
3.56437 1.29773 -5 4.28981 4.97291 4.36197 3.83647 22 815 42525 42511 1 0 0 1 
-5 -4.32082 -3.92557 0.648352 -0.0734171 -0.617237 4.29426 22 817 17604 17572 1 0 0 1 
2.03585 -5 0.14257 1.36711 1.53099 -0.0754476 3.92046 22 820 9451 9450 1 0 0 1 
2.60641 -5 3.43913 0.266791 0.228276 0.178298 3.859 22 821 38686 38685 1 0 0 1 
-4.4429 3.67119 5 0.309944 0.350225 -0.205905 3.95931 22 822 7900 7896 1 0 0 1 
-4.46423 -5 -2.8086 0.324622 0.485647 -0.208965 3.93471 22 823 24854 24850 1 0.406786 0.406786 2 
-5 -0.525641 2.64507 1.91167 1.22583 0.787503 3.86765 22 824 38944 38895 1 0 0 1 
-0.861313 0.875811 -5 0.722278 0.700971 0.181344 3.88342 22 825 29538 29416 1 0 0 1 
-2.97465 -1.15137 5 0.993555 0.862093 -0.942453 4.15736 22 828 13931 13853 1 0 0 1 
1.59619 -5 -2.44088 0.237213 0.241943 -0.168487 3.96056 22 830 43089 43067 1 0 0 1 
-5 3.46189 3.52967 0.30654 0.0978448 -0.0421002 3.92046 22 831 10585 10584 1 0 0 1 
-5 -0.367698 4.89476 0.148616 -0.0188894 -0.164202 3.80549 22 832 24906 24736 1 0.222031 0.222031 15 
0.762142 -5 0.703306 0.717956 0.965979 0.740607 3.83964 22 833 32725 32620 1 0 0 1 
1.01068 -0.684261 5 1.03792 0.827724 -0.516085 4.00661 22 835 19140 19029 1 0.665789 0.665789 32 
-2.97528 -5 2.4139 0.190483 0.384073 0.278072 3.84408 22 836 16311 16310 1 0.189943 0.189943 21 
-3.57532 -3.75506 5 0.6629 0.731737 -0.308995 4.01514 22 837 44102 44027 1 0.696521 0.696521 2 
0.927584 4.20771 -5 0.0664276 0.197463 0.197852 3.89489 22 838 1032 1 1 0 0 4 
-0.967532 -5 -2.76747 4.08309 3.47981 -3.77963 3.84284 -11 840 14873 14872 1 2.35211 2.35211 6 
-2.68662 -5 -1.27418 0.246433 0.391809 -0.21651 3.91355 22 842 5447 5446 1 0.241266 0.241266 15 
-5 -1.2276 -0.118145 0.286769 0.192281 -0.117912 3.92364 22 843 30110 30072 1 0 0 2 
-3.93861 -5 2.85008 0.824488 1.97469 -1.93656 4.06854 22 844 14682 14681 1 0 0 3 
3.99742 1.93535 -5 0.726536 -0.269037 1.6023 3.7737 22 845 18096 18064 1 2.5658 2.5658 46 
-2.61969 -5 1.81598 0.478529 0.254182 -0.169569 4.08606 22 847 30605 30604 1 0 0 1 
-3.10152 -5 -4.90122 0.418007 0.770116 0.498139 3.84737 22 848 22868 22782 1 0.0417995 0.0417995 4 
-0.146764 0.831853 5 0.370284 0.347426 -0.0574894 3.95864 22 850 39097 39096 1 0 0 1 
0.334888 -5 1.66011 0.381818 0.411378 0.17506 3.87436 22 852 10123 9908 1 0.192273 0.192273 3 
-2.39689 4.14328 -5 0.466254 0.630005 0.535496 3.8299 22 853 56304 56192 1 0 0 1 
-3.43707 -0.0405358 5 0.285573 0.263111 -0.332176 4.12203 22 855 8660 8629 1 0 0 4 
-3.487 5 -3.71135 -0.0997712 -0.113876 -0.177113 4.20016 22 856 2031 2030 1 0 0 1 
-1.21309 -5 0.323254 0.47905 0.265628 0.318671 3.91153 22 857 49480 49463 1 0 0 1 
3.93009 -5 -0.168949 0.31071 0.179361 0.36388 3.80766 22 858 24491 24490 1 0 0 1 
-5 4.83917 -1.00447 0.178818 0.195125 0.0646232 3.84384 22 859 5085 3541 1 0 0 3 
-5 -4.0883 2.08913 0.256955 0.147031 0.0154604 3.90825 22 860 22327 22163 1 0.0162106 0.0162106 4 
1.35484 -5 -0.927299 0.441761 0.246575 0.0718886 3.90548 22 861 24871 24839 1 0 0 1 
-1.92339 3.41138 -5 0.19617 0.139713 0.187157 3.7932 22 862 20889 20802 1 0 0 4 
-1.37139 2.36363 5 0.179798 0.224796 -0.416977 4.0559 22 863 19823 19795 1 0.506249 0.506249 28 
-3.04224 0.805404 5 0.534584 0.488966 -0.21045 3.98234 22 865 8409 8381 1 0 0 2 
-5 4.90533 4.37061 0.251549 0.277807 -0.30503 4.13543 22 866 25980 25960 1 0 0 3 
-0.119287 -0.930822 -5 -0.0126478 0.29586 0.397093 3.81299 22 867 40191 1 1 0 0 1 
0.897191 3.92814 -5 0.518644 0.175034 0.350181 3.95536 22 868 12031 11986 1 0.0139864 0.0139864 4 
-5 -4.29306 -2.19181 0.346463 0.384307 0.107798 3.8656 22 870 41512 41375 1 0.176227 0.176227 2 
-4.36742 -1.94921 5 0.361164 0.279149 -0.229688 4.0125 22 871 37086 37085 1 0 0 2 
3.34484 -2.26755 5 0.0133667 0.00543296 -0.0256757 4.0655 22 874 10283 10266 1 0.134189 0.134189 16 
-3.97478 -4.25569 -5 2.5483 2.258 1.84008 3.82813 22 875 28816 28815 1 1.47065 1.47065 3 
4.5682 -5 -2.13966 0.279846 0.110879 0.102958 3.9026 22 876 2100 2077 1 0 0 3 
-4.7854 -5 -0.370121 0.264166 0.55034 0.0801865 3.85419 22 878 13906 13905 1 0 0 3 
-2.55215 -5 1.72367 0.105499 0.249601 -0.198565 3.89986 22 879 62020 62019 1 0.33575 0.33575 15 
2.74003 -5 -0.987836 1.02465 0.603754 0.274245 3.87838 22 880 7788 7601 1 0 0 3 
-5 -4.40294 -2.69083 0.259748 0.229367 0.375555 3.82565 22 881 42882 42853 1 0 0 1 
4.02458 -5 -0.777847 0.285423 0.22749 -0.115231 3.97288 22 882 20427 18549 1 0 0 1 
-5 -0.11898 -3.61361 0.245575 0.30063 -0.332317 4.10817 22 884 8376 8334 1 0.0480946 0.0480946 3 
-5 -2.82095 4.81455 0.263789 0.422933 0.260414 3.81361 22 886 20222 20164 1 0 0 3 
-5 4.00756 1.24303 0.661489 0.733693 1.25795 3.81368 22 891 15089 15088 1 0 0 2 
-4.91836 -5 3.23489 0.414934 0.163533 -0.249413 3.9609 22 892 1442 1430 1 0 0 2 
4.97237 4.52903 5 0.256618 0.211556 -0.0732369 3.9785 22 893 12948 12293 1 0 0 2 
-5 -1.44185 -1.77634 0.231925 0.280349 0.443412 3.79304 22 895 49161 49132 1 0 0 1 
-5 -1.60935 1.28459 0.456753 0.373875 0.243062 3.92416 22 897 17079 16930 1 0 0 1 
4.05239 0.80502 5 0.204344 0.175351 -0.55061 5.20978 22 898 24345 24192 1 0 0 1 
-5 -1.36148 -3.3042 0.163596 0.56745 -0.365442 3.83023 22 899 55279 55182 1 0.946252 0.946252 3 
-5 -1.84088 2.1069 0.44922 0.242145 0.0262187 3.87493 22 902 52553 52550 1 0 0 1 
4.33519 -1.61412 5 0.297596 0.317105 -0.268329 4.12492 22 903 12873 12872 1 0 0 3 
-1.2075 -1.37405 -5 12.1723 12.3065 7.50091 19.0597 2112 907 23672 23670 1 0 0 3 
-5 -2.47592 3.64732 1.07518 0.673752 0.690247 3.83186 22 908 19897 19756 1 0.89014 0.89014 3 
1.20988 -5 -4.82569 0.5381 0.46496 0.720436 3.80209 22 909 35757 35646 1 0 0 1 
-5 -4.43757 4.42285 0.357924 0.27743 0.0939008 3.90124 22 910 22715 22714 1 0 0 1 
-1.70633 -5 1.34062 0.353954 0.307679 0.0868243 3.90332 22 912 10083 10082 1 0.593529 0.593529 31 
-2.17331 -5 1.00709 0.139248 0.302641 0.0623771 3.87833 22 913 7243 7182 1 0 0 1 
-5 -3.9944 -3.95957 0.397494 -0.180504 0.0231676 4.0652 11 915 11268 11267 1 0.19488 0.19488 14 
5 -0.26629 -3.3504 -0.0213176 0.267722 -0.0360816 4.26351 22 916 27446 27445 1 0.270518 0.270518 29 
-5 4.7147 2.58328 0.440804 0.257313 0.0245233 3.91426 22 917 15862 15861 1 0 0 2 
-0.668247 -0.858225 5 0.251871 0.325441 -0.302934 4.18186 22 918 20429 20401 1 0 0 2 
-5 1.27797 2.13701 0.385872 0.334334 -0.02106 3.95002 22 919 41463 41462 1 0 0 2 
1.27978 -5 -2.81239 0.00714615 0.41496 0.298122 3.87712 22 921 15885 15882 1 0.113467 0.113467 2 
-5 -1.81921 0.327466 0.139528 0.241584 0.040479 3.92131 22 923 31851 31823 1 0.281623 0.281623 21 
-2.20447 -3.99153 5 1.13352 0.0118502 -0.768574 4.18774 22 924 13667 13666 1 0.452773 0.452773 3 
1.43506 -0.681707 5 0.385374 0.222041 -0.251603 4.24405 22 925 21242 21241 1 0 0 4 
3.86527 1.96728 5 -0.075951 -0.0218383 -0.37679 4.05465 22 926 42427 42361 1 0.143509 0.143509 2 
-5 0.401662 -2.62053 0.654575 0.498387 0.224819 3.82927 22 927 36516 36465 1 0 0 1 
-3.96933 -5 -3.13843 0.467576 0.444831 -0.0362723 3.88808 22 928 6339 6083 1 0 0 1 
-5 -0.334096 -3.06022 0.181928 0.10916 -0.247942 4.01367 22 932 40365 40363 1 0.134036 0.134036 2 
-2.32996 -5 3.04197 0.516399 0.387097 0.0173592 3.92993 22 933 2272 2270 1 0.645092 0.645092 31 
2.03474 -5 1.32986 0.213316 0.337397 -0.119014 3.93532 22 934 14924 14799 1 0 0 3 
-3.43846 -2.01648 -5 0.975928 0.848334 1.06152 3.78241 22 935 35379 35287 1 0.135511 0.135511 3 
-5 3.97254 0.714506 0.27036 0.0625901 0.141905 3.91626 22 937 26980 26959 1 0 0 1 
3.74021 2.60152 -5 0.221524 0.158495 0.0905946 3.84441 22 938 16123 15479 1 0 0 1 
-2.8142 -5 -3.54977 0.35448 0.448713 0.162946 3.8138 22 939 11082 10954 1 0 0 4 
4.32799 -5 4.74491 0.55826 0.340598 0.190106 3.8786 22 940 23303 22765 1 0 0 1 
-4.81213 -5 4.5678 0.292187 0.303741 0.248043 3.87596 22 941 5314 5311 1 0 0 1 
-3.73059 -5 -1.42217 1.00215 1.80617 0.521567 3.89118 22 942 6215 6191 1 0.915735 0.915735 4 
-5 0.844671 1.94234 0.273491 0.31493 0.219761 3.85057 22 944 14994 14950 1 0.023817 0.023817 3 
-1.69353 -5 -0.0191221 0.327247 0.271431 -0.283469 4.10195 22 945 7663 7662 1 0 0 1 
-5 -3.01687 -2.2501 0.0527088 0.18408 0.307045 3.81142 22 946 16373 16333 1 0.181741 0.181741 2 
-2.89652 5 1.58546 0.115425 -0.161054 0.0644672 3.94984 22 948 35301 35260 1 0 0 2 
-3.32601 -5 -4.79029 0.295385 0.342732 -0.237492 3.96959 22 949 23185 23184 1 0 0 1 
-3.8152 4.81652 5 0.259982 0.298037 -0.240794 4.05649 22 950 21188 21167 1 0 0 1 
-5 -3.40344 -4.96106 0.318517 0.394149 -0.0656756 3.94086 22 951 26324 26323 1 0 0 1 
4.45931 -5 0.297454 0.400329 0.339778 0.464357 3.81516 22 952 23703 20618 1 0 0 2 
-5 3.27108 -1.82975 0.59351 0.720849 0.808219 3.81664 22 953 23679 20295 1 0 0 2 
-5 0.165165 3.02715 0.280913 0.303887 0.702493 3.79267 22 957 35384 35252 1 0 0 2 
-0.118115 -5 -2.40701 0.574235 0.694495 0.85184 3.77257 22 958 13471 13303 1 0 0 2 
-1.38424 -5 -4.40592 0.0225171 0.287886 0.122839 4.00266 22 959 34950 34924 1 0 0 1 
-3.4853 -5 -0.713126 0.447294 0.430168 0.610555 3.79803 22 960 19292 19148 1 0 0 1 
1.1646 -5 -0.0771693 0.28073 0.360271 0.293987 3.80059 22 961 19968 19906 1 0.0154138 0.0154138 6 
-0.929585 -3.7396 -5 0.143234 0.137938 0.222695 3.8308 22 962 2444 2381 1 0 0 2 
-5 -3.84211 -1.60267 0.32009 0.00863365 -0.391357 4.33916 22 963 30736 30623 1 0 0 2 
5 -2.63916 -4.59409 -0.276927 0.0536321 -0.0771922 4.09411 22 964 35139 35138 1 0 0 2 
-5 -1.00918 1.68238 0.30636 0.178634 -0.267616 4.0697 22 965 9055 8959 1 0 0 1 
4.74117 2.88665 -5 1.10892 1.41145 1.99592 3.78468 22 966 6797 6537 1 0 0 2 
0.488642 -5 3.21443 0.243513 0.373205 -0.158746 4.01701 22 969 11283 11282 1 0 0 4 
-5 4.75704 0.889925 4.12523 3.97863 3.31056 3.8487 22 970 51894 51849 1 0 0 2 
3.26875 4.41043 -5 10.084 10.8737 11.1922 3.81488 22 971 39583 39352 1 0 0 1 
-5 -3.10299 -4.87887 0.67933 0.659989 0.794372 3.78585 22 972 12157 1 1 0 0 2 
-5 -2.89056 -4.63631 0.189825 0.450808 0.147847 3.86585 22 973 42551 42550 1 0 0 1 
-3.53865 2.39987 5 0.274344 0.355705 -0.14054 4.09249 22 974 34789 34788 1 0 0 1 
-5 4.57993 -3.77541 2.71414 3.01683 1.44158 3.84602 22 975 38679 38547 1 0 0 2 
-5 1.12238 -1.76787 0.603113 0.283424 -0.20391 3.97113 22 976 7868 7867 1 0 0 3 
-5 3.09994 2.52117 0.416372 0.646999 0.56139 3.83872 22 978 5628 1 1 0 0 5 
-3.82412 -1.68142 5 0.41312 0.498196 -0.358929 4.09054 22 979 23208 23205 1 0 0 1 
-5 -2.07471 -4.89014 0.461997 -0.0258942 0.169767 3.84497 22 980 4143 4142 1 0 0 3 
-1.79815 -5 -3.52291 0.259188 0.323698 0.285535 3.8241 22 981 6998 6984 1 0.314643 0.314643 29 
-0.625087 -5 2.60032 -0.0414124 0.359045 0.0353412 4.3582 22 983 1069 1067 1 0 0 2 
3.08422 -5 0.714545 0.297879 0.395424 0.126602 3.94134 22 984 14836 14835 1 0 0 1 
-1.56371 -5 0.0977844 0.281332 0.407664 -0.125628 3.91409 22 985 29175 29172 1 0.0538276 0.0538276 5 
-0.293936 -5 -1.69593 0.36499 1.6821 -0.953328 4.2483 22 988 28016 27970 1 0 0 2 
-5 -3.67899 -1.46744 0.361957 0.358815 -0.0368577 3.89297 22 989 48495 48493 1 0 0 1 
1.89068 5 -4.26802 0.161901 -0.222883 -0.150192 3.97015 22 990 27141 27106 1 0 0 1 
2.66674 -5 0.857308 0.345131 0.215557 -0.309095 4.18422 22 992 25232 25231 1 0.317766 0.317766 3 
-3.94504 -5 0.462511 0.142575 0.325236 -0.282784 4.01009 22 993 6500 6473 1 0.2619 0.2619 17 
1.41232 -5 2.20042 0.277182 0.227808 -0.363859 4.15687 22 997 11918 11898 1 0.119875 0.119875 26 
-5 -2.49935 3.82894 0.318783 0.111991 -0.208192 4.06317 22 998 40421 40420 1 0 0 1 
-5 1.08063 -3.41599 0.294881 0.270988 -0.278406 4.1056 22 999 2931 2930 1 0.263211 0.263211 25 
1.61884 -2.2185 -5 0.00952394 0.0253944 0.181882 3.88674 22 1000 10135 9611 1 0.38611 0.38611 55 
